38.1901 0.72114 0.72114 38.3509
50.4252 0.278666 0.278666 48.9143
82.6573 0.750842 0.750842 82.3757
96.0969 0.0246716 0.0246716 93.2934
71.883 1.12989 1.12989 68.8036
45.4224 0.172767 0.172767 47.7477
17.1144 -0.0019484 -0.0019484 17.1893
32.537 0.0678461 0.0678461 33.5578
35.1742 0.458704 0.458704 35.3561
58.3025 1.4563 1.4563 60.8506
19.2563 0.388207 0.388207 19.4011
19.3622 -0.265995 -0.265995 19.6585
28.4122 1.45345 1.45345 26.9076
48.4774 0.933217 0.933217 46.9712
46.5289 -0.601684 -0.601684 46.1523
47.3815 -0.486722 -0.486722 46.7553
85.6021 -5.39767 -5.39767 69.9113
86.3894 2.3989 2.3989 77.9139
45.6186 0.358145 0.358145 48.0903
22.9584 0.270181 0.270181 22.7469
9.55872 0.0127598 0.0127598 9.62187
10.0525 -0.0438903 -0.0438903 9.89494
9.05192 -0.00506744 -0.00506744 9.03671
23.6081 0.344498 0.344498 25.5753
49.5441 0.33025 0.33025 49.8951
59.7911 0.466655 0.466655 61.6831
140.353 4.22694 4.22694 133.72
74.4192 -9.21129 -9.21129 75.3738
28.5299 0.0918471 0.0918471 27.9994
26.3216 -0.114411 -0.114411 26.4281
10.8035 0.0697129 0.0697129 11.0341
6.65519 0.0904888 0.0904888 6.61577
11.1407 -0.0377218 -0.0377218 12.2649
39.4068 -0.0971689 -0.0971689 41.6965
109.262 0.268795 0.268795 108.247
110.668 3.01001 3.01001 111.615
47.4436 0.178976 0.178976 47.4125
52.9437 0.733432 0.733432 52.1948
32.9177 -0.196896 -0.196896 32.8148
20.9468 -0.185436 -0.185436 20.8161
10.2964 0.00910703 0.00910703 10.4653
20.2161 0.109321 0.109321 19.6409
28.3817 -0.85186 -0.85186 28.6832
41.2779 -0.0291485 -0.0291485 41.05
83.3113 -0.361934 -0.361934 84.5112
130.929 -0.72932 -0.72932 127.897
61.2641 -0.121575 -0.121575 61.2661
65.1485 -0.393791 -0.393791 66.7969
46.0891 0.246036 0.246036 44.0209
16.1748 0.673533 0.673533 17.0998
38.6897 0.901741 0.901741 34.8947
45.791 0.51067 0.51067 45.0872
27.2675 0.0998636 0.0998636 28.2698
70.0666 -0.368152 -0.368152 70.3783
94.989 0.225396 0.225396 97.0949
37.4427 -0.299548 -0.299548 37.0864
37.2815 0.713322 0.713322 36.3813
39.5486 -0.436577 -0.436577 39.6729
41.7068 0.32527 0.32527 41.2438
20.3681 -0.396905 -0.396905 21.0175
59.4464 -0.646705 -0.646705 59.7188
34.8091 -0.947687 -0.947687 32.8748
17.8948 -0.169553 -0.169553 17.286
32.4458 1.55386 1.55386 32.259
69.7922 -0.863835 -0.863835 69.4014
34.0222 -0.0151817 -0.0151817 33.9883
36.1122 -0.183892 -0.183892 35.7091
43.216 -0.19262 -0.19262 43.44
27.8823 -0.474464 -0.474464 27.3464
15.4622 -0.0166143 -0.0166143 15.5105
35.5019 -0.672226 -0.672226 33.8217
14.9336 -0.261718 -0.261718 14.9752
16.092 -0.0874892 -0.0874892 16.2361
27.9877 0.0627081 0.0627081 27.0237
36.4108 0.390824 0.390824 35.0188
48.6739 0.77372 0.77372 47.8975
50.9217 -0.969257 -0.969257 50.958
30.6503 -0.293418 -0.293418 30.321
19.2148 0.0974426 0.0974426 19.2616
14.2769 -0.013674 -0.013674 14.2033
9.63924 -0.095393 -0.095393 9.48261
12.9538 -0.171862 -0.171862 12.6777
14.2354 -0.0640501 -0.0640501 14.4775
10.9278 0.0129433 0.0129433 10.9591
17.2526 0.0253887 0.0253887 17.3016
17.9125 0.0769398 0.0769398 17.802
25.5575 0.022335 0.022335 25.2323
23.4236 -0.144433 -0.144433 23.3857
21.2673 -0.024962 -0.024962 21.4015
10.1958 -0.00131264 -0.00131264 10.5455
12.3456 0.145475 0.145475 12.8401
30.2358 -0.222745 -0.222745 30.3894
26.5203 1.07973 1.07973 25.0761
28.7184 -0.789748 -0.789748 25.5689
29.842 -0.253461 -0.253461 28.0754
34.6196 0.0473515 0.0473515 34.2906
47.9173 -0.109155 -0.109155 48.2525
20.1975 -0.970171 -0.970171 22.0734
12.6527 0.252717 0.252717 12.635
12.2143 0.130173 0.130173 12.5114
