35.5554 0.354295 0.354295 35.8368
47.9384 -0.0049445 -0.0049445 46.631
80.6279 0.518216 0.518216 80.6903
95.2403 0.338 0.338 92.5889
69.5263 2.09492 2.09492 67.5847
43.8723 0.674604 0.674604 46.2868
16.8882 -0.0239123 -0.0239123 17.2635
31.1744 -0.0440977 -0.0440977 32.2528
34.7299 0.953415 0.953415 35.6532
55.4918 1.34756 1.34756 58.4281
18.7888 0.182928 0.182928 19.372
18.8022 -0.146839 -0.146839 19.5235
26.2154 0.778197 0.778197 26.4069
45.7999 0.646091 0.646091 44.3964
43.3721 -0.609222 -0.609222 44.22
48.0135 -0.23631 -0.23631 46.8324
86.5363 -4.99913 -4.99913 70.877
82.9336 3.04716 3.04716 76.3265
44.8193 1.0105 1.0105 47.0808
22.6338 0.111112 0.111112 23.0808
11.2579 0.0222762 0.0222762 11.5955
11.4162 0.0263037 0.0263037 11.5031
11.1085 0.0450616 0.0450616 11.2337
23.1798 0.145811 0.145811 24.7549
48.3186 0.826671 0.826671 48.6043
58.0231 0.532443 0.532443 59.5146
137.613 3.93041 3.93041 134.004
63.5264 -9.85289 -9.85289 63.8376
27.6843 0.131786 0.131786 27.965
26.3933 -0.0091549 -0.0091549 27.0918
11.7499 0.0427734 0.0427734 12.3193
10.2292 0.0593871 0.0593871 10.5336
13.0121 0.0843407 0.0843407 13.4633
37.1192 -0.161248 -0.161248 39.0524
108.369 0.406758 0.406758 108.331
108.947 3.5 3.5 108.53
44.7407 -0.00207758 -0.00207758 44.6742
50.8565 1.2406 1.2406 51.3167
31.7223 0.0152798 0.0152798 32.2848
20.3465 -0.119498 -0.119498 20.5499
11.4872 0.00868834 0.00868834 11.6123
20.4771 0.364594 0.364594 20.6786
26.8665 -0.658751 -0.658751 27.0632
39.8039 0.29926 0.29926 39.3214
81.9288 -0.0287555 -0.0287555 83.0421
129.761 -1.12159 -1.12159 127.072
59.8362 0.250034 0.250034 59.4062
62.7041 -0.242536 -0.242536 65.0488
46.1806 0.908459 0.908459 44.7618
16.4798 0.711964 0.711964 16.9077
36.5082 1.5594 1.5594 35.4367
46.139 1.20715 1.20715 45.4846
27.3456 -0.0964698 -0.0964698 27.6266
69.1871 -0.0932761 -0.0932761 69.4852
93.4381 0.642079 0.642079 93.8856
35.6562 -0.111398 -0.111398 36.3343
35.4136 0.496907 0.496907 35.0419
37.7558 -0.370623 -0.370623 38.5735
39.148 0.282863 0.282863 38.5444
19.2933 -0.233935 -0.233935 20.2279
55.9327 -0.809852 -0.809852 56.7306
31.9282 -0.852274 -0.852274 31.4185
17.2968 -0.0680736 -0.0680736 16.8529
30.2962 1.46406 1.46406 30.9082
67.9589 -1.1301 -1.1301 66.5281
32.9765 -0.0350651 -0.0350651 32.957
35.5477 0.0525257 0.0525257 35.2395
40.4518 -0.0276459 -0.0276459 40.7929
26.7 -0.38198 -0.38198 26.4436
15.3561 -0.0107293 -0.0107293 15.7914
32.1136 -0.630271 -0.630271 31.4616
14.3259 -0.0568219 -0.0568219 14.3859
16.0771 -0.059089 -0.059089 16.1966
26.3202 0.0303222 0.0303222 26.3734
34.254 0.0972898 0.0972898 33.8462
45.9416 0.691494 0.691494 45.9949
45.8564 -0.907861 -0.907861 47.2804
29.5202 -0.202351 -0.202351 29.2515
19.3639 0.250181 0.250181 19.9045
14.3867 -0.0389246 -0.0389246 14.6117
11.1891 0.0615253 0.0615253 11.288
13.6879 -0.0309147 -0.0309147 14.1556
14.1713 -0.0216212 -0.0216212 14.8589
11.8842 0.00627126 0.00627126 11.9351
17.1131 0.0169382 0.0169382 17.2121
17.7944 0.00698499 0.00698499 18.0531
25.2445 0.413319 0.413319 25.4707
23.4438 -0.1078 -0.1078 23.5385
21.3799 0.114725 0.114725 22.0403
11.5937 0.0354232 0.0354232 12.2103
13.3356 0.0632827 0.0632827 13.5588
29.2051 -0.178549 -0.178549 29.4403
25.7122 1.45872 1.45872 25.6363
28.1947 -0.33198 -0.33198 25.8919
28.5816 0.11654 0.11654 27.2368
33.7954 0.353768 0.353768 33.9402
45.4937 0.0263067 0.0263067 45.5299
19.774 -0.270752 -0.270752 21.9514
13.3029 0.0707169 0.0707169 13.3696
12.696 0.0858491 0.0858491 13.4077
