8192
35.9849
35.9849
35.9849
35.9849
35.9849
35.9849
35.9849
35.9849
37.3493
37.3493
37.3493
37.3493
37.3493
37.3493
37.3493
37.3493
38.8988
38.8988
38.8988
38.8988
38.8988
38.8988
38.8988
38.8988
40.6331
40.6331
40.6331
40.6331
40.6331
40.6331
40.6331
40.6331
42.5414
42.5414
42.5414
42.5414
42.5414
42.5414
42.5414
42.5414
44.602
44.602
44.602
44.602
44.602
44.602
44.602
44.602
46.7821
46.7821
46.7821
46.7821
46.7821
46.7821
46.7821
46.7821
49.0376
49.0376
49.0376
49.0376
49.0376
49.0376
49.0376
49.0376
51.3156
51.3156
51.3156
51.3156
51.3156
51.3156
51.3156
51.3156
53.5569
53.5569
53.5569
53.5569
53.5569
53.5569
53.5569
53.5569
55.7001
55.7001
55.7001
55.7001
55.7001
55.7001
55.7001
55.7001
57.6865
57.6865
57.6865
57.6865
57.6865
57.6865
57.6865
57.6865
59.4669
59.4669
59.4669
59.4669
59.4669
59.4669
59.4669
59.4669
61.0051
61.0051
61.0051
61.0051
61.0051
61.0051
61.0051
61.0051
62.2835
62.2835
62.2835
62.2835
62.2835
62.2835
62.2835
62.2835
63.3041
63.3041
63.3041
63.3041
63.3041
63.3041
63.3041
63.3041
35.9849
35.9849
35.9849
35.9849
35.9849
35.9849
35.9849
35.9849
37.3493
37.3493
37.3493
37.3493
37.3493
37.3493
37.3493
37.3493
38.8988
38.8988
38.8988
38.8988
38.8988
38.8988
38.8988
38.8988
40.6331
40.6331
40.6331
40.6331
40.6331
40.6331
40.6331
40.6331
42.5414
42.5414
42.5414
42.5414
42.5414
42.5414
42.5414
42.5414
44.602
44.602
44.602
44.602
44.602
44.602
44.602
44.602
46.7821
46.7821
46.7821
46.7821
46.7821
46.7821
46.7821
46.7821
49.0376
49.0376
49.0376
49.0376
49.0376
49.0376
49.0376
49.0376
51.3156
51.3156
51.3156
51.3156
51.3156
51.3156
51.3156
51.3156
53.5569
53.5569
53.5569
53.5569
53.5569
53.5569
53.5569
53.5569
55.7001
55.7001
55.7001
55.7001
55.7001
55.7001
55.7001
55.7001
57.6865
57.6865
57.6865
57.6865
57.6865
57.6865
57.6865
57.6865
59.4669
59.4669
59.4669
59.4669
59.4669
59.4669
59.4669
59.4669
61.0051
61.0051
61.0051
61.0051
61.0051
61.0051
61.0051
61.0051
62.2835
62.2835
62.2835
62.2835
62.2835
62.2835
62.2835
62.2835
63.3041
63.3041
63.3041
63.3041
63.3041
63.3041
63.3041
63.3041
35.9849
35.9849
35.9849
35.9849
35.9849
35.9849
35.9849
35.9849
37.3493
37.3493
37.3493
37.3493
37.3493
37.3493
37.3493
37.3493
38.8988
38.8988
38.8988
38.8988
38.8988
38.8988
38.8988
38.8988
40.6331
40.6331
40.6331
40.6331
40.6331
40.6331
40.6331
40.6331
42.5414
42.5414
42.5414
42.5414
42.5414
42.5414
42.5414
42.5414
44.602
44.602
44.602
44.602
44.602
44.602
44.602
44.602
46.7821
46.7821
46.7821
46.7821
46.7821
46.7821
46.7821
46.7821
49.0376
49.0376
49.0376
49.0376
49.0376
49.0376
49.0376
49.0376
51.3156
51.3156
51.3156
51.3156
51.3156
51.3156
51.3156
51.3156
53.5569
53.5569
53.5569
53.5569
53.5569
53.5569
53.5569
53.5569
55.7001
55.7001
55.7001
55.7001
55.7001
55.7001
55.7001
55.7001
57.6865
57.6865
57.6865
57.6865
57.6865
57.6865
57.6865
57.6865
59.4669
59.4669
59.4669
59.4669
59.4669
59.4669
59.4669
59.4669
61.0051
61.0051
61.0051
61.0051
61.0051
61.0051
61.0051
61.0051
62.2835
62.2835
62.2835
62.2835
62.2835
62.2835
62.2835
62.2835
63.3041
63.3041
63.3041
63.3041
63.3041
63.3041
63.3041
63.3041
35.9849
35.9849
35.9849
35.9849
35.9849
35.9849
35.9849
35.9849
37.3493
37.3493
37.3493
37.3493
37.3493
37.3493
37.3493
37.3493
38.8988
38.8988
38.8988
38.8988
38.8988
38.8988
38.8988
38.8988
40.6331
40.6331
40.6331
40.6331
40.6331
40.6331
40.6331
40.6331
42.5414
42.5414
42.5414
42.5414
42.5414
42.5414
42.5414
42.5414
44.602
44.602
44.602
44.602
44.602
44.602
44.602
44.602
46.7821
46.7821
46.7821
46.7821
46.7821
46.7821
46.7821
46.7821
49.0376
49.0376
49.0376
49.0376
49.0376
49.0376
49.0376
49.0376
51.3156
51.3156
51.3156
51.3156
51.3156
51.3156
51.3156
51.3156
53.5569
53.5569
53.5569
53.5569
53.5569
53.5569
53.5569
53.5569
55.7001
55.7001
55.7001
55.7001
55.7001
55.7001
55.7001
55.7001
57.6865
57.6865
57.6865
57.6865
57.6865
57.6865
57.6865
57.6865
59.4669
59.4669
59.4669
59.4669
59.4669
59.4669
59.4669
59.4669
61.0051
61.0051
61.0051
61.0051
61.0051
61.0051
61.0051
61.0051
62.2835
62.2835
62.2835
62.2835
62.2835
62.2835
62.2835
62.2835
63.3041
63.3041
63.3041
63.3041
63.3041
63.3041
63.3041
63.3041
34.9043
34.9043
34.9043
34.9043
34.9043
34.9043
34.9043
34.9043
36.2541
36.2541
36.2541
36.2541
36.2541
36.2541
36.2541
36.2541
37.8091
37.8091
37.8091
37.8091
37.8091
37.8091
37.8091
37.8091
39.5708
39.5708
39.5708
39.5708
39.5708
39.5708
39.5708
39.5708
41.529
41.529
41.529
41.529
41.529
41.529
41.529
41.529
43.661
43.661
43.661
43.661
43.661
43.661
43.661
43.661
45.9312
45.9312
45.9312
45.9312
45.9312
45.9312
45.9312
45.9312
48.2908
48.2908
48.2908
48.2908
48.2908
48.2908
48.2908
48.2908
50.6799
50.6799
50.6799
50.6799
50.6799
50.6799
50.6799
50.6799
53.0303
53.0303
53.0303
53.0303
53.0303
53.0303
53.0303
53.0303
55.2707
55.2707
55.2707
55.2707
55.2707
55.2707
55.2707
55.2707
57.3326
57.3326
57.3326
57.3326
57.3326
57.3326
57.3326
57.3326
59.1573
59.1573
59.1573
59.1573
59.1573
59.1573
59.1573
59.1573
60.7024
60.7024
60.7024
60.7024
60.7024
60.7024
60.7024
60.7024
61.9464
61.9464
61.9464
61.9464
61.9464
61.9464
61.9464
61.9464
62.8925
62.8925
62.8925
62.8925
62.8925
62.8925
62.8925
62.8925
34.9043
34.9043
34.9043
34.9043
34.9043
34.9043
34.9043
34.9043
36.2541
36.2541
36.2541
36.2541
36.2541
36.2541
36.2541
36.2541
37.8091
37.8091
37.8091
37.8091
37.8091
37.8091
37.8091
37.8091
39.5708
39.5708
39.5708
39.5708
39.5708
39.5708
39.5708
39.5708
41.529
41.529
41.529
41.529
41.529
41.529
41.529
41.529
43.661
43.661
43.661
43.661
43.661
43.661
43.661
43.661
45.9312
45.9312
45.9312
45.9312
45.9312
45.9312
45.9312
45.9312
48.2908
48.2908
48.2908
48.2908
48.2908
48.2908
48.2908
48.2908
50.6799
50.6799
50.6799
50.6799
50.6799
50.6799
50.6799
50.6799
53.0303
53.0303
53.0303
53.0303
53.0303
53.0303
53.0303
53.0303
55.2707
55.2707
55.2707
55.2707
55.2707
55.2707
55.2707
55.2707
57.3326
57.3326
57.3326
57.3326
57.3326
57.3326
57.3326
57.3326
59.1573
59.1573
59.1573
59.1573
59.1573
59.1573
59.1573
59.1573
60.7024
60.7024
60.7024
60.7024
60.7024
60.7024
60.7024
60.7024
61.9464
61.9464
61.9464
61.9464
61.9464
61.9464
61.9464
61.9464
62.8925
62.8925
62.8925
62.8925
62.8925
62.8925
62.8925
62.8925
34.9043
34.9043
34.9043
34.9043
34.9043
34.9043
34.9043
34.9043
36.2541
36.2541
36.2541
36.2541
36.2541
36.2541
36.2541
36.2541
37.8091
37.8091
37.8091
37.8091
37.8091
37.8091
37.8091
37.8091
39.5708
39.5708
39.5708
39.5708
39.5708
39.5708
39.5708
39.5708
41.529
41.529
41.529
41.529
41.529
41.529
41.529
41.529
43.661
43.661
43.661
43.661
43.661
43.661
43.661
43.661
45.9312
45.9312
45.9312
45.9312
45.9312
45.9312
45.9312
45.9312
48.2908
48.2908
48.2908
48.2908
48.2908
48.2908
48.2908
48.2908
50.6799
50.6799
50.6799
50.6799
50.6799
50.6799
50.6799
50.6799
53.0303
53.0303
53.0303
53.0303
53.0303
53.0303
53.0303
53.0303
55.2707
55.2707
55.2707
55.2707
55.2707
55.2707
55.2707
55.2707
57.3326
57.3326
57.3326
57.3326
57.3326
57.3326
57.3326
57.3326
59.1573
59.1573
59.1573
59.1573
59.1573
59.1573
59.1573
59.1573
60.7024
60.7024
60.7024
60.7024
60.7024
60.7024
60.7024
60.7024
61.9464
61.9464
61.9464
61.9464
61.9464
61.9464
61.9464
61.9464
62.8925
62.8925
62.8925
62.8925
62.8925
62.8925
62.8925
62.8925
34.9043
34.9043
34.9043
34.9043
34.9043
34.9043
34.9043
34.9043
36.2541
36.2541
36.2541
36.2541
36.2541
36.2541
36.2541
36.2541
37.8091
37.8091
37.8091
37.8091
37.8091
37.8091
37.8091
37.8091
39.5708
39.5708
39.5708
39.5708
39.5708
39.5708
39.5708
39.5708
41.529
41.529
41.529
41.529
41.529
41.529
41.529
41.529
43.661
43.661
43.661
43.661
43.661
43.661
43.661
43.661
45.9312
45.9312
45.9312
45.9312
45.9312
45.9312
45.9312
45.9312
48.2908
48.2908
48.2908
48.2908
48.2908
48.2908
48.2908
48.2908
50.6799
50.6799
50.6799
50.6799
50.6799
50.6799
50.6799
50.6799
53.0303
53.0303
53.0303
53.0303
53.0303
53.0303
53.0303
53.0303
55.2707
55.2707
55.2707
55.2707
55.2707
55.2707
55.2707
55.2707
57.3326
57.3326
57.3326
57.3326
57.3326
57.3326
57.3326
57.3326
59.1573
59.1573
59.1573
59.1573
59.1573
59.1573
59.1573
59.1573
60.7024
60.7024
60.7024
60.7024
60.7024
60.7024
60.7024
60.7024
61.9464
61.9464
61.9464
61.9464
61.9464
61.9464
61.9464
61.9464
62.8925
62.8925
62.8925
62.8925
62.8925
62.8925
62.8925
62.8925
33.7235
33.7235
33.7235
33.7235
33.7235
33.7235
33.7235
33.7235
35.038
35.038
35.038
35.038
35.038
35.038
35.038
35.038
36.5745
36.5745
36.5745
36.5745
36.5745
36.5745
36.5745
36.5745
38.3374
38.3374
38.3374
38.3374
38.3374
38.3374
38.3374
38.3374
40.3175
40.3175
40.3175
40.3175
40.3175
40.3175
40.3175
40.3175
42.4921
42.4921
42.4921
42.4921
42.4921
42.4921
42.4921
42.4921
44.8234
44.8234
44.8234
44.8234
44.8234
44.8234
44.8234
44.8234
47.2589
47.2589
47.2589
47.2589
47.2589
47.2589
47.2589
47.2589
49.7326
49.7326
49.7326
49.7326
49.7326
49.7326
49.7326
49.7326
52.1679
52.1679
52.1679
52.1679
52.1679
52.1679
52.1679
52.1679
54.4844
54.4844
54.4844
54.4844
54.4844
54.4844
54.4844
54.4844
56.6034
56.6034
56.6034
56.6034
56.6034
56.6034
56.6034
56.6034
58.4571
58.4571
58.4571
58.4571
58.4571
58.4571
58.4571
58.4571
59.996
59.996
59.996
59.996
59.996
59.996
59.996
59.996
61.1951
61.1951
61.1951
61.1951
61.1951
61.1951
61.1951
61.1951
62.0571
62.0571
62.0571
62.0571
62.0571
62.0571
62.0571
62.0571
33.7235
33.7235
33.7235
33.7235
33.7235
33.7235
33.7235
33.7235
35.038
35.038
35.038
35.038
35.038
35.038
35.038
35.038
36.5745
36.5745
36.5745
36.5745
36.5745
36.5745
36.5745
36.5745
38.3374
38.3374
38.3374
38.3374
38.3374
38.3374
38.3374
38.3374
40.3175
40.3175
40.3175
40.3175
40.3175
40.3175
40.3175
40.3175
42.4921
42.4921
42.4921
42.4921
42.4921
42.4921
42.4921
42.4921
44.8234
44.8234
44.8234
44.8234
44.8234
44.8234
44.8234
44.8234
47.2589
47.2589
47.2589
47.2589
47.2589
47.2589
47.2589
47.2589
49.7326
49.7326
49.7326
49.7326
49.7326
49.7326
49.7326
49.7326
52.1679
52.1679
52.1679
52.1679
52.1679
52.1679
52.1679
52.1679
54.4844
54.4844
54.4844
54.4844
54.4844
54.4844
54.4844
54.4844
56.6034
56.6034
56.6034
56.6034
56.6034
56.6034
56.6034
56.6034
58.4571
58.4571
58.4571
58.4571
58.4571
58.4571
58.4571
58.4571
59.996
59.996
59.996
59.996
59.996
59.996
59.996
59.996
61.1951
61.1951
61.1951
61.1951
61.1951
61.1951
61.1951
61.1951
62.0571
62.0571
62.0571
62.0571
62.0571
62.0571
62.0571
62.0571
33.7235
33.7235
33.7235
33.7235
33.7235
33.7235
33.7235
33.7235
35.038
35.038
35.038
35.038
35.038
35.038
35.038
35.038
36.5745
36.5745
36.5745
36.5745
36.5745
36.5745
36.5745
36.5745
38.3374
38.3374
38.3374
38.3374
38.3374
38.3374
38.3374
38.3374
40.3175
40.3175
40.3175
40.3175
40.3175
40.3175
40.3175
40.3175
42.4921
42.4921
42.4921
42.4921
42.4921
42.4921
42.4921
42.4921
44.8234
44.8234
44.8234
44.8234
44.8234
44.8234
44.8234
44.8234
47.2589
47.2589
47.2589
47.2589
47.2589
47.2589
47.2589
47.2589
49.7326
49.7326
49.7326
49.7326
49.7326
49.7326
49.7326
49.7326
52.1679
52.1679
52.1679
52.1679
52.1679
52.1679
52.1679
52.1679
54.4844
54.4844
54.4844
54.4844
54.4844
54.4844
54.4844
54.4844
56.6034
56.6034
56.6034
56.6034
56.6034
56.6034
56.6034
56.6034
58.4571
58.4571
58.4571
58.4571
58.4571
58.4571
58.4571
58.4571
59.996
59.996
59.996
59.996
59.996
59.996
59.996
59.996
61.1951
61.1951
61.1951
61.1951
61.1951
61.1951
61.1951
61.1951
62.0571
62.0571
62.0571
62.0571
62.0571
62.0571
62.0571
62.0571
33.7235
33.7235
33.7235
33.7235
33.7235
33.7235
33.7235
33.7235
35.038
35.038
35.038
35.038
35.038
35.038
35.038
35.038
36.5745
36.5745
36.5745
36.5745
36.5745
36.5745
36.5745
36.5745
38.3374
38.3374
38.3374
38.3374
38.3374
38.3374
38.3374
38.3374
40.3175
40.3175
40.3175
40.3175
40.3175
40.3175
40.3175
40.3175
42.4921
42.4921
42.4921
42.4921
42.4921
42.4921
42.4921
42.4921
44.8234
44.8234
44.8234
44.8234
44.8234
44.8234
44.8234
44.8234
47.2589
47.2589
47.2589
47.2589
47.2589
47.2589
47.2589
47.2589
49.7326
49.7326
49.7326
49.7326
49.7326
49.7326
49.7326
49.7326
52.1679
52.1679
52.1679
52.1679
52.1679
52.1679
52.1679
52.1679
54.4844
54.4844
54.4844
54.4844
54.4844
54.4844
54.4844
54.4844
56.6034
56.6034
56.6034
56.6034
56.6034
56.6034
56.6034
56.6034
58.4571
58.4571
58.4571
58.4571
58.4571
58.4571
58.4571
58.4571
59.996
59.996
59.996
59.996
59.996
59.996
59.996
59.996
61.1951
61.1951
61.1951
61.1951
61.1951
61.1951
61.1951
61.1951
62.0571
62.0571
62.0571
62.0571
62.0571
62.0571
62.0571
62.0571
32.4575
32.4575
32.4575
32.4575
32.4575
32.4575
32.4575
32.4575
33.717
33.717
33.717
33.717
33.717
33.717
33.717
33.717
35.2123
35.2123
35.2123
35.2123
35.2123
35.2123
35.2123
35.2123
36.9504
36.9504
36.9504
36.9504
36.9504
36.9504
36.9504
36.9504
38.924
38.924
38.924
38.924
38.924
38.924
38.924
38.924
41.1107
41.1107
41.1107
41.1107
41.1107
41.1107
41.1107
41.1107
43.4719
43.4719
43.4719
43.4719
43.4719
43.4719
43.4719
43.4719
45.9522
45.9522
45.9522
45.9522
45.9522
45.9522
45.9522
45.9522
48.4804
48.4804
48.4804
48.4804
48.4804
48.4804
48.4804
48.4804
50.9734
50.9734
50.9734
50.9734
50.9734
50.9734
50.9734
50.9734
53.3416
53.3416
53.3416
53.3416
53.3416
53.3416
53.3416
53.3416
55.4972
55.4972
55.4972
55.4972
55.4972
55.4972
55.4972
55.4972
57.3635
57.3635
57.3635
57.3635
57.3635
57.3635
57.3635
57.3635
58.8837
58.8837
58.8837
58.8837
58.8837
58.8837
58.8837
58.8837
60.0288
60.0288
60.0288
60.0288
60.0288
60.0288
60.0288
60.0288
60.8011
60.8011
60.8011
60.8011
60.8011
60.8011
60.8011
60.8011
32.4575
32.4575
32.4575
32.4575
32.4575
32.4575
32.4575
32.4575
33.717
33.717
33.717
33.717
33.717
33.717
33.717
33.717
35.2123
35.2123
35.2123
35.2123
35.2123
35.2123
35.2123
35.2123
36.9504
36.9504
36.9504
36.9504
36.9504
36.9504
36.9504
36.9504
38.924
38.924
38.924
38.924
38.924
38.924
38.924
38.924
41.1107
41.1107
41.1107
41.1107
41.1107
41.1107
41.1107
41.1107
43.4719
43.4719
43.4719
43.4719
43.4719
43.4719
43.4719
43.4719
45.9522
45.9522
45.9522
45.9522
45.9522
45.9522
45.9522
45.9522
48.4804
48.4804
48.4804
48.4804
48.4804
48.4804
48.4804
48.4804
50.9734
50.9734
50.9734
50.9734
50.9734
50.9734
50.9734
50.9734
53.3416
53.3416
53.3416
53.3416
53.3416
53.3416
53.3416
53.3416
55.4972
55.4972
55.4972
55.4972
55.4972
55.4972
55.4972
55.4972
57.3635
57.3635
57.3635
57.3635
57.3635
57.3635
57.3635
57.3635
58.8837
58.8837
58.8837
58.8837
58.8837
58.8837
58.8837
58.8837
60.0288
60.0288
60.0288
60.0288
60.0288
60.0288
60.0288
60.0288
60.8011
60.8011
60.8011
60.8011
60.8011
60.8011
60.8011
60.8011
32.4575
32.4575
32.4575
32.4575
32.4575
32.4575
32.4575
32.4575
33.717
33.717
33.717
33.717
33.717
33.717
33.717
33.717
35.2123
35.2123
35.2123
35.2123
35.2123
35.2123
35.2123
35.2123
36.9504
36.9504
36.9504
36.9504
36.9504
36.9504
36.9504
36.9504
38.924
38.924
38.924
38.924
38.924
38.924
38.924
38.924
41.1107
41.1107
41.1107
41.1107
41.1107
41.1107
41.1107
41.1107
43.4719
43.4719
43.4719
43.4719
43.4719
43.4719
43.4719
43.4719
45.9522
45.9522
45.9522
45.9522
45.9522
45.9522
45.9522
45.9522
48.4804
48.4804
48.4804
48.4804
48.4804
48.4804
48.4804
48.4804
50.9734
50.9734
50.9734
50.9734
50.9734
50.9734
50.9734
50.9734
53.3416
53.3416
53.3416
53.3416
53.3416
53.3416
53.3416
53.3416
55.4972
55.4972
55.4972
55.4972
55.4972
55.4972
55.4972
55.4972
57.3635
57.3635
57.3635
57.3635
57.3635
57.3635
57.3635
57.3635
58.8837
58.8837
58.8837
58.8837
58.8837
58.8837
58.8837
58.8837
60.0288
60.0288
60.0288
60.0288
60.0288
60.0288
60.0288
60.0288
60.8011
60.8011
60.8011
60.8011
60.8011
60.8011
60.8011
60.8011
32.4575
32.4575
32.4575
32.4575
32.4575
32.4575
32.4575
32.4575
33.717
33.717
33.717
33.717
33.717
33.717
33.717
33.717
35.2123
35.2123
35.2123
35.2123
35.2123
35.2123
35.2123
35.2123
36.9504
36.9504
36.9504
36.9504
36.9504
36.9504
36.9504
36.9504
38.924
38.924
38.924
38.924
38.924
38.924
38.924
38.924
41.1107
41.1107
41.1107
41.1107
41.1107
41.1107
41.1107
41.1107
43.4719
43.4719
43.4719
43.4719
43.4719
43.4719
43.4719
43.4719
45.9522
45.9522
45.9522
45.9522
45.9522
45.9522
45.9522
45.9522
48.4804
48.4804
48.4804
48.4804
48.4804
48.4804
48.4804
48.4804
50.9734
50.9734
50.9734
50.9734
50.9734
50.9734
50.9734
50.9734
53.3416
53.3416
53.3416
53.3416
53.3416
53.3416
53.3416
53.3416
55.4972
55.4972
55.4972
55.4972
55.4972
55.4972
55.4972
55.4972
57.3635
57.3635
57.3635
57.3635
57.3635
57.3635
57.3635
57.3635
58.8837
58.8837
58.8837
58.8837
58.8837
58.8837
58.8837
58.8837
60.0288
60.0288
60.0288
60.0288
60.0288
60.0288
60.0288
60.0288
60.8011
60.8011
60.8011
60.8011
60.8011
60.8011
60.8011
60.8011
31.1263
31.1263
31.1263
31.1263
31.1263
31.1263
31.1263
31.1263
32.3143
32.3143
32.3143
32.3143
32.3143
32.3143
32.3143
32.3143
33.7485
33.7485
33.7485
33.7485
33.7485
33.7485
33.7485
33.7485
35.4386
35.4386
35.4386
35.4386
35.4386
35.4386
35.4386
35.4386
37.3793
37.3793
37.3793
37.3793
37.3793
37.3793
37.3793
37.3793
39.5494
39.5494
39.5494
39.5494
39.5494
39.5494
39.5494
39.5494
41.9102
41.9102
41.9102
41.9102
41.9102
41.9102
41.9102
41.9102
44.4043
44.4043
44.4043
44.4043
44.4043
44.4043
44.4043
44.4043
46.9572
46.9572
46.9572
46.9572
46.9572
46.9572
46.9572
46.9572
49.4799
49.4799
49.4799
49.4799
49.4799
49.4799
49.4799
49.4799
51.8753
51.8753
51.8753
51.8753
51.8753
51.8753
51.8753
51.8753
54.0469
54.0469
54.0469
54.0469
54.0469
54.0469
54.0469
54.0469
55.9099
55.9099
55.9099
55.9099
55.9099
55.9099
55.9099
55.9099
57.4002
57.4002
57.4002
57.4002
57.4002
57.4002
57.4002
57.4002
58.4845
58.4845
58.4845
58.4845
58.4845
58.4845
58.4845
58.4845
59.1637
59.1637
59.1637
59.1637
59.1637
59.1637
59.1637
59.1637
31.1263
31.1263
31.1263
31.1263
31.1263
31.1263
31.1263
31.1263
32.3143
32.3143
32.3143
32.3143
32.3143
32.3143
32.3143
32.3143
33.7485
33.7485
33.7485
33.7485
33.7485
33.7485
33.7485
33.7485
35.4386
35.4386
35.4386
35.4386
35.4386
35.4386
35.4386
35.4386
37.3793
37.3793
37.3793
37.3793
37.3793
37.3793
37.3793
37.3793
39.5494
39.5494
39.5494
39.5494
39.5494
39.5494
39.5494
39.5494
41.9102
41.9102
41.9102
41.9102
41.9102
41.9102
41.9102
41.9102
44.4043
44.4043
44.4043
44.4043
44.4043
44.4043
44.4043
44.4043
46.9572
46.9572
46.9572
46.9572
46.9572
46.9572
46.9572
46.9572
49.4799
49.4799
49.4799
49.4799
49.4799
49.4799
49.4799
49.4799
51.8753
51.8753
51.8753
51.8753
51.8753
51.8753
51.8753
51.8753
54.0469
54.0469
54.0469
54.0469
54.0469
54.0469
54.0469
54.0469
55.9099
55.9099
55.9099
55.9099
55.9099
55.9099
55.9099
55.9099
57.4002
57.4002
57.4002
57.4002
57.4002
57.4002
57.4002
57.4002
58.4845
58.4845
58.4845
58.4845
58.4845
58.4845
58.4845
58.4845
59.1637
59.1637
59.1637
59.1637
59.1637
59.1637
59.1637
59.1637
31.1263
31.1263
31.1263
31.1263
31.1263
31.1263
31.1263
31.1263
32.3143
32.3143
32.3143
32.3143
32.3143
32.3143
32.3143
32.3143
33.7485
33.7485
33.7485
33.7485
33.7485
33.7485
33.7485
33.7485
35.4386
35.4386
35.4386
35.4386
35.4386
35.4386
35.4386
35.4386
37.3793
37.3793
37.3793
37.3793
37.3793
37.3793
37.3793
37.3793
39.5494
39.5494
39.5494
39.5494
39.5494
39.5494
39.5494
39.5494
41.9102
41.9102
41.9102
41.9102
41.9102
41.9102
41.9102
41.9102
44.4043
44.4043
44.4043
44.4043
44.4043
44.4043
44.4043
44.4043
46.9572
46.9572
46.9572
46.9572
46.9572
46.9572
46.9572
46.9572
49.4799
49.4799
49.4799
49.4799
49.4799
49.4799
49.4799
49.4799
51.8753
51.8753
51.8753
51.8753
51.8753
51.8753
51.8753
51.8753
54.0469
54.0469
54.0469
54.0469
54.0469
54.0469
54.0469
54.0469
55.9099
55.9099
55.9099
55.9099
55.9099
55.9099
55.9099
55.9099
57.4002
57.4002
57.4002
57.4002
57.4002
57.4002
57.4002
57.4002
58.4845
58.4845
58.4845
58.4845
58.4845
58.4845
58.4845
58.4845
59.1637
59.1637
59.1637
59.1637
59.1637
59.1637
59.1637
59.1637
31.1263
31.1263
31.1263
31.1263
31.1263
31.1263
31.1263
31.1263
32.3143
32.3143
32.3143
32.3143
32.3143
32.3143
32.3143
32.3143
33.7485
33.7485
33.7485
33.7485
33.7485
33.7485
33.7485
33.7485
35.4386
35.4386
35.4386
35.4386
35.4386
35.4386
35.4386
35.4386
37.3793
37.3793
37.3793
37.3793
37.3793
37.3793
37.3793
37.3793
39.5494
39.5494
39.5494
39.5494
39.5494
39.5494
39.5494
39.5494
41.9102
41.9102
41.9102
41.9102
41.9102
41.9102
41.9102
41.9102
44.4043
44.4043
44.4043
44.4043
44.4043
44.4043
44.4043
44.4043
46.9572
46.9572
46.9572
46.9572
46.9572
46.9572
46.9572
46.9572
49.4799
49.4799
49.4799
49.4799
49.4799
49.4799
49.4799
49.4799
51.8753
51.8753
51.8753
51.8753
51.8753
51.8753
51.8753
51.8753
54.0469
54.0469
54.0469
54.0469
54.0469
54.0469
54.0469
54.0469
55.9099
55.9099
55.9099
55.9099
55.9099
55.9099
55.9099
55.9099
57.4002
57.4002
57.4002
57.4002
57.4002
57.4002
57.4002
57.4002
58.4845
58.4845
58.4845
58.4845
58.4845
58.4845
58.4845
58.4845
59.1637
59.1637
59.1637
59.1637
59.1637
59.1637
59.1637
59.1637
29.7535
29.7535
29.7535
29.7535
29.7535
29.7535
29.7535
29.7535
30.8575
30.8575
30.8575
30.8575
30.8575
30.8575
30.8575
30.8575
32.2148
32.2148
32.2148
32.2148
32.2148
32.2148
32.2148
32.2148
33.8379
33.8379
33.8379
33.8379
33.8379
33.8379
33.8379
33.8379
35.7234
35.7234
35.7234
35.7234
35.7234
35.7234
35.7234
35.7234
37.8517
37.8517
37.8517
37.8517
37.8517
37.8517
37.8517
37.8517
40.1848
40.1848
40.1848
40.1848
40.1848
40.1848
40.1848
40.1848
42.6647
42.6647
42.6647
42.6647
42.6647
42.6647
42.6647
42.6647
45.2144
45.2144
45.2144
45.2144
45.2144
45.2144
45.2144
45.2144
47.7407
47.7407
47.7407
47.7407
47.7407
47.7407
47.7407
47.7407
50.1401
50.1401
50.1401
50.1401
50.1401
50.1401
50.1401
50.1401
52.309
52.309
52.309
52.309
52.309
52.309
52.309
52.309
54.1544
54.1544
54.1544
54.1544
54.1544
54.1544
54.1544
54.1544
55.6056
55.6056
55.6056
55.6056
55.6056
55.6056
55.6056
55.6056
56.6246
56.6246
56.6246
56.6246
56.6246
56.6246
56.6246
56.6246
57.2105
57.2105
57.2105
57.2105
57.2105
57.2105
57.2105
57.2105
29.7535
29.7535
29.7535
29.7535
29.7535
29.7535
29.7535
29.7535
30.8575
30.8575
30.8575
30.8575
30.8575
30.8575
30.8575
30.8575
32.2148
32.2148
32.2148
32.2148
32.2148
32.2148
32.2148
32.2148
33.8379
33.8379
33.8379
33.8379
33.8379
33.8379
33.8379
33.8379
35.7234
35.7234
35.7234
35.7234
35.7234
35.7234
35.7234
35.7234
37.8517
37.8517
37.8517
37.8517
37.8517
37.8517
37.8517
37.8517
40.1848
40.1848
40.1848
40.1848
40.1848
40.1848
40.1848
40.1848
42.6647
42.6647
42.6647
42.6647
42.6647
42.6647
42.6647
42.6647
45.2144
45.2144
45.2144
45.2144
45.2144
45.2144
45.2144
45.2144
47.7407
47.7407
47.7407
47.7407
47.7407
47.7407
47.7407
47.7407
50.1401
50.1401
50.1401
50.1401
50.1401
50.1401
50.1401
50.1401
52.309
52.309
52.309
52.309
52.309
52.309
52.309
52.309
54.1544
54.1544
54.1544
54.1544
54.1544
54.1544
54.1544
54.1544
55.6056
55.6056
55.6056
55.6056
55.6056
55.6056
55.6056
55.6056
56.6246
56.6246
56.6246
56.6246
56.6246
56.6246
56.6246
56.6246
57.2105
57.2105
57.2105
57.2105
57.2105
57.2105
57.2105
57.2105
29.7535
29.7535
29.7535
29.7535
29.7535
29.7535
29.7535
29.7535
30.8575
30.8575
30.8575
30.8575
30.8575
30.8575
30.8575
30.8575
32.2148
32.2148
32.2148
32.2148
32.2148
32.2148
32.2148
32.2148
33.8379
33.8379
33.8379
33.8379
33.8379
33.8379
33.8379
33.8379
35.7234
35.7234
35.7234
35.7234
35.7234
35.7234
35.7234
35.7234
37.8517
37.8517
37.8517
37.8517
37.8517
37.8517
37.8517
37.8517
40.1848
40.1848
40.1848
40.1848
40.1848
40.1848
40.1848
40.1848
42.6647
42.6647
42.6647
42.6647
42.6647
42.6647
42.6647
42.6647
45.2144
45.2144
45.2144
45.2144
45.2144
45.2144
45.2144
45.2144
47.7407
47.7407
47.7407
47.7407
47.7407
47.7407
47.7407
47.7407
50.1401
50.1401
50.1401
50.1401
50.1401
50.1401
50.1401
50.1401
52.309
52.309
52.309
52.309
52.309
52.309
52.309
52.309
54.1544
54.1544
54.1544
54.1544
54.1544
54.1544
54.1544
54.1544
55.6056
55.6056
55.6056
55.6056
55.6056
55.6056
55.6056
55.6056
56.6246
56.6246
56.6246
56.6246
56.6246
56.6246
56.6246
56.6246
57.2105
57.2105
57.2105
57.2105
57.2105
57.2105
57.2105
57.2105
29.7535
29.7535
29.7535
29.7535
29.7535
29.7535
29.7535
29.7535
30.8575
30.8575
30.8575
30.8575
30.8575
30.8575
30.8575
30.8575
32.2148
32.2148
32.2148
32.2148
32.2148
32.2148
32.2148
32.2148
33.8379
33.8379
33.8379
33.8379
33.8379
33.8379
33.8379
33.8379
35.7234
35.7234
35.7234
35.7234
35.7234
35.7234
35.7234
35.7234
37.8517
37.8517
37.8517
37.8517
37.8517
37.8517
37.8517
37.8517
40.1848
40.1848
40.1848
40.1848
40.1848
40.1848
40.1848
40.1848
42.6647
42.6647
42.6647
42.6647
42.6647
42.6647
42.6647
42.6647
45.2144
45.2144
45.2144
45.2144
45.2144
45.2144
45.2144
45.2144
47.7407
47.7407
47.7407
47.7407
47.7407
47.7407
47.7407
47.7407
50.1401
50.1401
50.1401
50.1401
50.1401
50.1401
50.1401
50.1401
52.309
52.309
52.309
52.309
52.309
52.309
52.309
52.309
54.1544
54.1544
54.1544
54.1544
54.1544
54.1544
54.1544
54.1544
55.6056
55.6056
55.6056
55.6056
55.6056
55.6056
55.6056
55.6056
56.6246
56.6246
56.6246
56.6246
56.6246
56.6246
56.6246
56.6246
57.2105
57.2105
57.2105
57.2105
57.2105
57.2105
57.2105
57.2105
28.3641
28.3641
28.3641
28.3641
28.3641
28.3641
28.3641
28.3641
29.3759
29.3759
29.3759
29.3759
29.3759
29.3759
29.3759
29.3759
30.6454
30.6454
30.6454
30.6454
30.6454
30.6454
30.6454
30.6454
32.1872
32.1872
32.1872
32.1872
32.1872
32.1872
32.1872
32.1872
34.0003
34.0003
34.0003
34.0003
34.0003
34.0003
34.0003
34.0003
36.0666
36.0666
36.0666
36.0666
36.0666
36.0666
36.0666
36.0666
38.3494
38.3494
38.3494
38.3494
38.3494
38.3494
38.3494
38.3494
40.7912
40.7912
40.7912
40.7912
40.7912
40.7912
40.7912
40.7912
43.3139
43.3139
43.3139
43.3139
43.3139
43.3139
43.3139
43.3139
45.8209
45.8209
45.8209
45.8209
45.8209
45.8209
45.8209
45.8209
48.2044
48.2044
48.2044
48.2044
48.2044
48.2044
48.2044
48.2044
50.3543
50.3543
50.3543
50.3543
50.3543
50.3543
50.3543
50.3543
52.1702
52.1702
52.1702
52.1702
52.1702
52.1702
52.1702
52.1702
53.5758
53.5758
53.5758
53.5758
53.5758
53.5758
53.5758
53.5758
54.5276
54.5276
54.5276
54.5276
54.5276
54.5276
54.5276
54.5276
55.0224
55.0224
55.0224
55.0224
55.0224
55.0224
55.0224
55.0224
28.3641
28.3641
28.3641
28.3641
28.3641
28.3641
28.3641
28.3641
29.3759
29.3759
29.3759
29.3759
29.3759
29.3759
29.3759
29.3759
30.6454
30.6454
30.6454
30.6454
30.6454
30.6454
30.6454
30.6454
32.1872
32.1872
32.1872
32.1872
32.1872
32.1872
32.1872
32.1872
34.0003
34.0003
34.0003
34.0003
34.0003
34.0003
34.0003
34.0003
36.0666
36.0666
36.0666
36.0666
36.0666
36.0666
36.0666
36.0666
38.3494
38.3494
38.3494
38.3494
38.3494
38.3494
38.3494
38.3494
40.7912
40.7912
40.7912
40.7912
40.7912
40.7912
40.7912
40.7912
43.3139
43.3139
43.3139
43.3139
43.3139
43.3139
43.3139
43.3139
45.8209
45.8209
45.8209
45.8209
45.8209
45.8209
45.8209
45.8209
48.2044
48.2044
48.2044
48.2044
48.2044
48.2044
48.2044
48.2044
50.3543
50.3543
50.3543
50.3543
50.3543
50.3543
50.3543
50.3543
52.1702
52.1702
52.1702
52.1702
52.1702
52.1702
52.1702
52.1702
53.5758
53.5758
53.5758
53.5758
53.5758
53.5758
53.5758
53.5758
54.5276
54.5276
54.5276
54.5276
54.5276
54.5276
54.5276
54.5276
55.0224
55.0224
55.0224
55.0224
55.0224
55.0224
55.0224
55.0224
28.3641
28.3641
28.3641
28.3641
28.3641
28.3641
28.3641
28.3641
29.3759
29.3759
29.3759
29.3759
29.3759
29.3759
29.3759
29.3759
30.6454
30.6454
30.6454
30.6454
30.6454
30.6454
30.6454
30.6454
32.1872
32.1872
32.1872
32.1872
32.1872
32.1872
32.1872
32.1872
34.0003
34.0003
34.0003
34.0003
34.0003
34.0003
34.0003
34.0003
36.0666
36.0666
36.0666
36.0666
36.0666
36.0666
36.0666
36.0666
38.3494
38.3494
38.3494
38.3494
38.3494
38.3494
38.3494
38.3494
40.7912
40.7912
40.7912
40.7912
40.7912
40.7912
40.7912
40.7912
43.3139
43.3139
43.3139
43.3139
43.3139
43.3139
43.3139
43.3139
45.8209
45.8209
45.8209
45.8209
45.8209
45.8209
45.8209
45.8209
48.2044
48.2044
48.2044
48.2044
48.2044
48.2044
48.2044
48.2044
50.3543
50.3543
50.3543
50.3543
50.3543
50.3543
50.3543
50.3543
52.1702
52.1702
52.1702
52.1702
52.1702
52.1702
52.1702
52.1702
53.5758
53.5758
53.5758
53.5758
53.5758
53.5758
53.5758
53.5758
54.5276
54.5276
54.5276
54.5276
54.5276
54.5276
54.5276
54.5276
55.0224
55.0224
55.0224
55.0224
55.0224
55.0224
55.0224
55.0224
28.3641
28.3641
28.3641
28.3641
28.3641
28.3641
28.3641
28.3641
29.3759
29.3759
29.3759
29.3759
29.3759
29.3759
29.3759
29.3759
30.6454
30.6454
30.6454
30.6454
30.6454
30.6454
30.6454
30.6454
32.1872
32.1872
32.1872
32.1872
32.1872
32.1872
32.1872
32.1872
34.0003
34.0003
34.0003
34.0003
34.0003
34.0003
34.0003
34.0003
36.0666
36.0666
36.0666
36.0666
36.0666
36.0666
36.0666
36.0666
38.3494
38.3494
38.3494
38.3494
38.3494
38.3494
38.3494
38.3494
40.7912
40.7912
40.7912
40.7912
40.7912
40.7912
40.7912
40.7912
43.3139
43.3139
43.3139
43.3139
43.3139
43.3139
43.3139
43.3139
45.8209
45.8209
45.8209
45.8209
45.8209
45.8209
45.8209
45.8209
48.2044
48.2044
48.2044
48.2044
48.2044
48.2044
48.2044
48.2044
50.3543
50.3543
50.3543
50.3543
50.3543
50.3543
50.3543
50.3543
52.1702
52.1702
52.1702
52.1702
52.1702
52.1702
52.1702
52.1702
53.5758
53.5758
53.5758
53.5758
53.5758
53.5758
53.5758
53.5758
54.5276
54.5276
54.5276
54.5276
54.5276
54.5276
54.5276
54.5276
55.0224
55.0224
55.0224
55.0224
55.0224
55.0224
55.0224
55.0224
26.9827
26.9827
26.9827
26.9827
26.9827
26.9827
26.9827
26.9827
27.8986
27.8986
27.8986
27.8986
27.8986
27.8986
27.8986
27.8986
29.074
29.074
29.074
29.074
29.074
29.074
29.074
29.074
30.5256
30.5256
30.5256
30.5256
30.5256
30.5256
30.5256
30.5256
32.2541
32.2541
32.2541
32.2541
32.2541
32.2541
32.2541
32.2541
34.2436
34.2436
34.2436
34.2436
34.2436
34.2436
34.2436
34.2436
36.4591
36.4591
36.4591
36.4591
36.4591
36.4591
36.4591
36.4591
38.8441
38.8441
38.8441
38.8441
38.8441
38.8441
38.8441
38.8441
41.3204
41.3204
41.3204
41.3204
41.3204
41.3204
41.3204
41.3204
43.79
43.79
43.79
43.79
43.79
43.79
43.79
43.79
46.1413
46.1413
46.1413
46.1413
46.1413
46.1413
46.1413
46.1413
48.2591
48.2591
48.2591
48.2591
48.2591
48.2591
48.2591
48.2591
50.0374
50.0374
50.0374
50.0374
50.0374
50.0374
50.0374
50.0374
51.3931
51.3931
51.3931
51.3931
51.3931
51.3931
51.3931
51.3931
52.2782
52.2782
52.2782
52.2782
52.2782
52.2782
52.2782
52.2782
52.6867
52.6867
52.6867
52.6867
52.6867
52.6867
52.6867
52.6867
26.9827
26.9827
26.9827
26.9827
26.9827
26.9827
26.9827
26.9827
27.8986
27.8986
27.8986
27.8986
27.8986
27.8986
27.8986
27.8986
29.074
29.074
29.074
29.074
29.074
29.074
29.074
29.074
30.5256
30.5256
30.5256
30.5256
30.5256
30.5256
30.5256
30.5256
32.2541
32.2541
32.2541
32.2541
32.2541
32.2541
32.2541
32.2541
34.2436
34.2436
34.2436
34.2436
34.2436
34.2436
34.2436
34.2436
36.4591
36.4591
36.4591
36.4591
36.4591
36.4591
36.4591
36.4591
38.8441
38.8441
38.8441
38.8441
38.8441
38.8441
38.8441
38.8441
41.3204
41.3204
41.3204
41.3204
41.3204
41.3204
41.3204
41.3204
43.79
43.79
43.79
43.79
43.79
43.79
43.79
43.79
46.1413
46.1413
46.1413
46.1413
46.1413
46.1413
46.1413
46.1413
48.2591
48.2591
48.2591
48.2591
48.2591
48.2591
48.2591
48.2591
50.0374
50.0374
50.0374
50.0374
50.0374
50.0374
50.0374
50.0374
51.3931
51.3931
51.3931
51.3931
51.3931
51.3931
51.3931
51.3931
52.2782
52.2782
52.2782
52.2782
52.2782
52.2782
52.2782
52.2782
52.6867
52.6867
52.6867
52.6867
52.6867
52.6867
52.6867
52.6867
26.9827
26.9827
26.9827
26.9827
26.9827
26.9827
26.9827
26.9827
27.8986
27.8986
27.8986
27.8986
27.8986
27.8986
27.8986
27.8986
29.074
29.074
29.074
29.074
29.074
29.074
29.074
29.074
30.5256
30.5256
30.5256
30.5256
30.5256
30.5256
30.5256
30.5256
32.2541
32.2541
32.2541
32.2541
32.2541
32.2541
32.2541
32.2541
34.2436
34.2436
34.2436
34.2436
34.2436
34.2436
34.2436
34.2436
36.4591
36.4591
36.4591
36.4591
36.4591
36.4591
36.4591
36.4591
38.8441
38.8441
38.8441
38.8441
38.8441
38.8441
38.8441
38.8441
41.3204
41.3204
41.3204
41.3204
41.3204
41.3204
41.3204
41.3204
43.79
43.79
43.79
43.79
43.79
43.79
43.79
43.79
46.1413
46.1413
46.1413
46.1413
46.1413
46.1413
46.1413
46.1413
48.2591
48.2591
48.2591
48.2591
48.2591
48.2591
48.2591
48.2591
50.0374
50.0374
50.0374
50.0374
50.0374
50.0374
50.0374
50.0374
51.3931
51.3931
51.3931
51.3931
51.3931
51.3931
51.3931
51.3931
52.2782
52.2782
52.2782
52.2782
52.2782
52.2782
52.2782
52.2782
52.6867
52.6867
52.6867
52.6867
52.6867
52.6867
52.6867
52.6867
26.9827
26.9827
26.9827
26.9827
26.9827
26.9827
26.9827
26.9827
27.8986
27.8986
27.8986
27.8986
27.8986
27.8986
27.8986
27.8986
29.074
29.074
29.074
29.074
29.074
29.074
29.074
29.074
30.5256
30.5256
30.5256
30.5256
30.5256
30.5256
30.5256
30.5256
32.2541
32.2541
32.2541
32.2541
32.2541
32.2541
32.2541
32.2541
34.2436
34.2436
34.2436
34.2436
34.2436
34.2436
34.2436
34.2436
36.4591
36.4591
36.4591
36.4591
36.4591
36.4591
36.4591
36.4591
38.8441
38.8441
38.8441
38.8441
38.8441
38.8441
38.8441
38.8441
41.3204
41.3204
41.3204
41.3204
41.3204
41.3204
41.3204
41.3204
43.79
43.79
43.79
43.79
43.79
43.79
43.79
43.79
46.1413
46.1413
46.1413
46.1413
46.1413
46.1413
46.1413
46.1413
48.2591
48.2591
48.2591
48.2591
48.2591
48.2591
48.2591
48.2591
50.0374
50.0374
50.0374
50.0374
50.0374
50.0374
50.0374
50.0374
51.3931
51.3931
51.3931
51.3931
51.3931
51.3931
51.3931
51.3931
52.2782
52.2782
52.2782
52.2782
52.2782
52.2782
52.2782
52.2782
52.6867
52.6867
52.6867
52.6867
52.6867
52.6867
52.6867
52.6867
25.632
25.632
25.632
25.632
25.632
25.632
25.632
25.632
26.4521
26.4521
26.4521
26.4521
26.4521
26.4521
26.4521
26.4521
27.5317
27.5317
27.5317
27.5317
27.5317
27.5317
27.5317
27.5317
28.8888
28.8888
28.8888
28.8888
28.8888
28.8888
28.8888
28.8888
30.5259
30.5259
30.5259
30.5259
30.5259
30.5259
30.5259
30.5259
32.4291
32.4291
32.4291
32.4291
32.4291
32.4291
32.4291
32.4291
34.5654
34.5654
34.5654
34.5654
34.5654
34.5654
34.5654
34.5654
36.8803
36.8803
36.8803
36.8803
36.8803
36.8803
36.8803
36.8803
39.2963
39.2963
39.2963
39.2963
39.2963
39.2963
39.2963
39.2963
41.7148
41.7148
41.7148
41.7148
41.7148
41.7148
41.7148
41.7148
44.022
44.022
44.022
44.022
44.022
44.022
44.022
44.022
46.0987
46.0987
46.0987
46.0987
46.0987
46.0987
46.0987
46.0987
47.8336
47.8336
47.8336
47.8336
47.8336
47.8336
47.8336
47.8336
49.1382
49.1382
49.1382
49.1382
49.1382
49.1382
49.1382
49.1382
49.9596
49.9596
49.9596
49.9596
49.9596
49.9596
49.9596
49.9596
50.2883
50.2883
50.2883
50.2883
50.2883
50.2883
50.2883
50.2883
25.632
25.632
25.632
25.632
25.632
25.632
25.632
25.632
26.4521
26.4521
26.4521
26.4521
26.4521
26.4521
26.4521
26.4521
27.5317
27.5317
27.5317
27.5317
27.5317
27.5317
27.5317
27.5317
28.8888
28.8888
28.8888
28.8888
28.8888
28.8888
28.8888
28.8888
30.5259
30.5259
30.5259
30.5259
30.5259
30.5259
30.5259
30.5259
32.4291
32.4291
32.4291
32.4291
32.4291
32.4291
32.4291
32.4291
34.5654
34.5654
34.5654
34.5654
34.5654
34.5654
34.5654
34.5654
36.8803
36.8803
36.8803
36.8803
36.8803
36.8803
36.8803
36.8803
39.2963
39.2963
39.2963
39.2963
39.2963
39.2963
39.2963
39.2963
41.7148
41.7148
41.7148
41.7148
41.7148
41.7148
41.7148
41.7148
44.022
44.022
44.022
44.022
44.022
44.022
44.022
44.022
46.0987
46.0987
46.0987
46.0987
46.0987
46.0987
46.0987
46.0987
47.8336
47.8336
47.8336
47.8336
47.8336
47.8336
47.8336
47.8336
49.1382
49.1382
49.1382
49.1382
49.1382
49.1382
49.1382
49.1382
49.9596
49.9596
49.9596
49.9596
49.9596
49.9596
49.9596
49.9596
50.2883
50.2883
50.2883
50.2883
50.2883
50.2883
50.2883
50.2883
25.632
25.632
25.632
25.632
25.632
25.632
25.632
25.632
26.4521
26.4521
26.4521
26.4521
26.4521
26.4521
26.4521
26.4521
27.5317
27.5317
27.5317
27.5317
27.5317
27.5317
27.5317
27.5317
28.8888
28.8888
28.8888
28.8888
28.8888
28.8888
28.8888
28.8888
30.5259
30.5259
30.5259
30.5259
30.5259
30.5259
30.5259
30.5259
32.4291
32.4291
32.4291
32.4291
32.4291
32.4291
32.4291
32.4291
34.5654
34.5654
34.5654
34.5654
34.5654
34.5654
34.5654
34.5654
36.8803
36.8803
36.8803
36.8803
36.8803
36.8803
36.8803
36.8803
39.2963
39.2963
39.2963
39.2963
39.2963
39.2963
39.2963
39.2963
41.7148
41.7148
41.7148
41.7148
41.7148
41.7148
41.7148
41.7148
44.022
44.022
44.022
44.022
44.022
44.022
44.022
44.022
46.0987
46.0987
46.0987
46.0987
46.0987
46.0987
46.0987
46.0987
47.8336
47.8336
47.8336
47.8336
47.8336
47.8336
47.8336
47.8336
49.1382
49.1382
49.1382
49.1382
49.1382
49.1382
49.1382
49.1382
49.9596
49.9596
49.9596
49.9596
49.9596
49.9596
49.9596
49.9596
50.2883
50.2883
50.2883
50.2883
50.2883
50.2883
50.2883
50.2883
25.632
25.632
25.632
25.632
25.632
25.632
25.632
25.632
26.4521
26.4521
26.4521
26.4521
26.4521
26.4521
26.4521
26.4521
27.5317
27.5317
27.5317
27.5317
27.5317
27.5317
27.5317
27.5317
28.8888
28.8888
28.8888
28.8888
28.8888
28.8888
28.8888
28.8888
30.5259
30.5259
30.5259
30.5259
30.5259
30.5259
30.5259
30.5259
32.4291
32.4291
32.4291
32.4291
32.4291
32.4291
32.4291
32.4291
34.5654
34.5654
34.5654
34.5654
34.5654
34.5654
34.5654
34.5654
36.8803
36.8803
36.8803
36.8803
36.8803
36.8803
36.8803
36.8803
39.2963
39.2963
39.2963
39.2963
39.2963
39.2963
39.2963
39.2963
41.7148
41.7148
41.7148
41.7148
41.7148
41.7148
41.7148
41.7148
44.022
44.022
44.022
44.022
44.022
44.022
44.022
44.022
46.0987
46.0987
46.0987
46.0987
46.0987
46.0987
46.0987
46.0987
47.8336
47.8336
47.8336
47.8336
47.8336
47.8336
47.8336
47.8336
49.1382
49.1382
49.1382
49.1382
49.1382
49.1382
49.1382
49.1382
49.9596
49.9596
49.9596
49.9596
49.9596
49.9596
49.9596
49.9596
50.2883
50.2883
50.2883
50.2883
50.2883
50.2883
50.2883
50.2883
24.3316
24.3316
24.3316
24.3316
24.3316
24.3316
24.3316
24.3316
25.0594
25.0594
25.0594
25.0594
25.0594
25.0594
25.0594
25.0594
26.0449
26.0449
26.0449
26.0449
26.0449
26.0449
26.0449
26.0449
27.3073
27.3073
27.3073
27.3073
27.3073
27.3073
27.3073
27.3073
28.8506
28.8506
28.8506
28.8506
28.8506
28.8506
28.8506
28.8506
30.6629
30.6629
30.6629
30.6629
30.6629
30.6629
30.6629
30.6629
32.7135
32.7135
32.7135
32.7135
32.7135
32.7135
32.7135
32.7135
34.9499
34.9499
34.9499
34.9499
34.9499
34.9499
34.9499
34.9499
37.2964
37.2964
37.2964
37.2964
37.2964
37.2964
37.2964
37.2964
39.6549
39.6549
39.6549
39.6549
39.6549
39.6549
39.6549
39.6549
41.9104
41.9104
41.9104
41.9104
41.9104
41.9104
41.9104
41.9104
43.9405
43.9405
43.9405
43.9405
43.9405
43.9405
43.9405
43.9405
45.6299
45.6299
45.6299
45.6299
45.6299
45.6299
45.6299
45.6299
46.8847
46.8847
46.8847
46.8847
46.8847
46.8847
46.8847
46.8847
47.6471
47.6471
47.6471
47.6471
47.6471
47.6471
47.6471
47.6471
47.9043
47.9043
47.9043
47.9043
47.9043
47.9043
47.9043
47.9043
24.3316
24.3316
24.3316
24.3316
24.3316
24.3316
24.3316
24.3316
25.0594
25.0594
25.0594
25.0594
25.0594
25.0594
25.0594
25.0594
26.0449
26.0449
26.0449
26.0449
26.0449
26.0449
26.0449
26.0449
27.3073
27.3073
27.3073
27.3073
27.3073
27.3073
27.3073
27.3073
28.8506
28.8506
28.8506
28.8506
28.8506
28.8506
28.8506
28.8506
30.6629
30.6629
30.6629
30.6629
30.6629
30.6629
30.6629
30.6629
32.7135
32.7135
32.7135
32.7135
32.7135
32.7135
32.7135
32.7135
34.9499
34.9499
34.9499
34.9499
34.9499
34.9499
34.9499
34.9499
37.2964
37.2964
37.2964
37.2964
37.2964
37.2964
37.2964
37.2964
39.6549
39.6549
39.6549
39.6549
39.6549
39.6549
39.6549
39.6549
41.9104
41.9104
41.9104
41.9104
41.9104
41.9104
41.9104
41.9104
43.9405
43.9405
43.9405
43.9405
43.9405
43.9405
43.9405
43.9405
45.6299
45.6299
45.6299
45.6299
45.6299
45.6299
45.6299
45.6299
46.8847
46.8847
46.8847
46.8847
46.8847
46.8847
46.8847
46.8847
47.6471
47.6471
47.6471
47.6471
47.6471
47.6471
47.6471
47.6471
47.9043
47.9043
47.9043
47.9043
47.9043
47.9043
47.9043
47.9043
24.3316
24.3316
24.3316
24.3316
24.3316
24.3316
24.3316
24.3316
25.0594
25.0594
25.0594
25.0594
25.0594
25.0594
25.0594
25.0594
26.0449
26.0449
26.0449
26.0449
26.0449
26.0449
26.0449
26.0449
27.3073
27.3073
27.3073
27.3073
27.3073
27.3073
27.3073
27.3073
28.8506
28.8506
28.8506
28.8506
28.8506
28.8506
28.8506
28.8506
30.6629
30.6629
30.6629
30.6629
30.6629
30.6629
30.6629
30.6629
32.7135
32.7135
32.7135
32.7135
32.7135
32.7135
32.7135
32.7135
34.9499
34.9499
34.9499
34.9499
34.9499
34.9499
34.9499
34.9499
37.2964
37.2964
37.2964
37.2964
37.2964
37.2964
37.2964
37.2964
39.6549
39.6549
39.6549
39.6549
39.6549
39.6549
39.6549
39.6549
41.9104
41.9104
41.9104
41.9104
41.9104
41.9104
41.9104
41.9104
43.9405
43.9405
43.9405
43.9405
43.9405
43.9405
43.9405
43.9405
45.6299
45.6299
45.6299
45.6299
45.6299
45.6299
45.6299
45.6299
46.8847
46.8847
46.8847
46.8847
46.8847
46.8847
46.8847
46.8847
47.6471
47.6471
47.6471
47.6471
47.6471
47.6471
47.6471
47.6471
47.9043
47.9043
47.9043
47.9043
47.9043
47.9043
47.9043
47.9043
24.3316
24.3316
24.3316
24.3316
24.3316
24.3316
24.3316
24.3316
25.0594
25.0594
25.0594
25.0594
25.0594
25.0594
25.0594
25.0594
26.0449
26.0449
26.0449
26.0449
26.0449
26.0449
26.0449
26.0449
27.3073
27.3073
27.3073
27.3073
27.3073
27.3073
27.3073
27.3073
28.8506
28.8506
28.8506
28.8506
28.8506
28.8506
28.8506
28.8506
30.6629
30.6629
30.6629
30.6629
30.6629
30.6629
30.6629
30.6629
32.7135
32.7135
32.7135
32.7135
32.7135
32.7135
32.7135
32.7135
34.9499
34.9499
34.9499
34.9499
34.9499
34.9499
34.9499
34.9499
37.2964
37.2964
37.2964
37.2964
37.2964
37.2964
37.2964
37.2964
39.6549
39.6549
39.6549
39.6549
39.6549
39.6549
39.6549
39.6549
41.9104
41.9104
41.9104
41.9104
41.9104
41.9104
41.9104
41.9104
43.9405
43.9405
43.9405
43.9405
43.9405
43.9405
43.9405
43.9405
45.6299
45.6299
45.6299
45.6299
45.6299
45.6299
45.6299
45.6299
46.8847
46.8847
46.8847
46.8847
46.8847
46.8847
46.8847
46.8847
47.6471
47.6471
47.6471
47.6471
47.6471
47.6471
47.6471
47.6471
47.9043
47.9043
47.9043
47.9043
47.9043
47.9043
47.9043
47.9043
23.097
23.097
23.097
23.097
23.097
23.097
23.097
23.097
23.7385
23.7385
23.7385
23.7385
23.7385
23.7385
23.7385
23.7385
24.6346
24.6346
24.6346
24.6346
24.6346
24.6346
24.6346
24.6346
25.8054
25.8054
25.8054
25.8054
25.8054
25.8054
25.8054
25.8054
27.2562
27.2562
27.2562
27.2562
27.2562
27.2562
27.2562
27.2562
28.9769
28.9769
28.9769
28.9769
28.9769
28.9769
28.9769
28.9769
30.9393
30.9393
30.9393
30.9393
30.9393
30.9393
30.9393
30.9393
33.0935
33.0935
33.0935
33.0935
33.0935
33.0935
33.0935
33.0935
35.3658
35.3658
35.3658
35.3658
35.3658
35.3658
35.3658
35.3658
37.6595
37.6595
37.6595
37.6595
37.6595
37.6595
37.6595
37.6595
39.8593
39.8593
39.8593
39.8593
39.8593
39.8593
39.8593
39.8593
41.8409
41.8409
41.8409
41.8409
41.8409
41.8409
41.8409
41.8409
43.4852
43.4852
43.4852
43.4852
43.4852
43.4852
43.4852
43.4852
44.6937
44.6937
44.6937
44.6937
44.6937
44.6937
44.6937
44.6937
45.4038
45.4038
45.4038
45.4038
45.4038
45.4038
45.4038
45.4038
45.5988
45.5988
45.5988
45.5988
45.5988
45.5988
45.5988
45.5988
23.097
23.097
23.097
23.097
23.097
23.097
23.097
23.097
23.7385
23.7385
23.7385
23.7385
23.7385
23.7385
23.7385
23.7385
24.6346
24.6346
24.6346
24.6346
24.6346
24.6346
24.6346
24.6346
25.8054
25.8054
25.8054
25.8054
25.8054
25.8054
25.8054
25.8054
27.2562
27.2562
27.2562
27.2562
27.2562
27.2562
27.2562
27.2562
28.9769
28.9769
28.9769
28.9769
28.9769
28.9769
28.9769
28.9769
30.9393
30.9393
30.9393
30.9393
30.9393
30.9393
30.9393
30.9393
33.0935
33.0935
33.0935
33.0935
33.0935
33.0935
33.0935
33.0935
35.3658
35.3658
35.3658
35.3658
35.3658
35.3658
35.3658
35.3658
37.6595
37.6595
37.6595
37.6595
37.6595
37.6595
37.6595
37.6595
39.8593
39.8593
39.8593
39.8593
39.8593
39.8593
39.8593
39.8593
41.8409
41.8409
41.8409
41.8409
41.8409
41.8409
41.8409
41.8409
43.4852
43.4852
43.4852
43.4852
43.4852
43.4852
43.4852
43.4852
44.6937
44.6937
44.6937
44.6937
44.6937
44.6937
44.6937
44.6937
45.4038
45.4038
45.4038
45.4038
45.4038
45.4038
45.4038
45.4038
45.5988
45.5988
45.5988
45.5988
45.5988
45.5988
45.5988
45.5988
23.097
23.097
23.097
23.097
23.097
23.097
23.097
23.097
23.7385
23.7385
23.7385
23.7385
23.7385
23.7385
23.7385
23.7385
24.6346
24.6346
24.6346
24.6346
24.6346
24.6346
24.6346
24.6346
25.8054
25.8054
25.8054
25.8054
25.8054
25.8054
25.8054
25.8054
27.2562
27.2562
27.2562
27.2562
27.2562
27.2562
27.2562
27.2562
28.9769
28.9769
28.9769
28.9769
28.9769
28.9769
28.9769
28.9769
30.9393
30.9393
30.9393
30.9393
30.9393
30.9393
30.9393
30.9393
33.0935
33.0935
33.0935
33.0935
33.0935
33.0935
33.0935
33.0935
35.3658
35.3658
35.3658
35.3658
35.3658
35.3658
35.3658
35.3658
37.6595
37.6595
37.6595
37.6595
37.6595
37.6595
37.6595
37.6595
39.8593
39.8593
39.8593
39.8593
39.8593
39.8593
39.8593
39.8593
41.8409
41.8409
41.8409
41.8409
41.8409
41.8409
41.8409
41.8409
43.4852
43.4852
43.4852
43.4852
43.4852
43.4852
43.4852
43.4852
44.6937
44.6937
44.6937
44.6937
44.6937
44.6937
44.6937
44.6937
45.4038
45.4038
45.4038
45.4038
45.4038
45.4038
45.4038
45.4038
45.5988
45.5988
45.5988
45.5988
45.5988
45.5988
45.5988
45.5988
23.097
23.097
23.097
23.097
23.097
23.097
23.097
23.097
23.7385
23.7385
23.7385
23.7385
23.7385
23.7385
23.7385
23.7385
24.6346
24.6346
24.6346
24.6346
24.6346
24.6346
24.6346
24.6346
25.8054
25.8054
25.8054
25.8054
25.8054
25.8054
25.8054
25.8054
27.2562
27.2562
27.2562
27.2562
27.2562
27.2562
27.2562
27.2562
28.9769
28.9769
28.9769
28.9769
28.9769
28.9769
28.9769
28.9769
30.9393
30.9393
30.9393
30.9393
30.9393
30.9393
30.9393
30.9393
33.0935
33.0935
33.0935
33.0935
33.0935
33.0935
33.0935
33.0935
35.3658
35.3658
35.3658
35.3658
35.3658
35.3658
35.3658
35.3658
37.6595
37.6595
37.6595
37.6595
37.6595
37.6595
37.6595
37.6595
39.8593
39.8593
39.8593
39.8593
39.8593
39.8593
39.8593
39.8593
41.8409
41.8409
41.8409
41.8409
41.8409
41.8409
41.8409
41.8409
43.4852
43.4852
43.4852
43.4852
43.4852
43.4852
43.4852
43.4852
44.6937
44.6937
44.6937
44.6937
44.6937
44.6937
44.6937
44.6937
45.4038
45.4038
45.4038
45.4038
45.4038
45.4038
45.4038
45.4038
45.5988
45.5988
45.5988
45.5988
45.5988
45.5988
45.5988
45.5988
21.9398
21.9398
21.9398
21.9398
21.9398
21.9398
21.9398
21.9398
22.5026
22.5026
22.5026
22.5026
22.5026
22.5026
22.5026
22.5026
23.316
23.316
23.316
23.316
23.316
23.316
23.316
23.316
24.4006
24.4006
24.4006
24.4006
24.4006
24.4006
24.4006
24.4006
25.7628
25.7628
25.7628
25.7628
25.7628
25.7628
25.7628
25.7628
27.3943
27.3943
27.3943
27.3943
27.3943
27.3943
27.3943
27.3943
29.2693
29.2693
29.2693
29.2693
29.2693
29.2693
29.2693
29.2693
31.3408
31.3408
31.3408
31.3408
31.3408
31.3408
31.3408
31.3408
33.5378
33.5378
33.5378
33.5378
33.5378
33.5378
33.5378
33.5378
35.7654
35.7654
35.7654
35.7654
35.7654
35.7654
35.7654
35.7654
37.9088
37.9088
37.9088
37.9088
37.9088
37.9088
37.9088
37.9088
39.8426
39.8426
39.8426
39.8426
39.8426
39.8426
39.8426
39.8426
41.4447
41.4447
41.4447
41.4447
41.4447
41.4447
41.4447
41.4447
42.6124
42.6124
42.6124
42.6124
42.6124
42.6124
42.6124
42.6124
43.2782
43.2782
43.2782
43.2782
43.2782
43.2782
43.2782
43.2782
43.4212
43.4212
43.4212
43.4212
43.4212
43.4212
43.4212
43.4212
21.9398
21.9398
21.9398
21.9398
21.9398
21.9398
21.9398
21.9398
22.5026
22.5026
22.5026
22.5026
22.5026
22.5026
22.5026
22.5026
23.316
23.316
23.316
23.316
23.316
23.316
23.316
23.316
24.4006
24.4006
24.4006
24.4006
24.4006
24.4006
24.4006
24.4006
25.7628
25.7628
25.7628
25.7628
25.7628
25.7628
25.7628
25.7628
27.3943
27.3943
27.3943
27.3943
27.3943
27.3943
27.3943
27.3943
29.2693
29.2693
29.2693
29.2693
29.2693
29.2693
29.2693
29.2693
31.3408
31.3408
31.3408
31.3408
31.3408
31.3408
31.3408
31.3408
33.5378
33.5378
33.5378
33.5378
33.5378
33.5378
33.5378
33.5378
35.7654
35.7654
35.7654
35.7654
35.7654
35.7654
35.7654
35.7654
37.9088
37.9088
37.9088
37.9088
37.9088
37.9088
37.9088
37.9088
39.8426
39.8426
39.8426
39.8426
39.8426
39.8426
39.8426
39.8426
41.4447
41.4447
41.4447
41.4447
41.4447
41.4447
41.4447
41.4447
42.6124
42.6124
42.6124
42.6124
42.6124
42.6124
42.6124
42.6124
43.2782
43.2782
43.2782
43.2782
43.2782
43.2782
43.2782
43.2782
43.4212
43.4212
43.4212
43.4212
43.4212
43.4212
43.4212
43.4212
21.9398
21.9398
21.9398
21.9398
21.9398
21.9398
21.9398
21.9398
22.5026
22.5026
22.5026
22.5026
22.5026
22.5026
22.5026
22.5026
23.316
23.316
23.316
23.316
23.316
23.316
23.316
23.316
24.4006
24.4006
24.4006
24.4006
24.4006
24.4006
24.4006
24.4006
25.7628
25.7628
25.7628
25.7628
25.7628
25.7628
25.7628
25.7628
27.3943
27.3943
27.3943
27.3943
27.3943
27.3943
27.3943
27.3943
29.2693
29.2693
29.2693
29.2693
29.2693
29.2693
29.2693
29.2693
31.3408
31.3408
31.3408
31.3408
31.3408
31.3408
31.3408
31.3408
33.5378
33.5378
33.5378
33.5378
33.5378
33.5378
33.5378
33.5378
35.7654
35.7654
35.7654
35.7654
35.7654
35.7654
35.7654
35.7654
37.9088
37.9088
37.9088
37.9088
37.9088
37.9088
37.9088
37.9088
39.8426
39.8426
39.8426
39.8426
39.8426
39.8426
39.8426
39.8426
41.4447
41.4447
41.4447
41.4447
41.4447
41.4447
41.4447
41.4447
42.6124
42.6124
42.6124
42.6124
42.6124
42.6124
42.6124
42.6124
43.2782
43.2782
43.2782
43.2782
43.2782
43.2782
43.2782
43.2782
43.4212
43.4212
43.4212
43.4212
43.4212
43.4212
43.4212
43.4212
21.9398
21.9398
21.9398
21.9398
21.9398
21.9398
21.9398
21.9398
22.5026
22.5026
22.5026
22.5026
22.5026
22.5026
22.5026
22.5026
23.316
23.316
23.316
23.316
23.316
23.316
23.316
23.316
24.4006
24.4006
24.4006
24.4006
24.4006
24.4006
24.4006
24.4006
25.7628
25.7628
25.7628
25.7628
25.7628
25.7628
25.7628
25.7628
27.3943
27.3943
27.3943
27.3943
27.3943
27.3943
27.3943
27.3943
29.2693
29.2693
29.2693
29.2693
29.2693
29.2693
29.2693
29.2693
31.3408
31.3408
31.3408
31.3408
31.3408
31.3408
31.3408
31.3408
33.5378
33.5378
33.5378
33.5378
33.5378
33.5378
33.5378
33.5378
35.7654
35.7654
35.7654
35.7654
35.7654
35.7654
35.7654
35.7654
37.9088
37.9088
37.9088
37.9088
37.9088
37.9088
37.9088
37.9088
39.8426
39.8426
39.8426
39.8426
39.8426
39.8426
39.8426
39.8426
41.4447
41.4447
41.4447
41.4447
41.4447
41.4447
41.4447
41.4447
42.6124
42.6124
42.6124
42.6124
42.6124
42.6124
42.6124
42.6124
43.2782
43.2782
43.2782
43.2782
43.2782
43.2782
43.2782
43.2782
43.4212
43.4212
43.4212
43.4212
43.4212
43.4212
43.4212
43.4212
20.8675
20.8675
20.8675
20.8675
20.8675
20.8675
20.8675
20.8675
21.36
21.36
21.36
21.36
21.36
21.36
21.36
21.36
22.0985
22.0985
22.0985
22.0985
22.0985
22.0985
22.0985
22.0985
23.1036
23.1036
23.1036
23.1036
23.1036
23.1036
23.1036
23.1036
24.3828
24.3828
24.3828
24.3828
24.3828
24.3828
24.3828
24.3828
25.9295
25.9295
25.9295
25.9295
25.9295
25.9295
25.9295
25.9295
27.7204
27.7204
27.7204
27.7204
27.7204
27.7204
27.7204
27.7204
29.7114
29.7114
29.7114
29.7114
29.7114
29.7114
29.7114
29.7114
31.8344
31.8344
31.8344
31.8344
31.8344
31.8344
31.8344
31.8344
33.9971
33.9971
33.9971
33.9971
33.9971
33.9971
33.9971
33.9971
36.0858
36.0858
36.0858
36.0858
36.0858
36.0858
36.0858
36.0858
37.9748
37.9748
37.9748
37.9748
37.9748
37.9748
37.9748
37.9748
39.5395
39.5395
39.5395
39.5395
39.5395
39.5395
39.5395
39.5395
40.6732
40.6732
40.6732
40.6732
40.6732
40.6732
40.6732
40.6732
41.3038
41.3038
41.3038
41.3038
41.3038
41.3038
41.3038
41.3038
41.4057
41.4057
41.4057
41.4057
41.4057
41.4057
41.4057
41.4057
20.8675
20.8675
20.8675
20.8675
20.8675
20.8675
20.8675
20.8675
21.36
21.36
21.36
21.36
21.36
21.36
21.36
21.36
22.0985
22.0985
22.0985
22.0985
22.0985
22.0985
22.0985
22.0985
23.1036
23.1036
23.1036
23.1036
23.1036
23.1036
23.1036
23.1036
24.3828
24.3828
24.3828
24.3828
24.3828
24.3828
24.3828
24.3828
25.9295
25.9295
25.9295
25.9295
25.9295
25.9295
25.9295
25.9295
27.7204
27.7204
27.7204
27.7204
27.7204
27.7204
27.7204
27.7204
29.7114
29.7114
29.7114
29.7114
29.7114
29.7114
29.7114
29.7114
31.8344
31.8344
31.8344
31.8344
31.8344
31.8344
31.8344
31.8344
33.9971
33.9971
33.9971
33.9971
33.9971
33.9971
33.9971
33.9971
36.0858
36.0858
36.0858
36.0858
36.0858
36.0858
36.0858
36.0858
37.9748
37.9748
37.9748
37.9748
37.9748
37.9748
37.9748
37.9748
39.5395
39.5395
39.5395
39.5395
39.5395
39.5395
39.5395
39.5395
40.6732
40.6732
40.6732
40.6732
40.6732
40.6732
40.6732
40.6732
41.3038
41.3038
41.3038
41.3038
41.3038
41.3038
41.3038
41.3038
41.4057
41.4057
41.4057
41.4057
41.4057
41.4057
41.4057
41.4057
20.8675
20.8675
20.8675
20.8675
20.8675
20.8675
20.8675
20.8675
21.36
21.36
21.36
21.36
21.36
21.36
21.36
21.36
22.0985
22.0985
22.0985
22.0985
22.0985
22.0985
22.0985
22.0985
23.1036
23.1036
23.1036
23.1036
23.1036
23.1036
23.1036
23.1036
24.3828
24.3828
24.3828
24.3828
24.3828
24.3828
24.3828
24.3828
25.9295
25.9295
25.9295
25.9295
25.9295
25.9295
25.9295
25.9295
27.7204
27.7204
27.7204
27.7204
27.7204
27.7204
27.7204
27.7204
29.7114
29.7114
29.7114
29.7114
29.7114
29.7114
29.7114
29.7114
31.8344
31.8344
31.8344
31.8344
31.8344
31.8344
31.8344
31.8344
33.9971
33.9971
33.9971
33.9971
33.9971
33.9971
33.9971
33.9971
36.0858
36.0858
36.0858
36.0858
36.0858
36.0858
36.0858
36.0858
37.9748
37.9748
37.9748
37.9748
37.9748
37.9748
37.9748
37.9748
39.5395
39.5395
39.5395
39.5395
39.5395
39.5395
39.5395
39.5395
40.6732
40.6732
40.6732
40.6732
40.6732
40.6732
40.6732
40.6732
41.3038
41.3038
41.3038
41.3038
41.3038
41.3038
41.3038
41.3038
41.4057
41.4057
41.4057
41.4057
41.4057
41.4057
41.4057
41.4057
20.8675
20.8675
20.8675
20.8675
20.8675
20.8675
20.8675
20.8675
21.36
21.36
21.36
21.36
21.36
21.36
21.36
21.36
22.0985
22.0985
22.0985
22.0985
22.0985
22.0985
22.0985
22.0985
23.1036
23.1036
23.1036
23.1036
23.1036
23.1036
23.1036
23.1036
24.3828
24.3828
24.3828
24.3828
24.3828
24.3828
24.3828
24.3828
25.9295
25.9295
25.9295
25.9295
25.9295
25.9295
25.9295
25.9295
27.7204
27.7204
27.7204
27.7204
27.7204
27.7204
27.7204
27.7204
29.7114
29.7114
29.7114
29.7114
29.7114
29.7114
29.7114
29.7114
31.8344
31.8344
31.8344
31.8344
31.8344
31.8344
31.8344
31.8344
33.9971
33.9971
33.9971
33.9971
33.9971
33.9971
33.9971
33.9971
36.0858
36.0858
36.0858
36.0858
36.0858
36.0858
36.0858
36.0858
37.9748
37.9748
37.9748
37.9748
37.9748
37.9748
37.9748
37.9748
39.5395
39.5395
39.5395
39.5395
39.5395
39.5395
39.5395
39.5395
40.6732
40.6732
40.6732
40.6732
40.6732
40.6732
40.6732
40.6732
41.3038
41.3038
41.3038
41.3038
41.3038
41.3038
41.3038
41.3038
41.4057
41.4057
41.4057
41.4057
41.4057
41.4057
41.4057
41.4057
19.8838
19.8838
19.8838
19.8838
19.8838
19.8838
19.8838
19.8838
20.3147
20.3147
20.3147
20.3147
20.3147
20.3147
20.3147
20.3147
20.9862
20.9862
20.9862
20.9862
20.9862
20.9862
20.9862
20.9862
21.9192
21.9192
21.9192
21.9192
21.9192
21.9192
21.9192
21.9192
23.1219
23.1219
23.1219
23.1219
23.1219
23.1219
23.1219
23.1219
24.5893
24.5893
24.5893
24.5893
24.5893
24.5893
24.5893
24.5893
26.3006
26.3006
26.3006
26.3006
26.3006
26.3006
26.3006
26.3006
28.2147
28.2147
28.2147
28.2147
28.2147
28.2147
28.2147
28.2147
30.2668
30.2668
30.2668
30.2668
30.2668
30.2668
30.2668
30.2668
32.3675
32.3675
32.3675
32.3675
32.3675
32.3675
32.3675
32.3675
34.4049
34.4049
34.4049
34.4049
34.4049
34.4049
34.4049
34.4049
36.2535
36.2535
36.2535
36.2535
36.2535
36.2535
36.2535
36.2535
37.7867
37.7867
37.7867
37.7867
37.7867
37.7867
37.7867
37.7867
38.8943
38.8943
38.8943
38.8943
38.8943
38.8943
38.8943
38.8943
39.4995
39.4995
39.4995
39.4995
39.4995
39.4995
39.4995
39.4995
39.5718
39.5718
39.5718
39.5718
39.5718
39.5718
39.5718
39.5718
19.8838
19.8838
19.8838
19.8838
19.8838
19.8838
19.8838
19.8838
20.3147
20.3147
20.3147
20.3147
20.3147
20.3147
20.3147
20.3147
20.9862
20.9862
20.9862
20.9862
20.9862
20.9862
20.9862
20.9862
21.9192
21.9192
21.9192
21.9192
21.9192
21.9192
21.9192
21.9192
23.1219
23.1219
23.1219
23.1219
23.1219
23.1219
23.1219
23.1219
24.5893
24.5893
24.5893
24.5893
24.5893
24.5893
24.5893
24.5893
26.3006
26.3006
26.3006
26.3006
26.3006
26.3006
26.3006
26.3006
28.2147
28.2147
28.2147
28.2147
28.2147
28.2147
28.2147
28.2147
30.2668
30.2668
30.2668
30.2668
30.2668
30.2668
30.2668
30.2668
32.3675
32.3675
32.3675
32.3675
32.3675
32.3675
32.3675
32.3675
34.4049
34.4049
34.4049
34.4049
34.4049
34.4049
34.4049
34.4049
36.2535
36.2535
36.2535
36.2535
36.2535
36.2535
36.2535
36.2535
37.7867
37.7867
37.7867
37.7867
37.7867
37.7867
37.7867
37.7867
38.8943
38.8943
38.8943
38.8943
38.8943
38.8943
38.8943
38.8943
39.4995
39.4995
39.4995
39.4995
39.4995
39.4995
39.4995
39.4995
39.5718
39.5718
39.5718
39.5718
39.5718
39.5718
39.5718
39.5718
19.8838
19.8838
19.8838
19.8838
19.8838
19.8838
19.8838
19.8838
20.3147
20.3147
20.3147
20.3147
20.3147
20.3147
20.3147
20.3147
20.9862
20.9862
20.9862
20.9862
20.9862
20.9862
20.9862
20.9862
21.9192
21.9192
21.9192
21.9192
21.9192
21.9192
21.9192
21.9192
23.1219
23.1219
23.1219
23.1219
23.1219
23.1219
23.1219
23.1219
24.5893
24.5893
24.5893
24.5893
24.5893
24.5893
24.5893
24.5893
26.3006
26.3006
26.3006
26.3006
26.3006
26.3006
26.3006
26.3006
28.2147
28.2147
28.2147
28.2147
28.2147
28.2147
28.2147
28.2147
30.2668
30.2668
30.2668
30.2668
30.2668
30.2668
30.2668
30.2668
32.3675
32.3675
32.3675
32.3675
32.3675
32.3675
32.3675
32.3675
34.4049
34.4049
34.4049
34.4049
34.4049
34.4049
34.4049
34.4049
36.2535
36.2535
36.2535
36.2535
36.2535
36.2535
36.2535
36.2535
37.7867
37.7867
37.7867
37.7867
37.7867
37.7867
37.7867
37.7867
38.8943
38.8943
38.8943
38.8943
38.8943
38.8943
38.8943
38.8943
39.4995
39.4995
39.4995
39.4995
39.4995
39.4995
39.4995
39.4995
39.5718
39.5718
39.5718
39.5718
39.5718
39.5718
39.5718
39.5718
19.8838
19.8838
19.8838
19.8838
19.8838
19.8838
19.8838
19.8838
20.3147
20.3147
20.3147
20.3147
20.3147
20.3147
20.3147
20.3147
20.9862
20.9862
20.9862
20.9862
20.9862
20.9862
20.9862
20.9862
21.9192
21.9192
21.9192
21.9192
21.9192
21.9192
21.9192
21.9192
23.1219
23.1219
23.1219
23.1219
23.1219
23.1219
23.1219
23.1219
24.5893
24.5893
24.5893
24.5893
24.5893
24.5893
24.5893
24.5893
26.3006
26.3006
26.3006
26.3006
26.3006
26.3006
26.3006
26.3006
28.2147
28.2147
28.2147
28.2147
28.2147
28.2147
28.2147
28.2147
30.2668
30.2668
30.2668
30.2668
30.2668
30.2668
30.2668
30.2668
32.3675
32.3675
32.3675
32.3675
32.3675
32.3675
32.3675
32.3675
34.4049
34.4049
34.4049
34.4049
34.4049
34.4049
34.4049
34.4049
36.2535
36.2535
36.2535
36.2535
36.2535
36.2535
36.2535
36.2535
37.7867
37.7867
37.7867
37.7867
37.7867
37.7867
37.7867
37.7867
38.8943
38.8943
38.8943
38.8943
38.8943
38.8943
38.8943
38.8943
39.4995
39.4995
39.4995
39.4995
39.4995
39.4995
39.4995
39.4995
39.5718
39.5718
39.5718
39.5718
39.5718
39.5718
39.5718
39.5718
18.9891
18.9891
18.9891
18.9891
18.9891
18.9891
18.9891
18.9891
19.3666
19.3666
19.3666
19.3666
19.3666
19.3666
19.3666
19.3666
19.979
19.979
19.979
19.979
19.979
19.979
19.979
19.979
20.8472
20.8472
20.8472
20.8472
20.8472
20.8472
20.8472
20.8472
21.9799
21.9799
21.9799
21.9799
21.9799
21.9799
21.9799
21.9799
23.3738
23.3738
23.3738
23.3738
23.3738
23.3738
23.3738
23.3738
25.0104
25.0104
25.0104
25.0104
25.0104
25.0104
25.0104
25.0104
26.8518
26.8518
26.8518
26.8518
26.8518
26.8518
26.8518
26.8518
28.8369
28.8369
28.8369
28.8369
28.8369
28.8369
28.8369
28.8369
30.8792
30.8792
30.8792
30.8792
30.8792
30.8792
30.8792
30.8792
32.8695
32.8695
32.8695
32.8695
32.8695
32.8695
32.8695
32.8695
34.6828
34.6828
34.6828
34.6828
34.6828
34.6828
34.6828
34.6828
36.1912
36.1912
36.1912
36.1912
36.1912
36.1912
36.1912
36.1912
37.2814
37.2814
37.2814
37.2814
37.2814
37.2814
37.2814
37.2814
37.8716
37.8716
37.8716
37.8716
37.8716
37.8716
37.8716
37.8716
37.9261
37.9261
37.9261
37.9261
37.9261
37.9261
37.9261
37.9261
18.9891
18.9891
18.9891
18.9891
18.9891
18.9891
18.9891
18.9891
19.3666
19.3666
19.3666
19.3666
19.3666
19.3666
19.3666
19.3666
19.979
19.979
19.979
19.979
19.979
19.979
19.979
19.979
20.8472
20.8472
20.8472
20.8472
20.8472
20.8472
20.8472
20.8472
21.9799
21.9799
21.9799
21.9799
21.9799
21.9799
21.9799
21.9799
23.3738
23.3738
23.3738
23.3738
23.3738
23.3738
23.3738
23.3738
25.0104
25.0104
25.0104
25.0104
25.0104
25.0104
25.0104
25.0104
26.8518
26.8518
26.8518
26.8518
26.8518
26.8518
26.8518
26.8518
28.8369
28.8369
28.8369
28.8369
28.8369
28.8369
28.8369
28.8369
30.8792
30.8792
30.8792
30.8792
30.8792
30.8792
30.8792
30.8792
32.8695
32.8695
32.8695
32.8695
32.8695
32.8695
32.8695
32.8695
34.6828
34.6828
34.6828
34.6828
34.6828
34.6828
34.6828
34.6828
36.1912
36.1912
36.1912
36.1912
36.1912
36.1912
36.1912
36.1912
37.2814
37.2814
37.2814
37.2814
37.2814
37.2814
37.2814
37.2814
37.8716
37.8716
37.8716
37.8716
37.8716
37.8716
37.8716
37.8716
37.9261
37.9261
37.9261
37.9261
37.9261
37.9261
37.9261
37.9261
18.9891
18.9891
18.9891
18.9891
18.9891
18.9891
18.9891
18.9891
19.3666
19.3666
19.3666
19.3666
19.3666
19.3666
19.3666
19.3666
19.979
19.979
19.979
19.979
19.979
19.979
19.979
19.979
20.8472
20.8472
20.8472
20.8472
20.8472
20.8472
20.8472
20.8472
21.9799
21.9799
21.9799
21.9799
21.9799
21.9799
21.9799
21.9799
23.3738
23.3738
23.3738
23.3738
23.3738
23.3738
23.3738
23.3738
25.0104
25.0104
25.0104
25.0104
25.0104
25.0104
25.0104
25.0104
26.8518
26.8518
26.8518
26.8518
26.8518
26.8518
26.8518
26.8518
28.8369
28.8369
28.8369
28.8369
28.8369
28.8369
28.8369
28.8369
30.8792
30.8792
30.8792
30.8792
30.8792
30.8792
30.8792
30.8792
32.8695
32.8695
32.8695
32.8695
32.8695
32.8695
32.8695
32.8695
34.6828
34.6828
34.6828
34.6828
34.6828
34.6828
34.6828
34.6828
36.1912
36.1912
36.1912
36.1912
36.1912
36.1912
36.1912
36.1912
37.2814
37.2814
37.2814
37.2814
37.2814
37.2814
37.2814
37.2814
37.8716
37.8716
37.8716
37.8716
37.8716
37.8716
37.8716
37.8716
37.9261
37.9261
37.9261
37.9261
37.9261
37.9261
37.9261
37.9261
18.9891
18.9891
18.9891
18.9891
18.9891
18.9891
18.9891
18.9891
19.3666
19.3666
19.3666
19.3666
19.3666
19.3666
19.3666
19.3666
19.979
19.979
19.979
19.979
19.979
19.979
19.979
19.979
20.8472
20.8472
20.8472
20.8472
20.8472
20.8472
20.8472
20.8472
21.9799
21.9799
21.9799
21.9799
21.9799
21.9799
21.9799
21.9799
23.3738
23.3738
23.3738
23.3738
23.3738
23.3738
23.3738
23.3738
25.0104
25.0104
25.0104
25.0104
25.0104
25.0104
25.0104
25.0104
26.8518
26.8518
26.8518
26.8518
26.8518
26.8518
26.8518
26.8518
28.8369
28.8369
28.8369
28.8369
28.8369
28.8369
28.8369
28.8369
30.8792
30.8792
30.8792
30.8792
30.8792
30.8792
30.8792
30.8792
32.8695
32.8695
32.8695
32.8695
32.8695
32.8695
32.8695
32.8695
34.6828
34.6828
34.6828
34.6828
34.6828
34.6828
34.6828
34.6828
36.1912
36.1912
36.1912
36.1912
36.1912
36.1912
36.1912
36.1912
37.2814
37.2814
37.2814
37.2814
37.2814
37.2814
37.2814
37.2814
37.8716
37.8716
37.8716
37.8716
37.8716
37.8716
37.8716
37.8716
37.9261
37.9261
37.9261
37.9261
37.9261
37.9261
37.9261
37.9261
18.181
18.181
18.181
18.181
18.181
18.181
18.181
18.181
18.5127
18.5127
18.5127
18.5127
18.5127
18.5127
18.5127
18.5127
19.0731
19.0731
19.0731
19.0731
19.0731
19.0731
19.0731
19.0731
19.8829
19.8829
19.8829
19.8829
19.8829
19.8829
19.8829
19.8829
20.9517
20.9517
20.9517
20.9517
20.9517
20.9517
20.9517
20.9517
22.2774
22.2774
22.2774
22.2774
22.2774
22.2774
22.2774
22.2774
23.8441
23.8441
23.8441
23.8441
23.8441
23.8441
23.8441
23.8441
25.6171
25.6171
25.6171
25.6171
25.6171
25.6171
25.6171
25.6171
27.5387
27.5387
27.5387
27.5387
27.5387
27.5387
27.5387
27.5387
29.5264
29.5264
29.5264
29.5264
29.5264
29.5264
29.5264
29.5264
31.4737
31.4737
31.4737
31.4737
31.4737
31.4737
31.4737
31.4737
33.2569
33.2569
33.2569
33.2569
33.2569
33.2569
33.2569
33.2569
34.7475
34.7475
34.7475
34.7475
34.7475
34.7475
34.7475
34.7475
35.8289
35.8289
35.8289
35.8289
35.8289
35.8289
35.8289
35.8289
36.4148
36.4148
36.4148
36.4148
36.4148
36.4148
36.4148
36.4148
36.4639
36.4639
36.4639
36.4639
36.4639
36.4639
36.4639
36.4639
18.181
18.181
18.181
18.181
18.181
18.181
18.181
18.181
18.5127
18.5127
18.5127
18.5127
18.5127
18.5127
18.5127
18.5127
19.0731
19.0731
19.0731
19.0731
19.0731
19.0731
19.0731
19.0731
19.8829
19.8829
19.8829
19.8829
19.8829
19.8829
19.8829
19.8829
20.9517
20.9517
20.9517
20.9517
20.9517
20.9517
20.9517
20.9517
22.2774
22.2774
22.2774
22.2774
22.2774
22.2774
22.2774
22.2774
23.8441
23.8441
23.8441
23.8441
23.8441
23.8441
23.8441
23.8441
25.6171
25.6171
25.6171
25.6171
25.6171
25.6171
25.6171
25.6171
27.5387
27.5387
27.5387
27.5387
27.5387
27.5387
27.5387
27.5387
29.5264
29.5264
29.5264
29.5264
29.5264
29.5264
29.5264
29.5264
31.4737
31.4737
31.4737
31.4737
31.4737
31.4737
31.4737
31.4737
33.2569
33.2569
33.2569
33.2569
33.2569
33.2569
33.2569
33.2569
34.7475
34.7475
34.7475
34.7475
34.7475
34.7475
34.7475
34.7475
35.8289
35.8289
35.8289
35.8289
35.8289
35.8289
35.8289
35.8289
36.4148
36.4148
36.4148
36.4148
36.4148
36.4148
36.4148
36.4148
36.4639
36.4639
36.4639
36.4639
36.4639
36.4639
36.4639
36.4639
18.181
18.181
18.181
18.181
18.181
18.181
18.181
18.181
18.5127
18.5127
18.5127
18.5127
18.5127
18.5127
18.5127
18.5127
19.0731
19.0731
19.0731
19.0731
19.0731
19.0731
19.0731
19.0731
19.8829
19.8829
19.8829
19.8829
19.8829
19.8829
19.8829
19.8829
20.9517
20.9517
20.9517
20.9517
20.9517
20.9517
20.9517
20.9517
22.2774
22.2774
22.2774
22.2774
22.2774
22.2774
22.2774
22.2774
23.8441
23.8441
23.8441
23.8441
23.8441
23.8441
23.8441
23.8441
25.6171
25.6171
25.6171
25.6171
25.6171
25.6171
25.6171
25.6171
27.5387
27.5387
27.5387
27.5387
27.5387
27.5387
27.5387
27.5387
29.5264
29.5264
29.5264
29.5264
29.5264
29.5264
29.5264
29.5264
31.4737
31.4737
31.4737
31.4737
31.4737
31.4737
31.4737
31.4737
33.2569
33.2569
33.2569
33.2569
33.2569
33.2569
33.2569
33.2569
34.7475
34.7475
34.7475
34.7475
34.7475
34.7475
34.7475
34.7475
35.8289
35.8289
35.8289
35.8289
35.8289
35.8289
35.8289
35.8289
36.4148
36.4148
36.4148
36.4148
36.4148
36.4148
36.4148
36.4148
36.4639
36.4639
36.4639
36.4639
36.4639
36.4639
36.4639
36.4639
18.181
18.181
18.181
18.181
18.181
18.181
18.181
18.181
18.5127
18.5127
18.5127
18.5127
18.5127
18.5127
18.5127
18.5127
19.0731
19.0731
19.0731
19.0731
19.0731
19.0731
19.0731
19.0731
19.8829
19.8829
19.8829
19.8829
19.8829
19.8829
19.8829
19.8829
20.9517
20.9517
20.9517
20.9517
20.9517
20.9517
20.9517
20.9517
22.2774
22.2774
22.2774
22.2774
22.2774
22.2774
22.2774
22.2774
23.8441
23.8441
23.8441
23.8441
23.8441
23.8441
23.8441
23.8441
25.6171
25.6171
25.6171
25.6171
25.6171
25.6171
25.6171
25.6171
27.5387
27.5387
27.5387
27.5387
27.5387
27.5387
27.5387
27.5387
29.5264
29.5264
29.5264
29.5264
29.5264
29.5264
29.5264
29.5264
31.4737
31.4737
31.4737
31.4737
31.4737
31.4737
31.4737
31.4737
33.2569
33.2569
33.2569
33.2569
33.2569
33.2569
33.2569
33.2569
34.7475
34.7475
34.7475
34.7475
34.7475
34.7475
34.7475
34.7475
35.8289
35.8289
35.8289
35.8289
35.8289
35.8289
35.8289
35.8289
36.4148
36.4148
36.4148
36.4148
36.4148
36.4148
36.4148
36.4148
36.4639
36.4639
36.4639
36.4639
36.4639
36.4639
36.4639
36.4639
