8192
64.0897
64.0897
64.0897
64.0897
64.0897
64.0897
64.0897
64.0897
64.681
64.681
64.681
64.681
64.681
64.681
64.681
64.681
65.1332
65.1332
65.1332
65.1332
65.1332
65.1332
65.1332
65.1332
65.5112
65.5112
65.5112
65.5112
65.5112
65.5112
65.5112
65.5112
65.8847
65.8847
65.8847
65.8847
65.8847
65.8847
65.8847
65.8847
66.3219
66.3219
66.3219
66.3219
66.3219
66.3219
66.3219
66.3219
66.8875
66.8875
66.8875
66.8875
66.8875
66.8875
66.8875
66.8875
67.6366
67.6366
67.6366
67.6366
67.6366
67.6366
67.6366
67.6366
68.6138
68.6138
68.6138
68.6138
68.6138
68.6138
68.6138
68.6138
69.8489
69.8489
69.8489
69.8489
69.8489
69.8489
69.8489
69.8489
71.3565
71.3565
71.3565
71.3565
71.3565
71.3565
71.3565
71.3565
73.1324
73.1324
73.1324
73.1324
73.1324
73.1324
73.1324
73.1324
75.1529
75.1529
75.1529
75.1529
75.1529
75.1529
75.1529
75.1529
77.3732
77.3732
77.3732
77.3732
77.3732
77.3732
77.3732
77.3732
79.7269
79.7269
79.7269
79.7269
79.7269
79.7269
79.7269
79.7269
82.1271
82.1271
82.1271
82.1271
82.1271
82.1271
82.1271
82.1271
64.0897
64.0897
64.0897
64.0897
64.0897
64.0897
64.0897
64.0897
64.681
64.681
64.681
64.681
64.681
64.681
64.681
64.681
65.1332
65.1332
65.1332
65.1332
65.1332
65.1332
65.1332
65.1332
65.5112
65.5112
65.5112
65.5112
65.5112
65.5112
65.5112
65.5112
65.8847
65.8847
65.8847
65.8847
65.8847
65.8847
65.8847
65.8847
66.3219
66.3219
66.3219
66.3219
66.3219
66.3219
66.3219
66.3219
66.8875
66.8875
66.8875
66.8875
66.8875
66.8875
66.8875
66.8875
67.6366
67.6366
67.6366
67.6366
67.6366
67.6366
67.6366
67.6366
68.6138
68.6138
68.6138
68.6138
68.6138
68.6138
68.6138
68.6138
69.8489
69.8489
69.8489
69.8489
69.8489
69.8489
69.8489
69.8489
71.3565
71.3565
71.3565
71.3565
71.3565
71.3565
71.3565
71.3565
73.1324
73.1324
73.1324
73.1324
73.1324
73.1324
73.1324
73.1324
75.1529
75.1529
75.1529
75.1529
75.1529
75.1529
75.1529
75.1529
77.3732
77.3732
77.3732
77.3732
77.3732
77.3732
77.3732
77.3732
79.7269
79.7269
79.7269
79.7269
79.7269
79.7269
79.7269
79.7269
82.1271
82.1271
82.1271
82.1271
82.1271
82.1271
82.1271
82.1271
64.0897
64.0897
64.0897
64.0897
64.0897
64.0897
64.0897
64.0897
64.681
64.681
64.681
64.681
64.681
64.681
64.681
64.681
65.1332
65.1332
65.1332
65.1332
65.1332
65.1332
65.1332
65.1332
65.5112
65.5112
65.5112
65.5112
65.5112
65.5112
65.5112
65.5112
65.8847
65.8847
65.8847
65.8847
65.8847
65.8847
65.8847
65.8847
66.3219
66.3219
66.3219
66.3219
66.3219
66.3219
66.3219
66.3219
66.8875
66.8875
66.8875
66.8875
66.8875
66.8875
66.8875
66.8875
67.6366
67.6366
67.6366
67.6366
67.6366
67.6366
67.6366
67.6366
68.6138
68.6138
68.6138
68.6138
68.6138
68.6138
68.6138
68.6138
69.8489
69.8489
69.8489
69.8489
69.8489
69.8489
69.8489
69.8489
71.3565
71.3565
71.3565
71.3565
71.3565
71.3565
71.3565
71.3565
73.1324
73.1324
73.1324
73.1324
73.1324
73.1324
73.1324
73.1324
75.1529
75.1529
75.1529
75.1529
75.1529
75.1529
75.1529
75.1529
77.3732
77.3732
77.3732
77.3732
77.3732
77.3732
77.3732
77.3732
79.7269
79.7269
79.7269
79.7269
79.7269
79.7269
79.7269
79.7269
82.1271
82.1271
82.1271
82.1271
82.1271
82.1271
82.1271
82.1271
64.0897
64.0897
64.0897
64.0897
64.0897
64.0897
64.0897
64.0897
64.681
64.681
64.681
64.681
64.681
64.681
64.681
64.681
65.1332
65.1332
65.1332
65.1332
65.1332
65.1332
65.1332
65.1332
65.5112
65.5112
65.5112
65.5112
65.5112
65.5112
65.5112
65.5112
65.8847
65.8847
65.8847
65.8847
65.8847
65.8847
65.8847
65.8847
66.3219
66.3219
66.3219
66.3219
66.3219
66.3219
66.3219
66.3219
66.8875
66.8875
66.8875
66.8875
66.8875
66.8875
66.8875
66.8875
67.6366
67.6366
67.6366
67.6366
67.6366
67.6366
67.6366
67.6366
68.6138
68.6138
68.6138
68.6138
68.6138
68.6138
68.6138
68.6138
69.8489
69.8489
69.8489
69.8489
69.8489
69.8489
69.8489
69.8489
71.3565
71.3565
71.3565
71.3565
71.3565
71.3565
71.3565
71.3565
73.1324
73.1324
73.1324
73.1324
73.1324
73.1324
73.1324
73.1324
75.1529
75.1529
75.1529
75.1529
75.1529
75.1529
75.1529
75.1529
77.3732
77.3732
77.3732
77.3732
77.3732
77.3732
77.3732
77.3732
79.7269
79.7269
79.7269
79.7269
79.7269
79.7269
79.7269
79.7269
82.1271
82.1271
82.1271
82.1271
82.1271
82.1271
82.1271
82.1271
63.5674
63.5674
63.5674
63.5674
63.5674
63.5674
63.5674
63.5674
64.0194
64.0194
64.0194
64.0194
64.0194
64.0194
64.0194
64.0194
64.3141
64.3141
64.3141
64.3141
64.3141
64.3141
64.3141
64.3141
64.5277
64.5277
64.5277
64.5277
64.5277
64.5277
64.5277
64.5277
64.7417
64.7417
64.7417
64.7417
64.7417
64.7417
64.7417
64.7417
65.0358
65.0358
65.0358
65.0358
65.0358
65.0358
65.0358
65.0358
65.485
65.485
65.485
65.485
65.485
65.485
65.485
65.485
66.1538
66.1538
66.1538
66.1538
66.1538
66.1538
66.1538
66.1538
67.0952
67.0952
67.0952
67.0952
67.0952
67.0952
67.0952
67.0952
68.3459
68.3459
68.3459
68.3459
68.3459
68.3459
68.3459
68.3459
69.9271
69.9271
69.9271
69.9271
69.9271
69.9271
69.9271
69.9271
71.8389
71.8389
71.8389
71.8389
71.8389
71.8389
71.8389
71.8389
74.0609
74.0609
74.0609
74.0609
74.0609
74.0609
74.0609
74.0609
76.5482
76.5482
76.5482
76.5482
76.5482
76.5482
76.5482
76.5482
79.2317
79.2317
79.2317
79.2317
79.2317
79.2317
79.2317
79.2317
82.017
82.017
82.017
82.017
82.017
82.017
82.017
82.017
63.5674
63.5674
63.5674
63.5674
63.5674
63.5674
63.5674
63.5674
64.0194
64.0194
64.0194
64.0194
64.0194
64.0194
64.0194
64.0194
64.3141
64.3141
64.3141
64.3141
64.3141
64.3141
64.3141
64.3141
64.5277
64.5277
64.5277
64.5277
64.5277
64.5277
64.5277
64.5277
64.7417
64.7417
64.7417
64.7417
64.7417
64.7417
64.7417
64.7417
65.0358
65.0358
65.0358
65.0358
65.0358
65.0358
65.0358
65.0358
65.485
65.485
65.485
65.485
65.485
65.485
65.485
65.485
66.1538
66.1538
66.1538
66.1538
66.1538
66.1538
66.1538
66.1538
67.0952
67.0952
67.0952
67.0952
67.0952
67.0952
67.0952
67.0952
68.3459
68.3459
68.3459
68.3459
68.3459
68.3459
68.3459
68.3459
69.9271
69.9271
69.9271
69.9271
69.9271
69.9271
69.9271
69.9271
71.8389
71.8389
71.8389
71.8389
71.8389
71.8389
71.8389
71.8389
74.0609
74.0609
74.0609
74.0609
74.0609
74.0609
74.0609
74.0609
76.5482
76.5482
76.5482
76.5482
76.5482
76.5482
76.5482
76.5482
79.2317
79.2317
79.2317
79.2317
79.2317
79.2317
79.2317
79.2317
82.017
82.017
82.017
82.017
82.017
82.017
82.017
82.017
63.5674
63.5674
63.5674
63.5674
63.5674
63.5674
63.5674
63.5674
64.0194
64.0194
64.0194
64.0194
64.0194
64.0194
64.0194
64.0194
64.3141
64.3141
64.3141
64.3141
64.3141
64.3141
64.3141
64.3141
64.5277
64.5277
64.5277
64.5277
64.5277
64.5277
64.5277
64.5277
64.7417
64.7417
64.7417
64.7417
64.7417
64.7417
64.7417
64.7417
65.0358
65.0358
65.0358
65.0358
65.0358
65.0358
65.0358
65.0358
65.485
65.485
65.485
65.485
65.485
65.485
65.485
65.485
66.1538
66.1538
66.1538
66.1538
66.1538
66.1538
66.1538
66.1538
67.0952
67.0952
67.0952
67.0952
67.0952
67.0952
67.0952
67.0952
68.3459
68.3459
68.3459
68.3459
68.3459
68.3459
68.3459
68.3459
69.9271
69.9271
69.9271
69.9271
69.9271
69.9271
69.9271
69.9271
71.8389
71.8389
71.8389
71.8389
71.8389
71.8389
71.8389
71.8389
74.0609
74.0609
74.0609
74.0609
74.0609
74.0609
74.0609
74.0609
76.5482
76.5482
76.5482
76.5482
76.5482
76.5482
76.5482
76.5482
79.2317
79.2317
79.2317
79.2317
79.2317
79.2317
79.2317
79.2317
82.017
82.017
82.017
82.017
82.017
82.017
82.017
82.017
63.5674
63.5674
63.5674
63.5674
63.5674
63.5674
63.5674
63.5674
64.0194
64.0194
64.0194
64.0194
64.0194
64.0194
64.0194
64.0194
64.3141
64.3141
64.3141
64.3141
64.3141
64.3141
64.3141
64.3141
64.5277
64.5277
64.5277
64.5277
64.5277
64.5277
64.5277
64.5277
64.7417
64.7417
64.7417
64.7417
64.7417
64.7417
64.7417
64.7417
65.0358
65.0358
65.0358
65.0358
65.0358
65.0358
65.0358
65.0358
65.485
65.485
65.485
65.485
65.485
65.485
65.485
65.485
66.1538
66.1538
66.1538
66.1538
66.1538
66.1538
66.1538
66.1538
67.0952
67.0952
67.0952
67.0952
67.0952
67.0952
67.0952
67.0952
68.3459
68.3459
68.3459
68.3459
68.3459
68.3459
68.3459
68.3459
69.9271
69.9271
69.9271
69.9271
69.9271
69.9271
69.9271
69.9271
71.8389
71.8389
71.8389
71.8389
71.8389
71.8389
71.8389
71.8389
74.0609
74.0609
74.0609
74.0609
74.0609
74.0609
74.0609
74.0609
76.5482
76.5482
76.5482
76.5482
76.5482
76.5482
76.5482
76.5482
79.2317
79.2317
79.2317
79.2317
79.2317
79.2317
79.2317
79.2317
82.017
82.017
82.017
82.017
82.017
82.017
82.017
82.017
62.6133
62.6133
62.6133
62.6133
62.6133
62.6133
62.6133
62.6133
62.9185
62.9185
62.9185
62.9185
62.9185
62.9185
62.9185
62.9185
63.0482
63.0482
63.0482
63.0482
63.0482
63.0482
63.0482
63.0482
63.0895
63.0895
63.0895
63.0895
63.0895
63.0895
63.0895
63.0895
63.1342
63.1342
63.1342
63.1342
63.1342
63.1342
63.1342
63.1342
63.2731
63.2731
63.2731
63.2731
63.2731
63.2731
63.2731
63.2731
63.5901
63.5901
63.5901
63.5901
63.5901
63.5901
63.5901
63.5901
64.1591
64.1591
64.1591
64.1591
64.1591
64.1591
64.1591
64.1591
65.04
65.04
65.04
65.04
65.04
65.04
65.04
65.04
66.2777
66.2777
66.2777
66.2777
66.2777
66.2777
66.2777
66.2777
67.8989
67.8989
67.8989
67.8989
67.8989
67.8989
67.8989
67.8989
69.9111
69.9111
69.9111
69.9111
69.9111
69.9111
69.9111
69.9111
72.2982
72.2982
72.2982
72.2982
72.2982
72.2982
72.2982
72.2982
75.0193
75.0193
75.0193
75.0193
75.0193
75.0193
75.0193
75.0193
78.0056
78.0056
78.0056
78.0056
78.0056
78.0056
78.0056
78.0056
81.1586
81.1586
81.1586
81.1586
81.1586
81.1586
81.1586
81.1586
62.6133
62.6133
62.6133
62.6133
62.6133
62.6133
62.6133
62.6133
62.9185
62.9185
62.9185
62.9185
62.9185
62.9185
62.9185
62.9185
63.0482
63.0482
63.0482
63.0482
63.0482
63.0482
63.0482
63.0482
63.0895
63.0895
63.0895
63.0895
63.0895
63.0895
63.0895
63.0895
63.1342
63.1342
63.1342
63.1342
63.1342
63.1342
63.1342
63.1342
63.2731
63.2731
63.2731
63.2731
63.2731
63.2731
63.2731
63.2731
63.5901
63.5901
63.5901
63.5901
63.5901
63.5901
63.5901
63.5901
64.1591
64.1591
64.1591
64.1591
64.1591
64.1591
64.1591
64.1591
65.04
65.04
65.04
65.04
65.04
65.04
65.04
65.04
66.2777
66.2777
66.2777
66.2777
66.2777
66.2777
66.2777
66.2777
67.8989
67.8989
67.8989
67.8989
67.8989
67.8989
67.8989
67.8989
69.9111
69.9111
69.9111
69.9111
69.9111
69.9111
69.9111
69.9111
72.2982
72.2982
72.2982
72.2982
72.2982
72.2982
72.2982
72.2982
75.0193
75.0193
75.0193
75.0193
75.0193
75.0193
75.0193
75.0193
78.0056
78.0056
78.0056
78.0056
78.0056
78.0056
78.0056
78.0056
81.1586
81.1586
81.1586
81.1586
81.1586
81.1586
81.1586
81.1586
62.6133
62.6133
62.6133
62.6133
62.6133
62.6133
62.6133
62.6133
62.9185
62.9185
62.9185
62.9185
62.9185
62.9185
62.9185
62.9185
63.0482
63.0482
63.0482
63.0482
63.0482
63.0482
63.0482
63.0482
63.0895
63.0895
63.0895
63.0895
63.0895
63.0895
63.0895
63.0895
63.1342
63.1342
63.1342
63.1342
63.1342
63.1342
63.1342
63.1342
63.2731
63.2731
63.2731
63.2731
63.2731
63.2731
63.2731
63.2731
63.5901
63.5901
63.5901
63.5901
63.5901
63.5901
63.5901
63.5901
64.1591
64.1591
64.1591
64.1591
64.1591
64.1591
64.1591
64.1591
65.04
65.04
65.04
65.04
65.04
65.04
65.04
65.04
66.2777
66.2777
66.2777
66.2777
66.2777
66.2777
66.2777
66.2777
67.8989
67.8989
67.8989
67.8989
67.8989
67.8989
67.8989
67.8989
69.9111
69.9111
69.9111
69.9111
69.9111
69.9111
69.9111
69.9111
72.2982
72.2982
72.2982
72.2982
72.2982
72.2982
72.2982
72.2982
75.0193
75.0193
75.0193
75.0193
75.0193
75.0193
75.0193
75.0193
78.0056
78.0056
78.0056
78.0056
78.0056
78.0056
78.0056
78.0056
81.1586
81.1586
81.1586
81.1586
81.1586
81.1586
81.1586
81.1586
62.6133
62.6133
62.6133
62.6133
62.6133
62.6133
62.6133
62.6133
62.9185
62.9185
62.9185
62.9185
62.9185
62.9185
62.9185
62.9185
63.0482
63.0482
63.0482
63.0482
63.0482
63.0482
63.0482
63.0482
63.0895
63.0895
63.0895
63.0895
63.0895
63.0895
63.0895
63.0895
63.1342
63.1342
63.1342
63.1342
63.1342
63.1342
63.1342
63.1342
63.2731
63.2731
63.2731
63.2731
63.2731
63.2731
63.2731
63.2731
63.5901
63.5901
63.5901
63.5901
63.5901
63.5901
63.5901
63.5901
64.1591
64.1591
64.1591
64.1591
64.1591
64.1591
64.1591
64.1591
65.04
65.04
65.04
65.04
65.04
65.04
65.04
65.04
66.2777
66.2777
66.2777
66.2777
66.2777
66.2777
66.2777
66.2777
67.8989
67.8989
67.8989
67.8989
67.8989
67.8989
67.8989
67.8989
69.9111
69.9111
69.9111
69.9111
69.9111
69.9111
69.9111
69.9111
72.2982
72.2982
72.2982
72.2982
72.2982
72.2982
72.2982
72.2982
75.0193
75.0193
75.0193
75.0193
75.0193
75.0193
75.0193
75.0193
78.0056
78.0056
78.0056
78.0056
78.0056
78.0056
78.0056
78.0056
81.1586
81.1586
81.1586
81.1586
81.1586
81.1586
81.1586
81.1586
61.2343
61.2343
61.2343
61.2343
61.2343
61.2343
61.2343
61.2343
61.3904
61.3904
61.3904
61.3904
61.3904
61.3904
61.3904
61.3904
61.3532
61.3532
61.3532
61.3532
61.3532
61.3532
61.3532
61.3532
61.2188
61.2188
61.2188
61.2188
61.2188
61.2188
61.2188
61.2188
61.0891
61.0891
61.0891
61.0891
61.0891
61.0891
61.0891
61.0891
61.0642
61.0642
61.0642
61.0642
61.0642
61.0642
61.0642
61.0642
61.2364
61.2364
61.2364
61.2364
61.2364
61.2364
61.2364
61.2364
61.6865
61.6865
61.6865
61.6865
61.6865
61.6865
61.6865
61.6865
62.4817
62.4817
62.4817
62.4817
62.4817
62.4817
62.4817
62.4817
63.6735
63.6735
63.6735
63.6735
63.6735
63.6735
63.6735
63.6735
65.2958
65.2958
65.2958
65.2958
65.2958
65.2958
65.2958
65.2958
67.3626
67.3626
67.3626
67.3626
67.3626
67.3626
67.3626
67.3626
69.8657
69.8657
69.8657
69.8657
69.8657
69.8657
69.8657
69.8657
72.7698
72.7698
72.7698
72.7698
72.7698
72.7698
72.7698
72.7698
76.0106
76.0106
76.0106
76.0106
76.0106
76.0106
76.0106
76.0106
79.491
79.491
79.491
79.491
79.491
79.491
79.491
79.491
61.2343
61.2343
61.2343
61.2343
61.2343
61.2343
61.2343
61.2343
61.3904
61.3904
61.3904
61.3904
61.3904
61.3904
61.3904
61.3904
61.3532
61.3532
61.3532
61.3532
61.3532
61.3532
61.3532
61.3532
61.2188
61.2188
61.2188
61.2188
61.2188
61.2188
61.2188
61.2188
61.0891
61.0891
61.0891
61.0891
61.0891
61.0891
61.0891
61.0891
61.0642
61.0642
61.0642
61.0642
61.0642
61.0642
61.0642
61.0642
61.2364
61.2364
61.2364
61.2364
61.2364
61.2364
61.2364
61.2364
61.6865
61.6865
61.6865
61.6865
61.6865
61.6865
61.6865
61.6865
62.4817
62.4817
62.4817
62.4817
62.4817
62.4817
62.4817
62.4817
63.6735
63.6735
63.6735
63.6735
63.6735
63.6735
63.6735
63.6735
65.2958
65.2958
65.2958
65.2958
65.2958
65.2958
65.2958
65.2958
67.3626
67.3626
67.3626
67.3626
67.3626
67.3626
67.3626
67.3626
69.8657
69.8657
69.8657
69.8657
69.8657
69.8657
69.8657
69.8657
72.7698
72.7698
72.7698
72.7698
72.7698
72.7698
72.7698
72.7698
76.0106
76.0106
76.0106
76.0106
76.0106
76.0106
76.0106
76.0106
79.491
79.491
79.491
79.491
79.491
79.491
79.491
79.491
61.2343
61.2343
61.2343
61.2343
61.2343
61.2343
61.2343
61.2343
61.3904
61.3904
61.3904
61.3904
61.3904
61.3904
61.3904
61.3904
61.3532
61.3532
61.3532
61.3532
61.3532
61.3532
61.3532
61.3532
61.2188
61.2188
61.2188
61.2188
61.2188
61.2188
61.2188
61.2188
61.0891
61.0891
61.0891
61.0891
61.0891
61.0891
61.0891
61.0891
61.0642
61.0642
61.0642
61.0642
61.0642
61.0642
61.0642
61.0642
61.2364
61.2364
61.2364
61.2364
61.2364
61.2364
61.2364
61.2364
61.6865
61.6865
61.6865
61.6865
61.6865
61.6865
61.6865
61.6865
62.4817
62.4817
62.4817
62.4817
62.4817
62.4817
62.4817
62.4817
63.6735
63.6735
63.6735
63.6735
63.6735
63.6735
63.6735
63.6735
65.2958
65.2958
65.2958
65.2958
65.2958
65.2958
65.2958
65.2958
67.3626
67.3626
67.3626
67.3626
67.3626
67.3626
67.3626
67.3626
69.8657
69.8657
69.8657
69.8657
69.8657
69.8657
69.8657
69.8657
72.7698
72.7698
72.7698
72.7698
72.7698
72.7698
72.7698
72.7698
76.0106
76.0106
76.0106
76.0106
76.0106
76.0106
76.0106
76.0106
79.491
79.491
79.491
79.491
79.491
79.491
79.491
79.491
61.2343
61.2343
61.2343
61.2343
61.2343
61.2343
61.2343
61.2343
61.3904
61.3904
61.3904
61.3904
61.3904
61.3904
61.3904
61.3904
61.3532
61.3532
61.3532
61.3532
61.3532
61.3532
61.3532
61.3532
61.2188
61.2188
61.2188
61.2188
61.2188
61.2188
61.2188
61.2188
61.0891
61.0891
61.0891
61.0891
61.0891
61.0891
61.0891
61.0891
61.0642
61.0642
61.0642
61.0642
61.0642
61.0642
61.0642
61.0642
61.2364
61.2364
61.2364
61.2364
61.2364
61.2364
61.2364
61.2364
61.6865
61.6865
61.6865
61.6865
61.6865
61.6865
61.6865
61.6865
62.4817
62.4817
62.4817
62.4817
62.4817
62.4817
62.4817
62.4817
63.6735
63.6735
63.6735
63.6735
63.6735
63.6735
63.6735
63.6735
65.2958
65.2958
65.2958
65.2958
65.2958
65.2958
65.2958
65.2958
67.3626
67.3626
67.3626
67.3626
67.3626
67.3626
67.3626
67.3626
69.8657
69.8657
69.8657
69.8657
69.8657
69.8657
69.8657
69.8657
72.7698
72.7698
72.7698
72.7698
72.7698
72.7698
72.7698
72.7698
76.0106
76.0106
76.0106
76.0106
76.0106
76.0106
76.0106
76.0106
79.491
79.491
79.491
79.491
79.491
79.491
79.491
79.491
59.4738
59.4738
59.4738
59.4738
59.4738
59.4738
59.4738
59.4738
59.4825
59.4825
59.4825
59.4825
59.4825
59.4825
59.4825
59.4825
59.28
59.28
59.28
59.28
59.28
59.28
59.28
59.28
58.9714
58.9714
58.9714
58.9714
58.9714
58.9714
58.9714
58.9714
58.6666
58.6666
58.6666
58.6666
58.6666
58.6666
58.6666
58.6666
58.4734
58.4734
58.4734
58.4734
58.4734
58.4734
58.4734
58.4734
58.4905
58.4905
58.4905
58.4905
58.4905
58.4905
58.4905
58.4905
58.8053
58.8053
58.8053
58.8053
58.8053
58.8053
58.8053
58.8053
59.4902
59.4902
59.4902
59.4902
59.4902
59.4902
59.4902
59.4902
60.6025
60.6025
60.6025
60.6025
60.6025
60.6025
60.6025
60.6025
62.1829
62.1829
62.1829
62.1829
62.1829
62.1829
62.1829
62.1829
64.2533
64.2533
64.2533
64.2533
64.2533
64.2533
64.2533
64.2533
66.8133
66.8133
66.8133
66.8133
66.8133
66.8133
66.8133
66.8133
69.8369
69.8369
69.8369
69.8369
69.8369
69.8369
69.8369
69.8369
73.2671
73.2671
73.2671
73.2671
73.2671
73.2671
73.2671
73.2671
77.0137
77.0137
77.0137
77.0137
77.0137
77.0137
77.0137
77.0137
59.4738
59.4738
59.4738
59.4738
59.4738
59.4738
59.4738
59.4738
59.4825
59.4825
59.4825
59.4825
59.4825
59.4825
59.4825
59.4825
59.28
59.28
59.28
59.28
59.28
59.28
59.28
59.28
58.9714
58.9714
58.9714
58.9714
58.9714
58.9714
58.9714
58.9714
58.6666
58.6666
58.6666
58.6666
58.6666
58.6666
58.6666
58.6666
58.4734
58.4734
58.4734
58.4734
58.4734
58.4734
58.4734
58.4734
58.4905
58.4905
58.4905
58.4905
58.4905
58.4905
58.4905
58.4905
58.8053
58.8053
58.8053
58.8053
58.8053
58.8053
58.8053
58.8053
59.4902
59.4902
59.4902
59.4902
59.4902
59.4902
59.4902
59.4902
60.6025
60.6025
60.6025
60.6025
60.6025
60.6025
60.6025
60.6025
62.1829
62.1829
62.1829
62.1829
62.1829
62.1829
62.1829
62.1829
64.2533
64.2533
64.2533
64.2533
64.2533
64.2533
64.2533
64.2533
66.8133
66.8133
66.8133
66.8133
66.8133
66.8133
66.8133
66.8133
69.8369
69.8369
69.8369
69.8369
69.8369
69.8369
69.8369
69.8369
73.2671
73.2671
73.2671
73.2671
73.2671
73.2671
73.2671
73.2671
77.0137
77.0137
77.0137
77.0137
77.0137
77.0137
77.0137
77.0137
59.4738
59.4738
59.4738
59.4738
59.4738
59.4738
59.4738
59.4738
59.4825
59.4825
59.4825
59.4825
59.4825
59.4825
59.4825
59.4825
59.28
59.28
59.28
59.28
59.28
59.28
59.28
59.28
58.9714
58.9714
58.9714
58.9714
58.9714
58.9714
58.9714
58.9714
58.6666
58.6666
58.6666
58.6666
58.6666
58.6666
58.6666
58.6666
58.4734
58.4734
58.4734
58.4734
58.4734
58.4734
58.4734
58.4734
58.4905
58.4905
58.4905
58.4905
58.4905
58.4905
58.4905
58.4905
58.8053
58.8053
58.8053
58.8053
58.8053
58.8053
58.8053
58.8053
59.4902
59.4902
59.4902
59.4902
59.4902
59.4902
59.4902
59.4902
60.6025
60.6025
60.6025
60.6025
60.6025
60.6025
60.6025
60.6025
62.1829
62.1829
62.1829
62.1829
62.1829
62.1829
62.1829
62.1829
64.2533
64.2533
64.2533
64.2533
64.2533
64.2533
64.2533
64.2533
66.8133
66.8133
66.8133
66.8133
66.8133
66.8133
66.8133
66.8133
69.8369
69.8369
69.8369
69.8369
69.8369
69.8369
69.8369
69.8369
73.2671
73.2671
73.2671
73.2671
73.2671
73.2671
73.2671
73.2671
77.0137
77.0137
77.0137
77.0137
77.0137
77.0137
77.0137
77.0137
59.4738
59.4738
59.4738
59.4738
59.4738
59.4738
59.4738
59.4738
59.4825
59.4825
59.4825
59.4825
59.4825
59.4825
59.4825
59.4825
59.28
59.28
59.28
59.28
59.28
59.28
59.28
59.28
58.9714
58.9714
58.9714
58.9714
58.9714
58.9714
58.9714
58.9714
58.6666
58.6666
58.6666
58.6666
58.6666
58.6666
58.6666
58.6666
58.4734
58.4734
58.4734
58.4734
58.4734
58.4734
58.4734
58.4734
58.4905
58.4905
58.4905
58.4905
58.4905
58.4905
58.4905
58.4905
58.8053
58.8053
58.8053
58.8053
58.8053
58.8053
58.8053
58.8053
59.4902
59.4902
59.4902
59.4902
59.4902
59.4902
59.4902
59.4902
60.6025
60.6025
60.6025
60.6025
60.6025
60.6025
60.6025
60.6025
62.1829
62.1829
62.1829
62.1829
62.1829
62.1829
62.1829
62.1829
64.2533
64.2533
64.2533
64.2533
64.2533
64.2533
64.2533
64.2533
66.8133
66.8133
66.8133
66.8133
66.8133
66.8133
66.8133
66.8133
69.8369
69.8369
69.8369
69.8369
69.8369
69.8369
69.8369
69.8369
73.2671
73.2671
73.2671
73.2671
73.2671
73.2671
73.2671
73.2671
77.0137
77.0137
77.0137
77.0137
77.0137
77.0137
77.0137
77.0137
57.4007
57.4007
57.4007
57.4007
57.4007
57.4007
57.4007
57.4007
57.2666
57.2666
57.2666
57.2666
57.2666
57.2666
57.2666
57.2666
56.9048
56.9048
56.9048
56.9048
56.9048
56.9048
56.9048
56.9048
56.427
56.427
56.427
56.427
56.427
56.427
56.427
56.427
55.95
55.95
55.95
55.95
55.95
55.95
55.95
55.95
55.5872
55.5872
55.5872
55.5872
55.5872
55.5872
55.5872
55.5872
55.443
55.443
55.443
55.443
55.443
55.443
55.443
55.443
55.6085
55.6085
55.6085
55.6085
55.6085
55.6085
55.6085
55.6085
56.1609
56.1609
56.1609
56.1609
56.1609
56.1609
56.1609
56.1609
57.1623
57.1623
57.1623
57.1623
57.1623
57.1623
57.1623
57.1623
58.659
58.659
58.659
58.659
58.659
58.659
58.659
58.659
60.6799
60.6799
60.6799
60.6799
60.6799
60.6799
60.6799
60.6799
63.2339
63.2339
63.2339
63.2339
63.2339
63.2339
63.2339
63.2339
66.3053
66.3053
66.3053
66.3053
66.3053
66.3053
66.3053
66.3053
69.8486
69.8486
69.8486
69.8486
69.8486
69.8486
69.8486
69.8486
73.7825
73.7825
73.7825
73.7825
73.7825
73.7825
73.7825
73.7825
57.4007
57.4007
57.4007
57.4007
57.4007
57.4007
57.4007
57.4007
57.2666
57.2666
57.2666
57.2666
57.2666
57.2666
57.2666
57.2666
56.9048
56.9048
56.9048
56.9048
56.9048
56.9048
56.9048
56.9048
56.427
56.427
56.427
56.427
56.427
56.427
56.427
56.427
55.95
55.95
55.95
55.95
55.95
55.95
55.95
55.95
55.5872
55.5872
55.5872
55.5872
55.5872
55.5872
55.5872
55.5872
55.443
55.443
55.443
55.443
55.443
55.443
55.443
55.443
55.6085
55.6085
55.6085
55.6085
55.6085
55.6085
55.6085
55.6085
56.1609
56.1609
56.1609
56.1609
56.1609
56.1609
56.1609
56.1609
57.1623
57.1623
57.1623
57.1623
57.1623
57.1623
57.1623
57.1623
58.659
58.659
58.659
58.659
58.659
58.659
58.659
58.659
60.6799
60.6799
60.6799
60.6799
60.6799
60.6799
60.6799
60.6799
63.2339
63.2339
63.2339
63.2339
63.2339
63.2339
63.2339
63.2339
66.3053
66.3053
66.3053
66.3053
66.3053
66.3053
66.3053
66.3053
69.8486
69.8486
69.8486
69.8486
69.8486
69.8486
69.8486
69.8486
73.7825
73.7825
73.7825
73.7825
73.7825
73.7825
73.7825
73.7825
57.4007
57.4007
57.4007
57.4007
57.4007
57.4007
57.4007
57.4007
57.2666
57.2666
57.2666
57.2666
57.2666
57.2666
57.2666
57.2666
56.9048
56.9048
56.9048
56.9048
56.9048
56.9048
56.9048
56.9048
56.427
56.427
56.427
56.427
56.427
56.427
56.427
56.427
55.95
55.95
55.95
55.95
55.95
55.95
55.95
55.95
55.5872
55.5872
55.5872
55.5872
55.5872
55.5872
55.5872
55.5872
55.443
55.443
55.443
55.443
55.443
55.443
55.443
55.443
55.6085
55.6085
55.6085
55.6085
55.6085
55.6085
55.6085
55.6085
56.1609
56.1609
56.1609
56.1609
56.1609
56.1609
56.1609
56.1609
57.1623
57.1623
57.1623
57.1623
57.1623
57.1623
57.1623
57.1623
58.659
58.659
58.659
58.659
58.659
58.659
58.659
58.659
60.6799
60.6799
60.6799
60.6799
60.6799
60.6799
60.6799
60.6799
63.2339
63.2339
63.2339
63.2339
63.2339
63.2339
63.2339
63.2339
66.3053
66.3053
66.3053
66.3053
66.3053
66.3053
66.3053
66.3053
69.8486
69.8486
69.8486
69.8486
69.8486
69.8486
69.8486
69.8486
73.7825
73.7825
73.7825
73.7825
73.7825
73.7825
73.7825
73.7825
57.4007
57.4007
57.4007
57.4007
57.4007
57.4007
57.4007
57.4007
57.2666
57.2666
57.2666
57.2666
57.2666
57.2666
57.2666
57.2666
56.9048
56.9048
56.9048
56.9048
56.9048
56.9048
56.9048
56.9048
56.427
56.427
56.427
56.427
56.427
56.427
56.427
56.427
55.95
55.95
55.95
55.95
55.95
55.95
55.95
55.95
55.5872
55.5872
55.5872
55.5872
55.5872
55.5872
55.5872
55.5872
55.443
55.443
55.443
55.443
55.443
55.443
55.443
55.443
55.6085
55.6085
55.6085
55.6085
55.6085
55.6085
55.6085
55.6085
56.1609
56.1609
56.1609
56.1609
56.1609
56.1609
56.1609
56.1609
57.1623
57.1623
57.1623
57.1623
57.1623
57.1623
57.1623
57.1623
58.659
58.659
58.659
58.659
58.659
58.659
58.659
58.659
60.6799
60.6799
60.6799
60.6799
60.6799
60.6799
60.6799
60.6799
63.2339
63.2339
63.2339
63.2339
63.2339
63.2339
63.2339
63.2339
66.3053
66.3053
66.3053
66.3053
66.3053
66.3053
66.3053
66.3053
69.8486
69.8486
69.8486
69.8486
69.8486
69.8486
69.8486
69.8486
73.7825
73.7825
73.7825
73.7825
73.7825
73.7825
73.7825
73.7825
55.0982
55.0982
55.0982
55.0982
55.0982
55.0982
55.0982
55.0982
54.8295
54.8295
54.8295
54.8295
54.8295
54.8295
54.8295
54.8295
54.3169
54.3169
54.3169
54.3169
54.3169
54.3169
54.3169
54.3169
53.678
53.678
53.678
53.678
53.678
53.678
53.678
53.678
53.0349
53.0349
53.0349
53.0349
53.0349
53.0349
53.0349
53.0349
52.505
52.505
52.505
52.505
52.505
52.505
52.505
52.505
52.1964
52.1964
52.1964
52.1964
52.1964
52.1964
52.1964
52.1964
52.2036
52.2036
52.2036
52.2036
52.2036
52.2036
52.2036
52.2036
52.6058
52.6058
52.6058
52.6058
52.6058
52.6058
52.6058
52.6058
53.469
53.469
53.469
53.469
53.469
53.469
53.469
53.469
54.8436
54.8436
54.8436
54.8436
54.8436
54.8436
54.8436
54.8436
56.7652
56.7652
56.7652
56.7652
56.7652
56.7652
56.7652
56.7652
59.2515
59.2515
59.2515
59.2515
59.2515
59.2515
59.2515
59.2515
62.2977
62.2977
62.2977
62.2977
62.2977
62.2977
62.2977
62.2977
65.8708
65.8708
65.8708
65.8708
65.8708
65.8708
65.8708
65.8708
69.9036
69.9036
69.9036
69.9036
69.9036
69.9036
69.9036
69.9036
55.0982
55.0982
55.0982
55.0982
55.0982
55.0982
55.0982
55.0982
54.8295
54.8295
54.8295
54.8295
54.8295
54.8295
54.8295
54.8295
54.3169
54.3169
54.3169
54.3169
54.3169
54.3169
54.3169
54.3169
53.678
53.678
53.678
53.678
53.678
53.678
53.678
53.678
53.0349
53.0349
53.0349
53.0349
53.0349
53.0349
53.0349
53.0349
52.505
52.505
52.505
52.505
52.505
52.505
52.505
52.505
52.1964
52.1964
52.1964
52.1964
52.1964
52.1964
52.1964
52.1964
52.2036
52.2036
52.2036
52.2036
52.2036
52.2036
52.2036
52.2036
52.6058
52.6058
52.6058
52.6058
52.6058
52.6058
52.6058
52.6058
53.469
53.469
53.469
53.469
53.469
53.469
53.469
53.469
54.8436
54.8436
54.8436
54.8436
54.8436
54.8436
54.8436
54.8436
56.7652
56.7652
56.7652
56.7652
56.7652
56.7652
56.7652
56.7652
59.2515
59.2515
59.2515
59.2515
59.2515
59.2515
59.2515
59.2515
62.2977
62.2977
62.2977
62.2977
62.2977
62.2977
62.2977
62.2977
65.8708
65.8708
65.8708
65.8708
65.8708
65.8708
65.8708
65.8708
69.9036
69.9036
69.9036
69.9036
69.9036
69.9036
69.9036
69.9036
55.0982
55.0982
55.0982
55.0982
55.0982
55.0982
55.0982
55.0982
54.8295
54.8295
54.8295
54.8295
54.8295
54.8295
54.8295
54.8295
54.3169
54.3169
54.3169
54.3169
54.3169
54.3169
54.3169
54.3169
53.678
53.678
53.678
53.678
53.678
53.678
53.678
53.678
53.0349
53.0349
53.0349
53.0349
53.0349
53.0349
53.0349
53.0349
52.505
52.505
52.505
52.505
52.505
52.505
52.505
52.505
52.1964
52.1964
52.1964
52.1964
52.1964
52.1964
52.1964
52.1964
52.2036
52.2036
52.2036
52.2036
52.2036
52.2036
52.2036
52.2036
52.6058
52.6058
52.6058
52.6058
52.6058
52.6058
52.6058
52.6058
53.469
53.469
53.469
53.469
53.469
53.469
53.469
53.469
54.8436
54.8436
54.8436
54.8436
54.8436
54.8436
54.8436
54.8436
56.7652
56.7652
56.7652
56.7652
56.7652
56.7652
56.7652
56.7652
59.2515
59.2515
59.2515
59.2515
59.2515
59.2515
59.2515
59.2515
62.2977
62.2977
62.2977
62.2977
62.2977
62.2977
62.2977
62.2977
65.8708
65.8708
65.8708
65.8708
65.8708
65.8708
65.8708
65.8708
69.9036
69.9036
69.9036
69.9036
69.9036
69.9036
69.9036
69.9036
55.0982
55.0982
55.0982
55.0982
55.0982
55.0982
55.0982
55.0982
54.8295
54.8295
54.8295
54.8295
54.8295
54.8295
54.8295
54.8295
54.3169
54.3169
54.3169
54.3169
54.3169
54.3169
54.3169
54.3169
53.678
53.678
53.678
53.678
53.678
53.678
53.678
53.678
53.0349
53.0349
53.0349
53.0349
53.0349
53.0349
53.0349
53.0349
52.505
52.505
52.505
52.505
52.505
52.505
52.505
52.505
52.1964
52.1964
52.1964
52.1964
52.1964
52.1964
52.1964
52.1964
52.2036
52.2036
52.2036
52.2036
52.2036
52.2036
52.2036
52.2036
52.6058
52.6058
52.6058
52.6058
52.6058
52.6058
52.6058
52.6058
53.469
53.469
53.469
53.469
53.469
53.469
53.469
53.469
54.8436
54.8436
54.8436
54.8436
54.8436
54.8436
54.8436
54.8436
56.7652
56.7652
56.7652
56.7652
56.7652
56.7652
56.7652
56.7652
59.2515
59.2515
59.2515
59.2515
59.2515
59.2515
59.2515
59.2515
62.2977
62.2977
62.2977
62.2977
62.2977
62.2977
62.2977
62.2977
65.8708
65.8708
65.8708
65.8708
65.8708
65.8708
65.8708
65.8708
69.9036
69.9036
69.9036
69.9036
69.9036
69.9036
69.9036
69.9036
52.6561
52.6561
52.6561
52.6561
52.6561
52.6561
52.6561
52.6561
52.2625
52.2625
52.2625
52.2625
52.2625
52.2625
52.2625
52.2625
51.6103
51.6103
51.6103
51.6103
51.6103
51.6103
51.6103
51.6103
50.8208
50.8208
50.8208
50.8208
50.8208
50.8208
50.8208
50.8208
50.02
50.02
50.02
50.02
50.02
50.02
50.02
50.02
49.3289
49.3289
49.3289
49.3289
49.3289
49.3289
49.3289
49.3289
48.8574
48.8574
48.8574
48.8574
48.8574
48.8574
48.8574
48.8574
48.7013
48.7013
48.7013
48.7013
48.7013
48.7013
48.7013
48.7013
48.9415
48.9415
48.9415
48.9415
48.9415
48.9415
48.9415
48.9415
49.6452
49.6452
49.6452
49.6452
49.6452
49.6452
49.6452
49.6452
50.8663
50.8663
50.8663
50.8663
50.8663
50.8663
50.8663
50.8663
52.6457
52.6457
52.6457
52.6457
52.6457
52.6457
52.6457
52.6457
55.0082
55.0082
55.0082
55.0082
55.0082
55.0082
55.0082
55.0082
57.96
57.96
57.96
57.96
57.96
57.96
57.96
57.96
61.4818
61.4818
61.4818
61.4818
61.4818
61.4818
61.4818
61.4818
65.5211
65.5211
65.5211
65.5211
65.5211
65.5211
65.5211
65.5211
52.6561
52.6561
52.6561
52.6561
52.6561
52.6561
52.6561
52.6561
52.2625
52.2625
52.2625
52.2625
52.2625
52.2625
52.2625
52.2625
51.6103
51.6103
51.6103
51.6103
51.6103
51.6103
51.6103
51.6103
50.8208
50.8208
50.8208
50.8208
50.8208
50.8208
50.8208
50.8208
50.02
50.02
50.02
50.02
50.02
50.02
50.02
50.02
49.3289
49.3289
49.3289
49.3289
49.3289
49.3289
49.3289
49.3289
48.8574
48.8574
48.8574
48.8574
48.8574
48.8574
48.8574
48.8574
48.7013
48.7013
48.7013
48.7013
48.7013
48.7013
48.7013
48.7013
48.9415
48.9415
48.9415
48.9415
48.9415
48.9415
48.9415
48.9415
49.6452
49.6452
49.6452
49.6452
49.6452
49.6452
49.6452
49.6452
50.8663
50.8663
50.8663
50.8663
50.8663
50.8663
50.8663
50.8663
52.6457
52.6457
52.6457
52.6457
52.6457
52.6457
52.6457
52.6457
55.0082
55.0082
55.0082
55.0082
55.0082
55.0082
55.0082
55.0082
57.96
57.96
57.96
57.96
57.96
57.96
57.96
57.96
61.4818
61.4818
61.4818
61.4818
61.4818
61.4818
61.4818
61.4818
65.5211
65.5211
65.5211
65.5211
65.5211
65.5211
65.5211
65.5211
52.6561
52.6561
52.6561
52.6561
52.6561
52.6561
52.6561
52.6561
52.2625
52.2625
52.2625
52.2625
52.2625
52.2625
52.2625
52.2625
51.6103
51.6103
51.6103
51.6103
51.6103
51.6103
51.6103
51.6103
50.8208
50.8208
50.8208
50.8208
50.8208
50.8208
50.8208
50.8208
50.02
50.02
50.02
50.02
50.02
50.02
50.02
50.02
49.3289
49.3289
49.3289
49.3289
49.3289
49.3289
49.3289
49.3289
48.8574
48.8574
48.8574
48.8574
48.8574
48.8574
48.8574
48.8574
48.7013
48.7013
48.7013
48.7013
48.7013
48.7013
48.7013
48.7013
48.9415
48.9415
48.9415
48.9415
48.9415
48.9415
48.9415
48.9415
49.6452
49.6452
49.6452
49.6452
49.6452
49.6452
49.6452
49.6452
50.8663
50.8663
50.8663
50.8663
50.8663
50.8663
50.8663
50.8663
52.6457
52.6457
52.6457
52.6457
52.6457
52.6457
52.6457
52.6457
55.0082
55.0082
55.0082
55.0082
55.0082
55.0082
55.0082
55.0082
57.96
57.96
57.96
57.96
57.96
57.96
57.96
57.96
61.4818
61.4818
61.4818
61.4818
61.4818
61.4818
61.4818
61.4818
65.5211
65.5211
65.5211
65.5211
65.5211
65.5211
65.5211
65.5211
52.6561
52.6561
52.6561
52.6561
52.6561
52.6561
52.6561
52.6561
52.2625
52.2625
52.2625
52.2625
52.2625
52.2625
52.2625
52.2625
51.6103
51.6103
51.6103
51.6103
51.6103
51.6103
51.6103
51.6103
50.8208
50.8208
50.8208
50.8208
50.8208
50.8208
50.8208
50.8208
50.02
50.02
50.02
50.02
50.02
50.02
50.02
50.02
49.3289
49.3289
49.3289
49.3289
49.3289
49.3289
49.3289
49.3289
48.8574
48.8574
48.8574
48.8574
48.8574
48.8574
48.8574
48.8574
48.7013
48.7013
48.7013
48.7013
48.7013
48.7013
48.7013
48.7013
48.9415
48.9415
48.9415
48.9415
48.9415
48.9415
48.9415
48.9415
49.6452
49.6452
49.6452
49.6452
49.6452
49.6452
49.6452
49.6452
50.8663
50.8663
50.8663
50.8663
50.8663
50.8663
50.8663
50.8663
52.6457
52.6457
52.6457
52.6457
52.6457
52.6457
52.6457
52.6457
55.0082
55.0082
55.0082
55.0082
55.0082
55.0082
55.0082
55.0082
57.96
57.96
57.96
57.96
57.96
57.96
57.96
57.96
61.4818
61.4818
61.4818
61.4818
61.4818
61.4818
61.4818
61.4818
65.5211
65.5211
65.5211
65.5211
65.5211
65.5211
65.5211
65.5211
50.1608
50.1608
50.1608
50.1608
50.1608
50.1608
50.1608
50.1608
49.654
49.654
49.654
49.654
49.654
49.654
49.654
49.654
48.8746
48.8746
48.8746
48.8746
48.8746
48.8746
48.8746
48.8746
47.9469
47.9469
47.9469
47.9469
47.9469
47.9469
47.9469
47.9469
46.9995
46.9995
46.9995
46.9995
46.9995
46.9995
46.9995
46.9995
46.1555
46.1555
46.1555
46.1555
46.1555
46.1555
46.1555
46.1555
45.5259
45.5259
45.5259
45.5259
45.5259
45.5259
45.5259
45.5259
45.2066
45.2066
45.2066
45.2066
45.2066
45.2066
45.2066
45.2066
45.2786
45.2786
45.2786
45.2786
45.2786
45.2786
45.2786
45.2786
45.8092
45.8092
45.8092
45.8092
45.8092
45.8092
45.8092
45.8092
46.8538
46.8538
46.8538
46.8538
46.8538
46.8538
46.8538
46.8538
48.4566
48.4566
48.4566
48.4566
48.4566
48.4566
48.4566
48.4566
50.6492
50.6492
50.6492
50.6492
50.6492
50.6492
50.6492
50.6492
53.447
53.447
53.447
53.447
53.447
53.447
53.447
53.447
56.8434
56.8434
56.8434
56.8434
56.8434
56.8434
56.8434
56.8434
60.8024
60.8024
60.8024
60.8024
60.8024
60.8024
60.8024
60.8024
50.1608
50.1608
50.1608
50.1608
50.1608
50.1608
50.1608
50.1608
49.654
49.654
49.654
49.654
49.654
49.654
49.654
49.654
48.8746
48.8746
48.8746
48.8746
48.8746
48.8746
48.8746
48.8746
47.9469
47.9469
47.9469
47.9469
47.9469
47.9469
47.9469
47.9469
46.9995
46.9995
46.9995
46.9995
46.9995
46.9995
46.9995
46.9995
46.1555
46.1555
46.1555
46.1555
46.1555
46.1555
46.1555
46.1555
45.5259
45.5259
45.5259
45.5259
45.5259
45.5259
45.5259
45.5259
45.2066
45.2066
45.2066
45.2066
45.2066
45.2066
45.2066
45.2066
45.2786
45.2786
45.2786
45.2786
45.2786
45.2786
45.2786
45.2786
45.8092
45.8092
45.8092
45.8092
45.8092
45.8092
45.8092
45.8092
46.8538
46.8538
46.8538
46.8538
46.8538
46.8538
46.8538
46.8538
48.4566
48.4566
48.4566
48.4566
48.4566
48.4566
48.4566
48.4566
50.6492
50.6492
50.6492
50.6492
50.6492
50.6492
50.6492
50.6492
53.447
53.447
53.447
53.447
53.447
53.447
53.447
53.447
56.8434
56.8434
56.8434
56.8434
56.8434
56.8434
56.8434
56.8434
60.8024
60.8024
60.8024
60.8024
60.8024
60.8024
60.8024
60.8024
50.1608
50.1608
50.1608
50.1608
50.1608
50.1608
50.1608
50.1608
49.654
49.654
49.654
49.654
49.654
49.654
49.654
49.654
48.8746
48.8746
48.8746
48.8746
48.8746
48.8746
48.8746
48.8746
47.9469
47.9469
47.9469
47.9469
47.9469
47.9469
47.9469
47.9469
46.9995
46.9995
46.9995
46.9995
46.9995
46.9995
46.9995
46.9995
46.1555
46.1555
46.1555
46.1555
46.1555
46.1555
46.1555
46.1555
45.5259
45.5259
45.5259
45.5259
45.5259
45.5259
45.5259
45.5259
45.2066
45.2066
45.2066
45.2066
45.2066
45.2066
45.2066
45.2066
45.2786
45.2786
45.2786
45.2786
45.2786
45.2786
45.2786
45.2786
45.8092
45.8092
45.8092
45.8092
45.8092
45.8092
45.8092
45.8092
46.8538
46.8538
46.8538
46.8538
46.8538
46.8538
46.8538
46.8538
48.4566
48.4566
48.4566
48.4566
48.4566
48.4566
48.4566
48.4566
50.6492
50.6492
50.6492
50.6492
50.6492
50.6492
50.6492
50.6492
53.447
53.447
53.447
53.447
53.447
53.447
53.447
53.447
56.8434
56.8434
56.8434
56.8434
56.8434
56.8434
56.8434
56.8434
60.8024
60.8024
60.8024
60.8024
60.8024
60.8024
60.8024
60.8024
50.1608
50.1608
50.1608
50.1608
50.1608
50.1608
50.1608
50.1608
49.654
49.654
49.654
49.654
49.654
49.654
49.654
49.654
48.8746
48.8746
48.8746
48.8746
48.8746
48.8746
48.8746
48.8746
47.9469
47.9469
47.9469
47.9469
47.9469
47.9469
47.9469
47.9469
46.9995
46.9995
46.9995
46.9995
46.9995
46.9995
46.9995
46.9995
46.1555
46.1555
46.1555
46.1555
46.1555
46.1555
46.1555
46.1555
45.5259
45.5259
45.5259
45.5259
45.5259
45.5259
45.5259
45.5259
45.2066
45.2066
45.2066
45.2066
45.2066
45.2066
45.2066
45.2066
45.2786
45.2786
45.2786
45.2786
45.2786
45.2786
45.2786
45.2786
45.8092
45.8092
45.8092
45.8092
45.8092
45.8092
45.8092
45.8092
46.8538
46.8538
46.8538
46.8538
46.8538
46.8538
46.8538
46.8538
48.4566
48.4566
48.4566
48.4566
48.4566
48.4566
48.4566
48.4566
50.6492
50.6492
50.6492
50.6492
50.6492
50.6492
50.6492
50.6492
53.447
53.447
53.447
53.447
53.447
53.447
53.447
53.447
56.8434
56.8434
56.8434
56.8434
56.8434
56.8434
56.8434
56.8434
60.8024
60.8024
60.8024
60.8024
60.8024
60.8024
60.8024
60.8024
47.6907
47.6907
47.6907
47.6907
47.6907
47.6907
47.6907
47.6907
47.083
47.083
47.083
47.083
47.083
47.083
47.083
47.083
46.1897
46.1897
46.1897
46.1897
46.1897
46.1897
46.1897
46.1897
45.137
45.137
45.137
45.137
45.137
45.137
45.137
45.137
44.0555
44.0555
44.0555
44.0555
44.0555
44.0555
44.0555
44.0555
43.0693
43.0693
43.0693
43.0693
43.0693
43.0693
43.0693
43.0693
42.2895
42.2895
42.2895
42.2895
42.2895
42.2895
42.2895
42.2895
41.8114
41.8114
41.8114
41.8114
41.8114
41.8114
41.8114
41.8114
41.7147
41.7147
41.7147
41.7147
41.7147
41.7147
41.7147
41.7147
42.0658
42.0658
42.0658
42.0658
42.0658
42.0658
42.0658
42.0658
42.92
42.92
42.92
42.92
42.92
42.92
42.92
42.92
44.3232
44.3232
44.3232
44.3232
44.3232
44.3232
44.3232
44.3232
46.3115
46.3115
46.3115
46.3115
46.3115
46.3115
46.3115
46.3115
48.9081
48.9081
48.9081
48.9081
48.9081
48.9081
48.9081
48.9081
52.1179
52.1179
52.1179
52.1179
52.1179
52.1179
52.1179
52.1179
55.9197
55.9197
55.9197
55.9197
55.9197
55.9197
55.9197
55.9197
47.6907
47.6907
47.6907
47.6907
47.6907
47.6907
47.6907
47.6907
47.083
47.083
47.083
47.083
47.083
47.083
47.083
47.083
46.1897
46.1897
46.1897
46.1897
46.1897
46.1897
46.1897
46.1897
45.137
45.137
45.137
45.137
45.137
45.137
45.137
45.137
44.0555
44.0555
44.0555
44.0555
44.0555
44.0555
44.0555
44.0555
43.0693
43.0693
43.0693
43.0693
43.0693
43.0693
43.0693
43.0693
42.2895
42.2895
42.2895
42.2895
42.2895
42.2895
42.2895
42.2895
41.8114
41.8114
41.8114
41.8114
41.8114
41.8114
41.8114
41.8114
41.7147
41.7147
41.7147
41.7147
41.7147
41.7147
41.7147
41.7147
42.0658
42.0658
42.0658
42.0658
42.0658
42.0658
42.0658
42.0658
42.92
42.92
42.92
42.92
42.92
42.92
42.92
42.92
44.3232
44.3232
44.3232
44.3232
44.3232
44.3232
44.3232
44.3232
46.3115
46.3115
46.3115
46.3115
46.3115
46.3115
46.3115
46.3115
48.9081
48.9081
48.9081
48.9081
48.9081
48.9081
48.9081
48.9081
52.1179
52.1179
52.1179
52.1179
52.1179
52.1179
52.1179
52.1179
55.9197
55.9197
55.9197
55.9197
55.9197
55.9197
55.9197
55.9197
47.6907
47.6907
47.6907
47.6907
47.6907
47.6907
47.6907
47.6907
47.083
47.083
47.083
47.083
47.083
47.083
47.083
47.083
46.1897
46.1897
46.1897
46.1897
46.1897
46.1897
46.1897
46.1897
45.137
45.137
45.137
45.137
45.137
45.137
45.137
45.137
44.0555
44.0555
44.0555
44.0555
44.0555
44.0555
44.0555
44.0555
43.0693
43.0693
43.0693
43.0693
43.0693
43.0693
43.0693
43.0693
42.2895
42.2895
42.2895
42.2895
42.2895
42.2895
42.2895
42.2895
41.8114
41.8114
41.8114
41.8114
41.8114
41.8114
41.8114
41.8114
41.7147
41.7147
41.7147
41.7147
41.7147
41.7147
41.7147
41.7147
42.0658
42.0658
42.0658
42.0658
42.0658
42.0658
42.0658
42.0658
42.92
42.92
42.92
42.92
42.92
42.92
42.92
42.92
44.3232
44.3232
44.3232
44.3232
44.3232
44.3232
44.3232
44.3232
46.3115
46.3115
46.3115
46.3115
46.3115
46.3115
46.3115
46.3115
48.9081
48.9081
48.9081
48.9081
48.9081
48.9081
48.9081
48.9081
52.1179
52.1179
52.1179
52.1179
52.1179
52.1179
52.1179
52.1179
55.9197
55.9197
55.9197
55.9197
55.9197
55.9197
55.9197
55.9197
47.6907
47.6907
47.6907
47.6907
47.6907
47.6907
47.6907
47.6907
47.083
47.083
47.083
47.083
47.083
47.083
47.083
47.083
46.1897
46.1897
46.1897
46.1897
46.1897
46.1897
46.1897
46.1897
45.137
45.137
45.137
45.137
45.137
45.137
45.137
45.137
44.0555
44.0555
44.0555
44.0555
44.0555
44.0555
44.0555
44.0555
43.0693
43.0693
43.0693
43.0693
43.0693
43.0693
43.0693
43.0693
42.2895
42.2895
42.2895
42.2895
42.2895
42.2895
42.2895
42.2895
41.8114
41.8114
41.8114
41.8114
41.8114
41.8114
41.8114
41.8114
41.7147
41.7147
41.7147
41.7147
41.7147
41.7147
41.7147
41.7147
42.0658
42.0658
42.0658
42.0658
42.0658
42.0658
42.0658
42.0658
42.92
42.92
42.92
42.92
42.92
42.92
42.92
42.92
44.3232
44.3232
44.3232
44.3232
44.3232
44.3232
44.3232
44.3232
46.3115
46.3115
46.3115
46.3115
46.3115
46.3115
46.3115
46.3115
48.9081
48.9081
48.9081
48.9081
48.9081
48.9081
48.9081
48.9081
52.1179
52.1179
52.1179
52.1179
52.1179
52.1179
52.1179
52.1179
55.9197
55.9197
55.9197
55.9197
55.9197
55.9197
55.9197
55.9197
45.3105
45.3105
45.3105
45.3105
45.3105
45.3105
45.3105
45.3105
44.6151
44.6151
44.6151
44.6151
44.6151
44.6151
44.6151
44.6151
43.6216
43.6216
43.6216
43.6216
43.6216
43.6216
43.6216
43.6216
42.4577
42.4577
42.4577
42.4577
42.4577
42.4577
42.4577
42.4577
41.255
41.255
41.255
41.255
41.255
41.255
41.255
41.255
40.1385
40.1385
40.1385
40.1385
40.1385
40.1385
40.1385
40.1385
39.2188
39.2188
39.2188
39.2188
39.2188
39.2188
39.2188
39.2188
38.5898
38.5898
38.5898
38.5898
38.5898
38.5898
38.5898
38.5898
38.329
38.329
38.329
38.329
38.329
38.329
38.329
38.329
38.5008
38.5008
38.5008
38.5008
38.5008
38.5008
38.5008
38.5008
39.1593
39.1593
39.1593
39.1593
39.1593
39.1593
39.1593
39.1593
40.3504
40.3504
40.3504
40.3504
40.3504
40.3504
40.3504
40.3504
42.1127
42.1127
42.1127
42.1127
42.1127
42.1127
42.1127
42.1127
44.4751
44.4751
44.4751
44.4751
44.4751
44.4751
44.4751
44.4751
47.4519
47.4519
47.4519
47.4519
47.4519
47.4519
47.4519
47.4519
51.0359
51.0359
51.0359
51.0359
51.0359
51.0359
51.0359
51.0359
45.3105
45.3105
45.3105
45.3105
45.3105
45.3105
45.3105
45.3105
44.6151
44.6151
44.6151
44.6151
44.6151
44.6151
44.6151
44.6151
43.6216
43.6216
43.6216
43.6216
43.6216
43.6216
43.6216
43.6216
42.4577
42.4577
42.4577
42.4577
42.4577
42.4577
42.4577
42.4577
41.255
41.255
41.255
41.255
41.255
41.255
41.255
41.255
40.1385
40.1385
40.1385
40.1385
40.1385
40.1385
40.1385
40.1385
39.2188
39.2188
39.2188
39.2188
39.2188
39.2188
39.2188
39.2188
38.5898
38.5898
38.5898
38.5898
38.5898
38.5898
38.5898
38.5898
38.329
38.329
38.329
38.329
38.329
38.329
38.329
38.329
38.5008
38.5008
38.5008
38.5008
38.5008
38.5008
38.5008
38.5008
39.1593
39.1593
39.1593
39.1593
39.1593
39.1593
39.1593
39.1593
40.3504
40.3504
40.3504
40.3504
40.3504
40.3504
40.3504
40.3504
42.1127
42.1127
42.1127
42.1127
42.1127
42.1127
42.1127
42.1127
44.4751
44.4751
44.4751
44.4751
44.4751
44.4751
44.4751
44.4751
47.4519
47.4519
47.4519
47.4519
47.4519
47.4519
47.4519
47.4519
51.0359
51.0359
51.0359
51.0359
51.0359
51.0359
51.0359
51.0359
45.3105
45.3105
45.3105
45.3105
45.3105
45.3105
45.3105
45.3105
44.6151
44.6151
44.6151
44.6151
44.6151
44.6151
44.6151
44.6151
43.6216
43.6216
43.6216
43.6216
43.6216
43.6216
43.6216
43.6216
42.4577
42.4577
42.4577
42.4577
42.4577
42.4577
42.4577
42.4577
41.255
41.255
41.255
41.255
41.255
41.255
41.255
41.255
40.1385
40.1385
40.1385
40.1385
40.1385
40.1385
40.1385
40.1385
39.2188
39.2188
39.2188
39.2188
39.2188
39.2188
39.2188
39.2188
38.5898
38.5898
38.5898
38.5898
38.5898
38.5898
38.5898
38.5898
38.329
38.329
38.329
38.329
38.329
38.329
38.329
38.329
38.5008
38.5008
38.5008
38.5008
38.5008
38.5008
38.5008
38.5008
39.1593
39.1593
39.1593
39.1593
39.1593
39.1593
39.1593
39.1593
40.3504
40.3504
40.3504
40.3504
40.3504
40.3504
40.3504
40.3504
42.1127
42.1127
42.1127
42.1127
42.1127
42.1127
42.1127
42.1127
44.4751
44.4751
44.4751
44.4751
44.4751
44.4751
44.4751
44.4751
47.4519
47.4519
47.4519
47.4519
47.4519
47.4519
47.4519
47.4519
51.0359
51.0359
51.0359
51.0359
51.0359
51.0359
51.0359
51.0359
45.3105
45.3105
45.3105
45.3105
45.3105
45.3105
45.3105
45.3105
44.6151
44.6151
44.6151
44.6151
44.6151
44.6151
44.6151
44.6151
43.6216
43.6216
43.6216
43.6216
43.6216
43.6216
43.6216
43.6216
42.4577
42.4577
42.4577
42.4577
42.4577
42.4577
42.4577
42.4577
41.255
41.255
41.255
41.255
41.255
41.255
41.255
41.255
40.1385
40.1385
40.1385
40.1385
40.1385
40.1385
40.1385
40.1385
39.2188
39.2188
39.2188
39.2188
39.2188
39.2188
39.2188
39.2188
38.5898
38.5898
38.5898
38.5898
38.5898
38.5898
38.5898
38.5898
38.329
38.329
38.329
38.329
38.329
38.329
38.329
38.329
38.5008
38.5008
38.5008
38.5008
38.5008
38.5008
38.5008
38.5008
39.1593
39.1593
39.1593
39.1593
39.1593
39.1593
39.1593
39.1593
40.3504
40.3504
40.3504
40.3504
40.3504
40.3504
40.3504
40.3504
42.1127
42.1127
42.1127
42.1127
42.1127
42.1127
42.1127
42.1127
44.4751
44.4751
44.4751
44.4751
44.4751
44.4751
44.4751
44.4751
47.4519
47.4519
47.4519
47.4519
47.4519
47.4519
47.4519
47.4519
51.0359
51.0359
51.0359
51.0359
51.0359
51.0359
51.0359
51.0359
43.0703
43.0703
43.0703
43.0703
43.0703
43.0703
43.0703
43.0703
42.3003
42.3003
42.3003
42.3003
42.3003
42.3003
42.3003
42.3003
41.2203
41.2203
41.2203
41.2203
41.2203
41.2203
41.2203
41.2203
39.9587
39.9587
39.9587
39.9587
39.9587
39.9587
39.9587
39.9587
38.6483
38.6483
38.6483
38.6483
38.6483
38.6483
38.6483
38.6483
37.4141
37.4141
37.4141
37.4141
37.4141
37.4141
37.4141
37.4141
36.3661
36.3661
36.3661
36.3661
36.3661
36.3661
36.3661
36.3661
35.5962
35.5962
35.5962
35.5962
35.5962
35.5962
35.5962
35.5962
35.1798
35.1798
35.1798
35.1798
35.1798
35.1798
35.1798
35.1798
35.1782
35.1782
35.1782
35.1782
35.1782
35.1782
35.1782
35.1782
35.6431
35.6431
35.6431
35.6431
35.6431
35.6431
35.6431
35.6431
36.6191
36.6191
36.6191
36.6191
36.6191
36.6191
36.6191
36.6191
38.1455
38.1455
38.1455
38.1455
38.1455
38.1455
38.1455
38.1455
40.2547
40.2547
40.2547
40.2547
40.2547
40.2547
40.2547
40.2547
42.9684
42.9684
42.9684
42.9684
42.9684
42.9684
42.9684
42.9684
46.2904
46.2904
46.2904
46.2904
46.2904
46.2904
46.2904
46.2904
43.0703
43.0703
43.0703
43.0703
43.0703
43.0703
43.0703
43.0703
42.3003
42.3003
42.3003
42.3003
42.3003
42.3003
42.3003
42.3003
41.2203
41.2203
41.2203
41.2203
41.2203
41.2203
41.2203
41.2203
39.9587
39.9587
39.9587
39.9587
39.9587
39.9587
39.9587
39.9587
38.6483
38.6483
38.6483
38.6483
38.6483
38.6483
38.6483
38.6483
37.4141
37.4141
37.4141
37.4141
37.4141
37.4141
37.4141
37.4141
36.3661
36.3661
36.3661
36.3661
36.3661
36.3661
36.3661
36.3661
35.5962
35.5962
35.5962
35.5962
35.5962
35.5962
35.5962
35.5962
35.1798
35.1798
35.1798
35.1798
35.1798
35.1798
35.1798
35.1798
35.1782
35.1782
35.1782
35.1782
35.1782
35.1782
35.1782
35.1782
35.6431
35.6431
35.6431
35.6431
35.6431
35.6431
35.6431
35.6431
36.6191
36.6191
36.6191
36.6191
36.6191
36.6191
36.6191
36.6191
38.1455
38.1455
38.1455
38.1455
38.1455
38.1455
38.1455
38.1455
40.2547
40.2547
40.2547
40.2547
40.2547
40.2547
40.2547
40.2547
42.9684
42.9684
42.9684
42.9684
42.9684
42.9684
42.9684
42.9684
46.2904
46.2904
46.2904
46.2904
46.2904
46.2904
46.2904
46.2904
43.0703
43.0703
43.0703
43.0703
43.0703
43.0703
43.0703
43.0703
42.3003
42.3003
42.3003
42.3003
42.3003
42.3003
42.3003
42.3003
41.2203
41.2203
41.2203
41.2203
41.2203
41.2203
41.2203
41.2203
39.9587
39.9587
39.9587
39.9587
39.9587
39.9587
39.9587
39.9587
38.6483
38.6483
38.6483
38.6483
38.6483
38.6483
38.6483
38.6483
37.4141
37.4141
37.4141
37.4141
37.4141
37.4141
37.4141
37.4141
36.3661
36.3661
36.3661
36.3661
36.3661
36.3661
36.3661
36.3661
35.5962
35.5962
35.5962
35.5962
35.5962
35.5962
35.5962
35.5962
35.1798
35.1798
35.1798
35.1798
35.1798
35.1798
35.1798
35.1798
35.1782
35.1782
35.1782
35.1782
35.1782
35.1782
35.1782
35.1782
35.6431
35.6431
35.6431
35.6431
35.6431
35.6431
35.6431
35.6431
36.6191
36.6191
36.6191
36.6191
36.6191
36.6191
36.6191
36.6191
38.1455
38.1455
38.1455
38.1455
38.1455
38.1455
38.1455
38.1455
40.2547
40.2547
40.2547
40.2547
40.2547
40.2547
40.2547
40.2547
42.9684
42.9684
42.9684
42.9684
42.9684
42.9684
42.9684
42.9684
46.2904
46.2904
46.2904
46.2904
46.2904
46.2904
46.2904
46.2904
43.0703
43.0703
43.0703
43.0703
43.0703
43.0703
43.0703
43.0703
42.3003
42.3003
42.3003
42.3003
42.3003
42.3003
42.3003
42.3003
41.2203
41.2203
41.2203
41.2203
41.2203
41.2203
41.2203
41.2203
39.9587
39.9587
39.9587
39.9587
39.9587
39.9587
39.9587
39.9587
38.6483
38.6483
38.6483
38.6483
38.6483
38.6483
38.6483
38.6483
37.4141
37.4141
37.4141
37.4141
37.4141
37.4141
37.4141
37.4141
36.3661
36.3661
36.3661
36.3661
36.3661
36.3661
36.3661
36.3661
35.5962
35.5962
35.5962
35.5962
35.5962
35.5962
35.5962
35.5962
35.1798
35.1798
35.1798
35.1798
35.1798
35.1798
35.1798
35.1798
35.1782
35.1782
35.1782
35.1782
35.1782
35.1782
35.1782
35.1782
35.6431
35.6431
35.6431
35.6431
35.6431
35.6431
35.6431
35.6431
36.6191
36.6191
36.6191
36.6191
36.6191
36.6191
36.6191
36.6191
38.1455
38.1455
38.1455
38.1455
38.1455
38.1455
38.1455
38.1455
40.2547
40.2547
40.2547
40.2547
40.2547
40.2547
40.2547
40.2547
42.9684
42.9684
42.9684
42.9684
42.9684
42.9684
42.9684
42.9684
46.2904
46.2904
46.2904
46.2904
46.2904
46.2904
46.2904
46.2904
41.0045
41.0045
41.0045
41.0045
41.0045
41.0045
41.0045
41.0045
40.173
40.173
40.173
40.173
40.173
40.173
40.173
40.173
39.0198
39.0198
39.0198
39.0198
39.0198
39.0198
39.0198
39.0198
37.6739
37.6739
37.6739
37.6739
37.6739
37.6739
37.6739
37.6739
36.2687
36.2687
36.2687
36.2687
36.2687
36.2687
36.2687
36.2687
34.9295
34.9295
34.9295
34.9295
34.9295
34.9295
34.9295
34.9295
33.7652
33.7652
33.7652
33.7652
33.7652
33.7652
33.7652
33.7652
32.8663
32.8663
32.8663
32.8663
32.8663
32.8663
32.8663
32.8663
32.305
32.305
32.305
32.305
32.305
32.305
32.305
32.305
32.1397
32.1397
32.1397
32.1397
32.1397
32.1397
32.1397
32.1397
32.4188
32.4188
32.4188
32.4188
32.4188
32.4188
32.4188
32.4188
33.1845
33.1845
33.1845
33.1845
33.1845
33.1845
33.1845
33.1845
34.4752
34.4752
34.4752
34.4752
34.4752
34.4752
34.4752
34.4752
36.3249
36.3249
36.3249
36.3249
36.3249
36.3249
36.3249
36.3249
38.76
38.76
38.76
38.76
38.76
38.76
38.76
38.76
41.7933
41.7933
41.7933
41.7933
41.7933
41.7933
41.7933
41.7933
41.0045
41.0045
41.0045
41.0045
41.0045
41.0045
41.0045
41.0045
40.173
40.173
40.173
40.173
40.173
40.173
40.173
40.173
39.0198
39.0198
39.0198
39.0198
39.0198
39.0198
39.0198
39.0198
37.6739
37.6739
37.6739
37.6739
37.6739
37.6739
37.6739
37.6739
36.2687
36.2687
36.2687
36.2687
36.2687
36.2687
36.2687
36.2687
34.9295
34.9295
34.9295
34.9295
34.9295
34.9295
34.9295
34.9295
33.7652
33.7652
33.7652
33.7652
33.7652
33.7652
33.7652
33.7652
32.8663
32.8663
32.8663
32.8663
32.8663
32.8663
32.8663
32.8663
32.305
32.305
32.305
32.305
32.305
32.305
32.305
32.305
32.1397
32.1397
32.1397
32.1397
32.1397
32.1397
32.1397
32.1397
32.4188
32.4188
32.4188
32.4188
32.4188
32.4188
32.4188
32.4188
33.1845
33.1845
33.1845
33.1845
33.1845
33.1845
33.1845
33.1845
34.4752
34.4752
34.4752
34.4752
34.4752
34.4752
34.4752
34.4752
36.3249
36.3249
36.3249
36.3249
36.3249
36.3249
36.3249
36.3249
38.76
38.76
38.76
38.76
38.76
38.76
38.76
38.76
41.7933
41.7933
41.7933
41.7933
41.7933
41.7933
41.7933
41.7933
41.0045
41.0045
41.0045
41.0045
41.0045
41.0045
41.0045
41.0045
40.173
40.173
40.173
40.173
40.173
40.173
40.173
40.173
39.0198
39.0198
39.0198
39.0198
39.0198
39.0198
39.0198
39.0198
37.6739
37.6739
37.6739
37.6739
37.6739
37.6739
37.6739
37.6739
36.2687
36.2687
36.2687
36.2687
36.2687
36.2687
36.2687
36.2687
34.9295
34.9295
34.9295
34.9295
34.9295
34.9295
34.9295
34.9295
33.7652
33.7652
33.7652
33.7652
33.7652
33.7652
33.7652
33.7652
32.8663
32.8663
32.8663
32.8663
32.8663
32.8663
32.8663
32.8663
32.305
32.305
32.305
32.305
32.305
32.305
32.305
32.305
32.1397
32.1397
32.1397
32.1397
32.1397
32.1397
32.1397
32.1397
32.4188
32.4188
32.4188
32.4188
32.4188
32.4188
32.4188
32.4188
33.1845
33.1845
33.1845
33.1845
33.1845
33.1845
33.1845
33.1845
34.4752
34.4752
34.4752
34.4752
34.4752
34.4752
34.4752
34.4752
36.3249
36.3249
36.3249
36.3249
36.3249
36.3249
36.3249
36.3249
38.76
38.76
38.76
38.76
38.76
38.76
38.76
38.76
41.7933
41.7933
41.7933
41.7933
41.7933
41.7933
41.7933
41.7933
41.0045
41.0045
41.0045
41.0045
41.0045
41.0045
41.0045
41.0045
40.173
40.173
40.173
40.173
40.173
40.173
40.173
40.173
39.0198
39.0198
39.0198
39.0198
39.0198
39.0198
39.0198
39.0198
37.6739
37.6739
37.6739
37.6739
37.6739
37.6739
37.6739
37.6739
36.2687
36.2687
36.2687
36.2687
36.2687
36.2687
36.2687
36.2687
34.9295
34.9295
34.9295
34.9295
34.9295
34.9295
34.9295
34.9295
33.7652
33.7652
33.7652
33.7652
33.7652
33.7652
33.7652
33.7652
32.8663
32.8663
32.8663
32.8663
32.8663
32.8663
32.8663
32.8663
32.305
32.305
32.305
32.305
32.305
32.305
32.305
32.305
32.1397
32.1397
32.1397
32.1397
32.1397
32.1397
32.1397
32.1397
32.4188
32.4188
32.4188
32.4188
32.4188
32.4188
32.4188
32.4188
33.1845
33.1845
33.1845
33.1845
33.1845
33.1845
33.1845
33.1845
34.4752
34.4752
34.4752
34.4752
34.4752
34.4752
34.4752
34.4752
36.3249
36.3249
36.3249
36.3249
36.3249
36.3249
36.3249
36.3249
38.76
38.76
38.76
38.76
38.76
38.76
38.76
38.76
41.7933
41.7933
41.7933
41.7933
41.7933
41.7933
41.7933
41.7933
39.1328
39.1328
39.1328
39.1328
39.1328
39.1328
39.1328
39.1328
38.2529
38.2529
38.2529
38.2529
38.2529
38.2529
38.2529
38.2529
37.0397
37.0397
37.0397
37.0397
37.0397
37.0397
37.0397
37.0397
35.6222
35.6222
35.6222
35.6222
35.6222
35.6222
35.6222
35.6222
34.1347
34.1347
34.1347
34.1347
34.1347
34.1347
34.1347
34.1347
32.7024
32.7024
32.7024
32.7024
32.7024
32.7024
32.7024
32.7024
31.434
31.434
31.434
31.434
31.434
31.434
31.434
31.434
30.418
30.418
30.418
30.418
30.418
30.418
30.418
30.418
29.7241
29.7241
29.7241
29.7241
29.7241
29.7241
29.7241
29.7241
29.4072
29.4072
29.4072
29.4072
29.4072
29.4072
29.4072
29.4072
29.512
29.512
29.512
29.512
29.512
29.512
29.512
29.512
30.0778
30.0778
30.0778
30.0778
30.0778
30.0778
30.0778
30.0778
31.1407
31.1407
31.1407
31.1407
31.1407
31.1407
31.1407
31.1407
32.7345
32.7345
32.7345
32.7345
32.7345
32.7345
32.7345
32.7345
34.8884
34.8884
34.8884
34.8884
34.8884
34.8884
34.8884
34.8884
37.6213
37.6213
37.6213
37.6213
37.6213
37.6213
37.6213
37.6213
39.1328
39.1328
39.1328
39.1328
39.1328
39.1328
39.1328
39.1328
38.2529
38.2529
38.2529
38.2529
38.2529
38.2529
38.2529
38.2529
37.0397
37.0397
37.0397
37.0397
37.0397
37.0397
37.0397
37.0397
35.6222
35.6222
35.6222
35.6222
35.6222
35.6222
35.6222
35.6222
34.1347
34.1347
34.1347
34.1347
34.1347
34.1347
34.1347
34.1347
32.7024
32.7024
32.7024
32.7024
32.7024
32.7024
32.7024
32.7024
31.434
31.434
31.434
31.434
31.434
31.434
31.434
31.434
30.418
30.418
30.418
30.418
30.418
30.418
30.418
30.418
29.7241
29.7241
29.7241
29.7241
29.7241
29.7241
29.7241
29.7241
29.4072
29.4072
29.4072
29.4072
29.4072
29.4072
29.4072
29.4072
29.512
29.512
29.512
29.512
29.512
29.512
29.512
29.512
30.0778
30.0778
30.0778
30.0778
30.0778
30.0778
30.0778
30.0778
31.1407
31.1407
31.1407
31.1407
31.1407
31.1407
31.1407
31.1407
32.7345
32.7345
32.7345
32.7345
32.7345
32.7345
32.7345
32.7345
34.8884
34.8884
34.8884
34.8884
34.8884
34.8884
34.8884
34.8884
37.6213
37.6213
37.6213
37.6213
37.6213
37.6213
37.6213
37.6213
39.1328
39.1328
39.1328
39.1328
39.1328
39.1328
39.1328
39.1328
38.2529
38.2529
38.2529
38.2529
38.2529
38.2529
38.2529
38.2529
37.0397
37.0397
37.0397
37.0397
37.0397
37.0397
37.0397
37.0397
35.6222
35.6222
35.6222
35.6222
35.6222
35.6222
35.6222
35.6222
34.1347
34.1347
34.1347
34.1347
34.1347
34.1347
34.1347
34.1347
32.7024
32.7024
32.7024
32.7024
32.7024
32.7024
32.7024
32.7024
31.434
31.434
31.434
31.434
31.434
31.434
31.434
31.434
30.418
30.418
30.418
30.418
30.418
30.418
30.418
30.418
29.7241
29.7241
29.7241
29.7241
29.7241
29.7241
29.7241
29.7241
29.4072
29.4072
29.4072
29.4072
29.4072
29.4072
29.4072
29.4072
29.512
29.512
29.512
29.512
29.512
29.512
29.512
29.512
30.0778
30.0778
30.0778
30.0778
30.0778
30.0778
30.0778
30.0778
31.1407
31.1407
31.1407
31.1407
31.1407
31.1407
31.1407
31.1407
32.7345
32.7345
32.7345
32.7345
32.7345
32.7345
32.7345
32.7345
34.8884
34.8884
34.8884
34.8884
34.8884
34.8884
34.8884
34.8884
37.6213
37.6213
37.6213
37.6213
37.6213
37.6213
37.6213
37.6213
39.1328
39.1328
39.1328
39.1328
39.1328
39.1328
39.1328
39.1328
38.2529
38.2529
38.2529
38.2529
38.2529
38.2529
38.2529
38.2529
37.0397
37.0397
37.0397
37.0397
37.0397
37.0397
37.0397
37.0397
35.6222
35.6222
35.6222
35.6222
35.6222
35.6222
35.6222
35.6222
34.1347
34.1347
34.1347
34.1347
34.1347
34.1347
34.1347
34.1347
32.7024
32.7024
32.7024
32.7024
32.7024
32.7024
32.7024
32.7024
31.434
31.434
31.434
31.434
31.434
31.434
31.434
31.434
30.418
30.418
30.418
30.418
30.418
30.418
30.418
30.418
29.7241
29.7241
29.7241
29.7241
29.7241
29.7241
29.7241
29.7241
29.4072
29.4072
29.4072
29.4072
29.4072
29.4072
29.4072
29.4072
29.512
29.512
29.512
29.512
29.512
29.512
29.512
29.512
30.0778
30.0778
30.0778
30.0778
30.0778
30.0778
30.0778
30.0778
31.1407
31.1407
31.1407
31.1407
31.1407
31.1407
31.1407
31.1407
32.7345
32.7345
32.7345
32.7345
32.7345
32.7345
32.7345
32.7345
34.8884
34.8884
34.8884
34.8884
34.8884
34.8884
34.8884
34.8884
37.6213
37.6213
37.6213
37.6213
37.6213
37.6213
37.6213
37.6213
37.4622
37.4622
37.4622
37.4622
37.4622
37.4622
37.4622
37.4622
36.5468
36.5468
36.5468
36.5468
36.5468
36.5468
36.5468
36.5468
35.2863
35.2863
35.2863
35.2863
35.2863
35.2863
35.2863
35.2863
33.8097
33.8097
33.8097
33.8097
33.8097
33.8097
33.8097
33.8097
32.2516
32.2516
32.2516
32.2516
32.2516
32.2516
32.2516
32.2516
30.7378
30.7378
30.7378
30.7378
30.7378
30.7378
30.7378
30.7378
29.3767
29.3767
29.3767
29.3767
29.3767
29.3767
29.3767
29.3767
28.2554
28.2554
28.2554
28.2554
28.2554
28.2554
28.2554
28.2554
27.4412
27.4412
27.4412
27.4412
27.4412
27.4412
27.4412
27.4412
26.9858
26.9858
26.9858
26.9858
26.9858
26.9858
26.9858
26.9858
26.9302
26.9302
26.9302
26.9302
26.9302
26.9302
26.9302
26.9302
27.3098
27.3098
27.3098
27.3098
27.3098
27.3098
27.3098
27.3098
28.158
28.158
28.158
28.158
28.158
28.158
28.158
28.158
29.5069
29.5069
29.5069
29.5069
29.5069
29.5069
29.5069
29.5069
31.3866
31.3866
31.3866
31.3866
31.3866
31.3866
31.3866
31.3866
33.8199
33.8199
33.8199
33.8199
33.8199
33.8199
33.8199
33.8199
37.4622
37.4622
37.4622
37.4622
37.4622
37.4622
37.4622
37.4622
36.5468
36.5468
36.5468
36.5468
36.5468
36.5468
36.5468
36.5468
35.2863
35.2863
35.2863
35.2863
35.2863
35.2863
35.2863
35.2863
33.8097
33.8097
33.8097
33.8097
33.8097
33.8097
33.8097
33.8097
32.2516
32.2516
32.2516
32.2516
32.2516
32.2516
32.2516
32.2516
30.7378
30.7378
30.7378
30.7378
30.7378
30.7378
30.7378
30.7378
29.3767
29.3767
29.3767
29.3767
29.3767
29.3767
29.3767
29.3767
28.2554
28.2554
28.2554
28.2554
28.2554
28.2554
28.2554
28.2554
27.4412
27.4412
27.4412
27.4412
27.4412
27.4412
27.4412
27.4412
26.9858
26.9858
26.9858
26.9858
26.9858
26.9858
26.9858
26.9858
26.9302
26.9302
26.9302
26.9302
26.9302
26.9302
26.9302
26.9302
27.3098
27.3098
27.3098
27.3098
27.3098
27.3098
27.3098
27.3098
28.158
28.158
28.158
28.158
28.158
28.158
28.158
28.158
29.5069
29.5069
29.5069
29.5069
29.5069
29.5069
29.5069
29.5069
31.3866
31.3866
31.3866
31.3866
31.3866
31.3866
31.3866
31.3866
33.8199
33.8199
33.8199
33.8199
33.8199
33.8199
33.8199
33.8199
37.4622
37.4622
37.4622
37.4622
37.4622
37.4622
37.4622
37.4622
36.5468
36.5468
36.5468
36.5468
36.5468
36.5468
36.5468
36.5468
35.2863
35.2863
35.2863
35.2863
35.2863
35.2863
35.2863
35.2863
33.8097
33.8097
33.8097
33.8097
33.8097
33.8097
33.8097
33.8097
32.2516
32.2516
32.2516
32.2516
32.2516
32.2516
32.2516
32.2516
30.7378
30.7378
30.7378
30.7378
30.7378
30.7378
30.7378
30.7378
29.3767
29.3767
29.3767
29.3767
29.3767
29.3767
29.3767
29.3767
28.2554
28.2554
28.2554
28.2554
28.2554
28.2554
28.2554
28.2554
27.4412
27.4412
27.4412
27.4412
27.4412
27.4412
27.4412
27.4412
26.9858
26.9858
26.9858
26.9858
26.9858
26.9858
26.9858
26.9858
26.9302
26.9302
26.9302
26.9302
26.9302
26.9302
26.9302
26.9302
27.3098
27.3098
27.3098
27.3098
27.3098
27.3098
27.3098
27.3098
28.158
28.158
28.158
28.158
28.158
28.158
28.158
28.158
29.5069
29.5069
29.5069
29.5069
29.5069
29.5069
29.5069
29.5069
31.3866
31.3866
31.3866
31.3866
31.3866
31.3866
31.3866
31.3866
33.8199
33.8199
33.8199
33.8199
33.8199
33.8199
33.8199
33.8199
37.4622
37.4622
37.4622
37.4622
37.4622
37.4622
37.4622
37.4622
36.5468
36.5468
36.5468
36.5468
36.5468
36.5468
36.5468
36.5468
35.2863
35.2863
35.2863
35.2863
35.2863
35.2863
35.2863
35.2863
33.8097
33.8097
33.8097
33.8097
33.8097
33.8097
33.8097
33.8097
32.2516
32.2516
32.2516
32.2516
32.2516
32.2516
32.2516
32.2516
30.7378
30.7378
30.7378
30.7378
30.7378
30.7378
30.7378
30.7378
29.3767
29.3767
29.3767
29.3767
29.3767
29.3767
29.3767
29.3767
28.2554
28.2554
28.2554
28.2554
28.2554
28.2554
28.2554
28.2554
27.4412
27.4412
27.4412
27.4412
27.4412
27.4412
27.4412
27.4412
26.9858
26.9858
26.9858
26.9858
26.9858
26.9858
26.9858
26.9858
26.9302
26.9302
26.9302
26.9302
26.9302
26.9302
26.9302
26.9302
27.3098
27.3098
27.3098
27.3098
27.3098
27.3098
27.3098
27.3098
28.158
28.158
28.158
28.158
28.158
28.158
28.158
28.158
29.5069
29.5069
29.5069
29.5069
29.5069
29.5069
29.5069
29.5069
31.3866
31.3866
31.3866
31.3866
31.3866
31.3866
31.3866
31.3866
33.8199
33.8199
33.8199
33.8199
33.8199
33.8199
33.8199
33.8199
35.9881
35.9881
35.9881
35.9881
35.9881
35.9881
35.9881
35.9881
35.0506
35.0506
35.0506
35.0506
35.0506
35.0506
35.0506
35.0506
33.7558
33.7558
33.7558
33.7558
33.7558
33.7558
33.7558
33.7558
32.232
32.232
32.232
32.232
32.232
32.232
32.232
32.232
30.6146
30.6146
30.6146
30.6146
30.6146
30.6146
30.6146
30.6146
29.03
29.03
29.03
29.03
29.03
29.03
29.03
29.03
27.5868
27.5868
27.5868
27.5868
27.5868
27.5868
27.5868
27.5868
26.3713
26.3713
26.3713
26.3713
26.3713
26.3713
26.3713
26.3713
25.4487
25.4487
25.4487
25.4487
25.4487
25.4487
25.4487
25.4487
24.8678
24.8678
24.8678
24.8678
24.8678
24.8678
24.8678
24.8678
24.666
24.666
24.666
24.666
24.666
24.666
24.666
24.666
24.875
24.875
24.875
24.875
24.875
24.875
24.875
24.875
25.5245
25.5245
25.5245
25.5245
25.5245
25.5245
25.5245
25.5245
26.6442
26.6442
26.6442
26.6442
26.6442
26.6442
26.6442
26.6442
28.2633
28.2633
28.2633
28.2633
28.2633
28.2633
28.2633
28.2633
30.4068
30.4068
30.4068
30.4068
30.4068
30.4068
30.4068
30.4068
35.9881
35.9881
35.9881
35.9881
35.9881
35.9881
35.9881
35.9881
35.0506
35.0506
35.0506
35.0506
35.0506
35.0506
35.0506
35.0506
33.7558
33.7558
33.7558
33.7558
33.7558
33.7558
33.7558
33.7558
32.232
32.232
32.232
32.232
32.232
32.232
32.232
32.232
30.6146
30.6146
30.6146
30.6146
30.6146
30.6146
30.6146
30.6146
29.03
29.03
29.03
29.03
29.03
29.03
29.03
29.03
27.5868
27.5868
27.5868
27.5868
27.5868
27.5868
27.5868
27.5868
26.3713
26.3713
26.3713
26.3713
26.3713
26.3713
26.3713
26.3713
25.4487
25.4487
25.4487
25.4487
25.4487
25.4487
25.4487
25.4487
24.8678
24.8678
24.8678
24.8678
24.8678
24.8678
24.8678
24.8678
24.666
24.666
24.666
24.666
24.666
24.666
24.666
24.666
24.875
24.875
24.875
24.875
24.875
24.875
24.875
24.875
25.5245
25.5245
25.5245
25.5245
25.5245
25.5245
25.5245
25.5245
26.6442
26.6442
26.6442
26.6442
26.6442
26.6442
26.6442
26.6442
28.2633
28.2633
28.2633
28.2633
28.2633
28.2633
28.2633
28.2633
30.4068
30.4068
30.4068
30.4068
30.4068
30.4068
30.4068
30.4068
35.9881
35.9881
35.9881
35.9881
35.9881
35.9881
35.9881
35.9881
35.0506
35.0506
35.0506
35.0506
35.0506
35.0506
35.0506
35.0506
33.7558
33.7558
33.7558
33.7558
33.7558
33.7558
33.7558
33.7558
32.232
32.232
32.232
32.232
32.232
32.232
32.232
32.232
30.6146
30.6146
30.6146
30.6146
30.6146
30.6146
30.6146
30.6146
29.03
29.03
29.03
29.03
29.03
29.03
29.03
29.03
27.5868
27.5868
27.5868
27.5868
27.5868
27.5868
27.5868
27.5868
26.3713
26.3713
26.3713
26.3713
26.3713
26.3713
26.3713
26.3713
25.4487
25.4487
25.4487
25.4487
25.4487
25.4487
25.4487
25.4487
24.8678
24.8678
24.8678
24.8678
24.8678
24.8678
24.8678
24.8678
24.666
24.666
24.666
24.666
24.666
24.666
24.666
24.666
24.875
24.875
24.875
24.875
24.875
24.875
24.875
24.875
25.5245
25.5245
25.5245
25.5245
25.5245
25.5245
25.5245
25.5245
26.6442
26.6442
26.6442
26.6442
26.6442
26.6442
26.6442
26.6442
28.2633
28.2633
28.2633
28.2633
28.2633
28.2633
28.2633
28.2633
30.4068
30.4068
30.4068
30.4068
30.4068
30.4068
30.4068
30.4068
35.9881
35.9881
35.9881
35.9881
35.9881
35.9881
35.9881
35.9881
35.0506
35.0506
35.0506
35.0506
35.0506
35.0506
35.0506
35.0506
33.7558
33.7558
33.7558
33.7558
33.7558
33.7558
33.7558
33.7558
32.232
32.232
32.232
32.232
32.232
32.232
32.232
32.232
30.6146
30.6146
30.6146
30.6146
30.6146
30.6146
30.6146
30.6146
29.03
29.03
29.03
29.03
29.03
29.03
29.03
29.03
27.5868
27.5868
27.5868
27.5868
27.5868
27.5868
27.5868
27.5868
26.3713
26.3713
26.3713
26.3713
26.3713
26.3713
26.3713
26.3713
25.4487
25.4487
25.4487
25.4487
25.4487
25.4487
25.4487
25.4487
24.8678
24.8678
24.8678
24.8678
24.8678
24.8678
24.8678
24.8678
24.666
24.666
24.666
24.666
24.666
24.666
24.666
24.666
24.875
24.875
24.875
24.875
24.875
24.875
24.875
24.875
25.5245
25.5245
25.5245
25.5245
25.5245
25.5245
25.5245
25.5245
26.6442
26.6442
26.6442
26.6442
26.6442
26.6442
26.6442
26.6442
28.2633
28.2633
28.2633
28.2633
28.2633
28.2633
28.2633
28.2633
30.4068
30.4068
30.4068
30.4068
30.4068
30.4068
30.4068
30.4068
