8192
17.455
17.455
17.455
17.455
17.455
17.455
17.455
17.455
17.7473
17.7473
17.7473
17.7473
17.7473
17.7473
17.7473
17.7473
18.2618
18.2618
18.2618
18.2618
18.2618
18.2618
18.2618
18.2618
19.019
19.019
19.019
19.019
19.019
19.019
19.019
19.019
20.0287
20.0287
20.0287
20.0287
20.0287
20.0287
20.0287
20.0287
21.2908
21.2908
21.2908
21.2908
21.2908
21.2908
21.2908
21.2908
22.7915
22.7915
22.7915
22.7915
22.7915
22.7915
22.7915
22.7915
24.4991
24.4991
24.4991
24.4991
24.4991
24.4991
24.4991
24.4991
26.3603
26.3603
26.3603
26.3603
26.3603
26.3603
26.3603
26.3603
28.2963
28.2963
28.2963
28.2963
28.2963
28.2963
28.2963
28.2963
30.204
30.204
30.204
30.204
30.204
30.204
30.204
30.204
31.9619
31.9619
31.9619
31.9619
31.9619
31.9619
31.9619
31.9619
33.4411
33.4411
33.4411
33.4411
33.4411
33.4411
33.4411
33.4411
34.5225
34.5225
34.5225
34.5225
34.5225
34.5225
34.5225
34.5225
35.1149
35.1149
35.1149
35.1149
35.1149
35.1149
35.1149
35.1149
35.1711
35.1711
35.1711
35.1711
35.1711
35.1711
35.1711
35.1711
17.455
17.455
17.455
17.455
17.455
17.455
17.455
17.455
17.7473
17.7473
17.7473
17.7473
17.7473
17.7473
17.7473
17.7473
18.2618
18.2618
18.2618
18.2618
18.2618
18.2618
18.2618
18.2618
19.019
19.019
19.019
19.019
19.019
19.019
19.019
19.019
20.0287
20.0287
20.0287
20.0287
20.0287
20.0287
20.0287
20.0287
21.2908
21.2908
21.2908
21.2908
21.2908
21.2908
21.2908
21.2908
22.7915
22.7915
22.7915
22.7915
22.7915
22.7915
22.7915
22.7915
24.4991
24.4991
24.4991
24.4991
24.4991
24.4991
24.4991
24.4991
26.3603
26.3603
26.3603
26.3603
26.3603
26.3603
26.3603
26.3603
28.2963
28.2963
28.2963
28.2963
28.2963
28.2963
28.2963
28.2963
30.204
30.204
30.204
30.204
30.204
30.204
30.204
30.204
31.9619
31.9619
31.9619
31.9619
31.9619
31.9619
31.9619
31.9619
33.4411
33.4411
33.4411
33.4411
33.4411
33.4411
33.4411
33.4411
34.5225
34.5225
34.5225
34.5225
34.5225
34.5225
34.5225
34.5225
35.1149
35.1149
35.1149
35.1149
35.1149
35.1149
35.1149
35.1149
35.1711
35.1711
35.1711
35.1711
35.1711
35.1711
35.1711
35.1711
17.455
17.455
17.455
17.455
17.455
17.455
17.455
17.455
17.7473
17.7473
17.7473
17.7473
17.7473
17.7473
17.7473
17.7473
18.2618
18.2618
18.2618
18.2618
18.2618
18.2618
18.2618
18.2618
19.019
19.019
19.019
19.019
19.019
19.019
19.019
19.019
20.0287
20.0287
20.0287
20.0287
20.0287
20.0287
20.0287
20.0287
21.2908
21.2908
21.2908
21.2908
21.2908
21.2908
21.2908
21.2908
22.7915
22.7915
22.7915
22.7915
22.7915
22.7915
22.7915
22.7915
24.4991
24.4991
24.4991
24.4991
24.4991
24.4991
24.4991
24.4991
26.3603
26.3603
26.3603
26.3603
26.3603
26.3603
26.3603
26.3603
28.2963
28.2963
28.2963
28.2963
28.2963
28.2963
28.2963
28.2963
30.204
30.204
30.204
30.204
30.204
30.204
30.204
30.204
31.9619
31.9619
31.9619
31.9619
31.9619
31.9619
31.9619
31.9619
33.4411
33.4411
33.4411
33.4411
33.4411
33.4411
33.4411
33.4411
34.5225
34.5225
34.5225
34.5225
34.5225
34.5225
34.5225
34.5225
35.1149
35.1149
35.1149
35.1149
35.1149
35.1149
35.1149
35.1149
35.1711
35.1711
35.1711
35.1711
35.1711
35.1711
35.1711
35.1711
17.455
17.455
17.455
17.455
17.455
17.455
17.455
17.455
17.7473
17.7473
17.7473
17.7473
17.7473
17.7473
17.7473
17.7473
18.2618
18.2618
18.2618
18.2618
18.2618
18.2618
18.2618
18.2618
19.019
19.019
19.019
19.019
19.019
19.019
19.019
19.019
20.0287
20.0287
20.0287
20.0287
20.0287
20.0287
20.0287
20.0287
21.2908
21.2908
21.2908
21.2908
21.2908
21.2908
21.2908
21.2908
22.7915
22.7915
22.7915
22.7915
22.7915
22.7915
22.7915
22.7915
24.4991
24.4991
24.4991
24.4991
24.4991
24.4991
24.4991
24.4991
26.3603
26.3603
26.3603
26.3603
26.3603
26.3603
26.3603
26.3603
28.2963
28.2963
28.2963
28.2963
28.2963
28.2963
28.2963
28.2963
30.204
30.204
30.204
30.204
30.204
30.204
30.204
30.204
31.9619
31.9619
31.9619
31.9619
31.9619
31.9619
31.9619
31.9619
33.4411
33.4411
33.4411
33.4411
33.4411
33.4411
33.4411
33.4411
34.5225
34.5225
34.5225
34.5225
34.5225
34.5225
34.5225
34.5225
35.1149
35.1149
35.1149
35.1149
35.1149
35.1149
35.1149
35.1149
35.1711
35.1711
35.1711
35.1711
35.1711
35.1711
35.1711
35.1711
16.8051
16.8051
16.8051
16.8051
16.8051
16.8051
16.8051
16.8051
17.0633
17.0633
17.0633
17.0633
17.0633
17.0633
17.0633
17.0633
17.5367
17.5367
17.5367
17.5367
17.5367
17.5367
17.5367
17.5367
18.2453
18.2453
18.2453
18.2453
18.2453
18.2453
18.2453
18.2453
19.1999
19.1999
19.1999
19.1999
19.1999
19.1999
19.1999
19.1999
20.4014
20.4014
20.4014
20.4014
20.4014
20.4014
20.4014
20.4014
21.8385
21.8385
21.8385
21.8385
21.8385
21.8385
21.8385
21.8385
23.4829
23.4829
23.4829
23.4829
23.4829
23.4829
23.4829
23.4829
25.2852
25.2852
25.2852
25.2852
25.2852
25.2852
25.2852
25.2852
27.171
27.171
27.171
27.171
27.171
27.171
27.171
27.171
29.0415
29.0415
29.0415
29.0415
29.0415
29.0415
29.0415
29.0415
30.7775
30.7775
30.7775
30.7775
30.7775
30.7775
30.7775
30.7775
32.2509
32.2509
32.2509
32.2509
32.2509
32.2509
32.2509
32.2509
33.3404
33.3404
33.3404
33.3404
33.3404
33.3404
33.3404
33.3404
33.9499
33.9499
33.9499
33.9499
33.9499
33.9499
33.9499
33.9499
34.026
34.026
34.026
34.026
34.026
34.026
34.026
34.026
16.8051
16.8051
16.8051
16.8051
16.8051
16.8051
16.8051
16.8051
17.0633
17.0633
17.0633
17.0633
17.0633
17.0633
17.0633
17.0633
17.5367
17.5367
17.5367
17.5367
17.5367
17.5367
17.5367
17.5367
18.2453
18.2453
18.2453
18.2453
18.2453
18.2453
18.2453
18.2453
19.1999
19.1999
19.1999
19.1999
19.1999
19.1999
19.1999
19.1999
20.4014
20.4014
20.4014
20.4014
20.4014
20.4014
20.4014
20.4014
21.8385
21.8385
21.8385
21.8385
21.8385
21.8385
21.8385
21.8385
23.4829
23.4829
23.4829
23.4829
23.4829
23.4829
23.4829
23.4829
25.2852
25.2852
25.2852
25.2852
25.2852
25.2852
25.2852
25.2852
27.171
27.171
27.171
27.171
27.171
27.171
27.171
27.171
29.0415
29.0415
29.0415
29.0415
29.0415
29.0415
29.0415
29.0415
30.7775
30.7775
30.7775
30.7775
30.7775
30.7775
30.7775
30.7775
32.2509
32.2509
32.2509
32.2509
32.2509
32.2509
32.2509
32.2509
33.3404
33.3404
33.3404
33.3404
33.3404
33.3404
33.3404
33.3404
33.9499
33.9499
33.9499
33.9499
33.9499
33.9499
33.9499
33.9499
34.026
34.026
34.026
34.026
34.026
34.026
34.026
34.026
16.8051
16.8051
16.8051
16.8051
16.8051
16.8051
16.8051
16.8051
17.0633
17.0633
17.0633
17.0633
17.0633
17.0633
17.0633
17.0633
17.5367
17.5367
17.5367
17.5367
17.5367
17.5367
17.5367
17.5367
18.2453
18.2453
18.2453
18.2453
18.2453
18.2453
18.2453
18.2453
19.1999
19.1999
19.1999
19.1999
19.1999
19.1999
19.1999
19.1999
20.4014
20.4014
20.4014
20.4014
20.4014
20.4014
20.4014
20.4014
21.8385
21.8385
21.8385
21.8385
21.8385
21.8385
21.8385
21.8385
23.4829
23.4829
23.4829
23.4829
23.4829
23.4829
23.4829
23.4829
25.2852
25.2852
25.2852
25.2852
25.2852
25.2852
25.2852
25.2852
27.171
27.171
27.171
27.171
27.171
27.171
27.171
27.171
29.0415
29.0415
29.0415
29.0415
29.0415
29.0415
29.0415
29.0415
30.7775
30.7775
30.7775
30.7775
30.7775
30.7775
30.7775
30.7775
32.2509
32.2509
32.2509
32.2509
32.2509
32.2509
32.2509
32.2509
33.3404
33.3404
33.3404
33.3404
33.3404
33.3404
33.3404
33.3404
33.9499
33.9499
33.9499
33.9499
33.9499
33.9499
33.9499
33.9499
34.026
34.026
34.026
34.026
34.026
34.026
34.026
34.026
16.8051
16.8051
16.8051
16.8051
16.8051
16.8051
16.8051
16.8051
17.0633
17.0633
17.0633
17.0633
17.0633
17.0633
17.0633
17.0633
17.5367
17.5367
17.5367
17.5367
17.5367
17.5367
17.5367
17.5367
18.2453
18.2453
18.2453
18.2453
18.2453
18.2453
18.2453
18.2453
19.1999
19.1999
19.1999
19.1999
19.1999
19.1999
19.1999
19.1999
20.4014
20.4014
20.4014
20.4014
20.4014
20.4014
20.4014
20.4014
21.8385
21.8385
21.8385
21.8385
21.8385
21.8385
21.8385
21.8385
23.4829
23.4829
23.4829
23.4829
23.4829
23.4829
23.4829
23.4829
25.2852
25.2852
25.2852
25.2852
25.2852
25.2852
25.2852
25.2852
27.171
27.171
27.171
27.171
27.171
27.171
27.171
27.171
29.0415
29.0415
29.0415
29.0415
29.0415
29.0415
29.0415
29.0415
30.7775
30.7775
30.7775
30.7775
30.7775
30.7775
30.7775
30.7775
32.2509
32.2509
32.2509
32.2509
32.2509
32.2509
32.2509
32.2509
33.3404
33.3404
33.3404
33.3404
33.3404
33.3404
33.3404
33.3404
33.9499
33.9499
33.9499
33.9499
33.9499
33.9499
33.9499
33.9499
34.026
34.026
34.026
34.026
34.026
34.026
34.026
34.026
16.2246
16.2246
16.2246
16.2246
16.2246
16.2246
16.2246
16.2246
16.4523
16.4523
16.4523
16.4523
16.4523
16.4523
16.4523
16.4523
16.8878
16.8878
16.8878
16.8878
16.8878
16.8878
16.8878
16.8878
17.5508
17.5508
17.5508
17.5508
17.5508
17.5508
17.5508
17.5508
18.4525
18.4525
18.4525
18.4525
18.4525
18.4525
18.4525
18.4525
19.595
19.595
19.595
19.595
19.595
19.595
19.595
19.595
20.9694
20.9694
20.9694
20.9694
20.9694
20.9694
20.9694
20.9694
22.5508
22.5508
22.5508
22.5508
22.5508
22.5508
22.5508
22.5508
24.2939
24.2939
24.2939
24.2939
24.2939
24.2939
24.2939
24.2939
26.1294
26.1294
26.1294
26.1294
26.1294
26.1294
26.1294
26.1294
27.963
27.963
27.963
27.963
27.963
27.963
27.963
27.963
29.6791
29.6791
29.6791
29.6791
29.6791
29.6791
29.6791
29.6791
31.1508
31.1508
31.1508
31.1508
31.1508
31.1508
31.1508
31.1508
32.2553
32.2553
32.2553
32.2553
32.2553
32.2553
32.2553
32.2553
32.8922
32.8922
32.8922
32.8922
32.8922
32.8922
32.8922
32.8922
33.001
33.001
33.001
33.001
33.001
33.001
33.001
33.001
16.2246
16.2246
16.2246
16.2246
16.2246
16.2246
16.2246
16.2246
16.4523
16.4523
16.4523
16.4523
16.4523
16.4523
16.4523
16.4523
16.8878
16.8878
16.8878
16.8878
16.8878
16.8878
16.8878
16.8878
17.5508
17.5508
17.5508
17.5508
17.5508
17.5508
17.5508
17.5508
18.4525
18.4525
18.4525
18.4525
18.4525
18.4525
18.4525
18.4525
19.595
19.595
19.595
19.595
19.595
19.595
19.595
19.595
20.9694
20.9694
20.9694
20.9694
20.9694
20.9694
20.9694
20.9694
22.5508
22.5508
22.5508
22.5508
22.5508
22.5508
22.5508
22.5508
24.2939
24.2939
24.2939
24.2939
24.2939
24.2939
24.2939
24.2939
26.1294
26.1294
26.1294
26.1294
26.1294
26.1294
26.1294
26.1294
27.963
27.963
27.963
27.963
27.963
27.963
27.963
27.963
29.6791
29.6791
29.6791
29.6791
29.6791
29.6791
29.6791
29.6791
31.1508
31.1508
31.1508
31.1508
31.1508
31.1508
31.1508
31.1508
32.2553
32.2553
32.2553
32.2553
32.2553
32.2553
32.2553
32.2553
32.8922
32.8922
32.8922
32.8922
32.8922
32.8922
32.8922
32.8922
33.001
33.001
33.001
33.001
33.001
33.001
33.001
33.001
16.2246
16.2246
16.2246
16.2246
16.2246
16.2246
16.2246
16.2246
16.4523
16.4523
16.4523
16.4523
16.4523
16.4523
16.4523
16.4523
16.8878
16.8878
16.8878
16.8878
16.8878
16.8878
16.8878
16.8878
17.5508
17.5508
17.5508
17.5508
17.5508
17.5508
17.5508
17.5508
18.4525
18.4525
18.4525
18.4525
18.4525
18.4525
18.4525
18.4525
19.595
19.595
19.595
19.595
19.595
19.595
19.595
19.595
20.9694
20.9694
20.9694
20.9694
20.9694
20.9694
20.9694
20.9694
22.5508
22.5508
22.5508
22.5508
22.5508
22.5508
22.5508
22.5508
24.2939
24.2939
24.2939
24.2939
24.2939
24.2939
24.2939
24.2939
26.1294
26.1294
26.1294
26.1294
26.1294
26.1294
26.1294
26.1294
27.963
27.963
27.963
27.963
27.963
27.963
27.963
27.963
29.6791
29.6791
29.6791
29.6791
29.6791
29.6791
29.6791
29.6791
31.1508
31.1508
31.1508
31.1508
31.1508
31.1508
31.1508
31.1508
32.2553
32.2553
32.2553
32.2553
32.2553
32.2553
32.2553
32.2553
32.8922
32.8922
32.8922
32.8922
32.8922
32.8922
32.8922
32.8922
33.001
33.001
33.001
33.001
33.001
33.001
33.001
33.001
16.2246
16.2246
16.2246
16.2246
16.2246
16.2246
16.2246
16.2246
16.4523
16.4523
16.4523
16.4523
16.4523
16.4523
16.4523
16.4523
16.8878
16.8878
16.8878
16.8878
16.8878
16.8878
16.8878
16.8878
17.5508
17.5508
17.5508
17.5508
17.5508
17.5508
17.5508
17.5508
18.4525
18.4525
18.4525
18.4525
18.4525
18.4525
18.4525
18.4525
19.595
19.595
19.595
19.595
19.595
19.595
19.595
19.595
20.9694
20.9694
20.9694
20.9694
20.9694
20.9694
20.9694
20.9694
22.5508
22.5508
22.5508
22.5508
22.5508
22.5508
22.5508
22.5508
24.2939
24.2939
24.2939
24.2939
24.2939
24.2939
24.2939
24.2939
26.1294
26.1294
26.1294
26.1294
26.1294
26.1294
26.1294
26.1294
27.963
27.963
27.963
27.963
27.963
27.963
27.963
27.963
29.6791
29.6791
29.6791
29.6791
29.6791
29.6791
29.6791
29.6791
31.1508
31.1508
31.1508
31.1508
31.1508
31.1508
31.1508
31.1508
32.2553
32.2553
32.2553
32.2553
32.2553
32.2553
32.2553
32.2553
32.8922
32.8922
32.8922
32.8922
32.8922
32.8922
32.8922
32.8922
33.001
33.001
33.001
33.001
33.001
33.001
33.001
33.001
15.7056
15.7056
15.7056
15.7056
15.7056
15.7056
15.7056
15.7056
15.9054
15.9054
15.9054
15.9054
15.9054
15.9054
15.9054
15.9054
16.3049
16.3049
16.3049
16.3049
16.3049
16.3049
16.3049
16.3049
16.9236
16.9236
16.9236
16.9236
16.9236
16.9236
16.9236
16.9236
17.7729
17.7729
17.7729
17.7729
17.7729
17.7729
17.7729
17.7729
18.8563
18.8563
18.8563
18.8563
18.8563
18.8563
18.8563
18.8563
20.167
20.167
20.167
20.167
20.167
20.167
20.167
20.167
21.6837
21.6837
21.6837
21.6837
21.6837
21.6837
21.6837
21.6837
23.3655
23.3655
23.3655
23.3655
23.3655
23.3655
23.3655
23.3655
25.1483
25.1483
25.1483
25.1483
25.1483
25.1483
25.1483
25.1483
26.9433
26.9433
26.9433
26.9433
26.9433
26.9433
26.9433
26.9433
28.6392
28.6392
28.6392
28.6392
28.6392
28.6392
28.6392
28.6392
30.1115
30.1115
30.1115
30.1115
30.1115
30.1115
30.1115
30.1115
31.2366
31.2366
31.2366
31.2366
31.2366
31.2366
31.2366
31.2366
31.91
31.91
31.91
31.91
31.91
31.91
31.91
31.91
32.0644
32.0644
32.0644
32.0644
32.0644
32.0644
32.0644
32.0644
15.7056
15.7056
15.7056
15.7056
15.7056
15.7056
15.7056
15.7056
15.9054
15.9054
15.9054
15.9054
15.9054
15.9054
15.9054
15.9054
16.3049
16.3049
16.3049
16.3049
16.3049
16.3049
16.3049
16.3049
16.9236
16.9236
16.9236
16.9236
16.9236
16.9236
16.9236
16.9236
17.7729
17.7729
17.7729
17.7729
17.7729
17.7729
17.7729
17.7729
18.8563
18.8563
18.8563
18.8563
18.8563
18.8563
18.8563
18.8563
20.167
20.167
20.167
20.167
20.167
20.167
20.167
20.167
21.6837
21.6837
21.6837
21.6837
21.6837
21.6837
21.6837
21.6837
23.3655
23.3655
23.3655
23.3655
23.3655
23.3655
23.3655
23.3655
25.1483
25.1483
25.1483
25.1483
25.1483
25.1483
25.1483
25.1483
26.9433
26.9433
26.9433
26.9433
26.9433
26.9433
26.9433
26.9433
28.6392
28.6392
28.6392
28.6392
28.6392
28.6392
28.6392
28.6392
30.1115
30.1115
30.1115
30.1115
30.1115
30.1115
30.1115
30.1115
31.2366
31.2366
31.2366
31.2366
31.2366
31.2366
31.2366
31.2366
31.91
31.91
31.91
31.91
31.91
31.91
31.91
31.91
32.0644
32.0644
32.0644
32.0644
32.0644
32.0644
32.0644
32.0644
15.7056
15.7056
15.7056
15.7056
15.7056
15.7056
15.7056
15.7056
15.9054
15.9054
15.9054
15.9054
15.9054
15.9054
15.9054
15.9054
16.3049
16.3049
16.3049
16.3049
16.3049
16.3049
16.3049
16.3049
16.9236
16.9236
16.9236
16.9236
16.9236
16.9236
16.9236
16.9236
17.7729
17.7729
17.7729
17.7729
17.7729
17.7729
17.7729
17.7729
18.8563
18.8563
18.8563
18.8563
18.8563
18.8563
18.8563
18.8563
20.167
20.167
20.167
20.167
20.167
20.167
20.167
20.167
21.6837
21.6837
21.6837
21.6837
21.6837
21.6837
21.6837
21.6837
23.3655
23.3655
23.3655
23.3655
23.3655
23.3655
23.3655
23.3655
25.1483
25.1483
25.1483
25.1483
25.1483
25.1483
25.1483
25.1483
26.9433
26.9433
26.9433
26.9433
26.9433
26.9433
26.9433
26.9433
28.6392
28.6392
28.6392
28.6392
28.6392
28.6392
28.6392
28.6392
30.1115
30.1115
30.1115
30.1115
30.1115
30.1115
30.1115
30.1115
31.2366
31.2366
31.2366
31.2366
31.2366
31.2366
31.2366
31.2366
31.91
31.91
31.91
31.91
31.91
31.91
31.91
31.91
32.0644
32.0644
32.0644
32.0644
32.0644
32.0644
32.0644
32.0644
15.7056
15.7056
15.7056
15.7056
15.7056
15.7056
15.7056
15.7056
15.9054
15.9054
15.9054
15.9054
15.9054
15.9054
15.9054
15.9054
16.3049
16.3049
16.3049
16.3049
16.3049
16.3049
16.3049
16.3049
16.9236
16.9236
16.9236
16.9236
16.9236
16.9236
16.9236
16.9236
17.7729
17.7729
17.7729
17.7729
17.7729
17.7729
17.7729
17.7729
18.8563
18.8563
18.8563
18.8563
18.8563
18.8563
18.8563
18.8563
20.167
20.167
20.167
20.167
20.167
20.167
20.167
20.167
21.6837
21.6837
21.6837
21.6837
21.6837
21.6837
21.6837
21.6837
23.3655
23.3655
23.3655
23.3655
23.3655
23.3655
23.3655
23.3655
25.1483
25.1483
25.1483
25.1483
25.1483
25.1483
25.1483
25.1483
26.9433
26.9433
26.9433
26.9433
26.9433
26.9433
26.9433
26.9433
28.6392
28.6392
28.6392
28.6392
28.6392
28.6392
28.6392
28.6392
30.1115
30.1115
30.1115
30.1115
30.1115
30.1115
30.1115
30.1115
31.2366
31.2366
31.2366
31.2366
31.2366
31.2366
31.2366
31.2366
31.91
31.91
31.91
31.91
31.91
31.91
31.91
31.91
32.0644
32.0644
32.0644
32.0644
32.0644
32.0644
32.0644
32.0644
15.2407
15.2407
15.2407
15.2407
15.2407
15.2407
15.2407
15.2407
15.4135
15.4135
15.4135
15.4135
15.4135
15.4135
15.4135
15.4135
15.7775
15.7775
15.7775
15.7775
15.7775
15.7775
15.7775
15.7775
16.3517
16.3517
16.3517
16.3517
16.3517
16.3517
16.3517
16.3517
17.1476
17.1476
17.1476
17.1476
17.1476
17.1476
17.1476
17.1476
18.1701
18.1701
18.1701
18.1701
18.1701
18.1701
18.1701
18.1701
19.4144
19.4144
19.4144
19.4144
19.4144
19.4144
19.4144
19.4144
20.8627
20.8627
20.8627
20.8627
20.8627
20.8627
20.8627
20.8627
22.4788
22.4788
22.4788
22.4788
22.4788
22.4788
22.4788
22.4788
24.2044
24.2044
24.2044
24.2044
24.2044
24.2044
24.2044
24.2044
25.9565
25.9565
25.9565
25.9565
25.9565
25.9565
25.9565
25.9565
27.6296
27.6296
27.6296
27.6296
27.6296
27.6296
27.6296
27.6296
29.1025
29.1025
29.1025
29.1025
29.1025
29.1025
29.1025
29.1025
30.2518
30.2518
30.2518
30.2518
30.2518
30.2518
30.2518
30.2518
30.9696
30.9696
30.9696
30.9696
30.9696
30.9696
30.9696
30.9696
31.1815
31.1815
31.1815
31.1815
31.1815
31.1815
31.1815
31.1815
15.2407
15.2407
15.2407
15.2407
15.2407
15.2407
15.2407
15.2407
15.4135
15.4135
15.4135
15.4135
15.4135
15.4135
15.4135
15.4135
15.7775
15.7775
15.7775
15.7775
15.7775
15.7775
15.7775
15.7775
16.3517
16.3517
16.3517
16.3517
16.3517
16.3517
16.3517
16.3517
17.1476
17.1476
17.1476
17.1476
17.1476
17.1476
17.1476
17.1476
18.1701
18.1701
18.1701
18.1701
18.1701
18.1701
18.1701
18.1701
19.4144
19.4144
19.4144
19.4144
19.4144
19.4144
19.4144
19.4144
20.8627
20.8627
20.8627
20.8627
20.8627
20.8627
20.8627
20.8627
22.4788
22.4788
22.4788
22.4788
22.4788
22.4788
22.4788
22.4788
24.2044
24.2044
24.2044
24.2044
24.2044
24.2044
24.2044
24.2044
25.9565
25.9565
25.9565
25.9565
25.9565
25.9565
25.9565
25.9565
27.6296
27.6296
27.6296
27.6296
27.6296
27.6296
27.6296
27.6296
29.1025
29.1025
29.1025
29.1025
29.1025
29.1025
29.1025
29.1025
30.2518
30.2518
30.2518
30.2518
30.2518
30.2518
30.2518
30.2518
30.9696
30.9696
30.9696
30.9696
30.9696
30.9696
30.9696
30.9696
31.1815
31.1815
31.1815
31.1815
31.1815
31.1815
31.1815
31.1815
15.2407
15.2407
15.2407
15.2407
15.2407
15.2407
15.2407
15.2407
15.4135
15.4135
15.4135
15.4135
15.4135
15.4135
15.4135
15.4135
15.7775
15.7775
15.7775
15.7775
15.7775
15.7775
15.7775
15.7775
16.3517
16.3517
16.3517
16.3517
16.3517
16.3517
16.3517
16.3517
17.1476
17.1476
17.1476
17.1476
17.1476
17.1476
17.1476
17.1476
18.1701
18.1701
18.1701
18.1701
18.1701
18.1701
18.1701
18.1701
19.4144
19.4144
19.4144
19.4144
19.4144
19.4144
19.4144
19.4144
20.8627
20.8627
20.8627
20.8627
20.8627
20.8627
20.8627
20.8627
22.4788
22.4788
22.4788
22.4788
22.4788
22.4788
22.4788
22.4788
24.2044
24.2044
24.2044
24.2044
24.2044
24.2044
24.2044
24.2044
25.9565
25.9565
25.9565
25.9565
25.9565
25.9565
25.9565
25.9565
27.6296
27.6296
27.6296
27.6296
27.6296
27.6296
27.6296
27.6296
29.1025
29.1025
29.1025
29.1025
29.1025
29.1025
29.1025
29.1025
30.2518
30.2518
30.2518
30.2518
30.2518
30.2518
30.2518
30.2518
30.9696
30.9696
30.9696
30.9696
30.9696
30.9696
30.9696
30.9696
31.1815
31.1815
31.1815
31.1815
31.1815
31.1815
31.1815
31.1815
15.2407
15.2407
15.2407
15.2407
15.2407
15.2407
15.2407
15.2407
15.4135
15.4135
15.4135
15.4135
15.4135
15.4135
15.4135
15.4135
15.7775
15.7775
15.7775
15.7775
15.7775
15.7775
15.7775
15.7775
16.3517
16.3517
16.3517
16.3517
16.3517
16.3517
16.3517
16.3517
17.1476
17.1476
17.1476
17.1476
17.1476
17.1476
17.1476
17.1476
18.1701
18.1701
18.1701
18.1701
18.1701
18.1701
18.1701
18.1701
19.4144
19.4144
19.4144
19.4144
19.4144
19.4144
19.4144
19.4144
20.8627
20.8627
20.8627
20.8627
20.8627
20.8627
20.8627
20.8627
22.4788
22.4788
22.4788
22.4788
22.4788
22.4788
22.4788
22.4788
24.2044
24.2044
24.2044
24.2044
24.2044
24.2044
24.2044
24.2044
25.9565
25.9565
25.9565
25.9565
25.9565
25.9565
25.9565
25.9565
27.6296
27.6296
27.6296
27.6296
27.6296
27.6296
27.6296
27.6296
29.1025
29.1025
29.1025
29.1025
29.1025
29.1025
29.1025
29.1025
30.2518
30.2518
30.2518
30.2518
30.2518
30.2518
30.2518
30.2518
30.9696
30.9696
30.9696
30.9696
30.9696
30.9696
30.9696
30.9696
31.1815
31.1815
31.1815
31.1815
31.1815
31.1815
31.1815
31.1815
14.8224
14.8224
14.8224
14.8224
14.8224
14.8224
14.8224
14.8224
14.9681
14.9681
14.9681
14.9681
14.9681
14.9681
14.9681
14.9681
15.2958
15.2958
15.2958
15.2958
15.2958
15.2958
15.2958
15.2958
15.8238
15.8238
15.8238
15.8238
15.8238
15.8238
15.8238
15.8238
16.5639
16.5639
16.5639
16.5639
16.5639
16.5639
16.5639
16.5639
17.522
17.522
17.522
17.522
17.522
17.522
17.522
17.522
18.6955
18.6955
18.6955
18.6955
18.6955
18.6955
18.6955
18.6955
20.0698
20.0698
20.0698
20.0698
20.0698
20.0698
20.0698
20.0698
21.6139
21.6139
21.6139
21.6139
21.6139
21.6139
21.6139
21.6139
23.2754
23.2754
23.2754
23.2754
23.2754
23.2754
23.2754
23.2754
24.9782
24.9782
24.9782
24.9782
24.9782
24.9782
24.9782
24.9782
26.6232
26.6232
26.6232
26.6232
26.6232
26.6232
26.6232
26.6232
28.094
28.094
28.094
28.094
28.094
28.094
28.094
28.094
29.2686
29.2686
29.2686
29.2686
29.2686
29.2686
29.2686
29.2686
30.0366
30.0366
30.0366
30.0366
30.0366
30.0366
30.0366
30.0366
30.3169
30.3169
30.3169
30.3169
30.3169
30.3169
30.3169
30.3169
14.8224
14.8224
14.8224
14.8224
14.8224
14.8224
14.8224
14.8224
14.9681
14.9681
14.9681
14.9681
14.9681
14.9681
14.9681
14.9681
15.2958
15.2958
15.2958
15.2958
15.2958
15.2958
15.2958
15.2958
15.8238
15.8238
15.8238
15.8238
15.8238
15.8238
15.8238
15.8238
16.5639
16.5639
16.5639
16.5639
16.5639
16.5639
16.5639
16.5639
17.522
17.522
17.522
17.522
17.522
17.522
17.522
17.522
18.6955
18.6955
18.6955
18.6955
18.6955
18.6955
18.6955
18.6955
20.0698
20.0698
20.0698
20.0698
20.0698
20.0698
20.0698
20.0698
21.6139
21.6139
21.6139
21.6139
21.6139
21.6139
21.6139
21.6139
23.2754
23.2754
23.2754
23.2754
23.2754
23.2754
23.2754
23.2754
24.9782
24.9782
24.9782
24.9782
24.9782
24.9782
24.9782
24.9782
26.6232
26.6232
26.6232
26.6232
26.6232
26.6232
26.6232
26.6232
28.094
28.094
28.094
28.094
28.094
28.094
28.094
28.094
29.2686
29.2686
29.2686
29.2686
29.2686
29.2686
29.2686
29.2686
30.0366
30.0366
30.0366
30.0366
30.0366
30.0366
30.0366
30.0366
30.3169
30.3169
30.3169
30.3169
30.3169
30.3169
30.3169
30.3169
14.8224
14.8224
14.8224
14.8224
14.8224
14.8224
14.8224
14.8224
14.9681
14.9681
14.9681
14.9681
14.9681
14.9681
14.9681
14.9681
15.2958
15.2958
15.2958
15.2958
15.2958
15.2958
15.2958
15.2958
15.8238
15.8238
15.8238
15.8238
15.8238
15.8238
15.8238
15.8238
16.5639
16.5639
16.5639
16.5639
16.5639
16.5639
16.5639
16.5639
17.522
17.522
17.522
17.522
17.522
17.522
17.522
17.522
18.6955
18.6955
18.6955
18.6955
18.6955
18.6955
18.6955
18.6955
20.0698
20.0698
20.0698
20.0698
20.0698
20.0698
20.0698
20.0698
21.6139
21.6139
21.6139
21.6139
21.6139
21.6139
21.6139
21.6139
23.2754
23.2754
23.2754
23.2754
23.2754
23.2754
23.2754
23.2754
24.9782
24.9782
24.9782
24.9782
24.9782
24.9782
24.9782
24.9782
26.6232
26.6232
26.6232
26.6232
26.6232
26.6232
26.6232
26.6232
28.094
28.094
28.094
28.094
28.094
28.094
28.094
28.094
29.2686
29.2686
29.2686
29.2686
29.2686
29.2686
29.2686
29.2686
30.0366
30.0366
30.0366
30.0366
30.0366
30.0366
30.0366
30.0366
30.3169
30.3169
30.3169
30.3169
30.3169
30.3169
30.3169
30.3169
14.8224
14.8224
14.8224
14.8224
14.8224
14.8224
14.8224
14.8224
14.9681
14.9681
14.9681
14.9681
14.9681
14.9681
14.9681
14.9681
15.2958
15.2958
15.2958
15.2958
15.2958
15.2958
15.2958
15.2958
15.8238
15.8238
15.8238
15.8238
15.8238
15.8238
15.8238
15.8238
16.5639
16.5639
16.5639
16.5639
16.5639
16.5639
16.5639
16.5639
17.522
17.522
17.522
17.522
17.522
17.522
17.522
17.522
18.6955
18.6955
18.6955
18.6955
18.6955
18.6955
18.6955
18.6955
20.0698
20.0698
20.0698
20.0698
20.0698
20.0698
20.0698
20.0698
21.6139
21.6139
21.6139
21.6139
21.6139
21.6139
21.6139
21.6139
23.2754
23.2754
23.2754
23.2754
23.2754
23.2754
23.2754
23.2754
24.9782
24.9782
24.9782
24.9782
24.9782
24.9782
24.9782
24.9782
26.6232
26.6232
26.6232
26.6232
26.6232
26.6232
26.6232
26.6232
28.094
28.094
28.094
28.094
28.094
28.094
28.094
28.094
29.2686
29.2686
29.2686
29.2686
29.2686
29.2686
29.2686
29.2686
30.0366
30.0366
30.0366
30.0366
30.0366
30.0366
30.0366
30.0366
30.3169
30.3169
30.3169
30.3169
30.3169
30.3169
30.3169
30.3169
14.444
14.444
14.444
14.444
14.444
14.444
14.444
14.444
14.5614
14.5614
14.5614
14.5614
14.5614
14.5614
14.5614
14.5614
14.8507
14.8507
14.8507
14.8507
14.8507
14.8507
14.8507
14.8507
15.3297
15.3297
15.3297
15.3297
15.3297
15.3297
15.3297
15.3297
16.0102
16.0102
16.0102
16.0102
16.0102
16.0102
16.0102
16.0102
16.8992
16.8992
16.8992
16.8992
16.8992
16.8992
16.8992
16.8992
17.996
17.996
17.996
17.996
17.996
17.996
17.996
17.996
19.2895
19.2895
19.2895
19.2895
19.2895
19.2895
19.2895
19.2895
20.7534
20.7534
20.7534
20.7534
20.7534
20.7534
20.7534
20.7534
22.342
22.342
22.342
22.342
22.342
22.342
22.342
22.342
23.9867
23.9867
23.9867
23.9867
23.9867
23.9867
23.9867
23.9867
25.5958
25.5958
25.5958
25.5958
25.5958
25.5958
25.5958
25.5958
27.0589
27.0589
27.0589
27.0589
27.0589
27.0589
27.0589
27.0589
28.2573
28.2573
28.2573
28.2573
28.2573
28.2573
28.2573
28.2573
29.0788
29.0788
29.0788
29.0788
29.0788
29.0788
29.0788
29.0788
29.4364
29.4364
29.4364
29.4364
29.4364
29.4364
29.4364
29.4364
14.444
14.444
14.444
14.444
14.444
14.444
14.444
14.444
14.5614
14.5614
14.5614
14.5614
14.5614
14.5614
14.5614
14.5614
14.8507
14.8507
14.8507
14.8507
14.8507
14.8507
14.8507
14.8507
15.3297
15.3297
15.3297
15.3297
15.3297
15.3297
15.3297
15.3297
16.0102
16.0102
16.0102
16.0102
16.0102
16.0102
16.0102
16.0102
16.8992
16.8992
16.8992
16.8992
16.8992
16.8992
16.8992
16.8992
17.996
17.996
17.996
17.996
17.996
17.996
17.996
17.996
19.2895
19.2895
19.2895
19.2895
19.2895
19.2895
19.2895
19.2895
20.7534
20.7534
20.7534
20.7534
20.7534
20.7534
20.7534
20.7534
22.342
22.342
22.342
22.342
22.342
22.342
22.342
22.342
23.9867
23.9867
23.9867
23.9867
23.9867
23.9867
23.9867
23.9867
25.5958
25.5958
25.5958
25.5958
25.5958
25.5958
25.5958
25.5958
27.0589
27.0589
27.0589
27.0589
27.0589
27.0589
27.0589
27.0589
28.2573
28.2573
28.2573
28.2573
28.2573
28.2573
28.2573
28.2573
29.0788
29.0788
29.0788
29.0788
29.0788
29.0788
29.0788
29.0788
29.4364
29.4364
29.4364
29.4364
29.4364
29.4364
29.4364
29.4364
14.444
14.444
14.444
14.444
14.444
14.444
14.444
14.444
14.5614
14.5614
14.5614
14.5614
14.5614
14.5614
14.5614
14.5614
14.8507
14.8507
14.8507
14.8507
14.8507
14.8507
14.8507
14.8507
15.3297
15.3297
15.3297
15.3297
15.3297
15.3297
15.3297
15.3297
16.0102
16.0102
16.0102
16.0102
16.0102
16.0102
16.0102
16.0102
16.8992
16.8992
16.8992
16.8992
16.8992
16.8992
16.8992
16.8992
17.996
17.996
17.996
17.996
17.996
17.996
17.996
17.996
19.2895
19.2895
19.2895
19.2895
19.2895
19.2895
19.2895
19.2895
20.7534
20.7534
20.7534
20.7534
20.7534
20.7534
20.7534
20.7534
22.342
22.342
22.342
22.342
22.342
22.342
22.342
22.342
23.9867
23.9867
23.9867
23.9867
23.9867
23.9867
23.9867
23.9867
25.5958
25.5958
25.5958
25.5958
25.5958
25.5958
25.5958
25.5958
27.0589
27.0589
27.0589
27.0589
27.0589
27.0589
27.0589
27.0589
28.2573
28.2573
28.2573
28.2573
28.2573
28.2573
28.2573
28.2573
29.0788
29.0788
29.0788
29.0788
29.0788
29.0788
29.0788
29.0788
29.4364
29.4364
29.4364
29.4364
29.4364
29.4364
29.4364
29.4364
14.444
14.444
14.444
14.444
14.444
14.444
14.444
14.444
14.5614
14.5614
14.5614
14.5614
14.5614
14.5614
14.5614
14.5614
14.8507
14.8507
14.8507
14.8507
14.8507
14.8507
14.8507
14.8507
15.3297
15.3297
15.3297
15.3297
15.3297
15.3297
15.3297
15.3297
16.0102
16.0102
16.0102
16.0102
16.0102
16.0102
16.0102
16.0102
16.8992
16.8992
16.8992
16.8992
16.8992
16.8992
16.8992
16.8992
17.996
17.996
17.996
17.996
17.996
17.996
17.996
17.996
19.2895
19.2895
19.2895
19.2895
19.2895
19.2895
19.2895
19.2895
20.7534
20.7534
20.7534
20.7534
20.7534
20.7534
20.7534
20.7534
22.342
22.342
22.342
22.342
22.342
22.342
22.342
22.342
23.9867
23.9867
23.9867
23.9867
23.9867
23.9867
23.9867
23.9867
25.5958
25.5958
25.5958
25.5958
25.5958
25.5958
25.5958
25.5958
27.0589
27.0589
27.0589
27.0589
27.0589
27.0589
27.0589
27.0589
28.2573
28.2573
28.2573
28.2573
28.2573
28.2573
28.2573
28.2573
29.0788
29.0788
29.0788
29.0788
29.0788
29.0788
29.0788
29.0788
29.4364
29.4364
29.4364
29.4364
29.4364
29.4364
29.4364
29.4364
14.0996
14.0996
14.0996
14.0996
14.0996
14.0996
14.0996
14.0996
14.1864
14.1864
14.1864
14.1864
14.1864
14.1864
14.1864
14.1864
14.4345
14.4345
14.4345
14.4345
14.4345
14.4345
14.4345
14.4345
14.8607
14.8607
14.8607
14.8607
14.8607
14.8607
14.8607
14.8607
15.477
15.477
15.477
15.477
15.477
15.477
15.477
15.477
16.2912
16.2912
16.2912
16.2912
16.2912
16.2912
16.2912
16.2912
17.3044
17.3044
17.3044
17.3044
17.3044
17.3044
17.3044
17.3044
18.509
18.509
18.509
18.509
18.509
18.509
18.509
18.509
19.8835
19.8835
19.8835
19.8835
19.8835
19.8835
19.8835
19.8835
21.389
21.389
21.389
21.389
21.389
21.389
21.389
21.389
22.9648
22.9648
22.9648
22.9648
22.9648
22.9648
22.9648
22.9648
24.5279
24.5279
24.5279
24.5279
24.5279
24.5279
24.5279
24.5279
25.9752
25.9752
25.9752
25.9752
25.9752
25.9752
25.9752
25.9752
27.1926
27.1926
27.1926
27.1926
27.1926
27.1926
27.1926
27.1926
28.068
28.068
28.068
28.068
28.068
28.068
28.068
28.068
28.5089
28.5089
28.5089
28.5089
28.5089
28.5089
28.5089
28.5089
14.0996
14.0996
14.0996
14.0996
14.0996
14.0996
14.0996
14.0996
14.1864
14.1864
14.1864
14.1864
14.1864
14.1864
14.1864
14.1864
14.4345
14.4345
14.4345
14.4345
14.4345
14.4345
14.4345
14.4345
14.8607
14.8607
14.8607
14.8607
14.8607
14.8607
14.8607
14.8607
15.477
15.477
15.477
15.477
15.477
15.477
15.477
15.477
16.2912
16.2912
16.2912
16.2912
16.2912
16.2912
16.2912
16.2912
17.3044
17.3044
17.3044
17.3044
17.3044
17.3044
17.3044
17.3044
18.509
18.509
18.509
18.509
18.509
18.509
18.509
18.509
19.8835
19.8835
19.8835
19.8835
19.8835
19.8835
19.8835
19.8835
21.389
21.389
21.389
21.389
21.389
21.389
21.389
21.389
22.9648
22.9648
22.9648
22.9648
22.9648
22.9648
22.9648
22.9648
24.5279
24.5279
24.5279
24.5279
24.5279
24.5279
24.5279
24.5279
25.9752
25.9752
25.9752
25.9752
25.9752
25.9752
25.9752
25.9752
27.1926
27.1926
27.1926
27.1926
27.1926
27.1926
27.1926
27.1926
28.068
28.068
28.068
28.068
28.068
28.068
28.068
28.068
28.5089
28.5089
28.5089
28.5089
28.5089
28.5089
28.5089
28.5089
14.0996
14.0996
14.0996
14.0996
14.0996
14.0996
14.0996
14.0996
14.1864
14.1864
14.1864
14.1864
14.1864
14.1864
14.1864
14.1864
14.4345
14.4345
14.4345
14.4345
14.4345
14.4345
14.4345
14.4345
14.8607
14.8607
14.8607
14.8607
14.8607
14.8607
14.8607
14.8607
15.477
15.477
15.477
15.477
15.477
15.477
15.477
15.477
16.2912
16.2912
16.2912
16.2912
16.2912
16.2912
16.2912
16.2912
17.3044
17.3044
17.3044
17.3044
17.3044
17.3044
17.3044
17.3044
18.509
18.509
18.509
18.509
18.509
18.509
18.509
18.509
19.8835
19.8835
19.8835
19.8835
19.8835
19.8835
19.8835
19.8835
21.389
21.389
21.389
21.389
21.389
21.389
21.389
21.389
22.9648
22.9648
22.9648
22.9648
22.9648
22.9648
22.9648
22.9648
24.5279
24.5279
24.5279
24.5279
24.5279
24.5279
24.5279
24.5279
25.9752
25.9752
25.9752
25.9752
25.9752
25.9752
25.9752
25.9752
27.1926
27.1926
27.1926
27.1926
27.1926
27.1926
27.1926
27.1926
28.068
28.068
28.068
28.068
28.068
28.068
28.068
28.068
28.5089
28.5089
28.5089
28.5089
28.5089
28.5089
28.5089
28.5089
14.0996
14.0996
14.0996
14.0996
14.0996
14.0996
14.0996
14.0996
14.1864
14.1864
14.1864
14.1864
14.1864
14.1864
14.1864
14.1864
14.4345
14.4345
14.4345
14.4345
14.4345
14.4345
14.4345
14.4345
14.8607
14.8607
14.8607
14.8607
14.8607
14.8607
14.8607
14.8607
15.477
15.477
15.477
15.477
15.477
15.477
15.477
15.477
16.2912
16.2912
16.2912
16.2912
16.2912
16.2912
16.2912
16.2912
17.3044
17.3044
17.3044
17.3044
17.3044
17.3044
17.3044
17.3044
18.509
18.509
18.509
18.509
18.509
18.509
18.509
18.509
19.8835
19.8835
19.8835
19.8835
19.8835
19.8835
19.8835
19.8835
21.389
21.389
21.389
21.389
21.389
21.389
21.389
21.389
22.9648
22.9648
22.9648
22.9648
22.9648
22.9648
22.9648
22.9648
24.5279
24.5279
24.5279
24.5279
24.5279
24.5279
24.5279
24.5279
25.9752
25.9752
25.9752
25.9752
25.9752
25.9752
25.9752
25.9752
27.1926
27.1926
27.1926
27.1926
27.1926
27.1926
27.1926
27.1926
28.068
28.068
28.068
28.068
28.068
28.068
28.068
28.068
28.5089
28.5089
28.5089
28.5089
28.5089
28.5089
28.5089
28.5089
13.7843
13.7843
13.7843
13.7843
13.7843
13.7843
13.7843
13.7843
13.8378
13.8378
13.8378
13.8378
13.8378
13.8378
13.8378
13.8378
14.041
14.041
14.041
14.041
14.041
14.041
14.041
14.041
14.41
14.41
14.41
14.41
14.41
14.41
14.41
14.41
14.957
14.957
14.957
14.957
14.957
14.957
14.957
14.957
15.6902
15.6902
15.6902
15.6902
15.6902
15.6902
15.6902
15.6902
16.6127
16.6127
16.6127
16.6127
16.6127
16.6127
16.6127
16.6127
17.7197
17.7197
17.7197
17.7197
17.7197
17.7197
17.7197
17.7197
18.9951
18.9951
18.9951
18.9951
18.9951
18.9951
18.9951
18.9951
20.4063
20.4063
20.4063
20.4063
20.4063
20.4063
20.4063
20.4063
21.9014
21.9014
21.9014
21.9014
21.9014
21.9014
21.9014
21.9014
23.4065
23.4065
23.4065
23.4065
23.4065
23.4065
23.4065
23.4065
24.8274
24.8274
24.8274
24.8274
24.8274
24.8274
24.8274
24.8274
26.0559
26.0559
26.0559
26.0559
26.0559
26.0559
26.0559
26.0559
26.9819
26.9819
26.9819
26.9819
26.9819
26.9819
26.9819
26.9819
27.509
27.509
27.509
27.509
27.509
27.509
27.509
27.509
13.7843
13.7843
13.7843
13.7843
13.7843
13.7843
13.7843
13.7843
13.8378
13.8378
13.8378
13.8378
13.8378
13.8378
13.8378
13.8378
14.041
14.041
14.041
14.041
14.041
14.041
14.041
14.041
14.41
14.41
14.41
14.41
14.41
14.41
14.41
14.41
14.957
14.957
14.957
14.957
14.957
14.957
14.957
14.957
15.6902
15.6902
15.6902
15.6902
15.6902
15.6902
15.6902
15.6902
16.6127
16.6127
16.6127
16.6127
16.6127
16.6127
16.6127
16.6127
17.7197
17.7197
17.7197
17.7197
17.7197
17.7197
17.7197
17.7197
18.9951
18.9951
18.9951
18.9951
18.9951
18.9951
18.9951
18.9951
20.4063
20.4063
20.4063
20.4063
20.4063
20.4063
20.4063
20.4063
21.9014
21.9014
21.9014
21.9014
21.9014
21.9014
21.9014
21.9014
23.4065
23.4065
23.4065
23.4065
23.4065
23.4065
23.4065
23.4065
24.8274
24.8274
24.8274
24.8274
24.8274
24.8274
24.8274
24.8274
26.0559
26.0559
26.0559
26.0559
26.0559
26.0559
26.0559
26.0559
26.9819
26.9819
26.9819
26.9819
26.9819
26.9819
26.9819
26.9819
27.509
27.509
27.509
27.509
27.509
27.509
27.509
27.509
13.7843
13.7843
13.7843
13.7843
13.7843
13.7843
13.7843
13.7843
13.8378
13.8378
13.8378
13.8378
13.8378
13.8378
13.8378
13.8378
14.041
14.041
14.041
14.041
14.041
14.041
14.041
14.041
14.41
14.41
14.41
14.41
14.41
14.41
14.41
14.41
14.957
14.957
14.957
14.957
14.957
14.957
14.957
14.957
15.6902
15.6902
15.6902
15.6902
15.6902
15.6902
15.6902
15.6902
16.6127
16.6127
16.6127
16.6127
16.6127
16.6127
16.6127
16.6127
17.7197
17.7197
17.7197
17.7197
17.7197
17.7197
17.7197
17.7197
18.9951
18.9951
18.9951
18.9951
18.9951
18.9951
18.9951
18.9951
20.4063
20.4063
20.4063
20.4063
20.4063
20.4063
20.4063
20.4063
21.9014
21.9014
21.9014
21.9014
21.9014
21.9014
21.9014
21.9014
23.4065
23.4065
23.4065
23.4065
23.4065
23.4065
23.4065
23.4065
24.8274
24.8274
24.8274
24.8274
24.8274
24.8274
24.8274
24.8274
26.0559
26.0559
26.0559
26.0559
26.0559
26.0559
26.0559
26.0559
26.9819
26.9819
26.9819
26.9819
26.9819
26.9819
26.9819
26.9819
27.509
27.509
27.509
27.509
27.509
27.509
27.509
27.509
13.7843
13.7843
13.7843
13.7843
13.7843
13.7843
13.7843
13.7843
13.8378
13.8378
13.8378
13.8378
13.8378
13.8378
13.8378
13.8378
14.041
14.041
14.041
14.041
14.041
14.041
14.041
14.041
14.41
14.41
14.41
14.41
14.41
14.41
14.41
14.41
14.957
14.957
14.957
14.957
14.957
14.957
14.957
14.957
15.6902
15.6902
15.6902
15.6902
15.6902
15.6902
15.6902
15.6902
16.6127
16.6127
16.6127
16.6127
16.6127
16.6127
16.6127
16.6127
17.7197
17.7197
17.7197
17.7197
17.7197
17.7197
17.7197
17.7197
18.9951
18.9951
18.9951
18.9951
18.9951
18.9951
18.9951
18.9951
20.4063
20.4063
20.4063
20.4063
20.4063
20.4063
20.4063
20.4063
21.9014
21.9014
21.9014
21.9014
21.9014
21.9014
21.9014
21.9014
23.4065
23.4065
23.4065
23.4065
23.4065
23.4065
23.4065
23.4065
24.8274
24.8274
24.8274
24.8274
24.8274
24.8274
24.8274
24.8274
26.0559
26.0559
26.0559
26.0559
26.0559
26.0559
26.0559
26.0559
26.9819
26.9819
26.9819
26.9819
26.9819
26.9819
26.9819
26.9819
27.509
27.509
27.509
27.509
27.509
27.509
27.509
27.509
13.4945
13.4945
13.4945
13.4945
13.4945
13.4945
13.4945
13.4945
13.5114
13.5114
13.5114
13.5114
13.5114
13.5114
13.5114
13.5114
13.6658
13.6658
13.6658
13.6658
13.6658
13.6658
13.6658
13.6658
13.9731
13.9731
13.9731
13.9731
13.9731
13.9731
13.9731
13.9731
14.4453
14.4453
14.4453
14.4453
14.4453
14.4453
14.4453
14.4453
15.0913
15.0913
15.0913
15.0913
15.0913
15.0913
15.0913
15.0913
15.9158
15.9158
15.9158
15.9158
15.9158
15.9158
15.9158
15.9158
16.9172
16.9172
16.9172
16.9172
16.9172
16.9172
16.9172
16.9172
18.0837
18.0837
18.0837
18.0837
18.0837
18.0837
18.0837
18.0837
19.3898
19.3898
19.3898
19.3898
19.3898
19.3898
19.3898
19.3898
20.7919
20.7919
20.7919
20.7919
20.7919
20.7919
20.7919
20.7919
22.2262
22.2262
22.2262
22.2262
22.2262
22.2262
22.2262
22.2262
23.608
23.608
23.608
23.608
23.608
23.608
23.608
23.608
24.8371
24.8371
24.8371
24.8371
24.8371
24.8371
24.8371
24.8371
25.8068
25.8068
25.8068
25.8068
25.8068
25.8068
25.8068
25.8068
26.4188
26.4188
26.4188
26.4188
26.4188
26.4188
26.4188
26.4188
13.4945
13.4945
13.4945
13.4945
13.4945
13.4945
13.4945
13.4945
13.5114
13.5114
13.5114
13.5114
13.5114
13.5114
13.5114
13.5114
13.6658
13.6658
13.6658
13.6658
13.6658
13.6658
13.6658
13.6658
13.9731
13.9731
13.9731
13.9731
13.9731
13.9731
13.9731
13.9731
14.4453
14.4453
14.4453
14.4453
14.4453
14.4453
14.4453
14.4453
15.0913
15.0913
15.0913
15.0913
15.0913
15.0913
15.0913
15.0913
15.9158
15.9158
15.9158
15.9158
15.9158
15.9158
15.9158
15.9158
16.9172
16.9172
16.9172
16.9172
16.9172
16.9172
16.9172
16.9172
18.0837
18.0837
18.0837
18.0837
18.0837
18.0837
18.0837
18.0837
19.3898
19.3898
19.3898
19.3898
19.3898
19.3898
19.3898
19.3898
20.7919
20.7919
20.7919
20.7919
20.7919
20.7919
20.7919
20.7919
22.2262
22.2262
22.2262
22.2262
22.2262
22.2262
22.2262
22.2262
23.608
23.608
23.608
23.608
23.608
23.608
23.608
23.608
24.8371
24.8371
24.8371
24.8371
24.8371
24.8371
24.8371
24.8371
25.8068
25.8068
25.8068
25.8068
25.8068
25.8068
25.8068
25.8068
26.4188
26.4188
26.4188
26.4188
26.4188
26.4188
26.4188
26.4188
13.4945
13.4945
13.4945
13.4945
13.4945
13.4945
13.4945
13.4945
13.5114
13.5114
13.5114
13.5114
13.5114
13.5114
13.5114
13.5114
13.6658
13.6658
13.6658
13.6658
13.6658
13.6658
13.6658
13.6658
13.9731
13.9731
13.9731
13.9731
13.9731
13.9731
13.9731
13.9731
14.4453
14.4453
14.4453
14.4453
14.4453
14.4453
14.4453
14.4453
15.0913
15.0913
15.0913
15.0913
15.0913
15.0913
15.0913
15.0913
15.9158
15.9158
15.9158
15.9158
15.9158
15.9158
15.9158
15.9158
16.9172
16.9172
16.9172
16.9172
16.9172
16.9172
16.9172
16.9172
18.0837
18.0837
18.0837
18.0837
18.0837
18.0837
18.0837
18.0837
19.3898
19.3898
19.3898
19.3898
19.3898
19.3898
19.3898
19.3898
20.7919
20.7919
20.7919
20.7919
20.7919
20.7919
20.7919
20.7919
22.2262
22.2262
22.2262
22.2262
22.2262
22.2262
22.2262
22.2262
23.608
23.608
23.608
23.608
23.608
23.608
23.608
23.608
24.8371
24.8371
24.8371
24.8371
24.8371
24.8371
24.8371
24.8371
25.8068
25.8068
25.8068
25.8068
25.8068
25.8068
25.8068
25.8068
26.4188
26.4188
26.4188
26.4188
26.4188
26.4188
26.4188
26.4188
13.4945
13.4945
13.4945
13.4945
13.4945
13.4945
13.4945
13.4945
13.5114
13.5114
13.5114
13.5114
13.5114
13.5114
13.5114
13.5114
13.6658
13.6658
13.6658
13.6658
13.6658
13.6658
13.6658
13.6658
13.9731
13.9731
13.9731
13.9731
13.9731
13.9731
13.9731
13.9731
14.4453
14.4453
14.4453
14.4453
14.4453
14.4453
14.4453
14.4453
15.0913
15.0913
15.0913
15.0913
15.0913
15.0913
15.0913
15.0913
15.9158
15.9158
15.9158
15.9158
15.9158
15.9158
15.9158
15.9158
16.9172
16.9172
16.9172
16.9172
16.9172
16.9172
16.9172
16.9172
18.0837
18.0837
18.0837
18.0837
18.0837
18.0837
18.0837
18.0837
19.3898
19.3898
19.3898
19.3898
19.3898
19.3898
19.3898
19.3898
20.7919
20.7919
20.7919
20.7919
20.7919
20.7919
20.7919
20.7919
22.2262
22.2262
22.2262
22.2262
22.2262
22.2262
22.2262
22.2262
23.608
23.608
23.608
23.608
23.608
23.608
23.608
23.608
24.8371
24.8371
24.8371
24.8371
24.8371
24.8371
24.8371
24.8371
25.8068
25.8068
25.8068
25.8068
25.8068
25.8068
25.8068
25.8068
26.4188
26.4188
26.4188
26.4188
26.4188
26.4188
26.4188
26.4188
13.2281
13.2281
13.2281
13.2281
13.2281
13.2281
13.2281
13.2281
13.205
13.205
13.205
13.205
13.205
13.205
13.205
13.205
13.3065
13.3065
13.3065
13.3065
13.3065
13.3065
13.3065
13.3065
13.5476
13.5476
13.5476
13.5476
13.5476
13.5476
13.5476
13.5476
13.9399
13.9399
13.9399
13.9399
13.9399
13.9399
13.9399
13.9399
14.4931
14.4931
14.4931
14.4931
14.4931
14.4931
14.4931
14.4931
15.2133
15.2133
15.2133
15.2133
15.2133
15.2133
15.2133
15.2133
16.1016
16.1016
16.1016
16.1016
16.1016
16.1016
16.1016
16.1016
17.1507
17.1507
17.1507
17.1507
17.1507
17.1507
17.1507
17.1507
18.3415
18.3415
18.3415
18.3415
18.3415
18.3415
18.3415
18.3415
19.639
19.639
19.639
19.639
19.639
19.639
19.639
19.639
20.9893
20.9893
20.9893
20.9893
20.9893
20.9893
20.9893
20.9893
22.3184
22.3184
22.3184
22.3184
22.3184
22.3184
22.3184
22.3184
23.5351
23.5351
23.5351
23.5351
23.5351
23.5351
23.5351
23.5351
24.5383
24.5383
24.5383
24.5383
24.5383
24.5383
24.5383
24.5383
25.2294
25.2294
25.2294
25.2294
25.2294
25.2294
25.2294
25.2294
13.2281
13.2281
13.2281
13.2281
13.2281
13.2281
13.2281
13.2281
13.205
13.205
13.205
13.205
13.205
13.205
13.205
13.205
13.3065
13.3065
13.3065
13.3065
13.3065
13.3065
13.3065
13.3065
13.5476
13.5476
13.5476
13.5476
13.5476
13.5476
13.5476
13.5476
13.9399
13.9399
13.9399
13.9399
13.9399
13.9399
13.9399
13.9399
14.4931
14.4931
14.4931
14.4931
14.4931
14.4931
14.4931
14.4931
15.2133
15.2133
15.2133
15.2133
15.2133
15.2133
15.2133
15.2133
16.1016
16.1016
16.1016
16.1016
16.1016
16.1016
16.1016
16.1016
17.1507
17.1507
17.1507
17.1507
17.1507
17.1507
17.1507
17.1507
18.3415
18.3415
18.3415
18.3415
18.3415
18.3415
18.3415
18.3415
19.639
19.639
19.639
19.639
19.639
19.639
19.639
19.639
20.9893
20.9893
20.9893
20.9893
20.9893
20.9893
20.9893
20.9893
22.3184
22.3184
22.3184
22.3184
22.3184
22.3184
22.3184
22.3184
23.5351
23.5351
23.5351
23.5351
23.5351
23.5351
23.5351
23.5351
24.5383
24.5383
24.5383
24.5383
24.5383
24.5383
24.5383
24.5383
25.2294
25.2294
25.2294
25.2294
25.2294
25.2294
25.2294
25.2294
13.2281
13.2281
13.2281
13.2281
13.2281
13.2281
13.2281
13.2281
13.205
13.205
13.205
13.205
13.205
13.205
13.205
13.205
13.3065
13.3065
13.3065
13.3065
13.3065
13.3065
13.3065
13.3065
13.5476
13.5476
13.5476
13.5476
13.5476
13.5476
13.5476
13.5476
13.9399
13.9399
13.9399
13.9399
13.9399
13.9399
13.9399
13.9399
14.4931
14.4931
14.4931
14.4931
14.4931
14.4931
14.4931
14.4931
15.2133
15.2133
15.2133
15.2133
15.2133
15.2133
15.2133
15.2133
16.1016
16.1016
16.1016
16.1016
16.1016
16.1016
16.1016
16.1016
17.1507
17.1507
17.1507
17.1507
17.1507
17.1507
17.1507
17.1507
18.3415
18.3415
18.3415
18.3415
18.3415
18.3415
18.3415
18.3415
19.639
19.639
19.639
19.639
19.639
19.639
19.639
19.639
20.9893
20.9893
20.9893
20.9893
20.9893
20.9893
20.9893
20.9893
22.3184
22.3184
22.3184
22.3184
22.3184
22.3184
22.3184
22.3184
23.5351
23.5351
23.5351
23.5351
23.5351
23.5351
23.5351
23.5351
24.5383
24.5383
24.5383
24.5383
24.5383
24.5383
24.5383
24.5383
25.2294
25.2294
25.2294
25.2294
25.2294
25.2294
25.2294
25.2294
13.2281
13.2281
13.2281
13.2281
13.2281
13.2281
13.2281
13.2281
13.205
13.205
13.205
13.205
13.205
13.205
13.205
13.205
13.3065
13.3065
13.3065
13.3065
13.3065
13.3065
13.3065
13.3065
13.5476
13.5476
13.5476
13.5476
13.5476
13.5476
13.5476
13.5476
13.9399
13.9399
13.9399
13.9399
13.9399
13.9399
13.9399
13.9399
14.4931
14.4931
14.4931
14.4931
14.4931
14.4931
14.4931
14.4931
15.2133
15.2133
15.2133
15.2133
15.2133
15.2133
15.2133
15.2133
16.1016
16.1016
16.1016
16.1016
16.1016
16.1016
16.1016
16.1016
17.1507
17.1507
17.1507
17.1507
17.1507
17.1507
17.1507
17.1507
18.3415
18.3415
18.3415
18.3415
18.3415
18.3415
18.3415
18.3415
19.639
19.639
19.639
19.639
19.639
19.639
19.639
19.639
20.9893
20.9893
20.9893
20.9893
20.9893
20.9893
20.9893
20.9893
22.3184
22.3184
22.3184
22.3184
22.3184
22.3184
22.3184
22.3184
23.5351
23.5351
23.5351
23.5351
23.5351
23.5351
23.5351
23.5351
24.5383
24.5383
24.5383
24.5383
24.5383
24.5383
24.5383
24.5383
25.2294
25.2294
25.2294
25.2294
25.2294
25.2294
25.2294
25.2294
12.984
12.984
12.984
12.984
12.984
12.984
12.984
12.984
12.9175
12.9175
12.9175
12.9175
12.9175
12.9175
12.9175
12.9175
12.9625
12.9625
12.9625
12.9625
12.9625
12.9625
12.9625
12.9625
13.1331
13.1331
13.1331
13.1331
13.1331
13.1331
13.1331
13.1331
13.4412
13.4412
13.4412
13.4412
13.4412
13.4412
13.4412
13.4412
13.8967
13.8967
13.8967
13.8967
13.8967
13.8967
13.8967
13.8967
14.5075
14.5075
14.5075
14.5075
14.5075
14.5075
14.5075
14.5075
15.2769
15.2769
15.2769
15.2769
15.2769
15.2769
15.2769
15.2769
16.2018
16.2018
16.2018
16.2018
16.2018
16.2018
16.2018
16.2018
17.2689
17.2689
17.2689
17.2689
17.2689
17.2689
17.2689
17.2689
18.4516
18.4516
18.4516
18.4516
18.4516
18.4516
18.4516
18.4516
19.7057
19.7057
19.7057
19.7057
19.7057
19.7057
19.7057
19.7057
20.9683
20.9683
20.9683
20.9683
20.9683
20.9683
20.9683
20.9683
22.1582
22.1582
22.1582
22.1582
22.1582
22.1582
22.1582
22.1582
23.1816
23.1816
23.1816
23.1816
23.1816
23.1816
23.1816
23.1816
23.942
23.942
23.942
23.942
23.942
23.942
23.942
23.942
12.984
12.984
12.984
12.984
12.984
12.984
12.984
12.984
12.9175
12.9175
12.9175
12.9175
12.9175
12.9175
12.9175
12.9175
12.9625
12.9625
12.9625
12.9625
12.9625
12.9625
12.9625
12.9625
13.1331
13.1331
13.1331
13.1331
13.1331
13.1331
13.1331
13.1331
13.4412
13.4412
13.4412
13.4412
13.4412
13.4412
13.4412
13.4412
13.8967
13.8967
13.8967
13.8967
13.8967
13.8967
13.8967
13.8967
14.5075
14.5075
14.5075
14.5075
14.5075
14.5075
14.5075
14.5075
15.2769
15.2769
15.2769
15.2769
15.2769
15.2769
15.2769
15.2769
16.2018
16.2018
16.2018
16.2018
16.2018
16.2018
16.2018
16.2018
17.2689
17.2689
17.2689
17.2689
17.2689
17.2689
17.2689
17.2689
18.4516
18.4516
18.4516
18.4516
18.4516
18.4516
18.4516
18.4516
19.7057
19.7057
19.7057
19.7057
19.7057
19.7057
19.7057
19.7057
20.9683
20.9683
20.9683
20.9683
20.9683
20.9683
20.9683
20.9683
22.1582
22.1582
22.1582
22.1582
22.1582
22.1582
22.1582
22.1582
23.1816
23.1816
23.1816
23.1816
23.1816
23.1816
23.1816
23.1816
23.942
23.942
23.942
23.942
23.942
23.942
23.942
23.942
12.984
12.984
12.984
12.984
12.984
12.984
12.984
12.984
12.9175
12.9175
12.9175
12.9175
12.9175
12.9175
12.9175
12.9175
12.9625
12.9625
12.9625
12.9625
12.9625
12.9625
12.9625
12.9625
13.1331
13.1331
13.1331
13.1331
13.1331
13.1331
13.1331
13.1331
13.4412
13.4412
13.4412
13.4412
13.4412
13.4412
13.4412
13.4412
13.8967
13.8967
13.8967
13.8967
13.8967
13.8967
13.8967
13.8967
14.5075
14.5075
14.5075
14.5075
14.5075
14.5075
14.5075
14.5075
15.2769
15.2769
15.2769
15.2769
15.2769
15.2769
15.2769
15.2769
16.2018
16.2018
16.2018
16.2018
16.2018
16.2018
16.2018
16.2018
17.2689
17.2689
17.2689
17.2689
17.2689
17.2689
17.2689
17.2689
18.4516
18.4516
18.4516
18.4516
18.4516
18.4516
18.4516
18.4516
19.7057
19.7057
19.7057
19.7057
19.7057
19.7057
19.7057
19.7057
20.9683
20.9683
20.9683
20.9683
20.9683
20.9683
20.9683
20.9683
22.1582
22.1582
22.1582
22.1582
22.1582
22.1582
22.1582
22.1582
23.1816
23.1816
23.1816
23.1816
23.1816
23.1816
23.1816
23.1816
23.942
23.942
23.942
23.942
23.942
23.942
23.942
23.942
12.984
12.984
12.984
12.984
12.984
12.984
12.984
12.984
12.9175
12.9175
12.9175
12.9175
12.9175
12.9175
12.9175
12.9175
12.9625
12.9625
12.9625
12.9625
12.9625
12.9625
12.9625
12.9625
13.1331
13.1331
13.1331
13.1331
13.1331
13.1331
13.1331
13.1331
13.4412
13.4412
13.4412
13.4412
13.4412
13.4412
13.4412
13.4412
13.8967
13.8967
13.8967
13.8967
13.8967
13.8967
13.8967
13.8967
14.5075
14.5075
14.5075
14.5075
14.5075
14.5075
14.5075
14.5075
15.2769
15.2769
15.2769
15.2769
15.2769
15.2769
15.2769
15.2769
16.2018
16.2018
16.2018
16.2018
16.2018
16.2018
16.2018
16.2018
17.2689
17.2689
17.2689
17.2689
17.2689
17.2689
17.2689
17.2689
18.4516
18.4516
18.4516
18.4516
18.4516
18.4516
18.4516
18.4516
19.7057
19.7057
19.7057
19.7057
19.7057
19.7057
19.7057
19.7057
20.9683
20.9683
20.9683
20.9683
20.9683
20.9683
20.9683
20.9683
22.1582
22.1582
22.1582
22.1582
22.1582
22.1582
22.1582
22.1582
23.1816
23.1816
23.1816
23.1816
23.1816
23.1816
23.1816
23.1816
23.942
23.942
23.942
23.942
23.942
23.942
23.942
23.942
12.7624
12.7624
12.7624
12.7624
12.7624
12.7624
12.7624
12.7624
12.6496
12.6496
12.6496
12.6496
12.6496
12.6496
12.6496
12.6496
12.6348
12.6348
12.6348
12.6348
12.6348
12.6348
12.6348
12.6348
12.7315
12.7315
12.7315
12.7315
12.7315
12.7315
12.7315
12.7315
12.9518
12.9518
12.9518
12.9518
12.9518
12.9518
12.9518
12.9518
13.3064
13.3064
13.3064
13.3064
13.3064
13.3064
13.3064
13.3064
13.8043
13.8043
13.8043
13.8043
13.8043
13.8043
13.8043
13.8043
14.451
14.451
14.451
14.451
14.451
14.451
14.451
14.451
15.247
15.247
15.247
15.247
15.247
15.247
15.247
15.247
16.1846
16.1846
16.1846
16.1846
16.1846
16.1846
16.1846
16.1846
17.2443
17.2443
17.2443
17.2443
17.2443
17.2443
17.2443
17.2443
18.3919
18.3919
18.3919
18.3919
18.3919
18.3919
18.3919
18.3919
19.575
19.575
19.575
19.575
19.575
19.575
19.575
19.575
20.7233
20.7233
20.7233
20.7233
20.7233
20.7233
20.7233
20.7233
21.7515
21.7515
21.7515
21.7515
21.7515
21.7515
21.7515
21.7515
22.5675
22.5675
22.5675
22.5675
22.5675
22.5675
22.5675
22.5675
12.7624
12.7624
12.7624
12.7624
12.7624
12.7624
12.7624
12.7624
12.6496
12.6496
12.6496
12.6496
12.6496
12.6496
12.6496
12.6496
12.6348
12.6348
12.6348
12.6348
12.6348
12.6348
12.6348
12.6348
12.7315
12.7315
12.7315
12.7315
12.7315
12.7315
12.7315
12.7315
12.9518
12.9518
12.9518
12.9518
12.9518
12.9518
12.9518
12.9518
13.3064
13.3064
13.3064
13.3064
13.3064
13.3064
13.3064
13.3064
13.8043
13.8043
13.8043
13.8043
13.8043
13.8043
13.8043
13.8043
14.451
14.451
14.451
14.451
14.451
14.451
14.451
14.451
15.247
15.247
15.247
15.247
15.247
15.247
15.247
15.247
16.1846
16.1846
16.1846
16.1846
16.1846
16.1846
16.1846
16.1846
17.2443
17.2443
17.2443
17.2443
17.2443
17.2443
17.2443
17.2443
18.3919
18.3919
18.3919
18.3919
18.3919
18.3919
18.3919
18.3919
19.575
19.575
19.575
19.575
19.575
19.575
19.575
19.575
20.7233
20.7233
20.7233
20.7233
20.7233
20.7233
20.7233
20.7233
21.7515
21.7515
21.7515
21.7515
21.7515
21.7515
21.7515
21.7515
22.5675
22.5675
22.5675
22.5675
22.5675
22.5675
22.5675
22.5675
12.7624
12.7624
12.7624
12.7624
12.7624
12.7624
12.7624
12.7624
12.6496
12.6496
12.6496
12.6496
12.6496
12.6496
12.6496
12.6496
12.6348
12.6348
12.6348
12.6348
12.6348
12.6348
12.6348
12.6348
12.7315
12.7315
12.7315
12.7315
12.7315
12.7315
12.7315
12.7315
12.9518
12.9518
12.9518
12.9518
12.9518
12.9518
12.9518
12.9518
13.3064
13.3064
13.3064
13.3064
13.3064
13.3064
13.3064
13.3064
13.8043
13.8043
13.8043
13.8043
13.8043
13.8043
13.8043
13.8043
14.451
14.451
14.451
14.451
14.451
14.451
14.451
14.451
15.247
15.247
15.247
15.247
15.247
15.247
15.247
15.247
16.1846
16.1846
16.1846
16.1846
16.1846
16.1846
16.1846
16.1846
17.2443
17.2443
17.2443
17.2443
17.2443
17.2443
17.2443
17.2443
18.3919
18.3919
18.3919
18.3919
18.3919
18.3919
18.3919
18.3919
19.575
19.575
19.575
19.575
19.575
19.575
19.575
19.575
20.7233
20.7233
20.7233
20.7233
20.7233
20.7233
20.7233
20.7233
21.7515
21.7515
21.7515
21.7515
21.7515
21.7515
21.7515
21.7515
22.5675
22.5675
22.5675
22.5675
22.5675
22.5675
22.5675
22.5675
12.7624
12.7624
12.7624
12.7624
12.7624
12.7624
12.7624
12.7624
12.6496
12.6496
12.6496
12.6496
12.6496
12.6496
12.6496
12.6496
12.6348
12.6348
12.6348
12.6348
12.6348
12.6348
12.6348
12.6348
12.7315
12.7315
12.7315
12.7315
12.7315
12.7315
12.7315
12.7315
12.9518
12.9518
12.9518
12.9518
12.9518
12.9518
12.9518
12.9518
13.3064
13.3064
13.3064
13.3064
13.3064
13.3064
13.3064
13.3064
13.8043
13.8043
13.8043
13.8043
13.8043
13.8043
13.8043
13.8043
14.451
14.451
14.451
14.451
14.451
14.451
14.451
14.451
15.247
15.247
15.247
15.247
15.247
15.247
15.247
15.247
16.1846
16.1846
16.1846
16.1846
16.1846
16.1846
16.1846
16.1846
17.2443
17.2443
17.2443
17.2443
17.2443
17.2443
17.2443
17.2443
18.3919
18.3919
18.3919
18.3919
18.3919
18.3919
18.3919
18.3919
19.575
19.575
19.575
19.575
19.575
19.575
19.575
19.575
20.7233
20.7233
20.7233
20.7233
20.7233
20.7233
20.7233
20.7233
21.7515
21.7515
21.7515
21.7515
21.7515
21.7515
21.7515
21.7515
22.5675
22.5675
22.5675
22.5675
22.5675
22.5675
22.5675
22.5675
12.5648
12.5648
12.5648
12.5648
12.5648
12.5648
12.5648
12.5648
12.4032
12.4032
12.4032
12.4032
12.4032
12.4032
12.4032
12.4032
12.3259
12.3259
12.3259
12.3259
12.3259
12.3259
12.3259
12.3259
12.3462
12.3462
12.3462
12.3462
12.3462
12.3462
12.3462
12.3462
12.4764
12.4764
12.4764
12.4764
12.4764
12.4764
12.4764
12.4764
12.7281
12.7281
12.7281
12.7281
12.7281
12.7281
12.7281
12.7281
13.1114
13.1114
13.1114
13.1114
13.1114
13.1114
13.1114
13.1114
13.6339
13.6339
13.6339
13.6339
13.6339
13.6339
13.6339
13.6339
14.2991
14.2991
14.2991
14.2991
14.2991
14.2991
14.2991
14.2991
15.104
15.104
15.104
15.104
15.104
15.104
15.104
15.104
16.0358
16.0358
16.0358
16.0358
16.0358
16.0358
16.0358
16.0358
17.0688
17.0688
17.0688
17.0688
17.0688
17.0688
17.0688
17.0688
18.1613
18.1613
18.1613
18.1613
18.1613
18.1613
18.1613
18.1613
19.2536
19.2536
19.2536
19.2536
19.2536
19.2536
19.2536
19.2536
20.2704
20.2704
20.2704
20.2704
20.2704
20.2704
20.2704
20.2704
21.1253
21.1253
21.1253
21.1253
21.1253
21.1253
21.1253
21.1253
12.5648
12.5648
12.5648
12.5648
12.5648
12.5648
12.5648
12.5648
12.4032
12.4032
12.4032
12.4032
12.4032
12.4032
12.4032
12.4032
12.3259
12.3259
12.3259
12.3259
12.3259
12.3259
12.3259
12.3259
12.3462
12.3462
12.3462
12.3462
12.3462
12.3462
12.3462
12.3462
12.4764
12.4764
12.4764
12.4764
12.4764
12.4764
12.4764
12.4764
12.7281
12.7281
12.7281
12.7281
12.7281
12.7281
12.7281
12.7281
13.1114
13.1114
13.1114
13.1114
13.1114
13.1114
13.1114
13.1114
13.6339
13.6339
13.6339
13.6339
13.6339
13.6339
13.6339
13.6339
14.2991
14.2991
14.2991
14.2991
14.2991
14.2991
14.2991
14.2991
15.104
15.104
15.104
15.104
15.104
15.104
15.104
15.104
16.0358
16.0358
16.0358
16.0358
16.0358
16.0358
16.0358
16.0358
17.0688
17.0688
17.0688
17.0688
17.0688
17.0688
17.0688
17.0688
18.1613
18.1613
18.1613
18.1613
18.1613
18.1613
18.1613
18.1613
19.2536
19.2536
19.2536
19.2536
19.2536
19.2536
19.2536
19.2536
20.2704
20.2704
20.2704
20.2704
20.2704
20.2704
20.2704
20.2704
21.1253
21.1253
21.1253
21.1253
21.1253
21.1253
21.1253
21.1253
12.5648
12.5648
12.5648
12.5648
12.5648
12.5648
12.5648
12.5648
12.4032
12.4032
12.4032
12.4032
12.4032
12.4032
12.4032
12.4032
12.3259
12.3259
12.3259
12.3259
12.3259
12.3259
12.3259
12.3259
12.3462
12.3462
12.3462
12.3462
12.3462
12.3462
12.3462
12.3462
12.4764
12.4764
12.4764
12.4764
12.4764
12.4764
12.4764
12.4764
12.7281
12.7281
12.7281
12.7281
12.7281
12.7281
12.7281
12.7281
13.1114
13.1114
13.1114
13.1114
13.1114
13.1114
13.1114
13.1114
13.6339
13.6339
13.6339
13.6339
13.6339
13.6339
13.6339
13.6339
14.2991
14.2991
14.2991
14.2991
14.2991
14.2991
14.2991
14.2991
15.104
15.104
15.104
15.104
15.104
15.104
15.104
15.104
16.0358
16.0358
16.0358
16.0358
16.0358
16.0358
16.0358
16.0358
17.0688
17.0688
17.0688
17.0688
17.0688
17.0688
17.0688
17.0688
18.1613
18.1613
18.1613
18.1613
18.1613
18.1613
18.1613
18.1613
19.2536
19.2536
19.2536
19.2536
19.2536
19.2536
19.2536
19.2536
20.2704
20.2704
20.2704
20.2704
20.2704
20.2704
20.2704
20.2704
21.1253
21.1253
21.1253
21.1253
21.1253
21.1253
21.1253
21.1253
12.5648
12.5648
12.5648
12.5648
12.5648
12.5648
12.5648
12.5648
12.4032
12.4032
12.4032
12.4032
12.4032
12.4032
12.4032
12.4032
12.3259
12.3259
12.3259
12.3259
12.3259
12.3259
12.3259
12.3259
12.3462
12.3462
12.3462
12.3462
12.3462
12.3462
12.3462
12.3462
12.4764
12.4764
12.4764
12.4764
12.4764
12.4764
12.4764
12.4764
12.7281
12.7281
12.7281
12.7281
12.7281
12.7281
12.7281
12.7281
13.1114
13.1114
13.1114
13.1114
13.1114
13.1114
13.1114
13.1114
13.6339
13.6339
13.6339
13.6339
13.6339
13.6339
13.6339
13.6339
14.2991
14.2991
14.2991
14.2991
14.2991
14.2991
14.2991
14.2991
15.104
15.104
15.104
15.104
15.104
15.104
15.104
15.104
16.0358
16.0358
16.0358
16.0358
16.0358
16.0358
16.0358
16.0358
17.0688
17.0688
17.0688
17.0688
17.0688
17.0688
17.0688
17.0688
18.1613
18.1613
18.1613
18.1613
18.1613
18.1613
18.1613
18.1613
19.2536
19.2536
19.2536
19.2536
19.2536
19.2536
19.2536
19.2536
20.2704
20.2704
20.2704
20.2704
20.2704
20.2704
20.2704
20.2704
21.1253
21.1253
21.1253
21.1253
21.1253
21.1253
21.1253
21.1253
12.3937
12.3937
12.3937
12.3937
12.3937
12.3937
12.3937
12.3937
12.1815
12.1815
12.1815
12.1815
12.1815
12.1815
12.1815
12.1815
12.0397
12.0397
12.0397
12.0397
12.0397
12.0397
12.0397
12.0397
11.9818
11.9818
11.9818
11.9818
11.9818
11.9818
11.9818
11.9818
12.0208
12.0208
12.0208
12.0208
12.0208
12.0208
12.0208
12.0208
12.1693
12.1693
12.1693
12.1693
12.1693
12.1693
12.1693
12.1693
12.4383
12.4383
12.4383
12.4383
12.4383
12.4383
12.4383
12.4383
12.8373
12.8373
12.8373
12.8373
12.8373
12.8373
12.8373
12.8373
13.3724
13.3724
13.3724
13.3724
13.3724
13.3724
13.3724
13.3724
14.0444
14.0444
14.0444
14.0444
14.0444
14.0444
14.0444
14.0444
14.8463
14.8463
14.8463
14.8463
14.8463
14.8463
14.8463
14.8463
15.7599
15.7599
15.7599
15.7599
15.7599
15.7599
15.7599
15.7599
16.753
16.753
16.753
16.753
16.753
16.753
16.753
16.753
17.7767
17.7767
17.7767
17.7767
17.7767
17.7767
17.7767
17.7767
18.7658
18.7658
18.7658
18.7658
18.7658
18.7658
18.7658
18.7658
19.6416
19.6416
19.6416
19.6416
19.6416
19.6416
19.6416
19.6416
12.3937
12.3937
12.3937
12.3937
12.3937
12.3937
12.3937
12.3937
12.1815
12.1815
12.1815
12.1815
12.1815
12.1815
12.1815
12.1815
12.0397
12.0397
12.0397
12.0397
12.0397
12.0397
12.0397
12.0397
11.9818
11.9818
11.9818
11.9818
11.9818
11.9818
11.9818
11.9818
12.0208
12.0208
12.0208
12.0208
12.0208
12.0208
12.0208
12.0208
12.1693
12.1693
12.1693
12.1693
12.1693
12.1693
12.1693
12.1693
12.4383
12.4383
12.4383
12.4383
12.4383
12.4383
12.4383
12.4383
12.8373
12.8373
12.8373
12.8373
12.8373
12.8373
12.8373
12.8373
13.3724
13.3724
13.3724
13.3724
13.3724
13.3724
13.3724
13.3724
14.0444
14.0444
14.0444
14.0444
14.0444
14.0444
14.0444
14.0444
14.8463
14.8463
14.8463
14.8463
14.8463
14.8463
14.8463
14.8463
15.7599
15.7599
15.7599
15.7599
15.7599
15.7599
15.7599
15.7599
16.753
16.753
16.753
16.753
16.753
16.753
16.753
16.753
17.7767
17.7767
17.7767
17.7767
17.7767
17.7767
17.7767
17.7767
18.7658
18.7658
18.7658
18.7658
18.7658
18.7658
18.7658
18.7658
19.6416
19.6416
19.6416
19.6416
19.6416
19.6416
19.6416
19.6416
12.3937
12.3937
12.3937
12.3937
12.3937
12.3937
12.3937
12.3937
12.1815
12.1815
12.1815
12.1815
12.1815
12.1815
12.1815
12.1815
12.0397
12.0397
12.0397
12.0397
12.0397
12.0397
12.0397
12.0397
11.9818
11.9818
11.9818
11.9818
11.9818
11.9818
11.9818
11.9818
12.0208
12.0208
12.0208
12.0208
12.0208
12.0208
12.0208
12.0208
12.1693
12.1693
12.1693
12.1693
12.1693
12.1693
12.1693
12.1693
12.4383
12.4383
12.4383
12.4383
12.4383
12.4383
12.4383
12.4383
12.8373
12.8373
12.8373
12.8373
12.8373
12.8373
12.8373
12.8373
13.3724
13.3724
13.3724
13.3724
13.3724
13.3724
13.3724
13.3724
14.0444
14.0444
14.0444
14.0444
14.0444
14.0444
14.0444
14.0444
14.8463
14.8463
14.8463
14.8463
14.8463
14.8463
14.8463
14.8463
15.7599
15.7599
15.7599
15.7599
15.7599
15.7599
15.7599
15.7599
16.753
16.753
16.753
16.753
16.753
16.753
16.753
16.753
17.7767
17.7767
17.7767
17.7767
17.7767
17.7767
17.7767
17.7767
18.7658
18.7658
18.7658
18.7658
18.7658
18.7658
18.7658
18.7658
19.6416
19.6416
19.6416
19.6416
19.6416
19.6416
19.6416
19.6416
12.3937
12.3937
12.3937
12.3937
12.3937
12.3937
12.3937
12.3937
12.1815
12.1815
12.1815
12.1815
12.1815
12.1815
12.1815
12.1815
12.0397
12.0397
12.0397
12.0397
12.0397
12.0397
12.0397
12.0397
11.9818
11.9818
11.9818
11.9818
11.9818
11.9818
11.9818
11.9818
12.0208
12.0208
12.0208
12.0208
12.0208
12.0208
12.0208
12.0208
12.1693
12.1693
12.1693
12.1693
12.1693
12.1693
12.1693
12.1693
12.4383
12.4383
12.4383
12.4383
12.4383
12.4383
12.4383
12.4383
12.8373
12.8373
12.8373
12.8373
12.8373
12.8373
12.8373
12.8373
13.3724
13.3724
13.3724
13.3724
13.3724
13.3724
13.3724
13.3724
14.0444
14.0444
14.0444
14.0444
14.0444
14.0444
14.0444
14.0444
14.8463
14.8463
14.8463
14.8463
14.8463
14.8463
14.8463
14.8463
15.7599
15.7599
15.7599
15.7599
15.7599
15.7599
15.7599
15.7599
16.753
16.753
16.753
16.753
16.753
16.753
16.753
16.753
17.7767
17.7767
17.7767
17.7767
17.7767
17.7767
17.7767
17.7767
18.7658
18.7658
18.7658
18.7658
18.7658
18.7658
18.7658
18.7658
19.6416
19.6416
19.6416
19.6416
19.6416
19.6416
19.6416
19.6416
12.252
12.252
12.252
12.252
12.252
12.252
12.252
12.252
11.988
11.988
11.988
11.988
11.988
11.988
11.988
11.988
11.7807
11.7807
11.7807
11.7807
11.7807
11.7807
11.7807
11.7807
11.6439
11.6439
11.6439
11.6439
11.6439
11.6439
11.6439
11.6439
11.5918
11.5918
11.5918
11.5918
11.5918
11.5918
11.5918
11.5918
11.6379
11.6379
11.6379
11.6379
11.6379
11.6379
11.6379
11.6379
11.7947
11.7947
11.7947
11.7947
11.7947
11.7947
11.7947
11.7947
12.0732
12.0732
12.0732
12.0732
12.0732
12.0732
12.0732
12.0732
12.4813
12.4813
12.4813
12.4813
12.4813
12.4813
12.4813
12.4813
13.0231
13.0231
13.0231
13.0231
13.0231
13.0231
13.0231
13.0231
13.6961
13.6961
13.6961
13.6961
13.6961
13.6961
13.6961
13.6961
14.4886
14.4886
14.4886
14.4886
14.4886
14.4886
14.4886
14.4886
15.3767
15.3767
15.3767
15.3767
15.3767
15.3767
15.3767
15.3767
16.3215
16.3215
16.3215
16.3215
16.3215
16.3215
16.3215
16.3215
17.2679
17.2679
17.2679
17.2679
17.2679
17.2679
17.2679
17.2679
18.146
18.146
18.146
18.146
18.146
18.146
18.146
18.146
12.252
12.252
12.252
12.252
12.252
12.252
12.252
12.252
11.988
11.988
11.988
11.988
11.988
11.988
11.988
11.988
11.7807
11.7807
11.7807
11.7807
11.7807
11.7807
11.7807
11.7807
11.6439
11.6439
11.6439
11.6439
11.6439
11.6439
11.6439
11.6439
11.5918
11.5918
11.5918
11.5918
11.5918
11.5918
11.5918
11.5918
11.6379
11.6379
11.6379
11.6379
11.6379
11.6379
11.6379
11.6379
11.7947
11.7947
11.7947
11.7947
11.7947
11.7947
11.7947
11.7947
12.0732
12.0732
12.0732
12.0732
12.0732
12.0732
12.0732
12.0732
12.4813
12.4813
12.4813
12.4813
12.4813
12.4813
12.4813
12.4813
13.0231
13.0231
13.0231
13.0231
13.0231
13.0231
13.0231
13.0231
13.6961
13.6961
13.6961
13.6961
13.6961
13.6961
13.6961
13.6961
14.4886
14.4886
14.4886
14.4886
14.4886
14.4886
14.4886
14.4886
15.3767
15.3767
15.3767
15.3767
15.3767
15.3767
15.3767
15.3767
16.3215
16.3215
16.3215
16.3215
16.3215
16.3215
16.3215
16.3215
17.2679
17.2679
17.2679
17.2679
17.2679
17.2679
17.2679
17.2679
18.146
18.146
18.146
18.146
18.146
18.146
18.146
18.146
12.252
12.252
12.252
12.252
12.252
12.252
12.252
12.252
11.988
11.988
11.988
11.988
11.988
11.988
11.988
11.988
11.7807
11.7807
11.7807
11.7807
11.7807
11.7807
11.7807
11.7807
11.6439
11.6439
11.6439
11.6439
11.6439
11.6439
11.6439
11.6439
11.5918
11.5918
11.5918
11.5918
11.5918
11.5918
11.5918
11.5918
11.6379
11.6379
11.6379
11.6379
11.6379
11.6379
11.6379
11.6379
11.7947
11.7947
11.7947
11.7947
11.7947
11.7947
11.7947
11.7947
12.0732
12.0732
12.0732
12.0732
12.0732
12.0732
12.0732
12.0732
12.4813
12.4813
12.4813
12.4813
12.4813
12.4813
12.4813
12.4813
13.0231
13.0231
13.0231
13.0231
13.0231
13.0231
13.0231
13.0231
13.6961
13.6961
13.6961
13.6961
13.6961
13.6961
13.6961
13.6961
14.4886
14.4886
14.4886
14.4886
14.4886
14.4886
14.4886
14.4886
15.3767
15.3767
15.3767
15.3767
15.3767
15.3767
15.3767
15.3767
16.3215
16.3215
16.3215
16.3215
16.3215
16.3215
16.3215
16.3215
17.2679
17.2679
17.2679
17.2679
17.2679
17.2679
17.2679
17.2679
18.146
18.146
18.146
18.146
18.146
18.146
18.146
18.146
12.252
12.252
12.252
12.252
12.252
12.252
12.252
12.252
11.988
11.988
11.988
11.988
11.988
11.988
11.988
11.988
11.7807
11.7807
11.7807
11.7807
11.7807
11.7807
11.7807
11.7807
11.6439
11.6439
11.6439
11.6439
11.6439
11.6439
11.6439
11.6439
11.5918
11.5918
11.5918
11.5918
11.5918
11.5918
11.5918
11.5918
11.6379
11.6379
11.6379
11.6379
11.6379
11.6379
11.6379
11.6379
11.7947
11.7947
11.7947
11.7947
11.7947
11.7947
11.7947
11.7947
12.0732
12.0732
12.0732
12.0732
12.0732
12.0732
12.0732
12.0732
12.4813
12.4813
12.4813
12.4813
12.4813
12.4813
12.4813
12.4813
13.0231
13.0231
13.0231
13.0231
13.0231
13.0231
13.0231
13.0231
13.6961
13.6961
13.6961
13.6961
13.6961
13.6961
13.6961
13.6961
14.4886
14.4886
14.4886
14.4886
14.4886
14.4886
14.4886
14.4886
15.3767
15.3767
15.3767
15.3767
15.3767
15.3767
15.3767
15.3767
16.3215
16.3215
16.3215
16.3215
16.3215
16.3215
16.3215
16.3215
17.2679
17.2679
17.2679
17.2679
17.2679
17.2679
17.2679
17.2679
18.146
18.146
18.146
18.146
18.146
18.146
18.146
18.146
