8192
68.2434
68.2434
68.2434
68.2434
68.2434
68.2434
68.2434
68.2434
68.6484
68.6484
68.6484
68.6484
68.6484
68.6484
68.6484
68.6484
69.4969
69.4969
69.4969
69.4969
69.4969
69.4969
69.4969
69.4969
70.9105
70.9105
70.9105
70.9105
70.9105
70.9105
70.9105
70.9105
72.9744
72.9744
72.9744
72.9744
72.9744
72.9744
72.9744
72.9744
75.732
75.732
75.732
75.732
75.732
75.732
75.732
75.732
79.1796
79.1796
79.1796
79.1796
79.1796
79.1796
79.1796
79.1796
83.2557
83.2557
83.2557
83.2557
83.2557
83.2557
83.2557
83.2557
87.8297
87.8297
87.8297
87.8297
87.8297
87.8297
87.8297
87.8297
92.6961
92.6961
92.6961
92.6961
92.6961
92.6961
92.6961
92.6961
97.5729
97.5729
97.5729
97.5729
97.5729
97.5729
97.5729
97.5729
102.115
102.115
102.115
102.115
102.115
102.115
102.115
102.115
105.946
105.946
105.946
105.946
105.946
105.946
105.946
105.946
108.7
108.7
108.7
108.7
108.7
108.7
108.7
108.7
110.084
110.084
110.084
110.084
110.084
110.084
110.084
110.084
109.921
109.921
109.921
109.921
109.921
109.921
109.921
109.921
68.2434
68.2434
68.2434
68.2434
68.2434
68.2434
68.2434
68.2434
68.6484
68.6484
68.6484
68.6484
68.6484
68.6484
68.6484
68.6484
69.4969
69.4969
69.4969
69.4969
69.4969
69.4969
69.4969
69.4969
70.9105
70.9105
70.9105
70.9105
70.9105
70.9105
70.9105
70.9105
72.9744
72.9744
72.9744
72.9744
72.9744
72.9744
72.9744
72.9744
75.732
75.732
75.732
75.732
75.732
75.732
75.732
75.732
79.1796
79.1796
79.1796
79.1796
79.1796
79.1796
79.1796
79.1796
83.2557
83.2557
83.2557
83.2557
83.2557
83.2557
83.2557
83.2557
87.8297
87.8297
87.8297
87.8297
87.8297
87.8297
87.8297
87.8297
92.6961
92.6961
92.6961
92.6961
92.6961
92.6961
92.6961
92.6961
97.5729
97.5729
97.5729
97.5729
97.5729
97.5729
97.5729
97.5729
102.115
102.115
102.115
102.115
102.115
102.115
102.115
102.115
105.946
105.946
105.946
105.946
105.946
105.946
105.946
105.946
108.7
108.7
108.7
108.7
108.7
108.7
108.7
108.7
110.084
110.084
110.084
110.084
110.084
110.084
110.084
110.084
109.921
109.921
109.921
109.921
109.921
109.921
109.921
109.921
68.2434
68.2434
68.2434
68.2434
68.2434
68.2434
68.2434
68.2434
68.6484
68.6484
68.6484
68.6484
68.6484
68.6484
68.6484
68.6484
69.4969
69.4969
69.4969
69.4969
69.4969
69.4969
69.4969
69.4969
70.9105
70.9105
70.9105
70.9105
70.9105
70.9105
70.9105
70.9105
72.9744
72.9744
72.9744
72.9744
72.9744
72.9744
72.9744
72.9744
75.732
75.732
75.732
75.732
75.732
75.732
75.732
75.732
79.1796
79.1796
79.1796
79.1796
79.1796
79.1796
79.1796
79.1796
83.2557
83.2557
83.2557
83.2557
83.2557
83.2557
83.2557
83.2557
87.8297
87.8297
87.8297
87.8297
87.8297
87.8297
87.8297
87.8297
92.6961
92.6961
92.6961
92.6961
92.6961
92.6961
92.6961
92.6961
97.5729
97.5729
97.5729
97.5729
97.5729
97.5729
97.5729
97.5729
102.115
102.115
102.115
102.115
102.115
102.115
102.115
102.115
105.946
105.946
105.946
105.946
105.946
105.946
105.946
105.946
108.7
108.7
108.7
108.7
108.7
108.7
108.7
108.7
110.084
110.084
110.084
110.084
110.084
110.084
110.084
110.084
109.921
109.921
109.921
109.921
109.921
109.921
109.921
109.921
68.2434
68.2434
68.2434
68.2434
68.2434
68.2434
68.2434
68.2434
68.6484
68.6484
68.6484
68.6484
68.6484
68.6484
68.6484
68.6484
69.4969
69.4969
69.4969
69.4969
69.4969
69.4969
69.4969
69.4969
70.9105
70.9105
70.9105
70.9105
70.9105
70.9105
70.9105
70.9105
72.9744
72.9744
72.9744
72.9744
72.9744
72.9744
72.9744
72.9744
75.732
75.732
75.732
75.732
75.732
75.732
75.732
75.732
79.1796
79.1796
79.1796
79.1796
79.1796
79.1796
79.1796
79.1796
83.2557
83.2557
83.2557
83.2557
83.2557
83.2557
83.2557
83.2557
87.8297
87.8297
87.8297
87.8297
87.8297
87.8297
87.8297
87.8297
92.6961
92.6961
92.6961
92.6961
92.6961
92.6961
92.6961
92.6961
97.5729
97.5729
97.5729
97.5729
97.5729
97.5729
97.5729
97.5729
102.115
102.115
102.115
102.115
102.115
102.115
102.115
102.115
105.946
105.946
105.946
105.946
105.946
105.946
105.946
105.946
108.7
108.7
108.7
108.7
108.7
108.7
108.7
108.7
110.084
110.084
110.084
110.084
110.084
110.084
110.084
110.084
109.921
109.921
109.921
109.921
109.921
109.921
109.921
109.921
62.3738
62.3738
62.3738
62.3738
62.3738
62.3738
62.3738
62.3738
62.4847
62.4847
62.4847
62.4847
62.4847
62.4847
62.4847
62.4847
62.9678
62.9678
62.9678
62.9678
62.9678
62.9678
62.9678
62.9678
63.9416
63.9416
63.9416
63.9416
63.9416
63.9416
63.9416
63.9416
65.4907
65.4907
65.4907
65.4907
65.4907
65.4907
65.4907
65.4907
67.6619
67.6619
67.6619
67.6619
67.6619
67.6619
67.6619
67.6619
70.4589
70.4589
70.4589
70.4589
70.4589
70.4589
70.4589
70.4589
73.8364
73.8364
73.8364
73.8364
73.8364
73.8364
73.8364
73.8364
77.6896
77.6896
77.6896
77.6896
77.6896
77.6896
77.6896
77.6896
81.8469
81.8469
81.8469
81.8469
81.8469
81.8469
81.8469
81.8469
86.0684
86.0684
86.0684
86.0684
86.0684
86.0684
86.0684
86.0684
90.057
90.057
90.057
90.057
90.057
90.057
90.057
90.057
93.4794
93.4794
93.4794
93.4794
93.4794
93.4794
93.4794
93.4794
96.008
96.008
96.008
96.008
96.008
96.008
96.008
96.008
97.3662
97.3662
97.3662
97.3662
97.3662
97.3662
97.3662
97.3662
97.378
97.378
97.378
97.378
97.378
97.378
97.378
97.378
62.3738
62.3738
62.3738
62.3738
62.3738
62.3738
62.3738
62.3738
62.4847
62.4847
62.4847
62.4847
62.4847
62.4847
62.4847
62.4847
62.9678
62.9678
62.9678
62.9678
62.9678
62.9678
62.9678
62.9678
63.9416
63.9416
63.9416
63.9416
63.9416
63.9416
63.9416
63.9416
65.4907
65.4907
65.4907
65.4907
65.4907
65.4907
65.4907
65.4907
67.6619
67.6619
67.6619
67.6619
67.6619
67.6619
67.6619
67.6619
70.4589
70.4589
70.4589
70.4589
70.4589
70.4589
70.4589
70.4589
73.8364
73.8364
73.8364
73.8364
73.8364
73.8364
73.8364
73.8364
77.6896
77.6896
77.6896
77.6896
77.6896
77.6896
77.6896
77.6896
81.8469
81.8469
81.8469
81.8469
81.8469
81.8469
81.8469
81.8469
86.0684
86.0684
86.0684
86.0684
86.0684
86.0684
86.0684
86.0684
90.057
90.057
90.057
90.057
90.057
90.057
90.057
90.057
93.4794
93.4794
93.4794
93.4794
93.4794
93.4794
93.4794
93.4794
96.008
96.008
96.008
96.008
96.008
96.008
96.008
96.008
97.3662
97.3662
97.3662
97.3662
97.3662
97.3662
97.3662
97.3662
97.378
97.378
97.378
97.378
97.378
97.378
97.378
97.378
62.3738
62.3738
62.3738
62.3738
62.3738
62.3738
62.3738
62.3738
62.4847
62.4847
62.4847
62.4847
62.4847
62.4847
62.4847
62.4847
62.9678
62.9678
62.9678
62.9678
62.9678
62.9678
62.9678
62.9678
63.9416
63.9416
63.9416
63.9416
63.9416
63.9416
63.9416
63.9416
65.4907
65.4907
65.4907
65.4907
65.4907
65.4907
65.4907
65.4907
67.6619
67.6619
67.6619
67.6619
67.6619
67.6619
67.6619
67.6619
70.4589
70.4589
70.4589
70.4589
70.4589
70.4589
70.4589
70.4589
73.8364
73.8364
73.8364
73.8364
73.8364
73.8364
73.8364
73.8364
77.6896
77.6896
77.6896
77.6896
77.6896
77.6896
77.6896
77.6896
81.8469
81.8469
81.8469
81.8469
81.8469
81.8469
81.8469
81.8469
86.0684
86.0684
86.0684
86.0684
86.0684
86.0684
86.0684
86.0684
90.057
90.057
90.057
90.057
90.057
90.057
90.057
90.057
93.4794
93.4794
93.4794
93.4794
93.4794
93.4794
93.4794
93.4794
96.008
96.008
96.008
96.008
96.008
96.008
96.008
96.008
97.3662
97.3662
97.3662
97.3662
97.3662
97.3662
97.3662
97.3662
97.378
97.378
97.378
97.378
97.378
97.378
97.378
97.378
62.3738
62.3738
62.3738
62.3738
62.3738
62.3738
62.3738
62.3738
62.4847
62.4847
62.4847
62.4847
62.4847
62.4847
62.4847
62.4847
62.9678
62.9678
62.9678
62.9678
62.9678
62.9678
62.9678
62.9678
63.9416
63.9416
63.9416
63.9416
63.9416
63.9416
63.9416
63.9416
65.4907
65.4907
65.4907
65.4907
65.4907
65.4907
65.4907
65.4907
67.6619
67.6619
67.6619
67.6619
67.6619
67.6619
67.6619
67.6619
70.4589
70.4589
70.4589
70.4589
70.4589
70.4589
70.4589
70.4589
73.8364
73.8364
73.8364
73.8364
73.8364
73.8364
73.8364
73.8364
77.6896
77.6896
77.6896
77.6896
77.6896
77.6896
77.6896
77.6896
81.8469
81.8469
81.8469
81.8469
81.8469
81.8469
81.8469
81.8469
86.0684
86.0684
86.0684
86.0684
86.0684
86.0684
86.0684
86.0684
90.057
90.057
90.057
90.057
90.057
90.057
90.057
90.057
93.4794
93.4794
93.4794
93.4794
93.4794
93.4794
93.4794
93.4794
96.008
96.008
96.008
96.008
96.008
96.008
96.008
96.008
97.3662
97.3662
97.3662
97.3662
97.3662
97.3662
97.3662
97.3662
97.378
97.378
97.378
97.378
97.378
97.378
97.378
97.378
56.9124
56.9124
56.9124
56.9124
56.9124
56.9124
56.9124
56.9124
56.7857
56.7857
56.7857
56.7857
56.7857
56.7857
56.7857
56.7857
56.9684
56.9684
56.9684
56.9684
56.9684
56.9684
56.9684
56.9684
57.5755
57.5755
57.5755
57.5755
57.5755
57.5755
57.5755
57.5755
58.6891
58.6891
58.6891
58.6891
58.6891
58.6891
58.6891
58.6891
60.3578
60.3578
60.3578
60.3578
60.3578
60.3578
60.3578
60.3578
62.5915
62.5915
62.5915
62.5915
62.5915
62.5915
62.5915
62.5915
65.3565
65.3565
65.3565
65.3565
65.3565
65.3565
65.3565
65.3565
68.5684
68.5684
68.5684
68.5684
68.5684
68.5684
68.5684
68.5684
72.0849
72.0849
72.0849
72.0849
72.0849
72.0849
72.0849
72.0849
75.7033
75.7033
75.7033
75.7033
75.7033
75.7033
75.7033
75.7033
79.167
79.167
79.167
79.167
79.167
79.167
79.167
79.167
82.1851
82.1851
82.1851
82.1851
82.1851
82.1851
82.1851
82.1851
84.4644
84.4644
84.4644
84.4644
84.4644
84.4644
84.4644
84.4644
85.7507
85.7507
85.7507
85.7507
85.7507
85.7507
85.7507
85.7507
85.8736
85.8736
85.8736
85.8736
85.8736
85.8736
85.8736
85.8736
56.9124
56.9124
56.9124
56.9124
56.9124
56.9124
56.9124
56.9124
56.7857
56.7857
56.7857
56.7857
56.7857
56.7857
56.7857
56.7857
56.9684
56.9684
56.9684
56.9684
56.9684
56.9684
56.9684
56.9684
57.5755
57.5755
57.5755
57.5755
57.5755
57.5755
57.5755
57.5755
58.6891
58.6891
58.6891
58.6891
58.6891
58.6891
58.6891
58.6891
60.3578
60.3578
60.3578
60.3578
60.3578
60.3578
60.3578
60.3578
62.5915
62.5915
62.5915
62.5915
62.5915
62.5915
62.5915
62.5915
65.3565
65.3565
65.3565
65.3565
65.3565
65.3565
65.3565
65.3565
68.5684
68.5684
68.5684
68.5684
68.5684
68.5684
68.5684
68.5684
72.0849
72.0849
72.0849
72.0849
72.0849
72.0849
72.0849
72.0849
75.7033
75.7033
75.7033
75.7033
75.7033
75.7033
75.7033
75.7033
79.167
79.167
79.167
79.167
79.167
79.167
79.167
79.167
82.1851
82.1851
82.1851
82.1851
82.1851
82.1851
82.1851
82.1851
84.4644
84.4644
84.4644
84.4644
84.4644
84.4644
84.4644
84.4644
85.7507
85.7507
85.7507
85.7507
85.7507
85.7507
85.7507
85.7507
85.8736
85.8736
85.8736
85.8736
85.8736
85.8736
85.8736
85.8736
56.9124
56.9124
56.9124
56.9124
56.9124
56.9124
56.9124
56.9124
56.7857
56.7857
56.7857
56.7857
56.7857
56.7857
56.7857
56.7857
56.9684
56.9684
56.9684
56.9684
56.9684
56.9684
56.9684
56.9684
57.5755
57.5755
57.5755
57.5755
57.5755
57.5755
57.5755
57.5755
58.6891
58.6891
58.6891
58.6891
58.6891
58.6891
58.6891
58.6891
60.3578
60.3578
60.3578
60.3578
60.3578
60.3578
60.3578
60.3578
62.5915
62.5915
62.5915
62.5915
62.5915
62.5915
62.5915
62.5915
65.3565
65.3565
65.3565
65.3565
65.3565
65.3565
65.3565
65.3565
68.5684
68.5684
68.5684
68.5684
68.5684
68.5684
68.5684
68.5684
72.0849
72.0849
72.0849
72.0849
72.0849
72.0849
72.0849
72.0849
75.7033
75.7033
75.7033
75.7033
75.7033
75.7033
75.7033
75.7033
79.167
79.167
79.167
79.167
79.167
79.167
79.167
79.167
82.1851
82.1851
82.1851
82.1851
82.1851
82.1851
82.1851
82.1851
84.4644
84.4644
84.4644
84.4644
84.4644
84.4644
84.4644
84.4644
85.7507
85.7507
85.7507
85.7507
85.7507
85.7507
85.7507
85.7507
85.8736
85.8736
85.8736
85.8736
85.8736
85.8736
85.8736
85.8736
56.9124
56.9124
56.9124
56.9124
56.9124
56.9124
56.9124
56.9124
56.7857
56.7857
56.7857
56.7857
56.7857
56.7857
56.7857
56.7857
56.9684
56.9684
56.9684
56.9684
56.9684
56.9684
56.9684
56.9684
57.5755
57.5755
57.5755
57.5755
57.5755
57.5755
57.5755
57.5755
58.6891
58.6891
58.6891
58.6891
58.6891
58.6891
58.6891
58.6891
60.3578
60.3578
60.3578
60.3578
60.3578
60.3578
60.3578
60.3578
62.5915
62.5915
62.5915
62.5915
62.5915
62.5915
62.5915
62.5915
65.3565
65.3565
65.3565
65.3565
65.3565
65.3565
65.3565
65.3565
68.5684
68.5684
68.5684
68.5684
68.5684
68.5684
68.5684
68.5684
72.0849
72.0849
72.0849
72.0849
72.0849
72.0849
72.0849
72.0849
75.7033
75.7033
75.7033
75.7033
75.7033
75.7033
75.7033
75.7033
79.167
79.167
79.167
79.167
79.167
79.167
79.167
79.167
82.1851
82.1851
82.1851
82.1851
82.1851
82.1851
82.1851
82.1851
84.4644
84.4644
84.4644
84.4644
84.4644
84.4644
84.4644
84.4644
85.7507
85.7507
85.7507
85.7507
85.7507
85.7507
85.7507
85.7507
85.8736
85.8736
85.8736
85.8736
85.8736
85.8736
85.8736
85.8736
51.9517
51.9517
51.9517
51.9517
51.9517
51.9517
51.9517
51.9517
51.6561
51.6561
51.6561
51.6561
51.6561
51.6561
51.6561
51.6561
51.6161
51.6161
51.6161
51.6161
51.6161
51.6161
51.6161
51.6161
51.943
51.943
51.943
51.943
51.943
51.943
51.943
51.943
52.7175
52.7175
52.7175
52.7175
52.7175
52.7175
52.7175
52.7175
53.9879
53.9879
53.9879
53.9879
53.9879
53.9879
53.9879
53.9879
55.7692
55.7692
55.7692
55.7692
55.7692
55.7692
55.7692
55.7692
58.0368
58.0368
58.0368
58.0368
58.0368
58.0368
58.0368
58.0368
60.7227
60.7227
60.7227
60.7227
60.7227
60.7227
60.7227
60.7227
63.708
63.708
63.708
63.708
63.708
63.708
63.708
63.708
66.8197
66.8197
66.8197
66.8197
66.8197
66.8197
66.8197
66.8197
69.8369
69.8369
69.8369
69.8369
69.8369
69.8369
69.8369
69.8369
72.5034
72.5034
72.5034
72.5034
72.5034
72.5034
72.5034
72.5034
74.5575
74.5575
74.5575
74.5575
74.5575
74.5575
74.5575
74.5575
75.7662
75.7662
75.7662
75.7662
75.7662
75.7662
75.7662
75.7662
75.9645
75.9645
75.9645
75.9645
75.9645
75.9645
75.9645
75.9645
51.9517
51.9517
51.9517
51.9517
51.9517
51.9517
51.9517
51.9517
51.6561
51.6561
51.6561
51.6561
51.6561
51.6561
51.6561
51.6561
51.6161
51.6161
51.6161
51.6161
51.6161
51.6161
51.6161
51.6161
51.943
51.943
51.943
51.943
51.943
51.943
51.943
51.943
52.7175
52.7175
52.7175
52.7175
52.7175
52.7175
52.7175
52.7175
53.9879
53.9879
53.9879
53.9879
53.9879
53.9879
53.9879
53.9879
55.7692
55.7692
55.7692
55.7692
55.7692
55.7692
55.7692
55.7692
58.0368
58.0368
58.0368
58.0368
58.0368
58.0368
58.0368
58.0368
60.7227
60.7227
60.7227
60.7227
60.7227
60.7227
60.7227
60.7227
63.708
63.708
63.708
63.708
63.708
63.708
63.708
63.708
66.8197
66.8197
66.8197
66.8197
66.8197
66.8197
66.8197
66.8197
69.8369
69.8369
69.8369
69.8369
69.8369
69.8369
69.8369
69.8369
72.5034
72.5034
72.5034
72.5034
72.5034
72.5034
72.5034
72.5034
74.5575
74.5575
74.5575
74.5575
74.5575
74.5575
74.5575
74.5575
75.7662
75.7662
75.7662
75.7662
75.7662
75.7662
75.7662
75.7662
75.9645
75.9645
75.9645
75.9645
75.9645
75.9645
75.9645
75.9645
51.9517
51.9517
51.9517
51.9517
51.9517
51.9517
51.9517
51.9517
51.6561
51.6561
51.6561
51.6561
51.6561
51.6561
51.6561
51.6561
51.6161
51.6161
51.6161
51.6161
51.6161
51.6161
51.6161
51.6161
51.943
51.943
51.943
51.943
51.943
51.943
51.943
51.943
52.7175
52.7175
52.7175
52.7175
52.7175
52.7175
52.7175
52.7175
53.9879
53.9879
53.9879
53.9879
53.9879
53.9879
53.9879
53.9879
55.7692
55.7692
55.7692
55.7692
55.7692
55.7692
55.7692
55.7692
58.0368
58.0368
58.0368
58.0368
58.0368
58.0368
58.0368
58.0368
60.7227
60.7227
60.7227
60.7227
60.7227
60.7227
60.7227
60.7227
63.708
63.708
63.708
63.708
63.708
63.708
63.708
63.708
66.8197
66.8197
66.8197
66.8197
66.8197
66.8197
66.8197
66.8197
69.8369
69.8369
69.8369
69.8369
69.8369
69.8369
69.8369
69.8369
72.5034
72.5034
72.5034
72.5034
72.5034
72.5034
72.5034
72.5034
74.5575
74.5575
74.5575
74.5575
74.5575
74.5575
74.5575
74.5575
75.7662
75.7662
75.7662
75.7662
75.7662
75.7662
75.7662
75.7662
75.9645
75.9645
75.9645
75.9645
75.9645
75.9645
75.9645
75.9645
51.9517
51.9517
51.9517
51.9517
51.9517
51.9517
51.9517
51.9517
51.6561
51.6561
51.6561
51.6561
51.6561
51.6561
51.6561
51.6561
51.6161
51.6161
51.6161
51.6161
51.6161
51.6161
51.6161
51.6161
51.943
51.943
51.943
51.943
51.943
51.943
51.943
51.943
52.7175
52.7175
52.7175
52.7175
52.7175
52.7175
52.7175
52.7175
53.9879
53.9879
53.9879
53.9879
53.9879
53.9879
53.9879
53.9879
55.7692
55.7692
55.7692
55.7692
55.7692
55.7692
55.7692
55.7692
58.0368
58.0368
58.0368
58.0368
58.0368
58.0368
58.0368
58.0368
60.7227
60.7227
60.7227
60.7227
60.7227
60.7227
60.7227
60.7227
63.708
63.708
63.708
63.708
63.708
63.708
63.708
63.708
66.8197
66.8197
66.8197
66.8197
66.8197
66.8197
66.8197
66.8197
69.8369
69.8369
69.8369
69.8369
69.8369
69.8369
69.8369
69.8369
72.5034
72.5034
72.5034
72.5034
72.5034
72.5034
72.5034
72.5034
74.5575
74.5575
74.5575
74.5575
74.5575
74.5575
74.5575
74.5575
75.7662
75.7662
75.7662
75.7662
75.7662
75.7662
75.7662
75.7662
75.9645
75.9645
75.9645
75.9645
75.9645
75.9645
75.9645
75.9645
47.5173
47.5173
47.5173
47.5173
47.5173
47.5173
47.5173
47.5173
47.1236
47.1236
47.1236
47.1236
47.1236
47.1236
47.1236
47.1236
46.941
46.941
46.941
46.941
46.941
46.941
46.941
46.941
47.0772
47.0772
47.0772
47.0772
47.0772
47.0772
47.0772
47.0772
47.6109
47.6109
47.6109
47.6109
47.6109
47.6109
47.6109
47.6109
48.5912
48.5912
48.5912
48.5912
48.5912
48.5912
48.5912
48.5912
50.0361
50.0361
50.0361
50.0361
50.0361
50.0361
50.0361
50.0361
51.9293
51.9293
51.9293
51.9293
51.9293
51.9293
51.9293
51.9293
54.2154
54.2154
54.2154
54.2154
54.2154
54.2154
54.2154
54.2154
56.7936
56.7936
56.7936
56.7936
56.7936
56.7936
56.7936
56.7936
59.5158
59.5158
59.5158
59.5158
59.5158
59.5158
59.5158
59.5158
62.1877
62.1877
62.1877
62.1877
62.1877
62.1877
62.1877
62.1877
64.5826
64.5826
64.5826
64.5826
64.5826
64.5826
64.5826
64.5826
66.4635
66.4635
66.4635
66.4635
66.4635
66.4635
66.4635
66.4635
67.6145
67.6145
67.6145
67.6145
67.6145
67.6145
67.6145
67.6145
67.877
67.877
67.877
67.877
67.877
67.877
67.877
67.877
47.5173
47.5173
47.5173
47.5173
47.5173
47.5173
47.5173
47.5173
47.1236
47.1236
47.1236
47.1236
47.1236
47.1236
47.1236
47.1236
46.941
46.941
46.941
46.941
46.941
46.941
46.941
46.941
47.0772
47.0772
47.0772
47.0772
47.0772
47.0772
47.0772
47.0772
47.6109
47.6109
47.6109
47.6109
47.6109
47.6109
47.6109
47.6109
48.5912
48.5912
48.5912
48.5912
48.5912
48.5912
48.5912
48.5912
50.0361
50.0361
50.0361
50.0361
50.0361
50.0361
50.0361
50.0361
51.9293
51.9293
51.9293
51.9293
51.9293
51.9293
51.9293
51.9293
54.2154
54.2154
54.2154
54.2154
54.2154
54.2154
54.2154
54.2154
56.7936
56.7936
56.7936
56.7936
56.7936
56.7936
56.7936
56.7936
59.5158
59.5158
59.5158
59.5158
59.5158
59.5158
59.5158
59.5158
62.1877
62.1877
62.1877
62.1877
62.1877
62.1877
62.1877
62.1877
64.5826
64.5826
64.5826
64.5826
64.5826
64.5826
64.5826
64.5826
66.4635
66.4635
66.4635
66.4635
66.4635
66.4635
66.4635
66.4635
67.6145
67.6145
67.6145
67.6145
67.6145
67.6145
67.6145
67.6145
67.877
67.877
67.877
67.877
67.877
67.877
67.877
67.877
47.5173
47.5173
47.5173
47.5173
47.5173
47.5173
47.5173
47.5173
47.1236
47.1236
47.1236
47.1236
47.1236
47.1236
47.1236
47.1236
46.941
46.941
46.941
46.941
46.941
46.941
46.941
46.941
47.0772
47.0772
47.0772
47.0772
47.0772
47.0772
47.0772
47.0772
47.6109
47.6109
47.6109
47.6109
47.6109
47.6109
47.6109
47.6109
48.5912
48.5912
48.5912
48.5912
48.5912
48.5912
48.5912
48.5912
50.0361
50.0361
50.0361
50.0361
50.0361
50.0361
50.0361
50.0361
51.9293
51.9293
51.9293
51.9293
51.9293
51.9293
51.9293
51.9293
54.2154
54.2154
54.2154
54.2154
54.2154
54.2154
54.2154
54.2154
56.7936
56.7936
56.7936
56.7936
56.7936
56.7936
56.7936
56.7936
59.5158
59.5158
59.5158
59.5158
59.5158
59.5158
59.5158
59.5158
62.1877
62.1877
62.1877
62.1877
62.1877
62.1877
62.1877
62.1877
64.5826
64.5826
64.5826
64.5826
64.5826
64.5826
64.5826
64.5826
66.4635
66.4635
66.4635
66.4635
66.4635
66.4635
66.4635
66.4635
67.6145
67.6145
67.6145
67.6145
67.6145
67.6145
67.6145
67.6145
67.877
67.877
67.877
67.877
67.877
67.877
67.877
67.877
47.5173
47.5173
47.5173
47.5173
47.5173
47.5173
47.5173
47.5173
47.1236
47.1236
47.1236
47.1236
47.1236
47.1236
47.1236
47.1236
46.941
46.941
46.941
46.941
46.941
46.941
46.941
46.941
47.0772
47.0772
47.0772
47.0772
47.0772
47.0772
47.0772
47.0772
47.6109
47.6109
47.6109
47.6109
47.6109
47.6109
47.6109
47.6109
48.5912
48.5912
48.5912
48.5912
48.5912
48.5912
48.5912
48.5912
50.0361
50.0361
50.0361
50.0361
50.0361
50.0361
50.0361
50.0361
51.9293
51.9293
51.9293
51.9293
51.9293
51.9293
51.9293
51.9293
54.2154
54.2154
54.2154
54.2154
54.2154
54.2154
54.2154
54.2154
56.7936
56.7936
56.7936
56.7936
56.7936
56.7936
56.7936
56.7936
59.5158
59.5158
59.5158
59.5158
59.5158
59.5158
59.5158
59.5158
62.1877
62.1877
62.1877
62.1877
62.1877
62.1877
62.1877
62.1877
64.5826
64.5826
64.5826
64.5826
64.5826
64.5826
64.5826
64.5826
66.4635
66.4635
66.4635
66.4635
66.4635
66.4635
66.4635
66.4635
67.6145
67.6145
67.6145
67.6145
67.6145
67.6145
67.6145
67.6145
67.877
67.877
67.877
67.877
67.877
67.877
67.877
67.877
43.5844
43.5844
43.5844
43.5844
43.5844
43.5844
43.5844
43.5844
43.16
43.16
43.16
43.16
43.16
43.16
43.16
43.16
42.9104
42.9104
42.9104
42.9104
42.9104
42.9104
42.9104
42.9104
42.9399
42.9399
42.9399
42.9399
42.9399
42.9399
42.9399
42.9399
43.3256
43.3256
43.3256
43.3256
43.3256
43.3256
43.3256
43.3256
44.1173
44.1173
44.1173
44.1173
44.1173
44.1173
44.1173
44.1173
45.3362
45.3362
45.3362
45.3362
45.3362
45.3362
45.3362
45.3362
46.9725
46.9725
46.9725
46.9725
46.9725
46.9725
46.9725
46.9725
48.981
48.981
48.981
48.981
48.981
48.981
48.981
48.981
51.2759
51.2759
51.2759
51.2759
51.2759
51.2759
51.2759
51.2759
53.7269
53.7269
53.7269
53.7269
53.7269
53.7269
53.7269
53.7269
56.1621
56.1621
56.1621
56.1621
56.1621
56.1621
56.1621
56.1621
58.376
58.376
58.376
58.376
58.376
58.376
58.376
58.376
60.1492
60.1492
60.1492
60.1492
60.1492
60.1492
60.1492
60.1492
61.2793
61.2793
61.2793
61.2793
61.2793
61.2793
61.2793
61.2793
61.6115
61.6115
61.6115
61.6115
61.6115
61.6115
61.6115
61.6115
43.5844
43.5844
43.5844
43.5844
43.5844
43.5844
43.5844
43.5844
43.16
43.16
43.16
43.16
43.16
43.16
43.16
43.16
42.9104
42.9104
42.9104
42.9104
42.9104
42.9104
42.9104
42.9104
42.9399
42.9399
42.9399
42.9399
42.9399
42.9399
42.9399
42.9399
43.3256
43.3256
43.3256
43.3256
43.3256
43.3256
43.3256
43.3256
44.1173
44.1173
44.1173
44.1173
44.1173
44.1173
44.1173
44.1173
45.3362
45.3362
45.3362
45.3362
45.3362
45.3362
45.3362
45.3362
46.9725
46.9725
46.9725
46.9725
46.9725
46.9725
46.9725
46.9725
48.981
48.981
48.981
48.981
48.981
48.981
48.981
48.981
51.2759
51.2759
51.2759
51.2759
51.2759
51.2759
51.2759
51.2759
53.7269
53.7269
53.7269
53.7269
53.7269
53.7269
53.7269
53.7269
56.1621
56.1621
56.1621
56.1621
56.1621
56.1621
56.1621
56.1621
58.376
58.376
58.376
58.376
58.376
58.376
58.376
58.376
60.1492
60.1492
60.1492
60.1492
60.1492
60.1492
60.1492
60.1492
61.2793
61.2793
61.2793
61.2793
61.2793
61.2793
61.2793
61.2793
61.6115
61.6115
61.6115
61.6115
61.6115
61.6115
61.6115
61.6115
43.5844
43.5844
43.5844
43.5844
43.5844
43.5844
43.5844
43.5844
43.16
43.16
43.16
43.16
43.16
43.16
43.16
43.16
42.9104
42.9104
42.9104
42.9104
42.9104
42.9104
42.9104
42.9104
42.9399
42.9399
42.9399
42.9399
42.9399
42.9399
42.9399
42.9399
43.3256
43.3256
43.3256
43.3256
43.3256
43.3256
43.3256
43.3256
44.1173
44.1173
44.1173
44.1173
44.1173
44.1173
44.1173
44.1173
45.3362
45.3362
45.3362
45.3362
45.3362
45.3362
45.3362
45.3362
46.9725
46.9725
46.9725
46.9725
46.9725
46.9725
46.9725
46.9725
48.981
48.981
48.981
48.981
48.981
48.981
48.981
48.981
51.2759
51.2759
51.2759
51.2759
51.2759
51.2759
51.2759
51.2759
53.7269
53.7269
53.7269
53.7269
53.7269
53.7269
53.7269
53.7269
56.1621
56.1621
56.1621
56.1621
56.1621
56.1621
56.1621
56.1621
58.376
58.376
58.376
58.376
58.376
58.376
58.376
58.376
60.1492
60.1492
60.1492
60.1492
60.1492
60.1492
60.1492
60.1492
61.2793
61.2793
61.2793
61.2793
61.2793
61.2793
61.2793
61.2793
61.6115
61.6115
61.6115
61.6115
61.6115
61.6115
61.6115
61.6115
43.5844
43.5844
43.5844
43.5844
43.5844
43.5844
43.5844
43.5844
43.16
43.16
43.16
43.16
43.16
43.16
43.16
43.16
42.9104
42.9104
42.9104
42.9104
42.9104
42.9104
42.9104
42.9104
42.9399
42.9399
42.9399
42.9399
42.9399
42.9399
42.9399
42.9399
43.3256
43.3256
43.3256
43.3256
43.3256
43.3256
43.3256
43.3256
44.1173
44.1173
44.1173
44.1173
44.1173
44.1173
44.1173
44.1173
45.3362
45.3362
45.3362
45.3362
45.3362
45.3362
45.3362
45.3362
46.9725
46.9725
46.9725
46.9725
46.9725
46.9725
46.9725
46.9725
48.981
48.981
48.981
48.981
48.981
48.981
48.981
48.981
51.2759
51.2759
51.2759
51.2759
51.2759
51.2759
51.2759
51.2759
53.7269
53.7269
53.7269
53.7269
53.7269
53.7269
53.7269
53.7269
56.1621
56.1621
56.1621
56.1621
56.1621
56.1621
56.1621
56.1621
58.376
58.376
58.376
58.376
58.376
58.376
58.376
58.376
60.1492
60.1492
60.1492
60.1492
60.1492
60.1492
60.1492
60.1492
61.2793
61.2793
61.2793
61.2793
61.2793
61.2793
61.2793
61.2793
61.6115
61.6115
61.6115
61.6115
61.6115
61.6115
61.6115
61.6115
40.0955
40.0955
40.0955
40.0955
40.0955
40.0955
40.0955
40.0955
39.7005
39.7005
39.7005
39.7005
39.7005
39.7005
39.7005
39.7005
39.4514
39.4514
39.4514
39.4514
39.4514
39.4514
39.4514
39.4514
39.449
39.449
39.449
39.449
39.449
39.449
39.449
39.449
39.7692
39.7692
39.7692
39.7692
39.7692
39.7692
39.7692
39.7692
40.4628
40.4628
40.4628
40.4628
40.4628
40.4628
40.4628
40.4628
41.5542
41.5542
41.5542
41.5542
41.5542
41.5542
41.5542
41.5542
43.0395
43.0395
43.0395
43.0395
43.0395
43.0395
43.0395
43.0395
44.882
44.882
44.882
44.882
44.882
44.882
44.882
44.882
47.0078
47.0078
47.0078
47.0078
47.0078
47.0078
47.0078
47.0078
49.3011
49.3011
49.3011
49.3011
49.3011
49.3011
49.3011
49.3011
51.605
51.605
51.605
51.605
51.605
51.605
51.605
51.605
53.7292
53.7292
53.7292
53.7292
53.7292
53.7292
53.7292
53.7292
55.4673
55.4673
55.4673
55.4673
55.4673
55.4673
55.4673
55.4673
56.6234
56.6234
56.6234
56.6234
56.6234
56.6234
56.6234
56.6234
57.0427
57.0427
57.0427
57.0427
57.0427
57.0427
57.0427
57.0427
40.0955
40.0955
40.0955
40.0955
40.0955
40.0955
40.0955
40.0955
39.7005
39.7005
39.7005
39.7005
39.7005
39.7005
39.7005
39.7005
39.4514
39.4514
39.4514
39.4514
39.4514
39.4514
39.4514
39.4514
39.449
39.449
39.449
39.449
39.449
39.449
39.449
39.449
39.7692
39.7692
39.7692
39.7692
39.7692
39.7692
39.7692
39.7692
40.4628
40.4628
40.4628
40.4628
40.4628
40.4628
40.4628
40.4628
41.5542
41.5542
41.5542
41.5542
41.5542
41.5542
41.5542
41.5542
43.0395
43.0395
43.0395
43.0395
43.0395
43.0395
43.0395
43.0395
44.882
44.882
44.882
44.882
44.882
44.882
44.882
44.882
47.0078
47.0078
47.0078
47.0078
47.0078
47.0078
47.0078
47.0078
49.3011
49.3011
49.3011
49.3011
49.3011
49.3011
49.3011
49.3011
51.605
51.605
51.605
51.605
51.605
51.605
51.605
51.605
53.7292
53.7292
53.7292
53.7292
53.7292
53.7292
53.7292
53.7292
55.4673
55.4673
55.4673
55.4673
55.4673
55.4673
55.4673
55.4673
56.6234
56.6234
56.6234
56.6234
56.6234
56.6234
56.6234
56.6234
57.0427
57.0427
57.0427
57.0427
57.0427
57.0427
57.0427
57.0427
40.0955
40.0955
40.0955
40.0955
40.0955
40.0955
40.0955
40.0955
39.7005
39.7005
39.7005
39.7005
39.7005
39.7005
39.7005
39.7005
39.4514
39.4514
39.4514
39.4514
39.4514
39.4514
39.4514
39.4514
39.449
39.449
39.449
39.449
39.449
39.449
39.449
39.449
39.7692
39.7692
39.7692
39.7692
39.7692
39.7692
39.7692
39.7692
40.4628
40.4628
40.4628
40.4628
40.4628
40.4628
40.4628
40.4628
41.5542
41.5542
41.5542
41.5542
41.5542
41.5542
41.5542
41.5542
43.0395
43.0395
43.0395
43.0395
43.0395
43.0395
43.0395
43.0395
44.882
44.882
44.882
44.882
44.882
44.882
44.882
44.882
47.0078
47.0078
47.0078
47.0078
47.0078
47.0078
47.0078
47.0078
49.3011
49.3011
49.3011
49.3011
49.3011
49.3011
49.3011
49.3011
51.605
51.605
51.605
51.605
51.605
51.605
51.605
51.605
53.7292
53.7292
53.7292
53.7292
53.7292
53.7292
53.7292
53.7292
55.4673
55.4673
55.4673
55.4673
55.4673
55.4673
55.4673
55.4673
56.6234
56.6234
56.6234
56.6234
56.6234
56.6234
56.6234
56.6234
57.0427
57.0427
57.0427
57.0427
57.0427
57.0427
57.0427
57.0427
40.0955
40.0955
40.0955
40.0955
40.0955
40.0955
40.0955
40.0955
39.7005
39.7005
39.7005
39.7005
39.7005
39.7005
39.7005
39.7005
39.4514
39.4514
39.4514
39.4514
39.4514
39.4514
39.4514
39.4514
39.449
39.449
39.449
39.449
39.449
39.449
39.449
39.449
39.7692
39.7692
39.7692
39.7692
39.7692
39.7692
39.7692
39.7692
40.4628
40.4628
40.4628
40.4628
40.4628
40.4628
40.4628
40.4628
41.5542
41.5542
41.5542
41.5542
41.5542
41.5542
41.5542
41.5542
43.0395
43.0395
43.0395
43.0395
43.0395
43.0395
43.0395
43.0395
44.882
44.882
44.882
44.882
44.882
44.882
44.882
44.882
47.0078
47.0078
47.0078
47.0078
47.0078
47.0078
47.0078
47.0078
49.3011
49.3011
49.3011
49.3011
49.3011
49.3011
49.3011
49.3011
51.605
51.605
51.605
51.605
51.605
51.605
51.605
51.605
53.7292
53.7292
53.7292
53.7292
53.7292
53.7292
53.7292
53.7292
55.4673
55.4673
55.4673
55.4673
55.4673
55.4673
55.4673
55.4673
56.6234
56.6234
56.6234
56.6234
56.6234
56.6234
56.6234
56.6234
57.0427
57.0427
57.0427
57.0427
57.0427
57.0427
57.0427
57.0427
36.9759
36.9759
36.9759
36.9759
36.9759
36.9759
36.9759
36.9759
36.6607
36.6607
36.6607
36.6607
36.6607
36.6607
36.6607
36.6607
36.4692
36.4692
36.4692
36.4692
36.4692
36.4692
36.4692
36.4692
36.4985
36.4985
36.4985
36.4985
36.4985
36.4985
36.4985
36.4985
36.8239
36.8239
36.8239
36.8239
36.8239
36.8239
36.8239
36.8239
37.4971
37.4971
37.4971
37.4971
37.4971
37.4971
37.4971
37.4971
38.5463
38.5463
38.5463
38.5463
38.5463
38.5463
38.5463
38.5463
39.9729
39.9729
39.9729
39.9729
39.9729
39.9729
39.9729
39.9729
41.7482
41.7482
41.7482
41.7482
41.7482
41.7482
41.7482
41.7482
43.8076
43.8076
43.8076
43.8076
43.8076
43.8076
43.8076
43.8076
46.0463
46.0463
46.0463
46.0463
46.0463
46.0463
46.0463
46.0463
48.3185
48.3185
48.3185
48.3185
48.3185
48.3185
48.3185
48.3185
50.4433
50.4433
50.4433
50.4433
50.4433
50.4433
50.4433
50.4433
52.2207
52.2207
52.2207
52.2207
52.2207
52.2207
52.2207
52.2207
53.4557
53.4557
53.4557
53.4557
53.4557
53.4557
53.4557
53.4557
53.9905
53.9905
53.9905
53.9905
53.9905
53.9905
53.9905
53.9905
36.9759
36.9759
36.9759
36.9759
36.9759
36.9759
36.9759
36.9759
36.6607
36.6607
36.6607
36.6607
36.6607
36.6607
36.6607
36.6607
36.4692
36.4692
36.4692
36.4692
36.4692
36.4692
36.4692
36.4692
36.4985
36.4985
36.4985
36.4985
36.4985
36.4985
36.4985
36.4985
36.8239
36.8239
36.8239
36.8239
36.8239
36.8239
36.8239
36.8239
37.4971
37.4971
37.4971
37.4971
37.4971
37.4971
37.4971
37.4971
38.5463
38.5463
38.5463
38.5463
38.5463
38.5463
38.5463
38.5463
39.9729
39.9729
39.9729
39.9729
39.9729
39.9729
39.9729
39.9729
41.7482
41.7482
41.7482
41.7482
41.7482
41.7482
41.7482
41.7482
43.8076
43.8076
43.8076
43.8076
43.8076
43.8076
43.8076
43.8076
46.0463
46.0463
46.0463
46.0463
46.0463
46.0463
46.0463
46.0463
48.3185
48.3185
48.3185
48.3185
48.3185
48.3185
48.3185
48.3185
50.4433
50.4433
50.4433
50.4433
50.4433
50.4433
50.4433
50.4433
52.2207
52.2207
52.2207
52.2207
52.2207
52.2207
52.2207
52.2207
53.4557
53.4557
53.4557
53.4557
53.4557
53.4557
53.4557
53.4557
53.9905
53.9905
53.9905
53.9905
53.9905
53.9905
53.9905
53.9905
36.9759
36.9759
36.9759
36.9759
36.9759
36.9759
36.9759
36.9759
36.6607
36.6607
36.6607
36.6607
36.6607
36.6607
36.6607
36.6607
36.4692
36.4692
36.4692
36.4692
36.4692
36.4692
36.4692
36.4692
36.4985
36.4985
36.4985
36.4985
36.4985
36.4985
36.4985
36.4985
36.8239
36.8239
36.8239
36.8239
36.8239
36.8239
36.8239
36.8239
37.4971
37.4971
37.4971
37.4971
37.4971
37.4971
37.4971
37.4971
38.5463
38.5463
38.5463
38.5463
38.5463
38.5463
38.5463
38.5463
39.9729
39.9729
39.9729
39.9729
39.9729
39.9729
39.9729
39.9729
41.7482
41.7482
41.7482
41.7482
41.7482
41.7482
41.7482
41.7482
43.8076
43.8076
43.8076
43.8076
43.8076
43.8076
43.8076
43.8076
46.0463
46.0463
46.0463
46.0463
46.0463
46.0463
46.0463
46.0463
48.3185
48.3185
48.3185
48.3185
48.3185
48.3185
48.3185
48.3185
50.4433
50.4433
50.4433
50.4433
50.4433
50.4433
50.4433
50.4433
52.2207
52.2207
52.2207
52.2207
52.2207
52.2207
52.2207
52.2207
53.4557
53.4557
53.4557
53.4557
53.4557
53.4557
53.4557
53.4557
53.9905
53.9905
53.9905
53.9905
53.9905
53.9905
53.9905
53.9905
36.9759
36.9759
36.9759
36.9759
36.9759
36.9759
36.9759
36.9759
36.6607
36.6607
36.6607
36.6607
36.6607
36.6607
36.6607
36.6607
36.4692
36.4692
36.4692
36.4692
36.4692
36.4692
36.4692
36.4692
36.4985
36.4985
36.4985
36.4985
36.4985
36.4985
36.4985
36.4985
36.8239
36.8239
36.8239
36.8239
36.8239
36.8239
36.8239
36.8239
37.4971
37.4971
37.4971
37.4971
37.4971
37.4971
37.4971
37.4971
38.5463
38.5463
38.5463
38.5463
38.5463
38.5463
38.5463
38.5463
39.9729
39.9729
39.9729
39.9729
39.9729
39.9729
39.9729
39.9729
41.7482
41.7482
41.7482
41.7482
41.7482
41.7482
41.7482
41.7482
43.8076
43.8076
43.8076
43.8076
43.8076
43.8076
43.8076
43.8076
46.0463
46.0463
46.0463
46.0463
46.0463
46.0463
46.0463
46.0463
48.3185
48.3185
48.3185
48.3185
48.3185
48.3185
48.3185
48.3185
50.4433
50.4433
50.4433
50.4433
50.4433
50.4433
50.4433
50.4433
52.2207
52.2207
52.2207
52.2207
52.2207
52.2207
52.2207
52.2207
53.4557
53.4557
53.4557
53.4557
53.4557
53.4557
53.4557
53.4557
53.9905
53.9905
53.9905
53.9905
53.9905
53.9905
53.9905
53.9905
34.146
34.146
34.146
34.146
34.146
34.146
34.146
34.146
33.9495
33.9495
33.9495
33.9495
33.9495
33.9495
33.9495
33.9495
33.861
33.861
33.861
33.861
33.861
33.861
33.861
33.861
33.9739
33.9739
33.9739
33.9739
33.9739
33.9739
33.9739
33.9739
34.3624
34.3624
34.3624
34.3624
34.3624
34.3624
34.3624
34.3624
35.0802
35.0802
35.0802
35.0802
35.0802
35.0802
35.0802
35.0802
36.1589
36.1589
36.1589
36.1589
36.1589
36.1589
36.1589
36.1589
37.6059
37.6059
37.6059
37.6059
37.6059
37.6059
37.6059
37.6059
39.3995
39.3995
39.3995
39.3995
39.3995
39.3995
39.3995
39.3995
41.4832
41.4832
41.4832
41.4832
41.4832
41.4832
41.4832
41.4832
43.7609
43.7609
43.7609
43.7609
43.7609
43.7609
43.7609
43.7609
46.094
46.094
46.094
46.094
46.094
46.094
46.094
46.094
48.3064
48.3064
48.3064
48.3064
48.3064
48.3064
48.3064
48.3064
50.1986
50.1986
50.1986
50.1986
50.1986
50.1986
50.1986
50.1986
51.5722
51.5722
51.5722
51.5722
51.5722
51.5722
51.5722
51.5722
52.2598
52.2598
52.2598
52.2598
52.2598
52.2598
52.2598
52.2598
34.146
34.146
34.146
34.146
34.146
34.146
34.146
34.146
33.9495
33.9495
33.9495
33.9495
33.9495
33.9495
33.9495
33.9495
33.861
33.861
33.861
33.861
33.861
33.861
33.861
33.861
33.9739
33.9739
33.9739
33.9739
33.9739
33.9739
33.9739
33.9739
34.3624
34.3624
34.3624
34.3624
34.3624
34.3624
34.3624
34.3624
35.0802
35.0802
35.0802
35.0802
35.0802
35.0802
35.0802
35.0802
36.1589
36.1589
36.1589
36.1589
36.1589
36.1589
36.1589
36.1589
37.6059
37.6059
37.6059
37.6059
37.6059
37.6059
37.6059
37.6059
39.3995
39.3995
39.3995
39.3995
39.3995
39.3995
39.3995
39.3995
41.4832
41.4832
41.4832
41.4832
41.4832
41.4832
41.4832
41.4832
43.7609
43.7609
43.7609
43.7609
43.7609
43.7609
43.7609
43.7609
46.094
46.094
46.094
46.094
46.094
46.094
46.094
46.094
48.3064
48.3064
48.3064
48.3064
48.3064
48.3064
48.3064
48.3064
50.1986
50.1986
50.1986
50.1986
50.1986
50.1986
50.1986
50.1986
51.5722
51.5722
51.5722
51.5722
51.5722
51.5722
51.5722
51.5722
52.2598
52.2598
52.2598
52.2598
52.2598
52.2598
52.2598
52.2598
34.146
34.146
34.146
34.146
34.146
34.146
34.146
34.146
33.9495
33.9495
33.9495
33.9495
33.9495
33.9495
33.9495
33.9495
33.861
33.861
33.861
33.861
33.861
33.861
33.861
33.861
33.9739
33.9739
33.9739
33.9739
33.9739
33.9739
33.9739
33.9739
34.3624
34.3624
34.3624
34.3624
34.3624
34.3624
34.3624
34.3624
35.0802
35.0802
35.0802
35.0802
35.0802
35.0802
35.0802
35.0802
36.1589
36.1589
36.1589
36.1589
36.1589
36.1589
36.1589
36.1589
37.6059
37.6059
37.6059
37.6059
37.6059
37.6059
37.6059
37.6059
39.3995
39.3995
39.3995
39.3995
39.3995
39.3995
39.3995
39.3995
41.4832
41.4832
41.4832
41.4832
41.4832
41.4832
41.4832
41.4832
43.7609
43.7609
43.7609
43.7609
43.7609
43.7609
43.7609
43.7609
46.094
46.094
46.094
46.094
46.094
46.094
46.094
46.094
48.3064
48.3064
48.3064
48.3064
48.3064
48.3064
48.3064
48.3064
50.1986
50.1986
50.1986
50.1986
50.1986
50.1986
50.1986
50.1986
51.5722
51.5722
51.5722
51.5722
51.5722
51.5722
51.5722
51.5722
52.2598
52.2598
52.2598
52.2598
52.2598
52.2598
52.2598
52.2598
34.146
34.146
34.146
34.146
34.146
34.146
34.146
34.146
33.9495
33.9495
33.9495
33.9495
33.9495
33.9495
33.9495
33.9495
33.861
33.861
33.861
33.861
33.861
33.861
33.861
33.861
33.9739
33.9739
33.9739
33.9739
33.9739
33.9739
33.9739
33.9739
34.3624
34.3624
34.3624
34.3624
34.3624
34.3624
34.3624
34.3624
35.0802
35.0802
35.0802
35.0802
35.0802
35.0802
35.0802
35.0802
36.1589
36.1589
36.1589
36.1589
36.1589
36.1589
36.1589
36.1589
37.6059
37.6059
37.6059
37.6059
37.6059
37.6059
37.6059
37.6059
39.3995
39.3995
39.3995
39.3995
39.3995
39.3995
39.3995
39.3995
41.4832
41.4832
41.4832
41.4832
41.4832
41.4832
41.4832
41.4832
43.7609
43.7609
43.7609
43.7609
43.7609
43.7609
43.7609
43.7609
46.094
46.094
46.094
46.094
46.094
46.094
46.094
46.094
48.3064
48.3064
48.3064
48.3064
48.3064
48.3064
48.3064
48.3064
50.1986
50.1986
50.1986
50.1986
50.1986
50.1986
50.1986
50.1986
51.5722
51.5722
51.5722
51.5722
51.5722
51.5722
51.5722
51.5722
52.2598
52.2598
52.2598
52.2598
52.2598
52.2598
52.2598
52.2598
31.5315
31.5315
31.5315
31.5315
31.5315
31.5315
31.5315
31.5315
31.4799
31.4799
31.4799
31.4799
31.4799
31.4799
31.4799
31.4799
31.5271
31.5271
31.5271
31.5271
31.5271
31.5271
31.5271
31.5271
31.7624
31.7624
31.7624
31.7624
31.7624
31.7624
31.7624
31.7624
32.2591
32.2591
32.2591
32.2591
32.2591
32.2591
32.2591
32.2591
33.0729
33.0729
33.0729
33.0729
33.0729
33.0729
33.0729
33.0729
34.2396
34.2396
34.2396
34.2396
34.2396
34.2396
34.2396
34.2396
35.7724
35.7724
35.7724
35.7724
35.7724
35.7724
35.7724
35.7724
37.6568
37.6568
37.6568
37.6568
37.6568
37.6568
37.6568
37.6568
39.8439
39.8439
39.8439
39.8439
39.8439
39.8439
39.8439
39.8439
42.2444
42.2444
42.2444
42.2444
42.2444
42.2444
42.2444
42.2444
44.7242
44.7242
44.7242
44.7242
44.7242
44.7242
44.7242
44.7242
47.1082
47.1082
47.1082
47.1082
47.1082
47.1082
47.1082
47.1082
49.1923
49.1923
49.1923
49.1923
49.1923
49.1923
49.1923
49.1923
50.7684
50.7684
50.7684
50.7684
50.7684
50.7684
50.7684
50.7684
51.6554
51.6554
51.6554
51.6554
51.6554
51.6554
51.6554
51.6554
31.5315
31.5315
31.5315
31.5315
31.5315
31.5315
31.5315
31.5315
31.4799
31.4799
31.4799
31.4799
31.4799
31.4799
31.4799
31.4799
31.5271
31.5271
31.5271
31.5271
31.5271
31.5271
31.5271
31.5271
31.7624
31.7624
31.7624
31.7624
31.7624
31.7624
31.7624
31.7624
32.2591
32.2591
32.2591
32.2591
32.2591
32.2591
32.2591
32.2591
33.0729
33.0729
33.0729
33.0729
33.0729
33.0729
33.0729
33.0729
34.2396
34.2396
34.2396
34.2396
34.2396
34.2396
34.2396
34.2396
35.7724
35.7724
35.7724
35.7724
35.7724
35.7724
35.7724
35.7724
37.6568
37.6568
37.6568
37.6568
37.6568
37.6568
37.6568
37.6568
39.8439
39.8439
39.8439
39.8439
39.8439
39.8439
39.8439
39.8439
42.2444
42.2444
42.2444
42.2444
42.2444
42.2444
42.2444
42.2444
44.7242
44.7242
44.7242
44.7242
44.7242
44.7242
44.7242
44.7242
47.1082
47.1082
47.1082
47.1082
47.1082
47.1082
47.1082
47.1082
49.1923
49.1923
49.1923
49.1923
49.1923
49.1923
49.1923
49.1923
50.7684
50.7684
50.7684
50.7684
50.7684
50.7684
50.7684
50.7684
51.6554
51.6554
51.6554
51.6554
51.6554
51.6554
51.6554
51.6554
31.5315
31.5315
31.5315
31.5315
31.5315
31.5315
31.5315
31.5315
31.4799
31.4799
31.4799
31.4799
31.4799
31.4799
31.4799
31.4799
31.5271
31.5271
31.5271
31.5271
31.5271
31.5271
31.5271
31.5271
31.7624
31.7624
31.7624
31.7624
31.7624
31.7624
31.7624
31.7624
32.2591
32.2591
32.2591
32.2591
32.2591
32.2591
32.2591
32.2591
33.0729
33.0729
33.0729
33.0729
33.0729
33.0729
33.0729
33.0729
34.2396
34.2396
34.2396
34.2396
34.2396
34.2396
34.2396
34.2396
35.7724
35.7724
35.7724
35.7724
35.7724
35.7724
35.7724
35.7724
37.6568
37.6568
37.6568
37.6568
37.6568
37.6568
37.6568
37.6568
39.8439
39.8439
39.8439
39.8439
39.8439
39.8439
39.8439
39.8439
42.2444
42.2444
42.2444
42.2444
42.2444
42.2444
42.2444
42.2444
44.7242
44.7242
44.7242
44.7242
44.7242
44.7242
44.7242
44.7242
47.1082
47.1082
47.1082
47.1082
47.1082
47.1082
47.1082
47.1082
49.1923
49.1923
49.1923
49.1923
49.1923
49.1923
49.1923
49.1923
50.7684
50.7684
50.7684
50.7684
50.7684
50.7684
50.7684
50.7684
51.6554
51.6554
51.6554
51.6554
51.6554
51.6554
51.6554
51.6554
31.5315
31.5315
31.5315
31.5315
31.5315
31.5315
31.5315
31.5315
31.4799
31.4799
31.4799
31.4799
31.4799
31.4799
31.4799
31.4799
31.5271
31.5271
31.5271
31.5271
31.5271
31.5271
31.5271
31.5271
31.7624
31.7624
31.7624
31.7624
31.7624
31.7624
31.7624
31.7624
32.2591
32.2591
32.2591
32.2591
32.2591
32.2591
32.2591
32.2591
33.0729
33.0729
33.0729
33.0729
33.0729
33.0729
33.0729
33.0729
34.2396
34.2396
34.2396
34.2396
34.2396
34.2396
34.2396
34.2396
35.7724
35.7724
35.7724
35.7724
35.7724
35.7724
35.7724
35.7724
37.6568
37.6568
37.6568
37.6568
37.6568
37.6568
37.6568
37.6568
39.8439
39.8439
39.8439
39.8439
39.8439
39.8439
39.8439
39.8439
42.2444
42.2444
42.2444
42.2444
42.2444
42.2444
42.2444
42.2444
44.7242
44.7242
44.7242
44.7242
44.7242
44.7242
44.7242
44.7242
47.1082
47.1082
47.1082
47.1082
47.1082
47.1082
47.1082
47.1082
49.1923
49.1923
49.1923
49.1923
49.1923
49.1923
49.1923
49.1923
50.7684
50.7684
50.7684
50.7684
50.7684
50.7684
50.7684
50.7684
51.6554
51.6554
51.6554
51.6554
51.6554
51.6554
51.6554
51.6554
29.0707
29.0707
29.0707
29.0707
29.0707
29.0707
29.0707
29.0707
29.1769
29.1769
29.1769
29.1769
29.1769
29.1769
29.1769
29.1769
29.3787
29.3787
29.3787
29.3787
29.3787
29.3787
29.3787
29.3787
29.7614
29.7614
29.7614
29.7614
29.7614
29.7614
29.7614
29.7614
30.3974
30.3974
30.3974
30.3974
30.3974
30.3974
30.3974
30.3974
31.3445
31.3445
31.3445
31.3445
31.3445
31.3445
31.3445
31.3445
32.6432
32.6432
32.6432
32.6432
32.6432
32.6432
32.6432
32.6432
34.3131
34.3131
34.3131
34.3131
34.3131
34.3131
34.3131
34.3131
36.3471
36.3471
36.3471
36.3471
36.3471
36.3471
36.3471
36.3471
38.7039
38.7039
38.7039
38.7039
38.7039
38.7039
38.7039
38.7039
41.3
41.3
41.3
41.3
41.3
41.3
41.3
41.3
44.0042
44.0042
44.0042
44.0042
44.0042
44.0042
44.0042
44.0042
46.639
46.639
46.639
46.639
46.639
46.639
46.639
46.639
48.9919
48.9919
48.9919
48.9919
48.9919
48.9919
48.9919
48.9919
50.8394
50.8394
50.8394
50.8394
50.8394
50.8394
50.8394
50.8394
51.981
51.981
51.981
51.981
51.981
51.981
51.981
51.981
29.0707
29.0707
29.0707
29.0707
29.0707
29.0707
29.0707
29.0707
29.1769
29.1769
29.1769
29.1769
29.1769
29.1769
29.1769
29.1769
29.3787
29.3787
29.3787
29.3787
29.3787
29.3787
29.3787
29.3787
29.7614
29.7614
29.7614
29.7614
29.7614
29.7614
29.7614
29.7614
30.3974
30.3974
30.3974
30.3974
30.3974
30.3974
30.3974
30.3974
31.3445
31.3445
31.3445
31.3445
31.3445
31.3445
31.3445
31.3445
32.6432
32.6432
32.6432
32.6432
32.6432
32.6432
32.6432
32.6432
34.3131
34.3131
34.3131
34.3131
34.3131
34.3131
34.3131
34.3131
36.3471
36.3471
36.3471
36.3471
36.3471
36.3471
36.3471
36.3471
38.7039
38.7039
38.7039
38.7039
38.7039
38.7039
38.7039
38.7039
41.3
41.3
41.3
41.3
41.3
41.3
41.3
41.3
44.0042
44.0042
44.0042
44.0042
44.0042
44.0042
44.0042
44.0042
46.639
46.639
46.639
46.639
46.639
46.639
46.639
46.639
48.9919
48.9919
48.9919
48.9919
48.9919
48.9919
48.9919
48.9919
50.8394
50.8394
50.8394
50.8394
50.8394
50.8394
50.8394
50.8394
51.981
51.981
51.981
51.981
51.981
51.981
51.981
51.981
29.0707
29.0707
29.0707
29.0707
29.0707
29.0707
29.0707
29.0707
29.1769
29.1769
29.1769
29.1769
29.1769
29.1769
29.1769
29.1769
29.3787
29.3787
29.3787
29.3787
29.3787
29.3787
29.3787
29.3787
29.7614
29.7614
29.7614
29.7614
29.7614
29.7614
29.7614
29.7614
30.3974
30.3974
30.3974
30.3974
30.3974
30.3974
30.3974
30.3974
31.3445
31.3445
31.3445
31.3445
31.3445
31.3445
31.3445
31.3445
32.6432
32.6432
32.6432
32.6432
32.6432
32.6432
32.6432
32.6432
34.3131
34.3131
34.3131
34.3131
34.3131
34.3131
34.3131
34.3131
36.3471
36.3471
36.3471
36.3471
36.3471
36.3471
36.3471
36.3471
38.7039
38.7039
38.7039
38.7039
38.7039
38.7039
38.7039
38.7039
41.3
41.3
41.3
41.3
41.3
41.3
41.3
41.3
44.0042
44.0042
44.0042
44.0042
44.0042
44.0042
44.0042
44.0042
46.639
46.639
46.639
46.639
46.639
46.639
46.639
46.639
48.9919
48.9919
48.9919
48.9919
48.9919
48.9919
48.9919
48.9919
50.8394
50.8394
50.8394
50.8394
50.8394
50.8394
50.8394
50.8394
51.981
51.981
51.981
51.981
51.981
51.981
51.981
51.981
29.0707
29.0707
29.0707
29.0707
29.0707
29.0707
29.0707
29.0707
29.1769
29.1769
29.1769
29.1769
29.1769
29.1769
29.1769
29.1769
29.3787
29.3787
29.3787
29.3787
29.3787
29.3787
29.3787
29.3787
29.7614
29.7614
29.7614
29.7614
29.7614
29.7614
29.7614
29.7614
30.3974
30.3974
30.3974
30.3974
30.3974
30.3974
30.3974
30.3974
31.3445
31.3445
31.3445
31.3445
31.3445
31.3445
31.3445
31.3445
32.6432
32.6432
32.6432
32.6432
32.6432
32.6432
32.6432
32.6432
34.3131
34.3131
34.3131
34.3131
34.3131
34.3131
34.3131
34.3131
36.3471
36.3471
36.3471
36.3471
36.3471
36.3471
36.3471
36.3471
38.7039
38.7039
38.7039
38.7039
38.7039
38.7039
38.7039
38.7039
41.3
41.3
41.3
41.3
41.3
41.3
41.3
41.3
44.0042
44.0042
44.0042
44.0042
44.0042
44.0042
44.0042
44.0042
46.639
46.639
46.639
46.639
46.639
46.639
46.639
46.639
48.9919
48.9919
48.9919
48.9919
48.9919
48.9919
48.9919
48.9919
50.8394
50.8394
50.8394
50.8394
50.8394
50.8394
50.8394
50.8394
51.981
51.981
51.981
51.981
51.981
51.981
51.981
51.981
26.7207
26.7207
26.7207
26.7207
26.7207
26.7207
26.7207
26.7207
26.9836
26.9836
26.9836
26.9836
26.9836
26.9836
26.9836
26.9836
27.3447
27.3447
27.3447
27.3447
27.3447
27.3447
27.3447
27.3447
27.885
27.885
27.885
27.885
27.885
27.885
27.885
27.885
28.6763
28.6763
28.6763
28.6763
28.6763
28.6763
28.6763
28.6763
29.7786
29.7786
29.7786
29.7786
29.7786
29.7786
29.7786
29.7786
31.2375
31.2375
31.2375
31.2375
31.2375
31.2375
31.2375
31.2375
33.0796
33.0796
33.0796
33.0796
33.0796
33.0796
33.0796
33.0796
35.3058
35.3058
35.3058
35.3058
35.3058
35.3058
35.3058
35.3058
37.883
37.883
37.883
37.883
37.883
37.883
37.883
37.883
40.7335
40.7335
40.7335
40.7335
40.7335
40.7335
40.7335
40.7335
43.7283
43.7283
43.7283
43.7283
43.7283
43.7283
43.7283
43.7283
46.6854
46.6854
46.6854
46.6854
46.6854
46.6854
46.6854
46.6854
49.3801
49.3801
49.3801
49.3801
49.3801
49.3801
49.3801
49.3801
51.5691
51.5691
51.5691
51.5691
51.5691
51.5691
51.5691
51.5691
53.0264
53.0264
53.0264
53.0264
53.0264
53.0264
53.0264
53.0264
26.7207
26.7207
26.7207
26.7207
26.7207
26.7207
26.7207
26.7207
26.9836
26.9836
26.9836
26.9836
26.9836
26.9836
26.9836
26.9836
27.3447
27.3447
27.3447
27.3447
27.3447
27.3447
27.3447
27.3447
27.885
27.885
27.885
27.885
27.885
27.885
27.885
27.885
28.6763
28.6763
28.6763
28.6763
28.6763
28.6763
28.6763
28.6763
29.7786
29.7786
29.7786
29.7786
29.7786
29.7786
29.7786
29.7786
31.2375
31.2375
31.2375
31.2375
31.2375
31.2375
31.2375
31.2375
33.0796
33.0796
33.0796
33.0796
33.0796
33.0796
33.0796
33.0796
35.3058
35.3058
35.3058
35.3058
35.3058
35.3058
35.3058
35.3058
37.883
37.883
37.883
37.883
37.883
37.883
37.883
37.883
40.7335
40.7335
40.7335
40.7335
40.7335
40.7335
40.7335
40.7335
43.7283
43.7283
43.7283
43.7283
43.7283
43.7283
43.7283
43.7283
46.6854
46.6854
46.6854
46.6854
46.6854
46.6854
46.6854
46.6854
49.3801
49.3801
49.3801
49.3801
49.3801
49.3801
49.3801
49.3801
51.5691
51.5691
51.5691
51.5691
51.5691
51.5691
51.5691
51.5691
53.0264
53.0264
53.0264
53.0264
53.0264
53.0264
53.0264
53.0264
26.7207
26.7207
26.7207
26.7207
26.7207
26.7207
26.7207
26.7207
26.9836
26.9836
26.9836
26.9836
26.9836
26.9836
26.9836
26.9836
27.3447
27.3447
27.3447
27.3447
27.3447
27.3447
27.3447
27.3447
27.885
27.885
27.885
27.885
27.885
27.885
27.885
27.885
28.6763
28.6763
28.6763
28.6763
28.6763
28.6763
28.6763
28.6763
29.7786
29.7786
29.7786
29.7786
29.7786
29.7786
29.7786
29.7786
31.2375
31.2375
31.2375
31.2375
31.2375
31.2375
31.2375
31.2375
33.0796
33.0796
33.0796
33.0796
33.0796
33.0796
33.0796
33.0796
35.3058
35.3058
35.3058
35.3058
35.3058
35.3058
35.3058
35.3058
37.883
37.883
37.883
37.883
37.883
37.883
37.883
37.883
40.7335
40.7335
40.7335
40.7335
40.7335
40.7335
40.7335
40.7335
43.7283
43.7283
43.7283
43.7283
43.7283
43.7283
43.7283
43.7283
46.6854
46.6854
46.6854
46.6854
46.6854
46.6854
46.6854
46.6854
49.3801
49.3801
49.3801
49.3801
49.3801
49.3801
49.3801
49.3801
51.5691
51.5691
51.5691
51.5691
51.5691
51.5691
51.5691
51.5691
53.0264
53.0264
53.0264
53.0264
53.0264
53.0264
53.0264
53.0264
26.7207
26.7207
26.7207
26.7207
26.7207
26.7207
26.7207
26.7207
26.9836
26.9836
26.9836
26.9836
26.9836
26.9836
26.9836
26.9836
27.3447
27.3447
27.3447
27.3447
27.3447
27.3447
27.3447
27.3447
27.885
27.885
27.885
27.885
27.885
27.885
27.885
27.885
28.6763
28.6763
28.6763
28.6763
28.6763
28.6763
28.6763
28.6763
29.7786
29.7786
29.7786
29.7786
29.7786
29.7786
29.7786
29.7786
31.2375
31.2375
31.2375
31.2375
31.2375
31.2375
31.2375
31.2375
33.0796
33.0796
33.0796
33.0796
33.0796
33.0796
33.0796
33.0796
35.3058
35.3058
35.3058
35.3058
35.3058
35.3058
35.3058
35.3058
37.883
37.883
37.883
37.883
37.883
37.883
37.883
37.883
40.7335
40.7335
40.7335
40.7335
40.7335
40.7335
40.7335
40.7335
43.7283
43.7283
43.7283
43.7283
43.7283
43.7283
43.7283
43.7283
46.6854
46.6854
46.6854
46.6854
46.6854
46.6854
46.6854
46.6854
49.3801
49.3801
49.3801
49.3801
49.3801
49.3801
49.3801
49.3801
51.5691
51.5691
51.5691
51.5691
51.5691
51.5691
51.5691
51.5691
53.0264
53.0264
53.0264
53.0264
53.0264
53.0264
53.0264
53.0264
24.459
24.459
24.459
24.459
24.459
24.459
24.459
24.459
24.8649
24.8649
24.8649
24.8649
24.8649
24.8649
24.8649
24.8649
25.3761
25.3761
25.3761
25.3761
25.3761
25.3761
25.3761
25.3761
26.0694
26.0694
26.0694
26.0694
26.0694
26.0694
26.0694
26.0694
27.0162
27.0162
27.0162
27.0162
27.0162
27.0162
27.0162
27.0162
28.2789
28.2789
28.2789
28.2789
28.2789
28.2789
28.2789
28.2789
29.9085
29.9085
29.9085
29.9085
29.9085
29.9085
29.9085
29.9085
31.9393
31.9393
31.9393
31.9393
31.9393
31.9393
31.9393
31.9393
34.3812
34.3812
34.3812
34.3812
34.3812
34.3812
34.3812
34.3812
37.2099
37.2099
37.2099
37.2099
37.2099
37.2099
37.2099
37.2099
40.3549
40.3549
40.3549
40.3549
40.3549
40.3549
40.3549
40.3549
43.6891
43.6891
43.6891
43.6891
43.6891
43.6891
43.6891
43.6891
47.0257
47.0257
47.0257
47.0257
47.0257
47.0257
47.0257
47.0257
50.1257
50.1257
50.1257
50.1257
50.1257
50.1257
50.1257
50.1257
52.7218
52.7218
52.7218
52.7218
52.7218
52.7218
52.7218
52.7218
54.5573
54.5573
54.5573
54.5573
54.5573
54.5573
54.5573
54.5573
24.459
24.459
24.459
24.459
24.459
24.459
24.459
24.459
24.8649
24.8649
24.8649
24.8649
24.8649
24.8649
24.8649
24.8649
25.3761
25.3761
25.3761
25.3761
25.3761
25.3761
25.3761
25.3761
26.0694
26.0694
26.0694
26.0694
26.0694
26.0694
26.0694
26.0694
27.0162
27.0162
27.0162
27.0162
27.0162
27.0162
27.0162
27.0162
28.2789
28.2789
28.2789
28.2789
28.2789
28.2789
28.2789
28.2789
29.9085
29.9085
29.9085
29.9085
29.9085
29.9085
29.9085
29.9085
31.9393
31.9393
31.9393
31.9393
31.9393
31.9393
31.9393
31.9393
34.3812
34.3812
34.3812
34.3812
34.3812
34.3812
34.3812
34.3812
37.2099
37.2099
37.2099
37.2099
37.2099
37.2099
37.2099
37.2099
40.3549
40.3549
40.3549
40.3549
40.3549
40.3549
40.3549
40.3549
43.6891
43.6891
43.6891
43.6891
43.6891
43.6891
43.6891
43.6891
47.0257
47.0257
47.0257
47.0257
47.0257
47.0257
47.0257
47.0257
50.1257
50.1257
50.1257
50.1257
50.1257
50.1257
50.1257
50.1257
52.7218
52.7218
52.7218
52.7218
52.7218
52.7218
52.7218
52.7218
54.5573
54.5573
54.5573
54.5573
54.5573
54.5573
54.5573
54.5573
24.459
24.459
24.459
24.459
24.459
24.459
24.459
24.459
24.8649
24.8649
24.8649
24.8649
24.8649
24.8649
24.8649
24.8649
25.3761
25.3761
25.3761
25.3761
25.3761
25.3761
25.3761
25.3761
26.0694
26.0694
26.0694
26.0694
26.0694
26.0694
26.0694
26.0694
27.0162
27.0162
27.0162
27.0162
27.0162
27.0162
27.0162
27.0162
28.2789
28.2789
28.2789
28.2789
28.2789
28.2789
28.2789
28.2789
29.9085
29.9085
29.9085
29.9085
29.9085
29.9085
29.9085
29.9085
31.9393
31.9393
31.9393
31.9393
31.9393
31.9393
31.9393
31.9393
34.3812
34.3812
34.3812
34.3812
34.3812
34.3812
34.3812
34.3812
37.2099
37.2099
37.2099
37.2099
37.2099
37.2099
37.2099
37.2099
40.3549
40.3549
40.3549
40.3549
40.3549
40.3549
40.3549
40.3549
43.6891
43.6891
43.6891
43.6891
43.6891
43.6891
43.6891
43.6891
47.0257
47.0257
47.0257
47.0257
47.0257
47.0257
47.0257
47.0257
50.1257
50.1257
50.1257
50.1257
50.1257
50.1257
50.1257
50.1257
52.7218
52.7218
52.7218
52.7218
52.7218
52.7218
52.7218
52.7218
54.5573
54.5573
54.5573
54.5573
54.5573
54.5573
54.5573
54.5573
24.459
24.459
24.459
24.459
24.459
24.459
24.459
24.459
24.8649
24.8649
24.8649
24.8649
24.8649
24.8649
24.8649
24.8649
25.3761
25.3761
25.3761
25.3761
25.3761
25.3761
25.3761
25.3761
26.0694
26.0694
26.0694
26.0694
26.0694
26.0694
26.0694
26.0694
27.0162
27.0162
27.0162
27.0162
27.0162
27.0162
27.0162
27.0162
28.2789
28.2789
28.2789
28.2789
28.2789
28.2789
28.2789
28.2789
29.9085
29.9085
29.9085
29.9085
29.9085
29.9085
29.9085
29.9085
31.9393
31.9393
31.9393
31.9393
31.9393
31.9393
31.9393
31.9393
34.3812
34.3812
34.3812
34.3812
34.3812
34.3812
34.3812
34.3812
37.2099
37.2099
37.2099
37.2099
37.2099
37.2099
37.2099
37.2099
40.3549
40.3549
40.3549
40.3549
40.3549
40.3549
40.3549
40.3549
43.6891
43.6891
43.6891
43.6891
43.6891
43.6891
43.6891
43.6891
47.0257
47.0257
47.0257
47.0257
47.0257
47.0257
47.0257
47.0257
50.1257
50.1257
50.1257
50.1257
50.1257
50.1257
50.1257
50.1257
52.7218
52.7218
52.7218
52.7218
52.7218
52.7218
52.7218
52.7218
54.5573
54.5573
54.5573
54.5573
54.5573
54.5573
54.5573
54.5573
22.2839
22.2839
22.2839
22.2839
22.2839
22.2839
22.2839
22.2839
22.8087
22.8087
22.8087
22.8087
22.8087
22.8087
22.8087
22.8087
23.4485
23.4485
23.4485
23.4485
23.4485
23.4485
23.4485
23.4485
24.2767
24.2767
24.2767
24.2767
24.2767
24.2767
24.2767
24.2767
25.3638
25.3638
25.3638
25.3638
25.3638
25.3638
25.3638
25.3638
26.7752
26.7752
26.7752
26.7752
26.7752
26.7752
26.7752
26.7752
28.5674
28.5674
28.5674
28.5674
28.5674
28.5674
28.5674
28.5674
30.7828
30.7828
30.7828
30.7828
30.7828
30.7828
30.7828
30.7828
33.4415
33.4415
33.4415
33.4415
33.4415
33.4415
33.4415
33.4415
36.5293
36.5293
36.5293
36.5293
36.5293
36.5293
36.5293
36.5293
39.984
39.984
39.984
39.984
39.984
39.984
39.984
39.984
43.6825
43.6825
43.6825
43.6825
43.6825
43.6825
43.6825
43.6825
47.4336
47.4336
47.4336
47.4336
47.4336
47.4336
47.4336
47.4336
50.9835
50.9835
50.9835
50.9835
50.9835
50.9835
50.9835
50.9835
54.0393
54.0393
54.0393
54.0393
54.0393
54.0393
54.0393
54.0393
56.3097
56.3097
56.3097
56.3097
56.3097
56.3097
56.3097
56.3097
22.2839
22.2839
22.2839
22.2839
22.2839
22.2839
22.2839
22.2839
22.8087
22.8087
22.8087
22.8087
22.8087
22.8087
22.8087
22.8087
23.4485
23.4485
23.4485
23.4485
23.4485
23.4485
23.4485
23.4485
24.2767
24.2767
24.2767
24.2767
24.2767
24.2767
24.2767
24.2767
25.3638
25.3638
25.3638
25.3638
25.3638
25.3638
25.3638
25.3638
26.7752
26.7752
26.7752
26.7752
26.7752
26.7752
26.7752
26.7752
28.5674
28.5674
28.5674
28.5674
28.5674
28.5674
28.5674
28.5674
30.7828
30.7828
30.7828
30.7828
30.7828
30.7828
30.7828
30.7828
33.4415
33.4415
33.4415
33.4415
33.4415
33.4415
33.4415
33.4415
36.5293
36.5293
36.5293
36.5293
36.5293
36.5293
36.5293
36.5293
39.984
39.984
39.984
39.984
39.984
39.984
39.984
39.984
43.6825
43.6825
43.6825
43.6825
43.6825
43.6825
43.6825
43.6825
47.4336
47.4336
47.4336
47.4336
47.4336
47.4336
47.4336
47.4336
50.9835
50.9835
50.9835
50.9835
50.9835
50.9835
50.9835
50.9835
54.0393
54.0393
54.0393
54.0393
54.0393
54.0393
54.0393
54.0393
56.3097
56.3097
56.3097
56.3097
56.3097
56.3097
56.3097
56.3097
22.2839
22.2839
22.2839
22.2839
22.2839
22.2839
22.2839
22.2839
22.8087
22.8087
22.8087
22.8087
22.8087
22.8087
22.8087
22.8087
23.4485
23.4485
23.4485
23.4485
23.4485
23.4485
23.4485
23.4485
24.2767
24.2767
24.2767
24.2767
24.2767
24.2767
24.2767
24.2767
25.3638
25.3638
25.3638
25.3638
25.3638
25.3638
25.3638
25.3638
26.7752
26.7752
26.7752
26.7752
26.7752
26.7752
26.7752
26.7752
28.5674
28.5674
28.5674
28.5674
28.5674
28.5674
28.5674
28.5674
30.7828
30.7828
30.7828
30.7828
30.7828
30.7828
30.7828
30.7828
33.4415
33.4415
33.4415
33.4415
33.4415
33.4415
33.4415
33.4415
36.5293
36.5293
36.5293
36.5293
36.5293
36.5293
36.5293
36.5293
39.984
39.984
39.984
39.984
39.984
39.984
39.984
39.984
43.6825
43.6825
43.6825
43.6825
43.6825
43.6825
43.6825
43.6825
47.4336
47.4336
47.4336
47.4336
47.4336
47.4336
47.4336
47.4336
50.9835
50.9835
50.9835
50.9835
50.9835
50.9835
50.9835
50.9835
54.0393
54.0393
54.0393
54.0393
54.0393
54.0393
54.0393
54.0393
56.3097
56.3097
56.3097
56.3097
56.3097
56.3097
56.3097
56.3097
22.2839
22.2839
22.2839
22.2839
22.2839
22.2839
22.2839
22.2839
22.8087
22.8087
22.8087
22.8087
22.8087
22.8087
22.8087
22.8087
23.4485
23.4485
23.4485
23.4485
23.4485
23.4485
23.4485
23.4485
24.2767
24.2767
24.2767
24.2767
24.2767
24.2767
24.2767
24.2767
25.3638
25.3638
25.3638
25.3638
25.3638
25.3638
25.3638
25.3638
26.7752
26.7752
26.7752
26.7752
26.7752
26.7752
26.7752
26.7752
28.5674
28.5674
28.5674
28.5674
28.5674
28.5674
28.5674
28.5674
30.7828
30.7828
30.7828
30.7828
30.7828
30.7828
30.7828
30.7828
33.4415
33.4415
33.4415
33.4415
33.4415
33.4415
33.4415
33.4415
36.5293
36.5293
36.5293
36.5293
36.5293
36.5293
36.5293
36.5293
39.984
39.984
39.984
39.984
39.984
39.984
39.984
39.984
43.6825
43.6825
43.6825
43.6825
43.6825
43.6825
43.6825
43.6825
47.4336
47.4336
47.4336
47.4336
47.4336
47.4336
47.4336
47.4336
50.9835
50.9835
50.9835
50.9835
50.9835
50.9835
50.9835
50.9835
54.0393
54.0393
54.0393
54.0393
54.0393
54.0393
54.0393
54.0393
56.3097
56.3097
56.3097
56.3097
56.3097
56.3097
56.3097
56.3097
20.2108
20.2108
20.2108
20.2108
20.2108
20.2108
20.2108
20.2108
20.8232
20.8232
20.8232
20.8232
20.8232
20.8232
20.8232
20.8232
21.5614
21.5614
21.5614
21.5614
21.5614
21.5614
21.5614
21.5614
22.4951
22.4951
22.4951
22.4951
22.4951
22.4951
22.4951
22.4951
23.6947
23.6947
23.6947
23.6947
23.6947
23.6947
23.6947
23.6947
25.2278
25.2278
25.2278
25.2278
25.2278
25.2278
25.2278
25.2278
27.1567
27.1567
27.1567
27.1567
27.1567
27.1567
27.1567
27.1567
29.5322
29.5322
29.5322
29.5322
29.5322
29.5322
29.5322
29.5322
32.3851
32.3851
32.3851
32.3851
32.3851
32.3851
32.3851
32.3851
35.7128
35.7128
35.7128
35.7128
35.7128
35.7128
35.7128
35.7128
39.4637
39.4637
39.4637
39.4637
39.4637
39.4637
39.4637
39.4637
43.5207
43.5207
43.5207
43.5207
43.5207
43.5207
43.5207
43.5207
47.6909
47.6909
47.6909
47.6909
47.6909
47.6909
47.6909
47.6909
51.7079
51.7079
51.7079
51.7079
51.7079
51.7079
51.7079
51.7079
55.2529
55.2529
55.2529
55.2529
55.2529
55.2529
55.2529
55.2529
57.9982
57.9982
57.9982
57.9982
57.9982
57.9982
57.9982
57.9982
20.2108
20.2108
20.2108
20.2108
20.2108
20.2108
20.2108
20.2108
20.8232
20.8232
20.8232
20.8232
20.8232
20.8232
20.8232
20.8232
21.5614
21.5614
21.5614
21.5614
21.5614
21.5614
21.5614
21.5614
22.4951
22.4951
22.4951
22.4951
22.4951
22.4951
22.4951
22.4951
23.6947
23.6947
23.6947
23.6947
23.6947
23.6947
23.6947
23.6947
25.2278
25.2278
25.2278
25.2278
25.2278
25.2278
25.2278
25.2278
27.1567
27.1567
27.1567
27.1567
27.1567
27.1567
27.1567
27.1567
29.5322
29.5322
29.5322
29.5322
29.5322
29.5322
29.5322
29.5322
32.3851
32.3851
32.3851
32.3851
32.3851
32.3851
32.3851
32.3851
35.7128
35.7128
35.7128
35.7128
35.7128
35.7128
35.7128
35.7128
39.4637
39.4637
39.4637
39.4637
39.4637
39.4637
39.4637
39.4637
43.5207
43.5207
43.5207
43.5207
43.5207
43.5207
43.5207
43.5207
47.6909
47.6909
47.6909
47.6909
47.6909
47.6909
47.6909
47.6909
51.7079
51.7079
51.7079
51.7079
51.7079
51.7079
51.7079
51.7079
55.2529
55.2529
55.2529
55.2529
55.2529
55.2529
55.2529
55.2529
57.9982
57.9982
57.9982
57.9982
57.9982
57.9982
57.9982
57.9982
20.2108
20.2108
20.2108
20.2108
20.2108
20.2108
20.2108
20.2108
20.8232
20.8232
20.8232
20.8232
20.8232
20.8232
20.8232
20.8232
21.5614
21.5614
21.5614
21.5614
21.5614
21.5614
21.5614
21.5614
22.4951
22.4951
22.4951
22.4951
22.4951
22.4951
22.4951
22.4951
23.6947
23.6947
23.6947
23.6947
23.6947
23.6947
23.6947
23.6947
25.2278
25.2278
25.2278
25.2278
25.2278
25.2278
25.2278
25.2278
27.1567
27.1567
27.1567
27.1567
27.1567
27.1567
27.1567
27.1567
29.5322
29.5322
29.5322
29.5322
29.5322
29.5322
29.5322
29.5322
32.3851
32.3851
32.3851
32.3851
32.3851
32.3851
32.3851
32.3851
35.7128
35.7128
35.7128
35.7128
35.7128
35.7128
35.7128
35.7128
39.4637
39.4637
39.4637
39.4637
39.4637
39.4637
39.4637
39.4637
43.5207
43.5207
43.5207
43.5207
43.5207
43.5207
43.5207
43.5207
47.6909
47.6909
47.6909
47.6909
47.6909
47.6909
47.6909
47.6909
51.7079
51.7079
51.7079
51.7079
51.7079
51.7079
51.7079
51.7079
55.2529
55.2529
55.2529
55.2529
55.2529
55.2529
55.2529
55.2529
57.9982
57.9982
57.9982
57.9982
57.9982
57.9982
57.9982
57.9982
20.2108
20.2108
20.2108
20.2108
20.2108
20.2108
20.2108
20.2108
20.8232
20.8232
20.8232
20.8232
20.8232
20.8232
20.8232
20.8232
21.5614
21.5614
21.5614
21.5614
21.5614
21.5614
21.5614
21.5614
22.4951
22.4951
22.4951
22.4951
22.4951
22.4951
22.4951
22.4951
23.6947
23.6947
23.6947
23.6947
23.6947
23.6947
23.6947
23.6947
25.2278
25.2278
25.2278
25.2278
25.2278
25.2278
25.2278
25.2278
27.1567
27.1567
27.1567
27.1567
27.1567
27.1567
27.1567
27.1567
29.5322
29.5322
29.5322
29.5322
29.5322
29.5322
29.5322
29.5322
32.3851
32.3851
32.3851
32.3851
32.3851
32.3851
32.3851
32.3851
35.7128
35.7128
35.7128
35.7128
35.7128
35.7128
35.7128
35.7128
39.4637
39.4637
39.4637
39.4637
39.4637
39.4637
39.4637
39.4637
43.5207
43.5207
43.5207
43.5207
43.5207
43.5207
43.5207
43.5207
47.6909
47.6909
47.6909
47.6909
47.6909
47.6909
47.6909
47.6909
51.7079
51.7079
51.7079
51.7079
51.7079
51.7079
51.7079
51.7079
55.2529
55.2529
55.2529
55.2529
55.2529
55.2529
55.2529
55.2529
57.9982
57.9982
57.9982
57.9982
57.9982
57.9982
57.9982
57.9982
18.2659
18.2659
18.2659
18.2659
18.2659
18.2659
18.2659
18.2659
18.9323
18.9323
18.9323
18.9323
18.9323
18.9323
18.9323
18.9323
19.7337
19.7337
19.7337
19.7337
19.7337
19.7337
19.7337
19.7337
20.7372
20.7372
20.7372
20.7372
20.7372
20.7372
20.7372
20.7372
22.0121
22.0121
22.0121
22.0121
22.0121
22.0121
22.0121
22.0121
23.6285
23.6285
23.6285
23.6285
23.6285
23.6285
23.6285
23.6285
25.6538
25.6538
25.6538
25.6538
25.6538
25.6538
25.6538
25.6538
28.1472
28.1472
28.1472
28.1472
28.1472
28.1472
28.1472
28.1472
31.1501
31.1501
31.1501
31.1501
31.1501
31.1501
31.1501
31.1501
34.6728
34.6728
34.6728
34.6728
34.6728
34.6728
34.6728
34.6728
38.676
38.676
38.676
38.676
38.676
38.676
38.676
38.676
43.0521
43.0521
43.0521
43.0521
43.0521
43.0521
43.0521
43.0521
47.6103
47.6103
47.6103
47.6103
47.6103
47.6103
47.6103
47.6103
52.0756
52.0756
52.0756
52.0756
52.0756
52.0756
52.0756
52.0756
56.1069
56.1069
56.1069
56.1069
56.1069
56.1069
56.1069
56.1069
59.3412
59.3412
59.3412
59.3412
59.3412
59.3412
59.3412
59.3412
18.2659
18.2659
18.2659
18.2659
18.2659
18.2659
18.2659
18.2659
18.9323
18.9323
18.9323
18.9323
18.9323
18.9323
18.9323
18.9323
19.7337
19.7337
19.7337
19.7337
19.7337
19.7337
19.7337
19.7337
20.7372
20.7372
20.7372
20.7372
20.7372
20.7372
20.7372
20.7372
22.0121
22.0121
22.0121
22.0121
22.0121
22.0121
22.0121
22.0121
23.6285
23.6285
23.6285
23.6285
23.6285
23.6285
23.6285
23.6285
25.6538
25.6538
25.6538
25.6538
25.6538
25.6538
25.6538
25.6538
28.1472
28.1472
28.1472
28.1472
28.1472
28.1472
28.1472
28.1472
31.1501
31.1501
31.1501
31.1501
31.1501
31.1501
31.1501
31.1501
34.6728
34.6728
34.6728
34.6728
34.6728
34.6728
34.6728
34.6728
38.676
38.676
38.676
38.676
38.676
38.676
38.676
38.676
43.0521
43.0521
43.0521
43.0521
43.0521
43.0521
43.0521
43.0521
47.6103
47.6103
47.6103
47.6103
47.6103
47.6103
47.6103
47.6103
52.0756
52.0756
52.0756
52.0756
52.0756
52.0756
52.0756
52.0756
56.1069
56.1069
56.1069
56.1069
56.1069
56.1069
56.1069
56.1069
59.3412
59.3412
59.3412
59.3412
59.3412
59.3412
59.3412
59.3412
18.2659
18.2659
18.2659
18.2659
18.2659
18.2659
18.2659
18.2659
18.9323
18.9323
18.9323
18.9323
18.9323
18.9323
18.9323
18.9323
19.7337
19.7337
19.7337
19.7337
19.7337
19.7337
19.7337
19.7337
20.7372
20.7372
20.7372
20.7372
20.7372
20.7372
20.7372
20.7372
22.0121
22.0121
22.0121
22.0121
22.0121
22.0121
22.0121
22.0121
23.6285
23.6285
23.6285
23.6285
23.6285
23.6285
23.6285
23.6285
25.6538
25.6538
25.6538
25.6538
25.6538
25.6538
25.6538
25.6538
28.1472
28.1472
28.1472
28.1472
28.1472
28.1472
28.1472
28.1472
31.1501
31.1501
31.1501
31.1501
31.1501
31.1501
31.1501
31.1501
34.6728
34.6728
34.6728
34.6728
34.6728
34.6728
34.6728
34.6728
38.676
38.676
38.676
38.676
38.676
38.676
38.676
38.676
43.0521
43.0521
43.0521
43.0521
43.0521
43.0521
43.0521
43.0521
47.6103
47.6103
47.6103
47.6103
47.6103
47.6103
47.6103
47.6103
52.0756
52.0756
52.0756
52.0756
52.0756
52.0756
52.0756
52.0756
56.1069
56.1069
56.1069
56.1069
56.1069
56.1069
56.1069
56.1069
59.3412
59.3412
59.3412
59.3412
59.3412
59.3412
59.3412
59.3412
18.2659
18.2659
18.2659
18.2659
18.2659
18.2659
18.2659
18.2659
18.9323
18.9323
18.9323
18.9323
18.9323
18.9323
18.9323
18.9323
19.7337
19.7337
19.7337
19.7337
19.7337
19.7337
19.7337
19.7337
20.7372
20.7372
20.7372
20.7372
20.7372
20.7372
20.7372
20.7372
22.0121
22.0121
22.0121
22.0121
22.0121
22.0121
22.0121
22.0121
23.6285
23.6285
23.6285
23.6285
23.6285
23.6285
23.6285
23.6285
25.6538
25.6538
25.6538
25.6538
25.6538
25.6538
25.6538
25.6538
28.1472
28.1472
28.1472
28.1472
28.1472
28.1472
28.1472
28.1472
31.1501
31.1501
31.1501
31.1501
31.1501
31.1501
31.1501
31.1501
34.6728
34.6728
34.6728
34.6728
34.6728
34.6728
34.6728
34.6728
38.676
38.676
38.676
38.676
38.676
38.676
38.676
38.676
43.0521
43.0521
43.0521
43.0521
43.0521
43.0521
43.0521
43.0521
47.6103
47.6103
47.6103
47.6103
47.6103
47.6103
47.6103
47.6103
52.0756
52.0756
52.0756
52.0756
52.0756
52.0756
52.0756
52.0756
56.1069
56.1069
56.1069
56.1069
56.1069
56.1069
56.1069
56.1069
59.3412
59.3412
59.3412
59.3412
59.3412
59.3412
59.3412
59.3412
