8192
60.3596
60.3596
60.3596
60.3596
60.3596
60.3596
60.3596
60.3596
61.8288
61.8288
61.8288
61.8288
61.8288
61.8288
61.8288
61.8288
62.0291
62.0291
62.0291
62.0291
62.0291
62.0291
62.0291
62.0291
60.8982
60.8982
60.8982
60.8982
60.8982
60.8982
60.8982
60.8982
58.5217
58.5217
58.5217
58.5217
58.5217
58.5217
58.5217
58.5217
55.1159
55.1159
55.1159
55.1159
55.1159
55.1159
55.1159
55.1159
50.9887
50.9887
50.9887
50.9887
50.9887
50.9887
50.9887
50.9887
46.4818
46.4818
46.4818
46.4818
46.4818
46.4818
46.4818
46.4818
41.9183
41.9183
41.9183
41.9183
41.9183
41.9183
41.9183
41.9183
37.5642
37.5642
37.5642
37.5642
37.5642
37.5642
37.5642
37.5642
33.6101
33.6101
33.6101
33.6101
33.6101
33.6101
33.6101
33.6101
30.1714
30.1714
30.1714
30.1714
30.1714
30.1714
30.1714
30.1714
27.3011
27.3011
27.3011
27.3011
27.3011
27.3011
27.3011
27.3011
25.0076
25.0076
25.0076
25.0076
25.0076
25.0076
25.0076
25.0076
23.273
23.273
23.273
23.273
23.273
23.273
23.273
23.273
22.0675
22.0675
22.0675
22.0675
22.0675
22.0675
22.0675
22.0675
60.3596
60.3596
60.3596
60.3596
60.3596
60.3596
60.3596
60.3596
61.8288
61.8288
61.8288
61.8288
61.8288
61.8288
61.8288
61.8288
62.0291
62.0291
62.0291
62.0291
62.0291
62.0291
62.0291
62.0291
60.8982
60.8982
60.8982
60.8982
60.8982
60.8982
60.8982
60.8982
58.5217
58.5217
58.5217
58.5217
58.5217
58.5217
58.5217
58.5217
55.1159
55.1159
55.1159
55.1159
55.1159
55.1159
55.1159
55.1159
50.9887
50.9887
50.9887
50.9887
50.9887
50.9887
50.9887
50.9887
46.4818
46.4818
46.4818
46.4818
46.4818
46.4818
46.4818
46.4818
41.9183
41.9183
41.9183
41.9183
41.9183
41.9183
41.9183
41.9183
37.5642
37.5642
37.5642
37.5642
37.5642
37.5642
37.5642
37.5642
33.6101
33.6101
33.6101
33.6101
33.6101
33.6101
33.6101
33.6101
30.1714
30.1714
30.1714
30.1714
30.1714
30.1714
30.1714
30.1714
27.3011
27.3011
27.3011
27.3011
27.3011
27.3011
27.3011
27.3011
25.0076
25.0076
25.0076
25.0076
25.0076
25.0076
25.0076
25.0076
23.273
23.273
23.273
23.273
23.273
23.273
23.273
23.273
22.0675
22.0675
22.0675
22.0675
22.0675
22.0675
22.0675
22.0675
60.3596
60.3596
60.3596
60.3596
60.3596
60.3596
60.3596
60.3596
61.8288
61.8288
61.8288
61.8288
61.8288
61.8288
61.8288
61.8288
62.0291
62.0291
62.0291
62.0291
62.0291
62.0291
62.0291
62.0291
60.8982
60.8982
60.8982
60.8982
60.8982
60.8982
60.8982
60.8982
58.5217
58.5217
58.5217
58.5217
58.5217
58.5217
58.5217
58.5217
55.1159
55.1159
55.1159
55.1159
55.1159
55.1159
55.1159
55.1159
50.9887
50.9887
50.9887
50.9887
50.9887
50.9887
50.9887
50.9887
46.4818
46.4818
46.4818
46.4818
46.4818
46.4818
46.4818
46.4818
41.9183
41.9183
41.9183
41.9183
41.9183
41.9183
41.9183
41.9183
37.5642
37.5642
37.5642
37.5642
37.5642
37.5642
37.5642
37.5642
33.6101
33.6101
33.6101
33.6101
33.6101
33.6101
33.6101
33.6101
30.1714
30.1714
30.1714
30.1714
30.1714
30.1714
30.1714
30.1714
27.3011
27.3011
27.3011
27.3011
27.3011
27.3011
27.3011
27.3011
25.0076
25.0076
25.0076
25.0076
25.0076
25.0076
25.0076
25.0076
23.273
23.273
23.273
23.273
23.273
23.273
23.273
23.273
22.0675
22.0675
22.0675
22.0675
22.0675
22.0675
22.0675
22.0675
60.3596
60.3596
60.3596
60.3596
60.3596
60.3596
60.3596
60.3596
61.8288
61.8288
61.8288
61.8288
61.8288
61.8288
61.8288
61.8288
62.0291
62.0291
62.0291
62.0291
62.0291
62.0291
62.0291
62.0291
60.8982
60.8982
60.8982
60.8982
60.8982
60.8982
60.8982
60.8982
58.5217
58.5217
58.5217
58.5217
58.5217
58.5217
58.5217
58.5217
55.1159
55.1159
55.1159
55.1159
55.1159
55.1159
55.1159
55.1159
50.9887
50.9887
50.9887
50.9887
50.9887
50.9887
50.9887
50.9887
46.4818
46.4818
46.4818
46.4818
46.4818
46.4818
46.4818
46.4818
41.9183
41.9183
41.9183
41.9183
41.9183
41.9183
41.9183
41.9183
37.5642
37.5642
37.5642
37.5642
37.5642
37.5642
37.5642
37.5642
33.6101
33.6101
33.6101
33.6101
33.6101
33.6101
33.6101
33.6101
30.1714
30.1714
30.1714
30.1714
30.1714
30.1714
30.1714
30.1714
27.3011
27.3011
27.3011
27.3011
27.3011
27.3011
27.3011
27.3011
25.0076
25.0076
25.0076
25.0076
25.0076
25.0076
25.0076
25.0076
23.273
23.273
23.273
23.273
23.273
23.273
23.273
23.273
22.0675
22.0675
22.0675
22.0675
22.0675
22.0675
22.0675
22.0675
61.5474
61.5474
61.5474
61.5474
61.5474
61.5474
61.5474
61.5474
63.064
63.064
63.064
63.064
63.064
63.064
63.064
63.064
63.2954
63.2954
63.2954
63.2954
63.2954
63.2954
63.2954
63.2954
62.1615
62.1615
62.1615
62.1615
62.1615
62.1615
62.1615
62.1615
59.7316
59.7316
59.7316
59.7316
59.7316
59.7316
59.7316
59.7316
56.216
56.216
56.216
56.216
56.216
56.216
56.216
56.216
51.9247
51.9247
51.9247
51.9247
51.9247
51.9247
51.9247
51.9247
47.21
47.21
47.21
47.21
47.21
47.21
47.21
47.21
42.411
42.411
42.411
42.411
42.411
42.411
42.411
42.411
37.8095
37.8095
37.8095
37.8095
37.8095
37.8095
37.8095
37.8095
33.6093
33.6093
33.6093
33.6093
33.6093
33.6093
33.6093
33.6093
29.9343
29.9343
29.9343
29.9343
29.9343
29.9343
29.9343
29.9343
26.8407
26.8407
26.8407
26.8407
26.8407
26.8407
26.8407
26.8407
24.3359
24.3359
24.3359
24.3359
24.3359
24.3359
24.3359
24.3359
22.3971
22.3971
22.3971
22.3971
22.3971
22.3971
22.3971
22.3971
20.9877
20.9877
20.9877
20.9877
20.9877
20.9877
20.9877
20.9877
61.5474
61.5474
61.5474
61.5474
61.5474
61.5474
61.5474
61.5474
63.064
63.064
63.064
63.064
63.064
63.064
63.064
63.064
63.2954
63.2954
63.2954
63.2954
63.2954
63.2954
63.2954
63.2954
62.1615
62.1615
62.1615
62.1615
62.1615
62.1615
62.1615
62.1615
59.7316
59.7316
59.7316
59.7316
59.7316
59.7316
59.7316
59.7316
56.216
56.216
56.216
56.216
56.216
56.216
56.216
56.216
51.9247
51.9247
51.9247
51.9247
51.9247
51.9247
51.9247
51.9247
47.21
47.21
47.21
47.21
47.21
47.21
47.21
47.21
42.411
42.411
42.411
42.411
42.411
42.411
42.411
42.411
37.8095
37.8095
37.8095
37.8095
37.8095
37.8095
37.8095
37.8095
33.6093
33.6093
33.6093
33.6093
33.6093
33.6093
33.6093
33.6093
29.9343
29.9343
29.9343
29.9343
29.9343
29.9343
29.9343
29.9343
26.8407
26.8407
26.8407
26.8407
26.8407
26.8407
26.8407
26.8407
24.3359
24.3359
24.3359
24.3359
24.3359
24.3359
24.3359
24.3359
22.3971
22.3971
22.3971
22.3971
22.3971
22.3971
22.3971
22.3971
20.9877
20.9877
20.9877
20.9877
20.9877
20.9877
20.9877
20.9877
61.5474
61.5474
61.5474
61.5474
61.5474
61.5474
61.5474
61.5474
63.064
63.064
63.064
63.064
63.064
63.064
63.064
63.064
63.2954
63.2954
63.2954
63.2954
63.2954
63.2954
63.2954
63.2954
62.1615
62.1615
62.1615
62.1615
62.1615
62.1615
62.1615
62.1615
59.7316
59.7316
59.7316
59.7316
59.7316
59.7316
59.7316
59.7316
56.216
56.216
56.216
56.216
56.216
56.216
56.216
56.216
51.9247
51.9247
51.9247
51.9247
51.9247
51.9247
51.9247
51.9247
47.21
47.21
47.21
47.21
47.21
47.21
47.21
47.21
42.411
42.411
42.411
42.411
42.411
42.411
42.411
42.411
37.8095
37.8095
37.8095
37.8095
37.8095
37.8095
37.8095
37.8095
33.6093
33.6093
33.6093
33.6093
33.6093
33.6093
33.6093
33.6093
29.9343
29.9343
29.9343
29.9343
29.9343
29.9343
29.9343
29.9343
26.8407
26.8407
26.8407
26.8407
26.8407
26.8407
26.8407
26.8407
24.3359
24.3359
24.3359
24.3359
24.3359
24.3359
24.3359
24.3359
22.3971
22.3971
22.3971
22.3971
22.3971
22.3971
22.3971
22.3971
20.9877
20.9877
20.9877
20.9877
20.9877
20.9877
20.9877
20.9877
61.5474
61.5474
61.5474
61.5474
61.5474
61.5474
61.5474
61.5474
63.064
63.064
63.064
63.064
63.064
63.064
63.064
63.064
63.2954
63.2954
63.2954
63.2954
63.2954
63.2954
63.2954
63.2954
62.1615
62.1615
62.1615
62.1615
62.1615
62.1615
62.1615
62.1615
59.7316
59.7316
59.7316
59.7316
59.7316
59.7316
59.7316
59.7316
56.216
56.216
56.216
56.216
56.216
56.216
56.216
56.216
51.9247
51.9247
51.9247
51.9247
51.9247
51.9247
51.9247
51.9247
47.21
47.21
47.21
47.21
47.21
47.21
47.21
47.21
42.411
42.411
42.411
42.411
42.411
42.411
42.411
42.411
37.8095
37.8095
37.8095
37.8095
37.8095
37.8095
37.8095
37.8095
33.6093
33.6093
33.6093
33.6093
33.6093
33.6093
33.6093
33.6093
29.9343
29.9343
29.9343
29.9343
29.9343
29.9343
29.9343
29.9343
26.8407
26.8407
26.8407
26.8407
26.8407
26.8407
26.8407
26.8407
24.3359
24.3359
24.3359
24.3359
24.3359
24.3359
24.3359
24.3359
22.3971
22.3971
22.3971
22.3971
22.3971
22.3971
22.3971
22.3971
20.9877
20.9877
20.9877
20.9877
20.9877
20.9877
20.9877
20.9877
62.9564
62.9564
62.9564
62.9564
62.9564
62.9564
62.9564
62.9564
64.4334
64.4334
64.4334
64.4334
64.4334
64.4334
64.4334
64.4334
64.6268
64.6268
64.6268
64.6268
64.6268
64.6268
64.6268
64.6268
63.442
63.442
63.442
63.442
63.442
63.442
63.442
63.442
60.9359
60.9359
60.9359
60.9359
60.9359
60.9359
60.9359
60.9359
57.3092
57.3092
57.3092
57.3092
57.3092
57.3092
57.3092
57.3092
52.87
52.87
52.87
52.87
52.87
52.87
52.87
52.87
47.975
47.975
47.975
47.975
47.975
47.975
47.975
47.975
42.9728
42.9728
42.9728
42.9728
42.9728
42.9728
42.9728
42.9728
38.1568
38.1568
38.1568
38.1568
38.1568
38.1568
38.1568
38.1568
33.7415
33.7415
33.7415
33.7415
33.7415
33.7415
33.7415
33.7415
29.8585
29.8585
29.8585
29.8585
29.8585
29.8585
29.8585
29.8585
26.5678
26.5678
26.5678
26.5678
26.5678
26.5678
26.5678
26.5678
23.8765
23.8765
23.8765
23.8765
23.8765
23.8765
23.8765
23.8765
21.7589
21.7589
21.7589
21.7589
21.7589
21.7589
21.7589
21.7589
20.1731
20.1731
20.1731
20.1731
20.1731
20.1731
20.1731
20.1731
62.9564
62.9564
62.9564
62.9564
62.9564
62.9564
62.9564
62.9564
64.4334
64.4334
64.4334
64.4334
64.4334
64.4334
64.4334
64.4334
64.6268
64.6268
64.6268
64.6268
64.6268
64.6268
64.6268
64.6268
63.442
63.442
63.442
63.442
63.442
63.442
63.442
63.442
60.9359
60.9359
60.9359
60.9359
60.9359
60.9359
60.9359
60.9359
57.3092
57.3092
57.3092
57.3092
57.3092
57.3092
57.3092
57.3092
52.87
52.87
52.87
52.87
52.87
52.87
52.87
52.87
47.975
47.975
47.975
47.975
47.975
47.975
47.975
47.975
42.9728
42.9728
42.9728
42.9728
42.9728
42.9728
42.9728
42.9728
38.1568
38.1568
38.1568
38.1568
38.1568
38.1568
38.1568
38.1568
33.7415
33.7415
33.7415
33.7415
33.7415
33.7415
33.7415
33.7415
29.8585
29.8585
29.8585
29.8585
29.8585
29.8585
29.8585
29.8585
26.5678
26.5678
26.5678
26.5678
26.5678
26.5678
26.5678
26.5678
23.8765
23.8765
23.8765
23.8765
23.8765
23.8765
23.8765
23.8765
21.7589
21.7589
21.7589
21.7589
21.7589
21.7589
21.7589
21.7589
20.1731
20.1731
20.1731
20.1731
20.1731
20.1731
20.1731
20.1731
62.9564
62.9564
62.9564
62.9564
62.9564
62.9564
62.9564
62.9564
64.4334
64.4334
64.4334
64.4334
64.4334
64.4334
64.4334
64.4334
64.6268
64.6268
64.6268
64.6268
64.6268
64.6268
64.6268
64.6268
63.442
63.442
63.442
63.442
63.442
63.442
63.442
63.442
60.9359
60.9359
60.9359
60.9359
60.9359
60.9359
60.9359
60.9359
57.3092
57.3092
57.3092
57.3092
57.3092
57.3092
57.3092
57.3092
52.87
52.87
52.87
52.87
52.87
52.87
52.87
52.87
47.975
47.975
47.975
47.975
47.975
47.975
47.975
47.975
42.9728
42.9728
42.9728
42.9728
42.9728
42.9728
42.9728
42.9728
38.1568
38.1568
38.1568
38.1568
38.1568
38.1568
38.1568
38.1568
33.7415
33.7415
33.7415
33.7415
33.7415
33.7415
33.7415
33.7415
29.8585
29.8585
29.8585
29.8585
29.8585
29.8585
29.8585
29.8585
26.5678
26.5678
26.5678
26.5678
26.5678
26.5678
26.5678
26.5678
23.8765
23.8765
23.8765
23.8765
23.8765
23.8765
23.8765
23.8765
21.7589
21.7589
21.7589
21.7589
21.7589
21.7589
21.7589
21.7589
20.1731
20.1731
20.1731
20.1731
20.1731
20.1731
20.1731
20.1731
62.9564
62.9564
62.9564
62.9564
62.9564
62.9564
62.9564
62.9564
64.4334
64.4334
64.4334
64.4334
64.4334
64.4334
64.4334
64.4334
64.6268
64.6268
64.6268
64.6268
64.6268
64.6268
64.6268
64.6268
63.442
63.442
63.442
63.442
63.442
63.442
63.442
63.442
60.9359
60.9359
60.9359
60.9359
60.9359
60.9359
60.9359
60.9359
57.3092
57.3092
57.3092
57.3092
57.3092
57.3092
57.3092
57.3092
52.87
52.87
52.87
52.87
52.87
52.87
52.87
52.87
47.975
47.975
47.975
47.975
47.975
47.975
47.975
47.975
42.9728
42.9728
42.9728
42.9728
42.9728
42.9728
42.9728
42.9728
38.1568
38.1568
38.1568
38.1568
38.1568
38.1568
38.1568
38.1568
33.7415
33.7415
33.7415
33.7415
33.7415
33.7415
33.7415
33.7415
29.8585
29.8585
29.8585
29.8585
29.8585
29.8585
29.8585
29.8585
26.5678
26.5678
26.5678
26.5678
26.5678
26.5678
26.5678
26.5678
23.8765
23.8765
23.8765
23.8765
23.8765
23.8765
23.8765
23.8765
21.7589
21.7589
21.7589
21.7589
21.7589
21.7589
21.7589
21.7589
20.1731
20.1731
20.1731
20.1731
20.1731
20.1731
20.1731
20.1731
64.6315
64.6315
64.6315
64.6315
64.6315
64.6315
64.6315
64.6315
65.9777
65.9777
65.9777
65.9777
65.9777
65.9777
65.9777
65.9777
66.0609
66.0609
66.0609
66.0609
66.0609
66.0609
66.0609
66.0609
64.7779
64.7779
64.7779
64.7779
64.7779
64.7779
64.7779
64.7779
62.1741
62.1741
62.1741
62.1741
62.1741
62.1741
62.1741
62.1741
58.439
58.439
58.439
58.439
58.439
58.439
58.439
58.439
53.8724
53.8724
53.8724
53.8724
53.8724
53.8724
53.8724
53.8724
48.829
48.829
48.829
48.829
48.829
48.829
48.829
48.829
43.66
43.66
43.66
43.66
43.66
43.66
43.66
43.66
38.6652
38.6652
38.6652
38.6652
38.6652
38.6652
38.6652
38.6652
34.0667
34.0667
34.0667
34.0667
34.0667
34.0667
34.0667
34.0667
30.0027
30.0027
30.0027
30.0027
30.0027
30.0027
30.0027
30.0027
26.5375
26.5375
26.5375
26.5375
26.5375
26.5375
26.5375
26.5375
23.6797
23.6797
23.6797
23.6797
23.6797
23.6797
23.6797
23.6797
21.4023
21.4023
21.4023
21.4023
21.4023
21.4023
21.4023
21.4023
19.6603
19.6603
19.6603
19.6603
19.6603
19.6603
19.6603
19.6603
64.6315
64.6315
64.6315
64.6315
64.6315
64.6315
64.6315
64.6315
65.9777
65.9777
65.9777
65.9777
65.9777
65.9777
65.9777
65.9777
66.0609
66.0609
66.0609
66.0609
66.0609
66.0609
66.0609
66.0609
64.7779
64.7779
64.7779
64.7779
64.7779
64.7779
64.7779
64.7779
62.1741
62.1741
62.1741
62.1741
62.1741
62.1741
62.1741
62.1741
58.439
58.439
58.439
58.439
58.439
58.439
58.439
58.439
53.8724
53.8724
53.8724
53.8724
53.8724
53.8724
53.8724
53.8724
48.829
48.829
48.829
48.829
48.829
48.829
48.829
48.829
43.66
43.66
43.66
43.66
43.66
43.66
43.66
43.66
38.6652
38.6652
38.6652
38.6652
38.6652
38.6652
38.6652
38.6652
34.0667
34.0667
34.0667
34.0667
34.0667
34.0667
34.0667
34.0667
30.0027
30.0027
30.0027
30.0027
30.0027
30.0027
30.0027
30.0027
26.5375
26.5375
26.5375
26.5375
26.5375
26.5375
26.5375
26.5375
23.6797
23.6797
23.6797
23.6797
23.6797
23.6797
23.6797
23.6797
21.4023
21.4023
21.4023
21.4023
21.4023
21.4023
21.4023
21.4023
19.6603
19.6603
19.6603
19.6603
19.6603
19.6603
19.6603
19.6603
64.6315
64.6315
64.6315
64.6315
64.6315
64.6315
64.6315
64.6315
65.9777
65.9777
65.9777
65.9777
65.9777
65.9777
65.9777
65.9777
66.0609
66.0609
66.0609
66.0609
66.0609
66.0609
66.0609
66.0609
64.7779
64.7779
64.7779
64.7779
64.7779
64.7779
64.7779
64.7779
62.1741
62.1741
62.1741
62.1741
62.1741
62.1741
62.1741
62.1741
58.439
58.439
58.439
58.439
58.439
58.439
58.439
58.439
53.8724
53.8724
53.8724
53.8724
53.8724
53.8724
53.8724
53.8724
48.829
48.829
48.829
48.829
48.829
48.829
48.829
48.829
43.66
43.66
43.66
43.66
43.66
43.66
43.66
43.66
38.6652
38.6652
38.6652
38.6652
38.6652
38.6652
38.6652
38.6652
34.0667
34.0667
34.0667
34.0667
34.0667
34.0667
34.0667
34.0667
30.0027
30.0027
30.0027
30.0027
30.0027
30.0027
30.0027
30.0027
26.5375
26.5375
26.5375
26.5375
26.5375
26.5375
26.5375
26.5375
23.6797
23.6797
23.6797
23.6797
23.6797
23.6797
23.6797
23.6797
21.4023
21.4023
21.4023
21.4023
21.4023
21.4023
21.4023
21.4023
19.6603
19.6603
19.6603
19.6603
19.6603
19.6603
19.6603
19.6603
64.6315
64.6315
64.6315
64.6315
64.6315
64.6315
64.6315
64.6315
65.9777
65.9777
65.9777
65.9777
65.9777
65.9777
65.9777
65.9777
66.0609
66.0609
66.0609
66.0609
66.0609
66.0609
66.0609
66.0609
64.7779
64.7779
64.7779
64.7779
64.7779
64.7779
64.7779
64.7779
62.1741
62.1741
62.1741
62.1741
62.1741
62.1741
62.1741
62.1741
58.439
58.439
58.439
58.439
58.439
58.439
58.439
58.439
53.8724
53.8724
53.8724
53.8724
53.8724
53.8724
53.8724
53.8724
48.829
48.829
48.829
48.829
48.829
48.829
48.829
48.829
43.66
43.66
43.66
43.66
43.66
43.66
43.66
43.66
38.6652
38.6652
38.6652
38.6652
38.6652
38.6652
38.6652
38.6652
34.0667
34.0667
34.0667
34.0667
34.0667
34.0667
34.0667
34.0667
30.0027
30.0027
30.0027
30.0027
30.0027
30.0027
30.0027
30.0027
26.5375
26.5375
26.5375
26.5375
26.5375
26.5375
26.5375
26.5375
23.6797
23.6797
23.6797
23.6797
23.6797
23.6797
23.6797
23.6797
21.4023
21.4023
21.4023
21.4023
21.4023
21.4023
21.4023
21.4023
19.6603
19.6603
19.6603
19.6603
19.6603
19.6603
19.6603
19.6603
66.575
66.575
66.575
66.575
66.575
66.575
66.575
66.575
67.6962
67.6962
67.6962
67.6962
67.6962
67.6962
67.6962
67.6962
67.5971
67.5971
67.5971
67.5971
67.5971
67.5971
67.5971
67.5971
66.1703
66.1703
66.1703
66.1703
66.1703
66.1703
66.1703
66.1703
63.4518
63.4518
63.4518
63.4518
63.4518
63.4518
63.4518
63.4518
59.6172
59.6172
59.6172
59.6172
59.6172
59.6172
59.6172
59.6172
54.9515
54.9515
54.9515
54.9515
54.9515
54.9515
54.9515
54.9515
49.7994
49.7994
49.7994
49.7994
49.7994
49.7994
49.7994
49.7994
44.5065
44.5065
44.5065
44.5065
44.5065
44.5065
44.5065
44.5065
39.3735
39.3735
39.3735
39.3735
39.3735
39.3735
39.3735
39.3735
34.6264
34.6264
34.6264
34.6264
34.6264
34.6264
34.6264
34.6264
30.409
30.409
30.409
30.409
30.409
30.409
30.409
30.409
26.7904
26.7904
26.7904
26.7904
26.7904
26.7904
26.7904
26.7904
23.7824
23.7824
23.7824
23.7824
23.7824
23.7824
23.7824
23.7824
21.3591
21.3591
21.3591
21.3591
21.3591
21.3591
21.3591
21.3591
19.4743
19.4743
19.4743
19.4743
19.4743
19.4743
19.4743
19.4743
66.575
66.575
66.575
66.575
66.575
66.575
66.575
66.575
67.6962
67.6962
67.6962
67.6962
67.6962
67.6962
67.6962
67.6962
67.5971
67.5971
67.5971
67.5971
67.5971
67.5971
67.5971
67.5971
66.1703
66.1703
66.1703
66.1703
66.1703
66.1703
66.1703
66.1703
63.4518
63.4518
63.4518
63.4518
63.4518
63.4518
63.4518
63.4518
59.6172
59.6172
59.6172
59.6172
59.6172
59.6172
59.6172
59.6172
54.9515
54.9515
54.9515
54.9515
54.9515
54.9515
54.9515
54.9515
49.7994
49.7994
49.7994
49.7994
49.7994
49.7994
49.7994
49.7994
44.5065
44.5065
44.5065
44.5065
44.5065
44.5065
44.5065
44.5065
39.3735
39.3735
39.3735
39.3735
39.3735
39.3735
39.3735
39.3735
34.6264
34.6264
34.6264
34.6264
34.6264
34.6264
34.6264
34.6264
30.409
30.409
30.409
30.409
30.409
30.409
30.409
30.409
26.7904
26.7904
26.7904
26.7904
26.7904
26.7904
26.7904
26.7904
23.7824
23.7824
23.7824
23.7824
23.7824
23.7824
23.7824
23.7824
21.3591
21.3591
21.3591
21.3591
21.3591
21.3591
21.3591
21.3591
19.4743
19.4743
19.4743
19.4743
19.4743
19.4743
19.4743
19.4743
66.575
66.575
66.575
66.575
66.575
66.575
66.575
66.575
67.6962
67.6962
67.6962
67.6962
67.6962
67.6962
67.6962
67.6962
67.5971
67.5971
67.5971
67.5971
67.5971
67.5971
67.5971
67.5971
66.1703
66.1703
66.1703
66.1703
66.1703
66.1703
66.1703
66.1703
63.4518
63.4518
63.4518
63.4518
63.4518
63.4518
63.4518
63.4518
59.6172
59.6172
59.6172
59.6172
59.6172
59.6172
59.6172
59.6172
54.9515
54.9515
54.9515
54.9515
54.9515
54.9515
54.9515
54.9515
49.7994
49.7994
49.7994
49.7994
49.7994
49.7994
49.7994
49.7994
44.5065
44.5065
44.5065
44.5065
44.5065
44.5065
44.5065
44.5065
39.3735
39.3735
39.3735
39.3735
39.3735
39.3735
39.3735
39.3735
34.6264
34.6264
34.6264
34.6264
34.6264
34.6264
34.6264
34.6264
30.409
30.409
30.409
30.409
30.409
30.409
30.409
30.409
26.7904
26.7904
26.7904
26.7904
26.7904
26.7904
26.7904
26.7904
23.7824
23.7824
23.7824
23.7824
23.7824
23.7824
23.7824
23.7824
21.3591
21.3591
21.3591
21.3591
21.3591
21.3591
21.3591
21.3591
19.4743
19.4743
19.4743
19.4743
19.4743
19.4743
19.4743
19.4743
66.575
66.575
66.575
66.575
66.575
66.575
66.575
66.575
67.6962
67.6962
67.6962
67.6962
67.6962
67.6962
67.6962
67.6962
67.5971
67.5971
67.5971
67.5971
67.5971
67.5971
67.5971
67.5971
66.1703
66.1703
66.1703
66.1703
66.1703
66.1703
66.1703
66.1703
63.4518
63.4518
63.4518
63.4518
63.4518
63.4518
63.4518
63.4518
59.6172
59.6172
59.6172
59.6172
59.6172
59.6172
59.6172
59.6172
54.9515
54.9515
54.9515
54.9515
54.9515
54.9515
54.9515
54.9515
49.7994
49.7994
49.7994
49.7994
49.7994
49.7994
49.7994
49.7994
44.5065
44.5065
44.5065
44.5065
44.5065
44.5065
44.5065
44.5065
39.3735
39.3735
39.3735
39.3735
39.3735
39.3735
39.3735
39.3735
34.6264
34.6264
34.6264
34.6264
34.6264
34.6264
34.6264
34.6264
30.409
30.409
30.409
30.409
30.409
30.409
30.409
30.409
26.7904
26.7904
26.7904
26.7904
26.7904
26.7904
26.7904
26.7904
23.7824
23.7824
23.7824
23.7824
23.7824
23.7824
23.7824
23.7824
21.3591
21.3591
21.3591
21.3591
21.3591
21.3591
21.3591
21.3591
19.4743
19.4743
19.4743
19.4743
19.4743
19.4743
19.4743
19.4743
68.737
68.737
68.737
68.737
68.737
68.737
68.737
68.737
69.5367
69.5367
69.5367
69.5367
69.5367
69.5367
69.5367
69.5367
69.1847
69.1847
69.1847
69.1847
69.1847
69.1847
69.1847
69.1847
67.575
67.575
67.575
67.575
67.575
67.575
67.575
67.575
64.7336
64.7336
64.7336
64.7336
64.7336
64.7336
64.7336
64.7336
60.8176
60.8176
60.8176
60.8176
60.8176
60.8176
60.8176
60.8176
56.0919
56.0919
56.0919
56.0919
56.0919
56.0919
56.0919
56.0919
50.881
50.881
50.881
50.881
50.881
50.881
50.881
50.881
45.5174
45.5174
45.5174
45.5174
45.5174
45.5174
45.5174
45.5174
40.2953
40.2953
40.2953
40.2953
40.2953
40.2953
40.2953
40.2953
35.4407
35.4407
35.4407
35.4407
35.4407
35.4407
35.4407
35.4407
31.1012
31.1012
31.1012
31.1012
31.1012
31.1012
31.1012
31.1012
27.3517
27.3517
27.3517
27.3517
27.3517
27.3517
27.3517
27.3517
24.2091
24.2091
24.2091
24.2091
24.2091
24.2091
24.2091
24.2091
21.6507
21.6507
21.6507
21.6507
21.6507
21.6507
21.6507
21.6507
19.6321
19.6321
19.6321
19.6321
19.6321
19.6321
19.6321
19.6321
68.737
68.737
68.737
68.737
68.737
68.737
68.737
68.737
69.5367
69.5367
69.5367
69.5367
69.5367
69.5367
69.5367
69.5367
69.1847
69.1847
69.1847
69.1847
69.1847
69.1847
69.1847
69.1847
67.575
67.575
67.575
67.575
67.575
67.575
67.575
67.575
64.7336
64.7336
64.7336
64.7336
64.7336
64.7336
64.7336
64.7336
60.8176
60.8176
60.8176
60.8176
60.8176
60.8176
60.8176
60.8176
56.0919
56.0919
56.0919
56.0919
56.0919
56.0919
56.0919
56.0919
50.881
50.881
50.881
50.881
50.881
50.881
50.881
50.881
45.5174
45.5174
45.5174
45.5174
45.5174
45.5174
45.5174
45.5174
40.2953
40.2953
40.2953
40.2953
40.2953
40.2953
40.2953
40.2953
35.4407
35.4407
35.4407
35.4407
35.4407
35.4407
35.4407
35.4407
31.1012
31.1012
31.1012
31.1012
31.1012
31.1012
31.1012
31.1012
27.3517
27.3517
27.3517
27.3517
27.3517
27.3517
27.3517
27.3517
24.2091
24.2091
24.2091
24.2091
24.2091
24.2091
24.2091
24.2091
21.6507
21.6507
21.6507
21.6507
21.6507
21.6507
21.6507
21.6507
19.6321
19.6321
19.6321
19.6321
19.6321
19.6321
19.6321
19.6321
68.737
68.737
68.737
68.737
68.737
68.737
68.737
68.737
69.5367
69.5367
69.5367
69.5367
69.5367
69.5367
69.5367
69.5367
69.1847
69.1847
69.1847
69.1847
69.1847
69.1847
69.1847
69.1847
67.575
67.575
67.575
67.575
67.575
67.575
67.575
67.575
64.7336
64.7336
64.7336
64.7336
64.7336
64.7336
64.7336
64.7336
60.8176
60.8176
60.8176
60.8176
60.8176
60.8176
60.8176
60.8176
56.0919
56.0919
56.0919
56.0919
56.0919
56.0919
56.0919
56.0919
50.881
50.881
50.881
50.881
50.881
50.881
50.881
50.881
45.5174
45.5174
45.5174
45.5174
45.5174
45.5174
45.5174
45.5174
40.2953
40.2953
40.2953
40.2953
40.2953
40.2953
40.2953
40.2953
35.4407
35.4407
35.4407
35.4407
35.4407
35.4407
35.4407
35.4407
31.1012
31.1012
31.1012
31.1012
31.1012
31.1012
31.1012
31.1012
27.3517
27.3517
27.3517
27.3517
27.3517
27.3517
27.3517
27.3517
24.2091
24.2091
24.2091
24.2091
24.2091
24.2091
24.2091
24.2091
21.6507
21.6507
21.6507
21.6507
21.6507
21.6507
21.6507
21.6507
19.6321
19.6321
19.6321
19.6321
19.6321
19.6321
19.6321
19.6321
68.737
68.737
68.737
68.737
68.737
68.737
68.737
68.737
69.5367
69.5367
69.5367
69.5367
69.5367
69.5367
69.5367
69.5367
69.1847
69.1847
69.1847
69.1847
69.1847
69.1847
69.1847
69.1847
67.575
67.575
67.575
67.575
67.575
67.575
67.575
67.575
64.7336
64.7336
64.7336
64.7336
64.7336
64.7336
64.7336
64.7336
60.8176
60.8176
60.8176
60.8176
60.8176
60.8176
60.8176
60.8176
56.0919
56.0919
56.0919
56.0919
56.0919
56.0919
56.0919
56.0919
50.881
50.881
50.881
50.881
50.881
50.881
50.881
50.881
45.5174
45.5174
45.5174
45.5174
45.5174
45.5174
45.5174
45.5174
40.2953
40.2953
40.2953
40.2953
40.2953
40.2953
40.2953
40.2953
35.4407
35.4407
35.4407
35.4407
35.4407
35.4407
35.4407
35.4407
31.1012
31.1012
31.1012
31.1012
31.1012
31.1012
31.1012
31.1012
27.3517
27.3517
27.3517
27.3517
27.3517
27.3517
27.3517
27.3517
24.2091
24.2091
24.2091
24.2091
24.2091
24.2091
24.2091
24.2091
21.6507
21.6507
21.6507
21.6507
21.6507
21.6507
21.6507
21.6507
19.6321
19.6321
19.6321
19.6321
19.6321
19.6321
19.6321
19.6321
71.0054
71.0054
71.0054
71.0054
71.0054
71.0054
71.0054
71.0054
71.3881
71.3881
71.3881
71.3881
71.3881
71.3881
71.3881
71.3881
70.7196
70.7196
70.7196
70.7196
70.7196
70.7196
70.7196
70.7196
68.8973
68.8973
68.8973
68.8973
68.8973
68.8973
68.8973
68.8973
65.9357
65.9357
65.9357
65.9357
65.9357
65.9357
65.9357
65.9357
61.9701
61.9701
61.9701
61.9701
61.9701
61.9701
61.9701
61.9701
57.2363
57.2363
57.2363
57.2363
57.2363
57.2363
57.2363
57.2363
52.0308
52.0308
52.0308
52.0308
52.0308
52.0308
52.0308
52.0308
46.6634
46.6634
46.6634
46.6634
46.6634
46.6634
46.6634
46.6634
41.4139
41.4139
41.4139
41.4139
41.4139
41.4139
41.4139
41.4139
36.5036
36.5036
36.5036
36.5036
36.5036
36.5036
36.5036
36.5036
32.0822
32.0822
32.0822
32.0822
32.0822
32.0822
32.0822
32.0822
28.2302
28.2302
28.2302
28.2302
28.2302
28.2302
28.2302
28.2302
24.9715
24.9715
24.9715
24.9715
24.9715
24.9715
24.9715
24.9715
22.2897
22.2897
22.2897
22.2897
22.2897
22.2897
22.2897
22.2897
20.1445
20.1445
20.1445
20.1445
20.1445
20.1445
20.1445
20.1445
71.0054
71.0054
71.0054
71.0054
71.0054
71.0054
71.0054
71.0054
71.3881
71.3881
71.3881
71.3881
71.3881
71.3881
71.3881
71.3881
70.7196
70.7196
70.7196
70.7196
70.7196
70.7196
70.7196
70.7196
68.8973
68.8973
68.8973
68.8973
68.8973
68.8973
68.8973
68.8973
65.9357
65.9357
65.9357
65.9357
65.9357
65.9357
65.9357
65.9357
61.9701
61.9701
61.9701
61.9701
61.9701
61.9701
61.9701
61.9701
57.2363
57.2363
57.2363
57.2363
57.2363
57.2363
57.2363
57.2363
52.0308
52.0308
52.0308
52.0308
52.0308
52.0308
52.0308
52.0308
46.6634
46.6634
46.6634
46.6634
46.6634
46.6634
46.6634
46.6634
41.4139
41.4139
41.4139
41.4139
41.4139
41.4139
41.4139
41.4139
36.5036
36.5036
36.5036
36.5036
36.5036
36.5036
36.5036
36.5036
32.0822
32.0822
32.0822
32.0822
32.0822
32.0822
32.0822
32.0822
28.2302
28.2302
28.2302
28.2302
28.2302
28.2302
28.2302
28.2302
24.9715
24.9715
24.9715
24.9715
24.9715
24.9715
24.9715
24.9715
22.2897
22.2897
22.2897
22.2897
22.2897
22.2897
22.2897
22.2897
20.1445
20.1445
20.1445
20.1445
20.1445
20.1445
20.1445
20.1445
71.0054
71.0054
71.0054
71.0054
71.0054
71.0054
71.0054
71.0054
71.3881
71.3881
71.3881
71.3881
71.3881
71.3881
71.3881
71.3881
70.7196
70.7196
70.7196
70.7196
70.7196
70.7196
70.7196
70.7196
68.8973
68.8973
68.8973
68.8973
68.8973
68.8973
68.8973
68.8973
65.9357
65.9357
65.9357
65.9357
65.9357
65.9357
65.9357
65.9357
61.9701
61.9701
61.9701
61.9701
61.9701
61.9701
61.9701
61.9701
57.2363
57.2363
57.2363
57.2363
57.2363
57.2363
57.2363
57.2363
52.0308
52.0308
52.0308
52.0308
52.0308
52.0308
52.0308
52.0308
46.6634
46.6634
46.6634
46.6634
46.6634
46.6634
46.6634
46.6634
41.4139
41.4139
41.4139
41.4139
41.4139
41.4139
41.4139
41.4139
36.5036
36.5036
36.5036
36.5036
36.5036
36.5036
36.5036
36.5036
32.0822
32.0822
32.0822
32.0822
32.0822
32.0822
32.0822
32.0822
28.2302
28.2302
28.2302
28.2302
28.2302
28.2302
28.2302
28.2302
24.9715
24.9715
24.9715
24.9715
24.9715
24.9715
24.9715
24.9715
22.2897
22.2897
22.2897
22.2897
22.2897
22.2897
22.2897
22.2897
20.1445
20.1445
20.1445
20.1445
20.1445
20.1445
20.1445
20.1445
71.0054
71.0054
71.0054
71.0054
71.0054
71.0054
71.0054
71.0054
71.3881
71.3881
71.3881
71.3881
71.3881
71.3881
71.3881
71.3881
70.7196
70.7196
70.7196
70.7196
70.7196
70.7196
70.7196
70.7196
68.8973
68.8973
68.8973
68.8973
68.8973
68.8973
68.8973
68.8973
65.9357
65.9357
65.9357
65.9357
65.9357
65.9357
65.9357
65.9357
61.9701
61.9701
61.9701
61.9701
61.9701
61.9701
61.9701
61.9701
57.2363
57.2363
57.2363
57.2363
57.2363
57.2363
57.2363
57.2363
52.0308
52.0308
52.0308
52.0308
52.0308
52.0308
52.0308
52.0308
46.6634
46.6634
46.6634
46.6634
46.6634
46.6634
46.6634
46.6634
41.4139
41.4139
41.4139
41.4139
41.4139
41.4139
41.4139
41.4139
36.5036
36.5036
36.5036
36.5036
36.5036
36.5036
36.5036
36.5036
32.0822
32.0822
32.0822
32.0822
32.0822
32.0822
32.0822
32.0822
28.2302
28.2302
28.2302
28.2302
28.2302
28.2302
28.2302
28.2302
24.9715
24.9715
24.9715
24.9715
24.9715
24.9715
24.9715
24.9715
22.2897
22.2897
22.2897
22.2897
22.2897
22.2897
22.2897
22.2897
20.1445
20.1445
20.1445
20.1445
20.1445
20.1445
20.1445
20.1445
73.2019
73.2019
73.2019
73.2019
73.2019
73.2019
73.2019
73.2019
73.0805
73.0805
73.0805
73.0805
73.0805
73.0805
73.0805
73.0805
72.044
72.044
72.044
72.044
72.044
72.044
72.044
72.044
69.9926
69.9926
69.9926
69.9926
69.9926
69.9926
69.9926
69.9926
66.9286
66.9286
66.9286
66.9286
66.9286
66.9286
66.9286
66.9286
62.9602
62.9602
62.9602
62.9602
62.9602
62.9602
62.9602
62.9602
58.2864
58.2864
58.2864
58.2864
58.2864
58.2864
58.2864
58.2864
53.1666
53.1666
53.1666
53.1666
53.1666
53.1666
53.1666
53.1666
47.878
47.878
47.878
47.878
47.878
47.878
47.878
47.878
42.6791
42.6791
42.6791
42.6791
42.6791
42.6791
42.6791
42.6791
37.7802
37.7802
37.7802
37.7802
37.7802
37.7802
37.7802
37.7802
33.3301
33.3301
33.3301
33.3301
33.3301
33.3301
33.3301
33.3301
29.4148
29.4148
29.4148
29.4148
29.4148
29.4148
29.4148
29.4148
26.0667
26.0667
26.0667
26.0667
26.0667
26.0667
26.0667
26.0667
23.2781
23.2781
23.2781
23.2781
23.2781
23.2781
23.2781
23.2781
21.0159
21.0159
21.0159
21.0159
21.0159
21.0159
21.0159
21.0159
73.2019
73.2019
73.2019
73.2019
73.2019
73.2019
73.2019
73.2019
73.0805
73.0805
73.0805
73.0805
73.0805
73.0805
73.0805
73.0805
72.044
72.044
72.044
72.044
72.044
72.044
72.044
72.044
69.9926
69.9926
69.9926
69.9926
69.9926
69.9926
69.9926
69.9926
66.9286
66.9286
66.9286
66.9286
66.9286
66.9286
66.9286
66.9286
62.9602
62.9602
62.9602
62.9602
62.9602
62.9602
62.9602
62.9602
58.2864
58.2864
58.2864
58.2864
58.2864
58.2864
58.2864
58.2864
53.1666
53.1666
53.1666
53.1666
53.1666
53.1666
53.1666
53.1666
47.878
47.878
47.878
47.878
47.878
47.878
47.878
47.878
42.6791
42.6791
42.6791
42.6791
42.6791
42.6791
42.6791
42.6791
37.7802
37.7802
37.7802
37.7802
37.7802
37.7802
37.7802
37.7802
33.3301
33.3301
33.3301
33.3301
33.3301
33.3301
33.3301
33.3301
29.4148
29.4148
29.4148
29.4148
29.4148
29.4148
29.4148
29.4148
26.0667
26.0667
26.0667
26.0667
26.0667
26.0667
26.0667
26.0667
23.2781
23.2781
23.2781
23.2781
23.2781
23.2781
23.2781
23.2781
21.0159
21.0159
21.0159
21.0159
21.0159
21.0159
21.0159
21.0159
73.2019
73.2019
73.2019
73.2019
73.2019
73.2019
73.2019
73.2019
73.0805
73.0805
73.0805
73.0805
73.0805
73.0805
73.0805
73.0805
72.044
72.044
72.044
72.044
72.044
72.044
72.044
72.044
69.9926
69.9926
69.9926
69.9926
69.9926
69.9926
69.9926
69.9926
66.9286
66.9286
66.9286
66.9286
66.9286
66.9286
66.9286
66.9286
62.9602
62.9602
62.9602
62.9602
62.9602
62.9602
62.9602
62.9602
58.2864
58.2864
58.2864
58.2864
58.2864
58.2864
58.2864
58.2864
53.1666
53.1666
53.1666
53.1666
53.1666
53.1666
53.1666
53.1666
47.878
47.878
47.878
47.878
47.878
47.878
47.878
47.878
42.6791
42.6791
42.6791
42.6791
42.6791
42.6791
42.6791
42.6791
37.7802
37.7802
37.7802
37.7802
37.7802
37.7802
37.7802
37.7802
33.3301
33.3301
33.3301
33.3301
33.3301
33.3301
33.3301
33.3301
29.4148
29.4148
29.4148
29.4148
29.4148
29.4148
29.4148
29.4148
26.0667
26.0667
26.0667
26.0667
26.0667
26.0667
26.0667
26.0667
23.2781
23.2781
23.2781
23.2781
23.2781
23.2781
23.2781
23.2781
21.0159
21.0159
21.0159
21.0159
21.0159
21.0159
21.0159
21.0159
73.2019
73.2019
73.2019
73.2019
73.2019
73.2019
73.2019
73.2019
73.0805
73.0805
73.0805
73.0805
73.0805
73.0805
73.0805
73.0805
72.044
72.044
72.044
72.044
72.044
72.044
72.044
72.044
69.9926
69.9926
69.9926
69.9926
69.9926
69.9926
69.9926
69.9926
66.9286
66.9286
66.9286
66.9286
66.9286
66.9286
66.9286
66.9286
62.9602
62.9602
62.9602
62.9602
62.9602
62.9602
62.9602
62.9602
58.2864
58.2864
58.2864
58.2864
58.2864
58.2864
58.2864
58.2864
53.1666
53.1666
53.1666
53.1666
53.1666
53.1666
53.1666
53.1666
47.878
47.878
47.878
47.878
47.878
47.878
47.878
47.878
42.6791
42.6791
42.6791
42.6791
42.6791
42.6791
42.6791
42.6791
37.7802
37.7802
37.7802
37.7802
37.7802
37.7802
37.7802
37.7802
33.3301
33.3301
33.3301
33.3301
33.3301
33.3301
33.3301
33.3301
29.4148
29.4148
29.4148
29.4148
29.4148
29.4148
29.4148
29.4148
26.0667
26.0667
26.0667
26.0667
26.0667
26.0667
26.0667
26.0667
23.2781
23.2781
23.2781
23.2781
23.2781
23.2781
23.2781
23.2781
21.0159
21.0159
21.0159
21.0159
21.0159
21.0159
21.0159
21.0159
75.087
75.087
75.087
75.087
75.087
75.087
75.087
75.087
74.3912
74.3912
74.3912
74.3912
74.3912
74.3912
74.3912
74.3912
72.9537
72.9537
72.9537
72.9537
72.9537
72.9537
72.9537
72.9537
70.6764
70.6764
70.6764
70.6764
70.6764
70.6764
70.6764
70.6764
67.545
67.545
67.545
67.545
67.545
67.545
67.545
67.545
63.636
63.636
63.636
63.636
63.636
63.636
63.636
63.636
59.1059
59.1059
59.1059
59.1059
59.1059
59.1059
59.1059
59.1059
54.1674
54.1674
54.1674
54.1674
54.1674
54.1674
54.1674
54.1674
49.0577
49.0577
49.0577
49.0577
49.0577
49.0577
49.0577
49.0577
44.0048
44.0048
44.0048
44.0048
44.0048
44.0048
44.0048
44.0048
39.2024
39.2024
39.2024
39.2024
39.2024
39.2024
39.2024
39.2024
34.7943
34.7943
34.7943
34.7943
34.7943
34.7943
34.7943
34.7943
30.8706
30.8706
30.8706
30.8706
30.8706
30.8706
30.8706
30.8706
27.4728
27.4728
27.4728
27.4728
27.4728
27.4728
27.4728
27.4728
24.6041
24.6041
24.6041
24.6041
24.6041
24.6041
24.6041
24.6041
22.2413
22.2413
22.2413
22.2413
22.2413
22.2413
22.2413
22.2413
75.087
75.087
75.087
75.087
75.087
75.087
75.087
75.087
74.3912
74.3912
74.3912
74.3912
74.3912
74.3912
74.3912
74.3912
72.9537
72.9537
72.9537
72.9537
72.9537
72.9537
72.9537
72.9537
70.6764
70.6764
70.6764
70.6764
70.6764
70.6764
70.6764
70.6764
67.545
67.545
67.545
67.545
67.545
67.545
67.545
67.545
63.636
63.636
63.636
63.636
63.636
63.636
63.636
63.636
59.1059
59.1059
59.1059
59.1059
59.1059
59.1059
59.1059
59.1059
54.1674
54.1674
54.1674
54.1674
54.1674
54.1674
54.1674
54.1674
49.0577
49.0577
49.0577
49.0577
49.0577
49.0577
49.0577
49.0577
44.0048
44.0048
44.0048
44.0048
44.0048
44.0048
44.0048
44.0048
39.2024
39.2024
39.2024
39.2024
39.2024
39.2024
39.2024
39.2024
34.7943
34.7943
34.7943
34.7943
34.7943
34.7943
34.7943
34.7943
30.8706
30.8706
30.8706
30.8706
30.8706
30.8706
30.8706
30.8706
27.4728
27.4728
27.4728
27.4728
27.4728
27.4728
27.4728
27.4728
24.6041
24.6041
24.6041
24.6041
24.6041
24.6041
24.6041
24.6041
22.2413
22.2413
22.2413
22.2413
22.2413
22.2413
22.2413
22.2413
75.087
75.087
75.087
75.087
75.087
75.087
75.087
75.087
74.3912
74.3912
74.3912
74.3912
74.3912
74.3912
74.3912
74.3912
72.9537
72.9537
72.9537
72.9537
72.9537
72.9537
72.9537
72.9537
70.6764
70.6764
70.6764
70.6764
70.6764
70.6764
70.6764
70.6764
67.545
67.545
67.545
67.545
67.545
67.545
67.545
67.545
63.636
63.636
63.636
63.636
63.636
63.636
63.636
63.636
59.1059
59.1059
59.1059
59.1059
59.1059
59.1059
59.1059
59.1059
54.1674
54.1674
54.1674
54.1674
54.1674
54.1674
54.1674
54.1674
49.0577
49.0577
49.0577
49.0577
49.0577
49.0577
49.0577
49.0577
44.0048
44.0048
44.0048
44.0048
44.0048
44.0048
44.0048
44.0048
39.2024
39.2024
39.2024
39.2024
39.2024
39.2024
39.2024
39.2024
34.7943
34.7943
34.7943
34.7943
34.7943
34.7943
34.7943
34.7943
30.8706
30.8706
30.8706
30.8706
30.8706
30.8706
30.8706
30.8706
27.4728
27.4728
27.4728
27.4728
27.4728
27.4728
27.4728
27.4728
24.6041
24.6041
24.6041
24.6041
24.6041
24.6041
24.6041
24.6041
22.2413
22.2413
22.2413
22.2413
22.2413
22.2413
22.2413
22.2413
75.087
75.087
75.087
75.087
75.087
75.087
75.087
75.087
74.3912
74.3912
74.3912
74.3912
74.3912
74.3912
74.3912
74.3912
72.9537
72.9537
72.9537
72.9537
72.9537
72.9537
72.9537
72.9537
70.6764
70.6764
70.6764
70.6764
70.6764
70.6764
70.6764
70.6764
67.545
67.545
67.545
67.545
67.545
67.545
67.545
67.545
63.636
63.636
63.636
63.636
63.636
63.636
63.636
63.636
59.1059
59.1059
59.1059
59.1059
59.1059
59.1059
59.1059
59.1059
54.1674
54.1674
54.1674
54.1674
54.1674
54.1674
54.1674
54.1674
49.0577
49.0577
49.0577
49.0577
49.0577
49.0577
49.0577
49.0577
44.0048
44.0048
44.0048
44.0048
44.0048
44.0048
44.0048
44.0048
39.2024
39.2024
39.2024
39.2024
39.2024
39.2024
39.2024
39.2024
34.7943
34.7943
34.7943
34.7943
34.7943
34.7943
34.7943
34.7943
30.8706
30.8706
30.8706
30.8706
30.8706
30.8706
30.8706
30.8706
27.4728
27.4728
27.4728
27.4728
27.4728
27.4728
27.4728
27.4728
24.6041
24.6041
24.6041
24.6041
24.6041
24.6041
24.6041
24.6041
22.2413
22.2413
22.2413
22.2413
22.2413
22.2413
22.2413
22.2413
76.3762
76.3762
76.3762
76.3762
76.3762
76.3762
76.3762
76.3762
75.066
75.066
75.066
75.066
75.066
75.066
75.066
75.066
73.2218
73.2218
73.2218
73.2218
73.2218
73.2218
73.2218
73.2218
70.7436
70.7436
70.7436
70.7436
70.7436
70.7436
70.7436
70.7436
67.5979
67.5979
67.5979
67.5979
67.5979
67.5979
67.5979
67.5979
63.8251
63.8251
63.8251
63.8251
63.8251
63.8251
63.8251
63.8251
59.5337
59.5337
59.5337
59.5337
59.5337
59.5337
59.5337
59.5337
54.8844
54.8844
54.8844
54.8844
54.8844
54.8844
54.8844
54.8844
50.0667
50.0667
50.0667
50.0667
50.0667
50.0667
50.0667
50.0667
45.2714
45.2714
45.2714
45.2714
45.2714
45.2714
45.2714
45.2714
40.6685
40.6685
40.6685
40.6685
40.6685
40.6685
40.6685
40.6685
36.3921
36.3921
36.3921
36.3921
36.3921
36.3921
36.3921
36.3921
32.5335
32.5335
32.5335
32.5335
32.5335
32.5335
32.5335
32.5335
29.1428
29.1428
29.1428
29.1428
29.1428
29.1428
29.1428
29.1428
26.2351
26.2351
26.2351
26.2351
26.2351
26.2351
26.2351
26.2351
23.7997
23.7997
23.7997
23.7997
23.7997
23.7997
23.7997
23.7997
76.3762
76.3762
76.3762
76.3762
76.3762
76.3762
76.3762
76.3762
75.066
75.066
75.066
75.066
75.066
75.066
75.066
75.066
73.2218
73.2218
73.2218
73.2218
73.2218
73.2218
73.2218
73.2218
70.7436
70.7436
70.7436
70.7436
70.7436
70.7436
70.7436
70.7436
67.5979
67.5979
67.5979
67.5979
67.5979
67.5979
67.5979
67.5979
63.8251
63.8251
63.8251
63.8251
63.8251
63.8251
63.8251
63.8251
59.5337
59.5337
59.5337
59.5337
59.5337
59.5337
59.5337
59.5337
54.8844
54.8844
54.8844
54.8844
54.8844
54.8844
54.8844
54.8844
50.0667
50.0667
50.0667
50.0667
50.0667
50.0667
50.0667
50.0667
45.2714
45.2714
45.2714
45.2714
45.2714
45.2714
45.2714
45.2714
40.6685
40.6685
40.6685
40.6685
40.6685
40.6685
40.6685
40.6685
36.3921
36.3921
36.3921
36.3921
36.3921
36.3921
36.3921
36.3921
32.5335
32.5335
32.5335
32.5335
32.5335
32.5335
32.5335
32.5335
29.1428
29.1428
29.1428
29.1428
29.1428
29.1428
29.1428
29.1428
26.2351
26.2351
26.2351
26.2351
26.2351
26.2351
26.2351
26.2351
23.7997
23.7997
23.7997
23.7997
23.7997
23.7997
23.7997
23.7997
76.3762
76.3762
76.3762
76.3762
76.3762
76.3762
76.3762
76.3762
75.066
75.066
75.066
75.066
75.066
75.066
75.066
75.066
73.2218
73.2218
73.2218
73.2218
73.2218
73.2218
73.2218
73.2218
70.7436
70.7436
70.7436
70.7436
70.7436
70.7436
70.7436
70.7436
67.5979
67.5979
67.5979
67.5979
67.5979
67.5979
67.5979
67.5979
63.8251
63.8251
63.8251
63.8251
63.8251
63.8251
63.8251
63.8251
59.5337
59.5337
59.5337
59.5337
59.5337
59.5337
59.5337
59.5337
54.8844
54.8844
54.8844
54.8844
54.8844
54.8844
54.8844
54.8844
50.0667
50.0667
50.0667
50.0667
50.0667
50.0667
50.0667
50.0667
45.2714
45.2714
45.2714
45.2714
45.2714
45.2714
45.2714
45.2714
40.6685
40.6685
40.6685
40.6685
40.6685
40.6685
40.6685
40.6685
36.3921
36.3921
36.3921
36.3921
36.3921
36.3921
36.3921
36.3921
32.5335
32.5335
32.5335
32.5335
32.5335
32.5335
32.5335
32.5335
29.1428
29.1428
29.1428
29.1428
29.1428
29.1428
29.1428
29.1428
26.2351
26.2351
26.2351
26.2351
26.2351
26.2351
26.2351
26.2351
23.7997
23.7997
23.7997
23.7997
23.7997
23.7997
23.7997
23.7997
76.3762
76.3762
76.3762
76.3762
76.3762
76.3762
76.3762
76.3762
75.066
75.066
75.066
75.066
75.066
75.066
75.066
75.066
73.2218
73.2218
73.2218
73.2218
73.2218
73.2218
73.2218
73.2218
70.7436
70.7436
70.7436
70.7436
70.7436
70.7436
70.7436
70.7436
67.5979
67.5979
67.5979
67.5979
67.5979
67.5979
67.5979
67.5979
63.8251
63.8251
63.8251
63.8251
63.8251
63.8251
63.8251
63.8251
59.5337
59.5337
59.5337
59.5337
59.5337
59.5337
59.5337
59.5337
54.8844
54.8844
54.8844
54.8844
54.8844
54.8844
54.8844
54.8844
50.0667
50.0667
50.0667
50.0667
50.0667
50.0667
50.0667
50.0667
45.2714
45.2714
45.2714
45.2714
45.2714
45.2714
45.2714
45.2714
40.6685
40.6685
40.6685
40.6685
40.6685
40.6685
40.6685
40.6685
36.3921
36.3921
36.3921
36.3921
36.3921
36.3921
36.3921
36.3921
32.5335
32.5335
32.5335
32.5335
32.5335
32.5335
32.5335
32.5335
29.1428
29.1428
29.1428
29.1428
29.1428
29.1428
29.1428
29.1428
26.2351
26.2351
26.2351
26.2351
26.2351
26.2351
26.2351
26.2351
23.7997
23.7997
23.7997
23.7997
23.7997
23.7997
23.7997
23.7997
76.776
76.776
76.776
76.776
76.776
76.776
76.776
76.776
74.8527
74.8527
74.8527
74.8527
74.8527
74.8527
74.8527
74.8527
72.6297
72.6297
72.6297
72.6297
72.6297
72.6297
72.6297
72.6297
70.0002
70.0002
70.0002
70.0002
70.0002
70.0002
70.0002
70.0002
66.9082
66.9082
66.9082
66.9082
66.9082
66.9082
66.9082
66.9082
63.3567
63.3567
63.3567
63.3567
63.3567
63.3567
63.3567
63.3567
59.4038
59.4038
59.4038
59.4038
59.4038
59.4038
59.4038
59.4038
55.156
55.156
55.156
55.156
55.156
55.156
55.156
55.156
50.7499
50.7499
50.7499
50.7499
50.7499
50.7499
50.7499
50.7499
46.3332
46.3332
46.3332
46.3332
46.3332
46.3332
46.3332
46.3332
42.0464
42.0464
42.0464
42.0464
42.0464
42.0464
42.0464
42.0464
38.0082
38.0082
38.0082
38.0082
38.0082
38.0082
38.0082
38.0082
34.3071
34.3071
34.3071
34.3071
34.3071
34.3071
34.3071
34.3071
30.9994
30.9994
30.9994
30.9994
30.9994
30.9994
30.9994
30.9994
28.1116
28.1116
28.1116
28.1116
28.1116
28.1116
28.1116
28.1116
25.6465
25.6465
25.6465
25.6465
25.6465
25.6465
25.6465
25.6465
76.776
76.776
76.776
76.776
76.776
76.776
76.776
76.776
74.8527
74.8527
74.8527
74.8527
74.8527
74.8527
74.8527
74.8527
72.6297
72.6297
72.6297
72.6297
72.6297
72.6297
72.6297
72.6297
70.0002
70.0002
70.0002
70.0002
70.0002
70.0002
70.0002
70.0002
66.9082
66.9082
66.9082
66.9082
66.9082
66.9082
66.9082
66.9082
63.3567
63.3567
63.3567
63.3567
63.3567
63.3567
63.3567
63.3567
59.4038
59.4038
59.4038
59.4038
59.4038
59.4038
59.4038
59.4038
55.156
55.156
55.156
55.156
55.156
55.156
55.156
55.156
50.7499
50.7499
50.7499
50.7499
50.7499
50.7499
50.7499
50.7499
46.3332
46.3332
46.3332
46.3332
46.3332
46.3332
46.3332
46.3332
42.0464
42.0464
42.0464
42.0464
42.0464
42.0464
42.0464
42.0464
38.0082
38.0082
38.0082
38.0082
38.0082
38.0082
38.0082
38.0082
34.3071
34.3071
34.3071
34.3071
34.3071
34.3071
34.3071
34.3071
30.9994
30.9994
30.9994
30.9994
30.9994
30.9994
30.9994
30.9994
28.1116
28.1116
28.1116
28.1116
28.1116
28.1116
28.1116
28.1116
25.6465
25.6465
25.6465
25.6465
25.6465
25.6465
25.6465
25.6465
76.776
76.776
76.776
76.776
76.776
76.776
76.776
76.776
74.8527
74.8527
74.8527
74.8527
74.8527
74.8527
74.8527
74.8527
72.6297
72.6297
72.6297
72.6297
72.6297
72.6297
72.6297
72.6297
70.0002
70.0002
70.0002
70.0002
70.0002
70.0002
70.0002
70.0002
66.9082
66.9082
66.9082
66.9082
66.9082
66.9082
66.9082
66.9082
63.3567
63.3567
63.3567
63.3567
63.3567
63.3567
63.3567
63.3567
59.4038
59.4038
59.4038
59.4038
59.4038
59.4038
59.4038
59.4038
55.156
55.156
55.156
55.156
55.156
55.156
55.156
55.156
50.7499
50.7499
50.7499
50.7499
50.7499
50.7499
50.7499
50.7499
46.3332
46.3332
46.3332
46.3332
46.3332
46.3332
46.3332
46.3332
42.0464
42.0464
42.0464
42.0464
42.0464
42.0464
42.0464
42.0464
38.0082
38.0082
38.0082
38.0082
38.0082
38.0082
38.0082
38.0082
34.3071
34.3071
34.3071
34.3071
34.3071
34.3071
34.3071
34.3071
30.9994
30.9994
30.9994
30.9994
30.9994
30.9994
30.9994
30.9994
28.1116
28.1116
28.1116
28.1116
28.1116
28.1116
28.1116
28.1116
25.6465
25.6465
25.6465
25.6465
25.6465
25.6465
25.6465
25.6465
76.776
76.776
76.776
76.776
76.776
76.776
76.776
76.776
74.8527
74.8527
74.8527
74.8527
74.8527
74.8527
74.8527
74.8527
72.6297
72.6297
72.6297
72.6297
72.6297
72.6297
72.6297
72.6297
70.0002
70.0002
70.0002
70.0002
70.0002
70.0002
70.0002
70.0002
66.9082
66.9082
66.9082
66.9082
66.9082
66.9082
66.9082
66.9082
63.3567
63.3567
63.3567
63.3567
63.3567
63.3567
63.3567
63.3567
59.4038
59.4038
59.4038
59.4038
59.4038
59.4038
59.4038
59.4038
55.156
55.156
55.156
55.156
55.156
55.156
55.156
55.156
50.7499
50.7499
50.7499
50.7499
50.7499
50.7499
50.7499
50.7499
46.3332
46.3332
46.3332
46.3332
46.3332
46.3332
46.3332
46.3332
42.0464
42.0464
42.0464
42.0464
42.0464
42.0464
42.0464
42.0464
38.0082
38.0082
38.0082
38.0082
38.0082
38.0082
38.0082
38.0082
34.3071
34.3071
34.3071
34.3071
34.3071
34.3071
34.3071
34.3071
30.9994
30.9994
30.9994
30.9994
30.9994
30.9994
30.9994
30.9994
28.1116
28.1116
28.1116
28.1116
28.1116
28.1116
28.1116
28.1116
25.6465
25.6465
25.6465
25.6465
25.6465
25.6465
25.6465
25.6465
76.0309
76.0309
76.0309
76.0309
76.0309
76.0309
76.0309
76.0309
73.5465
73.5465
73.5465
73.5465
73.5465
73.5465
73.5465
73.5465
71.0085
71.0085
71.0085
71.0085
71.0085
71.0085
71.0085
71.0085
68.2991
68.2991
68.2991
68.2991
68.2991
68.2991
68.2991
68.2991
65.3396
65.3396
65.3396
65.3396
65.3396
65.3396
65.3396
65.3396
62.0947
62.0947
62.0947
62.0947
62.0947
62.0947
62.0947
62.0947
58.5754
58.5754
58.5754
58.5754
58.5754
58.5754
58.5754
58.5754
54.8335
54.8335
54.8335
54.8335
54.8335
54.8335
54.8335
54.8335
50.9524
50.9524
50.9524
50.9524
50.9524
50.9524
50.9524
50.9524
47.034
47.034
47.034
47.034
47.034
47.034
47.034
47.034
43.1843
43.1843
43.1843
43.1843
43.1843
43.1843
43.1843
43.1843
39.5008
39.5008
39.5008
39.5008
39.5008
39.5008
39.5008
39.5008
36.0638
36.0638
36.0638
36.0638
36.0638
36.0638
36.0638
36.0638
32.932
32.932
32.932
32.932
32.932
32.932
32.932
32.932
30.141
30.141
30.141
30.141
30.141
30.141
30.141
30.141
27.7063
27.7063
27.7063
27.7063
27.7063
27.7063
27.7063
27.7063
76.0309
76.0309
76.0309
76.0309
76.0309
76.0309
76.0309
76.0309
73.5465
73.5465
73.5465
73.5465
73.5465
73.5465
73.5465
73.5465
71.0085
71.0085
71.0085
71.0085
71.0085
71.0085
71.0085
71.0085
68.2991
68.2991
68.2991
68.2991
68.2991
68.2991
68.2991
68.2991
65.3396
65.3396
65.3396
65.3396
65.3396
65.3396
65.3396
65.3396
62.0947
62.0947
62.0947
62.0947
62.0947
62.0947
62.0947
62.0947
58.5754
58.5754
58.5754
58.5754
58.5754
58.5754
58.5754
58.5754
54.8335
54.8335
54.8335
54.8335
54.8335
54.8335
54.8335
54.8335
50.9524
50.9524
50.9524
50.9524
50.9524
50.9524
50.9524
50.9524
47.034
47.034
47.034
47.034
47.034
47.034
47.034
47.034
43.1843
43.1843
43.1843
43.1843
43.1843
43.1843
43.1843
43.1843
39.5008
39.5008
39.5008
39.5008
39.5008
39.5008
39.5008
39.5008
36.0638
36.0638
36.0638
36.0638
36.0638
36.0638
36.0638
36.0638
32.932
32.932
32.932
32.932
32.932
32.932
32.932
32.932
30.141
30.141
30.141
30.141
30.141
30.141
30.141
30.141
27.7063
27.7063
27.7063
27.7063
27.7063
27.7063
27.7063
27.7063
76.0309
76.0309
76.0309
76.0309
76.0309
76.0309
76.0309
76.0309
73.5465
73.5465
73.5465
73.5465
73.5465
73.5465
73.5465
73.5465
71.0085
71.0085
71.0085
71.0085
71.0085
71.0085
71.0085
71.0085
68.2991
68.2991
68.2991
68.2991
68.2991
68.2991
68.2991
68.2991
65.3396
65.3396
65.3396
65.3396
65.3396
65.3396
65.3396
65.3396
62.0947
62.0947
62.0947
62.0947
62.0947
62.0947
62.0947
62.0947
58.5754
58.5754
58.5754
58.5754
58.5754
58.5754
58.5754
58.5754
54.8335
54.8335
54.8335
54.8335
54.8335
54.8335
54.8335
54.8335
50.9524
50.9524
50.9524
50.9524
50.9524
50.9524
50.9524
50.9524
47.034
47.034
47.034
47.034
47.034
47.034
47.034
47.034
43.1843
43.1843
43.1843
43.1843
43.1843
43.1843
43.1843
43.1843
39.5008
39.5008
39.5008
39.5008
39.5008
39.5008
39.5008
39.5008
36.0638
36.0638
36.0638
36.0638
36.0638
36.0638
36.0638
36.0638
32.932
32.932
32.932
32.932
32.932
32.932
32.932
32.932
30.141
30.141
30.141
30.141
30.141
30.141
30.141
30.141
27.7063
27.7063
27.7063
27.7063
27.7063
27.7063
27.7063
27.7063
76.0309
76.0309
76.0309
76.0309
76.0309
76.0309
76.0309
76.0309
73.5465
73.5465
73.5465
73.5465
73.5465
73.5465
73.5465
73.5465
71.0085
71.0085
71.0085
71.0085
71.0085
71.0085
71.0085
71.0085
68.2991
68.2991
68.2991
68.2991
68.2991
68.2991
68.2991
68.2991
65.3396
65.3396
65.3396
65.3396
65.3396
65.3396
65.3396
65.3396
62.0947
62.0947
62.0947
62.0947
62.0947
62.0947
62.0947
62.0947
58.5754
58.5754
58.5754
58.5754
58.5754
58.5754
58.5754
58.5754
54.8335
54.8335
54.8335
54.8335
54.8335
54.8335
54.8335
54.8335
50.9524
50.9524
50.9524
50.9524
50.9524
50.9524
50.9524
50.9524
47.034
47.034
47.034
47.034
47.034
47.034
47.034
47.034
43.1843
43.1843
43.1843
43.1843
43.1843
43.1843
43.1843
43.1843
39.5008
39.5008
39.5008
39.5008
39.5008
39.5008
39.5008
39.5008
36.0638
36.0638
36.0638
36.0638
36.0638
36.0638
36.0638
36.0638
32.932
32.932
32.932
32.932
32.932
32.932
32.932
32.932
30.141
30.141
30.141
30.141
30.141
30.141
30.141
30.141
27.7063
27.7063
27.7063
27.7063
27.7063
27.7063
27.7063
27.7063
73.9791
73.9791
73.9791
73.9791
73.9791
73.9791
73.9791
73.9791
71.0363
71.0363
71.0363
71.0363
71.0363
71.0363
71.0363
71.0363
68.2804
68.2804
68.2804
68.2804
68.2804
68.2804
68.2804
68.2804
65.5794
65.5794
65.5794
65.5794
65.5794
65.5794
65.5794
65.5794
62.8317
62.8317
62.8317
62.8317
62.8317
62.8317
62.8317
62.8317
59.9694
59.9694
59.9694
59.9694
59.9694
59.9694
59.9694
59.9694
56.9604
56.9604
56.9604
56.9604
56.9604
56.9604
56.9604
56.9604
53.8081
53.8081
53.8081
53.8081
53.8081
53.8081
53.8081
53.8081
50.5458
50.5458
50.5458
50.5458
50.5458
50.5458
50.5458
50.5458
47.2298
47.2298
47.2298
47.2298
47.2298
47.2298
47.2298
47.2298
43.9287
43.9287
43.9287
43.9287
43.9287
43.9287
43.9287
43.9287
40.7144
40.7144
40.7144
40.7144
40.7144
40.7144
40.7144
40.7144
37.6533
37.6533
37.6533
37.6533
37.6533
37.6533
37.6533
37.6533
34.8007
34.8007
34.8007
34.8007
34.8007
34.8007
34.8007
34.8007
32.1973
32.1973
32.1973
32.1973
32.1973
32.1973
32.1973
32.1973
29.8689
29.8689
29.8689
29.8689
29.8689
29.8689
29.8689
29.8689
73.9791
73.9791
73.9791
73.9791
73.9791
73.9791
73.9791
73.9791
71.0363
71.0363
71.0363
71.0363
71.0363
71.0363
71.0363
71.0363
68.2804
68.2804
68.2804
68.2804
68.2804
68.2804
68.2804
68.2804
65.5794
65.5794
65.5794
65.5794
65.5794
65.5794
65.5794
65.5794
62.8317
62.8317
62.8317
62.8317
62.8317
62.8317
62.8317
62.8317
59.9694
59.9694
59.9694
59.9694
59.9694
59.9694
59.9694
59.9694
56.9604
56.9604
56.9604
56.9604
56.9604
56.9604
56.9604
56.9604
53.8081
53.8081
53.8081
53.8081
53.8081
53.8081
53.8081
53.8081
50.5458
50.5458
50.5458
50.5458
50.5458
50.5458
50.5458
50.5458
47.2298
47.2298
47.2298
47.2298
47.2298
47.2298
47.2298
47.2298
43.9287
43.9287
43.9287
43.9287
43.9287
43.9287
43.9287
43.9287
40.7144
40.7144
40.7144
40.7144
40.7144
40.7144
40.7144
40.7144
37.6533
37.6533
37.6533
37.6533
37.6533
37.6533
37.6533
37.6533
34.8007
34.8007
34.8007
34.8007
34.8007
34.8007
34.8007
34.8007
32.1973
32.1973
32.1973
32.1973
32.1973
32.1973
32.1973
32.1973
29.8689
29.8689
29.8689
29.8689
29.8689
29.8689
29.8689
29.8689
73.9791
73.9791
73.9791
73.9791
73.9791
73.9791
73.9791
73.9791
71.0363
71.0363
71.0363
71.0363
71.0363
71.0363
71.0363
71.0363
68.2804
68.2804
68.2804
68.2804
68.2804
68.2804
68.2804
68.2804
65.5794
65.5794
65.5794
65.5794
65.5794
65.5794
65.5794
65.5794
62.8317
62.8317
62.8317
62.8317
62.8317
62.8317
62.8317
62.8317
59.9694
59.9694
59.9694
59.9694
59.9694
59.9694
59.9694
59.9694
56.9604
56.9604
56.9604
56.9604
56.9604
56.9604
56.9604
56.9604
53.8081
53.8081
53.8081
53.8081
53.8081
53.8081
53.8081
53.8081
50.5458
50.5458
50.5458
50.5458
50.5458
50.5458
50.5458
50.5458
47.2298
47.2298
47.2298
47.2298
47.2298
47.2298
47.2298
47.2298
43.9287
43.9287
43.9287
43.9287
43.9287
43.9287
43.9287
43.9287
40.7144
40.7144
40.7144
40.7144
40.7144
40.7144
40.7144
40.7144
37.6533
37.6533
37.6533
37.6533
37.6533
37.6533
37.6533
37.6533
34.8007
34.8007
34.8007
34.8007
34.8007
34.8007
34.8007
34.8007
32.1973
32.1973
32.1973
32.1973
32.1973
32.1973
32.1973
32.1973
29.8689
29.8689
29.8689
29.8689
29.8689
29.8689
29.8689
29.8689
73.9791
73.9791
73.9791
73.9791
73.9791
73.9791
73.9791
73.9791
71.0363
71.0363
71.0363
71.0363
71.0363
71.0363
71.0363
71.0363
68.2804
68.2804
68.2804
68.2804
68.2804
68.2804
68.2804
68.2804
65.5794
65.5794
65.5794
65.5794
65.5794
65.5794
65.5794
65.5794
62.8317
62.8317
62.8317
62.8317
62.8317
62.8317
62.8317
62.8317
59.9694
59.9694
59.9694
59.9694
59.9694
59.9694
59.9694
59.9694
56.9604
56.9604
56.9604
56.9604
56.9604
56.9604
56.9604
56.9604
53.8081
53.8081
53.8081
53.8081
53.8081
53.8081
53.8081
53.8081
50.5458
50.5458
50.5458
50.5458
50.5458
50.5458
50.5458
50.5458
47.2298
47.2298
47.2298
47.2298
47.2298
47.2298
47.2298
47.2298
43.9287
43.9287
43.9287
43.9287
43.9287
43.9287
43.9287
43.9287
40.7144
40.7144
40.7144
40.7144
40.7144
40.7144
40.7144
40.7144
37.6533
37.6533
37.6533
37.6533
37.6533
37.6533
37.6533
37.6533
34.8007
34.8007
34.8007
34.8007
34.8007
34.8007
34.8007
34.8007
32.1973
32.1973
32.1973
32.1973
32.1973
32.1973
32.1973
32.1973
29.8689
29.8689
29.8689
29.8689
29.8689
29.8689
29.8689
29.8689
70.5957
70.5957
70.5957
70.5957
70.5957
70.5957
70.5957
70.5957
67.3409
67.3409
67.3409
67.3409
67.3409
67.3409
67.3409
67.3409
64.4866
64.4866
64.4866
64.4866
64.4866
64.4866
64.4866
64.4866
61.8879
61.8879
61.8879
61.8879
61.8879
61.8879
61.8879
61.8879
59.4235
59.4235
59.4235
59.4235
59.4235
59.4235
59.4235
59.4235
56.9993
56.9993
56.9993
56.9993
56.9993
56.9993
56.9993
56.9993
54.5496
54.5496
54.5496
54.5496
54.5496
54.5496
54.5496
54.5496
52.0378
52.0378
52.0378
52.0378
52.0378
52.0378
52.0378
52.0378
49.4547
49.4547
49.4547
49.4547
49.4547
49.4547
49.4547
49.4547
46.8144
46.8144
46.8144
46.8144
46.8144
46.8144
46.8144
46.8144
44.1489
44.1489
44.1489
44.1489
44.1489
44.1489
44.1489
44.1489
41.5013
41.5013
41.5013
41.5013
41.5013
41.5013
41.5013
41.5013
38.9191
38.9191
38.9191
38.9191
38.9191
38.9191
38.9191
38.9191
36.4482
36.4482
36.4482
36.4482
36.4482
36.4482
36.4482
36.4482
34.1287
34.1287
34.1287
34.1287
34.1287
34.1287
34.1287
34.1287
31.9919
31.9919
31.9919
31.9919
31.9919
31.9919
31.9919
31.9919
70.5957
70.5957
70.5957
70.5957
70.5957
70.5957
70.5957
70.5957
67.3409
67.3409
67.3409
67.3409
67.3409
67.3409
67.3409
67.3409
64.4866
64.4866
64.4866
64.4866
64.4866
64.4866
64.4866
64.4866
61.8879
61.8879
61.8879
61.8879
61.8879
61.8879
61.8879
61.8879
59.4235
59.4235
59.4235
59.4235
59.4235
59.4235
59.4235
59.4235
56.9993
56.9993
56.9993
56.9993
56.9993
56.9993
56.9993
56.9993
54.5496
54.5496
54.5496
54.5496
54.5496
54.5496
54.5496
54.5496
52.0378
52.0378
52.0378
52.0378
52.0378
52.0378
52.0378
52.0378
49.4547
49.4547
49.4547
49.4547
49.4547
49.4547
49.4547
49.4547
46.8144
46.8144
46.8144
46.8144
46.8144
46.8144
46.8144
46.8144
44.1489
44.1489
44.1489
44.1489
44.1489
44.1489
44.1489
44.1489
41.5013
41.5013
41.5013
41.5013
41.5013
41.5013
41.5013
41.5013
38.9191
38.9191
38.9191
38.9191
38.9191
38.9191
38.9191
38.9191
36.4482
36.4482
36.4482
36.4482
36.4482
36.4482
36.4482
36.4482
34.1287
34.1287
34.1287
34.1287
34.1287
34.1287
34.1287
34.1287
31.9919
31.9919
31.9919
31.9919
31.9919
31.9919
31.9919
31.9919
70.5957
70.5957
70.5957
70.5957
70.5957
70.5957
70.5957
70.5957
67.3409
67.3409
67.3409
67.3409
67.3409
67.3409
67.3409
67.3409
64.4866
64.4866
64.4866
64.4866
64.4866
64.4866
64.4866
64.4866
61.8879
61.8879
61.8879
61.8879
61.8879
61.8879
61.8879
61.8879
59.4235
59.4235
59.4235
59.4235
59.4235
59.4235
59.4235
59.4235
56.9993
56.9993
56.9993
56.9993
56.9993
56.9993
56.9993
56.9993
54.5496
54.5496
54.5496
54.5496
54.5496
54.5496
54.5496
54.5496
52.0378
52.0378
52.0378
52.0378
52.0378
52.0378
52.0378
52.0378
49.4547
49.4547
49.4547
49.4547
49.4547
49.4547
49.4547
49.4547
46.8144
46.8144
46.8144
46.8144
46.8144
46.8144
46.8144
46.8144
44.1489
44.1489
44.1489
44.1489
44.1489
44.1489
44.1489
44.1489
41.5013
41.5013
41.5013
41.5013
41.5013
41.5013
41.5013
41.5013
38.9191
38.9191
38.9191
38.9191
38.9191
38.9191
38.9191
38.9191
36.4482
36.4482
36.4482
36.4482
36.4482
36.4482
36.4482
36.4482
34.1287
34.1287
34.1287
34.1287
34.1287
34.1287
34.1287
34.1287
31.9919
31.9919
31.9919
31.9919
31.9919
31.9919
31.9919
31.9919
70.5957
70.5957
70.5957
70.5957
70.5957
70.5957
70.5957
70.5957
67.3409
67.3409
67.3409
67.3409
67.3409
67.3409
67.3409
67.3409
64.4866
64.4866
64.4866
64.4866
64.4866
64.4866
64.4866
64.4866
61.8879
61.8879
61.8879
61.8879
61.8879
61.8879
61.8879
61.8879
59.4235
59.4235
59.4235
59.4235
59.4235
59.4235
59.4235
59.4235
56.9993
56.9993
56.9993
56.9993
56.9993
56.9993
56.9993
56.9993
54.5496
54.5496
54.5496
54.5496
54.5496
54.5496
54.5496
54.5496
52.0378
52.0378
52.0378
52.0378
52.0378
52.0378
52.0378
52.0378
49.4547
49.4547
49.4547
49.4547
49.4547
49.4547
49.4547
49.4547
46.8144
46.8144
46.8144
46.8144
46.8144
46.8144
46.8144
46.8144
44.1489
44.1489
44.1489
44.1489
44.1489
44.1489
44.1489
44.1489
41.5013
41.5013
41.5013
41.5013
41.5013
41.5013
41.5013
41.5013
38.9191
38.9191
38.9191
38.9191
38.9191
38.9191
38.9191
38.9191
36.4482
36.4482
36.4482
36.4482
36.4482
36.4482
36.4482
36.4482
34.1287
34.1287
34.1287
34.1287
34.1287
34.1287
34.1287
34.1287
31.9919
31.9919
31.9919
31.9919
31.9919
31.9919
31.9919
31.9919
66.014
66.014
66.014
66.014
66.014
66.014
66.014
66.014
62.6186
62.6186
62.6186
62.6186
62.6186
62.6186
62.6186
62.6186
59.7938
59.7938
59.7938
59.7938
59.7938
59.7938
59.7938
59.7938
57.3847
57.3847
57.3847
57.3847
57.3847
57.3847
57.3847
57.3847
55.2569
55.2569
55.2569
55.2569
55.2569
55.2569
55.2569
55.2569
53.2992
53.2992
53.2992
53.2992
53.2992
53.2992
53.2992
53.2992
51.4229
51.4229
51.4229
51.4229
51.4229
51.4229
51.4229
51.4229
49.5626
49.5626
49.5626
49.5626
49.5626
49.5626
49.5626
49.5626
47.6761
47.6761
47.6761
47.6761
47.6761
47.6761
47.6761
47.6761
45.7429
45.7429
45.7429
45.7429
45.7429
45.7429
45.7429
45.7429
43.7616
43.7616
43.7616
43.7616
43.7616
43.7616
43.7616
43.7616
41.7464
41.7464
41.7464
41.7464
41.7464
41.7464
41.7464
41.7464
39.7222
39.7222
39.7222
39.7222
39.7222
39.7222
39.7222
39.7222
37.7203
37.7203
37.7203
37.7203
37.7203
37.7203
37.7203
37.7203
35.7736
35.7736
35.7736
35.7736
35.7736
35.7736
35.7736
35.7736
33.9135
33.9135
33.9135
33.9135
33.9135
33.9135
33.9135
33.9135
66.014
66.014
66.014
66.014
66.014
66.014
66.014
66.014
62.6186
62.6186
62.6186
62.6186
62.6186
62.6186
62.6186
62.6186
59.7938
59.7938
59.7938
59.7938
59.7938
59.7938
59.7938
59.7938
57.3847
57.3847
57.3847
57.3847
57.3847
57.3847
57.3847
57.3847
55.2569
55.2569
55.2569
55.2569
55.2569
55.2569
55.2569
55.2569
53.2992
53.2992
53.2992
53.2992
53.2992
53.2992
53.2992
53.2992
51.4229
51.4229
51.4229
51.4229
51.4229
51.4229
51.4229
51.4229
49.5626
49.5626
49.5626
49.5626
49.5626
49.5626
49.5626
49.5626
47.6761
47.6761
47.6761
47.6761
47.6761
47.6761
47.6761
47.6761
45.7429
45.7429
45.7429
45.7429
45.7429
45.7429
45.7429
45.7429
43.7616
43.7616
43.7616
43.7616
43.7616
43.7616
43.7616
43.7616
41.7464
41.7464
41.7464
41.7464
41.7464
41.7464
41.7464
41.7464
39.7222
39.7222
39.7222
39.7222
39.7222
39.7222
39.7222
39.7222
37.7203
37.7203
37.7203
37.7203
37.7203
37.7203
37.7203
37.7203
35.7736
35.7736
35.7736
35.7736
35.7736
35.7736
35.7736
35.7736
33.9135
33.9135
33.9135
33.9135
33.9135
33.9135
33.9135
33.9135
66.014
66.014
66.014
66.014
66.014
66.014
66.014
66.014
62.6186
62.6186
62.6186
62.6186
62.6186
62.6186
62.6186
62.6186
59.7938
59.7938
59.7938
59.7938
59.7938
59.7938
59.7938
59.7938
57.3847
57.3847
57.3847
57.3847
57.3847
57.3847
57.3847
57.3847
55.2569
55.2569
55.2569
55.2569
55.2569
55.2569
55.2569
55.2569
53.2992
53.2992
53.2992
53.2992
53.2992
53.2992
53.2992
53.2992
51.4229
51.4229
51.4229
51.4229
51.4229
51.4229
51.4229
51.4229
49.5626
49.5626
49.5626
49.5626
49.5626
49.5626
49.5626
49.5626
47.6761
47.6761
47.6761
47.6761
47.6761
47.6761
47.6761
47.6761
45.7429
45.7429
45.7429
45.7429
45.7429
45.7429
45.7429
45.7429
43.7616
43.7616
43.7616
43.7616
43.7616
43.7616
43.7616
43.7616
41.7464
41.7464
41.7464
41.7464
41.7464
41.7464
41.7464
41.7464
39.7222
39.7222
39.7222
39.7222
39.7222
39.7222
39.7222
39.7222
37.7203
37.7203
37.7203
37.7203
37.7203
37.7203
37.7203
37.7203
35.7736
35.7736
35.7736
35.7736
35.7736
35.7736
35.7736
35.7736
33.9135
33.9135
33.9135
33.9135
33.9135
33.9135
33.9135
33.9135
66.014
66.014
66.014
66.014
66.014
66.014
66.014
66.014
62.6186
62.6186
62.6186
62.6186
62.6186
62.6186
62.6186
62.6186
59.7938
59.7938
59.7938
59.7938
59.7938
59.7938
59.7938
59.7938
57.3847
57.3847
57.3847
57.3847
57.3847
57.3847
57.3847
57.3847
55.2569
55.2569
55.2569
55.2569
55.2569
55.2569
55.2569
55.2569
53.2992
53.2992
53.2992
53.2992
53.2992
53.2992
53.2992
53.2992
51.4229
51.4229
51.4229
51.4229
51.4229
51.4229
51.4229
51.4229
49.5626
49.5626
49.5626
49.5626
49.5626
49.5626
49.5626
49.5626
47.6761
47.6761
47.6761
47.6761
47.6761
47.6761
47.6761
47.6761
45.7429
45.7429
45.7429
45.7429
45.7429
45.7429
45.7429
45.7429
43.7616
43.7616
43.7616
43.7616
43.7616
43.7616
43.7616
43.7616
41.7464
41.7464
41.7464
41.7464
41.7464
41.7464
41.7464
41.7464
39.7222
39.7222
39.7222
39.7222
39.7222
39.7222
39.7222
39.7222
37.7203
37.7203
37.7203
37.7203
37.7203
37.7203
37.7203
37.7203
35.7736
35.7736
35.7736
35.7736
35.7736
35.7736
35.7736
35.7736
33.9135
33.9135
33.9135
33.9135
33.9135
33.9135
33.9135
33.9135
60.5106
60.5106
60.5106
60.5106
60.5106
60.5106
60.5106
60.5106
57.1468
57.1468
57.1468
57.1468
57.1468
57.1468
57.1468
57.1468
54.4704
54.4704
54.4704
54.4704
54.4704
54.4704
54.4704
54.4704
52.3209
52.3209
52.3209
52.3209
52.3209
52.3209
52.3209
52.3209
50.5591
50.5591
50.5591
50.5591
50.5591
50.5591
50.5591
50.5591
49.0663
49.0663
49.0663
49.0663
49.0663
49.0663
49.0663
49.0663
47.7416
47.7416
47.7416
47.7416
47.7416
47.7416
47.7416
47.7416
46.5029
46.5029
46.5029
46.5029
46.5029
46.5029
46.5029
46.5029
45.286
45.286
45.286
45.286
45.286
45.286
45.286
45.286
44.0446
44.0446
44.0446
44.0446
44.0446
44.0446
44.0446
44.0446
42.7502
42.7502
42.7502
42.7502
42.7502
42.7502
42.7502
42.7502
41.3903
41.3903
41.3903
41.3903
41.3903
41.3903
41.3903
41.3903
39.9665
39.9665
39.9665
39.9665
39.9665
39.9665
39.9665
39.9665
38.4914
38.4914
38.4914
38.4914
38.4914
38.4914
38.4914
38.4914
36.9856
36.9856
36.9856
36.9856
36.9856
36.9856
36.9856
36.9856
35.4741
35.4741
35.4741
35.4741
35.4741
35.4741
35.4741
35.4741
60.5106
60.5106
60.5106
60.5106
60.5106
60.5106
60.5106
60.5106
57.1468
57.1468
57.1468
57.1468
57.1468
57.1468
57.1468
57.1468
54.4704
54.4704
54.4704
54.4704
54.4704
54.4704
54.4704
54.4704
52.3209
52.3209
52.3209
52.3209
52.3209
52.3209
52.3209
52.3209
50.5591
50.5591
50.5591
50.5591
50.5591
50.5591
50.5591
50.5591
49.0663
49.0663
49.0663
49.0663
49.0663
49.0663
49.0663
49.0663
47.7416
47.7416
47.7416
47.7416
47.7416
47.7416
47.7416
47.7416
46.5029
46.5029
46.5029
46.5029
46.5029
46.5029
46.5029
46.5029
45.286
45.286
45.286
45.286
45.286
45.286
45.286
45.286
44.0446
44.0446
44.0446
44.0446
44.0446
44.0446
44.0446
44.0446
42.7502
42.7502
42.7502
42.7502
42.7502
42.7502
42.7502
42.7502
41.3903
41.3903
41.3903
41.3903
41.3903
41.3903
41.3903
41.3903
39.9665
39.9665
39.9665
39.9665
39.9665
39.9665
39.9665
39.9665
38.4914
38.4914
38.4914
38.4914
38.4914
38.4914
38.4914
38.4914
36.9856
36.9856
36.9856
36.9856
36.9856
36.9856
36.9856
36.9856
35.4741
35.4741
35.4741
35.4741
35.4741
35.4741
35.4741
35.4741
60.5106
60.5106
60.5106
60.5106
60.5106
60.5106
60.5106
60.5106
57.1468
57.1468
57.1468
57.1468
57.1468
57.1468
57.1468
57.1468
54.4704
54.4704
54.4704
54.4704
54.4704
54.4704
54.4704
54.4704
52.3209
52.3209
52.3209
52.3209
52.3209
52.3209
52.3209
52.3209
50.5591
50.5591
50.5591
50.5591
50.5591
50.5591
50.5591
50.5591
49.0663
49.0663
49.0663
49.0663
49.0663
49.0663
49.0663
49.0663
47.7416
47.7416
47.7416
47.7416
47.7416
47.7416
47.7416
47.7416
46.5029
46.5029
46.5029
46.5029
46.5029
46.5029
46.5029
46.5029
45.286
45.286
45.286
45.286
45.286
45.286
45.286
45.286
44.0446
44.0446
44.0446
44.0446
44.0446
44.0446
44.0446
44.0446
42.7502
42.7502
42.7502
42.7502
42.7502
42.7502
42.7502
42.7502
41.3903
41.3903
41.3903
41.3903
41.3903
41.3903
41.3903
41.3903
39.9665
39.9665
39.9665
39.9665
39.9665
39.9665
39.9665
39.9665
38.4914
38.4914
38.4914
38.4914
38.4914
38.4914
38.4914
38.4914
36.9856
36.9856
36.9856
36.9856
36.9856
36.9856
36.9856
36.9856
35.4741
35.4741
35.4741
35.4741
35.4741
35.4741
35.4741
35.4741
60.5106
60.5106
60.5106
60.5106
60.5106
60.5106
60.5106
60.5106
57.1468
57.1468
57.1468
57.1468
57.1468
57.1468
57.1468
57.1468
54.4704
54.4704
54.4704
54.4704
54.4704
54.4704
54.4704
54.4704
52.3209
52.3209
52.3209
52.3209
52.3209
52.3209
52.3209
52.3209
50.5591
50.5591
50.5591
50.5591
50.5591
50.5591
50.5591
50.5591
49.0663
49.0663
49.0663
49.0663
49.0663
49.0663
49.0663
49.0663
47.7416
47.7416
47.7416
47.7416
47.7416
47.7416
47.7416
47.7416
46.5029
46.5029
46.5029
46.5029
46.5029
46.5029
46.5029
46.5029
45.286
45.286
45.286
45.286
45.286
45.286
45.286
45.286
44.0446
44.0446
44.0446
44.0446
44.0446
44.0446
44.0446
44.0446
42.7502
42.7502
42.7502
42.7502
42.7502
42.7502
42.7502
42.7502
41.3903
41.3903
41.3903
41.3903
41.3903
41.3903
41.3903
41.3903
39.9665
39.9665
39.9665
39.9665
39.9665
39.9665
39.9665
39.9665
38.4914
38.4914
38.4914
38.4914
38.4914
38.4914
38.4914
38.4914
36.9856
36.9856
36.9856
36.9856
36.9856
36.9856
36.9856
36.9856
35.4741
35.4741
35.4741
35.4741
35.4741
35.4741
35.4741
35.4741
