8192
84.4699
84.4699
84.4699
84.4699
84.4699
84.4699
84.4699
84.4699
86.6399
86.6399
86.6399
86.6399
86.6399
86.6399
86.6399
86.6399
88.5186
88.5186
88.5186
88.5186
88.5186
88.5186
88.5186
88.5186
89.9951
89.9951
89.9951
89.9951
89.9951
89.9951
89.9951
89.9951
90.9756
90.9756
90.9756
90.9756
90.9756
90.9756
90.9756
90.9756
91.394
91.394
91.394
91.394
91.394
91.394
91.394
91.394
91.22
91.22
91.22
91.22
91.22
91.22
91.22
91.22
90.4611
90.4611
90.4611
90.4611
90.4611
90.4611
90.4611
90.4611
89.1616
89.1616
89.1616
89.1616
89.1616
89.1616
89.1616
89.1616
87.3969
87.3969
87.3969
87.3969
87.3969
87.3969
87.3969
87.3969
85.2647
85.2647
85.2647
85.2647
85.2647
85.2647
85.2647
85.2647
82.8732
82.8732
82.8732
82.8732
82.8732
82.8732
82.8732
82.8732
80.3315
80.3315
80.3315
80.3315
80.3315
80.3315
80.3315
80.3315
77.74
77.74
77.74
77.74
77.74
77.74
77.74
77.74
75.1827
75.1827
75.1827
75.1827
75.1827
75.1827
75.1827
75.1827
72.7241
72.7241
72.7241
72.7241
72.7241
72.7241
72.7241
72.7241
84.4699
84.4699
84.4699
84.4699
84.4699
84.4699
84.4699
84.4699
86.6399
86.6399
86.6399
86.6399
86.6399
86.6399
86.6399
86.6399
88.5186
88.5186
88.5186
88.5186
88.5186
88.5186
88.5186
88.5186
89.9951
89.9951
89.9951
89.9951
89.9951
89.9951
89.9951
89.9951
90.9756
90.9756
90.9756
90.9756
90.9756
90.9756
90.9756
90.9756
91.394
91.394
91.394
91.394
91.394
91.394
91.394
91.394
91.22
91.22
91.22
91.22
91.22
91.22
91.22
91.22
90.4611
90.4611
90.4611
90.4611
90.4611
90.4611
90.4611
90.4611
89.1616
89.1616
89.1616
89.1616
89.1616
89.1616
89.1616
89.1616
87.3969
87.3969
87.3969
87.3969
87.3969
87.3969
87.3969
87.3969
85.2647
85.2647
85.2647
85.2647
85.2647
85.2647
85.2647
85.2647
82.8732
82.8732
82.8732
82.8732
82.8732
82.8732
82.8732
82.8732
80.3315
80.3315
80.3315
80.3315
80.3315
80.3315
80.3315
80.3315
77.74
77.74
77.74
77.74
77.74
77.74
77.74
77.74
75.1827
75.1827
75.1827
75.1827
75.1827
75.1827
75.1827
75.1827
72.7241
72.7241
72.7241
72.7241
72.7241
72.7241
72.7241
72.7241
84.4699
84.4699
84.4699
84.4699
84.4699
84.4699
84.4699
84.4699
86.6399
86.6399
86.6399
86.6399
86.6399
86.6399
86.6399
86.6399
88.5186
88.5186
88.5186
88.5186
88.5186
88.5186
88.5186
88.5186
89.9951
89.9951
89.9951
89.9951
89.9951
89.9951
89.9951
89.9951
90.9756
90.9756
90.9756
90.9756
90.9756
90.9756
90.9756
90.9756
91.394
91.394
91.394
91.394
91.394
91.394
91.394
91.394
91.22
91.22
91.22
91.22
91.22
91.22
91.22
91.22
90.4611
90.4611
90.4611
90.4611
90.4611
90.4611
90.4611
90.4611
89.1616
89.1616
89.1616
89.1616
89.1616
89.1616
89.1616
89.1616
87.3969
87.3969
87.3969
87.3969
87.3969
87.3969
87.3969
87.3969
85.2647
85.2647
85.2647
85.2647
85.2647
85.2647
85.2647
85.2647
82.8732
82.8732
82.8732
82.8732
82.8732
82.8732
82.8732
82.8732
80.3315
80.3315
80.3315
80.3315
80.3315
80.3315
80.3315
80.3315
77.74
77.74
77.74
77.74
77.74
77.74
77.74
77.74
75.1827
75.1827
75.1827
75.1827
75.1827
75.1827
75.1827
75.1827
72.7241
72.7241
72.7241
72.7241
72.7241
72.7241
72.7241
72.7241
84.4699
84.4699
84.4699
84.4699
84.4699
84.4699
84.4699
84.4699
86.6399
86.6399
86.6399
86.6399
86.6399
86.6399
86.6399
86.6399
88.5186
88.5186
88.5186
88.5186
88.5186
88.5186
88.5186
88.5186
89.9951
89.9951
89.9951
89.9951
89.9951
89.9951
89.9951
89.9951
90.9756
90.9756
90.9756
90.9756
90.9756
90.9756
90.9756
90.9756
91.394
91.394
91.394
91.394
91.394
91.394
91.394
91.394
91.22
91.22
91.22
91.22
91.22
91.22
91.22
91.22
90.4611
90.4611
90.4611
90.4611
90.4611
90.4611
90.4611
90.4611
89.1616
89.1616
89.1616
89.1616
89.1616
89.1616
89.1616
89.1616
87.3969
87.3969
87.3969
87.3969
87.3969
87.3969
87.3969
87.3969
85.2647
85.2647
85.2647
85.2647
85.2647
85.2647
85.2647
85.2647
82.8732
82.8732
82.8732
82.8732
82.8732
82.8732
82.8732
82.8732
80.3315
80.3315
80.3315
80.3315
80.3315
80.3315
80.3315
80.3315
77.74
77.74
77.74
77.74
77.74
77.74
77.74
77.74
75.1827
75.1827
75.1827
75.1827
75.1827
75.1827
75.1827
75.1827
72.7241
72.7241
72.7241
72.7241
72.7241
72.7241
72.7241
72.7241
84.7875
84.7875
84.7875
84.7875
84.7875
84.7875
84.7875
84.7875
87.4115
87.4115
87.4115
87.4115
87.4115
87.4115
87.4115
87.4115
89.7493
89.7493
89.7493
89.7493
89.7493
89.7493
89.7493
89.7493
91.6659
91.6659
91.6659
91.6659
91.6659
91.6659
91.6659
91.6659
93.0463
93.0463
93.0463
93.0463
93.0463
93.0463
93.0463
93.0463
93.8052
93.8052
93.8052
93.8052
93.8052
93.8052
93.8052
93.8052
93.8984
93.8984
93.8984
93.8984
93.8984
93.8984
93.8984
93.8984
93.3276
93.3276
93.3276
93.3276
93.3276
93.3276
93.3276
93.3276
92.1409
92.1409
92.1409
92.1409
92.1409
92.1409
92.1409
92.1409
90.4226
90.4226
90.4226
90.4226
90.4226
90.4226
90.4226
90.4226
88.2868
88.2868
88.2868
88.2868
88.2868
88.2868
88.2868
88.2868
85.86
85.86
85.86
85.86
85.86
85.86
85.86
85.86
83.2707
83.2707
83.2707
83.2707
83.2707
83.2707
83.2707
83.2707
80.6371
80.6371
80.6371
80.6371
80.6371
80.6371
80.6371
80.6371
78.0579
78.0579
78.0579
78.0579
78.0579
78.0579
78.0579
78.0579
75.6087
75.6087
75.6087
75.6087
75.6087
75.6087
75.6087
75.6087
84.7875
84.7875
84.7875
84.7875
84.7875
84.7875
84.7875
84.7875
87.4115
87.4115
87.4115
87.4115
87.4115
87.4115
87.4115
87.4115
89.7493
89.7493
89.7493
89.7493
89.7493
89.7493
89.7493
89.7493
91.6659
91.6659
91.6659
91.6659
91.6659
91.6659
91.6659
91.6659
93.0463
93.0463
93.0463
93.0463
93.0463
93.0463
93.0463
93.0463
93.8052
93.8052
93.8052
93.8052
93.8052
93.8052
93.8052
93.8052
93.8984
93.8984
93.8984
93.8984
93.8984
93.8984
93.8984
93.8984
93.3276
93.3276
93.3276
93.3276
93.3276
93.3276
93.3276
93.3276
92.1409
92.1409
92.1409
92.1409
92.1409
92.1409
92.1409
92.1409
90.4226
90.4226
90.4226
90.4226
90.4226
90.4226
90.4226
90.4226
88.2868
88.2868
88.2868
88.2868
88.2868
88.2868
88.2868
88.2868
85.86
85.86
85.86
85.86
85.86
85.86
85.86
85.86
83.2707
83.2707
83.2707
83.2707
83.2707
83.2707
83.2707
83.2707
80.6371
80.6371
80.6371
80.6371
80.6371
80.6371
80.6371
80.6371
78.0579
78.0579
78.0579
78.0579
78.0579
78.0579
78.0579
78.0579
75.6087
75.6087
75.6087
75.6087
75.6087
75.6087
75.6087
75.6087
84.7875
84.7875
84.7875
84.7875
84.7875
84.7875
84.7875
84.7875
87.4115
87.4115
87.4115
87.4115
87.4115
87.4115
87.4115
87.4115
89.7493
89.7493
89.7493
89.7493
89.7493
89.7493
89.7493
89.7493
91.6659
91.6659
91.6659
91.6659
91.6659
91.6659
91.6659
91.6659
93.0463
93.0463
93.0463
93.0463
93.0463
93.0463
93.0463
93.0463
93.8052
93.8052
93.8052
93.8052
93.8052
93.8052
93.8052
93.8052
93.8984
93.8984
93.8984
93.8984
93.8984
93.8984
93.8984
93.8984
93.3276
93.3276
93.3276
93.3276
93.3276
93.3276
93.3276
93.3276
92.1409
92.1409
92.1409
92.1409
92.1409
92.1409
92.1409
92.1409
90.4226
90.4226
90.4226
90.4226
90.4226
90.4226
90.4226
90.4226
88.2868
88.2868
88.2868
88.2868
88.2868
88.2868
88.2868
88.2868
85.86
85.86
85.86
85.86
85.86
85.86
85.86
85.86
83.2707
83.2707
83.2707
83.2707
83.2707
83.2707
83.2707
83.2707
80.6371
80.6371
80.6371
80.6371
80.6371
80.6371
80.6371
80.6371
78.0579
78.0579
78.0579
78.0579
78.0579
78.0579
78.0579
78.0579
75.6087
75.6087
75.6087
75.6087
75.6087
75.6087
75.6087
75.6087
84.7875
84.7875
84.7875
84.7875
84.7875
84.7875
84.7875
84.7875
87.4115
87.4115
87.4115
87.4115
87.4115
87.4115
87.4115
87.4115
89.7493
89.7493
89.7493
89.7493
89.7493
89.7493
89.7493
89.7493
91.6659
91.6659
91.6659
91.6659
91.6659
91.6659
91.6659
91.6659
93.0463
93.0463
93.0463
93.0463
93.0463
93.0463
93.0463
93.0463
93.8052
93.8052
93.8052
93.8052
93.8052
93.8052
93.8052
93.8052
93.8984
93.8984
93.8984
93.8984
93.8984
93.8984
93.8984
93.8984
93.3276
93.3276
93.3276
93.3276
93.3276
93.3276
93.3276
93.3276
92.1409
92.1409
92.1409
92.1409
92.1409
92.1409
92.1409
92.1409
90.4226
90.4226
90.4226
90.4226
90.4226
90.4226
90.4226
90.4226
88.2868
88.2868
88.2868
88.2868
88.2868
88.2868
88.2868
88.2868
85.86
85.86
85.86
85.86
85.86
85.86
85.86
85.86
83.2707
83.2707
83.2707
83.2707
83.2707
83.2707
83.2707
83.2707
80.6371
80.6371
80.6371
80.6371
80.6371
80.6371
80.6371
80.6371
78.0579
78.0579
78.0579
78.0579
78.0579
78.0579
78.0579
78.0579
75.6087
75.6087
75.6087
75.6087
75.6087
75.6087
75.6087
75.6087
84.3541
84.3541
84.3541
84.3541
84.3541
84.3541
84.3541
84.3541
87.4457
87.4457
87.4457
87.4457
87.4457
87.4457
87.4457
87.4457
90.2753
90.2753
90.2753
90.2753
90.2753
90.2753
90.2753
90.2753
92.6853
92.6853
92.6853
92.6853
92.6853
92.6853
92.6853
92.6853
94.5361
94.5361
94.5361
94.5361
94.5361
94.5361
94.5361
94.5361
95.7203
95.7203
95.7203
95.7203
95.7203
95.7203
95.7203
95.7203
96.1774
96.1774
96.1774
96.1774
96.1774
96.1774
96.1774
96.1774
95.8987
95.8987
95.8987
95.8987
95.8987
95.8987
95.8987
95.8987
94.93
94.93
94.93
94.93
94.93
94.93
94.93
94.93
93.3637
93.3637
93.3637
93.3637
93.3637
93.3637
93.3637
93.3637
91.3256
91.3256
91.3256
91.3256
91.3256
91.3256
91.3256
91.3256
88.9601
88.9601
88.9601
88.9601
88.9601
88.9601
88.9601
88.9601
86.4155
86.4155
86.4155
86.4155
86.4155
86.4155
86.4155
86.4155
83.8272
83.8272
83.8272
83.8272
83.8272
83.8272
83.8272
83.8272
81.3109
81.3109
81.3109
81.3109
81.3109
81.3109
81.3109
81.3109
78.9538
78.9538
78.9538
78.9538
78.9538
78.9538
78.9538
78.9538
84.3541
84.3541
84.3541
84.3541
84.3541
84.3541
84.3541
84.3541
87.4457
87.4457
87.4457
87.4457
87.4457
87.4457
87.4457
87.4457
90.2753
90.2753
90.2753
90.2753
90.2753
90.2753
90.2753
90.2753
92.6853
92.6853
92.6853
92.6853
92.6853
92.6853
92.6853
92.6853
94.5361
94.5361
94.5361
94.5361
94.5361
94.5361
94.5361
94.5361
95.7203
95.7203
95.7203
95.7203
95.7203
95.7203
95.7203
95.7203
96.1774
96.1774
96.1774
96.1774
96.1774
96.1774
96.1774
96.1774
95.8987
95.8987
95.8987
95.8987
95.8987
95.8987
95.8987
95.8987
94.93
94.93
94.93
94.93
94.93
94.93
94.93
94.93
93.3637
93.3637
93.3637
93.3637
93.3637
93.3637
93.3637
93.3637
91.3256
91.3256
91.3256
91.3256
91.3256
91.3256
91.3256
91.3256
88.9601
88.9601
88.9601
88.9601
88.9601
88.9601
88.9601
88.9601
86.4155
86.4155
86.4155
86.4155
86.4155
86.4155
86.4155
86.4155
83.8272
83.8272
83.8272
83.8272
83.8272
83.8272
83.8272
83.8272
81.3109
81.3109
81.3109
81.3109
81.3109
81.3109
81.3109
81.3109
78.9538
78.9538
78.9538
78.9538
78.9538
78.9538
78.9538
78.9538
84.3541
84.3541
84.3541
84.3541
84.3541
84.3541
84.3541
84.3541
87.4457
87.4457
87.4457
87.4457
87.4457
87.4457
87.4457
87.4457
90.2753
90.2753
90.2753
90.2753
90.2753
90.2753
90.2753
90.2753
92.6853
92.6853
92.6853
92.6853
92.6853
92.6853
92.6853
92.6853
94.5361
94.5361
94.5361
94.5361
94.5361
94.5361
94.5361
94.5361
95.7203
95.7203
95.7203
95.7203
95.7203
95.7203
95.7203
95.7203
96.1774
96.1774
96.1774
96.1774
96.1774
96.1774
96.1774
96.1774
95.8987
95.8987
95.8987
95.8987
95.8987
95.8987
95.8987
95.8987
94.93
94.93
94.93
94.93
94.93
94.93
94.93
94.93
93.3637
93.3637
93.3637
93.3637
93.3637
93.3637
93.3637
93.3637
91.3256
91.3256
91.3256
91.3256
91.3256
91.3256
91.3256
91.3256
88.9601
88.9601
88.9601
88.9601
88.9601
88.9601
88.9601
88.9601
86.4155
86.4155
86.4155
86.4155
86.4155
86.4155
86.4155
86.4155
83.8272
83.8272
83.8272
83.8272
83.8272
83.8272
83.8272
83.8272
81.3109
81.3109
81.3109
81.3109
81.3109
81.3109
81.3109
81.3109
78.9538
78.9538
78.9538
78.9538
78.9538
78.9538
78.9538
78.9538
84.3541
84.3541
84.3541
84.3541
84.3541
84.3541
84.3541
84.3541
87.4457
87.4457
87.4457
87.4457
87.4457
87.4457
87.4457
87.4457
90.2753
90.2753
90.2753
90.2753
90.2753
90.2753
90.2753
90.2753
92.6853
92.6853
92.6853
92.6853
92.6853
92.6853
92.6853
92.6853
94.5361
94.5361
94.5361
94.5361
94.5361
94.5361
94.5361
94.5361
95.7203
95.7203
95.7203
95.7203
95.7203
95.7203
95.7203
95.7203
96.1774
96.1774
96.1774
96.1774
96.1774
96.1774
96.1774
96.1774
95.8987
95.8987
95.8987
95.8987
95.8987
95.8987
95.8987
95.8987
94.93
94.93
94.93
94.93
94.93
94.93
94.93
94.93
93.3637
93.3637
93.3637
93.3637
93.3637
93.3637
93.3637
93.3637
91.3256
91.3256
91.3256
91.3256
91.3256
91.3256
91.3256
91.3256
88.9601
88.9601
88.9601
88.9601
88.9601
88.9601
88.9601
88.9601
86.4155
86.4155
86.4155
86.4155
86.4155
86.4155
86.4155
86.4155
83.8272
83.8272
83.8272
83.8272
83.8272
83.8272
83.8272
83.8272
81.3109
81.3109
81.3109
81.3109
81.3109
81.3109
81.3109
81.3109
78.9538
78.9538
78.9538
78.9538
78.9538
78.9538
78.9538
78.9538
83.0837
83.0837
83.0837
83.0837
83.0837
83.0837
83.0837
83.0837
86.6321
86.6321
86.6321
86.6321
86.6321
86.6321
86.6321
86.6321
89.9626
89.9626
89.9626
89.9626
89.9626
89.9626
89.9626
89.9626
92.898
92.898
92.898
92.898
92.898
92.898
92.898
92.898
95.2743
95.2743
95.2743
95.2743
95.2743
95.2743
95.2743
95.2743
96.9601
96.9601
96.9601
96.9601
96.9601
96.9601
96.9601
96.9601
97.8737
97.8737
97.8737
97.8737
97.8737
97.8737
97.8737
97.8737
97.9925
97.9925
97.9925
97.9925
97.9925
97.9925
97.9925
97.9925
97.3545
97.3545
97.3545
97.3545
97.3545
97.3545
97.3545
97.3545
96.0538
96.0538
96.0538
96.0538
96.0538
96.0538
96.0538
96.0538
94.2264
94.2264
94.2264
94.2264
94.2264
94.2264
94.2264
94.2264
92.0316
92.0316
92.0316
92.0316
92.0316
92.0316
92.0316
92.0316
89.6348
89.6348
89.6348
89.6348
89.6348
89.6348
89.6348
89.6348
87.1908
87.1908
87.1908
87.1908
87.1908
87.1908
87.1908
87.1908
84.832
84.832
84.832
84.832
84.832
84.832
84.832
84.832
82.6603
82.6603
82.6603
82.6603
82.6603
82.6603
82.6603
82.6603
83.0837
83.0837
83.0837
83.0837
83.0837
83.0837
83.0837
83.0837
86.6321
86.6321
86.6321
86.6321
86.6321
86.6321
86.6321
86.6321
89.9626
89.9626
89.9626
89.9626
89.9626
89.9626
89.9626
89.9626
92.898
92.898
92.898
92.898
92.898
92.898
92.898
92.898
95.2743
95.2743
95.2743
95.2743
95.2743
95.2743
95.2743
95.2743
96.9601
96.9601
96.9601
96.9601
96.9601
96.9601
96.9601
96.9601
97.8737
97.8737
97.8737
97.8737
97.8737
97.8737
97.8737
97.8737
97.9925
97.9925
97.9925
97.9925
97.9925
97.9925
97.9925
97.9925
97.3545
97.3545
97.3545
97.3545
97.3545
97.3545
97.3545
97.3545
96.0538
96.0538
96.0538
96.0538
96.0538
96.0538
96.0538
96.0538
94.2264
94.2264
94.2264
94.2264
94.2264
94.2264
94.2264
94.2264
92.0316
92.0316
92.0316
92.0316
92.0316
92.0316
92.0316
92.0316
89.6348
89.6348
89.6348
89.6348
89.6348
89.6348
89.6348
89.6348
87.1908
87.1908
87.1908
87.1908
87.1908
87.1908
87.1908
87.1908
84.832
84.832
84.832
84.832
84.832
84.832
84.832
84.832
82.6603
82.6603
82.6603
82.6603
82.6603
82.6603
82.6603
82.6603
83.0837
83.0837
83.0837
83.0837
83.0837
83.0837
83.0837
83.0837
86.6321
86.6321
86.6321
86.6321
86.6321
86.6321
86.6321
86.6321
89.9626
89.9626
89.9626
89.9626
89.9626
89.9626
89.9626
89.9626
92.898
92.898
92.898
92.898
92.898
92.898
92.898
92.898
95.2743
95.2743
95.2743
95.2743
95.2743
95.2743
95.2743
95.2743
96.9601
96.9601
96.9601
96.9601
96.9601
96.9601
96.9601
96.9601
97.8737
97.8737
97.8737
97.8737
97.8737
97.8737
97.8737
97.8737
97.9925
97.9925
97.9925
97.9925
97.9925
97.9925
97.9925
97.9925
97.3545
97.3545
97.3545
97.3545
97.3545
97.3545
97.3545
97.3545
96.0538
96.0538
96.0538
96.0538
96.0538
96.0538
96.0538
96.0538
94.2264
94.2264
94.2264
94.2264
94.2264
94.2264
94.2264
94.2264
92.0316
92.0316
92.0316
92.0316
92.0316
92.0316
92.0316
92.0316
89.6348
89.6348
89.6348
89.6348
89.6348
89.6348
89.6348
89.6348
87.1908
87.1908
87.1908
87.1908
87.1908
87.1908
87.1908
87.1908
84.832
84.832
84.832
84.832
84.832
84.832
84.832
84.832
82.6603
82.6603
82.6603
82.6603
82.6603
82.6603
82.6603
82.6603
83.0837
83.0837
83.0837
83.0837
83.0837
83.0837
83.0837
83.0837
86.6321
86.6321
86.6321
86.6321
86.6321
86.6321
86.6321
86.6321
89.9626
89.9626
89.9626
89.9626
89.9626
89.9626
89.9626
89.9626
92.898
92.898
92.898
92.898
92.898
92.898
92.898
92.898
95.2743
95.2743
95.2743
95.2743
95.2743
95.2743
95.2743
95.2743
96.9601
96.9601
96.9601
96.9601
96.9601
96.9601
96.9601
96.9601
97.8737
97.8737
97.8737
97.8737
97.8737
97.8737
97.8737
97.8737
97.9925
97.9925
97.9925
97.9925
97.9925
97.9925
97.9925
97.9925
97.3545
97.3545
97.3545
97.3545
97.3545
97.3545
97.3545
97.3545
96.0538
96.0538
96.0538
96.0538
96.0538
96.0538
96.0538
96.0538
94.2264
94.2264
94.2264
94.2264
94.2264
94.2264
94.2264
94.2264
92.0316
92.0316
92.0316
92.0316
92.0316
92.0316
92.0316
92.0316
89.6348
89.6348
89.6348
89.6348
89.6348
89.6348
89.6348
89.6348
87.1908
87.1908
87.1908
87.1908
87.1908
87.1908
87.1908
87.1908
84.832
84.832
84.832
84.832
84.832
84.832
84.832
84.832
82.6603
82.6603
82.6603
82.6603
82.6603
82.6603
82.6603
82.6603
80.9501
80.9501
80.9501
80.9501
80.9501
80.9501
80.9501
80.9501
84.9171
84.9171
84.9171
84.9171
84.9171
84.9171
84.9171
84.9171
88.7305
88.7305
88.7305
88.7305
88.7305
88.7305
88.7305
88.7305
92.196
92.196
92.196
92.196
92.196
92.196
92.196
92.196
95.1278
95.1278
95.1278
95.1278
95.1278
95.1278
95.1278
95.1278
97.37
97.37
97.37
97.37
97.37
97.37
97.37
97.37
98.8168
98.8168
98.8168
98.8168
98.8168
98.8168
98.8168
98.8168
99.4254
99.4254
99.4254
99.4254
99.4254
99.4254
99.4254
99.4254
99.223
99.223
99.223
99.223
99.223
99.223
99.223
99.223
98.2993
98.2993
98.2993
98.2993
98.2993
98.2993
98.2993
98.2993
96.7943
96.7943
96.7943
96.7943
96.7943
96.7943
96.7943
96.7943
94.879
94.879
94.879
94.879
94.879
94.879
94.879
94.879
92.7348
92.7348
92.7348
92.7348
92.7348
92.7348
92.7348
92.7348
90.5346
90.5346
90.5346
90.5346
90.5346
90.5346
90.5346
90.5346
88.4289
88.4289
88.4289
88.4289
88.4289
88.4289
88.4289
88.4289
86.5364
86.5364
86.5364
86.5364
86.5364
86.5364
86.5364
86.5364
80.9501
80.9501
80.9501
80.9501
80.9501
80.9501
80.9501
80.9501
84.9171
84.9171
84.9171
84.9171
84.9171
84.9171
84.9171
84.9171
88.7305
88.7305
88.7305
88.7305
88.7305
88.7305
88.7305
88.7305
92.196
92.196
92.196
92.196
92.196
92.196
92.196
92.196
95.1278
95.1278
95.1278
95.1278
95.1278
95.1278
95.1278
95.1278
97.37
97.37
97.37
97.37
97.37
97.37
97.37
97.37
98.8168
98.8168
98.8168
98.8168
98.8168
98.8168
98.8168
98.8168
99.4254
99.4254
99.4254
99.4254
99.4254
99.4254
99.4254
99.4254
99.223
99.223
99.223
99.223
99.223
99.223
99.223
99.223
98.2993
98.2993
98.2993
98.2993
98.2993
98.2993
98.2993
98.2993
96.7943
96.7943
96.7943
96.7943
96.7943
96.7943
96.7943
96.7943
94.879
94.879
94.879
94.879
94.879
94.879
94.879
94.879
92.7348
92.7348
92.7348
92.7348
92.7348
92.7348
92.7348
92.7348
90.5346
90.5346
90.5346
90.5346
90.5346
90.5346
90.5346
90.5346
88.4289
88.4289
88.4289
88.4289
88.4289
88.4289
88.4289
88.4289
86.5364
86.5364
86.5364
86.5364
86.5364
86.5364
86.5364
86.5364
80.9501
80.9501
80.9501
80.9501
80.9501
80.9501
80.9501
80.9501
84.9171
84.9171
84.9171
84.9171
84.9171
84.9171
84.9171
84.9171
88.7305
88.7305
88.7305
88.7305
88.7305
88.7305
88.7305
88.7305
92.196
92.196
92.196
92.196
92.196
92.196
92.196
92.196
95.1278
95.1278
95.1278
95.1278
95.1278
95.1278
95.1278
95.1278
97.37
97.37
97.37
97.37
97.37
97.37
97.37
97.37
98.8168
98.8168
98.8168
98.8168
98.8168
98.8168
98.8168
98.8168
99.4254
99.4254
99.4254
99.4254
99.4254
99.4254
99.4254
99.4254
99.223
99.223
99.223
99.223
99.223
99.223
99.223
99.223
98.2993
98.2993
98.2993
98.2993
98.2993
98.2993
98.2993
98.2993
96.7943
96.7943
96.7943
96.7943
96.7943
96.7943
96.7943
96.7943
94.879
94.879
94.879
94.879
94.879
94.879
94.879
94.879
92.7348
92.7348
92.7348
92.7348
92.7348
92.7348
92.7348
92.7348
90.5346
90.5346
90.5346
90.5346
90.5346
90.5346
90.5346
90.5346
88.4289
88.4289
88.4289
88.4289
88.4289
88.4289
88.4289
88.4289
86.5364
86.5364
86.5364
86.5364
86.5364
86.5364
86.5364
86.5364
80.9501
80.9501
80.9501
80.9501
80.9501
80.9501
80.9501
80.9501
84.9171
84.9171
84.9171
84.9171
84.9171
84.9171
84.9171
84.9171
88.7305
88.7305
88.7305
88.7305
88.7305
88.7305
88.7305
88.7305
92.196
92.196
92.196
92.196
92.196
92.196
92.196
92.196
95.1278
95.1278
95.1278
95.1278
95.1278
95.1278
95.1278
95.1278
97.37
97.37
97.37
97.37
97.37
97.37
97.37
97.37
98.8168
98.8168
98.8168
98.8168
98.8168
98.8168
98.8168
98.8168
99.4254
99.4254
99.4254
99.4254
99.4254
99.4254
99.4254
99.4254
99.223
99.223
99.223
99.223
99.223
99.223
99.223
99.223
98.2993
98.2993
98.2993
98.2993
98.2993
98.2993
98.2993
98.2993
96.7943
96.7943
96.7943
96.7943
96.7943
96.7943
96.7943
96.7943
94.879
94.879
94.879
94.879
94.879
94.879
94.879
94.879
92.7348
92.7348
92.7348
92.7348
92.7348
92.7348
92.7348
92.7348
90.5346
90.5346
90.5346
90.5346
90.5346
90.5346
90.5346
90.5346
88.4289
88.4289
88.4289
88.4289
88.4289
88.4289
88.4289
88.4289
86.5364
86.5364
86.5364
86.5364
86.5364
86.5364
86.5364
86.5364
77.9885
77.9885
77.9885
77.9885
77.9885
77.9885
77.9885
77.9885
82.3096
82.3096
82.3096
82.3096
82.3096
82.3096
82.3096
82.3096
86.5572
86.5572
86.5572
86.5572
86.5572
86.5572
86.5572
86.5572
90.526
90.526
90.526
90.526
90.526
90.526
90.526
90.526
94.0115
94.0115
94.0115
94.0115
94.0115
94.0115
94.0115
94.0115
96.8343
96.8343
96.8343
96.8343
96.8343
96.8343
96.8343
96.8343
98.8627
98.8627
98.8627
98.8627
98.8627
98.8627
98.8627
98.8627
100.031
100.031
100.031
100.031
100.031
100.031
100.031
100.031
100.35
100.35
100.35
100.35
100.35
100.35
100.35
100.35
99.8968
99.8968
99.8968
99.8968
99.8968
99.8968
99.8968
99.8968
98.8125
98.8125
98.8125
98.8125
98.8125
98.8125
98.8125
98.8125
97.2746
97.2746
97.2746
97.2746
97.2746
97.2746
97.2746
97.2746
95.4773
95.4773
95.4773
95.4773
95.4773
95.4773
95.4773
95.4773
93.611
93.611
93.611
93.611
93.611
93.611
93.611
93.611
91.8439
91.8439
91.8439
91.8439
91.8439
91.8439
91.8439
91.8439
90.3141
90.3141
90.3141
90.3141
90.3141
90.3141
90.3141
90.3141
77.9885
77.9885
77.9885
77.9885
77.9885
77.9885
77.9885
77.9885
82.3096
82.3096
82.3096
82.3096
82.3096
82.3096
82.3096
82.3096
86.5572
86.5572
86.5572
86.5572
86.5572
86.5572
86.5572
86.5572
90.526
90.526
90.526
90.526
90.526
90.526
90.526
90.526
94.0115
94.0115
94.0115
94.0115
94.0115
94.0115
94.0115
94.0115
96.8343
96.8343
96.8343
96.8343
96.8343
96.8343
96.8343
96.8343
98.8627
98.8627
98.8627
98.8627
98.8627
98.8627
98.8627
98.8627
100.031
100.031
100.031
100.031
100.031
100.031
100.031
100.031
100.35
100.35
100.35
100.35
100.35
100.35
100.35
100.35
99.8968
99.8968
99.8968
99.8968
99.8968
99.8968
99.8968
99.8968
98.8125
98.8125
98.8125
98.8125
98.8125
98.8125
98.8125
98.8125
97.2746
97.2746
97.2746
97.2746
97.2746
97.2746
97.2746
97.2746
95.4773
95.4773
95.4773
95.4773
95.4773
95.4773
95.4773
95.4773
93.611
93.611
93.611
93.611
93.611
93.611
93.611
93.611
91.8439
91.8439
91.8439
91.8439
91.8439
91.8439
91.8439
91.8439
90.3141
90.3141
90.3141
90.3141
90.3141
90.3141
90.3141
90.3141
77.9885
77.9885
77.9885
77.9885
77.9885
77.9885
77.9885
77.9885
82.3096
82.3096
82.3096
82.3096
82.3096
82.3096
82.3096
82.3096
86.5572
86.5572
86.5572
86.5572
86.5572
86.5572
86.5572
86.5572
90.526
90.526
90.526
90.526
90.526
90.526
90.526
90.526
94.0115
94.0115
94.0115
94.0115
94.0115
94.0115
94.0115
94.0115
96.8343
96.8343
96.8343
96.8343
96.8343
96.8343
96.8343
96.8343
98.8627
98.8627
98.8627
98.8627
98.8627
98.8627
98.8627
98.8627
100.031
100.031
100.031
100.031
100.031
100.031
100.031
100.031
100.35
100.35
100.35
100.35
100.35
100.35
100.35
100.35
99.8968
99.8968
99.8968
99.8968
99.8968
99.8968
99.8968
99.8968
98.8125
98.8125
98.8125
98.8125
98.8125
98.8125
98.8125
98.8125
97.2746
97.2746
97.2746
97.2746
97.2746
97.2746
97.2746
97.2746
95.4773
95.4773
95.4773
95.4773
95.4773
95.4773
95.4773
95.4773
93.611
93.611
93.611
93.611
93.611
93.611
93.611
93.611
91.8439
91.8439
91.8439
91.8439
91.8439
91.8439
91.8439
91.8439
90.3141
90.3141
90.3141
90.3141
90.3141
90.3141
90.3141
90.3141
77.9885
77.9885
77.9885
77.9885
77.9885
77.9885
77.9885
77.9885
82.3096
82.3096
82.3096
82.3096
82.3096
82.3096
82.3096
82.3096
86.5572
86.5572
86.5572
86.5572
86.5572
86.5572
86.5572
86.5572
90.526
90.526
90.526
90.526
90.526
90.526
90.526
90.526
94.0115
94.0115
94.0115
94.0115
94.0115
94.0115
94.0115
94.0115
96.8343
96.8343
96.8343
96.8343
96.8343
96.8343
96.8343
96.8343
98.8627
98.8627
98.8627
98.8627
98.8627
98.8627
98.8627
98.8627
100.031
100.031
100.031
100.031
100.031
100.031
100.031
100.031
100.35
100.35
100.35
100.35
100.35
100.35
100.35
100.35
99.8968
99.8968
99.8968
99.8968
99.8968
99.8968
99.8968
99.8968
98.8125
98.8125
98.8125
98.8125
98.8125
98.8125
98.8125
98.8125
97.2746
97.2746
97.2746
97.2746
97.2746
97.2746
97.2746
97.2746
95.4773
95.4773
95.4773
95.4773
95.4773
95.4773
95.4773
95.4773
93.611
93.611
93.611
93.611
93.611
93.611
93.611
93.611
91.8439
91.8439
91.8439
91.8439
91.8439
91.8439
91.8439
91.8439
90.3141
90.3141
90.3141
90.3141
90.3141
90.3141
90.3141
90.3141
74.2883
74.2883
74.2883
74.2883
74.2883
74.2883
74.2883
74.2883
78.8771
78.8771
78.8771
78.8771
78.8771
78.8771
78.8771
78.8771
83.4841
83.4841
83.4841
83.4841
83.4841
83.4841
83.4841
83.4841
87.8977
87.8977
87.8977
87.8977
87.8977
87.8977
87.8977
87.8977
91.9007
91.9007
91.9007
91.9007
91.9007
91.9007
91.9007
91.9007
95.2919
95.2919
95.2919
95.2919
95.2919
95.2919
95.2919
95.2919
97.9163
97.9163
97.9163
97.9163
97.9163
97.9163
97.9163
97.9163
99.6814
99.6814
99.6814
99.6814
99.6814
99.6814
99.6814
99.6814
100.574
100.574
100.574
100.574
100.574
100.574
100.574
100.574
100.66
100.66
100.66
100.66
100.66
100.66
100.66
100.66
100.07
100.07
100.07
100.07
100.07
100.07
100.07
100.07
98.9839
98.9839
98.9839
98.9839
98.9839
98.9839
98.9839
98.9839
97.606
97.606
97.606
97.606
97.606
97.606
97.606
97.606
96.1414
96.1414
96.1414
96.1414
96.1414
96.1414
96.1414
96.1414
94.777
94.777
94.777
94.777
94.777
94.777
94.777
94.777
93.6702
93.6702
93.6702
93.6702
93.6702
93.6702
93.6702
93.6702
74.2883
74.2883
74.2883
74.2883
74.2883
74.2883
74.2883
74.2883
78.8771
78.8771
78.8771
78.8771
78.8771
78.8771
78.8771
78.8771
83.4841
83.4841
83.4841
83.4841
83.4841
83.4841
83.4841
83.4841
87.8977
87.8977
87.8977
87.8977
87.8977
87.8977
87.8977
87.8977
91.9007
91.9007
91.9007
91.9007
91.9007
91.9007
91.9007
91.9007
95.2919
95.2919
95.2919
95.2919
95.2919
95.2919
95.2919
95.2919
97.9163
97.9163
97.9163
97.9163
97.9163
97.9163
97.9163
97.9163
99.6814
99.6814
99.6814
99.6814
99.6814
99.6814
99.6814
99.6814
100.574
100.574
100.574
100.574
100.574
100.574
100.574
100.574
100.66
100.66
100.66
100.66
100.66
100.66
100.66
100.66
100.07
100.07
100.07
100.07
100.07
100.07
100.07
100.07
98.9839
98.9839
98.9839
98.9839
98.9839
98.9839
98.9839
98.9839
97.606
97.606
97.606
97.606
97.606
97.606
97.606
97.606
96.1414
96.1414
96.1414
96.1414
96.1414
96.1414
96.1414
96.1414
94.777
94.777
94.777
94.777
94.777
94.777
94.777
94.777
93.6702
93.6702
93.6702
93.6702
93.6702
93.6702
93.6702
93.6702
74.2883
74.2883
74.2883
74.2883
74.2883
74.2883
74.2883
74.2883
78.8771
78.8771
78.8771
78.8771
78.8771
78.8771
78.8771
78.8771
83.4841
83.4841
83.4841
83.4841
83.4841
83.4841
83.4841
83.4841
87.8977
87.8977
87.8977
87.8977
87.8977
87.8977
87.8977
87.8977
91.9007
91.9007
91.9007
91.9007
91.9007
91.9007
91.9007
91.9007
95.2919
95.2919
95.2919
95.2919
95.2919
95.2919
95.2919
95.2919
97.9163
97.9163
97.9163
97.9163
97.9163
97.9163
97.9163
97.9163
99.6814
99.6814
99.6814
99.6814
99.6814
99.6814
99.6814
99.6814
100.574
100.574
100.574
100.574
100.574
100.574
100.574
100.574
100.66
100.66
100.66
100.66
100.66
100.66
100.66
100.66
100.07
100.07
100.07
100.07
100.07
100.07
100.07
100.07
98.9839
98.9839
98.9839
98.9839
98.9839
98.9839
98.9839
98.9839
97.606
97.606
97.606
97.606
97.606
97.606
97.606
97.606
96.1414
96.1414
96.1414
96.1414
96.1414
96.1414
96.1414
96.1414
94.777
94.777
94.777
94.777
94.777
94.777
94.777
94.777
93.6702
93.6702
93.6702
93.6702
93.6702
93.6702
93.6702
93.6702
74.2883
74.2883
74.2883
74.2883
74.2883
74.2883
74.2883
74.2883
78.8771
78.8771
78.8771
78.8771
78.8771
78.8771
78.8771
78.8771
83.4841
83.4841
83.4841
83.4841
83.4841
83.4841
83.4841
83.4841
87.8977
87.8977
87.8977
87.8977
87.8977
87.8977
87.8977
87.8977
91.9007
91.9007
91.9007
91.9007
91.9007
91.9007
91.9007
91.9007
95.2919
95.2919
95.2919
95.2919
95.2919
95.2919
95.2919
95.2919
97.9163
97.9163
97.9163
97.9163
97.9163
97.9163
97.9163
97.9163
99.6814
99.6814
99.6814
99.6814
99.6814
99.6814
99.6814
99.6814
100.574
100.574
100.574
100.574
100.574
100.574
100.574
100.574
100.66
100.66
100.66
100.66
100.66
100.66
100.66
100.66
100.07
100.07
100.07
100.07
100.07
100.07
100.07
100.07
98.9839
98.9839
98.9839
98.9839
98.9839
98.9839
98.9839
98.9839
97.606
97.606
97.606
97.606
97.606
97.606
97.606
97.606
96.1414
96.1414
96.1414
96.1414
96.1414
96.1414
96.1414
96.1414
94.777
94.777
94.777
94.777
94.777
94.777
94.777
94.777
93.6702
93.6702
93.6702
93.6702
93.6702
93.6702
93.6702
93.6702
69.9863
69.9863
69.9863
69.9863
69.9863
69.9863
69.9863
69.9863
74.7423
74.7423
74.7423
74.7423
74.7423
74.7423
74.7423
74.7423
79.6118
79.6118
79.6118
79.6118
79.6118
79.6118
79.6118
79.6118
84.3845
84.3845
84.3845
84.3845
84.3845
84.3845
84.3845
84.3845
88.8359
88.8359
88.8359
88.8359
88.8359
88.8359
88.8359
88.8359
92.7487
92.7487
92.7487
92.7487
92.7487
92.7487
92.7487
92.7487
95.9436
95.9436
95.9436
95.9436
95.9436
95.9436
95.9436
95.9436
98.3031
98.3031
98.3031
98.3031
98.3031
98.3031
98.3031
98.3031
99.7882
99.7882
99.7882
99.7882
99.7882
99.7882
99.7882
99.7882
100.443
100.443
100.443
100.443
100.443
100.443
100.443
100.443
100.386
100.386
100.386
100.386
100.386
100.386
100.386
100.386
99.7951
99.7951
99.7951
99.7951
99.7951
99.7951
99.7951
99.7951
98.8775
98.8775
98.8775
98.8775
98.8775
98.8775
98.8775
98.8775
97.851
97.851
97.851
97.851
97.851
97.851
97.851
97.851
96.9201
96.9201
96.9201
96.9201
96.9201
96.9201
96.9201
96.9201
96.261
96.261
96.261
96.261
96.261
96.261
96.261
96.261
69.9863
69.9863
69.9863
69.9863
69.9863
69.9863
69.9863
69.9863
74.7423
74.7423
74.7423
74.7423
74.7423
74.7423
74.7423
74.7423
79.6118
79.6118
79.6118
79.6118
79.6118
79.6118
79.6118
79.6118
84.3845
84.3845
84.3845
84.3845
84.3845
84.3845
84.3845
84.3845
88.8359
88.8359
88.8359
88.8359
88.8359
88.8359
88.8359
88.8359
92.7487
92.7487
92.7487
92.7487
92.7487
92.7487
92.7487
92.7487
95.9436
95.9436
95.9436
95.9436
95.9436
95.9436
95.9436
95.9436
98.3031
98.3031
98.3031
98.3031
98.3031
98.3031
98.3031
98.3031
99.7882
99.7882
99.7882
99.7882
99.7882
99.7882
99.7882
99.7882
100.443
100.443
100.443
100.443
100.443
100.443
100.443
100.443
100.386
100.386
100.386
100.386
100.386
100.386
100.386
100.386
99.7951
99.7951
99.7951
99.7951
99.7951
99.7951
99.7951
99.7951
98.8775
98.8775
98.8775
98.8775
98.8775
98.8775
98.8775
98.8775
97.851
97.851
97.851
97.851
97.851
97.851
97.851
97.851
96.9201
96.9201
96.9201
96.9201
96.9201
96.9201
96.9201
96.9201
96.261
96.261
96.261
96.261
96.261
96.261
96.261
96.261
69.9863
69.9863
69.9863
69.9863
69.9863
69.9863
69.9863
69.9863
74.7423
74.7423
74.7423
74.7423
74.7423
74.7423
74.7423
74.7423
79.6118
79.6118
79.6118
79.6118
79.6118
79.6118
79.6118
79.6118
84.3845
84.3845
84.3845
84.3845
84.3845
84.3845
84.3845
84.3845
88.8359
88.8359
88.8359
88.8359
88.8359
88.8359
88.8359
88.8359
92.7487
92.7487
92.7487
92.7487
92.7487
92.7487
92.7487
92.7487
95.9436
95.9436
95.9436
95.9436
95.9436
95.9436
95.9436
95.9436
98.3031
98.3031
98.3031
98.3031
98.3031
98.3031
98.3031
98.3031
99.7882
99.7882
99.7882
99.7882
99.7882
99.7882
99.7882
99.7882
100.443
100.443
100.443
100.443
100.443
100.443
100.443
100.443
100.386
100.386
100.386
100.386
100.386
100.386
100.386
100.386
99.7951
99.7951
99.7951
99.7951
99.7951
99.7951
99.7951
99.7951
98.8775
98.8775
98.8775
98.8775
98.8775
98.8775
98.8775
98.8775
97.851
97.851
97.851
97.851
97.851
97.851
97.851
97.851
96.9201
96.9201
96.9201
96.9201
96.9201
96.9201
96.9201
96.9201
96.261
96.261
96.261
96.261
96.261
96.261
96.261
96.261
69.9863
69.9863
69.9863
69.9863
69.9863
69.9863
69.9863
69.9863
74.7423
74.7423
74.7423
74.7423
74.7423
74.7423
74.7423
74.7423
79.6118
79.6118
79.6118
79.6118
79.6118
79.6118
79.6118
79.6118
84.3845
84.3845
84.3845
84.3845
84.3845
84.3845
84.3845
84.3845
88.8359
88.8359
88.8359
88.8359
88.8359
88.8359
88.8359
88.8359
92.7487
92.7487
92.7487
92.7487
92.7487
92.7487
92.7487
92.7487
95.9436
95.9436
95.9436
95.9436
95.9436
95.9436
95.9436
95.9436
98.3031
98.3031
98.3031
98.3031
98.3031
98.3031
98.3031
98.3031
99.7882
99.7882
99.7882
99.7882
99.7882
99.7882
99.7882
99.7882
100.443
100.443
100.443
100.443
100.443
100.443
100.443
100.443
100.386
100.386
100.386
100.386
100.386
100.386
100.386
100.386
99.7951
99.7951
99.7951
99.7951
99.7951
99.7951
99.7951
99.7951
98.8775
98.8775
98.8775
98.8775
98.8775
98.8775
98.8775
98.8775
97.851
97.851
97.851
97.851
97.851
97.851
97.851
97.851
96.9201
96.9201
96.9201
96.9201
96.9201
96.9201
96.9201
96.9201
96.261
96.261
96.261
96.261
96.261
96.261
96.261
96.261
65.2492
65.2492
65.2492
65.2492
65.2492
65.2492
65.2492
65.2492
70.0658
70.0658
70.0658
70.0658
70.0658
70.0658
70.0658
70.0658
75.0893
75.0893
75.0893
75.0893
75.0893
75.0893
75.0893
75.0893
80.1163
80.1163
80.1163
80.1163
80.1163
80.1163
80.1163
80.1163
84.9207
84.9207
84.9207
84.9207
84.9207
84.9207
84.9207
84.9207
89.2755
89.2755
89.2755
89.2755
89.2755
89.2755
89.2755
89.2755
92.9811
92.9811
92.9811
92.9811
92.9811
92.9811
92.9811
92.9811
95.8941
95.8941
95.8941
95.8941
95.8941
95.8941
95.8941
95.8941
97.9483
97.9483
97.9483
97.9483
97.9483
97.9483
97.9483
97.9483
99.1641
99.1641
99.1641
99.1641
99.1641
99.1641
99.1641
99.1641
99.6424
99.6424
99.6424
99.6424
99.6424
99.6424
99.6424
99.6424
99.5508
99.5508
99.5508
99.5508
99.5508
99.5508
99.5508
99.5508
99.0972
99.0972
99.0972
99.0972
99.0972
99.0972
99.0972
99.0972
98.5079
98.5079
98.5079
98.5079
98.5079
98.5079
98.5079
98.5079
98.0005
98.0005
98.0005
98.0005
98.0005
98.0005
98.0005
98.0005
97.7707
97.7707
97.7707
97.7707
97.7707
97.7707
97.7707
97.7707
65.2492
65.2492
65.2492
65.2492
65.2492
65.2492
65.2492
65.2492
70.0658
70.0658
70.0658
70.0658
70.0658
70.0658
70.0658
70.0658
75.0893
75.0893
75.0893
75.0893
75.0893
75.0893
75.0893
75.0893
80.1163
80.1163
80.1163
80.1163
80.1163
80.1163
80.1163
80.1163
84.9207
84.9207
84.9207
84.9207
84.9207
84.9207
84.9207
84.9207
89.2755
89.2755
89.2755
89.2755
89.2755
89.2755
89.2755
89.2755
92.9811
92.9811
92.9811
92.9811
92.9811
92.9811
92.9811
92.9811
95.8941
95.8941
95.8941
95.8941
95.8941
95.8941
95.8941
95.8941
97.9483
97.9483
97.9483
97.9483
97.9483
97.9483
97.9483
97.9483
99.1641
99.1641
99.1641
99.1641
99.1641
99.1641
99.1641
99.1641
99.6424
99.6424
99.6424
99.6424
99.6424
99.6424
99.6424
99.6424
99.5508
99.5508
99.5508
99.5508
99.5508
99.5508
99.5508
99.5508
99.0972
99.0972
99.0972
99.0972
99.0972
99.0972
99.0972
99.0972
98.5079
98.5079
98.5079
98.5079
98.5079
98.5079
98.5079
98.5079
98.0005
98.0005
98.0005
98.0005
98.0005
98.0005
98.0005
98.0005
97.7707
97.7707
97.7707
97.7707
97.7707
97.7707
97.7707
97.7707
65.2492
65.2492
65.2492
65.2492
65.2492
65.2492
65.2492
65.2492
70.0658
70.0658
70.0658
70.0658
70.0658
70.0658
70.0658
70.0658
75.0893
75.0893
75.0893
75.0893
75.0893
75.0893
75.0893
75.0893
80.1163
80.1163
80.1163
80.1163
80.1163
80.1163
80.1163
80.1163
84.9207
84.9207
84.9207
84.9207
84.9207
84.9207
84.9207
84.9207
89.2755
89.2755
89.2755
89.2755
89.2755
89.2755
89.2755
89.2755
92.9811
92.9811
92.9811
92.9811
92.9811
92.9811
92.9811
92.9811
95.8941
95.8941
95.8941
95.8941
95.8941
95.8941
95.8941
95.8941
97.9483
97.9483
97.9483
97.9483
97.9483
97.9483
97.9483
97.9483
99.1641
99.1641
99.1641
99.1641
99.1641
99.1641
99.1641
99.1641
99.6424
99.6424
99.6424
99.6424
99.6424
99.6424
99.6424
99.6424
99.5508
99.5508
99.5508
99.5508
99.5508
99.5508
99.5508
99.5508
99.0972
99.0972
99.0972
99.0972
99.0972
99.0972
99.0972
99.0972
98.5079
98.5079
98.5079
98.5079
98.5079
98.5079
98.5079
98.5079
98.0005
98.0005
98.0005
98.0005
98.0005
98.0005
98.0005
98.0005
97.7707
97.7707
97.7707
97.7707
97.7707
97.7707
97.7707
97.7707
65.2492
65.2492
65.2492
65.2492
65.2492
65.2492
65.2492
65.2492
70.0658
70.0658
70.0658
70.0658
70.0658
70.0658
70.0658
70.0658
75.0893
75.0893
75.0893
75.0893
75.0893
75.0893
75.0893
75.0893
80.1163
80.1163
80.1163
80.1163
80.1163
80.1163
80.1163
80.1163
84.9207
84.9207
84.9207
84.9207
84.9207
84.9207
84.9207
84.9207
89.2755
89.2755
89.2755
89.2755
89.2755
89.2755
89.2755
89.2755
92.9811
92.9811
92.9811
92.9811
92.9811
92.9811
92.9811
92.9811
95.8941
95.8941
95.8941
95.8941
95.8941
95.8941
95.8941
95.8941
97.9483
97.9483
97.9483
97.9483
97.9483
97.9483
97.9483
97.9483
99.1641
99.1641
99.1641
99.1641
99.1641
99.1641
99.1641
99.1641
99.6424
99.6424
99.6424
99.6424
99.6424
99.6424
99.6424
99.6424
99.5508
99.5508
99.5508
99.5508
99.5508
99.5508
99.5508
99.5508
99.0972
99.0972
99.0972
99.0972
99.0972
99.0972
99.0972
99.0972
98.5079
98.5079
98.5079
98.5079
98.5079
98.5079
98.5079
98.5079
98.0005
98.0005
98.0005
98.0005
98.0005
98.0005
98.0005
98.0005
97.7707
97.7707
97.7707
97.7707
97.7707
97.7707
97.7707
97.7707
60.2577
60.2577
60.2577
60.2577
60.2577
60.2577
60.2577
60.2577
65.0321
65.0321
65.0321
65.0321
65.0321
65.0321
65.0321
65.0321
70.0981
70.0981
70.0981
70.0981
70.0981
70.0981
70.0981
70.0981
75.2648
75.2648
75.2648
75.2648
75.2648
75.2648
75.2648
75.2648
80.3111
80.3111
80.3111
80.3111
80.3111
80.3111
80.3111
80.3111
85.0047
85.0047
85.0047
85.0047
85.0047
85.0047
85.0047
85.0047
89.1309
89.1309
89.1309
89.1309
89.1309
89.1309
89.1309
89.1309
92.5237
92.5237
92.5237
92.5237
92.5237
92.5237
92.5237
92.5237
95.0893
95.0893
95.0893
95.0893
95.0893
95.0893
95.0893
95.0893
96.821
96.821
96.821
96.821
96.821
96.821
96.821
96.821
97.798
97.798
97.798
97.798
97.798
97.798
97.798
97.798
98.173
98.173
98.173
98.173
98.173
98.173
98.173
98.173
98.1502
98.1502
98.1502
98.1502
98.1502
98.1502
98.1502
98.1502
97.9575
97.9575
97.9575
97.9575
97.9575
97.9575
97.9575
97.9575
97.8245
97.8245
97.8245
97.8245
97.8245
97.8245
97.8245
97.8245
97.9622
97.9622
97.9622
97.9622
97.9622
97.9622
97.9622
97.9622
60.2577
60.2577
60.2577
60.2577
60.2577
60.2577
60.2577
60.2577
65.0321
65.0321
65.0321
65.0321
65.0321
65.0321
65.0321
65.0321
70.0981
70.0981
70.0981
70.0981
70.0981
70.0981
70.0981
70.0981
75.2648
75.2648
75.2648
75.2648
75.2648
75.2648
75.2648
75.2648
80.3111
80.3111
80.3111
80.3111
80.3111
80.3111
80.3111
80.3111
85.0047
85.0047
85.0047
85.0047
85.0047
85.0047
85.0047
85.0047
89.1309
89.1309
89.1309
89.1309
89.1309
89.1309
89.1309
89.1309
92.5237
92.5237
92.5237
92.5237
92.5237
92.5237
92.5237
92.5237
95.0893
95.0893
95.0893
95.0893
95.0893
95.0893
95.0893
95.0893
96.821
96.821
96.821
96.821
96.821
96.821
96.821
96.821
97.798
97.798
97.798
97.798
97.798
97.798
97.798
97.798
98.173
98.173
98.173
98.173
98.173
98.173
98.173
98.173
98.1502
98.1502
98.1502
98.1502
98.1502
98.1502
98.1502
98.1502
97.9575
97.9575
97.9575
97.9575
97.9575
97.9575
97.9575
97.9575
97.8245
97.8245
97.8245
97.8245
97.8245
97.8245
97.8245
97.8245
97.9622
97.9622
97.9622
97.9622
97.9622
97.9622
97.9622
97.9622
60.2577
60.2577
60.2577
60.2577
60.2577
60.2577
60.2577
60.2577
65.0321
65.0321
65.0321
65.0321
65.0321
65.0321
65.0321
65.0321
70.0981
70.0981
70.0981
70.0981
70.0981
70.0981
70.0981
70.0981
75.2648
75.2648
75.2648
75.2648
75.2648
75.2648
75.2648
75.2648
80.3111
80.3111
80.3111
80.3111
80.3111
80.3111
80.3111
80.3111
85.0047
85.0047
85.0047
85.0047
85.0047
85.0047
85.0047
85.0047
89.1309
89.1309
89.1309
89.1309
89.1309
89.1309
89.1309
89.1309
92.5237
92.5237
92.5237
92.5237
92.5237
92.5237
92.5237
92.5237
95.0893
95.0893
95.0893
95.0893
95.0893
95.0893
95.0893
95.0893
96.821
96.821
96.821
96.821
96.821
96.821
96.821
96.821
97.798
97.798
97.798
97.798
97.798
97.798
97.798
97.798
98.173
98.173
98.173
98.173
98.173
98.173
98.173
98.173
98.1502
98.1502
98.1502
98.1502
98.1502
98.1502
98.1502
98.1502
97.9575
97.9575
97.9575
97.9575
97.9575
97.9575
97.9575
97.9575
97.8245
97.8245
97.8245
97.8245
97.8245
97.8245
97.8245
97.8245
97.9622
97.9622
97.9622
97.9622
97.9622
97.9622
97.9622
97.9622
60.2577
60.2577
60.2577
60.2577
60.2577
60.2577
60.2577
60.2577
65.0321
65.0321
65.0321
65.0321
65.0321
65.0321
65.0321
65.0321
70.0981
70.0981
70.0981
70.0981
70.0981
70.0981
70.0981
70.0981
75.2648
75.2648
75.2648
75.2648
75.2648
75.2648
75.2648
75.2648
80.3111
80.3111
80.3111
80.3111
80.3111
80.3111
80.3111
80.3111
85.0047
85.0047
85.0047
85.0047
85.0047
85.0047
85.0047
85.0047
89.1309
89.1309
89.1309
89.1309
89.1309
89.1309
89.1309
89.1309
92.5237
92.5237
92.5237
92.5237
92.5237
92.5237
92.5237
92.5237
95.0893
95.0893
95.0893
95.0893
95.0893
95.0893
95.0893
95.0893
96.821
96.821
96.821
96.821
96.821
96.821
96.821
96.821
97.798
97.798
97.798
97.798
97.798
97.798
97.798
97.798
98.173
98.173
98.173
98.173
98.173
98.173
98.173
98.173
98.1502
98.1502
98.1502
98.1502
98.1502
98.1502
98.1502
98.1502
97.9575
97.9575
97.9575
97.9575
97.9575
97.9575
97.9575
97.9575
97.8245
97.8245
97.8245
97.8245
97.8245
97.8245
97.8245
97.8245
97.9622
97.9622
97.9622
97.9622
97.9622
97.9622
97.9622
97.9622
55.1878
55.1878
55.1878
55.1878
55.1878
55.1878
55.1878
55.1878
59.8288
59.8288
59.8288
59.8288
59.8288
59.8288
59.8288
59.8288
64.8325
64.8325
64.8325
64.8325
64.8325
64.8325
64.8325
64.8325
70.0255
70.0255
70.0255
70.0255
70.0255
70.0255
70.0255
70.0255
75.1962
75.1962
75.1962
75.1962
75.1962
75.1962
75.1962
75.1962
80.1132
80.1132
80.1132
80.1132
80.1132
80.1132
80.1132
80.1132
84.552
84.552
84.552
84.552
84.552
84.552
84.552
84.552
88.3266
88.3266
88.3266
88.3266
88.3266
88.3266
88.3266
88.3266
91.3177
91.3177
91.3177
91.3177
91.3177
91.3177
91.3177
91.3177
93.4903
93.4903
93.4903
93.4903
93.4903
93.4903
93.4903
93.4903
94.899
94.899
94.899
94.899
94.899
94.899
94.899
94.899
95.6779
95.6779
95.6779
95.6779
95.6779
95.6779
95.6779
95.6779
96.0204
96.0204
96.0204
96.0204
96.0204
96.0204
96.0204
96.0204
96.1534
96.1534
96.1534
96.1534
96.1534
96.1534
96.1534
96.1534
96.3119
96.3119
96.3119
96.3119
96.3119
96.3119
96.3119
96.3119
96.7195
96.7195
96.7195
96.7195
96.7195
96.7195
96.7195
96.7195
55.1878
55.1878
55.1878
55.1878
55.1878
55.1878
55.1878
55.1878
59.8288
59.8288
59.8288
59.8288
59.8288
59.8288
59.8288
59.8288
64.8325
64.8325
64.8325
64.8325
64.8325
64.8325
64.8325
64.8325
70.0255
70.0255
70.0255
70.0255
70.0255
70.0255
70.0255
70.0255
75.1962
75.1962
75.1962
75.1962
75.1962
75.1962
75.1962
75.1962
80.1132
80.1132
80.1132
80.1132
80.1132
80.1132
80.1132
80.1132
84.552
84.552
84.552
84.552
84.552
84.552
84.552
84.552
88.3266
88.3266
88.3266
88.3266
88.3266
88.3266
88.3266
88.3266
91.3177
91.3177
91.3177
91.3177
91.3177
91.3177
91.3177
91.3177
93.4903
93.4903
93.4903
93.4903
93.4903
93.4903
93.4903
93.4903
94.899
94.899
94.899
94.899
94.899
94.899
94.899
94.899
95.6779
95.6779
95.6779
95.6779
95.6779
95.6779
95.6779
95.6779
96.0204
96.0204
96.0204
96.0204
96.0204
96.0204
96.0204
96.0204
96.1534
96.1534
96.1534
96.1534
96.1534
96.1534
96.1534
96.1534
96.3119
96.3119
96.3119
96.3119
96.3119
96.3119
96.3119
96.3119
96.7195
96.7195
96.7195
96.7195
96.7195
96.7195
96.7195
96.7195
55.1878
55.1878
55.1878
55.1878
55.1878
55.1878
55.1878
55.1878
59.8288
59.8288
59.8288
59.8288
59.8288
59.8288
59.8288
59.8288
64.8325
64.8325
64.8325
64.8325
64.8325
64.8325
64.8325
64.8325
70.0255
70.0255
70.0255
70.0255
70.0255
70.0255
70.0255
70.0255
75.1962
75.1962
75.1962
75.1962
75.1962
75.1962
75.1962
75.1962
80.1132
80.1132
80.1132
80.1132
80.1132
80.1132
80.1132
80.1132
84.552
84.552
84.552
84.552
84.552
84.552
84.552
84.552
88.3266
88.3266
88.3266
88.3266
88.3266
88.3266
88.3266
88.3266
91.3177
91.3177
91.3177
91.3177
91.3177
91.3177
91.3177
91.3177
93.4903
93.4903
93.4903
93.4903
93.4903
93.4903
93.4903
93.4903
94.899
94.899
94.899
94.899
94.899
94.899
94.899
94.899
95.6779
95.6779
95.6779
95.6779
95.6779
95.6779
95.6779
95.6779
96.0204
96.0204
96.0204
96.0204
96.0204
96.0204
96.0204
96.0204
96.1534
96.1534
96.1534
96.1534
96.1534
96.1534
96.1534
96.1534
96.3119
96.3119
96.3119
96.3119
96.3119
96.3119
96.3119
96.3119
96.7195
96.7195
96.7195
96.7195
96.7195
96.7195
96.7195
96.7195
55.1878
55.1878
55.1878
55.1878
55.1878
55.1878
55.1878
55.1878
59.8288
59.8288
59.8288
59.8288
59.8288
59.8288
59.8288
59.8288
64.8325
64.8325
64.8325
64.8325
64.8325
64.8325
64.8325
64.8325
70.0255
70.0255
70.0255
70.0255
70.0255
70.0255
70.0255
70.0255
75.1962
75.1962
75.1962
75.1962
75.1962
75.1962
75.1962
75.1962
80.1132
80.1132
80.1132
80.1132
80.1132
80.1132
80.1132
80.1132
84.552
84.552
84.552
84.552
84.552
84.552
84.552
84.552
88.3266
88.3266
88.3266
88.3266
88.3266
88.3266
88.3266
88.3266
91.3177
91.3177
91.3177
91.3177
91.3177
91.3177
91.3177
91.3177
93.4903
93.4903
93.4903
93.4903
93.4903
93.4903
93.4903
93.4903
94.899
94.899
94.899
94.899
94.899
94.899
94.899
94.899
95.6779
95.6779
95.6779
95.6779
95.6779
95.6779
95.6779
95.6779
96.0204
96.0204
96.0204
96.0204
96.0204
96.0204
96.0204
96.0204
96.1534
96.1534
96.1534
96.1534
96.1534
96.1534
96.1534
96.1534
96.3119
96.3119
96.3119
96.3119
96.3119
96.3119
96.3119
96.3119
96.7195
96.7195
96.7195
96.7195
96.7195
96.7195
96.7195
96.7195
50.1975
50.1975
50.1975
50.1975
50.1975
50.1975
50.1975
50.1975
54.6292
54.6292
54.6292
54.6292
54.6292
54.6292
54.6292
54.6292
59.48
59.48
59.48
59.48
59.48
59.48
59.48
59.48
64.5957
64.5957
64.5957
64.5957
64.5957
64.5957
64.5957
64.5957
69.7784
69.7784
69.7784
69.7784
69.7784
69.7784
69.7784
69.7784
74.8018
74.8018
74.8018
74.8018
74.8018
74.8018
74.8018
74.8018
79.4374
79.4374
79.4374
79.4374
79.4374
79.4374
79.4374
79.4374
83.4841
83.4841
83.4841
83.4841
83.4841
83.4841
83.4841
83.4841
86.7984
86.7984
86.7984
86.7984
86.7984
86.7984
86.7984
86.7984
89.3185
89.3185
89.3185
89.3185
89.3185
89.3185
89.3185
89.3185
91.0719
91.0719
91.0719
91.0719
91.0719
91.0719
91.0719
91.0719
92.171
92.171
92.171
92.171
92.171
92.171
92.171
92.171
92.7942
92.7942
92.7942
92.7942
92.7942
92.7942
92.7942
92.7942
93.162
93.162
93.162
93.162
93.162
93.162
93.162
93.162
93.5104
93.5104
93.5104
93.5104
93.5104
93.5104
93.5104
93.5104
94.0698
94.0698
94.0698
94.0698
94.0698
94.0698
94.0698
94.0698
50.1975
50.1975
50.1975
50.1975
50.1975
50.1975
50.1975
50.1975
54.6292
54.6292
54.6292
54.6292
54.6292
54.6292
54.6292
54.6292
59.48
59.48
59.48
59.48
59.48
59.48
59.48
59.48
64.5957
64.5957
64.5957
64.5957
64.5957
64.5957
64.5957
64.5957
69.7784
69.7784
69.7784
69.7784
69.7784
69.7784
69.7784
69.7784
74.8018
74.8018
74.8018
74.8018
74.8018
74.8018
74.8018
74.8018
79.4374
79.4374
79.4374
79.4374
79.4374
79.4374
79.4374
79.4374
83.4841
83.4841
83.4841
83.4841
83.4841
83.4841
83.4841
83.4841
86.7984
86.7984
86.7984
86.7984
86.7984
86.7984
86.7984
86.7984
89.3185
89.3185
89.3185
89.3185
89.3185
89.3185
89.3185
89.3185
91.0719
91.0719
91.0719
91.0719
91.0719
91.0719
91.0719
91.0719
92.171
92.171
92.171
92.171
92.171
92.171
92.171
92.171
92.7942
92.7942
92.7942
92.7942
92.7942
92.7942
92.7942
92.7942
93.162
93.162
93.162
93.162
93.162
93.162
93.162
93.162
93.5104
93.5104
93.5104
93.5104
93.5104
93.5104
93.5104
93.5104
94.0698
94.0698
94.0698
94.0698
94.0698
94.0698
94.0698
94.0698
50.1975
50.1975
50.1975
50.1975
50.1975
50.1975
50.1975
50.1975
54.6292
54.6292
54.6292
54.6292
54.6292
54.6292
54.6292
54.6292
59.48
59.48
59.48
59.48
59.48
59.48
59.48
59.48
64.5957
64.5957
64.5957
64.5957
64.5957
64.5957
64.5957
64.5957
69.7784
69.7784
69.7784
69.7784
69.7784
69.7784
69.7784
69.7784
74.8018
74.8018
74.8018
74.8018
74.8018
74.8018
74.8018
74.8018
79.4374
79.4374
79.4374
79.4374
79.4374
79.4374
79.4374
79.4374
83.4841
83.4841
83.4841
83.4841
83.4841
83.4841
83.4841
83.4841
86.7984
86.7984
86.7984
86.7984
86.7984
86.7984
86.7984
86.7984
89.3185
89.3185
89.3185
89.3185
89.3185
89.3185
89.3185
89.3185
91.0719
91.0719
91.0719
91.0719
91.0719
91.0719
91.0719
91.0719
92.171
92.171
92.171
92.171
92.171
92.171
92.171
92.171
92.7942
92.7942
92.7942
92.7942
92.7942
92.7942
92.7942
92.7942
93.162
93.162
93.162
93.162
93.162
93.162
93.162
93.162
93.5104
93.5104
93.5104
93.5104
93.5104
93.5104
93.5104
93.5104
94.0698
94.0698
94.0698
94.0698
94.0698
94.0698
94.0698
94.0698
50.1975
50.1975
50.1975
50.1975
50.1975
50.1975
50.1975
50.1975
54.6292
54.6292
54.6292
54.6292
54.6292
54.6292
54.6292
54.6292
59.48
59.48
59.48
59.48
59.48
59.48
59.48
59.48
64.5957
64.5957
64.5957
64.5957
64.5957
64.5957
64.5957
64.5957
69.7784
69.7784
69.7784
69.7784
69.7784
69.7784
69.7784
69.7784
74.8018
74.8018
74.8018
74.8018
74.8018
74.8018
74.8018
74.8018
79.4374
79.4374
79.4374
79.4374
79.4374
79.4374
79.4374
79.4374
83.4841
83.4841
83.4841
83.4841
83.4841
83.4841
83.4841
83.4841
86.7984
86.7984
86.7984
86.7984
86.7984
86.7984
86.7984
86.7984
89.3185
89.3185
89.3185
89.3185
89.3185
89.3185
89.3185
89.3185
91.0719
91.0719
91.0719
91.0719
91.0719
91.0719
91.0719
91.0719
92.171
92.171
92.171
92.171
92.171
92.171
92.171
92.171
92.7942
92.7942
92.7942
92.7942
92.7942
92.7942
92.7942
92.7942
93.162
93.162
93.162
93.162
93.162
93.162
93.162
93.162
93.5104
93.5104
93.5104
93.5104
93.5104
93.5104
93.5104
93.5104
94.0698
94.0698
94.0698
94.0698
94.0698
94.0698
94.0698
94.0698
45.4147
45.4147
45.4147
45.4147
45.4147
45.4147
45.4147
45.4147
49.5812
49.5812
49.5812
49.5812
49.5812
49.5812
49.5812
49.5812
54.2068
54.2068
54.2068
54.2068
54.2068
54.2068
54.2068
54.2068
59.1575
59.1575
59.1575
59.1575
59.1575
59.1575
59.1575
59.1575
64.2519
64.2519
64.2519
64.2519
64.2519
64.2519
64.2519
64.2519
69.2737
69.2737
69.2737
69.2737
69.2737
69.2737
69.2737
69.2737
73.9944
73.9944
73.9944
73.9944
73.9944
73.9944
73.9944
73.9944
78.2017
78.2017
78.2017
78.2017
78.2017
78.2017
78.2017
78.2017
81.7333
81.7333
81.7333
81.7333
81.7333
81.7333
81.7333
81.7333
84.5004
84.5004
84.5004
84.5004
84.5004
84.5004
84.5004
84.5004
86.504
86.504
86.504
86.504
86.504
86.504
86.504
86.504
87.832
87.832
87.832
87.832
87.832
87.832
87.832
87.832
88.6447
88.6447
88.6447
88.6447
88.6447
88.6447
88.6447
88.6447
89.1516
89.1516
89.1516
89.1516
89.1516
89.1516
89.1516
89.1516
89.5851
89.5851
89.5851
89.5851
89.5851
89.5851
89.5851
89.5851
90.1772
90.1772
90.1772
90.1772
90.1772
90.1772
90.1772
90.1772
45.4147
45.4147
45.4147
45.4147
45.4147
45.4147
45.4147
45.4147
49.5812
49.5812
49.5812
49.5812
49.5812
49.5812
49.5812
49.5812
54.2068
54.2068
54.2068
54.2068
54.2068
54.2068
54.2068
54.2068
59.1575
59.1575
59.1575
59.1575
59.1575
59.1575
59.1575
59.1575
64.2519
64.2519
64.2519
64.2519
64.2519
64.2519
64.2519
64.2519
69.2737
69.2737
69.2737
69.2737
69.2737
69.2737
69.2737
69.2737
73.9944
73.9944
73.9944
73.9944
73.9944
73.9944
73.9944
73.9944
78.2017
78.2017
78.2017
78.2017
78.2017
78.2017
78.2017
78.2017
81.7333
81.7333
81.7333
81.7333
81.7333
81.7333
81.7333
81.7333
84.5004
84.5004
84.5004
84.5004
84.5004
84.5004
84.5004
84.5004
86.504
86.504
86.504
86.504
86.504
86.504
86.504
86.504
87.832
87.832
87.832
87.832
87.832
87.832
87.832
87.832
88.6447
88.6447
88.6447
88.6447
88.6447
88.6447
88.6447
88.6447
89.1516
89.1516
89.1516
89.1516
89.1516
89.1516
89.1516
89.1516
89.5851
89.5851
89.5851
89.5851
89.5851
89.5851
89.5851
89.5851
90.1772
90.1772
90.1772
90.1772
90.1772
90.1772
90.1772
90.1772
45.4147
45.4147
45.4147
45.4147
45.4147
45.4147
45.4147
45.4147
49.5812
49.5812
49.5812
49.5812
49.5812
49.5812
49.5812
49.5812
54.2068
54.2068
54.2068
54.2068
54.2068
54.2068
54.2068
54.2068
59.1575
59.1575
59.1575
59.1575
59.1575
59.1575
59.1575
59.1575
64.2519
64.2519
64.2519
64.2519
64.2519
64.2519
64.2519
64.2519
69.2737
69.2737
69.2737
69.2737
69.2737
69.2737
69.2737
69.2737
73.9944
73.9944
73.9944
73.9944
73.9944
73.9944
73.9944
73.9944
78.2017
78.2017
78.2017
78.2017
78.2017
78.2017
78.2017
78.2017
81.7333
81.7333
81.7333
81.7333
81.7333
81.7333
81.7333
81.7333
84.5004
84.5004
84.5004
84.5004
84.5004
84.5004
84.5004
84.5004
86.504
86.504
86.504
86.504
86.504
86.504
86.504
86.504
87.832
87.832
87.832
87.832
87.832
87.832
87.832
87.832
88.6447
88.6447
88.6447
88.6447
88.6447
88.6447
88.6447
88.6447
89.1516
89.1516
89.1516
89.1516
89.1516
89.1516
89.1516
89.1516
89.5851
89.5851
89.5851
89.5851
89.5851
89.5851
89.5851
89.5851
90.1772
90.1772
90.1772
90.1772
90.1772
90.1772
90.1772
90.1772
45.4147
45.4147
45.4147
45.4147
45.4147
45.4147
45.4147
45.4147
49.5812
49.5812
49.5812
49.5812
49.5812
49.5812
49.5812
49.5812
54.2068
54.2068
54.2068
54.2068
54.2068
54.2068
54.2068
54.2068
59.1575
59.1575
59.1575
59.1575
59.1575
59.1575
59.1575
59.1575
64.2519
64.2519
64.2519
64.2519
64.2519
64.2519
64.2519
64.2519
69.2737
69.2737
69.2737
69.2737
69.2737
69.2737
69.2737
69.2737
73.9944
73.9944
73.9944
73.9944
73.9944
73.9944
73.9944
73.9944
78.2017
78.2017
78.2017
78.2017
78.2017
78.2017
78.2017
78.2017
81.7333
81.7333
81.7333
81.7333
81.7333
81.7333
81.7333
81.7333
84.5004
84.5004
84.5004
84.5004
84.5004
84.5004
84.5004
84.5004
86.504
86.504
86.504
86.504
86.504
86.504
86.504
86.504
87.832
87.832
87.832
87.832
87.832
87.832
87.832
87.832
88.6447
88.6447
88.6447
88.6447
88.6447
88.6447
88.6447
88.6447
89.1516
89.1516
89.1516
89.1516
89.1516
89.1516
89.1516
89.1516
89.5851
89.5851
89.5851
89.5851
89.5851
89.5851
89.5851
89.5851
90.1772
90.1772
90.1772
90.1772
90.1772
90.1772
90.1772
90.1772
40.9339
40.9339
40.9339
40.9339
40.9339
40.9339
40.9339
40.9339
44.7981
44.7981
44.7981
44.7981
44.7981
44.7981
44.7981
44.7981
49.1463
49.1463
49.1463
49.1463
49.1463
49.1463
49.1463
49.1463
53.8641
53.8641
53.8641
53.8641
53.8641
53.8641
53.8641
53.8641
58.7881
58.7881
58.7881
58.7881
58.7881
58.7881
58.7881
58.7881
63.7154
63.7154
63.7154
63.7154
63.7154
63.7154
63.7154
63.7154
68.4211
68.4211
68.4211
68.4211
68.4211
68.4211
68.4211
68.4211
72.6872
72.6872
72.6872
72.6872
72.6872
72.6872
72.6872
72.6872
76.3349
76.3349
76.3349
76.3349
76.3349
76.3349
76.3349
76.3349
79.2532
79.2532
79.2532
79.2532
79.2532
79.2532
79.2532
79.2532
81.4158
81.4158
81.4158
81.4158
81.4158
81.4158
81.4158
81.4158
82.886
82.886
82.886
82.886
82.886
82.886
82.886
82.886
83.8034
83.8034
83.8034
83.8034
83.8034
83.8034
83.8034
83.8034
84.3631
84.3631
84.3631
84.3631
84.3631
84.3631
84.3631
84.3631
84.7894
84.7894
84.7894
84.7894
84.7894
84.7894
84.7894
84.7894
85.3123
85.3123
85.3123
85.3123
85.3123
85.3123
85.3123
85.3123
40.9339
40.9339
40.9339
40.9339
40.9339
40.9339
40.9339
40.9339
44.7981
44.7981
44.7981
44.7981
44.7981
44.7981
44.7981
44.7981
49.1463
49.1463
49.1463
49.1463
49.1463
49.1463
49.1463
49.1463
53.8641
53.8641
53.8641
53.8641
53.8641
53.8641
53.8641
53.8641
58.7881
58.7881
58.7881
58.7881
58.7881
58.7881
58.7881
58.7881
63.7154
63.7154
63.7154
63.7154
63.7154
63.7154
63.7154
63.7154
68.4211
68.4211
68.4211
68.4211
68.4211
68.4211
68.4211
68.4211
72.6872
72.6872
72.6872
72.6872
72.6872
72.6872
72.6872
72.6872
76.3349
76.3349
76.3349
76.3349
76.3349
76.3349
76.3349
76.3349
79.2532
79.2532
79.2532
79.2532
79.2532
79.2532
79.2532
79.2532
81.4158
81.4158
81.4158
81.4158
81.4158
81.4158
81.4158
81.4158
82.886
82.886
82.886
82.886
82.886
82.886
82.886
82.886
83.8034
83.8034
83.8034
83.8034
83.8034
83.8034
83.8034
83.8034
84.3631
84.3631
84.3631
84.3631
84.3631
84.3631
84.3631
84.3631
84.7894
84.7894
84.7894
84.7894
84.7894
84.7894
84.7894
84.7894
85.3123
85.3123
85.3123
85.3123
85.3123
85.3123
85.3123
85.3123
40.9339
40.9339
40.9339
40.9339
40.9339
40.9339
40.9339
40.9339
44.7981
44.7981
44.7981
44.7981
44.7981
44.7981
44.7981
44.7981
49.1463
49.1463
49.1463
49.1463
49.1463
49.1463
49.1463
49.1463
53.8641
53.8641
53.8641
53.8641
53.8641
53.8641
53.8641
53.8641
58.7881
58.7881
58.7881
58.7881
58.7881
58.7881
58.7881
58.7881
63.7154
63.7154
63.7154
63.7154
63.7154
63.7154
63.7154
63.7154
68.4211
68.4211
68.4211
68.4211
68.4211
68.4211
68.4211
68.4211
72.6872
72.6872
72.6872
72.6872
72.6872
72.6872
72.6872
72.6872
76.3349
76.3349
76.3349
76.3349
76.3349
76.3349
76.3349
76.3349
79.2532
79.2532
79.2532
79.2532
79.2532
79.2532
79.2532
79.2532
81.4158
81.4158
81.4158
81.4158
81.4158
81.4158
81.4158
81.4158
82.886
82.886
82.886
82.886
82.886
82.886
82.886
82.886
83.8034
83.8034
83.8034
83.8034
83.8034
83.8034
83.8034
83.8034
84.3631
84.3631
84.3631
84.3631
84.3631
84.3631
84.3631
84.3631
84.7894
84.7894
84.7894
84.7894
84.7894
84.7894
84.7894
84.7894
85.3123
85.3123
85.3123
85.3123
85.3123
85.3123
85.3123
85.3123
40.9339
40.9339
40.9339
40.9339
40.9339
40.9339
40.9339
40.9339
44.7981
44.7981
44.7981
44.7981
44.7981
44.7981
44.7981
44.7981
49.1463
49.1463
49.1463
49.1463
49.1463
49.1463
49.1463
49.1463
53.8641
53.8641
53.8641
53.8641
53.8641
53.8641
53.8641
53.8641
58.7881
58.7881
58.7881
58.7881
58.7881
58.7881
58.7881
58.7881
63.7154
63.7154
63.7154
63.7154
63.7154
63.7154
63.7154
63.7154
68.4211
68.4211
68.4211
68.4211
68.4211
68.4211
68.4211
68.4211
72.6872
72.6872
72.6872
72.6872
72.6872
72.6872
72.6872
72.6872
76.3349
76.3349
76.3349
76.3349
76.3349
76.3349
76.3349
76.3349
79.2532
79.2532
79.2532
79.2532
79.2532
79.2532
79.2532
79.2532
81.4158
81.4158
81.4158
81.4158
81.4158
81.4158
81.4158
81.4158
82.886
82.886
82.886
82.886
82.886
82.886
82.886
82.886
83.8034
83.8034
83.8034
83.8034
83.8034
83.8034
83.8034
83.8034
84.3631
84.3631
84.3631
84.3631
84.3631
84.3631
84.3631
84.3631
84.7894
84.7894
84.7894
84.7894
84.7894
84.7894
84.7894
84.7894
85.3123
85.3123
85.3123
85.3123
85.3123
85.3123
85.3123
85.3123
36.8155
36.8155
36.8155
36.8155
36.8155
36.8155
36.8155
36.8155
40.3576
40.3576
40.3576
40.3576
40.3576
40.3576
40.3576
40.3576
44.395
44.395
44.395
44.395
44.395
44.395
44.395
44.395
48.8319
48.8319
48.8319
48.8319
48.8319
48.8319
48.8319
48.8319
53.5238
53.5238
53.5238
53.5238
53.5238
53.5238
53.5238
53.5238
58.2822
58.2822
58.2822
58.2822
58.2822
58.2822
58.2822
58.2822
62.8898
62.8898
62.8898
62.8898
62.8898
62.8898
62.8898
62.8898
67.1272
67.1272
67.1272
67.1272
67.1272
67.1272
67.1272
67.1272
70.8042
70.8042
70.8042
70.8042
70.8042
70.8042
70.8042
70.8042
73.7894
73.7894
73.7894
73.7894
73.7894
73.7894
73.7894
73.7894
76.0325
76.0325
76.0325
76.0325
76.0325
76.0325
76.0325
76.0325
77.5717
77.5717
77.5717
77.5717
77.5717
77.5717
77.5717
77.5717
78.5245
78.5245
78.5245
78.5245
78.5245
78.5245
78.5245
78.5245
79.0697
79.0697
79.0697
79.0697
79.0697
79.0697
79.0697
79.0697
79.4207
79.4207
79.4207
79.4207
79.4207
79.4207
79.4207
79.4207
79.8013
79.8013
79.8013
79.8013
79.8013
79.8013
79.8013
79.8013
36.8155
36.8155
36.8155
36.8155
36.8155
36.8155
36.8155
36.8155
40.3576
40.3576
40.3576
40.3576
40.3576
40.3576
40.3576
40.3576
44.395
44.395
44.395
44.395
44.395
44.395
44.395
44.395
48.8319
48.8319
48.8319
48.8319
48.8319
48.8319
48.8319
48.8319
53.5238
53.5238
53.5238
53.5238
53.5238
53.5238
53.5238
53.5238
58.2822
58.2822
58.2822
58.2822
58.2822
58.2822
58.2822
58.2822
62.8898
62.8898
62.8898
62.8898
62.8898
62.8898
62.8898
62.8898
67.1272
67.1272
67.1272
67.1272
67.1272
67.1272
67.1272
67.1272
70.8042
70.8042
70.8042
70.8042
70.8042
70.8042
70.8042
70.8042
73.7894
73.7894
73.7894
73.7894
73.7894
73.7894
73.7894
73.7894
76.0325
76.0325
76.0325
76.0325
76.0325
76.0325
76.0325
76.0325
77.5717
77.5717
77.5717
77.5717
77.5717
77.5717
77.5717
77.5717
78.5245
78.5245
78.5245
78.5245
78.5245
78.5245
78.5245
78.5245
79.0697
79.0697
79.0697
79.0697
79.0697
79.0697
79.0697
79.0697
79.4207
79.4207
79.4207
79.4207
79.4207
79.4207
79.4207
79.4207
79.8013
79.8013
79.8013
79.8013
79.8013
79.8013
79.8013
79.8013
36.8155
36.8155
36.8155
36.8155
36.8155
36.8155
36.8155
36.8155
40.3576
40.3576
40.3576
40.3576
40.3576
40.3576
40.3576
40.3576
44.395
44.395
44.395
44.395
44.395
44.395
44.395
44.395
48.8319
48.8319
48.8319
48.8319
48.8319
48.8319
48.8319
48.8319
53.5238
53.5238
53.5238
53.5238
53.5238
53.5238
53.5238
53.5238
58.2822
58.2822
58.2822
58.2822
58.2822
58.2822
58.2822
58.2822
62.8898
62.8898
62.8898
62.8898
62.8898
62.8898
62.8898
62.8898
67.1272
67.1272
67.1272
67.1272
67.1272
67.1272
67.1272
67.1272
70.8042
70.8042
70.8042
70.8042
70.8042
70.8042
70.8042
70.8042
73.7894
73.7894
73.7894
73.7894
73.7894
73.7894
73.7894
73.7894
76.0325
76.0325
76.0325
76.0325
76.0325
76.0325
76.0325
76.0325
77.5717
77.5717
77.5717
77.5717
77.5717
77.5717
77.5717
77.5717
78.5245
78.5245
78.5245
78.5245
78.5245
78.5245
78.5245
78.5245
79.0697
79.0697
79.0697
79.0697
79.0697
79.0697
79.0697
79.0697
79.4207
79.4207
79.4207
79.4207
79.4207
79.4207
79.4207
79.4207
79.8013
79.8013
79.8013
79.8013
79.8013
79.8013
79.8013
79.8013
36.8155
36.8155
36.8155
36.8155
36.8155
36.8155
36.8155
36.8155
40.3576
40.3576
40.3576
40.3576
40.3576
40.3576
40.3576
40.3576
44.395
44.395
44.395
44.395
44.395
44.395
44.395
44.395
48.8319
48.8319
48.8319
48.8319
48.8319
48.8319
48.8319
48.8319
53.5238
53.5238
53.5238
53.5238
53.5238
53.5238
53.5238
53.5238
58.2822
58.2822
58.2822
58.2822
58.2822
58.2822
58.2822
58.2822
62.8898
62.8898
62.8898
62.8898
62.8898
62.8898
62.8898
62.8898
67.1272
67.1272
67.1272
67.1272
67.1272
67.1272
67.1272
67.1272
70.8042
70.8042
70.8042
70.8042
70.8042
70.8042
70.8042
70.8042
73.7894
73.7894
73.7894
73.7894
73.7894
73.7894
73.7894
73.7894
76.0325
76.0325
76.0325
76.0325
76.0325
76.0325
76.0325
76.0325
77.5717
77.5717
77.5717
77.5717
77.5717
77.5717
77.5717
77.5717
78.5245
78.5245
78.5245
78.5245
78.5245
78.5245
78.5245
78.5245
79.0697
79.0697
79.0697
79.0697
79.0697
79.0697
79.0697
79.0697
79.4207
79.4207
79.4207
79.4207
79.4207
79.4207
79.4207
79.4207
79.8013
79.8013
79.8013
79.8013
79.8013
79.8013
79.8013
79.8013
33.0889
33.0889
33.0889
33.0889
33.0889
33.0889
33.0889
33.0889
36.3035
36.3035
36.3035
36.3035
36.3035
36.3035
36.3035
36.3035
40.0134
40.0134
40.0134
40.0134
40.0134
40.0134
40.0134
40.0134
44.1398
44.1398
44.1398
44.1398
44.1398
44.1398
44.1398
44.1398
48.5565
48.5565
48.5565
48.5565
48.5565
48.5565
48.5565
48.5565
53.091
53.091
53.091
53.091
53.091
53.091
53.091
53.091
57.5369
57.5369
57.5369
57.5369
57.5369
57.5369
57.5369
57.5369
61.6767
61.6767
61.6767
61.6767
61.6767
61.6767
61.6767
61.6767
65.3124
65.3124
65.3124
65.3124
65.3124
65.3124
65.3124
65.3124
68.2974
68.2974
68.2974
68.2974
68.2974
68.2974
68.2974
68.2974
70.5589
70.5589
70.5589
70.5589
70.5589
70.5589
70.5589
70.5589
72.1119
72.1119
72.1119
72.1119
72.1119
72.1119
72.1119
72.1119
73.0519
73.0519
73.0519
73.0519
73.0519
73.0519
73.0519
73.0519
73.5395
73.5395
73.5395
73.5395
73.5395
73.5395
73.5395
73.5395
73.7755
73.7755
73.7755
73.7755
73.7755
73.7755
73.7755
73.7755
73.975
73.975
73.975
73.975
73.975
73.975
73.975
73.975
33.0889
33.0889
33.0889
33.0889
33.0889
33.0889
33.0889
33.0889
36.3035
36.3035
36.3035
36.3035
36.3035
36.3035
36.3035
36.3035
40.0134
40.0134
40.0134
40.0134
40.0134
40.0134
40.0134
40.0134
44.1398
44.1398
44.1398
44.1398
44.1398
44.1398
44.1398
44.1398
48.5565
48.5565
48.5565
48.5565
48.5565
48.5565
48.5565
48.5565
53.091
53.091
53.091
53.091
53.091
53.091
53.091
53.091
57.5369
57.5369
57.5369
57.5369
57.5369
57.5369
57.5369
57.5369
61.6767
61.6767
61.6767
61.6767
61.6767
61.6767
61.6767
61.6767
65.3124
65.3124
65.3124
65.3124
65.3124
65.3124
65.3124
65.3124
68.2974
68.2974
68.2974
68.2974
68.2974
68.2974
68.2974
68.2974
70.5589
70.5589
70.5589
70.5589
70.5589
70.5589
70.5589
70.5589
72.1119
72.1119
72.1119
72.1119
72.1119
72.1119
72.1119
72.1119
73.0519
73.0519
73.0519
73.0519
73.0519
73.0519
73.0519
73.0519
73.5395
73.5395
73.5395
73.5395
73.5395
73.5395
73.5395
73.5395
73.7755
73.7755
73.7755
73.7755
73.7755
73.7755
73.7755
73.7755
73.975
73.975
73.975
73.975
73.975
73.975
73.975
73.975
33.0889
33.0889
33.0889
33.0889
33.0889
33.0889
33.0889
33.0889
36.3035
36.3035
36.3035
36.3035
36.3035
36.3035
36.3035
36.3035
40.0134
40.0134
40.0134
40.0134
40.0134
40.0134
40.0134
40.0134
44.1398
44.1398
44.1398
44.1398
44.1398
44.1398
44.1398
44.1398
48.5565
48.5565
48.5565
48.5565
48.5565
48.5565
48.5565
48.5565
53.091
53.091
53.091
53.091
53.091
53.091
53.091
53.091
57.5369
57.5369
57.5369
57.5369
57.5369
57.5369
57.5369
57.5369
61.6767
61.6767
61.6767
61.6767
61.6767
61.6767
61.6767
61.6767
65.3124
65.3124
65.3124
65.3124
65.3124
65.3124
65.3124
65.3124
68.2974
68.2974
68.2974
68.2974
68.2974
68.2974
68.2974
68.2974
70.5589
70.5589
70.5589
70.5589
70.5589
70.5589
70.5589
70.5589
72.1119
72.1119
72.1119
72.1119
72.1119
72.1119
72.1119
72.1119
73.0519
73.0519
73.0519
73.0519
73.0519
73.0519
73.0519
73.0519
73.5395
73.5395
73.5395
73.5395
73.5395
73.5395
73.5395
73.5395
73.7755
73.7755
73.7755
73.7755
73.7755
73.7755
73.7755
73.7755
73.975
73.975
73.975
73.975
73.975
73.975
73.975
73.975
33.0889
33.0889
33.0889
33.0889
33.0889
33.0889
33.0889
33.0889
36.3035
36.3035
36.3035
36.3035
36.3035
36.3035
36.3035
36.3035
40.0134
40.0134
40.0134
40.0134
40.0134
40.0134
40.0134
40.0134
44.1398
44.1398
44.1398
44.1398
44.1398
44.1398
44.1398
44.1398
48.5565
48.5565
48.5565
48.5565
48.5565
48.5565
48.5565
48.5565
53.091
53.091
53.091
53.091
53.091
53.091
53.091
53.091
57.5369
57.5369
57.5369
57.5369
57.5369
57.5369
57.5369
57.5369
61.6767
61.6767
61.6767
61.6767
61.6767
61.6767
61.6767
61.6767
65.3124
65.3124
65.3124
65.3124
65.3124
65.3124
65.3124
65.3124
68.2974
68.2974
68.2974
68.2974
68.2974
68.2974
68.2974
68.2974
70.5589
70.5589
70.5589
70.5589
70.5589
70.5589
70.5589
70.5589
72.1119
72.1119
72.1119
72.1119
72.1119
72.1119
72.1119
72.1119
73.0519
73.0519
73.0519
73.0519
73.0519
73.0519
73.0519
73.0519
73.5395
73.5395
73.5395
73.5395
73.5395
73.5395
73.5395
73.5395
73.7755
73.7755
73.7755
73.7755
73.7755
73.7755
73.7755
73.7755
73.975
73.975
73.975
73.975
73.975
73.975
73.975
73.975
