8192
17.4315
17.4315
17.4315
17.4315
17.4315
17.4315
17.4315
17.4315
18.0159
18.0159
18.0159
18.0159
18.0159
18.0159
18.0159
18.0159
18.3523
18.3523
18.3523
18.3523
18.3523
18.3523
18.3523
18.3523
18.3892
18.3892
18.3892
18.3892
18.3892
18.3892
18.3892
18.3892
18.1052
18.1052
18.1052
18.1052
18.1052
18.1052
18.1052
18.1052
17.514
17.514
17.514
17.514
17.514
17.514
17.514
17.514
16.6626
16.6626
16.6626
16.6626
16.6626
16.6626
16.6626
16.6626
15.6229
15.6229
15.6229
15.6229
15.6229
15.6229
15.6229
15.6229
14.4788
14.4788
14.4788
14.4788
14.4788
14.4788
14.4788
14.4788
13.3127
13.3127
13.3127
13.3127
13.3127
13.3127
13.3127
13.3127
12.1955
12.1955
12.1955
12.1955
12.1955
12.1955
12.1955
12.1955
11.1809
11.1809
11.1809
11.1809
11.1809
11.1809
11.1809
11.1809
10.3045
10.3045
10.3045
10.3045
10.3045
10.3045
10.3045
10.3045
9.58582
9.58582
9.58582
9.58582
9.58582
9.58582
9.58582
9.58582
9.03265
9.03265
9.03265
9.03265
9.03265
9.03265
9.03265
9.03265
8.64478
8.64478
8.64478
8.64478
8.64478
8.64478
8.64478
8.64478
17.4315
17.4315
17.4315
17.4315
17.4315
17.4315
17.4315
17.4315
18.0159
18.0159
18.0159
18.0159
18.0159
18.0159
18.0159
18.0159
18.3523
18.3523
18.3523
18.3523
18.3523
18.3523
18.3523
18.3523
18.3892
18.3892
18.3892
18.3892
18.3892
18.3892
18.3892
18.3892
18.1052
18.1052
18.1052
18.1052
18.1052
18.1052
18.1052
18.1052
17.514
17.514
17.514
17.514
17.514
17.514
17.514
17.514
16.6626
16.6626
16.6626
16.6626
16.6626
16.6626
16.6626
16.6626
15.6229
15.6229
15.6229
15.6229
15.6229
15.6229
15.6229
15.6229
14.4788
14.4788
14.4788
14.4788
14.4788
14.4788
14.4788
14.4788
13.3127
13.3127
13.3127
13.3127
13.3127
13.3127
13.3127
13.3127
12.1955
12.1955
12.1955
12.1955
12.1955
12.1955
12.1955
12.1955
11.1809
11.1809
11.1809
11.1809
11.1809
11.1809
11.1809
11.1809
10.3045
10.3045
10.3045
10.3045
10.3045
10.3045
10.3045
10.3045
9.58582
9.58582
9.58582
9.58582
9.58582
9.58582
9.58582
9.58582
9.03265
9.03265
9.03265
9.03265
9.03265
9.03265
9.03265
9.03265
8.64478
8.64478
8.64478
8.64478
8.64478
8.64478
8.64478
8.64478
17.4315
17.4315
17.4315
17.4315
17.4315
17.4315
17.4315
17.4315
18.0159
18.0159
18.0159
18.0159
18.0159
18.0159
18.0159
18.0159
18.3523
18.3523
18.3523
18.3523
18.3523
18.3523
18.3523
18.3523
18.3892
18.3892
18.3892
18.3892
18.3892
18.3892
18.3892
18.3892
18.1052
18.1052
18.1052
18.1052
18.1052
18.1052
18.1052
18.1052
17.514
17.514
17.514
17.514
17.514
17.514
17.514
17.514
16.6626
16.6626
16.6626
16.6626
16.6626
16.6626
16.6626
16.6626
15.6229
15.6229
15.6229
15.6229
15.6229
15.6229
15.6229
15.6229
14.4788
14.4788
14.4788
14.4788
14.4788
14.4788
14.4788
14.4788
13.3127
13.3127
13.3127
13.3127
13.3127
13.3127
13.3127
13.3127
12.1955
12.1955
12.1955
12.1955
12.1955
12.1955
12.1955
12.1955
11.1809
11.1809
11.1809
11.1809
11.1809
11.1809
11.1809
11.1809
10.3045
10.3045
10.3045
10.3045
10.3045
10.3045
10.3045
10.3045
9.58582
9.58582
9.58582
9.58582
9.58582
9.58582
9.58582
9.58582
9.03265
9.03265
9.03265
9.03265
9.03265
9.03265
9.03265
9.03265
8.64478
8.64478
8.64478
8.64478
8.64478
8.64478
8.64478
8.64478
17.4315
17.4315
17.4315
17.4315
17.4315
17.4315
17.4315
17.4315
18.0159
18.0159
18.0159
18.0159
18.0159
18.0159
18.0159
18.0159
18.3523
18.3523
18.3523
18.3523
18.3523
18.3523
18.3523
18.3523
18.3892
18.3892
18.3892
18.3892
18.3892
18.3892
18.3892
18.3892
18.1052
18.1052
18.1052
18.1052
18.1052
18.1052
18.1052
18.1052
17.514
17.514
17.514
17.514
17.514
17.514
17.514
17.514
16.6626
16.6626
16.6626
16.6626
16.6626
16.6626
16.6626
16.6626
15.6229
15.6229
15.6229
15.6229
15.6229
15.6229
15.6229
15.6229
14.4788
14.4788
14.4788
14.4788
14.4788
14.4788
14.4788
14.4788
13.3127
13.3127
13.3127
13.3127
13.3127
13.3127
13.3127
13.3127
12.1955
12.1955
12.1955
12.1955
12.1955
12.1955
12.1955
12.1955
11.1809
11.1809
11.1809
11.1809
11.1809
11.1809
11.1809
11.1809
10.3045
10.3045
10.3045
10.3045
10.3045
10.3045
10.3045
10.3045
9.58582
9.58582
9.58582
9.58582
9.58582
9.58582
9.58582
9.58582
9.03265
9.03265
9.03265
9.03265
9.03265
9.03265
9.03265
9.03265
8.64478
8.64478
8.64478
8.64478
8.64478
8.64478
8.64478
8.64478
16.0138
16.0138
16.0138
16.0138
16.0138
16.0138
16.0138
16.0138
16.6556
16.6556
16.6556
16.6556
16.6556
16.6556
16.6556
16.6556
17.094
17.094
17.094
17.094
17.094
17.094
17.094
17.094
17.2702
17.2702
17.2702
17.2702
17.2702
17.2702
17.2702
17.2702
17.1495
17.1495
17.1495
17.1495
17.1495
17.1495
17.1495
17.1495
16.7296
16.7296
16.7296
16.7296
16.7296
16.7296
16.7296
16.7296
16.0414
16.0414
16.0414
16.0414
16.0414
16.0414
16.0414
16.0414
15.1438
15.1438
15.1438
15.1438
15.1438
15.1438
15.1438
15.1438
14.1126
14.1126
14.1126
14.1126
14.1126
14.1126
14.1126
14.1126
13.0273
13.0273
13.0273
13.0273
13.0273
13.0273
13.0273
13.0273
11.9602
11.9602
11.9602
11.9602
11.9602
11.9602
11.9602
11.9602
10.969
10.969
10.969
10.969
10.969
10.969
10.969
10.969
10.094
10.094
10.094
10.094
10.094
10.094
10.094
10.094
9.35972
9.35972
9.35972
9.35972
9.35972
9.35972
9.35972
9.35972
8.77727
8.77727
8.77727
8.77727
8.77727
8.77727
8.77727
8.77727
8.34891
8.34891
8.34891
8.34891
8.34891
8.34891
8.34891
8.34891
16.0138
16.0138
16.0138
16.0138
16.0138
16.0138
16.0138
16.0138
16.6556
16.6556
16.6556
16.6556
16.6556
16.6556
16.6556
16.6556
17.094
17.094
17.094
17.094
17.094
17.094
17.094
17.094
17.2702
17.2702
17.2702
17.2702
17.2702
17.2702
17.2702
17.2702
17.1495
17.1495
17.1495
17.1495
17.1495
17.1495
17.1495
17.1495
16.7296
16.7296
16.7296
16.7296
16.7296
16.7296
16.7296
16.7296
16.0414
16.0414
16.0414
16.0414
16.0414
16.0414
16.0414
16.0414
15.1438
15.1438
15.1438
15.1438
15.1438
15.1438
15.1438
15.1438
14.1126
14.1126
14.1126
14.1126
14.1126
14.1126
14.1126
14.1126
13.0273
13.0273
13.0273
13.0273
13.0273
13.0273
13.0273
13.0273
11.9602
11.9602
11.9602
11.9602
11.9602
11.9602
11.9602
11.9602
10.969
10.969
10.969
10.969
10.969
10.969
10.969
10.969
10.094
10.094
10.094
10.094
10.094
10.094
10.094
10.094
9.35972
9.35972
9.35972
9.35972
9.35972
9.35972
9.35972
9.35972
8.77727
8.77727
8.77727
8.77727
8.77727
8.77727
8.77727
8.77727
8.34891
8.34891
8.34891
8.34891
8.34891
8.34891
8.34891
8.34891
16.0138
16.0138
16.0138
16.0138
16.0138
16.0138
16.0138
16.0138
16.6556
16.6556
16.6556
16.6556
16.6556
16.6556
16.6556
16.6556
17.094
17.094
17.094
17.094
17.094
17.094
17.094
17.094
17.2702
17.2702
17.2702
17.2702
17.2702
17.2702
17.2702
17.2702
17.1495
17.1495
17.1495
17.1495
17.1495
17.1495
17.1495
17.1495
16.7296
16.7296
16.7296
16.7296
16.7296
16.7296
16.7296
16.7296
16.0414
16.0414
16.0414
16.0414
16.0414
16.0414
16.0414
16.0414
15.1438
15.1438
15.1438
15.1438
15.1438
15.1438
15.1438
15.1438
14.1126
14.1126
14.1126
14.1126
14.1126
14.1126
14.1126
14.1126
13.0273
13.0273
13.0273
13.0273
13.0273
13.0273
13.0273
13.0273
11.9602
11.9602
11.9602
11.9602
11.9602
11.9602
11.9602
11.9602
10.969
10.969
10.969
10.969
10.969
10.969
10.969
10.969
10.094
10.094
10.094
10.094
10.094
10.094
10.094
10.094
9.35972
9.35972
9.35972
9.35972
9.35972
9.35972
9.35972
9.35972
8.77727
8.77727
8.77727
8.77727
8.77727
8.77727
8.77727
8.77727
8.34891
8.34891
8.34891
8.34891
8.34891
8.34891
8.34891
8.34891
16.0138
16.0138
16.0138
16.0138
16.0138
16.0138
16.0138
16.0138
16.6556
16.6556
16.6556
16.6556
16.6556
16.6556
16.6556
16.6556
17.094
17.094
17.094
17.094
17.094
17.094
17.094
17.094
17.2702
17.2702
17.2702
17.2702
17.2702
17.2702
17.2702
17.2702
17.1495
17.1495
17.1495
17.1495
17.1495
17.1495
17.1495
17.1495
16.7296
16.7296
16.7296
16.7296
16.7296
16.7296
16.7296
16.7296
16.0414
16.0414
16.0414
16.0414
16.0414
16.0414
16.0414
16.0414
15.1438
15.1438
15.1438
15.1438
15.1438
15.1438
15.1438
15.1438
14.1126
14.1126
14.1126
14.1126
14.1126
14.1126
14.1126
14.1126
13.0273
13.0273
13.0273
13.0273
13.0273
13.0273
13.0273
13.0273
11.9602
11.9602
11.9602
11.9602
11.9602
11.9602
11.9602
11.9602
10.969
10.969
10.969
10.969
10.969
10.969
10.969
10.969
10.094
10.094
10.094
10.094
10.094
10.094
10.094
10.094
9.35972
9.35972
9.35972
9.35972
9.35972
9.35972
9.35972
9.35972
8.77727
8.77727
8.77727
8.77727
8.77727
8.77727
8.77727
8.77727
8.34891
8.34891
8.34891
8.34891
8.34891
8.34891
8.34891
8.34891
14.6506
14.6506
14.6506
14.6506
14.6506
14.6506
14.6506
14.6506
15.3273
15.3273
15.3273
15.3273
15.3273
15.3273
15.3273
15.3273
15.8442
15.8442
15.8442
15.8442
15.8442
15.8442
15.8442
15.8442
16.138
16.138
16.138
16.138
16.138
16.138
16.138
16.138
16.164
16.164
16.164
16.164
16.164
16.164
16.164
16.164
15.9056
15.9056
15.9056
15.9056
15.9056
15.9056
15.9056
15.9056
15.3784
15.3784
15.3784
15.3784
15.3784
15.3784
15.3784
15.3784
14.6274
14.6274
14.6274
14.6274
14.6274
14.6274
14.6274
14.6274
13.7185
13.7185
13.7185
13.7185
13.7185
13.7185
13.7185
13.7185
12.7263
12.7263
12.7263
12.7263
12.7263
12.7263
12.7263
12.7263
11.7228
11.7228
11.7228
11.7228
11.7228
11.7228
11.7228
11.7228
10.7682
10.7682
10.7682
10.7682
10.7682
10.7682
10.7682
10.7682
9.90746
9.90746
9.90746
9.90746
9.90746
9.90746
9.90746
9.90746
9.16923
9.16923
9.16923
9.16923
9.16923
9.16923
9.16923
9.16923
8.56866
8.56866
8.56866
8.56866
8.56866
8.56866
8.56866
8.56866
8.11086
8.11086
8.11086
8.11086
8.11086
8.11086
8.11086
8.11086
14.6506
14.6506
14.6506
14.6506
14.6506
14.6506
14.6506
14.6506
15.3273
15.3273
15.3273
15.3273
15.3273
15.3273
15.3273
15.3273
15.8442
15.8442
15.8442
15.8442
15.8442
15.8442
15.8442
15.8442
16.138
16.138
16.138
16.138
16.138
16.138
16.138
16.138
16.164
16.164
16.164
16.164
16.164
16.164
16.164
16.164
15.9056
15.9056
15.9056
15.9056
15.9056
15.9056
15.9056
15.9056
15.3784
15.3784
15.3784
15.3784
15.3784
15.3784
15.3784
15.3784
14.6274
14.6274
14.6274
14.6274
14.6274
14.6274
14.6274
14.6274
13.7185
13.7185
13.7185
13.7185
13.7185
13.7185
13.7185
13.7185
12.7263
12.7263
12.7263
12.7263
12.7263
12.7263
12.7263
12.7263
11.7228
11.7228
11.7228
11.7228
11.7228
11.7228
11.7228
11.7228
10.7682
10.7682
10.7682
10.7682
10.7682
10.7682
10.7682
10.7682
9.90746
9.90746
9.90746
9.90746
9.90746
9.90746
9.90746
9.90746
9.16923
9.16923
9.16923
9.16923
9.16923
9.16923
9.16923
9.16923
8.56866
8.56866
8.56866
8.56866
8.56866
8.56866
8.56866
8.56866
8.11086
8.11086
8.11086
8.11086
8.11086
8.11086
8.11086
8.11086
14.6506
14.6506
14.6506
14.6506
14.6506
14.6506
14.6506
14.6506
15.3273
15.3273
15.3273
15.3273
15.3273
15.3273
15.3273
15.3273
15.8442
15.8442
15.8442
15.8442
15.8442
15.8442
15.8442
15.8442
16.138
16.138
16.138
16.138
16.138
16.138
16.138
16.138
16.164
16.164
16.164
16.164
16.164
16.164
16.164
16.164
15.9056
15.9056
15.9056
15.9056
15.9056
15.9056
15.9056
15.9056
15.3784
15.3784
15.3784
15.3784
15.3784
15.3784
15.3784
15.3784
14.6274
14.6274
14.6274
14.6274
14.6274
14.6274
14.6274
14.6274
13.7185
13.7185
13.7185
13.7185
13.7185
13.7185
13.7185
13.7185
12.7263
12.7263
12.7263
12.7263
12.7263
12.7263
12.7263
12.7263
11.7228
11.7228
11.7228
11.7228
11.7228
11.7228
11.7228
11.7228
10.7682
10.7682
10.7682
10.7682
10.7682
10.7682
10.7682
10.7682
9.90746
9.90746
9.90746
9.90746
9.90746
9.90746
9.90746
9.90746
9.16923
9.16923
9.16923
9.16923
9.16923
9.16923
9.16923
9.16923
8.56866
8.56866
8.56866
8.56866
8.56866
8.56866
8.56866
8.56866
8.11086
8.11086
8.11086
8.11086
8.11086
8.11086
8.11086
8.11086
14.6506
14.6506
14.6506
14.6506
14.6506
14.6506
14.6506
14.6506
15.3273
15.3273
15.3273
15.3273
15.3273
15.3273
15.3273
15.3273
15.8442
15.8442
15.8442
15.8442
15.8442
15.8442
15.8442
15.8442
16.138
16.138
16.138
16.138
16.138
16.138
16.138
16.138
16.164
16.164
16.164
16.164
16.164
16.164
16.164
16.164
15.9056
15.9056
15.9056
15.9056
15.9056
15.9056
15.9056
15.9056
15.3784
15.3784
15.3784
15.3784
15.3784
15.3784
15.3784
15.3784
14.6274
14.6274
14.6274
14.6274
14.6274
14.6274
14.6274
14.6274
13.7185
13.7185
13.7185
13.7185
13.7185
13.7185
13.7185
13.7185
12.7263
12.7263
12.7263
12.7263
12.7263
12.7263
12.7263
12.7263
11.7228
11.7228
11.7228
11.7228
11.7228
11.7228
11.7228
11.7228
10.7682
10.7682
10.7682
10.7682
10.7682
10.7682
10.7682
10.7682
9.90746
9.90746
9.90746
9.90746
9.90746
9.90746
9.90746
9.90746
9.16923
9.16923
9.16923
9.16923
9.16923
9.16923
9.16923
9.16923
8.56866
8.56866
8.56866
8.56866
8.56866
8.56866
8.56866
8.56866
8.11086
8.11086
8.11086
8.11086
8.11086
8.11086
8.11086
8.11086
13.3643
13.3643
13.3643
13.3643
13.3643
13.3643
13.3643
13.3643
14.055
14.055
14.055
14.055
14.055
14.055
14.055
14.055
14.6268
14.6268
14.6268
14.6268
14.6268
14.6268
14.6268
14.6268
15.0147
15.0147
15.0147
15.0147
15.0147
15.0147
15.0147
15.0147
15.1671
15.1671
15.1671
15.1671
15.1671
15.1671
15.1671
15.1671
15.0558
15.0558
15.0558
15.0558
15.0558
15.0558
15.0558
15.0558
14.6822
14.6822
14.6822
14.6822
14.6822
14.6822
14.6822
14.6822
14.0775
14.0775
14.0775
14.0775
14.0775
14.0775
14.0775
14.0775
13.2966
13.2966
13.2966
13.2966
13.2966
13.2966
13.2966
13.2966
12.4075
12.4075
12.4075
12.4075
12.4075
12.4075
12.4075
12.4075
11.4795
11.4795
11.4795
11.4795
11.4795
11.4795
11.4795
11.4795
10.5744
10.5744
10.5744
10.5744
10.5744
10.5744
10.5744
10.5744
9.74035
9.74035
9.74035
9.74035
9.74035
9.74035
9.74035
9.74035
9.01015
9.01015
9.01015
9.01015
9.01015
9.01015
9.01015
9.01015
8.40289
8.40289
8.40289
8.40289
8.40289
8.40289
8.40289
8.40289
7.92681
7.92681
7.92681
7.92681
7.92681
7.92681
7.92681
7.92681
13.3643
13.3643
13.3643
13.3643
13.3643
13.3643
13.3643
13.3643
14.055
14.055
14.055
14.055
14.055
14.055
14.055
14.055
14.6268
14.6268
14.6268
14.6268
14.6268
14.6268
14.6268
14.6268
15.0147
15.0147
15.0147
15.0147
15.0147
15.0147
15.0147
15.0147
15.1671
15.1671
15.1671
15.1671
15.1671
15.1671
15.1671
15.1671
15.0558
15.0558
15.0558
15.0558
15.0558
15.0558
15.0558
15.0558
14.6822
14.6822
14.6822
14.6822
14.6822
14.6822
14.6822
14.6822
14.0775
14.0775
14.0775
14.0775
14.0775
14.0775
14.0775
14.0775
13.2966
13.2966
13.2966
13.2966
13.2966
13.2966
13.2966
13.2966
12.4075
12.4075
12.4075
12.4075
12.4075
12.4075
12.4075
12.4075
11.4795
11.4795
11.4795
11.4795
11.4795
11.4795
11.4795
11.4795
10.5744
10.5744
10.5744
10.5744
10.5744
10.5744
10.5744
10.5744
9.74035
9.74035
9.74035
9.74035
9.74035
9.74035
9.74035
9.74035
9.01015
9.01015
9.01015
9.01015
9.01015
9.01015
9.01015
9.01015
8.40289
8.40289
8.40289
8.40289
8.40289
8.40289
8.40289
8.40289
7.92681
7.92681
7.92681
7.92681
7.92681
7.92681
7.92681
7.92681
13.3643
13.3643
13.3643
13.3643
13.3643
13.3643
13.3643
13.3643
14.055
14.055
14.055
14.055
14.055
14.055
14.055
14.055
14.6268
14.6268
14.6268
14.6268
14.6268
14.6268
14.6268
14.6268
15.0147
15.0147
15.0147
15.0147
15.0147
15.0147
15.0147
15.0147
15.1671
15.1671
15.1671
15.1671
15.1671
15.1671
15.1671
15.1671
15.0558
15.0558
15.0558
15.0558
15.0558
15.0558
15.0558
15.0558
14.6822
14.6822
14.6822
14.6822
14.6822
14.6822
14.6822
14.6822
14.0775
14.0775
14.0775
14.0775
14.0775
14.0775
14.0775
14.0775
13.2966
13.2966
13.2966
13.2966
13.2966
13.2966
13.2966
13.2966
12.4075
12.4075
12.4075
12.4075
12.4075
12.4075
12.4075
12.4075
11.4795
11.4795
11.4795
11.4795
11.4795
11.4795
11.4795
11.4795
10.5744
10.5744
10.5744
10.5744
10.5744
10.5744
10.5744
10.5744
9.74035
9.74035
9.74035
9.74035
9.74035
9.74035
9.74035
9.74035
9.01015
9.01015
9.01015
9.01015
9.01015
9.01015
9.01015
9.01015
8.40289
8.40289
8.40289
8.40289
8.40289
8.40289
8.40289
8.40289
7.92681
7.92681
7.92681
7.92681
7.92681
7.92681
7.92681
7.92681
13.3643
13.3643
13.3643
13.3643
13.3643
13.3643
13.3643
13.3643
14.055
14.055
14.055
14.055
14.055
14.055
14.055
14.055
14.6268
14.6268
14.6268
14.6268
14.6268
14.6268
14.6268
14.6268
15.0147
15.0147
15.0147
15.0147
15.0147
15.0147
15.0147
15.0147
15.1671
15.1671
15.1671
15.1671
15.1671
15.1671
15.1671
15.1671
15.0558
15.0558
15.0558
15.0558
15.0558
15.0558
15.0558
15.0558
14.6822
14.6822
14.6822
14.6822
14.6822
14.6822
14.6822
14.6822
14.0775
14.0775
14.0775
14.0775
14.0775
14.0775
14.0775
14.0775
13.2966
13.2966
13.2966
13.2966
13.2966
13.2966
13.2966
13.2966
12.4075
12.4075
12.4075
12.4075
12.4075
12.4075
12.4075
12.4075
11.4795
11.4795
11.4795
11.4795
11.4795
11.4795
11.4795
11.4795
10.5744
10.5744
10.5744
10.5744
10.5744
10.5744
10.5744
10.5744
9.74035
9.74035
9.74035
9.74035
9.74035
9.74035
9.74035
9.74035
9.01015
9.01015
9.01015
9.01015
9.01015
9.01015
9.01015
9.01015
8.40289
8.40289
8.40289
8.40289
8.40289
8.40289
8.40289
8.40289
7.92681
7.92681
7.92681
7.92681
7.92681
7.92681
7.92681
7.92681
12.1717
12.1717
12.1717
12.1717
12.1717
12.1717
12.1717
12.1717
12.8583
12.8583
12.8583
12.8583
12.8583
12.8583
12.8583
12.8583
13.4624
13.4624
13.4624
13.4624
13.4624
13.4624
13.4624
13.4624
13.9205
13.9205
13.9205
13.9205
13.9205
13.9205
13.9205
13.9205
14.1769
14.1769
14.1769
14.1769
14.1769
14.1769
14.1769
14.1769
14.1945
14.1945
14.1945
14.1945
14.1945
14.1945
14.1945
14.1945
13.9627
13.9627
13.9627
13.9627
13.9627
13.9627
13.9627
13.9627
13.4995
13.4995
13.4995
13.4995
13.4995
13.4995
13.4995
13.4995
12.8483
12.8483
12.8483
12.8483
12.8483
12.8483
12.8483
12.8483
12.0688
12.0688
12.0688
12.0688
12.0688
12.0688
12.0688
12.0688
11.2265
11.2265
11.2265
11.2265
11.2265
11.2265
11.2265
11.2265
10.3826
10.3826
10.3826
10.3826
10.3826
10.3826
10.3826
10.3826
9.58739
9.58739
9.58739
9.58739
9.58739
9.58739
9.58739
9.58739
8.87725
8.87725
8.87725
8.87725
8.87725
8.87725
8.87725
8.87725
8.27489
8.27489
8.27489
8.27489
8.27489
8.27489
8.27489
8.27489
7.7918
7.7918
7.7918
7.7918
7.7918
7.7918
7.7918
7.7918
12.1717
12.1717
12.1717
12.1717
12.1717
12.1717
12.1717
12.1717
12.8583
12.8583
12.8583
12.8583
12.8583
12.8583
12.8583
12.8583
13.4624
13.4624
13.4624
13.4624
13.4624
13.4624
13.4624
13.4624
13.9205
13.9205
13.9205
13.9205
13.9205
13.9205
13.9205
13.9205
14.1769
14.1769
14.1769
14.1769
14.1769
14.1769
14.1769
14.1769
14.1945
14.1945
14.1945
14.1945
14.1945
14.1945
14.1945
14.1945
13.9627
13.9627
13.9627
13.9627
13.9627
13.9627
13.9627
13.9627
13.4995
13.4995
13.4995
13.4995
13.4995
13.4995
13.4995
13.4995
12.8483
12.8483
12.8483
12.8483
12.8483
12.8483
12.8483
12.8483
12.0688
12.0688
12.0688
12.0688
12.0688
12.0688
12.0688
12.0688
11.2265
11.2265
11.2265
11.2265
11.2265
11.2265
11.2265
11.2265
10.3826
10.3826
10.3826
10.3826
10.3826
10.3826
10.3826
10.3826
9.58739
9.58739
9.58739
9.58739
9.58739
9.58739
9.58739
9.58739
8.87725
8.87725
8.87725
8.87725
8.87725
8.87725
8.87725
8.87725
8.27489
8.27489
8.27489
8.27489
8.27489
8.27489
8.27489
8.27489
7.7918
7.7918
7.7918
7.7918
7.7918
7.7918
7.7918
7.7918
12.1717
12.1717
12.1717
12.1717
12.1717
12.1717
12.1717
12.1717
12.8583
12.8583
12.8583
12.8583
12.8583
12.8583
12.8583
12.8583
13.4624
13.4624
13.4624
13.4624
13.4624
13.4624
13.4624
13.4624
13.9205
13.9205
13.9205
13.9205
13.9205
13.9205
13.9205
13.9205
14.1769
14.1769
14.1769
14.1769
14.1769
14.1769
14.1769
14.1769
14.1945
14.1945
14.1945
14.1945
14.1945
14.1945
14.1945
14.1945
13.9627
13.9627
13.9627
13.9627
13.9627
13.9627
13.9627
13.9627
13.4995
13.4995
13.4995
13.4995
13.4995
13.4995
13.4995
13.4995
12.8483
12.8483
12.8483
12.8483
12.8483
12.8483
12.8483
12.8483
12.0688
12.0688
12.0688
12.0688
12.0688
12.0688
12.0688
12.0688
11.2265
11.2265
11.2265
11.2265
11.2265
11.2265
11.2265
11.2265
10.3826
10.3826
10.3826
10.3826
10.3826
10.3826
10.3826
10.3826
9.58739
9.58739
9.58739
9.58739
9.58739
9.58739
9.58739
9.58739
8.87725
8.87725
8.87725
8.87725
8.87725
8.87725
8.87725
8.87725
8.27489
8.27489
8.27489
8.27489
8.27489
8.27489
8.27489
8.27489
7.7918
7.7918
7.7918
7.7918
7.7918
7.7918
7.7918
7.7918
12.1717
12.1717
12.1717
12.1717
12.1717
12.1717
12.1717
12.1717
12.8583
12.8583
12.8583
12.8583
12.8583
12.8583
12.8583
12.8583
13.4624
13.4624
13.4624
13.4624
13.4624
13.4624
13.4624
13.4624
13.9205
13.9205
13.9205
13.9205
13.9205
13.9205
13.9205
13.9205
14.1769
14.1769
14.1769
14.1769
14.1769
14.1769
14.1769
14.1769
14.1945
14.1945
14.1945
14.1945
14.1945
14.1945
14.1945
14.1945
13.9627
13.9627
13.9627
13.9627
13.9627
13.9627
13.9627
13.9627
13.4995
13.4995
13.4995
13.4995
13.4995
13.4995
13.4995
13.4995
12.8483
12.8483
12.8483
12.8483
12.8483
12.8483
12.8483
12.8483
12.0688
12.0688
12.0688
12.0688
12.0688
12.0688
12.0688
12.0688
11.2265
11.2265
11.2265
11.2265
11.2265
11.2265
11.2265
11.2265
10.3826
10.3826
10.3826
10.3826
10.3826
10.3826
10.3826
10.3826
9.58739
9.58739
9.58739
9.58739
9.58739
9.58739
9.58739
9.58739
8.87725
8.87725
8.87725
8.87725
8.87725
8.87725
8.87725
8.87725
8.27489
8.27489
8.27489
8.27489
8.27489
8.27489
8.27489
8.27489
7.7918
7.7918
7.7918
7.7918
7.7918
7.7918
7.7918
7.7918
11.0844
11.0844
11.0844
11.0844
11.0844
11.0844
11.0844
11.0844
11.7513
11.7513
11.7513
11.7513
11.7513
11.7513
11.7513
11.7513
12.3678
12.3678
12.3678
12.3678
12.3678
12.3678
12.3678
12.3678
12.8729
12.8729
12.8729
12.8729
12.8729
12.8729
12.8729
12.8729
13.2099
13.2099
13.2099
13.2099
13.2099
13.2099
13.2099
13.2099
13.3359
13.3359
13.3359
13.3359
13.3359
13.3359
13.3359
13.3359
13.2302
13.2302
13.2302
13.2302
13.2302
13.2302
13.2302
13.2302
12.8995
12.8995
12.8995
12.8995
12.8995
12.8995
12.8995
12.8995
12.3754
12.3754
12.3754
12.3754
12.3754
12.3754
12.3754
12.3754
11.7088
11.7088
11.7088
11.7088
11.7088
11.7088
11.7088
11.7088
10.9596
10.9596
10.9596
10.9596
10.9596
10.9596
10.9596
10.9596
10.187
10.187
10.187
10.187
10.187
10.187
10.187
10.187
9.44211
9.44211
9.44211
9.44211
9.44211
9.44211
9.44211
9.44211
8.7638
8.7638
8.7638
8.7638
8.7638
8.7638
8.7638
8.7638
8.17803
8.17803
8.17803
8.17803
8.17803
8.17803
8.17803
8.17803
7.69931
7.69931
7.69931
7.69931
7.69931
7.69931
7.69931
7.69931
11.0844
11.0844
11.0844
11.0844
11.0844
11.0844
11.0844
11.0844
11.7513
11.7513
11.7513
11.7513
11.7513
11.7513
11.7513
11.7513
12.3678
12.3678
12.3678
12.3678
12.3678
12.3678
12.3678
12.3678
12.8729
12.8729
12.8729
12.8729
12.8729
12.8729
12.8729
12.8729
13.2099
13.2099
13.2099
13.2099
13.2099
13.2099
13.2099
13.2099
13.3359
13.3359
13.3359
13.3359
13.3359
13.3359
13.3359
13.3359
13.2302
13.2302
13.2302
13.2302
13.2302
13.2302
13.2302
13.2302
12.8995
12.8995
12.8995
12.8995
12.8995
12.8995
12.8995
12.8995
12.3754
12.3754
12.3754
12.3754
12.3754
12.3754
12.3754
12.3754
11.7088
11.7088
11.7088
11.7088
11.7088
11.7088
11.7088
11.7088
10.9596
10.9596
10.9596
10.9596
10.9596
10.9596
10.9596
10.9596
10.187
10.187
10.187
10.187
10.187
10.187
10.187
10.187
9.44211
9.44211
9.44211
9.44211
9.44211
9.44211
9.44211
9.44211
8.7638
8.7638
8.7638
8.7638
8.7638
8.7638
8.7638
8.7638
8.17803
8.17803
8.17803
8.17803
8.17803
8.17803
8.17803
8.17803
7.69931
7.69931
7.69931
7.69931
7.69931
7.69931
7.69931
7.69931
11.0844
11.0844
11.0844
11.0844
11.0844
11.0844
11.0844
11.0844
11.7513
11.7513
11.7513
11.7513
11.7513
11.7513
11.7513
11.7513
12.3678
12.3678
12.3678
12.3678
12.3678
12.3678
12.3678
12.3678
12.8729
12.8729
12.8729
12.8729
12.8729
12.8729
12.8729
12.8729
13.2099
13.2099
13.2099
13.2099
13.2099
13.2099
13.2099
13.2099
13.3359
13.3359
13.3359
13.3359
13.3359
13.3359
13.3359
13.3359
13.2302
13.2302
13.2302
13.2302
13.2302
13.2302
13.2302
13.2302
12.8995
12.8995
12.8995
12.8995
12.8995
12.8995
12.8995
12.8995
12.3754
12.3754
12.3754
12.3754
12.3754
12.3754
12.3754
12.3754
11.7088
11.7088
11.7088
11.7088
11.7088
11.7088
11.7088
11.7088
10.9596
10.9596
10.9596
10.9596
10.9596
10.9596
10.9596
10.9596
10.187
10.187
10.187
10.187
10.187
10.187
10.187
10.187
9.44211
9.44211
9.44211
9.44211
9.44211
9.44211
9.44211
9.44211
8.7638
8.7638
8.7638
8.7638
8.7638
8.7638
8.7638
8.7638
8.17803
8.17803
8.17803
8.17803
8.17803
8.17803
8.17803
8.17803
7.69931
7.69931
7.69931
7.69931
7.69931
7.69931
7.69931
7.69931
11.0844
11.0844
11.0844
11.0844
11.0844
11.0844
11.0844
11.0844
11.7513
11.7513
11.7513
11.7513
11.7513
11.7513
11.7513
11.7513
12.3678
12.3678
12.3678
12.3678
12.3678
12.3678
12.3678
12.3678
12.8729
12.8729
12.8729
12.8729
12.8729
12.8729
12.8729
12.8729
13.2099
13.2099
13.2099
13.2099
13.2099
13.2099
13.2099
13.2099
13.3359
13.3359
13.3359
13.3359
13.3359
13.3359
13.3359
13.3359
13.2302
13.2302
13.2302
13.2302
13.2302
13.2302
13.2302
13.2302
12.8995
12.8995
12.8995
12.8995
12.8995
12.8995
12.8995
12.8995
12.3754
12.3754
12.3754
12.3754
12.3754
12.3754
12.3754
12.3754
11.7088
11.7088
11.7088
11.7088
11.7088
11.7088
11.7088
11.7088
10.9596
10.9596
10.9596
10.9596
10.9596
10.9596
10.9596
10.9596
10.187
10.187
10.187
10.187
10.187
10.187
10.187
10.187
9.44211
9.44211
9.44211
9.44211
9.44211
9.44211
9.44211
9.44211
8.7638
8.7638
8.7638
8.7638
8.7638
8.7638
8.7638
8.7638
8.17803
8.17803
8.17803
8.17803
8.17803
8.17803
8.17803
8.17803
7.69931
7.69931
7.69931
7.69931
7.69931
7.69931
7.69931
7.69931
10.1084
10.1084
10.1084
10.1084
10.1084
10.1084
10.1084
10.1084
10.7437
10.7437
10.7437
10.7437
10.7437
10.7437
10.7437
10.7437
11.355
11.355
11.355
11.355
11.355
11.355
11.355
11.355
11.8859
11.8859
11.8859
11.8859
11.8859
11.8859
11.8859
11.8859
12.2805
12.2805
12.2805
12.2805
12.2805
12.2805
12.2805
12.2805
12.4928
12.4928
12.4928
12.4928
12.4928
12.4928
12.4928
12.4928
12.4951
12.4951
12.4951
12.4951
12.4951
12.4951
12.4951
12.4951
12.2838
12.2838
12.2838
12.2838
12.2838
12.2838
12.2838
12.2838
11.8804
11.8804
11.8804
11.8804
11.8804
11.8804
11.8804
11.8804
11.3262
11.3262
11.3262
11.3262
11.3262
11.3262
11.3262
11.3262
10.6746
10.6746
10.6746
10.6746
10.6746
10.6746
10.6746
10.6746
9.98139
9.98139
9.98139
9.98139
9.98139
9.98139
9.98139
9.98139
9.29699
9.29699
9.29699
9.29699
9.29699
9.29699
9.29699
9.29699
8.66168
8.66168
8.66168
8.66168
8.66168
8.66168
8.66168
8.66168
8.104
8.104
8.104
8.104
8.104
8.104
8.104
8.104
7.64123
7.64123
7.64123
7.64123
7.64123
7.64123
7.64123
7.64123
10.1084
10.1084
10.1084
10.1084
10.1084
10.1084
10.1084
10.1084
10.7437
10.7437
10.7437
10.7437
10.7437
10.7437
10.7437
10.7437
11.355
11.355
11.355
11.355
11.355
11.355
11.355
11.355
11.8859
11.8859
11.8859
11.8859
11.8859
11.8859
11.8859
11.8859
12.2805
12.2805
12.2805
12.2805
12.2805
12.2805
12.2805
12.2805
12.4928
12.4928
12.4928
12.4928
12.4928
12.4928
12.4928
12.4928
12.4951
12.4951
12.4951
12.4951
12.4951
12.4951
12.4951
12.4951
12.2838
12.2838
12.2838
12.2838
12.2838
12.2838
12.2838
12.2838
11.8804
11.8804
11.8804
11.8804
11.8804
11.8804
11.8804
11.8804
11.3262
11.3262
11.3262
11.3262
11.3262
11.3262
11.3262
11.3262
10.6746
10.6746
10.6746
10.6746
10.6746
10.6746
10.6746
10.6746
9.98139
9.98139
9.98139
9.98139
9.98139
9.98139
9.98139
9.98139
9.29699
9.29699
9.29699
9.29699
9.29699
9.29699
9.29699
9.29699
8.66168
8.66168
8.66168
8.66168
8.66168
8.66168
8.66168
8.66168
8.104
8.104
8.104
8.104
8.104
8.104
8.104
8.104
7.64123
7.64123
7.64123
7.64123
7.64123
7.64123
7.64123
7.64123
10.1084
10.1084
10.1084
10.1084
10.1084
10.1084
10.1084
10.1084
10.7437
10.7437
10.7437
10.7437
10.7437
10.7437
10.7437
10.7437
11.355
11.355
11.355
11.355
11.355
11.355
11.355
11.355
11.8859
11.8859
11.8859
11.8859
11.8859
11.8859
11.8859
11.8859
12.2805
12.2805
12.2805
12.2805
12.2805
12.2805
12.2805
12.2805
12.4928
12.4928
12.4928
12.4928
12.4928
12.4928
12.4928
12.4928
12.4951
12.4951
12.4951
12.4951
12.4951
12.4951
12.4951
12.4951
12.2838
12.2838
12.2838
12.2838
12.2838
12.2838
12.2838
12.2838
11.8804
11.8804
11.8804
11.8804
11.8804
11.8804
11.8804
11.8804
11.3262
11.3262
11.3262
11.3262
11.3262
11.3262
11.3262
11.3262
10.6746
10.6746
10.6746
10.6746
10.6746
10.6746
10.6746
10.6746
9.98139
9.98139
9.98139
9.98139
9.98139
9.98139
9.98139
9.98139
9.29699
9.29699
9.29699
9.29699
9.29699
9.29699
9.29699
9.29699
8.66168
8.66168
8.66168
8.66168
8.66168
8.66168
8.66168
8.66168
8.104
8.104
8.104
8.104
8.104
8.104
8.104
8.104
7.64123
7.64123
7.64123
7.64123
7.64123
7.64123
7.64123
7.64123
10.1084
10.1084
10.1084
10.1084
10.1084
10.1084
10.1084
10.1084
10.7437
10.7437
10.7437
10.7437
10.7437
10.7437
10.7437
10.7437
11.355
11.355
11.355
11.355
11.355
11.355
11.355
11.355
11.8859
11.8859
11.8859
11.8859
11.8859
11.8859
11.8859
11.8859
12.2805
12.2805
12.2805
12.2805
12.2805
12.2805
12.2805
12.2805
12.4928
12.4928
12.4928
12.4928
12.4928
12.4928
12.4928
12.4928
12.4951
12.4951
12.4951
12.4951
12.4951
12.4951
12.4951
12.4951
12.2838
12.2838
12.2838
12.2838
12.2838
12.2838
12.2838
12.2838
11.8804
11.8804
11.8804
11.8804
11.8804
11.8804
11.8804
11.8804
11.3262
11.3262
11.3262
11.3262
11.3262
11.3262
11.3262
11.3262
10.6746
10.6746
10.6746
10.6746
10.6746
10.6746
10.6746
10.6746
9.98139
9.98139
9.98139
9.98139
9.98139
9.98139
9.98139
9.98139
9.29699
9.29699
9.29699
9.29699
9.29699
9.29699
9.29699
9.29699
8.66168
8.66168
8.66168
8.66168
8.66168
8.66168
8.66168
8.66168
8.104
8.104
8.104
8.104
8.104
8.104
8.104
8.104
7.64123
7.64123
7.64123
7.64123
7.64123
7.64123
7.64123
7.64123
9.24544
9.24544
9.24544
9.24544
9.24544
9.24544
9.24544
9.24544
9.83999
9.83999
9.83999
9.83999
9.83999
9.83999
9.83999
9.83999
10.4319
10.4319
10.4319
10.4319
10.4319
10.4319
10.4319
10.4319
10.9698
10.9698
10.9698
10.9698
10.9698
10.9698
10.9698
10.9698
11.4004
11.4004
11.4004
11.4004
11.4004
11.4004
11.4004
11.4004
11.6769
11.6769
11.6769
11.6769
11.6769
11.6769
11.6769
11.6769
11.767
11.767
11.767
11.767
11.767
11.767
11.767
11.767
11.6594
11.6594
11.6594
11.6594
11.6594
11.6594
11.6594
11.6594
11.3665
11.3665
11.3665
11.3665
11.3665
11.3665
11.3665
11.3665
10.9205
10.9205
10.9205
10.9205
10.9205
10.9205
10.9205
10.9205
10.3676
10.3676
10.3676
10.3676
10.3676
10.3676
10.3676
10.3676
9.75909
9.75909
9.75909
9.75909
9.75909
9.75909
9.75909
9.75909
9.14348
9.14348
9.14348
9.14348
9.14348
9.14348
9.14348
9.14348
8.56136
8.56136
8.56136
8.56136
8.56136
8.56136
8.56136
8.56136
8.04283
8.04283
8.04283
8.04283
8.04283
8.04283
8.04283
8.04283
7.60743
7.60743
7.60743
7.60743
7.60743
7.60743
7.60743
7.60743
9.24544
9.24544
9.24544
9.24544
9.24544
9.24544
9.24544
9.24544
9.83999
9.83999
9.83999
9.83999
9.83999
9.83999
9.83999
9.83999
10.4319
10.4319
10.4319
10.4319
10.4319
10.4319
10.4319
10.4319
10.9698
10.9698
10.9698
10.9698
10.9698
10.9698
10.9698
10.9698
11.4004
11.4004
11.4004
11.4004
11.4004
11.4004
11.4004
11.4004
11.6769
11.6769
11.6769
11.6769
11.6769
11.6769
11.6769
11.6769
11.767
11.767
11.767
11.767
11.767
11.767
11.767
11.767
11.6594
11.6594
11.6594
11.6594
11.6594
11.6594
11.6594
11.6594
11.3665
11.3665
11.3665
11.3665
11.3665
11.3665
11.3665
11.3665
10.9205
10.9205
10.9205
10.9205
10.9205
10.9205
10.9205
10.9205
10.3676
10.3676
10.3676
10.3676
10.3676
10.3676
10.3676
10.3676
9.75909
9.75909
9.75909
9.75909
9.75909
9.75909
9.75909
9.75909
9.14348
9.14348
9.14348
9.14348
9.14348
9.14348
9.14348
9.14348
8.56136
8.56136
8.56136
8.56136
8.56136
8.56136
8.56136
8.56136
8.04283
8.04283
8.04283
8.04283
8.04283
8.04283
8.04283
8.04283
7.60743
7.60743
7.60743
7.60743
7.60743
7.60743
7.60743
7.60743
9.24544
9.24544
9.24544
9.24544
9.24544
9.24544
9.24544
9.24544
9.83999
9.83999
9.83999
9.83999
9.83999
9.83999
9.83999
9.83999
10.4319
10.4319
10.4319
10.4319
10.4319
10.4319
10.4319
10.4319
10.9698
10.9698
10.9698
10.9698
10.9698
10.9698
10.9698
10.9698
11.4004
11.4004
11.4004
11.4004
11.4004
11.4004
11.4004
11.4004
11.6769
11.6769
11.6769
11.6769
11.6769
11.6769
11.6769
11.6769
11.767
11.767
11.767
11.767
11.767
11.767
11.767
11.767
11.6594
11.6594
11.6594
11.6594
11.6594
11.6594
11.6594
11.6594
11.3665
11.3665
11.3665
11.3665
11.3665
11.3665
11.3665
11.3665
10.9205
10.9205
10.9205
10.9205
10.9205
10.9205
10.9205
10.9205
10.3676
10.3676
10.3676
10.3676
10.3676
10.3676
10.3676
10.3676
9.75909
9.75909
9.75909
9.75909
9.75909
9.75909
9.75909
9.75909
9.14348
9.14348
9.14348
9.14348
9.14348
9.14348
9.14348
9.14348
8.56136
8.56136
8.56136
8.56136
8.56136
8.56136
8.56136
8.56136
8.04283
8.04283
8.04283
8.04283
8.04283
8.04283
8.04283
8.04283
7.60743
7.60743
7.60743
7.60743
7.60743
7.60743
7.60743
7.60743
9.24544
9.24544
9.24544
9.24544
9.24544
9.24544
9.24544
9.24544
9.83999
9.83999
9.83999
9.83999
9.83999
9.83999
9.83999
9.83999
10.4319
10.4319
10.4319
10.4319
10.4319
10.4319
10.4319
10.4319
10.9698
10.9698
10.9698
10.9698
10.9698
10.9698
10.9698
10.9698
11.4004
11.4004
11.4004
11.4004
11.4004
11.4004
11.4004
11.4004
11.6769
11.6769
11.6769
11.6769
11.6769
11.6769
11.6769
11.6769
11.767
11.767
11.767
11.767
11.767
11.767
11.767
11.767
11.6594
11.6594
11.6594
11.6594
11.6594
11.6594
11.6594
11.6594
11.3665
11.3665
11.3665
11.3665
11.3665
11.3665
11.3665
11.3665
10.9205
10.9205
10.9205
10.9205
10.9205
10.9205
10.9205
10.9205
10.3676
10.3676
10.3676
10.3676
10.3676
10.3676
10.3676
10.3676
9.75909
9.75909
9.75909
9.75909
9.75909
9.75909
9.75909
9.75909
9.14348
9.14348
9.14348
9.14348
9.14348
9.14348
9.14348
9.14348
8.56136
8.56136
8.56136
8.56136
8.56136
8.56136
8.56136
8.56136
8.04283
8.04283
8.04283
8.04283
8.04283
8.04283
8.04283
8.04283
7.60743
7.60743
7.60743
7.60743
7.60743
7.60743
7.60743
7.60743
8.49368
8.49368
8.49368
8.49368
8.49368
8.49368
8.49368
8.49368
9.04128
9.04128
9.04128
9.04128
9.04128
9.04128
9.04128
9.04128
9.60261
9.60261
9.60261
9.60261
9.60261
9.60261
9.60261
9.60261
10.1316
10.1316
10.1316
10.1316
10.1316
10.1316
10.1316
10.1316
10.5786
10.5786
10.5786
10.5786
10.5786
10.5786
10.5786
10.5786
10.898
10.898
10.898
10.898
10.898
10.898
10.898
10.898
11.055
11.055
11.055
11.055
11.055
11.055
11.055
11.055
11.0333
11.0333
11.0333
11.0333
11.0333
11.0333
11.0333
11.0333
10.8374
10.8374
10.8374
10.8374
10.8374
10.8374
10.8374
10.8374
10.4918
10.4918
10.4918
10.4918
10.4918
10.4918
10.4918
10.4918
10.0352
10.0352
10.0352
10.0352
10.0352
10.0352
10.0352
10.0352
9.51371
9.51371
9.51371
9.51371
9.51371
9.51371
9.51371
9.51371
8.97288
8.97288
8.97288
8.97288
8.97288
8.97288
8.97288
8.97288
8.45243
8.45243
8.45243
8.45243
8.45243
8.45243
8.45243
8.45243
7.98308
7.98308
7.98308
7.98308
7.98308
7.98308
7.98308
7.98308
7.5861
7.5861
7.5861
7.5861
7.5861
7.5861
7.5861
7.5861
8.49368
8.49368
8.49368
8.49368
8.49368
8.49368
8.49368
8.49368
9.04128
9.04128
9.04128
9.04128
9.04128
9.04128
9.04128
9.04128
9.60261
9.60261
9.60261
9.60261
9.60261
9.60261
9.60261
9.60261
10.1316
10.1316
10.1316
10.1316
10.1316
10.1316
10.1316
10.1316
10.5786
10.5786
10.5786
10.5786
10.5786
10.5786
10.5786
10.5786
10.898
10.898
10.898
10.898
10.898
10.898
10.898
10.898
11.055
11.055
11.055
11.055
11.055
11.055
11.055
11.055
11.0333
11.0333
11.0333
11.0333
11.0333
11.0333
11.0333
11.0333
10.8374
10.8374
10.8374
10.8374
10.8374
10.8374
10.8374
10.8374
10.4918
10.4918
10.4918
10.4918
10.4918
10.4918
10.4918
10.4918
10.0352
10.0352
10.0352
10.0352
10.0352
10.0352
10.0352
10.0352
9.51371
9.51371
9.51371
9.51371
9.51371
9.51371
9.51371
9.51371
8.97288
8.97288
8.97288
8.97288
8.97288
8.97288
8.97288
8.97288
8.45243
8.45243
8.45243
8.45243
8.45243
8.45243
8.45243
8.45243
7.98308
7.98308
7.98308
7.98308
7.98308
7.98308
7.98308
7.98308
7.5861
7.5861
7.5861
7.5861
7.5861
7.5861
7.5861
7.5861
8.49368
8.49368
8.49368
8.49368
8.49368
8.49368
8.49368
8.49368
9.04128
9.04128
9.04128
9.04128
9.04128
9.04128
9.04128
9.04128
9.60261
9.60261
9.60261
9.60261
9.60261
9.60261
9.60261
9.60261
10.1316
10.1316
10.1316
10.1316
10.1316
10.1316
10.1316
10.1316
10.5786
10.5786
10.5786
10.5786
10.5786
10.5786
10.5786
10.5786
10.898
10.898
10.898
10.898
10.898
10.898
10.898
10.898
11.055
11.055
11.055
11.055
11.055
11.055
11.055
11.055
11.0333
11.0333
11.0333
11.0333
11.0333
11.0333
11.0333
11.0333
10.8374
10.8374
10.8374
10.8374
10.8374
10.8374
10.8374
10.8374
10.4918
10.4918
10.4918
10.4918
10.4918
10.4918
10.4918
10.4918
10.0352
10.0352
10.0352
10.0352
10.0352
10.0352
10.0352
10.0352
9.51371
9.51371
9.51371
9.51371
9.51371
9.51371
9.51371
9.51371
8.97288
8.97288
8.97288
8.97288
8.97288
8.97288
8.97288
8.97288
8.45243
8.45243
8.45243
8.45243
8.45243
8.45243
8.45243
8.45243
7.98308
7.98308
7.98308
7.98308
7.98308
7.98308
7.98308
7.98308
7.5861
7.5861
7.5861
7.5861
7.5861
7.5861
7.5861
7.5861
8.49368
8.49368
8.49368
8.49368
8.49368
8.49368
8.49368
8.49368
9.04128
9.04128
9.04128
9.04128
9.04128
9.04128
9.04128
9.04128
9.60261
9.60261
9.60261
9.60261
9.60261
9.60261
9.60261
9.60261
10.1316
10.1316
10.1316
10.1316
10.1316
10.1316
10.1316
10.1316
10.5786
10.5786
10.5786
10.5786
10.5786
10.5786
10.5786
10.5786
10.898
10.898
10.898
10.898
10.898
10.898
10.898
10.898
11.055
11.055
11.055
11.055
11.055
11.055
11.055
11.055
11.0333
11.0333
11.0333
11.0333
11.0333
11.0333
11.0333
11.0333
10.8374
10.8374
10.8374
10.8374
10.8374
10.8374
10.8374
10.8374
10.4918
10.4918
10.4918
10.4918
10.4918
10.4918
10.4918
10.4918
10.0352
10.0352
10.0352
10.0352
10.0352
10.0352
10.0352
10.0352
9.51371
9.51371
9.51371
9.51371
9.51371
9.51371
9.51371
9.51371
8.97288
8.97288
8.97288
8.97288
8.97288
8.97288
8.97288
8.97288
8.45243
8.45243
8.45243
8.45243
8.45243
8.45243
8.45243
8.45243
7.98308
7.98308
7.98308
7.98308
7.98308
7.98308
7.98308
7.98308
7.5861
7.5861
7.5861
7.5861
7.5861
7.5861
7.5861
7.5861
7.84884
7.84884
7.84884
7.84884
7.84884
7.84884
7.84884
7.84884
8.34567
8.34567
8.34567
8.34567
8.34567
8.34567
8.34567
8.34567
8.86801
8.86801
8.86801
8.86801
8.86801
8.86801
8.86801
8.86801
9.37499
9.37499
9.37499
9.37499
9.37499
9.37499
9.37499
9.37499
9.82139
9.82139
9.82139
9.82139
9.82139
9.82139
9.82139
9.82139
10.1638
10.1638
10.1638
10.1638
10.1638
10.1638
10.1638
10.1638
10.3674
10.3674
10.3674
10.3674
10.3674
10.3674
10.3674
10.3674
10.4124
10.4124
10.4124
10.4124
10.4124
10.4124
10.4124
10.4124
10.2979
10.2979
10.2979
10.2979
10.2979
10.2979
10.2979
10.2979
10.0415
10.0415
10.0415
10.0415
10.0415
10.0415
10.0415
10.0415
9.67527
9.67527
9.67527
9.67527
9.67527
9.67527
9.67527
9.67527
9.23972
9.23972
9.23972
9.23972
9.23972
9.23972
9.23972
9.23972
8.7767
8.7767
8.7767
8.7767
8.7767
8.7767
8.7767
8.7767
8.3241
8.3241
8.3241
8.3241
8.3241
8.3241
8.3241
8.3241
7.91244
7.91244
7.91244
7.91244
7.91244
7.91244
7.91244
7.91244
7.56382
7.56382
7.56382
7.56382
7.56382
7.56382
7.56382
7.56382
7.84884
7.84884
7.84884
7.84884
7.84884
7.84884
7.84884
7.84884
8.34567
8.34567
8.34567
8.34567
8.34567
8.34567
8.34567
8.34567
8.86801
8.86801
8.86801
8.86801
8.86801
8.86801
8.86801
8.86801
9.37499
9.37499
9.37499
9.37499
9.37499
9.37499
9.37499
9.37499
9.82139
9.82139
9.82139
9.82139
9.82139
9.82139
9.82139
9.82139
10.1638
10.1638
10.1638
10.1638
10.1638
10.1638
10.1638
10.1638
10.3674
10.3674
10.3674
10.3674
10.3674
10.3674
10.3674
10.3674
10.4124
10.4124
10.4124
10.4124
10.4124
10.4124
10.4124
10.4124
10.2979
10.2979
10.2979
10.2979
10.2979
10.2979
10.2979
10.2979
10.0415
10.0415
10.0415
10.0415
10.0415
10.0415
10.0415
10.0415
9.67527
9.67527
9.67527
9.67527
9.67527
9.67527
9.67527
9.67527
9.23972
9.23972
9.23972
9.23972
9.23972
9.23972
9.23972
9.23972
8.7767
8.7767
8.7767
8.7767
8.7767
8.7767
8.7767
8.7767
8.3241
8.3241
8.3241
8.3241
8.3241
8.3241
8.3241
8.3241
7.91244
7.91244
7.91244
7.91244
7.91244
7.91244
7.91244
7.91244
7.56382
7.56382
7.56382
7.56382
7.56382
7.56382
7.56382
7.56382
7.84884
7.84884
7.84884
7.84884
7.84884
7.84884
7.84884
7.84884
8.34567
8.34567
8.34567
8.34567
8.34567
8.34567
8.34567
8.34567
8.86801
8.86801
8.86801
8.86801
8.86801
8.86801
8.86801
8.86801
9.37499
9.37499
9.37499
9.37499
9.37499
9.37499
9.37499
9.37499
9.82139
9.82139
9.82139
9.82139
9.82139
9.82139
9.82139
9.82139
10.1638
10.1638
10.1638
10.1638
10.1638
10.1638
10.1638
10.1638
10.3674
10.3674
10.3674
10.3674
10.3674
10.3674
10.3674
10.3674
10.4124
10.4124
10.4124
10.4124
10.4124
10.4124
10.4124
10.4124
10.2979
10.2979
10.2979
10.2979
10.2979
10.2979
10.2979
10.2979
10.0415
10.0415
10.0415
10.0415
10.0415
10.0415
10.0415
10.0415
9.67527
9.67527
9.67527
9.67527
9.67527
9.67527
9.67527
9.67527
9.23972
9.23972
9.23972
9.23972
9.23972
9.23972
9.23972
9.23972
8.7767
8.7767
8.7767
8.7767
8.7767
8.7767
8.7767
8.7767
8.3241
8.3241
8.3241
8.3241
8.3241
8.3241
8.3241
8.3241
7.91244
7.91244
7.91244
7.91244
7.91244
7.91244
7.91244
7.91244
7.56382
7.56382
7.56382
7.56382
7.56382
7.56382
7.56382
7.56382
7.84884
7.84884
7.84884
7.84884
7.84884
7.84884
7.84884
7.84884
8.34567
8.34567
8.34567
8.34567
8.34567
8.34567
8.34567
8.34567
8.86801
8.86801
8.86801
8.86801
8.86801
8.86801
8.86801
8.86801
9.37499
9.37499
9.37499
9.37499
9.37499
9.37499
9.37499
9.37499
9.82139
9.82139
9.82139
9.82139
9.82139
9.82139
9.82139
9.82139
10.1638
10.1638
10.1638
10.1638
10.1638
10.1638
10.1638
10.1638
10.3674
10.3674
10.3674
10.3674
10.3674
10.3674
10.3674
10.3674
10.4124
10.4124
10.4124
10.4124
10.4124
10.4124
10.4124
10.4124
10.2979
10.2979
10.2979
10.2979
10.2979
10.2979
10.2979
10.2979
10.0415
10.0415
10.0415
10.0415
10.0415
10.0415
10.0415
10.0415
9.67527
9.67527
9.67527
9.67527
9.67527
9.67527
9.67527
9.67527
9.23972
9.23972
9.23972
9.23972
9.23972
9.23972
9.23972
9.23972
8.7767
8.7767
8.7767
8.7767
8.7767
8.7767
8.7767
8.7767
8.3241
8.3241
8.3241
8.3241
8.3241
8.3241
8.3241
8.3241
7.91244
7.91244
7.91244
7.91244
7.91244
7.91244
7.91244
7.91244
7.56382
7.56382
7.56382
7.56382
7.56382
7.56382
7.56382
7.56382
7.30516
7.30516
7.30516
7.30516
7.30516
7.30516
7.30516
7.30516
7.74917
7.74917
7.74917
7.74917
7.74917
7.74917
7.74917
7.74917
8.22667
8.22667
8.22667
8.22667
8.22667
8.22667
8.22667
8.22667
8.70143
8.70143
8.70143
8.70143
8.70143
8.70143
8.70143
8.70143
9.13283
9.13283
9.13283
9.13283
9.13283
9.13283
9.13283
9.13283
9.48064
9.48064
9.48064
9.48064
9.48064
9.48064
9.48064
9.48064
9.71128
9.71128
9.71128
9.71128
9.71128
9.71128
9.71128
9.71128
9.80376
9.80376
9.80376
9.80376
9.80376
9.80376
9.80376
9.80376
9.75342
9.75342
9.75342
9.75342
9.75342
9.75342
9.75342
9.75342
9.57256
9.57256
9.57256
9.57256
9.57256
9.57256
9.57256
9.57256
9.28752
9.28752
9.28752
9.28752
9.28752
9.28752
9.28752
9.28752
8.93338
8.93338
8.93338
8.93338
8.93338
8.93338
8.93338
8.93338
8.5479
8.5479
8.5479
8.5479
8.5479
8.5479
8.5479
8.5479
8.16647
8.16647
8.16647
8.16647
8.16647
8.16647
8.16647
8.16647
7.81859
7.81859
7.81859
7.81859
7.81859
7.81859
7.81859
7.81859
7.52658
7.52658
7.52658
7.52658
7.52658
7.52658
7.52658
7.52658
7.30516
7.30516
7.30516
7.30516
7.30516
7.30516
7.30516
7.30516
7.74917
7.74917
7.74917
7.74917
7.74917
7.74917
7.74917
7.74917
8.22667
8.22667
8.22667
8.22667
8.22667
8.22667
8.22667
8.22667
8.70143
8.70143
8.70143
8.70143
8.70143
8.70143
8.70143
8.70143
9.13283
9.13283
9.13283
9.13283
9.13283
9.13283
9.13283
9.13283
9.48064
9.48064
9.48064
9.48064
9.48064
9.48064
9.48064
9.48064
9.71128
9.71128
9.71128
9.71128
9.71128
9.71128
9.71128
9.71128
9.80376
9.80376
9.80376
9.80376
9.80376
9.80376
9.80376
9.80376
9.75342
9.75342
9.75342
9.75342
9.75342
9.75342
9.75342
9.75342
9.57256
9.57256
9.57256
9.57256
9.57256
9.57256
9.57256
9.57256
9.28752
9.28752
9.28752
9.28752
9.28752
9.28752
9.28752
9.28752
8.93338
8.93338
8.93338
8.93338
8.93338
8.93338
8.93338
8.93338
8.5479
8.5479
8.5479
8.5479
8.5479
8.5479
8.5479
8.5479
8.16647
8.16647
8.16647
8.16647
8.16647
8.16647
8.16647
8.16647
7.81859
7.81859
7.81859
7.81859
7.81859
7.81859
7.81859
7.81859
7.52658
7.52658
7.52658
7.52658
7.52658
7.52658
7.52658
7.52658
7.30516
7.30516
7.30516
7.30516
7.30516
7.30516
7.30516
7.30516
7.74917
7.74917
7.74917
7.74917
7.74917
7.74917
7.74917
7.74917
8.22667
8.22667
8.22667
8.22667
8.22667
8.22667
8.22667
8.22667
8.70143
8.70143
8.70143
8.70143
8.70143
8.70143
8.70143
8.70143
9.13283
9.13283
9.13283
9.13283
9.13283
9.13283
9.13283
9.13283
9.48064
9.48064
9.48064
9.48064
9.48064
9.48064
9.48064
9.48064
9.71128
9.71128
9.71128
9.71128
9.71128
9.71128
9.71128
9.71128
9.80376
9.80376
9.80376
9.80376
9.80376
9.80376
9.80376
9.80376
9.75342
9.75342
9.75342
9.75342
9.75342
9.75342
9.75342
9.75342
9.57256
9.57256
9.57256
9.57256
9.57256
9.57256
9.57256
9.57256
9.28752
9.28752
9.28752
9.28752
9.28752
9.28752
9.28752
9.28752
8.93338
8.93338
8.93338
8.93338
8.93338
8.93338
8.93338
8.93338
8.5479
8.5479
8.5479
8.5479
8.5479
8.5479
8.5479
8.5479
8.16647
8.16647
8.16647
8.16647
8.16647
8.16647
8.16647
8.16647
7.81859
7.81859
7.81859
7.81859
7.81859
7.81859
7.81859
7.81859
7.52658
7.52658
7.52658
7.52658
7.52658
7.52658
7.52658
7.52658
7.30516
7.30516
7.30516
7.30516
7.30516
7.30516
7.30516
7.30516
7.74917
7.74917
7.74917
7.74917
7.74917
7.74917
7.74917
7.74917
8.22667
8.22667
8.22667
8.22667
8.22667
8.22667
8.22667
8.22667
8.70143
8.70143
8.70143
8.70143
8.70143
8.70143
8.70143
8.70143
9.13283
9.13283
9.13283
9.13283
9.13283
9.13283
9.13283
9.13283
9.48064
9.48064
9.48064
9.48064
9.48064
9.48064
9.48064
9.48064
9.71128
9.71128
9.71128
9.71128
9.71128
9.71128
9.71128
9.71128
9.80376
9.80376
9.80376
9.80376
9.80376
9.80376
9.80376
9.80376
9.75342
9.75342
9.75342
9.75342
9.75342
9.75342
9.75342
9.75342
9.57256
9.57256
9.57256
9.57256
9.57256
9.57256
9.57256
9.57256
9.28752
9.28752
9.28752
9.28752
9.28752
9.28752
9.28752
9.28752
8.93338
8.93338
8.93338
8.93338
8.93338
8.93338
8.93338
8.93338
8.5479
8.5479
8.5479
8.5479
8.5479
8.5479
8.5479
8.5479
8.16647
8.16647
8.16647
8.16647
8.16647
8.16647
8.16647
8.16647
7.81859
7.81859
7.81859
7.81859
7.81859
7.81859
7.81859
7.81859
7.52658
7.52658
7.52658
7.52658
7.52658
7.52658
7.52658
7.52658
6.85625
6.85625
6.85625
6.85625
6.85625
6.85625
6.85625
6.85625
7.24678
7.24678
7.24678
7.24678
7.24678
7.24678
7.24678
7.24678
7.67555
7.67555
7.67555
7.67555
7.67555
7.67555
7.67555
7.67555
8.11041
8.11041
8.11041
8.11041
8.11041
8.11041
8.11041
8.11041
8.51507
8.51507
8.51507
8.51507
8.51507
8.51507
8.51507
8.51507
8.853
8.853
8.853
8.853
8.853
8.853
8.853
8.853
9.09306
9.09306
9.09306
9.09306
9.09306
9.09306
9.09306
9.09306
9.21433
9.21433
9.21433
9.21433
9.21433
9.21433
9.21433
9.21433
9.21037
9.21037
9.21037
9.21037
9.21037
9.21037
9.21037
9.21037
9.0897
9.0897
9.0897
9.0897
9.0897
9.0897
9.0897
9.0897
8.87393
8.87393
8.87393
8.87393
8.87393
8.87393
8.87393
8.87393
8.59338
8.59338
8.59338
8.59338
8.59338
8.59338
8.59338
8.59338
8.28172
8.28172
8.28172
8.28172
8.28172
8.28172
8.28172
8.28172
7.97142
7.97142
7.97142
7.97142
7.97142
7.97142
7.97142
7.97142
7.69045
7.69045
7.69045
7.69045
7.69045
7.69045
7.69045
7.69045
7.46068
7.46068
7.46068
7.46068
7.46068
7.46068
7.46068
7.46068
6.85625
6.85625
6.85625
6.85625
6.85625
6.85625
6.85625
6.85625
7.24678
7.24678
7.24678
7.24678
7.24678
7.24678
7.24678
7.24678
7.67555
7.67555
7.67555
7.67555
7.67555
7.67555
7.67555
7.67555
8.11041
8.11041
8.11041
8.11041
8.11041
8.11041
8.11041
8.11041
8.51507
8.51507
8.51507
8.51507
8.51507
8.51507
8.51507
8.51507
8.853
8.853
8.853
8.853
8.853
8.853
8.853
8.853
9.09306
9.09306
9.09306
9.09306
9.09306
9.09306
9.09306
9.09306
9.21433
9.21433
9.21433
9.21433
9.21433
9.21433
9.21433
9.21433
9.21037
9.21037
9.21037
9.21037
9.21037
9.21037
9.21037
9.21037
9.0897
9.0897
9.0897
9.0897
9.0897
9.0897
9.0897
9.0897
8.87393
8.87393
8.87393
8.87393
8.87393
8.87393
8.87393
8.87393
8.59338
8.59338
8.59338
8.59338
8.59338
8.59338
8.59338
8.59338
8.28172
8.28172
8.28172
8.28172
8.28172
8.28172
8.28172
8.28172
7.97142
7.97142
7.97142
7.97142
7.97142
7.97142
7.97142
7.97142
7.69045
7.69045
7.69045
7.69045
7.69045
7.69045
7.69045
7.69045
7.46068
7.46068
7.46068
7.46068
7.46068
7.46068
7.46068
7.46068
6.85625
6.85625
6.85625
6.85625
6.85625
6.85625
6.85625
6.85625
7.24678
7.24678
7.24678
7.24678
7.24678
7.24678
7.24678
7.24678
7.67555
7.67555
7.67555
7.67555
7.67555
7.67555
7.67555
7.67555
8.11041
8.11041
8.11041
8.11041
8.11041
8.11041
8.11041
8.11041
8.51507
8.51507
8.51507
8.51507
8.51507
8.51507
8.51507
8.51507
8.853
8.853
8.853
8.853
8.853
8.853
8.853
8.853
9.09306
9.09306
9.09306
9.09306
9.09306
9.09306
9.09306
9.09306
9.21433
9.21433
9.21433
9.21433
9.21433
9.21433
9.21433
9.21433
9.21037
9.21037
9.21037
9.21037
9.21037
9.21037
9.21037
9.21037
9.0897
9.0897
9.0897
9.0897
9.0897
9.0897
9.0897
9.0897
8.87393
8.87393
8.87393
8.87393
8.87393
8.87393
8.87393
8.87393
8.59338
8.59338
8.59338
8.59338
8.59338
8.59338
8.59338
8.59338
8.28172
8.28172
8.28172
8.28172
8.28172
8.28172
8.28172
8.28172
7.97142
7.97142
7.97142
7.97142
7.97142
7.97142
7.97142
7.97142
7.69045
7.69045
7.69045
7.69045
7.69045
7.69045
7.69045
7.69045
7.46068
7.46068
7.46068
7.46068
7.46068
7.46068
7.46068
7.46068
6.85625
6.85625
6.85625
6.85625
6.85625
6.85625
6.85625
6.85625
7.24678
7.24678
7.24678
7.24678
7.24678
7.24678
7.24678
7.24678
7.67555
7.67555
7.67555
7.67555
7.67555
7.67555
7.67555
7.67555
8.11041
8.11041
8.11041
8.11041
8.11041
8.11041
8.11041
8.11041
8.51507
8.51507
8.51507
8.51507
8.51507
8.51507
8.51507
8.51507
8.853
8.853
8.853
8.853
8.853
8.853
8.853
8.853
9.09306
9.09306
9.09306
9.09306
9.09306
9.09306
9.09306
9.09306
9.21433
9.21433
9.21433
9.21433
9.21433
9.21433
9.21433
9.21433
9.21037
9.21037
9.21037
9.21037
9.21037
9.21037
9.21037
9.21037
9.0897
9.0897
9.0897
9.0897
9.0897
9.0897
9.0897
9.0897
8.87393
8.87393
8.87393
8.87393
8.87393
8.87393
8.87393
8.87393
8.59338
8.59338
8.59338
8.59338
8.59338
8.59338
8.59338
8.59338
8.28172
8.28172
8.28172
8.28172
8.28172
8.28172
8.28172
8.28172
7.97142
7.97142
7.97142
7.97142
7.97142
7.97142
7.97142
7.97142
7.69045
7.69045
7.69045
7.69045
7.69045
7.69045
7.69045
7.69045
7.46068
7.46068
7.46068
7.46068
7.46068
7.46068
7.46068
7.46068
6.49567
6.49567
6.49567
6.49567
6.49567
6.49567
6.49567
6.49567
6.833
6.833
6.833
6.833
6.833
6.833
6.833
6.833
7.21078
7.21078
7.21078
7.21078
7.21078
7.21078
7.21078
7.21078
7.60017
7.60017
7.60017
7.60017
7.60017
7.60017
7.60017
7.60017
7.96888
7.96888
7.96888
7.96888
7.96888
7.96888
7.96888
7.96888
8.28428
8.28428
8.28428
8.28428
8.28428
8.28428
8.28428
8.28428
8.51811
8.51811
8.51811
8.51811
8.51811
8.51811
8.51811
8.51811
8.65099
8.65099
8.65099
8.65099
8.65099
8.65099
8.65099
8.65099
8.67592
8.67592
8.67592
8.67592
8.67592
8.67592
8.67592
8.67592
8.59918
8.59918
8.59918
8.59918
8.59918
8.59918
8.59918
8.59918
8.43896
8.43896
8.43896
8.43896
8.43896
8.43896
8.43896
8.43896
8.22144
8.22144
8.22144
8.22144
8.22144
8.22144
8.22144
8.22144
7.97663
7.97663
7.97663
7.97663
7.97663
7.97663
7.97663
7.97663
7.73396
7.73396
7.73396
7.73396
7.73396
7.73396
7.73396
7.73396
7.51949
7.51949
7.51949
7.51949
7.51949
7.51949
7.51949
7.51949
7.35439
7.35439
7.35439
7.35439
7.35439
7.35439
7.35439
7.35439
6.49567
6.49567
6.49567
6.49567
6.49567
6.49567
6.49567
6.49567
6.833
6.833
6.833
6.833
6.833
6.833
6.833
6.833
7.21078
7.21078
7.21078
7.21078
7.21078
7.21078
7.21078
7.21078
7.60017
7.60017
7.60017
7.60017
7.60017
7.60017
7.60017
7.60017
7.96888
7.96888
7.96888
7.96888
7.96888
7.96888
7.96888
7.96888
8.28428
8.28428
8.28428
8.28428
8.28428
8.28428
8.28428
8.28428
8.51811
8.51811
8.51811
8.51811
8.51811
8.51811
8.51811
8.51811
8.65099
8.65099
8.65099
8.65099
8.65099
8.65099
8.65099
8.65099
8.67592
8.67592
8.67592
8.67592
8.67592
8.67592
8.67592
8.67592
8.59918
8.59918
8.59918
8.59918
8.59918
8.59918
8.59918
8.59918
8.43896
8.43896
8.43896
8.43896
8.43896
8.43896
8.43896
8.43896
8.22144
8.22144
8.22144
8.22144
8.22144
8.22144
8.22144
8.22144
7.97663
7.97663
7.97663
7.97663
7.97663
7.97663
7.97663
7.97663
7.73396
7.73396
7.73396
7.73396
7.73396
7.73396
7.73396
7.73396
7.51949
7.51949
7.51949
7.51949
7.51949
7.51949
7.51949
7.51949
7.35439
7.35439
7.35439
7.35439
7.35439
7.35439
7.35439
7.35439
6.49567
6.49567
6.49567
6.49567
6.49567
6.49567
6.49567
6.49567
6.833
6.833
6.833
6.833
6.833
6.833
6.833
6.833
7.21078
7.21078
7.21078
7.21078
7.21078
7.21078
7.21078
7.21078
7.60017
7.60017
7.60017
7.60017
7.60017
7.60017
7.60017
7.60017
7.96888
7.96888
7.96888
7.96888
7.96888
7.96888
7.96888
7.96888
8.28428
8.28428
8.28428
8.28428
8.28428
8.28428
8.28428
8.28428
8.51811
8.51811
8.51811
8.51811
8.51811
8.51811
8.51811
8.51811
8.65099
8.65099
8.65099
8.65099
8.65099
8.65099
8.65099
8.65099
8.67592
8.67592
8.67592
8.67592
8.67592
8.67592
8.67592
8.67592
8.59918
8.59918
8.59918
8.59918
8.59918
8.59918
8.59918
8.59918
8.43896
8.43896
8.43896
8.43896
8.43896
8.43896
8.43896
8.43896
8.22144
8.22144
8.22144
8.22144
8.22144
8.22144
8.22144
8.22144
7.97663
7.97663
7.97663
7.97663
7.97663
7.97663
7.97663
7.97663
7.73396
7.73396
7.73396
7.73396
7.73396
7.73396
7.73396
7.73396
7.51949
7.51949
7.51949
7.51949
7.51949
7.51949
7.51949
7.51949
7.35439
7.35439
7.35439
7.35439
7.35439
7.35439
7.35439
7.35439
6.49567
6.49567
6.49567
6.49567
6.49567
6.49567
6.49567
6.49567
6.833
6.833
6.833
6.833
6.833
6.833
6.833
6.833
7.21078
7.21078
7.21078
7.21078
7.21078
7.21078
7.21078
7.21078
7.60017
7.60017
7.60017
7.60017
7.60017
7.60017
7.60017
7.60017
7.96888
7.96888
7.96888
7.96888
7.96888
7.96888
7.96888
7.96888
8.28428
8.28428
8.28428
8.28428
8.28428
8.28428
8.28428
8.28428
8.51811
8.51811
8.51811
8.51811
8.51811
8.51811
8.51811
8.51811
8.65099
8.65099
8.65099
8.65099
8.65099
8.65099
8.65099
8.65099
8.67592
8.67592
8.67592
8.67592
8.67592
8.67592
8.67592
8.67592
8.59918
8.59918
8.59918
8.59918
8.59918
8.59918
8.59918
8.59918
8.43896
8.43896
8.43896
8.43896
8.43896
8.43896
8.43896
8.43896
8.22144
8.22144
8.22144
8.22144
8.22144
8.22144
8.22144
8.22144
7.97663
7.97663
7.97663
7.97663
7.97663
7.97663
7.97663
7.97663
7.73396
7.73396
7.73396
7.73396
7.73396
7.73396
7.73396
7.73396
7.51949
7.51949
7.51949
7.51949
7.51949
7.51949
7.51949
7.51949
7.35439
7.35439
7.35439
7.35439
7.35439
7.35439
7.35439
7.35439
6.21751
6.21751
6.21751
6.21751
6.21751
6.21751
6.21751
6.21751
6.50254
6.50254
6.50254
6.50254
6.50254
6.50254
6.50254
6.50254
6.82815
6.82815
6.82815
6.82815
6.82815
6.82815
6.82815
6.82815
7.16828
7.16828
7.16828
7.16828
7.16828
7.16828
7.16828
7.16828
7.49409
7.49409
7.49409
7.49409
7.49409
7.49409
7.49409
7.49409
7.77671
7.77671
7.77671
7.77671
7.77671
7.77671
7.77671
7.77671
7.99119
7.99119
7.99119
7.99119
7.99119
7.99119
7.99119
7.99119
8.12036
8.12036
8.12036
8.12036
8.12036
8.12036
8.12036
8.12036
8.15784
8.15784
8.15784
8.15784
8.15784
8.15784
8.15784
8.15784
8.10901
8.10901
8.10901
8.10901
8.10901
8.10901
8.10901
8.10901
7.98957
7.98957
7.98957
7.98957
7.98957
7.98957
7.98957
7.98957
7.82266
7.82266
7.82266
7.82266
7.82266
7.82266
7.82266
7.82266
7.63493
7.63493
7.63493
7.63493
7.63493
7.63493
7.63493
7.63493
7.45311
7.45311
7.45311
7.45311
7.45311
7.45311
7.45311
7.45311
7.30123
7.30123
7.30123
7.30123
7.30123
7.30123
7.30123
7.30123
7.19948
7.19948
7.19948
7.19948
7.19948
7.19948
7.19948
7.19948
6.21751
6.21751
6.21751
6.21751
6.21751
6.21751
6.21751
6.21751
6.50254
6.50254
6.50254
6.50254
6.50254
6.50254
6.50254
6.50254
6.82815
6.82815
6.82815
6.82815
6.82815
6.82815
6.82815
6.82815
7.16828
7.16828
7.16828
7.16828
7.16828
7.16828
7.16828
7.16828
7.49409
7.49409
7.49409
7.49409
7.49409
7.49409
7.49409
7.49409
7.77671
7.77671
7.77671
7.77671
7.77671
7.77671
7.77671
7.77671
7.99119
7.99119
7.99119
7.99119
7.99119
7.99119
7.99119
7.99119
8.12036
8.12036
8.12036
8.12036
8.12036
8.12036
8.12036
8.12036
8.15784
8.15784
8.15784
8.15784
8.15784
8.15784
8.15784
8.15784
8.10901
8.10901
8.10901
8.10901
8.10901
8.10901
8.10901
8.10901
7.98957
7.98957
7.98957
7.98957
7.98957
7.98957
7.98957
7.98957
7.82266
7.82266
7.82266
7.82266
7.82266
7.82266
7.82266
7.82266
7.63493
7.63493
7.63493
7.63493
7.63493
7.63493
7.63493
7.63493
7.45311
7.45311
7.45311
7.45311
7.45311
7.45311
7.45311
7.45311
7.30123
7.30123
7.30123
7.30123
7.30123
7.30123
7.30123
7.30123
7.19948
7.19948
7.19948
7.19948
7.19948
7.19948
7.19948
7.19948
6.21751
6.21751
6.21751
6.21751
6.21751
6.21751
6.21751
6.21751
6.50254
6.50254
6.50254
6.50254
6.50254
6.50254
6.50254
6.50254
6.82815
6.82815
6.82815
6.82815
6.82815
6.82815
6.82815
6.82815
7.16828
7.16828
7.16828
7.16828
7.16828
7.16828
7.16828
7.16828
7.49409
7.49409
7.49409
7.49409
7.49409
7.49409
7.49409
7.49409
7.77671
7.77671
7.77671
7.77671
7.77671
7.77671
7.77671
7.77671
7.99119
7.99119
7.99119
7.99119
7.99119
7.99119
7.99119
7.99119
8.12036
8.12036
8.12036
8.12036
8.12036
8.12036
8.12036
8.12036
8.15784
8.15784
8.15784
8.15784
8.15784
8.15784
8.15784
8.15784
8.10901
8.10901
8.10901
8.10901
8.10901
8.10901
8.10901
8.10901
7.98957
7.98957
7.98957
7.98957
7.98957
7.98957
7.98957
7.98957
7.82266
7.82266
7.82266
7.82266
7.82266
7.82266
7.82266
7.82266
7.63493
7.63493
7.63493
7.63493
7.63493
7.63493
7.63493
7.63493
7.45311
7.45311
7.45311
7.45311
7.45311
7.45311
7.45311
7.45311
7.30123
7.30123
7.30123
7.30123
7.30123
7.30123
7.30123
7.30123
7.19948
7.19948
7.19948
7.19948
7.19948
7.19948
7.19948
7.19948
6.21751
6.21751
6.21751
6.21751
6.21751
6.21751
6.21751
6.21751
6.50254
6.50254
6.50254
6.50254
6.50254
6.50254
6.50254
6.50254
6.82815
6.82815
6.82815
6.82815
6.82815
6.82815
6.82815
6.82815
7.16828
7.16828
7.16828
7.16828
7.16828
7.16828
7.16828
7.16828
7.49409
7.49409
7.49409
7.49409
7.49409
7.49409
7.49409
7.49409
7.77671
7.77671
7.77671
7.77671
7.77671
7.77671
7.77671
7.77671
7.99119
7.99119
7.99119
7.99119
7.99119
7.99119
7.99119
7.99119
8.12036
8.12036
8.12036
8.12036
8.12036
8.12036
8.12036
8.12036
8.15784
8.15784
8.15784
8.15784
8.15784
8.15784
8.15784
8.15784
8.10901
8.10901
8.10901
8.10901
8.10901
8.10901
8.10901
8.10901
7.98957
7.98957
7.98957
7.98957
7.98957
7.98957
7.98957
7.98957
7.82266
7.82266
7.82266
7.82266
7.82266
7.82266
7.82266
7.82266
7.63493
7.63493
7.63493
7.63493
7.63493
7.63493
7.63493
7.63493
7.45311
7.45311
7.45311
7.45311
7.45311
7.45311
7.45311
7.45311
7.30123
7.30123
7.30123
7.30123
7.30123
7.30123
7.30123
7.30123
7.19948
7.19948
7.19948
7.19948
7.19948
7.19948
7.19948
7.19948
6.0167
6.0167
6.0167
6.0167
6.0167
6.0167
6.0167
6.0167
6.25062
6.25062
6.25062
6.25062
6.25062
6.25062
6.25062
6.25062
6.52368
6.52368
6.52368
6.52368
6.52368
6.52368
6.52368
6.52368
6.81208
6.81208
6.81208
6.81208
6.81208
6.81208
6.81208
6.81208
7.08995
7.08995
7.08995
7.08995
7.08995
7.08995
7.08995
7.08995
7.33188
7.33188
7.33188
7.33188
7.33188
7.33188
7.33188
7.33188
7.51629
7.51629
7.51629
7.51629
7.51629
7.51629
7.51629
7.51629
7.62876
7.62876
7.62876
7.62876
7.62876
7.62876
7.62876
7.62876
7.6643
7.6643
7.6643
7.6643
7.6643
7.6643
7.6643
7.6643
7.62823
7.62823
7.62823
7.62823
7.62823
7.62823
7.62823
7.62823
7.5349
7.5349
7.5349
7.5349
7.5349
7.5349
7.5349
7.5349
7.40516
7.40516
7.40516
7.40516
7.40516
7.40516
7.40516
7.40516
7.26294
7.26294
7.26294
7.26294
7.26294
7.26294
7.26294
7.26294
7.13249
7.13249
7.13249
7.13249
7.13249
7.13249
7.13249
7.13249
7.03602
7.03602
7.03602
7.03602
7.03602
7.03602
7.03602
7.03602
6.99252
6.99252
6.99252
6.99252
6.99252
6.99252
6.99252
6.99252
6.0167
6.0167
6.0167
6.0167
6.0167
6.0167
6.0167
6.0167
6.25062
6.25062
6.25062
6.25062
6.25062
6.25062
6.25062
6.25062
6.52368
6.52368
6.52368
6.52368
6.52368
6.52368
6.52368
6.52368
6.81208
6.81208
6.81208
6.81208
6.81208
6.81208
6.81208
6.81208
7.08995
7.08995
7.08995
7.08995
7.08995
7.08995
7.08995
7.08995
7.33188
7.33188
7.33188
7.33188
7.33188
7.33188
7.33188
7.33188
7.51629
7.51629
7.51629
7.51629
7.51629
7.51629
7.51629
7.51629
7.62876
7.62876
7.62876
7.62876
7.62876
7.62876
7.62876
7.62876
7.6643
7.6643
7.6643
7.6643
7.6643
7.6643
7.6643
7.6643
7.62823
7.62823
7.62823
7.62823
7.62823
7.62823
7.62823
7.62823
7.5349
7.5349
7.5349
7.5349
7.5349
7.5349
7.5349
7.5349
7.40516
7.40516
7.40516
7.40516
7.40516
7.40516
7.40516
7.40516
7.26294
7.26294
7.26294
7.26294
7.26294
7.26294
7.26294
7.26294
7.13249
7.13249
7.13249
7.13249
7.13249
7.13249
7.13249
7.13249
7.03602
7.03602
7.03602
7.03602
7.03602
7.03602
7.03602
7.03602
6.99252
6.99252
6.99252
6.99252
6.99252
6.99252
6.99252
6.99252
6.0167
6.0167
6.0167
6.0167
6.0167
6.0167
6.0167
6.0167
6.25062
6.25062
6.25062
6.25062
6.25062
6.25062
6.25062
6.25062
6.52368
6.52368
6.52368
6.52368
6.52368
6.52368
6.52368
6.52368
6.81208
6.81208
6.81208
6.81208
6.81208
6.81208
6.81208
6.81208
7.08995
7.08995
7.08995
7.08995
7.08995
7.08995
7.08995
7.08995
7.33188
7.33188
7.33188
7.33188
7.33188
7.33188
7.33188
7.33188
7.51629
7.51629
7.51629
7.51629
7.51629
7.51629
7.51629
7.51629
7.62876
7.62876
7.62876
7.62876
7.62876
7.62876
7.62876
7.62876
7.6643
7.6643
7.6643
7.6643
7.6643
7.6643
7.6643
7.6643
7.62823
7.62823
7.62823
7.62823
7.62823
7.62823
7.62823
7.62823
7.5349
7.5349
7.5349
7.5349
7.5349
7.5349
7.5349
7.5349
7.40516
7.40516
7.40516
7.40516
7.40516
7.40516
7.40516
7.40516
7.26294
7.26294
7.26294
7.26294
7.26294
7.26294
7.26294
7.26294
7.13249
7.13249
7.13249
7.13249
7.13249
7.13249
7.13249
7.13249
7.03602
7.03602
7.03602
7.03602
7.03602
7.03602
7.03602
7.03602
6.99252
6.99252
6.99252
6.99252
6.99252
6.99252
6.99252
6.99252
6.0167
6.0167
6.0167
6.0167
6.0167
6.0167
6.0167
6.0167
6.25062
6.25062
6.25062
6.25062
6.25062
6.25062
6.25062
6.25062
6.52368
6.52368
6.52368
6.52368
6.52368
6.52368
6.52368
6.52368
6.81208
6.81208
6.81208
6.81208
6.81208
6.81208
6.81208
6.81208
7.08995
7.08995
7.08995
7.08995
7.08995
7.08995
7.08995
7.08995
7.33188
7.33188
7.33188
7.33188
7.33188
7.33188
7.33188
7.33188
7.51629
7.51629
7.51629
7.51629
7.51629
7.51629
7.51629
7.51629
7.62876
7.62876
7.62876
7.62876
7.62876
7.62876
7.62876
7.62876
7.6643
7.6643
7.6643
7.6643
7.6643
7.6643
7.6643
7.6643
7.62823
7.62823
7.62823
7.62823
7.62823
7.62823
7.62823
7.62823
7.5349
7.5349
7.5349
7.5349
7.5349
7.5349
7.5349
7.5349
7.40516
7.40516
7.40516
7.40516
7.40516
7.40516
7.40516
7.40516
7.26294
7.26294
7.26294
7.26294
7.26294
7.26294
7.26294
7.26294
7.13249
7.13249
7.13249
7.13249
7.13249
7.13249
7.13249
7.13249
7.03602
7.03602
7.03602
7.03602
7.03602
7.03602
7.03602
7.03602
6.99252
6.99252
6.99252
6.99252
6.99252
6.99252
6.99252
6.99252
5.88923
5.88923
5.88923
5.88923
5.88923
5.88923
5.88923
5.88923
6.07329
6.07329
6.07329
6.07329
6.07329
6.07329
6.07329
6.07329
6.29399
6.29399
6.29399
6.29399
6.29399
6.29399
6.29399
6.29399
6.52919
6.52919
6.52919
6.52919
6.52919
6.52919
6.52919
6.52919
6.75555
6.75555
6.75555
6.75555
6.75555
6.75555
6.75555
6.75555
6.95085
6.95085
6.95085
6.95085
6.95085
6.95085
6.95085
6.95085
7.09688
7.09688
7.09688
7.09688
7.09688
7.09688
7.09688
7.09688
7.18201
7.18201
7.18201
7.18201
7.18201
7.18201
7.18201
7.18201
7.20325
7.20325
7.20325
7.20325
7.20325
7.20325
7.20325
7.20325
7.16655
7.16655
7.16655
7.16655
7.16655
7.16655
7.16655
7.16655
7.0856
7.0856
7.0856
7.0856
7.0856
7.0856
7.0856
7.0856
6.97961
6.97961
6.97961
6.97961
6.97961
6.97961
6.97961
6.97961
6.87044
6.87044
6.87044
6.87044
6.87044
6.87044
6.87044
6.87044
6.7802
6.7802
6.7802
6.7802
6.7802
6.7802
6.7802
6.7802
6.72937
6.72937
6.72937
6.72937
6.72937
6.72937
6.72937
6.72937
6.73597
6.73597
6.73597
6.73597
6.73597
6.73597
6.73597
6.73597
5.88923
5.88923
5.88923
5.88923
5.88923
5.88923
5.88923
5.88923
6.07329
6.07329
6.07329
6.07329
6.07329
6.07329
6.07329
6.07329
6.29399
6.29399
6.29399
6.29399
6.29399
6.29399
6.29399
6.29399
6.52919
6.52919
6.52919
6.52919
6.52919
6.52919
6.52919
6.52919
6.75555
6.75555
6.75555
6.75555
6.75555
6.75555
6.75555
6.75555
6.95085
6.95085
6.95085
6.95085
6.95085
6.95085
6.95085
6.95085
7.09688
7.09688
7.09688
7.09688
7.09688
7.09688
7.09688
7.09688
7.18201
7.18201
7.18201
7.18201
7.18201
7.18201
7.18201
7.18201
7.20325
7.20325
7.20325
7.20325
7.20325
7.20325
7.20325
7.20325
7.16655
7.16655
7.16655
7.16655
7.16655
7.16655
7.16655
7.16655
7.0856
7.0856
7.0856
7.0856
7.0856
7.0856
7.0856
7.0856
6.97961
6.97961
6.97961
6.97961
6.97961
6.97961
6.97961
6.97961
6.87044
6.87044
6.87044
6.87044
6.87044
6.87044
6.87044
6.87044
6.7802
6.7802
6.7802
6.7802
6.7802
6.7802
6.7802
6.7802
6.72937
6.72937
6.72937
6.72937
6.72937
6.72937
6.72937
6.72937
6.73597
6.73597
6.73597
6.73597
6.73597
6.73597
6.73597
6.73597
5.88923
5.88923
5.88923
5.88923
5.88923
5.88923
5.88923
5.88923
6.07329
6.07329
6.07329
6.07329
6.07329
6.07329
6.07329
6.07329
6.29399
6.29399
6.29399
6.29399
6.29399
6.29399
6.29399
6.29399
6.52919
6.52919
6.52919
6.52919
6.52919
6.52919
6.52919
6.52919
6.75555
6.75555
6.75555
6.75555
6.75555
6.75555
6.75555
6.75555
6.95085
6.95085
6.95085
6.95085
6.95085
6.95085
6.95085
6.95085
7.09688
7.09688
7.09688
7.09688
7.09688
7.09688
7.09688
7.09688
7.18201
7.18201
7.18201
7.18201
7.18201
7.18201
7.18201
7.18201
7.20325
7.20325
7.20325
7.20325
7.20325
7.20325
7.20325
7.20325
7.16655
7.16655
7.16655
7.16655
7.16655
7.16655
7.16655
7.16655
7.0856
7.0856
7.0856
7.0856
7.0856
7.0856
7.0856
7.0856
6.97961
6.97961
6.97961
6.97961
6.97961
6.97961
6.97961
6.97961
6.87044
6.87044
6.87044
6.87044
6.87044
6.87044
6.87044
6.87044
6.7802
6.7802
6.7802
6.7802
6.7802
6.7802
6.7802
6.7802
6.72937
6.72937
6.72937
6.72937
6.72937
6.72937
6.72937
6.72937
6.73597
6.73597
6.73597
6.73597
6.73597
6.73597
6.73597
6.73597
5.88923
5.88923
5.88923
5.88923
5.88923
5.88923
5.88923
5.88923
6.07329
6.07329
6.07329
6.07329
6.07329
6.07329
6.07329
6.07329
6.29399
6.29399
6.29399
6.29399
6.29399
6.29399
6.29399
6.29399
6.52919
6.52919
6.52919
6.52919
6.52919
6.52919
6.52919
6.52919
6.75555
6.75555
6.75555
6.75555
6.75555
6.75555
6.75555
6.75555
6.95085
6.95085
6.95085
6.95085
6.95085
6.95085
6.95085
6.95085
7.09688
7.09688
7.09688
7.09688
7.09688
7.09688
7.09688
7.09688
7.18201
7.18201
7.18201
7.18201
7.18201
7.18201
7.18201
7.18201
7.20325
7.20325
7.20325
7.20325
7.20325
7.20325
7.20325
7.20325
7.16655
7.16655
7.16655
7.16655
7.16655
7.16655
7.16655
7.16655
7.0856
7.0856
7.0856
7.0856
7.0856
7.0856
7.0856
7.0856
6.97961
6.97961
6.97961
6.97961
6.97961
6.97961
6.97961
6.97961
6.87044
6.87044
6.87044
6.87044
6.87044
6.87044
6.87044
6.87044
6.7802
6.7802
6.7802
6.7802
6.7802
6.7802
6.7802
6.7802
6.72937
6.72937
6.72937
6.72937
6.72937
6.72937
6.72937
6.72937
6.73597
6.73597
6.73597
6.73597
6.73597
6.73597
6.73597
6.73597
