8192
8.41783
8.41783
8.41783
8.41783
8.41783
8.41783
8.41783
8.41783
8.34535
8.34535
8.34535
8.34535
8.34535
8.34535
8.34535
8.34535
8.42
8.42
8.42
8.42
8.42
8.42
8.42
8.42
8.63382
8.63382
8.63382
8.63382
8.63382
8.63382
8.63382
8.63382
8.97724
8.97724
8.97724
8.97724
8.97724
8.97724
8.97724
8.97724
9.43801
9.43801
9.43801
9.43801
9.43801
9.43801
9.43801
9.43801
9.99982
9.99982
9.99982
9.99982
9.99982
9.99982
9.99982
9.99982
10.6416
10.6416
10.6416
10.6416
10.6416
10.6416
10.6416
10.6416
11.3377
11.3377
11.3377
11.3377
11.3377
11.3377
11.3377
11.3377
12.0595
12.0595
12.0595
12.0595
12.0595
12.0595
12.0595
12.0595
12.7786
12.7786
12.7786
12.7786
12.7786
12.7786
12.7786
12.7786
13.4714
13.4714
13.4714
13.4714
13.4714
13.4714
13.4714
13.4714
14.1228
14.1228
14.1228
14.1228
14.1228
14.1228
14.1228
14.1228
14.7303
14.7303
14.7303
14.7303
14.7303
14.7303
14.7303
14.7303
15.3059
15.3059
15.3059
15.3059
15.3059
15.3059
15.3059
15.3059
15.8761
15.8761
15.8761
15.8761
15.8761
15.8761
15.8761
15.8761
8.41783
8.41783
8.41783
8.41783
8.41783
8.41783
8.41783
8.41783
8.34535
8.34535
8.34535
8.34535
8.34535
8.34535
8.34535
8.34535
8.42
8.42
8.42
8.42
8.42
8.42
8.42
8.42
8.63382
8.63382
8.63382
8.63382
8.63382
8.63382
8.63382
8.63382
8.97724
8.97724
8.97724
8.97724
8.97724
8.97724
8.97724
8.97724
9.43801
9.43801
9.43801
9.43801
9.43801
9.43801
9.43801
9.43801
9.99982
9.99982
9.99982
9.99982
9.99982
9.99982
9.99982
9.99982
10.6416
10.6416
10.6416
10.6416
10.6416
10.6416
10.6416
10.6416
11.3377
11.3377
11.3377
11.3377
11.3377
11.3377
11.3377
11.3377
12.0595
12.0595
12.0595
12.0595
12.0595
12.0595
12.0595
12.0595
12.7786
12.7786
12.7786
12.7786
12.7786
12.7786
12.7786
12.7786
13.4714
13.4714
13.4714
13.4714
13.4714
13.4714
13.4714
13.4714
14.1228
14.1228
14.1228
14.1228
14.1228
14.1228
14.1228
14.1228
14.7303
14.7303
14.7303
14.7303
14.7303
14.7303
14.7303
14.7303
15.3059
15.3059
15.3059
15.3059
15.3059
15.3059
15.3059
15.3059
15.8761
15.8761
15.8761
15.8761
15.8761
15.8761
15.8761
15.8761
8.41783
8.41783
8.41783
8.41783
8.41783
8.41783
8.41783
8.41783
8.34535
8.34535
8.34535
8.34535
8.34535
8.34535
8.34535
8.34535
8.42
8.42
8.42
8.42
8.42
8.42
8.42
8.42
8.63382
8.63382
8.63382
8.63382
8.63382
8.63382
8.63382
8.63382
8.97724
8.97724
8.97724
8.97724
8.97724
8.97724
8.97724
8.97724
9.43801
9.43801
9.43801
9.43801
9.43801
9.43801
9.43801
9.43801
9.99982
9.99982
9.99982
9.99982
9.99982
9.99982
9.99982
9.99982
10.6416
10.6416
10.6416
10.6416
10.6416
10.6416
10.6416
10.6416
11.3377
11.3377
11.3377
11.3377
11.3377
11.3377
11.3377
11.3377
12.0595
12.0595
12.0595
12.0595
12.0595
12.0595
12.0595
12.0595
12.7786
12.7786
12.7786
12.7786
12.7786
12.7786
12.7786
12.7786
13.4714
13.4714
13.4714
13.4714
13.4714
13.4714
13.4714
13.4714
14.1228
14.1228
14.1228
14.1228
14.1228
14.1228
14.1228
14.1228
14.7303
14.7303
14.7303
14.7303
14.7303
14.7303
14.7303
14.7303
15.3059
15.3059
15.3059
15.3059
15.3059
15.3059
15.3059
15.3059
15.8761
15.8761
15.8761
15.8761
15.8761
15.8761
15.8761
15.8761
8.41783
8.41783
8.41783
8.41783
8.41783
8.41783
8.41783
8.41783
8.34535
8.34535
8.34535
8.34535
8.34535
8.34535
8.34535
8.34535
8.42
8.42
8.42
8.42
8.42
8.42
8.42
8.42
8.63382
8.63382
8.63382
8.63382
8.63382
8.63382
8.63382
8.63382
8.97724
8.97724
8.97724
8.97724
8.97724
8.97724
8.97724
8.97724
9.43801
9.43801
9.43801
9.43801
9.43801
9.43801
9.43801
9.43801
9.99982
9.99982
9.99982
9.99982
9.99982
9.99982
9.99982
9.99982
10.6416
10.6416
10.6416
10.6416
10.6416
10.6416
10.6416
10.6416
11.3377
11.3377
11.3377
11.3377
11.3377
11.3377
11.3377
11.3377
12.0595
12.0595
12.0595
12.0595
12.0595
12.0595
12.0595
12.0595
12.7786
12.7786
12.7786
12.7786
12.7786
12.7786
12.7786
12.7786
13.4714
13.4714
13.4714
13.4714
13.4714
13.4714
13.4714
13.4714
14.1228
14.1228
14.1228
14.1228
14.1228
14.1228
14.1228
14.1228
14.7303
14.7303
14.7303
14.7303
14.7303
14.7303
14.7303
14.7303
15.3059
15.3059
15.3059
15.3059
15.3059
15.3059
15.3059
15.3059
15.8761
15.8761
15.8761
15.8761
15.8761
15.8761
15.8761
15.8761
8.07141
8.07141
8.07141
8.07141
8.07141
8.07141
8.07141
8.07141
7.93865
7.93865
7.93865
7.93865
7.93865
7.93865
7.93865
7.93865
7.94312
7.94312
7.94312
7.94312
7.94312
7.94312
7.94312
7.94312
8.07651
8.07651
8.07651
8.07651
8.07651
8.07651
8.07651
8.07651
8.32915
8.32915
8.32915
8.32915
8.32915
8.32915
8.32915
8.32915
8.68943
8.68943
8.68943
8.68943
8.68943
8.68943
8.68943
8.68943
9.14265
9.14265
9.14265
9.14265
9.14265
9.14265
9.14265
9.14265
9.67049
9.67049
9.67049
9.67049
9.67049
9.67049
9.67049
9.67049
10.2513
10.2513
10.2513
10.2513
10.2513
10.2513
10.2513
10.2513
10.8613
10.8613
10.8613
10.8613
10.8613
10.8613
10.8613
10.8613
11.4773
11.4773
11.4773
11.4773
11.4773
11.4773
11.4773
11.4773
12.08
12.08
12.08
12.08
12.08
12.08
12.08
12.08
12.6576
12.6576
12.6576
12.6576
12.6576
12.6576
12.6576
12.6576
13.209
13.209
13.209
13.209
13.209
13.209
13.209
13.209
13.7458
13.7458
13.7458
13.7458
13.7458
13.7458
13.7458
13.7458
14.2918
14.2918
14.2918
14.2918
14.2918
14.2918
14.2918
14.2918
8.07141
8.07141
8.07141
8.07141
8.07141
8.07141
8.07141
8.07141
7.93865
7.93865
7.93865
7.93865
7.93865
7.93865
7.93865
7.93865
7.94312
7.94312
7.94312
7.94312
7.94312
7.94312
7.94312
7.94312
8.07651
8.07651
8.07651
8.07651
8.07651
8.07651
8.07651
8.07651
8.32915
8.32915
8.32915
8.32915
8.32915
8.32915
8.32915
8.32915
8.68943
8.68943
8.68943
8.68943
8.68943
8.68943
8.68943
8.68943
9.14265
9.14265
9.14265
9.14265
9.14265
9.14265
9.14265
9.14265
9.67049
9.67049
9.67049
9.67049
9.67049
9.67049
9.67049
9.67049
10.2513
10.2513
10.2513
10.2513
10.2513
10.2513
10.2513
10.2513
10.8613
10.8613
10.8613
10.8613
10.8613
10.8613
10.8613
10.8613
11.4773
11.4773
11.4773
11.4773
11.4773
11.4773
11.4773
11.4773
12.08
12.08
12.08
12.08
12.08
12.08
12.08
12.08
12.6576
12.6576
12.6576
12.6576
12.6576
12.6576
12.6576
12.6576
13.209
13.209
13.209
13.209
13.209
13.209
13.209
13.209
13.7458
13.7458
13.7458
13.7458
13.7458
13.7458
13.7458
13.7458
14.2918
14.2918
14.2918
14.2918
14.2918
14.2918
14.2918
14.2918
8.07141
8.07141
8.07141
8.07141
8.07141
8.07141
8.07141
8.07141
7.93865
7.93865
7.93865
7.93865
7.93865
7.93865
7.93865
7.93865
7.94312
7.94312
7.94312
7.94312
7.94312
7.94312
7.94312
7.94312
8.07651
8.07651
8.07651
8.07651
8.07651
8.07651
8.07651
8.07651
8.32915
8.32915
8.32915
8.32915
8.32915
8.32915
8.32915
8.32915
8.68943
8.68943
8.68943
8.68943
8.68943
8.68943
8.68943
8.68943
9.14265
9.14265
9.14265
9.14265
9.14265
9.14265
9.14265
9.14265
9.67049
9.67049
9.67049
9.67049
9.67049
9.67049
9.67049
9.67049
10.2513
10.2513
10.2513
10.2513
10.2513
10.2513
10.2513
10.2513
10.8613
10.8613
10.8613
10.8613
10.8613
10.8613
10.8613
10.8613
11.4773
11.4773
11.4773
11.4773
11.4773
11.4773
11.4773
11.4773
12.08
12.08
12.08
12.08
12.08
12.08
12.08
12.08
12.6576
12.6576
12.6576
12.6576
12.6576
12.6576
12.6576
12.6576
13.209
13.209
13.209
13.209
13.209
13.209
13.209
13.209
13.7458
13.7458
13.7458
13.7458
13.7458
13.7458
13.7458
13.7458
14.2918
14.2918
14.2918
14.2918
14.2918
14.2918
14.2918
14.2918
8.07141
8.07141
8.07141
8.07141
8.07141
8.07141
8.07141
8.07141
7.93865
7.93865
7.93865
7.93865
7.93865
7.93865
7.93865
7.93865
7.94312
7.94312
7.94312
7.94312
7.94312
7.94312
7.94312
7.94312
8.07651
8.07651
8.07651
8.07651
8.07651
8.07651
8.07651
8.07651
8.32915
8.32915
8.32915
8.32915
8.32915
8.32915
8.32915
8.32915
8.68943
8.68943
8.68943
8.68943
8.68943
8.68943
8.68943
8.68943
9.14265
9.14265
9.14265
9.14265
9.14265
9.14265
9.14265
9.14265
9.67049
9.67049
9.67049
9.67049
9.67049
9.67049
9.67049
9.67049
10.2513
10.2513
10.2513
10.2513
10.2513
10.2513
10.2513
10.2513
10.8613
10.8613
10.8613
10.8613
10.8613
10.8613
10.8613
10.8613
11.4773
11.4773
11.4773
11.4773
11.4773
11.4773
11.4773
11.4773
12.08
12.08
12.08
12.08
12.08
12.08
12.08
12.08
12.6576
12.6576
12.6576
12.6576
12.6576
12.6576
12.6576
12.6576
13.209
13.209
13.209
13.209
13.209
13.209
13.209
13.209
13.7458
13.7458
13.7458
13.7458
13.7458
13.7458
13.7458
13.7458
14.2918
14.2918
14.2918
14.2918
14.2918
14.2918
14.2918
14.2918
7.79432
7.79432
7.79432
7.79432
7.79432
7.79432
7.79432
7.79432
7.61375
7.61375
7.61375
7.61375
7.61375
7.61375
7.61375
7.61375
7.56184
7.56184
7.56184
7.56184
7.56184
7.56184
7.56184
7.56184
7.63023
7.63023
7.63023
7.63023
7.63023
7.63023
7.63023
7.63023
7.80935
7.80935
7.80935
7.80935
7.80935
7.80935
7.80935
7.80935
8.08791
8.08791
8.08791
8.08791
8.08791
8.08791
8.08791
8.08791
8.4524
8.4524
8.4524
8.4524
8.4524
8.4524
8.4524
8.4524
8.88645
8.88645
8.88645
8.88645
8.88645
8.88645
8.88645
8.88645
9.37132
9.37132
9.37132
9.37132
9.37132
9.37132
9.37132
9.37132
9.88673
9.88673
9.88673
9.88673
9.88673
9.88673
9.88673
9.88673
10.4132
10.4132
10.4132
10.4132
10.4132
10.4132
10.4132
10.4132
10.9349
10.9349
10.9349
10.9349
10.9349
10.9349
10.9349
10.9349
11.4424
11.4424
11.4424
11.4424
11.4424
11.4424
11.4424
11.4424
11.936
11.936
11.936
11.936
11.936
11.936
11.936
11.936
12.4264
12.4264
12.4264
12.4264
12.4264
12.4264
12.4264
12.4264
12.9356
12.9356
12.9356
12.9356
12.9356
12.9356
12.9356
12.9356
7.79432
7.79432
7.79432
7.79432
7.79432
7.79432
7.79432
7.79432
7.61375
7.61375
7.61375
7.61375
7.61375
7.61375
7.61375
7.61375
7.56184
7.56184
7.56184
7.56184
7.56184
7.56184
7.56184
7.56184
7.63023
7.63023
7.63023
7.63023
7.63023
7.63023
7.63023
7.63023
7.80935
7.80935
7.80935
7.80935
7.80935
7.80935
7.80935
7.80935
8.08791
8.08791
8.08791
8.08791
8.08791
8.08791
8.08791
8.08791
8.4524
8.4524
8.4524
8.4524
8.4524
8.4524
8.4524
8.4524
8.88645
8.88645
8.88645
8.88645
8.88645
8.88645
8.88645
8.88645
9.37132
9.37132
9.37132
9.37132
9.37132
9.37132
9.37132
9.37132
9.88673
9.88673
9.88673
9.88673
9.88673
9.88673
9.88673
9.88673
10.4132
10.4132
10.4132
10.4132
10.4132
10.4132
10.4132
10.4132
10.9349
10.9349
10.9349
10.9349
10.9349
10.9349
10.9349
10.9349
11.4424
11.4424
11.4424
11.4424
11.4424
11.4424
11.4424
11.4424
11.936
11.936
11.936
11.936
11.936
11.936
11.936
11.936
12.4264
12.4264
12.4264
12.4264
12.4264
12.4264
12.4264
12.4264
12.9356
12.9356
12.9356
12.9356
12.9356
12.9356
12.9356
12.9356
7.79432
7.79432
7.79432
7.79432
7.79432
7.79432
7.79432
7.79432
7.61375
7.61375
7.61375
7.61375
7.61375
7.61375
7.61375
7.61375
7.56184
7.56184
7.56184
7.56184
7.56184
7.56184
7.56184
7.56184
7.63023
7.63023
7.63023
7.63023
7.63023
7.63023
7.63023
7.63023
7.80935
7.80935
7.80935
7.80935
7.80935
7.80935
7.80935
7.80935
8.08791
8.08791
8.08791
8.08791
8.08791
8.08791
8.08791
8.08791
8.4524
8.4524
8.4524
8.4524
8.4524
8.4524
8.4524
8.4524
8.88645
8.88645
8.88645
8.88645
8.88645
8.88645
8.88645
8.88645
9.37132
9.37132
9.37132
9.37132
9.37132
9.37132
9.37132
9.37132
9.88673
9.88673
9.88673
9.88673
9.88673
9.88673
9.88673
9.88673
10.4132
10.4132
10.4132
10.4132
10.4132
10.4132
10.4132
10.4132
10.9349
10.9349
10.9349
10.9349
10.9349
10.9349
10.9349
10.9349
11.4424
11.4424
11.4424
11.4424
11.4424
11.4424
11.4424
11.4424
11.936
11.936
11.936
11.936
11.936
11.936
11.936
11.936
12.4264
12.4264
12.4264
12.4264
12.4264
12.4264
12.4264
12.4264
12.9356
12.9356
12.9356
12.9356
12.9356
12.9356
12.9356
12.9356
7.79432
7.79432
7.79432
7.79432
7.79432
7.79432
7.79432
7.79432
7.61375
7.61375
7.61375
7.61375
7.61375
7.61375
7.61375
7.61375
7.56184
7.56184
7.56184
7.56184
7.56184
7.56184
7.56184
7.56184
7.63023
7.63023
7.63023
7.63023
7.63023
7.63023
7.63023
7.63023
7.80935
7.80935
7.80935
7.80935
7.80935
7.80935
7.80935
7.80935
8.08791
8.08791
8.08791
8.08791
8.08791
8.08791
8.08791
8.08791
8.4524
8.4524
8.4524
8.4524
8.4524
8.4524
8.4524
8.4524
8.88645
8.88645
8.88645
8.88645
8.88645
8.88645
8.88645
8.88645
9.37132
9.37132
9.37132
9.37132
9.37132
9.37132
9.37132
9.37132
9.88673
9.88673
9.88673
9.88673
9.88673
9.88673
9.88673
9.88673
10.4132
10.4132
10.4132
10.4132
10.4132
10.4132
10.4132
10.4132
10.9349
10.9349
10.9349
10.9349
10.9349
10.9349
10.9349
10.9349
11.4424
11.4424
11.4424
11.4424
11.4424
11.4424
11.4424
11.4424
11.936
11.936
11.936
11.936
11.936
11.936
11.936
11.936
12.4264
12.4264
12.4264
12.4264
12.4264
12.4264
12.4264
12.4264
12.9356
12.9356
12.9356
12.9356
12.9356
12.9356
12.9356
12.9356
7.58255
7.58255
7.58255
7.58255
7.58255
7.58255
7.58255
7.58255
7.36607
7.36607
7.36607
7.36607
7.36607
7.36607
7.36607
7.36607
7.27081
7.27081
7.27081
7.27081
7.27081
7.27081
7.27081
7.27081
7.28856
7.28856
7.28856
7.28856
7.28856
7.28856
7.28856
7.28856
7.40994
7.40994
7.40994
7.40994
7.40994
7.40994
7.40994
7.40994
7.62407
7.62407
7.62407
7.62407
7.62407
7.62407
7.62407
7.62407
7.91816
7.91816
7.91816
7.91816
7.91816
7.91816
7.91816
7.91816
8.27731
8.27731
8.27731
8.27731
8.27731
8.27731
8.27731
8.27731
8.68469
8.68469
8.68469
8.68469
8.68469
8.68469
8.68469
8.68469
9.12259
9.12259
9.12259
9.12259
9.12259
9.12259
9.12259
9.12259
9.57408
9.57408
9.57408
9.57408
9.57408
9.57408
9.57408
9.57408
10.0258
10.0258
10.0258
10.0258
10.0258
10.0258
10.0258
10.0258
10.4702
10.4702
10.4702
10.4702
10.4702
10.4702
10.4702
10.4702
10.908
10.908
10.908
10.908
10.908
10.908
10.908
10.908
11.3496
11.3496
11.3496
11.3496
11.3496
11.3496
11.3496
11.3496
11.8156
11.8156
11.8156
11.8156
11.8156
11.8156
11.8156
11.8156
7.58255
7.58255
7.58255
7.58255
7.58255
7.58255
7.58255
7.58255
7.36607
7.36607
7.36607
7.36607
7.36607
7.36607
7.36607
7.36607
7.27081
7.27081
7.27081
7.27081
7.27081
7.27081
7.27081
7.27081
7.28856
7.28856
7.28856
7.28856
7.28856
7.28856
7.28856
7.28856
7.40994
7.40994
7.40994
7.40994
7.40994
7.40994
7.40994
7.40994
7.62407
7.62407
7.62407
7.62407
7.62407
7.62407
7.62407
7.62407
7.91816
7.91816
7.91816
7.91816
7.91816
7.91816
7.91816
7.91816
8.27731
8.27731
8.27731
8.27731
8.27731
8.27731
8.27731
8.27731
8.68469
8.68469
8.68469
8.68469
8.68469
8.68469
8.68469
8.68469
9.12259
9.12259
9.12259
9.12259
9.12259
9.12259
9.12259
9.12259
9.57408
9.57408
9.57408
9.57408
9.57408
9.57408
9.57408
9.57408
10.0258
10.0258
10.0258
10.0258
10.0258
10.0258
10.0258
10.0258
10.4702
10.4702
10.4702
10.4702
10.4702
10.4702
10.4702
10.4702
10.908
10.908
10.908
10.908
10.908
10.908
10.908
10.908
11.3496
11.3496
11.3496
11.3496
11.3496
11.3496
11.3496
11.3496
11.8156
11.8156
11.8156
11.8156
11.8156
11.8156
11.8156
11.8156
7.58255
7.58255
7.58255
7.58255
7.58255
7.58255
7.58255
7.58255
7.36607
7.36607
7.36607
7.36607
7.36607
7.36607
7.36607
7.36607
7.27081
7.27081
7.27081
7.27081
7.27081
7.27081
7.27081
7.27081
7.28856
7.28856
7.28856
7.28856
7.28856
7.28856
7.28856
7.28856
7.40994
7.40994
7.40994
7.40994
7.40994
7.40994
7.40994
7.40994
7.62407
7.62407
7.62407
7.62407
7.62407
7.62407
7.62407
7.62407
7.91816
7.91816
7.91816
7.91816
7.91816
7.91816
7.91816
7.91816
8.27731
8.27731
8.27731
8.27731
8.27731
8.27731
8.27731
8.27731
8.68469
8.68469
8.68469
8.68469
8.68469
8.68469
8.68469
8.68469
9.12259
9.12259
9.12259
9.12259
9.12259
9.12259
9.12259
9.12259
9.57408
9.57408
9.57408
9.57408
9.57408
9.57408
9.57408
9.57408
10.0258
10.0258
10.0258
10.0258
10.0258
10.0258
10.0258
10.0258
10.4702
10.4702
10.4702
10.4702
10.4702
10.4702
10.4702
10.4702
10.908
10.908
10.908
10.908
10.908
10.908
10.908
10.908
11.3496
11.3496
11.3496
11.3496
11.3496
11.3496
11.3496
11.3496
11.8156
11.8156
11.8156
11.8156
11.8156
11.8156
11.8156
11.8156
7.58255
7.58255
7.58255
7.58255
7.58255
7.58255
7.58255
7.58255
7.36607
7.36607
7.36607
7.36607
7.36607
7.36607
7.36607
7.36607
7.27081
7.27081
7.27081
7.27081
7.27081
7.27081
7.27081
7.27081
7.28856
7.28856
7.28856
7.28856
7.28856
7.28856
7.28856
7.28856
7.40994
7.40994
7.40994
7.40994
7.40994
7.40994
7.40994
7.40994
7.62407
7.62407
7.62407
7.62407
7.62407
7.62407
7.62407
7.62407
7.91816
7.91816
7.91816
7.91816
7.91816
7.91816
7.91816
7.91816
8.27731
8.27731
8.27731
8.27731
8.27731
8.27731
8.27731
8.27731
8.68469
8.68469
8.68469
8.68469
8.68469
8.68469
8.68469
8.68469
9.12259
9.12259
9.12259
9.12259
9.12259
9.12259
9.12259
9.12259
9.57408
9.57408
9.57408
9.57408
9.57408
9.57408
9.57408
9.57408
10.0258
10.0258
10.0258
10.0258
10.0258
10.0258
10.0258
10.0258
10.4702
10.4702
10.4702
10.4702
10.4702
10.4702
10.4702
10.4702
10.908
10.908
10.908
10.908
10.908
10.908
10.908
10.908
11.3496
11.3496
11.3496
11.3496
11.3496
11.3496
11.3496
11.3496
11.8156
11.8156
11.8156
11.8156
11.8156
11.8156
11.8156
11.8156
7.43103
7.43103
7.43103
7.43103
7.43103
7.43103
7.43103
7.43103
7.19032
7.19032
7.19032
7.19032
7.19032
7.19032
7.19032
7.19032
7.06403
7.06403
7.06403
7.06403
7.06403
7.06403
7.06403
7.06403
7.04452
7.04452
7.04452
7.04452
7.04452
7.04452
7.04452
7.04452
7.1228
7.1228
7.1228
7.1228
7.1228
7.1228
7.1228
7.1228
7.28831
7.28831
7.28831
7.28831
7.28831
7.28831
7.28831
7.28831
7.52891
7.52891
7.52891
7.52891
7.52891
7.52891
7.52891
7.52891
7.8306
7.8306
7.8306
7.8306
7.8306
7.8306
7.8306
7.8306
8.17789
8.17789
8.17789
8.17789
8.17789
8.17789
8.17789
8.17789
8.55467
8.55467
8.55467
8.55467
8.55467
8.55467
8.55467
8.55467
8.94591
8.94591
8.94591
8.94591
8.94591
8.94591
8.94591
8.94591
9.33974
9.33974
9.33974
9.33974
9.33974
9.33974
9.33974
9.33974
9.7298
9.7298
9.7298
9.7298
9.7298
9.7298
9.7298
9.7298
10.1172
10.1172
10.1172
10.1172
10.1172
10.1172
10.1172
10.1172
10.5118
10.5118
10.5118
10.5118
10.5118
10.5118
10.5118
10.5118
10.9328
10.9328
10.9328
10.9328
10.9328
10.9328
10.9328
10.9328
7.43103
7.43103
7.43103
7.43103
7.43103
7.43103
7.43103
7.43103
7.19032
7.19032
7.19032
7.19032
7.19032
7.19032
7.19032
7.19032
7.06403
7.06403
7.06403
7.06403
7.06403
7.06403
7.06403
7.06403
7.04452
7.04452
7.04452
7.04452
7.04452
7.04452
7.04452
7.04452
7.1228
7.1228
7.1228
7.1228
7.1228
7.1228
7.1228
7.1228
7.28831
7.28831
7.28831
7.28831
7.28831
7.28831
7.28831
7.28831
7.52891
7.52891
7.52891
7.52891
7.52891
7.52891
7.52891
7.52891
7.8306
7.8306
7.8306
7.8306
7.8306
7.8306
7.8306
7.8306
8.17789
8.17789
8.17789
8.17789
8.17789
8.17789
8.17789
8.17789
8.55467
8.55467
8.55467
8.55467
8.55467
8.55467
8.55467
8.55467
8.94591
8.94591
8.94591
8.94591
8.94591
8.94591
8.94591
8.94591
9.33974
9.33974
9.33974
9.33974
9.33974
9.33974
9.33974
9.33974
9.7298
9.7298
9.7298
9.7298
9.7298
9.7298
9.7298
9.7298
10.1172
10.1172
10.1172
10.1172
10.1172
10.1172
10.1172
10.1172
10.5118
10.5118
10.5118
10.5118
10.5118
10.5118
10.5118
10.5118
10.9328
10.9328
10.9328
10.9328
10.9328
10.9328
10.9328
10.9328
7.43103
7.43103
7.43103
7.43103
7.43103
7.43103
7.43103
7.43103
7.19032
7.19032
7.19032
7.19032
7.19032
7.19032
7.19032
7.19032
7.06403
7.06403
7.06403
7.06403
7.06403
7.06403
7.06403
7.06403
7.04452
7.04452
7.04452
7.04452
7.04452
7.04452
7.04452
7.04452
7.1228
7.1228
7.1228
7.1228
7.1228
7.1228
7.1228
7.1228
7.28831
7.28831
7.28831
7.28831
7.28831
7.28831
7.28831
7.28831
7.52891
7.52891
7.52891
7.52891
7.52891
7.52891
7.52891
7.52891
7.8306
7.8306
7.8306
7.8306
7.8306
7.8306
7.8306
7.8306
8.17789
8.17789
8.17789
8.17789
8.17789
8.17789
8.17789
8.17789
8.55467
8.55467
8.55467
8.55467
8.55467
8.55467
8.55467
8.55467
8.94591
8.94591
8.94591
8.94591
8.94591
8.94591
8.94591
8.94591
9.33974
9.33974
9.33974
9.33974
9.33974
9.33974
9.33974
9.33974
9.7298
9.7298
9.7298
9.7298
9.7298
9.7298
9.7298
9.7298
10.1172
10.1172
10.1172
10.1172
10.1172
10.1172
10.1172
10.1172
10.5118
10.5118
10.5118
10.5118
10.5118
10.5118
10.5118
10.5118
10.9328
10.9328
10.9328
10.9328
10.9328
10.9328
10.9328
10.9328
7.43103
7.43103
7.43103
7.43103
7.43103
7.43103
7.43103
7.43103
7.19032
7.19032
7.19032
7.19032
7.19032
7.19032
7.19032
7.19032
7.06403
7.06403
7.06403
7.06403
7.06403
7.06403
7.06403
7.06403
7.04452
7.04452
7.04452
7.04452
7.04452
7.04452
7.04452
7.04452
7.1228
7.1228
7.1228
7.1228
7.1228
7.1228
7.1228
7.1228
7.28831
7.28831
7.28831
7.28831
7.28831
7.28831
7.28831
7.28831
7.52891
7.52891
7.52891
7.52891
7.52891
7.52891
7.52891
7.52891
7.8306
7.8306
7.8306
7.8306
7.8306
7.8306
7.8306
7.8306
8.17789
8.17789
8.17789
8.17789
8.17789
8.17789
8.17789
8.17789
8.55467
8.55467
8.55467
8.55467
8.55467
8.55467
8.55467
8.55467
8.94591
8.94591
8.94591
8.94591
8.94591
8.94591
8.94591
8.94591
9.33974
9.33974
9.33974
9.33974
9.33974
9.33974
9.33974
9.33974
9.7298
9.7298
9.7298
9.7298
9.7298
9.7298
9.7298
9.7298
10.1172
10.1172
10.1172
10.1172
10.1172
10.1172
10.1172
10.1172
10.5118
10.5118
10.5118
10.5118
10.5118
10.5118
10.5118
10.5118
10.9328
10.9328
10.9328
10.9328
10.9328
10.9328
10.9328
10.9328
7.33342
7.33342
7.33342
7.33342
7.33342
7.33342
7.33342
7.33342
7.07996
7.07996
7.07996
7.07996
7.07996
7.07996
7.07996
7.07996
6.93464
6.93464
6.93464
6.93464
6.93464
6.93464
6.93464
6.93464
6.89068
6.89068
6.89068
6.89068
6.89068
6.89068
6.89068
6.89068
6.93959
6.93959
6.93959
6.93959
6.93959
6.93959
6.93959
6.93959
7.07126
7.07126
7.07126
7.07126
7.07126
7.07126
7.07126
7.07126
7.274
7.274
7.274
7.274
7.274
7.274
7.274
7.274
7.53448
7.53448
7.53448
7.53448
7.53448
7.53448
7.53448
7.53448
7.83801
7.83801
7.83801
7.83801
7.83801
7.83801
7.83801
7.83801
8.16949
8.16949
8.16949
8.16949
8.16949
8.16949
8.16949
8.16949
8.51492
8.51492
8.51492
8.51492
8.51492
8.51492
8.51492
8.51492
8.86344
8.86344
8.86344
8.86344
8.86344
8.86344
8.86344
8.86344
9.20922
9.20922
9.20922
9.20922
9.20922
9.20922
9.20922
9.20922
9.55356
9.55356
9.55356
9.55356
9.55356
9.55356
9.55356
9.55356
9.90584
9.90584
9.90584
9.90584
9.90584
9.90584
9.90584
9.90584
10.2839
10.2839
10.2839
10.2839
10.2839
10.2839
10.2839
10.2839
7.33342
7.33342
7.33342
7.33342
7.33342
7.33342
7.33342
7.33342
7.07996
7.07996
7.07996
7.07996
7.07996
7.07996
7.07996
7.07996
6.93464
6.93464
6.93464
6.93464
6.93464
6.93464
6.93464
6.93464
6.89068
6.89068
6.89068
6.89068
6.89068
6.89068
6.89068
6.89068
6.93959
6.93959
6.93959
6.93959
6.93959
6.93959
6.93959
6.93959
7.07126
7.07126
7.07126
7.07126
7.07126
7.07126
7.07126
7.07126
7.274
7.274
7.274
7.274
7.274
7.274
7.274
7.274
7.53448
7.53448
7.53448
7.53448
7.53448
7.53448
7.53448
7.53448
7.83801
7.83801
7.83801
7.83801
7.83801
7.83801
7.83801
7.83801
8.16949
8.16949
8.16949
8.16949
8.16949
8.16949
8.16949
8.16949
8.51492
8.51492
8.51492
8.51492
8.51492
8.51492
8.51492
8.51492
8.86344
8.86344
8.86344
8.86344
8.86344
8.86344
8.86344
8.86344
9.20922
9.20922
9.20922
9.20922
9.20922
9.20922
9.20922
9.20922
9.55356
9.55356
9.55356
9.55356
9.55356
9.55356
9.55356
9.55356
9.90584
9.90584
9.90584
9.90584
9.90584
9.90584
9.90584
9.90584
10.2839
10.2839
10.2839
10.2839
10.2839
10.2839
10.2839
10.2839
7.33342
7.33342
7.33342
7.33342
7.33342
7.33342
7.33342
7.33342
7.07996
7.07996
7.07996
7.07996
7.07996
7.07996
7.07996
7.07996
6.93464
6.93464
6.93464
6.93464
6.93464
6.93464
6.93464
6.93464
6.89068
6.89068
6.89068
6.89068
6.89068
6.89068
6.89068
6.89068
6.93959
6.93959
6.93959
6.93959
6.93959
6.93959
6.93959
6.93959
7.07126
7.07126
7.07126
7.07126
7.07126
7.07126
7.07126
7.07126
7.274
7.274
7.274
7.274
7.274
7.274
7.274
7.274
7.53448
7.53448
7.53448
7.53448
7.53448
7.53448
7.53448
7.53448
7.83801
7.83801
7.83801
7.83801
7.83801
7.83801
7.83801
7.83801
8.16949
8.16949
8.16949
8.16949
8.16949
8.16949
8.16949
8.16949
8.51492
8.51492
8.51492
8.51492
8.51492
8.51492
8.51492
8.51492
8.86344
8.86344
8.86344
8.86344
8.86344
8.86344
8.86344
8.86344
9.20922
9.20922
9.20922
9.20922
9.20922
9.20922
9.20922
9.20922
9.55356
9.55356
9.55356
9.55356
9.55356
9.55356
9.55356
9.55356
9.90584
9.90584
9.90584
9.90584
9.90584
9.90584
9.90584
9.90584
10.2839
10.2839
10.2839
10.2839
10.2839
10.2839
10.2839
10.2839
7.33342
7.33342
7.33342
7.33342
7.33342
7.33342
7.33342
7.33342
7.07996
7.07996
7.07996
7.07996
7.07996
7.07996
7.07996
7.07996
6.93464
6.93464
6.93464
6.93464
6.93464
6.93464
6.93464
6.93464
6.89068
6.89068
6.89068
6.89068
6.89068
6.89068
6.89068
6.89068
6.93959
6.93959
6.93959
6.93959
6.93959
6.93959
6.93959
6.93959
7.07126
7.07126
7.07126
7.07126
7.07126
7.07126
7.07126
7.07126
7.274
7.274
7.274
7.274
7.274
7.274
7.274
7.274
7.53448
7.53448
7.53448
7.53448
7.53448
7.53448
7.53448
7.53448
7.83801
7.83801
7.83801
7.83801
7.83801
7.83801
7.83801
7.83801
8.16949
8.16949
8.16949
8.16949
8.16949
8.16949
8.16949
8.16949
8.51492
8.51492
8.51492
8.51492
8.51492
8.51492
8.51492
8.51492
8.86344
8.86344
8.86344
8.86344
8.86344
8.86344
8.86344
8.86344
9.20922
9.20922
9.20922
9.20922
9.20922
9.20922
9.20922
9.20922
9.55356
9.55356
9.55356
9.55356
9.55356
9.55356
9.55356
9.55356
9.90584
9.90584
9.90584
9.90584
9.90584
9.90584
9.90584
9.90584
10.2839
10.2839
10.2839
10.2839
10.2839
10.2839
10.2839
10.2839
7.28167
7.28167
7.28167
7.28167
7.28167
7.28167
7.28167
7.28167
7.02707
7.02707
7.02707
7.02707
7.02707
7.02707
7.02707
7.02707
6.87467
6.87467
6.87467
6.87467
6.87467
6.87467
6.87467
6.87467
6.81879
6.81879
6.81879
6.81879
6.81879
6.81879
6.81879
6.81879
6.85165
6.85165
6.85165
6.85165
6.85165
6.85165
6.85165
6.85165
6.96363
6.96363
6.96363
6.96363
6.96363
6.96363
6.96363
6.96363
7.14348
7.14348
7.14348
7.14348
7.14348
7.14348
7.14348
7.14348
7.37821
7.37821
7.37821
7.37821
7.37821
7.37821
7.37821
7.37821
7.65363
7.65363
7.65363
7.65363
7.65363
7.65363
7.65363
7.65363
7.95508
7.95508
7.95508
7.95508
7.95508
7.95508
7.95508
7.95508
8.26909
8.26909
8.26909
8.26909
8.26909
8.26909
8.26909
8.26909
8.58511
8.58511
8.58511
8.58511
8.58511
8.58511
8.58511
8.58511
8.89758
8.89758
8.89758
8.89758
8.89758
8.89758
8.89758
8.89758
9.20759
9.20759
9.20759
9.20759
9.20759
9.20759
9.20759
9.20759
9.52411
9.52411
9.52411
9.52411
9.52411
9.52411
9.52411
9.52411
9.86397
9.86397
9.86397
9.86397
9.86397
9.86397
9.86397
9.86397
7.28167
7.28167
7.28167
7.28167
7.28167
7.28167
7.28167
7.28167
7.02707
7.02707
7.02707
7.02707
7.02707
7.02707
7.02707
7.02707
6.87467
6.87467
6.87467
6.87467
6.87467
6.87467
6.87467
6.87467
6.81879
6.81879
6.81879
6.81879
6.81879
6.81879
6.81879
6.81879
6.85165
6.85165
6.85165
6.85165
6.85165
6.85165
6.85165
6.85165
6.96363
6.96363
6.96363
6.96363
6.96363
6.96363
6.96363
6.96363
7.14348
7.14348
7.14348
7.14348
7.14348
7.14348
7.14348
7.14348
7.37821
7.37821
7.37821
7.37821
7.37821
7.37821
7.37821
7.37821
7.65363
7.65363
7.65363
7.65363
7.65363
7.65363
7.65363
7.65363
7.95508
7.95508
7.95508
7.95508
7.95508
7.95508
7.95508
7.95508
8.26909
8.26909
8.26909
8.26909
8.26909
8.26909
8.26909
8.26909
8.58511
8.58511
8.58511
8.58511
8.58511
8.58511
8.58511
8.58511
8.89758
8.89758
8.89758
8.89758
8.89758
8.89758
8.89758
8.89758
9.20759
9.20759
9.20759
9.20759
9.20759
9.20759
9.20759
9.20759
9.52411
9.52411
9.52411
9.52411
9.52411
9.52411
9.52411
9.52411
9.86397
9.86397
9.86397
9.86397
9.86397
9.86397
9.86397
9.86397
7.28167
7.28167
7.28167
7.28167
7.28167
7.28167
7.28167
7.28167
7.02707
7.02707
7.02707
7.02707
7.02707
7.02707
7.02707
7.02707
6.87467
6.87467
6.87467
6.87467
6.87467
6.87467
6.87467
6.87467
6.81879
6.81879
6.81879
6.81879
6.81879
6.81879
6.81879
6.81879
6.85165
6.85165
6.85165
6.85165
6.85165
6.85165
6.85165
6.85165
6.96363
6.96363
6.96363
6.96363
6.96363
6.96363
6.96363
6.96363
7.14348
7.14348
7.14348
7.14348
7.14348
7.14348
7.14348
7.14348
7.37821
7.37821
7.37821
7.37821
7.37821
7.37821
7.37821
7.37821
7.65363
7.65363
7.65363
7.65363
7.65363
7.65363
7.65363
7.65363
7.95508
7.95508
7.95508
7.95508
7.95508
7.95508
7.95508
7.95508
8.26909
8.26909
8.26909
8.26909
8.26909
8.26909
8.26909
8.26909
8.58511
8.58511
8.58511
8.58511
8.58511
8.58511
8.58511
8.58511
8.89758
8.89758
8.89758
8.89758
8.89758
8.89758
8.89758
8.89758
9.20759
9.20759
9.20759
9.20759
9.20759
9.20759
9.20759
9.20759
9.52411
9.52411
9.52411
9.52411
9.52411
9.52411
9.52411
9.52411
9.86397
9.86397
9.86397
9.86397
9.86397
9.86397
9.86397
9.86397
7.28167
7.28167
7.28167
7.28167
7.28167
7.28167
7.28167
7.28167
7.02707
7.02707
7.02707
7.02707
7.02707
7.02707
7.02707
7.02707
6.87467
6.87467
6.87467
6.87467
6.87467
6.87467
6.87467
6.87467
6.81879
6.81879
6.81879
6.81879
6.81879
6.81879
6.81879
6.81879
6.85165
6.85165
6.85165
6.85165
6.85165
6.85165
6.85165
6.85165
6.96363
6.96363
6.96363
6.96363
6.96363
6.96363
6.96363
6.96363
7.14348
7.14348
7.14348
7.14348
7.14348
7.14348
7.14348
7.14348
7.37821
7.37821
7.37821
7.37821
7.37821
7.37821
7.37821
7.37821
7.65363
7.65363
7.65363
7.65363
7.65363
7.65363
7.65363
7.65363
7.95508
7.95508
7.95508
7.95508
7.95508
7.95508
7.95508
7.95508
8.26909
8.26909
8.26909
8.26909
8.26909
8.26909
8.26909
8.26909
8.58511
8.58511
8.58511
8.58511
8.58511
8.58511
8.58511
8.58511
8.89758
8.89758
8.89758
8.89758
8.89758
8.89758
8.89758
8.89758
9.20759
9.20759
9.20759
9.20759
9.20759
9.20759
9.20759
9.20759
9.52411
9.52411
9.52411
9.52411
9.52411
9.52411
9.52411
9.52411
9.86397
9.86397
9.86397
9.86397
9.86397
9.86397
9.86397
9.86397
7.26588
7.26588
7.26588
7.26588
7.26588
7.26588
7.26588
7.26588
7.02196
7.02196
7.02196
7.02196
7.02196
7.02196
7.02196
7.02196
6.87464
6.87464
6.87464
6.87464
6.87464
6.87464
6.87464
6.87464
6.81946
6.81946
6.81946
6.81946
6.81946
6.81946
6.81946
6.81946
6.84959
6.84959
6.84959
6.84959
6.84959
6.84959
6.84959
6.84959
6.956
6.956
6.956
6.956
6.956
6.956
6.956
6.956
7.12774
7.12774
7.12774
7.12774
7.12774
7.12774
7.12774
7.12774
7.35205
7.35205
7.35205
7.35205
7.35205
7.35205
7.35205
7.35205
7.61489
7.61489
7.61489
7.61489
7.61489
7.61489
7.61489
7.61489
7.90163
7.90163
7.90163
7.90163
7.90163
7.90163
7.90163
7.90163
8.19874
8.19874
8.19874
8.19874
8.19874
8.19874
8.19874
8.19874
8.49557
8.49557
8.49557
8.49557
8.49557
8.49557
8.49557
8.49557
8.78644
8.78644
8.78644
8.78644
8.78644
8.78644
8.78644
8.78644
9.07208
9.07208
9.07208
9.07208
9.07208
9.07208
9.07208
9.07208
9.36089
9.36089
9.36089
9.36089
9.36089
9.36089
9.36089
9.36089
9.6692
9.6692
9.6692
9.6692
9.6692
9.6692
9.6692
9.6692
7.26588
7.26588
7.26588
7.26588
7.26588
7.26588
7.26588
7.26588
7.02196
7.02196
7.02196
7.02196
7.02196
7.02196
7.02196
7.02196
6.87464
6.87464
6.87464
6.87464
6.87464
6.87464
6.87464
6.87464
6.81946
6.81946
6.81946
6.81946
6.81946
6.81946
6.81946
6.81946
6.84959
6.84959
6.84959
6.84959
6.84959
6.84959
6.84959
6.84959
6.956
6.956
6.956
6.956
6.956
6.956
6.956
6.956
7.12774
7.12774
7.12774
7.12774
7.12774
7.12774
7.12774
7.12774
7.35205
7.35205
7.35205
7.35205
7.35205
7.35205
7.35205
7.35205
7.61489
7.61489
7.61489
7.61489
7.61489
7.61489
7.61489
7.61489
7.90163
7.90163
7.90163
7.90163
7.90163
7.90163
7.90163
7.90163
8.19874
8.19874
8.19874
8.19874
8.19874
8.19874
8.19874
8.19874
8.49557
8.49557
8.49557
8.49557
8.49557
8.49557
8.49557
8.49557
8.78644
8.78644
8.78644
8.78644
8.78644
8.78644
8.78644
8.78644
9.07208
9.07208
9.07208
9.07208
9.07208
9.07208
9.07208
9.07208
9.36089
9.36089
9.36089
9.36089
9.36089
9.36089
9.36089
9.36089
9.6692
9.6692
9.6692
9.6692
9.6692
9.6692
9.6692
9.6692
7.26588
7.26588
7.26588
7.26588
7.26588
7.26588
7.26588
7.26588
7.02196
7.02196
7.02196
7.02196
7.02196
7.02196
7.02196
7.02196
6.87464
6.87464
6.87464
6.87464
6.87464
6.87464
6.87464
6.87464
6.81946
6.81946
6.81946
6.81946
6.81946
6.81946
6.81946
6.81946
6.84959
6.84959
6.84959
6.84959
6.84959
6.84959
6.84959
6.84959
6.956
6.956
6.956
6.956
6.956
6.956
6.956
6.956
7.12774
7.12774
7.12774
7.12774
7.12774
7.12774
7.12774
7.12774
7.35205
7.35205
7.35205
7.35205
7.35205
7.35205
7.35205
7.35205
7.61489
7.61489
7.61489
7.61489
7.61489
7.61489
7.61489
7.61489
7.90163
7.90163
7.90163
7.90163
7.90163
7.90163
7.90163
7.90163
8.19874
8.19874
8.19874
8.19874
8.19874
8.19874
8.19874
8.19874
8.49557
8.49557
8.49557
8.49557
8.49557
8.49557
8.49557
8.49557
8.78644
8.78644
8.78644
8.78644
8.78644
8.78644
8.78644
8.78644
9.07208
9.07208
9.07208
9.07208
9.07208
9.07208
9.07208
9.07208
9.36089
9.36089
9.36089
9.36089
9.36089
9.36089
9.36089
9.36089
9.6692
9.6692
9.6692
9.6692
9.6692
9.6692
9.6692
9.6692
7.26588
7.26588
7.26588
7.26588
7.26588
7.26588
7.26588
7.26588
7.02196
7.02196
7.02196
7.02196
7.02196
7.02196
7.02196
7.02196
6.87464
6.87464
6.87464
6.87464
6.87464
6.87464
6.87464
6.87464
6.81946
6.81946
6.81946
6.81946
6.81946
6.81946
6.81946
6.81946
6.84959
6.84959
6.84959
6.84959
6.84959
6.84959
6.84959
6.84959
6.956
6.956
6.956
6.956
6.956
6.956
6.956
6.956
7.12774
7.12774
7.12774
7.12774
7.12774
7.12774
7.12774
7.12774
7.35205
7.35205
7.35205
7.35205
7.35205
7.35205
7.35205
7.35205
7.61489
7.61489
7.61489
7.61489
7.61489
7.61489
7.61489
7.61489
7.90163
7.90163
7.90163
7.90163
7.90163
7.90163
7.90163
7.90163
8.19874
8.19874
8.19874
8.19874
8.19874
8.19874
8.19874
8.19874
8.49557
8.49557
8.49557
8.49557
8.49557
8.49557
8.49557
8.49557
8.78644
8.78644
8.78644
8.78644
8.78644
8.78644
8.78644
8.78644
9.07208
9.07208
9.07208
9.07208
9.07208
9.07208
9.07208
9.07208
9.36089
9.36089
9.36089
9.36089
9.36089
9.36089
9.36089
9.36089
9.6692
9.6692
9.6692
9.6692
9.6692
9.6692
9.6692
9.6692
7.27407
7.27407
7.27407
7.27407
7.27407
7.27407
7.27407
7.27407
7.05283
7.05283
7.05283
7.05283
7.05283
7.05283
7.05283
7.05283
6.92302
6.92302
6.92302
6.92302
6.92302
6.92302
6.92302
6.92302
6.88162
6.88162
6.88162
6.88162
6.88162
6.88162
6.88162
6.88162
6.9227
6.9227
6.9227
6.9227
6.9227
6.9227
6.9227
6.9227
7.03795
7.03795
7.03795
7.03795
7.03795
7.03795
7.03795
7.03795
7.2168
7.2168
7.2168
7.2168
7.2168
7.2168
7.2168
7.2168
7.44658
7.44658
7.44658
7.44658
7.44658
7.44658
7.44658
7.44658
7.71293
7.71293
7.71293
7.71293
7.71293
7.71293
7.71293
7.71293
8.00095
8.00095
8.00095
8.00095
8.00095
8.00095
8.00095
8.00095
8.29658
8.29658
8.29658
8.29658
8.29658
8.29658
8.29658
8.29658
8.58858
8.58858
8.58858
8.58858
8.58858
8.58858
8.58858
8.58858
8.87064
8.87064
8.87064
8.87064
8.87064
8.87064
8.87064
8.87064
9.14309
9.14309
9.14309
9.14309
9.14309
9.14309
9.14309
9.14309
9.41373
9.41373
9.41373
9.41373
9.41373
9.41373
9.41373
9.41373
9.69851
9.69851
9.69851
9.69851
9.69851
9.69851
9.69851
9.69851
7.27407
7.27407
7.27407
7.27407
7.27407
7.27407
7.27407
7.27407
7.05283
7.05283
7.05283
7.05283
7.05283
7.05283
7.05283
7.05283
6.92302
6.92302
6.92302
6.92302
6.92302
6.92302
6.92302
6.92302
6.88162
6.88162
6.88162
6.88162
6.88162
6.88162
6.88162
6.88162
6.9227
6.9227
6.9227
6.9227
6.9227
6.9227
6.9227
6.9227
7.03795
7.03795
7.03795
7.03795
7.03795
7.03795
7.03795
7.03795
7.2168
7.2168
7.2168
7.2168
7.2168
7.2168
7.2168
7.2168
7.44658
7.44658
7.44658
7.44658
7.44658
7.44658
7.44658
7.44658
7.71293
7.71293
7.71293
7.71293
7.71293
7.71293
7.71293
7.71293
8.00095
8.00095
8.00095
8.00095
8.00095
8.00095
8.00095
8.00095
8.29658
8.29658
8.29658
8.29658
8.29658
8.29658
8.29658
8.29658
8.58858
8.58858
8.58858
8.58858
8.58858
8.58858
8.58858
8.58858
8.87064
8.87064
8.87064
8.87064
8.87064
8.87064
8.87064
8.87064
9.14309
9.14309
9.14309
9.14309
9.14309
9.14309
9.14309
9.14309
9.41373
9.41373
9.41373
9.41373
9.41373
9.41373
9.41373
9.41373
9.69851
9.69851
9.69851
9.69851
9.69851
9.69851
9.69851
9.69851
7.27407
7.27407
7.27407
7.27407
7.27407
7.27407
7.27407
7.27407
7.05283
7.05283
7.05283
7.05283
7.05283
7.05283
7.05283
7.05283
6.92302
6.92302
6.92302
6.92302
6.92302
6.92302
6.92302
6.92302
6.88162
6.88162
6.88162
6.88162
6.88162
6.88162
6.88162
6.88162
6.9227
6.9227
6.9227
6.9227
6.9227
6.9227
6.9227
6.9227
7.03795
7.03795
7.03795
7.03795
7.03795
7.03795
7.03795
7.03795
7.2168
7.2168
7.2168
7.2168
7.2168
7.2168
7.2168
7.2168
7.44658
7.44658
7.44658
7.44658
7.44658
7.44658
7.44658
7.44658
7.71293
7.71293
7.71293
7.71293
7.71293
7.71293
7.71293
7.71293
8.00095
8.00095
8.00095
8.00095
8.00095
8.00095
8.00095
8.00095
8.29658
8.29658
8.29658
8.29658
8.29658
8.29658
8.29658
8.29658
8.58858
8.58858
8.58858
8.58858
8.58858
8.58858
8.58858
8.58858
8.87064
8.87064
8.87064
8.87064
8.87064
8.87064
8.87064
8.87064
9.14309
9.14309
9.14309
9.14309
9.14309
9.14309
9.14309
9.14309
9.41373
9.41373
9.41373
9.41373
9.41373
9.41373
9.41373
9.41373
9.69851
9.69851
9.69851
9.69851
9.69851
9.69851
9.69851
9.69851
7.27407
7.27407
7.27407
7.27407
7.27407
7.27407
7.27407
7.27407
7.05283
7.05283
7.05283
7.05283
7.05283
7.05283
7.05283
7.05283
6.92302
6.92302
6.92302
6.92302
6.92302
6.92302
6.92302
6.92302
6.88162
6.88162
6.88162
6.88162
6.88162
6.88162
6.88162
6.88162
6.9227
6.9227
6.9227
6.9227
6.9227
6.9227
6.9227
6.9227
7.03795
7.03795
7.03795
7.03795
7.03795
7.03795
7.03795
7.03795
7.2168
7.2168
7.2168
7.2168
7.2168
7.2168
7.2168
7.2168
7.44658
7.44658
7.44658
7.44658
7.44658
7.44658
7.44658
7.44658
7.71293
7.71293
7.71293
7.71293
7.71293
7.71293
7.71293
7.71293
8.00095
8.00095
8.00095
8.00095
8.00095
8.00095
8.00095
8.00095
8.29658
8.29658
8.29658
8.29658
8.29658
8.29658
8.29658
8.29658
8.58858
8.58858
8.58858
8.58858
8.58858
8.58858
8.58858
8.58858
8.87064
8.87064
8.87064
8.87064
8.87064
8.87064
8.87064
8.87064
9.14309
9.14309
9.14309
9.14309
9.14309
9.14309
9.14309
9.14309
9.41373
9.41373
9.41373
9.41373
9.41373
9.41373
9.41373
9.41373
9.69851
9.69851
9.69851
9.69851
9.69851
9.69851
9.69851
9.69851
7.29239
7.29239
7.29239
7.29239
7.29239
7.29239
7.29239
7.29239
7.10567
7.10567
7.10567
7.10567
7.10567
7.10567
7.10567
7.10567
7.00595
7.00595
7.00595
7.00595
7.00595
7.00595
7.00595
7.00595
6.99165
6.99165
6.99165
6.99165
6.99165
6.99165
6.99165
6.99165
7.05798
7.05798
7.05798
7.05798
7.05798
7.05798
7.05798
7.05798
7.19731
7.19731
7.19731
7.19731
7.19731
7.19731
7.19731
7.19731
7.3994
7.3994
7.3994
7.3994
7.3994
7.3994
7.3994
7.3994
7.65146
7.65146
7.65146
7.65146
7.65146
7.65146
7.65146
7.65146
7.93872
7.93872
7.93872
7.93872
7.93872
7.93872
7.93872
7.93872
8.24548
8.24548
8.24548
8.24548
8.24548
8.24548
8.24548
8.24548
8.55662
8.55662
8.55662
8.55662
8.55662
8.55662
8.55662
8.55662
8.85986
8.85986
8.85986
8.85986
8.85986
8.85986
8.85986
8.85986
9.14777
9.14777
9.14777
9.14777
9.14777
9.14777
9.14777
9.14777
9.41988
9.41988
9.41988
9.41988
9.41988
9.41988
9.41988
9.41988
9.68364
9.68364
9.68364
9.68364
9.68364
9.68364
9.68364
9.68364
9.9546
9.9546
9.9546
9.9546
9.9546
9.9546
9.9546
9.9546
7.29239
7.29239
7.29239
7.29239
7.29239
7.29239
7.29239
7.29239
7.10567
7.10567
7.10567
7.10567
7.10567
7.10567
7.10567
7.10567
7.00595
7.00595
7.00595
7.00595
7.00595
7.00595
7.00595
7.00595
6.99165
6.99165
6.99165
6.99165
6.99165
6.99165
6.99165
6.99165
7.05798
7.05798
7.05798
7.05798
7.05798
7.05798
7.05798
7.05798
7.19731
7.19731
7.19731
7.19731
7.19731
7.19731
7.19731
7.19731
7.3994
7.3994
7.3994
7.3994
7.3994
7.3994
7.3994
7.3994
7.65146
7.65146
7.65146
7.65146
7.65146
7.65146
7.65146
7.65146
7.93872
7.93872
7.93872
7.93872
7.93872
7.93872
7.93872
7.93872
8.24548
8.24548
8.24548
8.24548
8.24548
8.24548
8.24548
8.24548
8.55662
8.55662
8.55662
8.55662
8.55662
8.55662
8.55662
8.55662
8.85986
8.85986
8.85986
8.85986
8.85986
8.85986
8.85986
8.85986
9.14777
9.14777
9.14777
9.14777
9.14777
9.14777
9.14777
9.14777
9.41988
9.41988
9.41988
9.41988
9.41988
9.41988
9.41988
9.41988
9.68364
9.68364
9.68364
9.68364
9.68364
9.68364
9.68364
9.68364
9.9546
9.9546
9.9546
9.9546
9.9546
9.9546
9.9546
9.9546
7.29239
7.29239
7.29239
7.29239
7.29239
7.29239
7.29239
7.29239
7.10567
7.10567
7.10567
7.10567
7.10567
7.10567
7.10567
7.10567
7.00595
7.00595
7.00595
7.00595
7.00595
7.00595
7.00595
7.00595
6.99165
6.99165
6.99165
6.99165
6.99165
6.99165
6.99165
6.99165
7.05798
7.05798
7.05798
7.05798
7.05798
7.05798
7.05798
7.05798
7.19731
7.19731
7.19731
7.19731
7.19731
7.19731
7.19731
7.19731
7.3994
7.3994
7.3994
7.3994
7.3994
7.3994
7.3994
7.3994
7.65146
7.65146
7.65146
7.65146
7.65146
7.65146
7.65146
7.65146
7.93872
7.93872
7.93872
7.93872
7.93872
7.93872
7.93872
7.93872
8.24548
8.24548
8.24548
8.24548
8.24548
8.24548
8.24548
8.24548
8.55662
8.55662
8.55662
8.55662
8.55662
8.55662
8.55662
8.55662
8.85986
8.85986
8.85986
8.85986
8.85986
8.85986
8.85986
8.85986
9.14777
9.14777
9.14777
9.14777
9.14777
9.14777
9.14777
9.14777
9.41988
9.41988
9.41988
9.41988
9.41988
9.41988
9.41988
9.41988
9.68364
9.68364
9.68364
9.68364
9.68364
9.68364
9.68364
9.68364
9.9546
9.9546
9.9546
9.9546
9.9546
9.9546
9.9546
9.9546
7.29239
7.29239
7.29239
7.29239
7.29239
7.29239
7.29239
7.29239
7.10567
7.10567
7.10567
7.10567
7.10567
7.10567
7.10567
7.10567
7.00595
7.00595
7.00595
7.00595
7.00595
7.00595
7.00595
7.00595
6.99165
6.99165
6.99165
6.99165
6.99165
6.99165
6.99165
6.99165
7.05798
7.05798
7.05798
7.05798
7.05798
7.05798
7.05798
7.05798
7.19731
7.19731
7.19731
7.19731
7.19731
7.19731
7.19731
7.19731
7.3994
7.3994
7.3994
7.3994
7.3994
7.3994
7.3994
7.3994
7.65146
7.65146
7.65146
7.65146
7.65146
7.65146
7.65146
7.65146
7.93872
7.93872
7.93872
7.93872
7.93872
7.93872
7.93872
7.93872
8.24548
8.24548
8.24548
8.24548
8.24548
8.24548
8.24548
8.24548
8.55662
8.55662
8.55662
8.55662
8.55662
8.55662
8.55662
8.55662
8.85986
8.85986
8.85986
8.85986
8.85986
8.85986
8.85986
8.85986
9.14777
9.14777
9.14777
9.14777
9.14777
9.14777
9.14777
9.14777
9.41988
9.41988
9.41988
9.41988
9.41988
9.41988
9.41988
9.41988
9.68364
9.68364
9.68364
9.68364
9.68364
9.68364
9.68364
9.68364
9.9546
9.9546
9.9546
9.9546
9.9546
9.9546
9.9546
9.9546
7.30554
7.30554
7.30554
7.30554
7.30554
7.30554
7.30554
7.30554
7.16442
7.16442
7.16442
7.16442
7.16442
7.16442
7.16442
7.16442
7.10708
7.10708
7.10708
7.10708
7.10708
7.10708
7.10708
7.10708
7.13329
7.13329
7.13329
7.13329
7.13329
7.13329
7.13329
7.13329
7.23946
7.23946
7.23946
7.23946
7.23946
7.23946
7.23946
7.23946
7.41874
7.41874
7.41874
7.41874
7.41874
7.41874
7.41874
7.41874
7.66124
7.66124
7.66124
7.66124
7.66124
7.66124
7.66124
7.66124
7.95389
7.95389
7.95389
7.95389
7.95389
7.95389
7.95389
7.95389
8.28126
8.28126
8.28126
8.28126
8.28126
8.28126
8.28126
8.28126
8.62629
8.62629
8.62629
8.62629
8.62629
8.62629
8.62629
8.62629
8.97238
8.97238
8.97238
8.97238
8.97238
8.97238
8.97238
8.97238
9.30539
9.30539
9.30539
9.30539
9.30539
9.30539
9.30539
9.30539
9.61646
9.61646
9.61646
9.61646
9.61646
9.61646
9.61646
9.61646
9.90379
9.90379
9.90379
9.90379
9.90379
9.90379
9.90379
9.90379
10.1742
10.1742
10.1742
10.1742
10.1742
10.1742
10.1742
10.1742
10.4432
10.4432
10.4432
10.4432
10.4432
10.4432
10.4432
10.4432
7.30554
7.30554
7.30554
7.30554
7.30554
7.30554
7.30554
7.30554
7.16442
7.16442
7.16442
7.16442
7.16442
7.16442
7.16442
7.16442
7.10708
7.10708
7.10708
7.10708
7.10708
7.10708
7.10708
7.10708
7.13329
7.13329
7.13329
7.13329
7.13329
7.13329
7.13329
7.13329
7.23946
7.23946
7.23946
7.23946
7.23946
7.23946
7.23946
7.23946
7.41874
7.41874
7.41874
7.41874
7.41874
7.41874
7.41874
7.41874
7.66124
7.66124
7.66124
7.66124
7.66124
7.66124
7.66124
7.66124
7.95389
7.95389
7.95389
7.95389
7.95389
7.95389
7.95389
7.95389
8.28126
8.28126
8.28126
8.28126
8.28126
8.28126
8.28126
8.28126
8.62629
8.62629
8.62629
8.62629
8.62629
8.62629
8.62629
8.62629
8.97238
8.97238
8.97238
8.97238
8.97238
8.97238
8.97238
8.97238
9.30539
9.30539
9.30539
9.30539
9.30539
9.30539
9.30539
9.30539
9.61646
9.61646
9.61646
9.61646
9.61646
9.61646
9.61646
9.61646
9.90379
9.90379
9.90379
9.90379
9.90379
9.90379
9.90379
9.90379
10.1742
10.1742
10.1742
10.1742
10.1742
10.1742
10.1742
10.1742
10.4432
10.4432
10.4432
10.4432
10.4432
10.4432
10.4432
10.4432
7.30554
7.30554
7.30554
7.30554
7.30554
7.30554
7.30554
7.30554
7.16442
7.16442
7.16442
7.16442
7.16442
7.16442
7.16442
7.16442
7.10708
7.10708
7.10708
7.10708
7.10708
7.10708
7.10708
7.10708
7.13329
7.13329
7.13329
7.13329
7.13329
7.13329
7.13329
7.13329
7.23946
7.23946
7.23946
7.23946
7.23946
7.23946
7.23946
7.23946
7.41874
7.41874
7.41874
7.41874
7.41874
7.41874
7.41874
7.41874
7.66124
7.66124
7.66124
7.66124
7.66124
7.66124
7.66124
7.66124
7.95389
7.95389
7.95389
7.95389
7.95389
7.95389
7.95389
7.95389
8.28126
8.28126
8.28126
8.28126
8.28126
8.28126
8.28126
8.28126
8.62629
8.62629
8.62629
8.62629
8.62629
8.62629
8.62629
8.62629
8.97238
8.97238
8.97238
8.97238
8.97238
8.97238
8.97238
8.97238
9.30539
9.30539
9.30539
9.30539
9.30539
9.30539
9.30539
9.30539
9.61646
9.61646
9.61646
9.61646
9.61646
9.61646
9.61646
9.61646
9.90379
9.90379
9.90379
9.90379
9.90379
9.90379
9.90379
9.90379
10.1742
10.1742
10.1742
10.1742
10.1742
10.1742
10.1742
10.1742
10.4432
10.4432
10.4432
10.4432
10.4432
10.4432
10.4432
10.4432
7.30554
7.30554
7.30554
7.30554
7.30554
7.30554
7.30554
7.30554
7.16442
7.16442
7.16442
7.16442
7.16442
7.16442
7.16442
7.16442
7.10708
7.10708
7.10708
7.10708
7.10708
7.10708
7.10708
7.10708
7.13329
7.13329
7.13329
7.13329
7.13329
7.13329
7.13329
7.13329
7.23946
7.23946
7.23946
7.23946
7.23946
7.23946
7.23946
7.23946
7.41874
7.41874
7.41874
7.41874
7.41874
7.41874
7.41874
7.41874
7.66124
7.66124
7.66124
7.66124
7.66124
7.66124
7.66124
7.66124
7.95389
7.95389
7.95389
7.95389
7.95389
7.95389
7.95389
7.95389
8.28126
8.28126
8.28126
8.28126
8.28126
8.28126
8.28126
8.28126
8.62629
8.62629
8.62629
8.62629
8.62629
8.62629
8.62629
8.62629
8.97238
8.97238
8.97238
8.97238
8.97238
8.97238
8.97238
8.97238
9.30539
9.30539
9.30539
9.30539
9.30539
9.30539
9.30539
9.30539
9.61646
9.61646
9.61646
9.61646
9.61646
9.61646
9.61646
9.61646
9.90379
9.90379
9.90379
9.90379
9.90379
9.90379
9.90379
9.90379
10.1742
10.1742
10.1742
10.1742
10.1742
10.1742
10.1742
10.1742
10.4432
10.4432
10.4432
10.4432
10.4432
10.4432
10.4432
10.4432
7.29778
7.29778
7.29778
7.29778
7.29778
7.29778
7.29778
7.29778
7.21178
7.21178
7.21178
7.21178
7.21178
7.21178
7.21178
7.21178
7.2079
7.2079
7.2079
7.2079
7.2079
7.2079
7.2079
7.2079
7.28734
7.28734
7.28734
7.28734
7.28734
7.28734
7.28734
7.28734
7.44773
7.44773
7.44773
7.44773
7.44773
7.44773
7.44773
7.44773
7.68311
7.68311
7.68311
7.68311
7.68311
7.68311
7.68311
7.68311
7.98387
7.98387
7.98387
7.98387
7.98387
7.98387
7.98387
7.98387
8.33678
8.33678
8.33678
8.33678
8.33678
8.33678
8.33678
8.33678
8.72523
8.72523
8.72523
8.72523
8.72523
8.72523
8.72523
8.72523
9.13059
9.13059
9.13059
9.13059
9.13059
9.13059
9.13059
9.13059
9.53386
9.53386
9.53386
9.53386
9.53386
9.53386
9.53386
9.53386
9.91858
9.91858
9.91858
9.91858
9.91858
9.91858
9.91858
9.91858
10.2735
10.2735
10.2735
10.2735
10.2735
10.2735
10.2735
10.2735
10.5951
10.5951
10.5951
10.5951
10.5951
10.5951
10.5951
10.5951
10.8891
10.8891
10.8891
10.8891
10.8891
10.8891
10.8891
10.8891
11.1711
11.1711
11.1711
11.1711
11.1711
11.1711
11.1711
11.1711
7.29778
7.29778
7.29778
7.29778
7.29778
7.29778
7.29778
7.29778
7.21178
7.21178
7.21178
7.21178
7.21178
7.21178
7.21178
7.21178
7.2079
7.2079
7.2079
7.2079
7.2079
7.2079
7.2079
7.2079
7.28734
7.28734
7.28734
7.28734
7.28734
7.28734
7.28734
7.28734
7.44773
7.44773
7.44773
7.44773
7.44773
7.44773
7.44773
7.44773
7.68311
7.68311
7.68311
7.68311
7.68311
7.68311
7.68311
7.68311
7.98387
7.98387
7.98387
7.98387
7.98387
7.98387
7.98387
7.98387
8.33678
8.33678
8.33678
8.33678
8.33678
8.33678
8.33678
8.33678
8.72523
8.72523
8.72523
8.72523
8.72523
8.72523
8.72523
8.72523
9.13059
9.13059
9.13059
9.13059
9.13059
9.13059
9.13059
9.13059
9.53386
9.53386
9.53386
9.53386
9.53386
9.53386
9.53386
9.53386
9.91858
9.91858
9.91858
9.91858
9.91858
9.91858
9.91858
9.91858
10.2735
10.2735
10.2735
10.2735
10.2735
10.2735
10.2735
10.2735
10.5951
10.5951
10.5951
10.5951
10.5951
10.5951
10.5951
10.5951
10.8891
10.8891
10.8891
10.8891
10.8891
10.8891
10.8891
10.8891
11.1711
11.1711
11.1711
11.1711
11.1711
11.1711
11.1711
11.1711
7.29778
7.29778
7.29778
7.29778
7.29778
7.29778
7.29778
7.29778
7.21178
7.21178
7.21178
7.21178
7.21178
7.21178
7.21178
7.21178
7.2079
7.2079
7.2079
7.2079
7.2079
7.2079
7.2079
7.2079
7.28734
7.28734
7.28734
7.28734
7.28734
7.28734
7.28734
7.28734
7.44773
7.44773
7.44773
7.44773
7.44773
7.44773
7.44773
7.44773
7.68311
7.68311
7.68311
7.68311
7.68311
7.68311
7.68311
7.68311
7.98387
7.98387
7.98387
7.98387
7.98387
7.98387
7.98387
7.98387
8.33678
8.33678
8.33678
8.33678
8.33678
8.33678
8.33678
8.33678
8.72523
8.72523
8.72523
8.72523
8.72523
8.72523
8.72523
8.72523
9.13059
9.13059
9.13059
9.13059
9.13059
9.13059
9.13059
9.13059
9.53386
9.53386
9.53386
9.53386
9.53386
9.53386
9.53386
9.53386
9.91858
9.91858
9.91858
9.91858
9.91858
9.91858
9.91858
9.91858
10.2735
10.2735
10.2735
10.2735
10.2735
10.2735
10.2735
10.2735
10.5951
10.5951
10.5951
10.5951
10.5951
10.5951
10.5951
10.5951
10.8891
10.8891
10.8891
10.8891
10.8891
10.8891
10.8891
10.8891
11.1711
11.1711
11.1711
11.1711
11.1711
11.1711
11.1711
11.1711
7.29778
7.29778
7.29778
7.29778
7.29778
7.29778
7.29778
7.29778
7.21178
7.21178
7.21178
7.21178
7.21178
7.21178
7.21178
7.21178
7.2079
7.2079
7.2079
7.2079
7.2079
7.2079
7.2079
7.2079
7.28734
7.28734
7.28734
7.28734
7.28734
7.28734
7.28734
7.28734
7.44773
7.44773
7.44773
7.44773
7.44773
7.44773
7.44773
7.44773
7.68311
7.68311
7.68311
7.68311
7.68311
7.68311
7.68311
7.68311
7.98387
7.98387
7.98387
7.98387
7.98387
7.98387
7.98387
7.98387
8.33678
8.33678
8.33678
8.33678
8.33678
8.33678
8.33678
8.33678
8.72523
8.72523
8.72523
8.72523
8.72523
8.72523
8.72523
8.72523
9.13059
9.13059
9.13059
9.13059
9.13059
9.13059
9.13059
9.13059
9.53386
9.53386
9.53386
9.53386
9.53386
9.53386
9.53386
9.53386
9.91858
9.91858
9.91858
9.91858
9.91858
9.91858
9.91858
9.91858
10.2735
10.2735
10.2735
10.2735
10.2735
10.2735
10.2735
10.2735
10.5951
10.5951
10.5951
10.5951
10.5951
10.5951
10.5951
10.5951
10.8891
10.8891
10.8891
10.8891
10.8891
10.8891
10.8891
10.8891
11.1711
11.1711
11.1711
11.1711
11.1711
11.1711
11.1711
11.1711
7.25442
7.25442
7.25442
7.25442
7.25442
7.25442
7.25442
7.25442
7.23041
7.23041
7.23041
7.23041
7.23041
7.23041
7.23041
7.23041
7.28888
7.28888
7.28888
7.28888
7.28888
7.28888
7.28888
7.28888
7.43244
7.43244
7.43244
7.43244
7.43244
7.43244
7.43244
7.43244
7.66012
7.66012
7.66012
7.66012
7.66012
7.66012
7.66012
7.66012
7.96693
7.96693
7.96693
7.96693
7.96693
7.96693
7.96693
7.96693
8.34374
8.34374
8.34374
8.34374
8.34374
8.34374
8.34374
8.34374
8.77704
8.77704
8.77704
8.77704
8.77704
8.77704
8.77704
8.77704
9.24898
9.24898
9.24898
9.24898
9.24898
9.24898
9.24898
9.24898
9.73876
9.73876
9.73876
9.73876
9.73876
9.73876
9.73876
9.73876
10.2245
10.2245
10.2245
10.2245
10.2245
10.2245
10.2245
10.2245
10.6865
10.6865
10.6865
10.6865
10.6865
10.6865
10.6865
10.6865
11.11
11.11
11.11
11.11
11.11
11.11
11.11
11.11
11.4891
11.4891
11.4891
11.4891
11.4891
11.4891
11.4891
11.4891
11.828
11.828
11.828
11.828
11.828
11.828
11.828
11.828
12.1418
12.1418
12.1418
12.1418
12.1418
12.1418
12.1418
12.1418
7.25442
7.25442
7.25442
7.25442
7.25442
7.25442
7.25442
7.25442
7.23041
7.23041
7.23041
7.23041
7.23041
7.23041
7.23041
7.23041
7.28888
7.28888
7.28888
7.28888
7.28888
7.28888
7.28888
7.28888
7.43244
7.43244
7.43244
7.43244
7.43244
7.43244
7.43244
7.43244
7.66012
7.66012
7.66012
7.66012
7.66012
7.66012
7.66012
7.66012
7.96693
7.96693
7.96693
7.96693
7.96693
7.96693
7.96693
7.96693
8.34374
8.34374
8.34374
8.34374
8.34374
8.34374
8.34374
8.34374
8.77704
8.77704
8.77704
8.77704
8.77704
8.77704
8.77704
8.77704
9.24898
9.24898
9.24898
9.24898
9.24898
9.24898
9.24898
9.24898
9.73876
9.73876
9.73876
9.73876
9.73876
9.73876
9.73876
9.73876
10.2245
10.2245
10.2245
10.2245
10.2245
10.2245
10.2245
10.2245
10.6865
10.6865
10.6865
10.6865
10.6865
10.6865
10.6865
10.6865
11.11
11.11
11.11
11.11
11.11
11.11
11.11
11.11
11.4891
11.4891
11.4891
11.4891
11.4891
11.4891
11.4891
11.4891
11.828
11.828
11.828
11.828
11.828
11.828
11.828
11.828
12.1418
12.1418
12.1418
12.1418
12.1418
12.1418
12.1418
12.1418
7.25442
7.25442
7.25442
7.25442
7.25442
7.25442
7.25442
7.25442
7.23041
7.23041
7.23041
7.23041
7.23041
7.23041
7.23041
7.23041
7.28888
7.28888
7.28888
7.28888
7.28888
7.28888
7.28888
7.28888
7.43244
7.43244
7.43244
7.43244
7.43244
7.43244
7.43244
7.43244
7.66012
7.66012
7.66012
7.66012
7.66012
7.66012
7.66012
7.66012
7.96693
7.96693
7.96693
7.96693
7.96693
7.96693
7.96693
7.96693
8.34374
8.34374
8.34374
8.34374
8.34374
8.34374
8.34374
8.34374
8.77704
8.77704
8.77704
8.77704
8.77704
8.77704
8.77704
8.77704
9.24898
9.24898
9.24898
9.24898
9.24898
9.24898
9.24898
9.24898
9.73876
9.73876
9.73876
9.73876
9.73876
9.73876
9.73876
9.73876
10.2245
10.2245
10.2245
10.2245
10.2245
10.2245
10.2245
10.2245
10.6865
10.6865
10.6865
10.6865
10.6865
10.6865
10.6865
10.6865
11.11
11.11
11.11
11.11
11.11
11.11
11.11
11.11
11.4891
11.4891
11.4891
11.4891
11.4891
11.4891
11.4891
11.4891
11.828
11.828
11.828
11.828
11.828
11.828
11.828
11.828
12.1418
12.1418
12.1418
12.1418
12.1418
12.1418
12.1418
12.1418
7.25442
7.25442
7.25442
7.25442
7.25442
7.25442
7.25442
7.25442
7.23041
7.23041
7.23041
7.23041
7.23041
7.23041
7.23041
7.23041
7.28888
7.28888
7.28888
7.28888
7.28888
7.28888
7.28888
7.28888
7.43244
7.43244
7.43244
7.43244
7.43244
7.43244
7.43244
7.43244
7.66012
7.66012
7.66012
7.66012
7.66012
7.66012
7.66012
7.66012
7.96693
7.96693
7.96693
7.96693
7.96693
7.96693
7.96693
7.96693
8.34374
8.34374
8.34374
8.34374
8.34374
8.34374
8.34374
8.34374
8.77704
8.77704
8.77704
8.77704
8.77704
8.77704
8.77704
8.77704
9.24898
9.24898
9.24898
9.24898
9.24898
9.24898
9.24898
9.24898
9.73876
9.73876
9.73876
9.73876
9.73876
9.73876
9.73876
9.73876
10.2245
10.2245
10.2245
10.2245
10.2245
10.2245
10.2245
10.2245
10.6865
10.6865
10.6865
10.6865
10.6865
10.6865
10.6865
10.6865
11.11
11.11
11.11
11.11
11.11
11.11
11.11
11.11
11.4891
11.4891
11.4891
11.4891
11.4891
11.4891
11.4891
11.4891
11.828
11.828
11.828
11.828
11.828
11.828
11.828
11.828
12.1418
12.1418
12.1418
12.1418
12.1418
12.1418
12.1418
12.1418
7.16347
7.16347
7.16347
7.16347
7.16347
7.16347
7.16347
7.16347
7.20477
7.20477
7.20477
7.20477
7.20477
7.20477
7.20477
7.20477
7.33112
7.33112
7.33112
7.33112
7.33112
7.33112
7.33112
7.33112
7.54664
7.54664
7.54664
7.54664
7.54664
7.54664
7.54664
7.54664
7.85184
7.85184
7.85184
7.85184
7.85184
7.85184
7.85184
7.85184
8.24314
8.24314
8.24314
8.24314
8.24314
8.24314
8.24314
8.24314
8.71207
8.71207
8.71207
8.71207
8.71207
8.71207
8.71207
8.71207
9.24497
9.24497
9.24497
9.24497
9.24497
9.24497
9.24497
9.24497
9.82274
9.82274
9.82274
9.82274
9.82274
9.82274
9.82274
9.82274
10.4221
10.4221
10.4221
10.4221
10.4221
10.4221
10.4221
10.4221
11.0177
11.0177
11.0177
11.0177
11.0177
11.0177
11.0177
11.0177
11.5855
11.5855
11.5855
11.5855
11.5855
11.5855
11.5855
11.5855
12.1065
12.1065
12.1065
12.1065
12.1065
12.1065
12.1065
12.1065
12.571
12.571
12.571
12.571
12.571
12.571
12.571
12.571
12.9808
12.9808
12.9808
12.9808
12.9808
12.9808
12.9808
12.9808
13.3504
13.3504
13.3504
13.3504
13.3504
13.3504
13.3504
13.3504
7.16347
7.16347
7.16347
7.16347
7.16347
7.16347
7.16347
7.16347
7.20477
7.20477
7.20477
7.20477
7.20477
7.20477
7.20477
7.20477
7.33112
7.33112
7.33112
7.33112
7.33112
7.33112
7.33112
7.33112
7.54664
7.54664
7.54664
7.54664
7.54664
7.54664
7.54664
7.54664
7.85184
7.85184
7.85184
7.85184
7.85184
7.85184
7.85184
7.85184
8.24314
8.24314
8.24314
8.24314
8.24314
8.24314
8.24314
8.24314
8.71207
8.71207
8.71207
8.71207
8.71207
8.71207
8.71207
8.71207
9.24497
9.24497
9.24497
9.24497
9.24497
9.24497
9.24497
9.24497
9.82274
9.82274
9.82274
9.82274
9.82274
9.82274
9.82274
9.82274
10.4221
10.4221
10.4221
10.4221
10.4221
10.4221
10.4221
10.4221
11.0177
11.0177
11.0177
11.0177
11.0177
11.0177
11.0177
11.0177
11.5855
11.5855
11.5855
11.5855
11.5855
11.5855
11.5855
11.5855
12.1065
12.1065
12.1065
12.1065
12.1065
12.1065
12.1065
12.1065
12.571
12.571
12.571
12.571
12.571
12.571
12.571
12.571
12.9808
12.9808
12.9808
12.9808
12.9808
12.9808
12.9808
12.9808
13.3504
13.3504
13.3504
13.3504
13.3504
13.3504
13.3504
13.3504
7.16347
7.16347
7.16347
7.16347
7.16347
7.16347
7.16347
7.16347
7.20477
7.20477
7.20477
7.20477
7.20477
7.20477
7.20477
7.20477
7.33112
7.33112
7.33112
7.33112
7.33112
7.33112
7.33112
7.33112
7.54664
7.54664
7.54664
7.54664
7.54664
7.54664
7.54664
7.54664
7.85184
7.85184
7.85184
7.85184
7.85184
7.85184
7.85184
7.85184
8.24314
8.24314
8.24314
8.24314
8.24314
8.24314
8.24314
8.24314
8.71207
8.71207
8.71207
8.71207
8.71207
8.71207
8.71207
8.71207
9.24497
9.24497
9.24497
9.24497
9.24497
9.24497
9.24497
9.24497
9.82274
9.82274
9.82274
9.82274
9.82274
9.82274
9.82274
9.82274
10.4221
10.4221
10.4221
10.4221
10.4221
10.4221
10.4221
10.4221
11.0177
11.0177
11.0177
11.0177
11.0177
11.0177
11.0177
11.0177
11.5855
11.5855
11.5855
11.5855
11.5855
11.5855
11.5855
11.5855
12.1065
12.1065
12.1065
12.1065
12.1065
12.1065
12.1065
12.1065
12.571
12.571
12.571
12.571
12.571
12.571
12.571
12.571
12.9808
12.9808
12.9808
12.9808
12.9808
12.9808
12.9808
12.9808
13.3504
13.3504
13.3504
13.3504
13.3504
13.3504
13.3504
13.3504
7.16347
7.16347
7.16347
7.16347
7.16347
7.16347
7.16347
7.16347
7.20477
7.20477
7.20477
7.20477
7.20477
7.20477
7.20477
7.20477
7.33112
7.33112
7.33112
7.33112
7.33112
7.33112
7.33112
7.33112
7.54664
7.54664
7.54664
7.54664
7.54664
7.54664
7.54664
7.54664
7.85184
7.85184
7.85184
7.85184
7.85184
7.85184
7.85184
7.85184
8.24314
8.24314
8.24314
8.24314
8.24314
8.24314
8.24314
8.24314
8.71207
8.71207
8.71207
8.71207
8.71207
8.71207
8.71207
8.71207
9.24497
9.24497
9.24497
9.24497
9.24497
9.24497
9.24497
9.24497
9.82274
9.82274
9.82274
9.82274
9.82274
9.82274
9.82274
9.82274
10.4221
10.4221
10.4221
10.4221
10.4221
10.4221
10.4221
10.4221
11.0177
11.0177
11.0177
11.0177
11.0177
11.0177
11.0177
11.0177
11.5855
11.5855
11.5855
11.5855
11.5855
11.5855
11.5855
11.5855
12.1065
12.1065
12.1065
12.1065
12.1065
12.1065
12.1065
12.1065
12.571
12.571
12.571
12.571
12.571
12.571
12.571
12.571
12.9808
12.9808
12.9808
12.9808
12.9808
12.9808
12.9808
12.9808
13.3504
13.3504
13.3504
13.3504
13.3504
13.3504
13.3504
13.3504
7.01761
7.01761
7.01761
7.01761
7.01761
7.01761
7.01761
7.01761
7.12335
7.12335
7.12335
7.12335
7.12335
7.12335
7.12335
7.12335
7.31874
7.31874
7.31874
7.31874
7.31874
7.31874
7.31874
7.31874
7.60962
7.60962
7.60962
7.60962
7.60962
7.60962
7.60962
7.60962
7.99841
7.99841
7.99841
7.99841
7.99841
7.99841
7.99841
7.99841
8.48309
8.48309
8.48309
8.48309
8.48309
8.48309
8.48309
8.48309
9.05646
9.05646
9.05646
9.05646
9.05646
9.05646
9.05646
9.05646
9.70502
9.70502
9.70502
9.70502
9.70502
9.70502
9.70502
9.70502
10.4087
10.4087
10.4087
10.4087
10.4087
10.4087
10.4087
10.4087
11.1416
11.1416
11.1416
11.1416
11.1416
11.1416
11.1416
11.1416
11.8745
11.8745
11.8745
11.8745
11.8745
11.8745
11.8745
11.8745
12.578
12.578
12.578
12.578
12.578
12.578
12.578
12.578
13.228
13.228
13.228
13.228
13.228
13.228
13.228
13.228
13.8097
13.8097
13.8097
13.8097
13.8097
13.8097
13.8097
13.8097
14.3213
14.3213
14.3213
14.3213
14.3213
14.3213
14.3213
14.3213
14.7755
14.7755
14.7755
14.7755
14.7755
14.7755
14.7755
14.7755
7.01761
7.01761
7.01761
7.01761
7.01761
7.01761
7.01761
7.01761
7.12335
7.12335
7.12335
7.12335
7.12335
7.12335
7.12335
7.12335
7.31874
7.31874
7.31874
7.31874
7.31874
7.31874
7.31874
7.31874
7.60962
7.60962
7.60962
7.60962
7.60962
7.60962
7.60962
7.60962
7.99841
7.99841
7.99841
7.99841
7.99841
7.99841
7.99841
7.99841
8.48309
8.48309
8.48309
8.48309
8.48309
8.48309
8.48309
8.48309
9.05646
9.05646
9.05646
9.05646
9.05646
9.05646
9.05646
9.05646
9.70502
9.70502
9.70502
9.70502
9.70502
9.70502
9.70502
9.70502
10.4087
10.4087
10.4087
10.4087
10.4087
10.4087
10.4087
10.4087
11.1416
11.1416
11.1416
11.1416
11.1416
11.1416
11.1416
11.1416
11.8745
11.8745
11.8745
11.8745
11.8745
11.8745
11.8745
11.8745
12.578
12.578
12.578
12.578
12.578
12.578
12.578
12.578
13.228
13.228
13.228
13.228
13.228
13.228
13.228
13.228
13.8097
13.8097
13.8097
13.8097
13.8097
13.8097
13.8097
13.8097
14.3213
14.3213
14.3213
14.3213
14.3213
14.3213
14.3213
14.3213
14.7755
14.7755
14.7755
14.7755
14.7755
14.7755
14.7755
14.7755
7.01761
7.01761
7.01761
7.01761
7.01761
7.01761
7.01761
7.01761
7.12335
7.12335
7.12335
7.12335
7.12335
7.12335
7.12335
7.12335
7.31874
7.31874
7.31874
7.31874
7.31874
7.31874
7.31874
7.31874
7.60962
7.60962
7.60962
7.60962
7.60962
7.60962
7.60962
7.60962
7.99841
7.99841
7.99841
7.99841
7.99841
7.99841
7.99841
7.99841
8.48309
8.48309
8.48309
8.48309
8.48309
8.48309
8.48309
8.48309
9.05646
9.05646
9.05646
9.05646
9.05646
9.05646
9.05646
9.05646
9.70502
9.70502
9.70502
9.70502
9.70502
9.70502
9.70502
9.70502
10.4087
10.4087
10.4087
10.4087
10.4087
10.4087
10.4087
10.4087
11.1416
11.1416
11.1416
11.1416
11.1416
11.1416
11.1416
11.1416
11.8745
11.8745
11.8745
11.8745
11.8745
11.8745
11.8745
11.8745
12.578
12.578
12.578
12.578
12.578
12.578
12.578
12.578
13.228
13.228
13.228
13.228
13.228
13.228
13.228
13.228
13.8097
13.8097
13.8097
13.8097
13.8097
13.8097
13.8097
13.8097
14.3213
14.3213
14.3213
14.3213
14.3213
14.3213
14.3213
14.3213
14.7755
14.7755
14.7755
14.7755
14.7755
14.7755
14.7755
14.7755
7.01761
7.01761
7.01761
7.01761
7.01761
7.01761
7.01761
7.01761
7.12335
7.12335
7.12335
7.12335
7.12335
7.12335
7.12335
7.12335
7.31874
7.31874
7.31874
7.31874
7.31874
7.31874
7.31874
7.31874
7.60962
7.60962
7.60962
7.60962
7.60962
7.60962
7.60962
7.60962
7.99841
7.99841
7.99841
7.99841
7.99841
7.99841
7.99841
7.99841
8.48309
8.48309
8.48309
8.48309
8.48309
8.48309
8.48309
8.48309
9.05646
9.05646
9.05646
9.05646
9.05646
9.05646
9.05646
9.05646
9.70502
9.70502
9.70502
9.70502
9.70502
9.70502
9.70502
9.70502
10.4087
10.4087
10.4087
10.4087
10.4087
10.4087
10.4087
10.4087
11.1416
11.1416
11.1416
11.1416
11.1416
11.1416
11.1416
11.1416
11.8745
11.8745
11.8745
11.8745
11.8745
11.8745
11.8745
11.8745
12.578
12.578
12.578
12.578
12.578
12.578
12.578
12.578
13.228
13.228
13.228
13.228
13.228
13.228
13.228
13.228
13.8097
13.8097
13.8097
13.8097
13.8097
13.8097
13.8097
13.8097
14.3213
14.3213
14.3213
14.3213
14.3213
14.3213
14.3213
14.3213
14.7755
14.7755
14.7755
14.7755
14.7755
14.7755
14.7755
14.7755
6.81539
6.81539
6.81539
6.81539
6.81539
6.81539
6.81539
6.81539
6.98039
6.98039
6.98039
6.98039
6.98039
6.98039
6.98039
6.98039
7.24127
7.24127
7.24127
7.24127
7.24127
7.24127
7.24127
7.24127
7.6058
7.6058
7.6058
7.6058
7.6058
7.6058
7.6058
7.6058
8.07853
8.07853
8.07853
8.07853
8.07853
8.07853
8.07853
8.07853
8.6597
8.6597
8.6597
8.6597
8.6597
8.6597
8.6597
8.6597
9.34392
9.34392
9.34392
9.34392
9.34392
9.34392
9.34392
9.34392
10.1185
10.1185
10.1185
10.1185
10.1185
10.1185
10.1185
10.1185
10.9629
10.9629
10.9629
10.9629
10.9629
10.9629
10.9629
10.9629
11.849
11.849
11.849
11.849
11.849
11.849
11.849
11.849
12.7434
12.7434
12.7434
12.7434
12.7434
12.7434
12.7434
12.7434
13.6112
13.6112
13.6112
13.6112
13.6112
13.6112
13.6112
13.6112
14.4217
14.4217
14.4217
14.4217
14.4217
14.4217
14.4217
14.4217
15.1539
15.1539
15.1539
15.1539
15.1539
15.1539
15.1539
15.1539
15.801
15.801
15.801
15.801
15.801
15.801
15.801
15.801
16.373
16.373
16.373
16.373
16.373
16.373
16.373
16.373
6.81539
6.81539
6.81539
6.81539
6.81539
6.81539
6.81539
6.81539
6.98039
6.98039
6.98039
6.98039
6.98039
6.98039
6.98039
6.98039
7.24127
7.24127
7.24127
7.24127
7.24127
7.24127
7.24127
7.24127
7.6058
7.6058
7.6058
7.6058
7.6058
7.6058
7.6058
7.6058
8.07853
8.07853
8.07853
8.07853
8.07853
8.07853
8.07853
8.07853
8.6597
8.6597
8.6597
8.6597
8.6597
8.6597
8.6597
8.6597
9.34392
9.34392
9.34392
9.34392
9.34392
9.34392
9.34392
9.34392
10.1185
10.1185
10.1185
10.1185
10.1185
10.1185
10.1185
10.1185
10.9629
10.9629
10.9629
10.9629
10.9629
10.9629
10.9629
10.9629
11.849
11.849
11.849
11.849
11.849
11.849
11.849
11.849
12.7434
12.7434
12.7434
12.7434
12.7434
12.7434
12.7434
12.7434
13.6112
13.6112
13.6112
13.6112
13.6112
13.6112
13.6112
13.6112
14.4217
14.4217
14.4217
14.4217
14.4217
14.4217
14.4217
14.4217
15.1539
15.1539
15.1539
15.1539
15.1539
15.1539
15.1539
15.1539
15.801
15.801
15.801
15.801
15.801
15.801
15.801
15.801
16.373
16.373
16.373
16.373
16.373
16.373
16.373
16.373
6.81539
6.81539
6.81539
6.81539
6.81539
6.81539
6.81539
6.81539
6.98039
6.98039
6.98039
6.98039
6.98039
6.98039
6.98039
6.98039
7.24127
7.24127
7.24127
7.24127
7.24127
7.24127
7.24127
7.24127
7.6058
7.6058
7.6058
7.6058
7.6058
7.6058
7.6058
7.6058
8.07853
8.07853
8.07853
8.07853
8.07853
8.07853
8.07853
8.07853
8.6597
8.6597
8.6597
8.6597
8.6597
8.6597
8.6597
8.6597
9.34392
9.34392
9.34392
9.34392
9.34392
9.34392
9.34392
9.34392
10.1185
10.1185
10.1185
10.1185
10.1185
10.1185
10.1185
10.1185
10.9629
10.9629
10.9629
10.9629
10.9629
10.9629
10.9629
10.9629
11.849
11.849
11.849
11.849
11.849
11.849
11.849
11.849
12.7434
12.7434
12.7434
12.7434
12.7434
12.7434
12.7434
12.7434
13.6112
13.6112
13.6112
13.6112
13.6112
13.6112
13.6112
13.6112
14.4217
14.4217
14.4217
14.4217
14.4217
14.4217
14.4217
14.4217
15.1539
15.1539
15.1539
15.1539
15.1539
15.1539
15.1539
15.1539
15.801
15.801
15.801
15.801
15.801
15.801
15.801
15.801
16.373
16.373
16.373
16.373
16.373
16.373
16.373
16.373
6.81539
6.81539
6.81539
6.81539
6.81539
6.81539
6.81539
6.81539
6.98039
6.98039
6.98039
6.98039
6.98039
6.98039
6.98039
6.98039
7.24127
7.24127
7.24127
7.24127
7.24127
7.24127
7.24127
7.24127
7.6058
7.6058
7.6058
7.6058
7.6058
7.6058
7.6058
7.6058
8.07853
8.07853
8.07853
8.07853
8.07853
8.07853
8.07853
8.07853
8.6597
8.6597
8.6597
8.6597
8.6597
8.6597
8.6597
8.6597
9.34392
9.34392
9.34392
9.34392
9.34392
9.34392
9.34392
9.34392
10.1185
10.1185
10.1185
10.1185
10.1185
10.1185
10.1185
10.1185
10.9629
10.9629
10.9629
10.9629
10.9629
10.9629
10.9629
10.9629
11.849
11.849
11.849
11.849
11.849
11.849
11.849
11.849
12.7434
12.7434
12.7434
12.7434
12.7434
12.7434
12.7434
12.7434
13.6112
13.6112
13.6112
13.6112
13.6112
13.6112
13.6112
13.6112
14.4217
14.4217
14.4217
14.4217
14.4217
14.4217
14.4217
14.4217
15.1539
15.1539
15.1539
15.1539
15.1539
15.1539
15.1539
15.1539
15.801
15.801
15.801
15.801
15.801
15.801
15.801
15.801
16.373
16.373
16.373
16.373
16.373
16.373
16.373
16.373
