8192
16.4802
16.4802
16.4802
16.4802
16.4802
16.4802
16.4802
16.4802
17.1682
17.1682
17.1682
17.1682
17.1682
17.1682
17.1682
17.1682
17.9978
17.9978
17.9978
17.9978
17.9978
17.9978
17.9978
17.9978
19.0332
19.0332
19.0332
19.0332
19.0332
19.0332
19.0332
19.0332
20.3428
20.3428
20.3428
20.3428
20.3428
20.3428
20.3428
20.3428
21.9982
21.9982
21.9982
21.9982
21.9982
21.9982
21.9982
21.9982
24.071
24.071
24.071
24.071
24.071
24.071
24.071
24.071
26.6277
26.6277
26.6277
26.6277
26.6277
26.6277
26.6277
26.6277
29.7204
29.7204
29.7204
29.7204
29.7204
29.7204
29.7204
29.7204
33.3721
33.3721
33.3721
33.3721
33.3721
33.3721
33.3721
33.3721
37.5576
37.5576
37.5576
37.5576
37.5576
37.5576
37.5576
37.5576
42.1818
42.1818
42.1818
42.1818
42.1818
42.1818
42.1818
42.1818
47.0612
47.0612
47.0612
47.0612
47.0612
47.0612
47.0612
47.0612
51.9177
51.9177
51.9177
51.9177
51.9177
51.9177
51.9177
51.9177
56.3949
56.3949
56.3949
56.3949
56.3949
56.3949
56.3949
56.3949
60.0996
60.0996
60.0996
60.0996
60.0996
60.0996
60.0996
60.0996
16.4802
16.4802
16.4802
16.4802
16.4802
16.4802
16.4802
16.4802
17.1682
17.1682
17.1682
17.1682
17.1682
17.1682
17.1682
17.1682
17.9978
17.9978
17.9978
17.9978
17.9978
17.9978
17.9978
17.9978
19.0332
19.0332
19.0332
19.0332
19.0332
19.0332
19.0332
19.0332
20.3428
20.3428
20.3428
20.3428
20.3428
20.3428
20.3428
20.3428
21.9982
21.9982
21.9982
21.9982
21.9982
21.9982
21.9982
21.9982
24.071
24.071
24.071
24.071
24.071
24.071
24.071
24.071
26.6277
26.6277
26.6277
26.6277
26.6277
26.6277
26.6277
26.6277
29.7204
29.7204
29.7204
29.7204
29.7204
29.7204
29.7204
29.7204
33.3721
33.3721
33.3721
33.3721
33.3721
33.3721
33.3721
33.3721
37.5576
37.5576
37.5576
37.5576
37.5576
37.5576
37.5576
37.5576
42.1818
42.1818
42.1818
42.1818
42.1818
42.1818
42.1818
42.1818
47.0612
47.0612
47.0612
47.0612
47.0612
47.0612
47.0612
47.0612
51.9177
51.9177
51.9177
51.9177
51.9177
51.9177
51.9177
51.9177
56.3949
56.3949
56.3949
56.3949
56.3949
56.3949
56.3949
56.3949
60.0996
60.0996
60.0996
60.0996
60.0996
60.0996
60.0996
60.0996
16.4802
16.4802
16.4802
16.4802
16.4802
16.4802
16.4802
16.4802
17.1682
17.1682
17.1682
17.1682
17.1682
17.1682
17.1682
17.1682
17.9978
17.9978
17.9978
17.9978
17.9978
17.9978
17.9978
17.9978
19.0332
19.0332
19.0332
19.0332
19.0332
19.0332
19.0332
19.0332
20.3428
20.3428
20.3428
20.3428
20.3428
20.3428
20.3428
20.3428
21.9982
21.9982
21.9982
21.9982
21.9982
21.9982
21.9982
21.9982
24.071
24.071
24.071
24.071
24.071
24.071
24.071
24.071
26.6277
26.6277
26.6277
26.6277
26.6277
26.6277
26.6277
26.6277
29.7204
29.7204
29.7204
29.7204
29.7204
29.7204
29.7204
29.7204
33.3721
33.3721
33.3721
33.3721
33.3721
33.3721
33.3721
33.3721
37.5576
37.5576
37.5576
37.5576
37.5576
37.5576
37.5576
37.5576
42.1818
42.1818
42.1818
42.1818
42.1818
42.1818
42.1818
42.1818
47.0612
47.0612
47.0612
47.0612
47.0612
47.0612
47.0612
47.0612
51.9177
51.9177
51.9177
51.9177
51.9177
51.9177
51.9177
51.9177
56.3949
56.3949
56.3949
56.3949
56.3949
56.3949
56.3949
56.3949
60.0996
60.0996
60.0996
60.0996
60.0996
60.0996
60.0996
60.0996
16.4802
16.4802
16.4802
16.4802
16.4802
16.4802
16.4802
16.4802
17.1682
17.1682
17.1682
17.1682
17.1682
17.1682
17.1682
17.1682
17.9978
17.9978
17.9978
17.9978
17.9978
17.9978
17.9978
17.9978
19.0332
19.0332
19.0332
19.0332
19.0332
19.0332
19.0332
19.0332
20.3428
20.3428
20.3428
20.3428
20.3428
20.3428
20.3428
20.3428
21.9982
21.9982
21.9982
21.9982
21.9982
21.9982
21.9982
21.9982
24.071
24.071
24.071
24.071
24.071
24.071
24.071
24.071
26.6277
26.6277
26.6277
26.6277
26.6277
26.6277
26.6277
26.6277
29.7204
29.7204
29.7204
29.7204
29.7204
29.7204
29.7204
29.7204
33.3721
33.3721
33.3721
33.3721
33.3721
33.3721
33.3721
33.3721
37.5576
37.5576
37.5576
37.5576
37.5576
37.5576
37.5576
37.5576
42.1818
42.1818
42.1818
42.1818
42.1818
42.1818
42.1818
42.1818
47.0612
47.0612
47.0612
47.0612
47.0612
47.0612
47.0612
47.0612
51.9177
51.9177
51.9177
51.9177
51.9177
51.9177
51.9177
51.9177
56.3949
56.3949
56.3949
56.3949
56.3949
56.3949
56.3949
56.3949
60.0996
60.0996
60.0996
60.0996
60.0996
60.0996
60.0996
60.0996
14.8829
14.8829
14.8829
14.8829
14.8829
14.8829
14.8829
14.8829
15.5647
15.5647
15.5647
15.5647
15.5647
15.5647
15.5647
15.5647
16.3913
16.3913
16.3913
16.3913
16.3913
16.3913
16.3913
16.3913
17.4238
17.4238
17.4238
17.4238
17.4238
17.4238
17.4238
17.4238
18.7291
18.7291
18.7291
18.7291
18.7291
18.7291
18.7291
18.7291
20.3792
20.3792
20.3792
20.3792
20.3792
20.3792
20.3792
20.3792
22.4488
22.4488
22.4488
22.4488
22.4488
22.4488
22.4488
22.4488
25.0102
25.0102
25.0102
25.0102
25.0102
25.0102
25.0102
25.0102
28.1245
28.1245
28.1245
28.1245
28.1245
28.1245
28.1245
28.1245
31.8272
31.8272
31.8272
31.8272
31.8272
31.8272
31.8272
31.8272
36.1078
36.1078
36.1078
36.1078
36.1078
36.1078
36.1078
36.1078
40.8862
40.8862
40.8862
40.8862
40.8862
40.8862
40.8862
40.8862
45.9908
45.9908
45.9908
45.9908
45.9908
45.9908
45.9908
45.9908
51.1484
51.1484
51.1484
51.1484
51.1484
51.1484
51.1484
51.1484
55.9948
55.9948
55.9948
55.9948
55.9948
55.9948
55.9948
55.9948
60.1158
60.1158
60.1158
60.1158
60.1158
60.1158
60.1158
60.1158
14.8829
14.8829
14.8829
14.8829
14.8829
14.8829
14.8829
14.8829
15.5647
15.5647
15.5647
15.5647
15.5647
15.5647
15.5647
15.5647
16.3913
16.3913
16.3913
16.3913
16.3913
16.3913
16.3913
16.3913
17.4238
17.4238
17.4238
17.4238
17.4238
17.4238
17.4238
17.4238
18.7291
18.7291
18.7291
18.7291
18.7291
18.7291
18.7291
18.7291
20.3792
20.3792
20.3792
20.3792
20.3792
20.3792
20.3792
20.3792
22.4488
22.4488
22.4488
22.4488
22.4488
22.4488
22.4488
22.4488
25.0102
25.0102
25.0102
25.0102
25.0102
25.0102
25.0102
25.0102
28.1245
28.1245
28.1245
28.1245
28.1245
28.1245
28.1245
28.1245
31.8272
31.8272
31.8272
31.8272
31.8272
31.8272
31.8272
31.8272
36.1078
36.1078
36.1078
36.1078
36.1078
36.1078
36.1078
36.1078
40.8862
40.8862
40.8862
40.8862
40.8862
40.8862
40.8862
40.8862
45.9908
45.9908
45.9908
45.9908
45.9908
45.9908
45.9908
45.9908
51.1484
51.1484
51.1484
51.1484
51.1484
51.1484
51.1484
51.1484
55.9948
55.9948
55.9948
55.9948
55.9948
55.9948
55.9948
55.9948
60.1158
60.1158
60.1158
60.1158
60.1158
60.1158
60.1158
60.1158
14.8829
14.8829
14.8829
14.8829
14.8829
14.8829
14.8829
14.8829
15.5647
15.5647
15.5647
15.5647
15.5647
15.5647
15.5647
15.5647
16.3913
16.3913
16.3913
16.3913
16.3913
16.3913
16.3913
16.3913
17.4238
17.4238
17.4238
17.4238
17.4238
17.4238
17.4238
17.4238
18.7291
18.7291
18.7291
18.7291
18.7291
18.7291
18.7291
18.7291
20.3792
20.3792
20.3792
20.3792
20.3792
20.3792
20.3792
20.3792
22.4488
22.4488
22.4488
22.4488
22.4488
22.4488
22.4488
22.4488
25.0102
25.0102
25.0102
25.0102
25.0102
25.0102
25.0102
25.0102
28.1245
28.1245
28.1245
28.1245
28.1245
28.1245
28.1245
28.1245
31.8272
31.8272
31.8272
31.8272
31.8272
31.8272
31.8272
31.8272
36.1078
36.1078
36.1078
36.1078
36.1078
36.1078
36.1078
36.1078
40.8862
40.8862
40.8862
40.8862
40.8862
40.8862
40.8862
40.8862
45.9908
45.9908
45.9908
45.9908
45.9908
45.9908
45.9908
45.9908
51.1484
51.1484
51.1484
51.1484
51.1484
51.1484
51.1484
51.1484
55.9948
55.9948
55.9948
55.9948
55.9948
55.9948
55.9948
55.9948
60.1158
60.1158
60.1158
60.1158
60.1158
60.1158
60.1158
60.1158
14.8829
14.8829
14.8829
14.8829
14.8829
14.8829
14.8829
14.8829
15.5647
15.5647
15.5647
15.5647
15.5647
15.5647
15.5647
15.5647
16.3913
16.3913
16.3913
16.3913
16.3913
16.3913
16.3913
16.3913
17.4238
17.4238
17.4238
17.4238
17.4238
17.4238
17.4238
17.4238
18.7291
18.7291
18.7291
18.7291
18.7291
18.7291
18.7291
18.7291
20.3792
20.3792
20.3792
20.3792
20.3792
20.3792
20.3792
20.3792
22.4488
22.4488
22.4488
22.4488
22.4488
22.4488
22.4488
22.4488
25.0102
25.0102
25.0102
25.0102
25.0102
25.0102
25.0102
25.0102
28.1245
28.1245
28.1245
28.1245
28.1245
28.1245
28.1245
28.1245
31.8272
31.8272
31.8272
31.8272
31.8272
31.8272
31.8272
31.8272
36.1078
36.1078
36.1078
36.1078
36.1078
36.1078
36.1078
36.1078
40.8862
40.8862
40.8862
40.8862
40.8862
40.8862
40.8862
40.8862
45.9908
45.9908
45.9908
45.9908
45.9908
45.9908
45.9908
45.9908
51.1484
51.1484
51.1484
51.1484
51.1484
51.1484
51.1484
51.1484
55.9948
55.9948
55.9948
55.9948
55.9948
55.9948
55.9948
55.9948
60.1158
60.1158
60.1158
60.1158
60.1158
60.1158
60.1158
60.1158
13.4966
13.4966
13.4966
13.4966
13.4966
13.4966
13.4966
13.4966
14.1513
14.1513
14.1513
14.1513
14.1513
14.1513
14.1513
14.1513
14.9502
14.9502
14.9502
14.9502
14.9502
14.9502
14.9502
14.9502
15.9513
15.9513
15.9513
15.9513
15.9513
15.9513
15.9513
15.9513
17.2193
17.2193
17.2193
17.2193
17.2193
17.2193
17.2193
17.2193
18.8258
18.8258
18.8258
18.8258
18.8258
18.8258
18.8258
18.8258
20.8464
20.8464
20.8464
20.8464
20.8464
20.8464
20.8464
20.8464
23.3575
23.3575
23.3575
23.3575
23.3575
23.3575
23.3575
23.3575
26.4274
26.4274
26.4274
26.4274
26.4274
26.4274
26.4274
26.4274
30.1022
30.1022
30.1022
30.1022
30.1022
30.1022
30.1022
30.1022
34.3856
34.3856
34.3856
34.3856
34.3856
34.3856
34.3856
34.3856
39.214
39.214
39.214
39.214
39.214
39.214
39.214
39.214
44.4321
44.4321
44.4321
44.4321
44.4321
44.4321
44.4321
44.4321
49.7784
49.7784
49.7784
49.7784
49.7784
49.7784
49.7784
49.7784
54.8913
54.8913
54.8913
54.8913
54.8913
54.8913
54.8913
54.8913
59.3453
59.3453
59.3453
59.3453
59.3453
59.3453
59.3453
59.3453
13.4966
13.4966
13.4966
13.4966
13.4966
13.4966
13.4966
13.4966
14.1513
14.1513
14.1513
14.1513
14.1513
14.1513
14.1513
14.1513
14.9502
14.9502
14.9502
14.9502
14.9502
14.9502
14.9502
14.9502
15.9513
15.9513
15.9513
15.9513
15.9513
15.9513
15.9513
15.9513
17.2193
17.2193
17.2193
17.2193
17.2193
17.2193
17.2193
17.2193
18.8258
18.8258
18.8258
18.8258
18.8258
18.8258
18.8258
18.8258
20.8464
20.8464
20.8464
20.8464
20.8464
20.8464
20.8464
20.8464
23.3575
23.3575
23.3575
23.3575
23.3575
23.3575
23.3575
23.3575
26.4274
26.4274
26.4274
26.4274
26.4274
26.4274
26.4274
26.4274
30.1022
30.1022
30.1022
30.1022
30.1022
30.1022
30.1022
30.1022
34.3856
34.3856
34.3856
34.3856
34.3856
34.3856
34.3856
34.3856
39.214
39.214
39.214
39.214
39.214
39.214
39.214
39.214
44.4321
44.4321
44.4321
44.4321
44.4321
44.4321
44.4321
44.4321
49.7784
49.7784
49.7784
49.7784
49.7784
49.7784
49.7784
49.7784
54.8913
54.8913
54.8913
54.8913
54.8913
54.8913
54.8913
54.8913
59.3453
59.3453
59.3453
59.3453
59.3453
59.3453
59.3453
59.3453
13.4966
13.4966
13.4966
13.4966
13.4966
13.4966
13.4966
13.4966
14.1513
14.1513
14.1513
14.1513
14.1513
14.1513
14.1513
14.1513
14.9502
14.9502
14.9502
14.9502
14.9502
14.9502
14.9502
14.9502
15.9513
15.9513
15.9513
15.9513
15.9513
15.9513
15.9513
15.9513
17.2193
17.2193
17.2193
17.2193
17.2193
17.2193
17.2193
17.2193
18.8258
18.8258
18.8258
18.8258
18.8258
18.8258
18.8258
18.8258
20.8464
20.8464
20.8464
20.8464
20.8464
20.8464
20.8464
20.8464
23.3575
23.3575
23.3575
23.3575
23.3575
23.3575
23.3575
23.3575
26.4274
26.4274
26.4274
26.4274
26.4274
26.4274
26.4274
26.4274
30.1022
30.1022
30.1022
30.1022
30.1022
30.1022
30.1022
30.1022
34.3856
34.3856
34.3856
34.3856
34.3856
34.3856
34.3856
34.3856
39.214
39.214
39.214
39.214
39.214
39.214
39.214
39.214
44.4321
44.4321
44.4321
44.4321
44.4321
44.4321
44.4321
44.4321
49.7784
49.7784
49.7784
49.7784
49.7784
49.7784
49.7784
49.7784
54.8913
54.8913
54.8913
54.8913
54.8913
54.8913
54.8913
54.8913
59.3453
59.3453
59.3453
59.3453
59.3453
59.3453
59.3453
59.3453
13.4966
13.4966
13.4966
13.4966
13.4966
13.4966
13.4966
13.4966
14.1513
14.1513
14.1513
14.1513
14.1513
14.1513
14.1513
14.1513
14.9502
14.9502
14.9502
14.9502
14.9502
14.9502
14.9502
14.9502
15.9513
15.9513
15.9513
15.9513
15.9513
15.9513
15.9513
15.9513
17.2193
17.2193
17.2193
17.2193
17.2193
17.2193
17.2193
17.2193
18.8258
18.8258
18.8258
18.8258
18.8258
18.8258
18.8258
18.8258
20.8464
20.8464
20.8464
20.8464
20.8464
20.8464
20.8464
20.8464
23.3575
23.3575
23.3575
23.3575
23.3575
23.3575
23.3575
23.3575
26.4274
26.4274
26.4274
26.4274
26.4274
26.4274
26.4274
26.4274
30.1022
30.1022
30.1022
30.1022
30.1022
30.1022
30.1022
30.1022
34.3856
34.3856
34.3856
34.3856
34.3856
34.3856
34.3856
34.3856
39.214
39.214
39.214
39.214
39.214
39.214
39.214
39.214
44.4321
44.4321
44.4321
44.4321
44.4321
44.4321
44.4321
44.4321
49.7784
49.7784
49.7784
49.7784
49.7784
49.7784
49.7784
49.7784
54.8913
54.8913
54.8913
54.8913
54.8913
54.8913
54.8913
54.8913
59.3453
59.3453
59.3453
59.3453
59.3453
59.3453
59.3453
59.3453
12.336
12.336
12.336
12.336
12.336
12.336
12.336
12.336
12.9498
12.9498
12.9498
12.9498
12.9498
12.9498
12.9498
12.9498
13.7041
13.7041
13.7041
13.7041
13.7041
13.7041
13.7041
13.7041
14.6534
14.6534
14.6534
14.6534
14.6534
14.6534
14.6534
14.6534
15.8602
15.8602
15.8602
15.8602
15.8602
15.8602
15.8602
15.8602
17.3937
17.3937
17.3937
17.3937
17.3937
17.3937
17.3937
17.3937
19.3297
19.3297
19.3297
19.3297
19.3297
19.3297
19.3297
19.3297
21.7461
21.7461
21.7461
21.7461
21.7461
21.7461
21.7461
21.7461
24.7159
24.7159
24.7159
24.7159
24.7159
24.7159
24.7159
24.7159
28.2935
28.2935
28.2935
28.2935
28.2935
28.2935
28.2935
28.2935
32.4955
32.4955
32.4955
32.4955
32.4955
32.4955
32.4955
32.4955
37.2746
37.2746
37.2746
37.2746
37.2746
37.2746
37.2746
37.2746
42.4946
42.4946
42.4946
42.4946
42.4946
42.4946
42.4946
42.4946
47.9116
47.9116
47.9116
47.9116
47.9116
47.9116
47.9116
47.9116
53.1758
53.1758
53.1758
53.1758
53.1758
53.1758
53.1758
53.1758
57.8629
57.8629
57.8629
57.8629
57.8629
57.8629
57.8629
57.8629
12.336
12.336
12.336
12.336
12.336
12.336
12.336
12.336
12.9498
12.9498
12.9498
12.9498
12.9498
12.9498
12.9498
12.9498
13.7041
13.7041
13.7041
13.7041
13.7041
13.7041
13.7041
13.7041
14.6534
14.6534
14.6534
14.6534
14.6534
14.6534
14.6534
14.6534
15.8602
15.8602
15.8602
15.8602
15.8602
15.8602
15.8602
15.8602
17.3937
17.3937
17.3937
17.3937
17.3937
17.3937
17.3937
17.3937
19.3297
19.3297
19.3297
19.3297
19.3297
19.3297
19.3297
19.3297
21.7461
21.7461
21.7461
21.7461
21.7461
21.7461
21.7461
21.7461
24.7159
24.7159
24.7159
24.7159
24.7159
24.7159
24.7159
24.7159
28.2935
28.2935
28.2935
28.2935
28.2935
28.2935
28.2935
28.2935
32.4955
32.4955
32.4955
32.4955
32.4955
32.4955
32.4955
32.4955
37.2746
37.2746
37.2746
37.2746
37.2746
37.2746
37.2746
37.2746
42.4946
42.4946
42.4946
42.4946
42.4946
42.4946
42.4946
42.4946
47.9116
47.9116
47.9116
47.9116
47.9116
47.9116
47.9116
47.9116
53.1758
53.1758
53.1758
53.1758
53.1758
53.1758
53.1758
53.1758
57.8629
57.8629
57.8629
57.8629
57.8629
57.8629
57.8629
57.8629
12.336
12.336
12.336
12.336
12.336
12.336
12.336
12.336
12.9498
12.9498
12.9498
12.9498
12.9498
12.9498
12.9498
12.9498
13.7041
13.7041
13.7041
13.7041
13.7041
13.7041
13.7041
13.7041
14.6534
14.6534
14.6534
14.6534
14.6534
14.6534
14.6534
14.6534
15.8602
15.8602
15.8602
15.8602
15.8602
15.8602
15.8602
15.8602
17.3937
17.3937
17.3937
17.3937
17.3937
17.3937
17.3937
17.3937
19.3297
19.3297
19.3297
19.3297
19.3297
19.3297
19.3297
19.3297
21.7461
21.7461
21.7461
21.7461
21.7461
21.7461
21.7461
21.7461
24.7159
24.7159
24.7159
24.7159
24.7159
24.7159
24.7159
24.7159
28.2935
28.2935
28.2935
28.2935
28.2935
28.2935
28.2935
28.2935
32.4955
32.4955
32.4955
32.4955
32.4955
32.4955
32.4955
32.4955
37.2746
37.2746
37.2746
37.2746
37.2746
37.2746
37.2746
37.2746
42.4946
42.4946
42.4946
42.4946
42.4946
42.4946
42.4946
42.4946
47.9116
47.9116
47.9116
47.9116
47.9116
47.9116
47.9116
47.9116
53.1758
53.1758
53.1758
53.1758
53.1758
53.1758
53.1758
53.1758
57.8629
57.8629
57.8629
57.8629
57.8629
57.8629
57.8629
57.8629
12.336
12.336
12.336
12.336
12.336
12.336
12.336
12.336
12.9498
12.9498
12.9498
12.9498
12.9498
12.9498
12.9498
12.9498
13.7041
13.7041
13.7041
13.7041
13.7041
13.7041
13.7041
13.7041
14.6534
14.6534
14.6534
14.6534
14.6534
14.6534
14.6534
14.6534
15.8602
15.8602
15.8602
15.8602
15.8602
15.8602
15.8602
15.8602
17.3937
17.3937
17.3937
17.3937
17.3937
17.3937
17.3937
17.3937
19.3297
19.3297
19.3297
19.3297
19.3297
19.3297
19.3297
19.3297
21.7461
21.7461
21.7461
21.7461
21.7461
21.7461
21.7461
21.7461
24.7159
24.7159
24.7159
24.7159
24.7159
24.7159
24.7159
24.7159
28.2935
28.2935
28.2935
28.2935
28.2935
28.2935
28.2935
28.2935
32.4955
32.4955
32.4955
32.4955
32.4955
32.4955
32.4955
32.4955
37.2746
37.2746
37.2746
37.2746
37.2746
37.2746
37.2746
37.2746
42.4946
42.4946
42.4946
42.4946
42.4946
42.4946
42.4946
42.4946
47.9116
47.9116
47.9116
47.9116
47.9116
47.9116
47.9116
47.9116
53.1758
53.1758
53.1758
53.1758
53.1758
53.1758
53.1758
53.1758
57.8629
57.8629
57.8629
57.8629
57.8629
57.8629
57.8629
57.8629
11.408
11.408
11.408
11.408
11.408
11.408
11.408
11.408
11.9737
11.9737
11.9737
11.9737
11.9737
11.9737
11.9737
11.9737
12.6738
12.6738
12.6738
12.6738
12.6738
12.6738
12.6738
12.6738
13.5598
13.5598
13.5598
13.5598
13.5598
13.5598
13.5598
13.5598
14.6906
14.6906
14.6906
14.6906
14.6906
14.6906
14.6906
14.6906
16.1333
16.1333
16.1333
16.1333
16.1333
16.1333
16.1333
16.1333
17.9615
17.9615
17.9615
17.9615
17.9615
17.9615
17.9615
17.9615
20.253
20.253
20.253
20.253
20.253
20.253
20.253
20.253
23.0831
23.0831
23.0831
23.0831
23.0831
23.0831
23.0831
23.0831
26.5119
26.5119
26.5119
26.5119
26.5119
26.5119
26.5119
26.5119
30.5662
30.5662
30.5662
30.5662
30.5662
30.5662
30.5662
30.5662
35.2143
35.2143
35.2143
35.2143
35.2143
35.2143
35.2143
35.2143
40.3398
40.3398
40.3398
40.3398
40.3398
40.3398
40.3398
40.3398
45.7207
45.7207
45.7207
45.7207
45.7207
45.7207
45.7207
45.7207
51.0265
51.0265
51.0265
51.0265
51.0265
51.0265
51.0265
51.0265
55.8445
55.8445
55.8445
55.8445
55.8445
55.8445
55.8445
55.8445
11.408
11.408
11.408
11.408
11.408
11.408
11.408
11.408
11.9737
11.9737
11.9737
11.9737
11.9737
11.9737
11.9737
11.9737
12.6738
12.6738
12.6738
12.6738
12.6738
12.6738
12.6738
12.6738
13.5598
13.5598
13.5598
13.5598
13.5598
13.5598
13.5598
13.5598
14.6906
14.6906
14.6906
14.6906
14.6906
14.6906
14.6906
14.6906
16.1333
16.1333
16.1333
16.1333
16.1333
16.1333
16.1333
16.1333
17.9615
17.9615
17.9615
17.9615
17.9615
17.9615
17.9615
17.9615
20.253
20.253
20.253
20.253
20.253
20.253
20.253
20.253
23.0831
23.0831
23.0831
23.0831
23.0831
23.0831
23.0831
23.0831
26.5119
26.5119
26.5119
26.5119
26.5119
26.5119
26.5119
26.5119
30.5662
30.5662
30.5662
30.5662
30.5662
30.5662
30.5662
30.5662
35.2143
35.2143
35.2143
35.2143
35.2143
35.2143
35.2143
35.2143
40.3398
40.3398
40.3398
40.3398
40.3398
40.3398
40.3398
40.3398
45.7207
45.7207
45.7207
45.7207
45.7207
45.7207
45.7207
45.7207
51.0265
51.0265
51.0265
51.0265
51.0265
51.0265
51.0265
51.0265
55.8445
55.8445
55.8445
55.8445
55.8445
55.8445
55.8445
55.8445
11.408
11.408
11.408
11.408
11.408
11.408
11.408
11.408
11.9737
11.9737
11.9737
11.9737
11.9737
11.9737
11.9737
11.9737
12.6738
12.6738
12.6738
12.6738
12.6738
12.6738
12.6738
12.6738
13.5598
13.5598
13.5598
13.5598
13.5598
13.5598
13.5598
13.5598
14.6906
14.6906
14.6906
14.6906
14.6906
14.6906
14.6906
14.6906
16.1333
16.1333
16.1333
16.1333
16.1333
16.1333
16.1333
16.1333
17.9615
17.9615
17.9615
17.9615
17.9615
17.9615
17.9615
17.9615
20.253
20.253
20.253
20.253
20.253
20.253
20.253
20.253
23.0831
23.0831
23.0831
23.0831
23.0831
23.0831
23.0831
23.0831
26.5119
26.5119
26.5119
26.5119
26.5119
26.5119
26.5119
26.5119
30.5662
30.5662
30.5662
30.5662
30.5662
30.5662
30.5662
30.5662
35.2143
35.2143
35.2143
35.2143
35.2143
35.2143
35.2143
35.2143
40.3398
40.3398
40.3398
40.3398
40.3398
40.3398
40.3398
40.3398
45.7207
45.7207
45.7207
45.7207
45.7207
45.7207
45.7207
45.7207
51.0265
51.0265
51.0265
51.0265
51.0265
51.0265
51.0265
51.0265
55.8445
55.8445
55.8445
55.8445
55.8445
55.8445
55.8445
55.8445
11.408
11.408
11.408
11.408
11.408
11.408
11.408
11.408
11.9737
11.9737
11.9737
11.9737
11.9737
11.9737
11.9737
11.9737
12.6738
12.6738
12.6738
12.6738
12.6738
12.6738
12.6738
12.6738
13.5598
13.5598
13.5598
13.5598
13.5598
13.5598
13.5598
13.5598
14.6906
14.6906
14.6906
14.6906
14.6906
14.6906
14.6906
14.6906
16.1333
16.1333
16.1333
16.1333
16.1333
16.1333
16.1333
16.1333
17.9615
17.9615
17.9615
17.9615
17.9615
17.9615
17.9615
17.9615
20.253
20.253
20.253
20.253
20.253
20.253
20.253
20.253
23.0831
23.0831
23.0831
23.0831
23.0831
23.0831
23.0831
23.0831
26.5119
26.5119
26.5119
26.5119
26.5119
26.5119
26.5119
26.5119
30.5662
30.5662
30.5662
30.5662
30.5662
30.5662
30.5662
30.5662
35.2143
35.2143
35.2143
35.2143
35.2143
35.2143
35.2143
35.2143
40.3398
40.3398
40.3398
40.3398
40.3398
40.3398
40.3398
40.3398
45.7207
45.7207
45.7207
45.7207
45.7207
45.7207
45.7207
45.7207
51.0265
51.0265
51.0265
51.0265
51.0265
51.0265
51.0265
51.0265
55.8445
55.8445
55.8445
55.8445
55.8445
55.8445
55.8445
55.8445
10.7139
10.7139
10.7139
10.7139
10.7139
10.7139
10.7139
10.7139
11.2298
11.2298
11.2298
11.2298
11.2298
11.2298
11.2298
11.2298
11.8726
11.8726
11.8726
11.8726
11.8726
11.8726
11.8726
11.8726
12.6907
12.6907
12.6907
12.6907
12.6907
12.6907
12.6907
12.6907
13.7401
13.7401
13.7401
13.7401
13.7401
13.7401
13.7401
13.7401
15.0844
15.0844
15.0844
15.0844
15.0844
15.0844
15.0844
15.0844
16.7944
16.7944
16.7944
16.7944
16.7944
16.7944
16.7944
16.7944
18.9462
18.9462
18.9462
18.9462
18.9462
18.9462
18.9462
18.9462
21.6151
21.6151
21.6151
21.6151
21.6151
21.6151
21.6151
21.6151
24.8646
24.8646
24.8646
24.8646
24.8646
24.8646
24.8646
24.8646
28.729
28.729
28.729
28.729
28.729
28.729
28.729
28.729
33.1901
33.1901
33.1901
33.1901
33.1901
33.1901
33.1901
33.1901
38.1507
38.1507
38.1507
38.1507
38.1507
38.1507
38.1507
38.1507
43.4126
43.4126
43.4126
43.4126
43.4126
43.4126
43.4126
43.4126
48.67
48.67
48.67
48.67
48.67
48.67
48.67
48.67
53.5293
53.5293
53.5293
53.5293
53.5293
53.5293
53.5293
53.5293
10.7139
10.7139
10.7139
10.7139
10.7139
10.7139
10.7139
10.7139
11.2298
11.2298
11.2298
11.2298
11.2298
11.2298
11.2298
11.2298
11.8726
11.8726
11.8726
11.8726
11.8726
11.8726
11.8726
11.8726
12.6907
12.6907
12.6907
12.6907
12.6907
12.6907
12.6907
12.6907
13.7401
13.7401
13.7401
13.7401
13.7401
13.7401
13.7401
13.7401
15.0844
15.0844
15.0844
15.0844
15.0844
15.0844
15.0844
15.0844
16.7944
16.7944
16.7944
16.7944
16.7944
16.7944
16.7944
16.7944
18.9462
18.9462
18.9462
18.9462
18.9462
18.9462
18.9462
18.9462
21.6151
21.6151
21.6151
21.6151
21.6151
21.6151
21.6151
21.6151
24.8646
24.8646
24.8646
24.8646
24.8646
24.8646
24.8646
24.8646
28.729
28.729
28.729
28.729
28.729
28.729
28.729
28.729
33.1901
33.1901
33.1901
33.1901
33.1901
33.1901
33.1901
33.1901
38.1507
38.1507
38.1507
38.1507
38.1507
38.1507
38.1507
38.1507
43.4126
43.4126
43.4126
43.4126
43.4126
43.4126
43.4126
43.4126
48.67
48.67
48.67
48.67
48.67
48.67
48.67
48.67
53.5293
53.5293
53.5293
53.5293
53.5293
53.5293
53.5293
53.5293
10.7139
10.7139
10.7139
10.7139
10.7139
10.7139
10.7139
10.7139
11.2298
11.2298
11.2298
11.2298
11.2298
11.2298
11.2298
11.2298
11.8726
11.8726
11.8726
11.8726
11.8726
11.8726
11.8726
11.8726
12.6907
12.6907
12.6907
12.6907
12.6907
12.6907
12.6907
12.6907
13.7401
13.7401
13.7401
13.7401
13.7401
13.7401
13.7401
13.7401
15.0844
15.0844
15.0844
15.0844
15.0844
15.0844
15.0844
15.0844
16.7944
16.7944
16.7944
16.7944
16.7944
16.7944
16.7944
16.7944
18.9462
18.9462
18.9462
18.9462
18.9462
18.9462
18.9462
18.9462
21.6151
21.6151
21.6151
21.6151
21.6151
21.6151
21.6151
21.6151
24.8646
24.8646
24.8646
24.8646
24.8646
24.8646
24.8646
24.8646
28.729
28.729
28.729
28.729
28.729
28.729
28.729
28.729
33.1901
33.1901
33.1901
33.1901
33.1901
33.1901
33.1901
33.1901
38.1507
38.1507
38.1507
38.1507
38.1507
38.1507
38.1507
38.1507
43.4126
43.4126
43.4126
43.4126
43.4126
43.4126
43.4126
43.4126
48.67
48.67
48.67
48.67
48.67
48.67
48.67
48.67
53.5293
53.5293
53.5293
53.5293
53.5293
53.5293
53.5293
53.5293
10.7139
10.7139
10.7139
10.7139
10.7139
10.7139
10.7139
10.7139
11.2298
11.2298
11.2298
11.2298
11.2298
11.2298
11.2298
11.2298
11.8726
11.8726
11.8726
11.8726
11.8726
11.8726
11.8726
11.8726
12.6907
12.6907
12.6907
12.6907
12.6907
12.6907
12.6907
12.6907
13.7401
13.7401
13.7401
13.7401
13.7401
13.7401
13.7401
13.7401
15.0844
15.0844
15.0844
15.0844
15.0844
15.0844
15.0844
15.0844
16.7944
16.7944
16.7944
16.7944
16.7944
16.7944
16.7944
16.7944
18.9462
18.9462
18.9462
18.9462
18.9462
18.9462
18.9462
18.9462
21.6151
21.6151
21.6151
21.6151
21.6151
21.6151
21.6151
21.6151
24.8646
24.8646
24.8646
24.8646
24.8646
24.8646
24.8646
24.8646
28.729
28.729
28.729
28.729
28.729
28.729
28.729
28.729
33.1901
33.1901
33.1901
33.1901
33.1901
33.1901
33.1901
33.1901
38.1507
38.1507
38.1507
38.1507
38.1507
38.1507
38.1507
38.1507
43.4126
43.4126
43.4126
43.4126
43.4126
43.4126
43.4126
43.4126
48.67
48.67
48.67
48.67
48.67
48.67
48.67
48.67
53.5293
53.5293
53.5293
53.5293
53.5293
53.5293
53.5293
53.5293
10.252
10.252
10.252
10.252
10.252
10.252
10.252
10.252
10.7202
10.7202
10.7202
10.7202
10.7202
10.7202
10.7202
10.7202
11.3074
11.3074
11.3074
11.3074
11.3074
11.3074
11.3074
11.3074
12.0594
12.0594
12.0594
12.0594
12.0594
12.0594
12.0594
12.0594
13.0288
13.0288
13.0288
13.0288
13.0288
13.0288
13.0288
13.0288
14.276
14.276
14.276
14.276
14.276
14.276
14.276
14.276
15.8685
15.8685
15.8685
15.8685
15.8685
15.8685
15.8685
15.8685
17.8797
17.8797
17.8797
17.8797
17.8797
17.8797
17.8797
17.8797
20.3833
20.3833
20.3833
20.3833
20.3833
20.3833
20.3833
20.3833
23.4438
23.4438
23.4438
23.4438
23.4438
23.4438
23.4438
23.4438
27.101
27.101
27.101
27.101
27.101
27.101
27.101
27.101
31.3476
31.3476
31.3476
31.3476
31.3476
31.3476
31.3476
31.3476
36.1038
36.1038
36.1038
36.1038
36.1038
36.1038
36.1038
36.1038
41.195
41.195
41.195
41.195
41.195
41.195
41.195
41.195
46.3423
46.3423
46.3423
46.3423
46.3423
46.3423
46.3423
46.3423
51.1772
51.1772
51.1772
51.1772
51.1772
51.1772
51.1772
51.1772
10.252
10.252
10.252
10.252
10.252
10.252
10.252
10.252
10.7202
10.7202
10.7202
10.7202
10.7202
10.7202
10.7202
10.7202
11.3074
11.3074
11.3074
11.3074
11.3074
11.3074
11.3074
11.3074
12.0594
12.0594
12.0594
12.0594
12.0594
12.0594
12.0594
12.0594
13.0288
13.0288
13.0288
13.0288
13.0288
13.0288
13.0288
13.0288
14.276
14.276
14.276
14.276
14.276
14.276
14.276
14.276
15.8685
15.8685
15.8685
15.8685
15.8685
15.8685
15.8685
15.8685
17.8797
17.8797
17.8797
17.8797
17.8797
17.8797
17.8797
17.8797
20.3833
20.3833
20.3833
20.3833
20.3833
20.3833
20.3833
20.3833
23.4438
23.4438
23.4438
23.4438
23.4438
23.4438
23.4438
23.4438
27.101
27.101
27.101
27.101
27.101
27.101
27.101
27.101
31.3476
31.3476
31.3476
31.3476
31.3476
31.3476
31.3476
31.3476
36.1038
36.1038
36.1038
36.1038
36.1038
36.1038
36.1038
36.1038
41.195
41.195
41.195
41.195
41.195
41.195
41.195
41.195
46.3423
46.3423
46.3423
46.3423
46.3423
46.3423
46.3423
46.3423
51.1772
51.1772
51.1772
51.1772
51.1772
51.1772
51.1772
51.1772
10.252
10.252
10.252
10.252
10.252
10.252
10.252
10.252
10.7202
10.7202
10.7202
10.7202
10.7202
10.7202
10.7202
10.7202
11.3074
11.3074
11.3074
11.3074
11.3074
11.3074
11.3074
11.3074
12.0594
12.0594
12.0594
12.0594
12.0594
12.0594
12.0594
12.0594
13.0288
13.0288
13.0288
13.0288
13.0288
13.0288
13.0288
13.0288
14.276
14.276
14.276
14.276
14.276
14.276
14.276
14.276
15.8685
15.8685
15.8685
15.8685
15.8685
15.8685
15.8685
15.8685
17.8797
17.8797
17.8797
17.8797
17.8797
17.8797
17.8797
17.8797
20.3833
20.3833
20.3833
20.3833
20.3833
20.3833
20.3833
20.3833
23.4438
23.4438
23.4438
23.4438
23.4438
23.4438
23.4438
23.4438
27.101
27.101
27.101
27.101
27.101
27.101
27.101
27.101
31.3476
31.3476
31.3476
31.3476
31.3476
31.3476
31.3476
31.3476
36.1038
36.1038
36.1038
36.1038
36.1038
36.1038
36.1038
36.1038
41.195
41.195
41.195
41.195
41.195
41.195
41.195
41.195
46.3423
46.3423
46.3423
46.3423
46.3423
46.3423
46.3423
46.3423
51.1772
51.1772
51.1772
51.1772
51.1772
51.1772
51.1772
51.1772
10.252
10.252
10.252
10.252
10.252
10.252
10.252
10.252
10.7202
10.7202
10.7202
10.7202
10.7202
10.7202
10.7202
10.7202
11.3074
11.3074
11.3074
11.3074
11.3074
11.3074
11.3074
11.3074
12.0594
12.0594
12.0594
12.0594
12.0594
12.0594
12.0594
12.0594
13.0288
13.0288
13.0288
13.0288
13.0288
13.0288
13.0288
13.0288
14.276
14.276
14.276
14.276
14.276
14.276
14.276
14.276
15.8685
15.8685
15.8685
15.8685
15.8685
15.8685
15.8685
15.8685
17.8797
17.8797
17.8797
17.8797
17.8797
17.8797
17.8797
17.8797
20.3833
20.3833
20.3833
20.3833
20.3833
20.3833
20.3833
20.3833
23.4438
23.4438
23.4438
23.4438
23.4438
23.4438
23.4438
23.4438
27.101
27.101
27.101
27.101
27.101
27.101
27.101
27.101
31.3476
31.3476
31.3476
31.3476
31.3476
31.3476
31.3476
31.3476
36.1038
36.1038
36.1038
36.1038
36.1038
36.1038
36.1038
36.1038
41.195
41.195
41.195
41.195
41.195
41.195
41.195
41.195
46.3423
46.3423
46.3423
46.3423
46.3423
46.3423
46.3423
46.3423
51.1772
51.1772
51.1772
51.1772
51.1772
51.1772
51.1772
51.1772
10.0207
10.0207
10.0207
10.0207
10.0207
10.0207
10.0207
10.0207
10.4462
10.4462
10.4462
10.4462
10.4462
10.4462
10.4462
10.4462
10.9829
10.9829
10.9829
10.9829
10.9829
10.9829
10.9829
10.9829
11.6742
11.6742
11.6742
11.6742
11.6742
11.6742
11.6742
11.6742
12.5703
12.5703
12.5703
12.5703
12.5703
12.5703
12.5703
12.5703
13.7285
13.7285
13.7285
13.7285
13.7285
13.7285
13.7285
13.7285
15.2129
15.2129
15.2129
15.2129
15.2129
15.2129
15.2129
15.2129
17.0935
17.0935
17.0935
17.0935
17.0935
17.0935
17.0935
17.0935
19.4419
19.4419
19.4419
19.4419
19.4419
19.4419
19.4419
19.4419
22.322
22.322
22.322
22.322
22.322
22.322
22.322
22.322
25.777
25.777
25.777
25.777
25.777
25.777
25.777
25.777
29.8078
29.8078
29.8078
29.8078
29.8078
29.8078
29.8078
29.8078
34.3501
34.3501
34.3501
34.3501
34.3501
34.3501
34.3501
34.3501
39.2511
39.2511
39.2511
39.2511
39.2511
39.2511
39.2511
39.2511
44.2588
44.2588
44.2588
44.2588
44.2588
44.2588
44.2588
44.2588
49.0318
49.0318
49.0318
49.0318
49.0318
49.0318
49.0318
49.0318
10.0207
10.0207
10.0207
10.0207
10.0207
10.0207
10.0207
10.0207
10.4462
10.4462
10.4462
10.4462
10.4462
10.4462
10.4462
10.4462
10.9829
10.9829
10.9829
10.9829
10.9829
10.9829
10.9829
10.9829
11.6742
11.6742
11.6742
11.6742
11.6742
11.6742
11.6742
11.6742
12.5703
12.5703
12.5703
12.5703
12.5703
12.5703
12.5703
12.5703
13.7285
13.7285
13.7285
13.7285
13.7285
13.7285
13.7285
13.7285
15.2129
15.2129
15.2129
15.2129
15.2129
15.2129
15.2129
15.2129
17.0935
17.0935
17.0935
17.0935
17.0935
17.0935
17.0935
17.0935
19.4419
19.4419
19.4419
19.4419
19.4419
19.4419
19.4419
19.4419
22.322
22.322
22.322
22.322
22.322
22.322
22.322
22.322
25.777
25.777
25.777
25.777
25.777
25.777
25.777
25.777
29.8078
29.8078
29.8078
29.8078
29.8078
29.8078
29.8078
29.8078
34.3501
34.3501
34.3501
34.3501
34.3501
34.3501
34.3501
34.3501
39.2511
39.2511
39.2511
39.2511
39.2511
39.2511
39.2511
39.2511
44.2588
44.2588
44.2588
44.2588
44.2588
44.2588
44.2588
44.2588
49.0318
49.0318
49.0318
49.0318
49.0318
49.0318
49.0318
49.0318
10.0207
10.0207
10.0207
10.0207
10.0207
10.0207
10.0207
10.0207
10.4462
10.4462
10.4462
10.4462
10.4462
10.4462
10.4462
10.4462
10.9829
10.9829
10.9829
10.9829
10.9829
10.9829
10.9829
10.9829
11.6742
11.6742
11.6742
11.6742
11.6742
11.6742
11.6742
11.6742
12.5703
12.5703
12.5703
12.5703
12.5703
12.5703
12.5703
12.5703
13.7285
13.7285
13.7285
13.7285
13.7285
13.7285
13.7285
13.7285
15.2129
15.2129
15.2129
15.2129
15.2129
15.2129
15.2129
15.2129
17.0935
17.0935
17.0935
17.0935
17.0935
17.0935
17.0935
17.0935
19.4419
19.4419
19.4419
19.4419
19.4419
19.4419
19.4419
19.4419
22.322
22.322
22.322
22.322
22.322
22.322
22.322
22.322
25.777
25.777
25.777
25.777
25.777
25.777
25.777
25.777
29.8078
29.8078
29.8078
29.8078
29.8078
29.8078
29.8078
29.8078
34.3501
34.3501
34.3501
34.3501
34.3501
34.3501
34.3501
34.3501
39.2511
39.2511
39.2511
39.2511
39.2511
39.2511
39.2511
39.2511
44.2588
44.2588
44.2588
44.2588
44.2588
44.2588
44.2588
44.2588
49.0318
49.0318
49.0318
49.0318
49.0318
49.0318
49.0318
49.0318
10.0207
10.0207
10.0207
10.0207
10.0207
10.0207
10.0207
10.0207
10.4462
10.4462
10.4462
10.4462
10.4462
10.4462
10.4462
10.4462
10.9829
10.9829
10.9829
10.9829
10.9829
10.9829
10.9829
10.9829
11.6742
11.6742
11.6742
11.6742
11.6742
11.6742
11.6742
11.6742
12.5703
12.5703
12.5703
12.5703
12.5703
12.5703
12.5703
12.5703
13.7285
13.7285
13.7285
13.7285
13.7285
13.7285
13.7285
13.7285
15.2129
15.2129
15.2129
15.2129
15.2129
15.2129
15.2129
15.2129
17.0935
17.0935
17.0935
17.0935
17.0935
17.0935
17.0935
17.0935
19.4419
19.4419
19.4419
19.4419
19.4419
19.4419
19.4419
19.4419
22.322
22.322
22.322
22.322
22.322
22.322
22.322
22.322
25.777
25.777
25.777
25.777
25.777
25.777
25.777
25.777
29.8078
29.8078
29.8078
29.8078
29.8078
29.8078
29.8078
29.8078
34.3501
34.3501
34.3501
34.3501
34.3501
34.3501
34.3501
34.3501
39.2511
39.2511
39.2511
39.2511
39.2511
39.2511
39.2511
39.2511
44.2588
44.2588
44.2588
44.2588
44.2588
44.2588
44.2588
44.2588
49.0318
49.0318
49.0318
49.0318
49.0318
49.0318
49.0318
49.0318
10.0207
10.0207
10.0207
10.0207
10.0207
10.0207
10.0207
10.0207
10.4103
10.4103
10.4103
10.4103
10.4103
10.4103
10.4103
10.4103
10.9036
10.9036
10.9036
10.9036
10.9036
10.9036
10.9036
10.9036
11.5427
11.5427
11.5427
11.5427
11.5427
11.5427
11.5427
11.5427
12.3757
12.3757
12.3757
12.3757
12.3757
12.3757
12.3757
12.3757
13.4573
13.4573
13.4573
13.4573
13.4573
13.4573
13.4573
13.4573
14.8487
14.8487
14.8487
14.8487
14.8487
14.8487
14.8487
14.8487
16.6169
16.6169
16.6169
16.6169
16.6169
16.6169
16.6169
16.6169
18.8305
18.8305
18.8305
18.8305
18.8305
18.8305
18.8305
18.8305
21.5526
21.5526
21.5526
21.5526
21.5526
21.5526
21.5526
21.5526
24.8277
24.8277
24.8277
24.8277
24.8277
24.8277
24.8277
24.8277
28.6635
28.6635
28.6635
28.6635
28.6635
28.6635
28.6635
28.6635
33.008
33.008
33.008
33.008
33.008
33.008
33.008
33.008
37.7281
37.7281
37.7281
37.7281
37.7281
37.7281
37.7281
37.7281
42.5965
42.5965
42.5965
42.5965
42.5965
42.5965
42.5965
42.5965
47.2987
47.2987
47.2987
47.2987
47.2987
47.2987
47.2987
47.2987
10.0207
10.0207
10.0207
10.0207
10.0207
10.0207
10.0207
10.0207
10.4103
10.4103
10.4103
10.4103
10.4103
10.4103
10.4103
10.4103
10.9036
10.9036
10.9036
10.9036
10.9036
10.9036
10.9036
10.9036
11.5427
11.5427
11.5427
11.5427
11.5427
11.5427
11.5427
11.5427
12.3757
12.3757
12.3757
12.3757
12.3757
12.3757
12.3757
12.3757
13.4573
13.4573
13.4573
13.4573
13.4573
13.4573
13.4573
13.4573
14.8487
14.8487
14.8487
14.8487
14.8487
14.8487
14.8487
14.8487
16.6169
16.6169
16.6169
16.6169
16.6169
16.6169
16.6169
16.6169
18.8305
18.8305
18.8305
18.8305
18.8305
18.8305
18.8305
18.8305
21.5526
21.5526
21.5526
21.5526
21.5526
21.5526
21.5526
21.5526
24.8277
24.8277
24.8277
24.8277
24.8277
24.8277
24.8277
24.8277
28.6635
28.6635
28.6635
28.6635
28.6635
28.6635
28.6635
28.6635
33.008
33.008
33.008
33.008
33.008
33.008
33.008
33.008
37.7281
37.7281
37.7281
37.7281
37.7281
37.7281
37.7281
37.7281
42.5965
42.5965
42.5965
42.5965
42.5965
42.5965
42.5965
42.5965
47.2987
47.2987
47.2987
47.2987
47.2987
47.2987
47.2987
47.2987
10.0207
10.0207
10.0207
10.0207
10.0207
10.0207
10.0207
10.0207
10.4103
10.4103
10.4103
10.4103
10.4103
10.4103
10.4103
10.4103
10.9036
10.9036
10.9036
10.9036
10.9036
10.9036
10.9036
10.9036
11.5427
11.5427
11.5427
11.5427
11.5427
11.5427
11.5427
11.5427
12.3757
12.3757
12.3757
12.3757
12.3757
12.3757
12.3757
12.3757
13.4573
13.4573
13.4573
13.4573
13.4573
13.4573
13.4573
13.4573
14.8487
14.8487
14.8487
14.8487
14.8487
14.8487
14.8487
14.8487
16.6169
16.6169
16.6169
16.6169
16.6169
16.6169
16.6169
16.6169
18.8305
18.8305
18.8305
18.8305
18.8305
18.8305
18.8305
18.8305
21.5526
21.5526
21.5526
21.5526
21.5526
21.5526
21.5526
21.5526
24.8277
24.8277
24.8277
24.8277
24.8277
24.8277
24.8277
24.8277
28.6635
28.6635
28.6635
28.6635
28.6635
28.6635
28.6635
28.6635
33.008
33.008
33.008
33.008
33.008
33.008
33.008
33.008
37.7281
37.7281
37.7281
37.7281
37.7281
37.7281
37.7281
37.7281
42.5965
42.5965
42.5965
42.5965
42.5965
42.5965
42.5965
42.5965
47.2987
47.2987
47.2987
47.2987
47.2987
47.2987
47.2987
47.2987
10.0207
10.0207
10.0207
10.0207
10.0207
10.0207
10.0207
10.0207
10.4103
10.4103
10.4103
10.4103
10.4103
10.4103
10.4103
10.4103
10.9036
10.9036
10.9036
10.9036
10.9036
10.9036
10.9036
10.9036
11.5427
11.5427
11.5427
11.5427
11.5427
11.5427
11.5427
11.5427
12.3757
12.3757
12.3757
12.3757
12.3757
12.3757
12.3757
12.3757
13.4573
13.4573
13.4573
13.4573
13.4573
13.4573
13.4573
13.4573
14.8487
14.8487
14.8487
14.8487
14.8487
14.8487
14.8487
14.8487
16.6169
16.6169
16.6169
16.6169
16.6169
16.6169
16.6169
16.6169
18.8305
18.8305
18.8305
18.8305
18.8305
18.8305
18.8305
18.8305
21.5526
21.5526
21.5526
21.5526
21.5526
21.5526
21.5526
21.5526
24.8277
24.8277
24.8277
24.8277
24.8277
24.8277
24.8277
24.8277
28.6635
28.6635
28.6635
28.6635
28.6635
28.6635
28.6635
28.6635
33.008
33.008
33.008
33.008
33.008
33.008
33.008
33.008
37.7281
37.7281
37.7281
37.7281
37.7281
37.7281
37.7281
37.7281
42.5965
42.5965
42.5965
42.5965
42.5965
42.5965
42.5965
42.5965
47.2987
47.2987
47.2987
47.2987
47.2987
47.2987
47.2987
47.2987
10.2561
10.2561
10.2561
10.2561
10.2561
10.2561
10.2561
10.2561
10.6182
10.6182
10.6182
10.6182
10.6182
10.6182
10.6182
10.6182
11.0769
11.0769
11.0769
11.0769
11.0769
11.0769
11.0769
11.0769
11.6738
11.6738
11.6738
11.6738
11.6738
11.6738
11.6738
11.6738
12.4559
12.4559
12.4559
12.4559
12.4559
12.4559
12.4559
12.4559
13.4762
13.4762
13.4762
13.4762
13.4762
13.4762
13.4762
13.4762
14.7936
14.7936
14.7936
14.7936
14.7936
14.7936
14.7936
14.7936
16.4725
16.4725
16.4725
16.4725
16.4725
16.4725
16.4725
16.4725
18.5789
18.5789
18.5789
18.5789
18.5789
18.5789
18.5789
18.5789
21.1747
21.1747
21.1747
21.1747
21.1747
21.1747
21.1747
21.1747
24.3051
24.3051
24.3051
24.3051
24.3051
24.3051
24.3051
24.3051
27.9826
27.9826
27.9826
27.9826
27.9826
27.9826
27.9826
27.9826
32.1654
32.1654
32.1654
32.1654
32.1654
32.1654
32.1654
32.1654
36.7368
36.7368
36.7368
36.7368
36.7368
36.7368
36.7368
36.7368
41.4916
41.4916
41.4916
41.4916
41.4916
41.4916
41.4916
41.4916
46.1395
46.1395
46.1395
46.1395
46.1395
46.1395
46.1395
46.1395
10.2561
10.2561
10.2561
10.2561
10.2561
10.2561
10.2561
10.2561
10.6182
10.6182
10.6182
10.6182
10.6182
10.6182
10.6182
10.6182
11.0769
11.0769
11.0769
11.0769
11.0769
11.0769
11.0769
11.0769
11.6738
11.6738
11.6738
11.6738
11.6738
11.6738
11.6738
11.6738
12.4559
12.4559
12.4559
12.4559
12.4559
12.4559
12.4559
12.4559
13.4762
13.4762
13.4762
13.4762
13.4762
13.4762
13.4762
13.4762
14.7936
14.7936
14.7936
14.7936
14.7936
14.7936
14.7936
14.7936
16.4725
16.4725
16.4725
16.4725
16.4725
16.4725
16.4725
16.4725
18.5789
18.5789
18.5789
18.5789
18.5789
18.5789
18.5789
18.5789
21.1747
21.1747
21.1747
21.1747
21.1747
21.1747
21.1747
21.1747
24.3051
24.3051
24.3051
24.3051
24.3051
24.3051
24.3051
24.3051
27.9826
27.9826
27.9826
27.9826
27.9826
27.9826
27.9826
27.9826
32.1654
32.1654
32.1654
32.1654
32.1654
32.1654
32.1654
32.1654
36.7368
36.7368
36.7368
36.7368
36.7368
36.7368
36.7368
36.7368
41.4916
41.4916
41.4916
41.4916
41.4916
41.4916
41.4916
41.4916
46.1395
46.1395
46.1395
46.1395
46.1395
46.1395
46.1395
46.1395
10.2561
10.2561
10.2561
10.2561
10.2561
10.2561
10.2561
10.2561
10.6182
10.6182
10.6182
10.6182
10.6182
10.6182
10.6182
10.6182
11.0769
11.0769
11.0769
11.0769
11.0769
11.0769
11.0769
11.0769
11.6738
11.6738
11.6738
11.6738
11.6738
11.6738
11.6738
11.6738
12.4559
12.4559
12.4559
12.4559
12.4559
12.4559
12.4559
12.4559
13.4762
13.4762
13.4762
13.4762
13.4762
13.4762
13.4762
13.4762
14.7936
14.7936
14.7936
14.7936
14.7936
14.7936
14.7936
14.7936
16.4725
16.4725
16.4725
16.4725
16.4725
16.4725
16.4725
16.4725
18.5789
18.5789
18.5789
18.5789
18.5789
18.5789
18.5789
18.5789
21.1747
21.1747
21.1747
21.1747
21.1747
21.1747
21.1747
21.1747
24.3051
24.3051
24.3051
24.3051
24.3051
24.3051
24.3051
24.3051
27.9826
27.9826
27.9826
27.9826
27.9826
27.9826
27.9826
27.9826
32.1654
32.1654
32.1654
32.1654
32.1654
32.1654
32.1654
32.1654
36.7368
36.7368
36.7368
36.7368
36.7368
36.7368
36.7368
36.7368
41.4916
41.4916
41.4916
41.4916
41.4916
41.4916
41.4916
41.4916
46.1395
46.1395
46.1395
46.1395
46.1395
46.1395
46.1395
46.1395
10.2561
10.2561
10.2561
10.2561
10.2561
10.2561
10.2561
10.2561
10.6182
10.6182
10.6182
10.6182
10.6182
10.6182
10.6182
10.6182
11.0769
11.0769
11.0769
11.0769
11.0769
11.0769
11.0769
11.0769
11.6738
11.6738
11.6738
11.6738
11.6738
11.6738
11.6738
11.6738
12.4559
12.4559
12.4559
12.4559
12.4559
12.4559
12.4559
12.4559
13.4762
13.4762
13.4762
13.4762
13.4762
13.4762
13.4762
13.4762
14.7936
14.7936
14.7936
14.7936
14.7936
14.7936
14.7936
14.7936
16.4725
16.4725
16.4725
16.4725
16.4725
16.4725
16.4725
16.4725
18.5789
18.5789
18.5789
18.5789
18.5789
18.5789
18.5789
18.5789
21.1747
21.1747
21.1747
21.1747
21.1747
21.1747
21.1747
21.1747
24.3051
24.3051
24.3051
24.3051
24.3051
24.3051
24.3051
24.3051
27.9826
27.9826
27.9826
27.9826
27.9826
27.9826
27.9826
27.9826
32.1654
32.1654
32.1654
32.1654
32.1654
32.1654
32.1654
32.1654
36.7368
36.7368
36.7368
36.7368
36.7368
36.7368
36.7368
36.7368
41.4916
41.4916
41.4916
41.4916
41.4916
41.4916
41.4916
41.4916
46.1395
46.1395
46.1395
46.1395
46.1395
46.1395
46.1395
46.1395
10.7346
10.7346
10.7346
10.7346
10.7346
10.7346
10.7346
10.7346
11.0791
11.0791
11.0791
11.0791
11.0791
11.0791
11.0791
11.0791
11.5135
11.5135
11.5135
11.5135
11.5135
11.5135
11.5135
11.5135
12.0796
12.0796
12.0796
12.0796
12.0796
12.0796
12.0796
12.0796
12.8245
12.8245
12.8245
12.8245
12.8245
12.8245
12.8245
12.8245
13.8003
13.8003
13.8003
13.8003
13.8003
13.8003
13.8003
13.8003
15.0649
15.0649
15.0649
15.0649
15.0649
15.0649
15.0649
15.0649
16.6807
16.6807
16.6807
16.6807
16.6807
16.6807
16.6807
16.6807
18.712
18.712
18.712
18.712
18.712
18.712
18.712
18.712
21.2192
21.2192
21.2192
21.2192
21.2192
21.2192
21.2192
21.2192
24.2483
24.2483
24.2483
24.2483
24.2483
24.2483
24.2483
24.2483
27.8153
27.8153
27.8153
27.8153
27.8153
27.8153
27.8153
27.8153
31.8864
31.8864
31.8864
31.8864
31.8864
31.8864
31.8864
31.8864
36.3584
36.3584
36.3584
36.3584
36.3584
36.3584
36.3584
36.3584
41.0446
41.0446
41.0446
41.0446
41.0446
41.0446
41.0446
41.0446
45.6757
45.6757
45.6757
45.6757
45.6757
45.6757
45.6757
45.6757
10.7346
10.7346
10.7346
10.7346
10.7346
10.7346
10.7346
10.7346
11.0791
11.0791
11.0791
11.0791
11.0791
11.0791
11.0791
11.0791
11.5135
11.5135
11.5135
11.5135
11.5135
11.5135
11.5135
11.5135
12.0796
12.0796
12.0796
12.0796
12.0796
12.0796
12.0796
12.0796
12.8245
12.8245
12.8245
12.8245
12.8245
12.8245
12.8245
12.8245
13.8003
13.8003
13.8003
13.8003
13.8003
13.8003
13.8003
13.8003
15.0649
15.0649
15.0649
15.0649
15.0649
15.0649
15.0649
15.0649
16.6807
16.6807
16.6807
16.6807
16.6807
16.6807
16.6807
16.6807
18.712
18.712
18.712
18.712
18.712
18.712
18.712
18.712
21.2192
21.2192
21.2192
21.2192
21.2192
21.2192
21.2192
21.2192
24.2483
24.2483
24.2483
24.2483
24.2483
24.2483
24.2483
24.2483
27.8153
27.8153
27.8153
27.8153
27.8153
27.8153
27.8153
27.8153
31.8864
31.8864
31.8864
31.8864
31.8864
31.8864
31.8864
31.8864
36.3584
36.3584
36.3584
36.3584
36.3584
36.3584
36.3584
36.3584
41.0446
41.0446
41.0446
41.0446
41.0446
41.0446
41.0446
41.0446
45.6757
45.6757
45.6757
45.6757
45.6757
45.6757
45.6757
45.6757
10.7346
10.7346
10.7346
10.7346
10.7346
10.7346
10.7346
10.7346
11.0791
11.0791
11.0791
11.0791
11.0791
11.0791
11.0791
11.0791
11.5135
11.5135
11.5135
11.5135
11.5135
11.5135
11.5135
11.5135
12.0796
12.0796
12.0796
12.0796
12.0796
12.0796
12.0796
12.0796
12.8245
12.8245
12.8245
12.8245
12.8245
12.8245
12.8245
12.8245
13.8003
13.8003
13.8003
13.8003
13.8003
13.8003
13.8003
13.8003
15.0649
15.0649
15.0649
15.0649
15.0649
15.0649
15.0649
15.0649
16.6807
16.6807
16.6807
16.6807
16.6807
16.6807
16.6807
16.6807
18.712
18.712
18.712
18.712
18.712
18.712
18.712
18.712
21.2192
21.2192
21.2192
21.2192
21.2192
21.2192
21.2192
21.2192
24.2483
24.2483
24.2483
24.2483
24.2483
24.2483
24.2483
24.2483
27.8153
27.8153
27.8153
27.8153
27.8153
27.8153
27.8153
27.8153
31.8864
31.8864
31.8864
31.8864
31.8864
31.8864
31.8864
31.8864
36.3584
36.3584
36.3584
36.3584
36.3584
36.3584
36.3584
36.3584
41.0446
41.0446
41.0446
41.0446
41.0446
41.0446
41.0446
41.0446
45.6757
45.6757
45.6757
45.6757
45.6757
45.6757
45.6757
45.6757
10.7346
10.7346
10.7346
10.7346
10.7346
10.7346
10.7346
10.7346
11.0791
11.0791
11.0791
11.0791
11.0791
11.0791
11.0791
11.0791
11.5135
11.5135
11.5135
11.5135
11.5135
11.5135
11.5135
11.5135
12.0796
12.0796
12.0796
12.0796
12.0796
12.0796
12.0796
12.0796
12.8245
12.8245
12.8245
12.8245
12.8245
12.8245
12.8245
12.8245
13.8003
13.8003
13.8003
13.8003
13.8003
13.8003
13.8003
13.8003
15.0649
15.0649
15.0649
15.0649
15.0649
15.0649
15.0649
15.0649
16.6807
16.6807
16.6807
16.6807
16.6807
16.6807
16.6807
16.6807
18.712
18.712
18.712
18.712
18.712
18.712
18.712
18.712
21.2192
21.2192
21.2192
21.2192
21.2192
21.2192
21.2192
21.2192
24.2483
24.2483
24.2483
24.2483
24.2483
24.2483
24.2483
24.2483
27.8153
27.8153
27.8153
27.8153
27.8153
27.8153
27.8153
27.8153
31.8864
31.8864
31.8864
31.8864
31.8864
31.8864
31.8864
31.8864
36.3584
36.3584
36.3584
36.3584
36.3584
36.3584
36.3584
36.3584
41.0446
41.0446
41.0446
41.0446
41.0446
41.0446
41.0446
41.0446
45.6757
45.6757
45.6757
45.6757
45.6757
45.6757
45.6757
45.6757
11.4655
11.4655
11.4655
11.4655
11.4655
11.4655
11.4655
11.4655
11.8046
11.8046
11.8046
11.8046
11.8046
11.8046
11.8046
11.8046
12.2265
12.2265
12.2265
12.2265
12.2265
12.2265
12.2265
12.2265
12.7748
12.7748
12.7748
12.7748
12.7748
12.7748
12.7748
12.7748
13.4975
13.4975
13.4975
13.4975
13.4975
13.4975
13.4975
13.4975
14.4473
14.4473
14.4473
14.4473
14.4473
14.4473
14.4473
14.4473
15.6817
15.6817
15.6817
15.6817
15.6817
15.6817
15.6817
15.6817
17.2625
17.2625
17.2625
17.2625
17.2625
17.2625
17.2625
17.2625
19.253
19.253
19.253
19.253
19.253
19.253
19.253
19.253
21.7132
21.7132
21.7132
21.7132
21.7132
21.7132
21.7132
21.7132
24.6895
24.6895
24.6895
24.6895
24.6895
24.6895
24.6895
24.6895
28.2007
28.2007
28.2007
28.2007
28.2007
28.2007
28.2007
28.2007
32.2193
32.2193
32.2193
32.2193
32.2193
32.2193
32.2193
32.2193
36.653
36.653
36.653
36.653
36.653
36.653
36.653
36.653
41.3298
41.3298
41.3298
41.3298
41.3298
41.3298
41.3298
41.3298
45.9976
45.9976
45.9976
45.9976
45.9976
45.9976
45.9976
45.9976
11.4655
11.4655
11.4655
11.4655
11.4655
11.4655
11.4655
11.4655
11.8046
11.8046
11.8046
11.8046
11.8046
11.8046
11.8046
11.8046
12.2265
12.2265
12.2265
12.2265
12.2265
12.2265
12.2265
12.2265
12.7748
12.7748
12.7748
12.7748
12.7748
12.7748
12.7748
12.7748
13.4975
13.4975
13.4975
13.4975
13.4975
13.4975
13.4975
13.4975
14.4473
14.4473
14.4473
14.4473
14.4473
14.4473
14.4473
14.4473
15.6817
15.6817
15.6817
15.6817
15.6817
15.6817
15.6817
15.6817
17.2625
17.2625
17.2625
17.2625
17.2625
17.2625
17.2625
17.2625
19.253
19.253
19.253
19.253
19.253
19.253
19.253
19.253
21.7132
21.7132
21.7132
21.7132
21.7132
21.7132
21.7132
21.7132
24.6895
24.6895
24.6895
24.6895
24.6895
24.6895
24.6895
24.6895
28.2007
28.2007
28.2007
28.2007
28.2007
28.2007
28.2007
28.2007
32.2193
32.2193
32.2193
32.2193
32.2193
32.2193
32.2193
32.2193
36.653
36.653
36.653
36.653
36.653
36.653
36.653
36.653
41.3298
41.3298
41.3298
41.3298
41.3298
41.3298
41.3298
41.3298
45.9976
45.9976
45.9976
45.9976
45.9976
45.9976
45.9976
45.9976
11.4655
11.4655
11.4655
11.4655
11.4655
11.4655
11.4655
11.4655
11.8046
11.8046
11.8046
11.8046
11.8046
11.8046
11.8046
11.8046
12.2265
12.2265
12.2265
12.2265
12.2265
12.2265
12.2265
12.2265
12.7748
12.7748
12.7748
12.7748
12.7748
12.7748
12.7748
12.7748
13.4975
13.4975
13.4975
13.4975
13.4975
13.4975
13.4975
13.4975
14.4473
14.4473
14.4473
14.4473
14.4473
14.4473
14.4473
14.4473
15.6817
15.6817
15.6817
15.6817
15.6817
15.6817
15.6817
15.6817
17.2625
17.2625
17.2625
17.2625
17.2625
17.2625
17.2625
17.2625
19.253
19.253
19.253
19.253
19.253
19.253
19.253
19.253
21.7132
21.7132
21.7132
21.7132
21.7132
21.7132
21.7132
21.7132
24.6895
24.6895
24.6895
24.6895
24.6895
24.6895
24.6895
24.6895
28.2007
28.2007
28.2007
28.2007
28.2007
28.2007
28.2007
28.2007
32.2193
32.2193
32.2193
32.2193
32.2193
32.2193
32.2193
32.2193
36.653
36.653
36.653
36.653
36.653
36.653
36.653
36.653
41.3298
41.3298
41.3298
41.3298
41.3298
41.3298
41.3298
41.3298
45.9976
45.9976
45.9976
45.9976
45.9976
45.9976
45.9976
45.9976
11.4655
11.4655
11.4655
11.4655
11.4655
11.4655
11.4655
11.4655
11.8046
11.8046
11.8046
11.8046
11.8046
11.8046
11.8046
11.8046
12.2265
12.2265
12.2265
12.2265
12.2265
12.2265
12.2265
12.2265
12.7748
12.7748
12.7748
12.7748
12.7748
12.7748
12.7748
12.7748
13.4975
13.4975
13.4975
13.4975
13.4975
13.4975
13.4975
13.4975
14.4473
14.4473
14.4473
14.4473
14.4473
14.4473
14.4473
14.4473
15.6817
15.6817
15.6817
15.6817
15.6817
15.6817
15.6817
15.6817
17.2625
17.2625
17.2625
17.2625
17.2625
17.2625
17.2625
17.2625
19.253
19.253
19.253
19.253
19.253
19.253
19.253
19.253
21.7132
21.7132
21.7132
21.7132
21.7132
21.7132
21.7132
21.7132
24.6895
24.6895
24.6895
24.6895
24.6895
24.6895
24.6895
24.6895
28.2007
28.2007
28.2007
28.2007
28.2007
28.2007
28.2007
28.2007
32.2193
32.2193
32.2193
32.2193
32.2193
32.2193
32.2193
32.2193
36.653
36.653
36.653
36.653
36.653
36.653
36.653
36.653
41.3298
41.3298
41.3298
41.3298
41.3298
41.3298
41.3298
41.3298
45.9976
45.9976
45.9976
45.9976
45.9976
45.9976
45.9976
45.9976
12.4562
12.4562
12.4562
12.4562
12.4562
12.4562
12.4562
12.4562
12.805
12.805
12.805
12.805
12.805
12.805
12.805
12.805
13.2293
13.2293
13.2293
13.2293
13.2293
13.2293
13.2293
13.2293
13.7748
13.7748
13.7748
13.7748
13.7748
13.7748
13.7748
13.7748
14.492
14.492
14.492
14.492
14.492
14.492
14.492
14.492
15.4354
15.4354
15.4354
15.4354
15.4354
15.4354
15.4354
15.4354
16.6637
16.6637
16.6637
16.6637
16.6637
16.6637
16.6637
16.6637
18.2391
18.2391
18.2391
18.2391
18.2391
18.2391
18.2391
18.2391
20.2252
20.2252
20.2252
20.2252
20.2252
20.2252
20.2252
20.2252
22.6821
22.6821
22.6821
22.6821
22.6821
22.6821
22.6821
22.6821
25.657
25.657
25.657
25.657
25.657
25.657
25.657
25.657
29.1713
29.1713
29.1713
29.1713
29.1713
29.1713
29.1713
29.1713
33.2026
33.2026
33.2026
33.2026
33.2026
33.2026
33.2026
33.2026
37.6666
37.6666
37.6666
37.6666
37.6666
37.6666
37.6666
37.6666
42.4029
42.4029
42.4029
42.4029
42.4029
42.4029
42.4029
42.4029
47.1724
47.1724
47.1724
47.1724
47.1724
47.1724
47.1724
47.1724
12.4562
12.4562
12.4562
12.4562
12.4562
12.4562
12.4562
12.4562
12.805
12.805
12.805
12.805
12.805
12.805
12.805
12.805
13.2293
13.2293
13.2293
13.2293
13.2293
13.2293
13.2293
13.2293
13.7748
13.7748
13.7748
13.7748
13.7748
13.7748
13.7748
13.7748
14.492
14.492
14.492
14.492
14.492
14.492
14.492
14.492
15.4354
15.4354
15.4354
15.4354
15.4354
15.4354
15.4354
15.4354
16.6637
16.6637
16.6637
16.6637
16.6637
16.6637
16.6637
16.6637
18.2391
18.2391
18.2391
18.2391
18.2391
18.2391
18.2391
18.2391
20.2252
20.2252
20.2252
20.2252
20.2252
20.2252
20.2252
20.2252
22.6821
22.6821
22.6821
22.6821
22.6821
22.6821
22.6821
22.6821
25.657
25.657
25.657
25.657
25.657
25.657
25.657
25.657
29.1713
29.1713
29.1713
29.1713
29.1713
29.1713
29.1713
29.1713
33.2026
33.2026
33.2026
33.2026
33.2026
33.2026
33.2026
33.2026
37.6666
37.6666
37.6666
37.6666
37.6666
37.6666
37.6666
37.6666
42.4029
42.4029
42.4029
42.4029
42.4029
42.4029
42.4029
42.4029
47.1724
47.1724
47.1724
47.1724
47.1724
47.1724
47.1724
47.1724
12.4562
12.4562
12.4562
12.4562
12.4562
12.4562
12.4562
12.4562
12.805
12.805
12.805
12.805
12.805
12.805
12.805
12.805
13.2293
13.2293
13.2293
13.2293
13.2293
13.2293
13.2293
13.2293
13.7748
13.7748
13.7748
13.7748
13.7748
13.7748
13.7748
13.7748
14.492
14.492
14.492
14.492
14.492
14.492
14.492
14.492
15.4354
15.4354
15.4354
15.4354
15.4354
15.4354
15.4354
15.4354
16.6637
16.6637
16.6637
16.6637
16.6637
16.6637
16.6637
16.6637
18.2391
18.2391
18.2391
18.2391
18.2391
18.2391
18.2391
18.2391
20.2252
20.2252
20.2252
20.2252
20.2252
20.2252
20.2252
20.2252
22.6821
22.6821
22.6821
22.6821
22.6821
22.6821
22.6821
22.6821
25.657
25.657
25.657
25.657
25.657
25.657
25.657
25.657
29.1713
29.1713
29.1713
29.1713
29.1713
29.1713
29.1713
29.1713
33.2026
33.2026
33.2026
33.2026
33.2026
33.2026
33.2026
33.2026
37.6666
37.6666
37.6666
37.6666
37.6666
37.6666
37.6666
37.6666
42.4029
42.4029
42.4029
42.4029
42.4029
42.4029
42.4029
42.4029
47.1724
47.1724
47.1724
47.1724
47.1724
47.1724
47.1724
47.1724
12.4562
12.4562
12.4562
12.4562
12.4562
12.4562
12.4562
12.4562
12.805
12.805
12.805
12.805
12.805
12.805
12.805
12.805
13.2293
13.2293
13.2293
13.2293
13.2293
13.2293
13.2293
13.2293
13.7748
13.7748
13.7748
13.7748
13.7748
13.7748
13.7748
13.7748
14.492
14.492
14.492
14.492
14.492
14.492
14.492
14.492
15.4354
15.4354
15.4354
15.4354
15.4354
15.4354
15.4354
15.4354
16.6637
16.6637
16.6637
16.6637
16.6637
16.6637
16.6637
16.6637
18.2391
18.2391
18.2391
18.2391
18.2391
18.2391
18.2391
18.2391
20.2252
20.2252
20.2252
20.2252
20.2252
20.2252
20.2252
20.2252
22.6821
22.6821
22.6821
22.6821
22.6821
22.6821
22.6821
22.6821
25.657
25.657
25.657
25.657
25.657
25.657
25.657
25.657
29.1713
29.1713
29.1713
29.1713
29.1713
29.1713
29.1713
29.1713
33.2026
33.2026
33.2026
33.2026
33.2026
33.2026
33.2026
33.2026
37.6666
37.6666
37.6666
37.6666
37.6666
37.6666
37.6666
37.6666
42.4029
42.4029
42.4029
42.4029
42.4029
42.4029
42.4029
42.4029
47.1724
47.1724
47.1724
47.1724
47.1724
47.1724
47.1724
47.1724
13.706
13.706
13.706
13.706
13.706
13.706
13.706
13.706
14.0842
14.0842
14.0842
14.0842
14.0842
14.0842
14.0842
14.0842
14.5289
14.5289
14.5289
14.5289
14.5289
14.5289
14.5289
14.5289
15.0899
15.0899
15.0899
15.0899
15.0899
15.0899
15.0899
15.0899
15.821
15.821
15.821
15.821
15.821
15.821
15.821
15.821
16.7799
16.7799
16.7799
16.7799
16.7799
16.7799
16.7799
16.7799
18.0277
18.0277
18.0277
18.0277
18.0277
18.0277
18.0277
18.0277
19.6289
19.6289
19.6289
19.6289
19.6289
19.6289
19.6289
19.6289
21.6482
21.6482
21.6482
21.6482
21.6482
21.6482
21.6482
21.6482
24.147
24.147
24.147
24.147
24.147
24.147
24.147
24.147
27.1738
27.1738
27.1738
27.1738
27.1738
27.1738
27.1738
27.1738
30.7525
30.7525
30.7525
30.7525
30.7525
30.7525
30.7525
30.7525
34.8646
34.8646
34.8646
34.8646
34.8646
34.8646
34.8646
34.8646
39.4321
39.4321
39.4321
39.4321
39.4321
39.4321
39.4321
39.4321
44.3027
44.3027
44.3027
44.3027
44.3027
44.3027
44.3027
44.3027
49.2465
49.2465
49.2465
49.2465
49.2465
49.2465
49.2465
49.2465
13.706
13.706
13.706
13.706
13.706
13.706
13.706
13.706
14.0842
14.0842
14.0842
14.0842
14.0842
14.0842
14.0842
14.0842
14.5289
14.5289
14.5289
14.5289
14.5289
14.5289
14.5289
14.5289
15.0899
15.0899
15.0899
15.0899
15.0899
15.0899
15.0899
15.0899
15.821
15.821
15.821
15.821
15.821
15.821
15.821
15.821
16.7799
16.7799
16.7799
16.7799
16.7799
16.7799
16.7799
16.7799
18.0277
18.0277
18.0277
18.0277
18.0277
18.0277
18.0277
18.0277
19.6289
19.6289
19.6289
19.6289
19.6289
19.6289
19.6289
19.6289
21.6482
21.6482
21.6482
21.6482
21.6482
21.6482
21.6482
21.6482
24.147
24.147
24.147
24.147
24.147
24.147
24.147
24.147
27.1738
27.1738
27.1738
27.1738
27.1738
27.1738
27.1738
27.1738
30.7525
30.7525
30.7525
30.7525
30.7525
30.7525
30.7525
30.7525
34.8646
34.8646
34.8646
34.8646
34.8646
34.8646
34.8646
34.8646
39.4321
39.4321
39.4321
39.4321
39.4321
39.4321
39.4321
39.4321
44.3027
44.3027
44.3027
44.3027
44.3027
44.3027
44.3027
44.3027
49.2465
49.2465
49.2465
49.2465
49.2465
49.2465
49.2465
49.2465
13.706
13.706
13.706
13.706
13.706
13.706
13.706
13.706
14.0842
14.0842
14.0842
14.0842
14.0842
14.0842
14.0842
14.0842
14.5289
14.5289
14.5289
14.5289
14.5289
14.5289
14.5289
14.5289
15.0899
15.0899
15.0899
15.0899
15.0899
15.0899
15.0899
15.0899
15.821
15.821
15.821
15.821
15.821
15.821
15.821
15.821
16.7799
16.7799
16.7799
16.7799
16.7799
16.7799
16.7799
16.7799
18.0277
18.0277
18.0277
18.0277
18.0277
18.0277
18.0277
18.0277
19.6289
19.6289
19.6289
19.6289
19.6289
19.6289
19.6289
19.6289
21.6482
21.6482
21.6482
21.6482
21.6482
21.6482
21.6482
21.6482
24.147
24.147
24.147
24.147
24.147
24.147
24.147
24.147
27.1738
27.1738
27.1738
27.1738
27.1738
27.1738
27.1738
27.1738
30.7525
30.7525
30.7525
30.7525
30.7525
30.7525
30.7525
30.7525
34.8646
34.8646
34.8646
34.8646
34.8646
34.8646
34.8646
34.8646
39.4321
39.4321
39.4321
39.4321
39.4321
39.4321
39.4321
39.4321
44.3027
44.3027
44.3027
44.3027
44.3027
44.3027
44.3027
44.3027
49.2465
49.2465
49.2465
49.2465
49.2465
49.2465
49.2465
49.2465
13.706
13.706
13.706
13.706
13.706
13.706
13.706
13.706
14.0842
14.0842
14.0842
14.0842
14.0842
14.0842
14.0842
14.0842
14.5289
14.5289
14.5289
14.5289
14.5289
14.5289
14.5289
14.5289
15.0899
15.0899
15.0899
15.0899
15.0899
15.0899
15.0899
15.0899
15.821
15.821
15.821
15.821
15.821
15.821
15.821
15.821
16.7799
16.7799
16.7799
16.7799
16.7799
16.7799
16.7799
16.7799
18.0277
18.0277
18.0277
18.0277
18.0277
18.0277
18.0277
18.0277
19.6289
19.6289
19.6289
19.6289
19.6289
19.6289
19.6289
19.6289
21.6482
21.6482
21.6482
21.6482
21.6482
21.6482
21.6482
21.6482
24.147
24.147
24.147
24.147
24.147
24.147
24.147
24.147
27.1738
27.1738
27.1738
27.1738
27.1738
27.1738
27.1738
27.1738
30.7525
30.7525
30.7525
30.7525
30.7525
30.7525
30.7525
30.7525
34.8646
34.8646
34.8646
34.8646
34.8646
34.8646
34.8646
34.8646
39.4321
39.4321
39.4321
39.4321
39.4321
39.4321
39.4321
39.4321
44.3027
44.3027
44.3027
44.3027
44.3027
44.3027
44.3027
44.3027
49.2465
49.2465
49.2465
49.2465
49.2465
49.2465
49.2465
49.2465
15.1992
15.1992
15.1992
15.1992
15.1992
15.1992
15.1992
15.1992
15.6312
15.6312
15.6312
15.6312
15.6312
15.6312
15.6312
15.6312
16.1194
16.1194
16.1194
16.1194
16.1194
16.1194
16.1194
16.1194
16.7179
16.7179
16.7179
16.7179
16.7179
16.7179
16.7179
16.7179
17.4857
17.4857
17.4857
17.4857
17.4857
17.4857
17.4857
17.4857
18.4847
18.4847
18.4847
18.4847
18.4847
18.4847
18.4847
18.4847
19.7803
19.7803
19.7803
19.7803
19.7803
19.7803
19.7803
19.7803
21.4401
21.4401
21.4401
21.4401
21.4401
21.4401
21.4401
21.4401
23.5315
23.5315
23.5315
23.5315
23.5315
23.5315
23.5315
23.5315
26.1182
26.1182
26.1182
26.1182
26.1182
26.1182
26.1182
26.1182
29.251
29.251
29.251
29.251
29.251
29.251
29.251
29.251
32.956
32.956
32.956
32.956
32.956
32.956
32.956
32.956
37.218
37.218
37.218
37.218
37.218
37.218
37.218
37.218
41.9634
41.9634
41.9634
41.9634
41.9634
41.9634
41.9634
41.9634
47.0455
47.0455
47.0455
47.0455
47.0455
47.0455
47.0455
47.0455
52.2398
52.2398
52.2398
52.2398
52.2398
52.2398
52.2398
52.2398
15.1992
15.1992
15.1992
15.1992
15.1992
15.1992
15.1992
15.1992
15.6312
15.6312
15.6312
15.6312
15.6312
15.6312
15.6312
15.6312
16.1194
16.1194
16.1194
16.1194
16.1194
16.1194
16.1194
16.1194
16.7179
16.7179
16.7179
16.7179
16.7179
16.7179
16.7179
16.7179
17.4857
17.4857
17.4857
17.4857
17.4857
17.4857
17.4857
17.4857
18.4847
18.4847
18.4847
18.4847
18.4847
18.4847
18.4847
18.4847
19.7803
19.7803
19.7803
19.7803
19.7803
19.7803
19.7803
19.7803
21.4401
21.4401
21.4401
21.4401
21.4401
21.4401
21.4401
21.4401
23.5315
23.5315
23.5315
23.5315
23.5315
23.5315
23.5315
23.5315
26.1182
26.1182
26.1182
26.1182
26.1182
26.1182
26.1182
26.1182
29.251
29.251
29.251
29.251
29.251
29.251
29.251
29.251
32.956
32.956
32.956
32.956
32.956
32.956
32.956
32.956
37.218
37.218
37.218
37.218
37.218
37.218
37.218
37.218
41.9634
41.9634
41.9634
41.9634
41.9634
41.9634
41.9634
41.9634
47.0455
47.0455
47.0455
47.0455
47.0455
47.0455
47.0455
47.0455
52.2398
52.2398
52.2398
52.2398
52.2398
52.2398
52.2398
52.2398
15.1992
15.1992
15.1992
15.1992
15.1992
15.1992
15.1992
15.1992
15.6312
15.6312
15.6312
15.6312
15.6312
15.6312
15.6312
15.6312
16.1194
16.1194
16.1194
16.1194
16.1194
16.1194
16.1194
16.1194
16.7179
16.7179
16.7179
16.7179
16.7179
16.7179
16.7179
16.7179
17.4857
17.4857
17.4857
17.4857
17.4857
17.4857
17.4857
17.4857
18.4847
18.4847
18.4847
18.4847
18.4847
18.4847
18.4847
18.4847
19.7803
19.7803
19.7803
19.7803
19.7803
19.7803
19.7803
19.7803
21.4401
21.4401
21.4401
21.4401
21.4401
21.4401
21.4401
21.4401
23.5315
23.5315
23.5315
23.5315
23.5315
23.5315
23.5315
23.5315
26.1182
26.1182
26.1182
26.1182
26.1182
26.1182
26.1182
26.1182
29.251
29.251
29.251
29.251
29.251
29.251
29.251
29.251
32.956
32.956
32.956
32.956
32.956
32.956
32.956
32.956
37.218
37.218
37.218
37.218
37.218
37.218
37.218
37.218
41.9634
41.9634
41.9634
41.9634
41.9634
41.9634
41.9634
41.9634
47.0455
47.0455
47.0455
47.0455
47.0455
47.0455
47.0455
47.0455
52.2398
52.2398
52.2398
52.2398
52.2398
52.2398
52.2398
52.2398
15.1992
15.1992
15.1992
15.1992
15.1992
15.1992
15.1992
15.1992
15.6312
15.6312
15.6312
15.6312
15.6312
15.6312
15.6312
15.6312
16.1194
16.1194
16.1194
16.1194
16.1194
16.1194
16.1194
16.1194
16.7179
16.7179
16.7179
16.7179
16.7179
16.7179
16.7179
16.7179
17.4857
17.4857
17.4857
17.4857
17.4857
17.4857
17.4857
17.4857
18.4847
18.4847
18.4847
18.4847
18.4847
18.4847
18.4847
18.4847
19.7803
19.7803
19.7803
19.7803
19.7803
19.7803
19.7803
19.7803
21.4401
21.4401
21.4401
21.4401
21.4401
21.4401
21.4401
21.4401
23.5315
23.5315
23.5315
23.5315
23.5315
23.5315
23.5315
23.5315
26.1182
26.1182
26.1182
26.1182
26.1182
26.1182
26.1182
26.1182
29.251
29.251
29.251
29.251
29.251
29.251
29.251
29.251
32.956
32.956
32.956
32.956
32.956
32.956
32.956
32.956
37.218
37.218
37.218
37.218
37.218
37.218
37.218
37.218
41.9634
41.9634
41.9634
41.9634
41.9634
41.9634
41.9634
41.9634
47.0455
47.0455
47.0455
47.0455
47.0455
47.0455
47.0455
47.0455
52.2398
52.2398
52.2398
52.2398
52.2398
52.2398
52.2398
52.2398
16.8962
16.8962
16.8962
16.8962
16.8962
16.8962
16.8962
16.8962
17.4116
17.4116
17.4116
17.4116
17.4116
17.4116
17.4116
17.4116
17.9711
17.9711
17.9711
17.9711
17.9711
17.9711
17.9711
17.9711
18.6341
18.6341
18.6341
18.6341
18.6341
18.6341
18.6341
18.6341
19.4652
19.4652
19.4652
19.4652
19.4652
19.4652
19.4652
19.4652
20.5325
20.5325
20.5325
20.5325
20.5325
20.5325
20.5325
20.5325
21.9064
21.9064
21.9064
21.9064
21.9064
21.9064
21.9064
21.9064
23.6593
23.6593
23.6593
23.6593
23.6593
23.6593
23.6593
23.6593
25.8628
25.8628
25.8628
25.8628
25.8628
25.8628
25.8628
25.8628
28.5836
28.5836
28.5836
28.5836
28.5836
28.5836
28.5836
28.5836
31.8757
31.8757
31.8757
31.8757
31.8757
31.8757
31.8757
31.8757
35.7675
35.7675
35.7675
35.7675
35.7675
35.7675
35.7675
35.7675
40.2467
40.2467
40.2467
40.2467
40.2467
40.2467
40.2467
40.2467
45.2425
45.2425
45.2425
45.2425
45.2425
45.2425
45.2425
45.2425
50.6111
50.6111
50.6111
50.6111
50.6111
50.6111
50.6111
50.6111
56.1308
56.1308
56.1308
56.1308
56.1308
56.1308
56.1308
56.1308
16.8962
16.8962
16.8962
16.8962
16.8962
16.8962
16.8962
16.8962
17.4116
17.4116
17.4116
17.4116
17.4116
17.4116
17.4116
17.4116
17.9711
17.9711
17.9711
17.9711
17.9711
17.9711
17.9711
17.9711
18.6341
18.6341
18.6341
18.6341
18.6341
18.6341
18.6341
18.6341
19.4652
19.4652
19.4652
19.4652
19.4652
19.4652
19.4652
19.4652
20.5325
20.5325
20.5325
20.5325
20.5325
20.5325
20.5325
20.5325
21.9064
21.9064
21.9064
21.9064
21.9064
21.9064
21.9064
21.9064
23.6593
23.6593
23.6593
23.6593
23.6593
23.6593
23.6593
23.6593
25.8628
25.8628
25.8628
25.8628
25.8628
25.8628
25.8628
25.8628
28.5836
28.5836
28.5836
28.5836
28.5836
28.5836
28.5836
28.5836
31.8757
31.8757
31.8757
31.8757
31.8757
31.8757
31.8757
31.8757
35.7675
35.7675
35.7675
35.7675
35.7675
35.7675
35.7675
35.7675
40.2467
40.2467
40.2467
40.2467
40.2467
40.2467
40.2467
40.2467
45.2425
45.2425
45.2425
45.2425
45.2425
45.2425
45.2425
45.2425
50.6111
50.6111
50.6111
50.6111
50.6111
50.6111
50.6111
50.6111
56.1308
56.1308
56.1308
56.1308
56.1308
56.1308
56.1308
56.1308
16.8962
16.8962
16.8962
16.8962
16.8962
16.8962
16.8962
16.8962
17.4116
17.4116
17.4116
17.4116
17.4116
17.4116
17.4116
17.4116
17.9711
17.9711
17.9711
17.9711
17.9711
17.9711
17.9711
17.9711
18.6341
18.6341
18.6341
18.6341
18.6341
18.6341
18.6341
18.6341
19.4652
19.4652
19.4652
19.4652
19.4652
19.4652
19.4652
19.4652
20.5325
20.5325
20.5325
20.5325
20.5325
20.5325
20.5325
20.5325
21.9064
21.9064
21.9064
21.9064
21.9064
21.9064
21.9064
21.9064
23.6593
23.6593
23.6593
23.6593
23.6593
23.6593
23.6593
23.6593
25.8628
25.8628
25.8628
25.8628
25.8628
25.8628
25.8628
25.8628
28.5836
28.5836
28.5836
28.5836
28.5836
28.5836
28.5836
28.5836
31.8757
31.8757
31.8757
31.8757
31.8757
31.8757
31.8757
31.8757
35.7675
35.7675
35.7675
35.7675
35.7675
35.7675
35.7675
35.7675
40.2467
40.2467
40.2467
40.2467
40.2467
40.2467
40.2467
40.2467
45.2425
45.2425
45.2425
45.2425
45.2425
45.2425
45.2425
45.2425
50.6111
50.6111
50.6111
50.6111
50.6111
50.6111
50.6111
50.6111
56.1308
56.1308
56.1308
56.1308
56.1308
56.1308
56.1308
56.1308
16.8962
16.8962
16.8962
16.8962
16.8962
16.8962
16.8962
16.8962
17.4116
17.4116
17.4116
17.4116
17.4116
17.4116
17.4116
17.4116
17.9711
17.9711
17.9711
17.9711
17.9711
17.9711
17.9711
17.9711
18.6341
18.6341
18.6341
18.6341
18.6341
18.6341
18.6341
18.6341
19.4652
19.4652
19.4652
19.4652
19.4652
19.4652
19.4652
19.4652
20.5325
20.5325
20.5325
20.5325
20.5325
20.5325
20.5325
20.5325
21.9064
21.9064
21.9064
21.9064
21.9064
21.9064
21.9064
21.9064
23.6593
23.6593
23.6593
23.6593
23.6593
23.6593
23.6593
23.6593
25.8628
25.8628
25.8628
25.8628
25.8628
25.8628
25.8628
25.8628
28.5836
28.5836
28.5836
28.5836
28.5836
28.5836
28.5836
28.5836
31.8757
31.8757
31.8757
31.8757
31.8757
31.8757
31.8757
31.8757
35.7675
35.7675
35.7675
35.7675
35.7675
35.7675
35.7675
35.7675
40.2467
40.2467
40.2467
40.2467
40.2467
40.2467
40.2467
40.2467
45.2425
45.2425
45.2425
45.2425
45.2425
45.2425
45.2425
45.2425
50.6111
50.6111
50.6111
50.6111
50.6111
50.6111
50.6111
50.6111
56.1308
56.1308
56.1308
56.1308
56.1308
56.1308
56.1308
56.1308
