8192
62.6685
62.6685
62.6685
62.6685
62.6685
62.6685
62.6685
62.6685
63.8418
63.8418
63.8418
63.8418
63.8418
63.8418
63.8418
63.8418
63.522
63.522
63.522
63.522
63.522
63.522
63.522
63.522
61.7967
61.7967
61.7967
61.7967
61.7967
61.7967
61.7967
61.7967
58.9174
58.9174
58.9174
58.9174
58.9174
58.9174
58.9174
58.9174
55.2441
55.2441
55.2441
55.2441
55.2441
55.2441
55.2441
55.2441
51.1708
51.1708
51.1708
51.1708
51.1708
51.1708
51.1708
51.1708
47.0639
47.0639
47.0639
47.0639
47.0639
47.0639
47.0639
47.0639
43.2189
43.2189
43.2189
43.2189
43.2189
43.2189
43.2189
43.2189
39.8459
39.8459
39.8459
39.8459
39.8459
39.8459
39.8459
39.8459
37.0754
37.0754
37.0754
37.0754
37.0754
37.0754
37.0754
37.0754
34.9765
34.9765
34.9765
34.9765
34.9765
34.9765
34.9765
34.9765
33.579
33.579
33.579
33.579
33.579
33.579
33.579
33.579
32.8924
32.8924
32.8924
32.8924
32.8924
32.8924
32.8924
32.8924
32.9206
32.9206
32.9206
32.9206
32.9206
32.9206
32.9206
32.9206
33.6701
33.6701
33.6701
33.6701
33.6701
33.6701
33.6701
33.6701
62.6685
62.6685
62.6685
62.6685
62.6685
62.6685
62.6685
62.6685
63.8418
63.8418
63.8418
63.8418
63.8418
63.8418
63.8418
63.8418
63.522
63.522
63.522
63.522
63.522
63.522
63.522
63.522
61.7967
61.7967
61.7967
61.7967
61.7967
61.7967
61.7967
61.7967
58.9174
58.9174
58.9174
58.9174
58.9174
58.9174
58.9174
58.9174
55.2441
55.2441
55.2441
55.2441
55.2441
55.2441
55.2441
55.2441
51.1708
51.1708
51.1708
51.1708
51.1708
51.1708
51.1708
51.1708
47.0639
47.0639
47.0639
47.0639
47.0639
47.0639
47.0639
47.0639
43.2189
43.2189
43.2189
43.2189
43.2189
43.2189
43.2189
43.2189
39.8459
39.8459
39.8459
39.8459
39.8459
39.8459
39.8459
39.8459
37.0754
37.0754
37.0754
37.0754
37.0754
37.0754
37.0754
37.0754
34.9765
34.9765
34.9765
34.9765
34.9765
34.9765
34.9765
34.9765
33.579
33.579
33.579
33.579
33.579
33.579
33.579
33.579
32.8924
32.8924
32.8924
32.8924
32.8924
32.8924
32.8924
32.8924
32.9206
32.9206
32.9206
32.9206
32.9206
32.9206
32.9206
32.9206
33.6701
33.6701
33.6701
33.6701
33.6701
33.6701
33.6701
33.6701
62.6685
62.6685
62.6685
62.6685
62.6685
62.6685
62.6685
62.6685
63.8418
63.8418
63.8418
63.8418
63.8418
63.8418
63.8418
63.8418
63.522
63.522
63.522
63.522
63.522
63.522
63.522
63.522
61.7967
61.7967
61.7967
61.7967
61.7967
61.7967
61.7967
61.7967
58.9174
58.9174
58.9174
58.9174
58.9174
58.9174
58.9174
58.9174
55.2441
55.2441
55.2441
55.2441
55.2441
55.2441
55.2441
55.2441
51.1708
51.1708
51.1708
51.1708
51.1708
51.1708
51.1708
51.1708
47.0639
47.0639
47.0639
47.0639
47.0639
47.0639
47.0639
47.0639
43.2189
43.2189
43.2189
43.2189
43.2189
43.2189
43.2189
43.2189
39.8459
39.8459
39.8459
39.8459
39.8459
39.8459
39.8459
39.8459
37.0754
37.0754
37.0754
37.0754
37.0754
37.0754
37.0754
37.0754
34.9765
34.9765
34.9765
34.9765
34.9765
34.9765
34.9765
34.9765
33.579
33.579
33.579
33.579
33.579
33.579
33.579
33.579
32.8924
32.8924
32.8924
32.8924
32.8924
32.8924
32.8924
32.8924
32.9206
32.9206
32.9206
32.9206
32.9206
32.9206
32.9206
32.9206
33.6701
33.6701
33.6701
33.6701
33.6701
33.6701
33.6701
33.6701
62.6685
62.6685
62.6685
62.6685
62.6685
62.6685
62.6685
62.6685
63.8418
63.8418
63.8418
63.8418
63.8418
63.8418
63.8418
63.8418
63.522
63.522
63.522
63.522
63.522
63.522
63.522
63.522
61.7967
61.7967
61.7967
61.7967
61.7967
61.7967
61.7967
61.7967
58.9174
58.9174
58.9174
58.9174
58.9174
58.9174
58.9174
58.9174
55.2441
55.2441
55.2441
55.2441
55.2441
55.2441
55.2441
55.2441
51.1708
51.1708
51.1708
51.1708
51.1708
51.1708
51.1708
51.1708
47.0639
47.0639
47.0639
47.0639
47.0639
47.0639
47.0639
47.0639
43.2189
43.2189
43.2189
43.2189
43.2189
43.2189
43.2189
43.2189
39.8459
39.8459
39.8459
39.8459
39.8459
39.8459
39.8459
39.8459
37.0754
37.0754
37.0754
37.0754
37.0754
37.0754
37.0754
37.0754
34.9765
34.9765
34.9765
34.9765
34.9765
34.9765
34.9765
34.9765
33.579
33.579
33.579
33.579
33.579
33.579
33.579
33.579
32.8924
32.8924
32.8924
32.8924
32.8924
32.8924
32.8924
32.8924
32.9206
32.9206
32.9206
32.9206
32.9206
32.9206
32.9206
32.9206
33.6701
33.6701
33.6701
33.6701
33.6701
33.6701
33.6701
33.6701
63.1133
63.1133
63.1133
63.1133
63.1133
63.1133
63.1133
63.1133
64.686
64.686
64.686
64.686
64.686
64.686
64.686
64.686
64.6958
64.6958
64.6958
64.6958
64.6958
64.6958
64.6958
64.6958
63.2013
63.2013
63.2013
63.2013
63.2013
63.2013
63.2013
63.2013
60.4424
60.4424
60.4424
60.4424
60.4424
60.4424
60.4424
60.4424
56.7831
56.7831
56.7831
56.7831
56.7831
56.7831
56.7831
56.7831
52.6368
52.6368
52.6368
52.6368
52.6368
52.6368
52.6368
52.6368
48.395
48.395
48.395
48.395
48.395
48.395
48.395
48.395
44.379
44.379
44.379
44.379
44.379
44.379
44.379
44.379
40.8205
40.8205
40.8205
40.8205
40.8205
40.8205
40.8205
40.8205
37.865
37.865
37.865
37.865
37.865
37.865
37.865
37.865
35.5908
35.5908
35.5908
35.5908
35.5908
35.5908
35.5908
35.5908
34.0313
34.0313
34.0313
34.0313
34.0313
34.0313
34.0313
34.0313
33.1965
33.1965
33.1965
33.1965
33.1965
33.1965
33.1965
33.1965
33.089
33.089
33.089
33.089
33.089
33.089
33.089
33.089
33.7136
33.7136
33.7136
33.7136
33.7136
33.7136
33.7136
33.7136
63.1133
63.1133
63.1133
63.1133
63.1133
63.1133
63.1133
63.1133
64.686
64.686
64.686
64.686
64.686
64.686
64.686
64.686
64.6958
64.6958
64.6958
64.6958
64.6958
64.6958
64.6958
64.6958
63.2013
63.2013
63.2013
63.2013
63.2013
63.2013
63.2013
63.2013
60.4424
60.4424
60.4424
60.4424
60.4424
60.4424
60.4424
60.4424
56.7831
56.7831
56.7831
56.7831
56.7831
56.7831
56.7831
56.7831
52.6368
52.6368
52.6368
52.6368
52.6368
52.6368
52.6368
52.6368
48.395
48.395
48.395
48.395
48.395
48.395
48.395
48.395
44.379
44.379
44.379
44.379
44.379
44.379
44.379
44.379
40.8205
40.8205
40.8205
40.8205
40.8205
40.8205
40.8205
40.8205
37.865
37.865
37.865
37.865
37.865
37.865
37.865
37.865
35.5908
35.5908
35.5908
35.5908
35.5908
35.5908
35.5908
35.5908
34.0313
34.0313
34.0313
34.0313
34.0313
34.0313
34.0313
34.0313
33.1965
33.1965
33.1965
33.1965
33.1965
33.1965
33.1965
33.1965
33.089
33.089
33.089
33.089
33.089
33.089
33.089
33.089
33.7136
33.7136
33.7136
33.7136
33.7136
33.7136
33.7136
33.7136
63.1133
63.1133
63.1133
63.1133
63.1133
63.1133
63.1133
63.1133
64.686
64.686
64.686
64.686
64.686
64.686
64.686
64.686
64.6958
64.6958
64.6958
64.6958
64.6958
64.6958
64.6958
64.6958
63.2013
63.2013
63.2013
63.2013
63.2013
63.2013
63.2013
63.2013
60.4424
60.4424
60.4424
60.4424
60.4424
60.4424
60.4424
60.4424
56.7831
56.7831
56.7831
56.7831
56.7831
56.7831
56.7831
56.7831
52.6368
52.6368
52.6368
52.6368
52.6368
52.6368
52.6368
52.6368
48.395
48.395
48.395
48.395
48.395
48.395
48.395
48.395
44.379
44.379
44.379
44.379
44.379
44.379
44.379
44.379
40.8205
40.8205
40.8205
40.8205
40.8205
40.8205
40.8205
40.8205
37.865
37.865
37.865
37.865
37.865
37.865
37.865
37.865
35.5908
35.5908
35.5908
35.5908
35.5908
35.5908
35.5908
35.5908
34.0313
34.0313
34.0313
34.0313
34.0313
34.0313
34.0313
34.0313
33.1965
33.1965
33.1965
33.1965
33.1965
33.1965
33.1965
33.1965
33.089
33.089
33.089
33.089
33.089
33.089
33.089
33.089
33.7136
33.7136
33.7136
33.7136
33.7136
33.7136
33.7136
33.7136
63.1133
63.1133
63.1133
63.1133
63.1133
63.1133
63.1133
63.1133
64.686
64.686
64.686
64.686
64.686
64.686
64.686
64.686
64.6958
64.6958
64.6958
64.6958
64.6958
64.6958
64.6958
64.6958
63.2013
63.2013
63.2013
63.2013
63.2013
63.2013
63.2013
63.2013
60.4424
60.4424
60.4424
60.4424
60.4424
60.4424
60.4424
60.4424
56.7831
56.7831
56.7831
56.7831
56.7831
56.7831
56.7831
56.7831
52.6368
52.6368
52.6368
52.6368
52.6368
52.6368
52.6368
52.6368
48.395
48.395
48.395
48.395
48.395
48.395
48.395
48.395
44.379
44.379
44.379
44.379
44.379
44.379
44.379
44.379
40.8205
40.8205
40.8205
40.8205
40.8205
40.8205
40.8205
40.8205
37.865
37.865
37.865
37.865
37.865
37.865
37.865
37.865
35.5908
35.5908
35.5908
35.5908
35.5908
35.5908
35.5908
35.5908
34.0313
34.0313
34.0313
34.0313
34.0313
34.0313
34.0313
34.0313
33.1965
33.1965
33.1965
33.1965
33.1965
33.1965
33.1965
33.1965
33.089
33.089
33.089
33.089
33.089
33.089
33.089
33.089
33.7136
33.7136
33.7136
33.7136
33.7136
33.7136
33.7136
33.7136
62.7181
62.7181
62.7181
62.7181
62.7181
62.7181
62.7181
62.7181
64.6718
64.6718
64.6718
64.6718
64.6718
64.6718
64.6718
64.6718
65.0293
65.0293
65.0293
65.0293
65.0293
65.0293
65.0293
65.0293
63.8158
63.8158
63.8158
63.8158
63.8158
63.8158
63.8158
63.8158
61.2488
61.2488
61.2488
61.2488
61.2488
61.2488
61.2488
61.2488
57.6875
57.6875
57.6875
57.6875
57.6875
57.6875
57.6875
57.6875
53.5546
53.5546
53.5546
53.5546
53.5546
53.5546
53.5546
53.5546
49.2588
49.2588
49.2588
49.2588
49.2588
49.2588
49.2588
49.2588
45.1427
45.1427
45.1427
45.1427
45.1427
45.1427
45.1427
45.1427
41.4573
41.4573
41.4573
41.4573
41.4573
41.4573
41.4573
41.4573
38.3629
38.3629
38.3629
38.3629
38.3629
38.3629
38.3629
38.3629
35.9473
35.9473
35.9473
35.9473
35.9473
35.9473
35.9473
35.9473
34.2488
34.2488
34.2488
34.2488
34.2488
34.2488
34.2488
34.2488
33.2787
33.2787
33.2787
33.2787
33.2787
33.2787
33.2787
33.2787
33.0385
33.0385
33.0385
33.0385
33.0385
33.0385
33.0385
33.0385
33.5312
33.5312
33.5312
33.5312
33.5312
33.5312
33.5312
33.5312
62.7181
62.7181
62.7181
62.7181
62.7181
62.7181
62.7181
62.7181
64.6718
64.6718
64.6718
64.6718
64.6718
64.6718
64.6718
64.6718
65.0293
65.0293
65.0293
65.0293
65.0293
65.0293
65.0293
65.0293
63.8158
63.8158
63.8158
63.8158
63.8158
63.8158
63.8158
63.8158
61.2488
61.2488
61.2488
61.2488
61.2488
61.2488
61.2488
61.2488
57.6875
57.6875
57.6875
57.6875
57.6875
57.6875
57.6875
57.6875
53.5546
53.5546
53.5546
53.5546
53.5546
53.5546
53.5546
53.5546
49.2588
49.2588
49.2588
49.2588
49.2588
49.2588
49.2588
49.2588
45.1427
45.1427
45.1427
45.1427
45.1427
45.1427
45.1427
45.1427
41.4573
41.4573
41.4573
41.4573
41.4573
41.4573
41.4573
41.4573
38.3629
38.3629
38.3629
38.3629
38.3629
38.3629
38.3629
38.3629
35.9473
35.9473
35.9473
35.9473
35.9473
35.9473
35.9473
35.9473
34.2488
34.2488
34.2488
34.2488
34.2488
34.2488
34.2488
34.2488
33.2787
33.2787
33.2787
33.2787
33.2787
33.2787
33.2787
33.2787
33.0385
33.0385
33.0385
33.0385
33.0385
33.0385
33.0385
33.0385
33.5312
33.5312
33.5312
33.5312
33.5312
33.5312
33.5312
33.5312
62.7181
62.7181
62.7181
62.7181
62.7181
62.7181
62.7181
62.7181
64.6718
64.6718
64.6718
64.6718
64.6718
64.6718
64.6718
64.6718
65.0293
65.0293
65.0293
65.0293
65.0293
65.0293
65.0293
65.0293
63.8158
63.8158
63.8158
63.8158
63.8158
63.8158
63.8158
63.8158
61.2488
61.2488
61.2488
61.2488
61.2488
61.2488
61.2488
61.2488
57.6875
57.6875
57.6875
57.6875
57.6875
57.6875
57.6875
57.6875
53.5546
53.5546
53.5546
53.5546
53.5546
53.5546
53.5546
53.5546
49.2588
49.2588
49.2588
49.2588
49.2588
49.2588
49.2588
49.2588
45.1427
45.1427
45.1427
45.1427
45.1427
45.1427
45.1427
45.1427
41.4573
41.4573
41.4573
41.4573
41.4573
41.4573
41.4573
41.4573
38.3629
38.3629
38.3629
38.3629
38.3629
38.3629
38.3629
38.3629
35.9473
35.9473
35.9473
35.9473
35.9473
35.9473
35.9473
35.9473
34.2488
34.2488
34.2488
34.2488
34.2488
34.2488
34.2488
34.2488
33.2787
33.2787
33.2787
33.2787
33.2787
33.2787
33.2787
33.2787
33.0385
33.0385
33.0385
33.0385
33.0385
33.0385
33.0385
33.0385
33.5312
33.5312
33.5312
33.5312
33.5312
33.5312
33.5312
33.5312
62.7181
62.7181
62.7181
62.7181
62.7181
62.7181
62.7181
62.7181
64.6718
64.6718
64.6718
64.6718
64.6718
64.6718
64.6718
64.6718
65.0293
65.0293
65.0293
65.0293
65.0293
65.0293
65.0293
65.0293
63.8158
63.8158
63.8158
63.8158
63.8158
63.8158
63.8158
63.8158
61.2488
61.2488
61.2488
61.2488
61.2488
61.2488
61.2488
61.2488
57.6875
57.6875
57.6875
57.6875
57.6875
57.6875
57.6875
57.6875
53.5546
53.5546
53.5546
53.5546
53.5546
53.5546
53.5546
53.5546
49.2588
49.2588
49.2588
49.2588
49.2588
49.2588
49.2588
49.2588
45.1427
45.1427
45.1427
45.1427
45.1427
45.1427
45.1427
45.1427
41.4573
41.4573
41.4573
41.4573
41.4573
41.4573
41.4573
41.4573
38.3629
38.3629
38.3629
38.3629
38.3629
38.3629
38.3629
38.3629
35.9473
35.9473
35.9473
35.9473
35.9473
35.9473
35.9473
35.9473
34.2488
34.2488
34.2488
34.2488
34.2488
34.2488
34.2488
34.2488
33.2787
33.2787
33.2787
33.2787
33.2787
33.2787
33.2787
33.2787
33.0385
33.0385
33.0385
33.0385
33.0385
33.0385
33.0385
33.0385
33.5312
33.5312
33.5312
33.5312
33.5312
33.5312
33.5312
33.5312
61.5365
61.5365
61.5365
61.5365
61.5365
61.5365
61.5365
61.5365
63.8325
63.8325
63.8325
63.8325
63.8325
63.8325
63.8325
63.8325
64.5374
64.5374
64.5374
64.5374
64.5374
64.5374
64.5374
64.5374
63.6398
63.6398
63.6398
63.6398
63.6398
63.6398
63.6398
63.6398
61.3289
61.3289
61.3289
61.3289
61.3289
61.3289
61.3289
61.3289
57.9478
57.9478
57.9478
57.9478
57.9478
57.9478
57.9478
57.9478
53.9167
53.9167
53.9167
53.9167
53.9167
53.9167
53.9167
53.9167
49.6535
49.6535
49.6535
49.6535
49.6535
49.6535
49.6535
49.6535
45.5158
45.5158
45.5158
45.5158
45.5158
45.5158
45.5158
45.5158
41.7699
41.7699
41.7699
41.7699
41.7699
41.7699
41.7699
41.7699
38.5905
38.5905
38.5905
38.5905
38.5905
38.5905
38.5905
38.5905
36.075
36.075
36.075
36.075
36.075
36.075
36.075
36.075
34.2677
34.2677
34.2677
34.2677
34.2677
34.2677
34.2677
34.2677
33.1823
33.1823
33.1823
33.1823
33.1823
33.1823
33.1823
33.1823
32.8202
32.8202
32.8202
32.8202
32.8202
32.8202
32.8202
32.8202
33.1828
33.1828
33.1828
33.1828
33.1828
33.1828
33.1828
33.1828
61.5365
61.5365
61.5365
61.5365
61.5365
61.5365
61.5365
61.5365
63.8325
63.8325
63.8325
63.8325
63.8325
63.8325
63.8325
63.8325
64.5374
64.5374
64.5374
64.5374
64.5374
64.5374
64.5374
64.5374
63.6398
63.6398
63.6398
63.6398
63.6398
63.6398
63.6398
63.6398
61.3289
61.3289
61.3289
61.3289
61.3289
61.3289
61.3289
61.3289
57.9478
57.9478
57.9478
57.9478
57.9478
57.9478
57.9478
57.9478
53.9167
53.9167
53.9167
53.9167
53.9167
53.9167
53.9167
53.9167
49.6535
49.6535
49.6535
49.6535
49.6535
49.6535
49.6535
49.6535
45.5158
45.5158
45.5158
45.5158
45.5158
45.5158
45.5158
45.5158
41.7699
41.7699
41.7699
41.7699
41.7699
41.7699
41.7699
41.7699
38.5905
38.5905
38.5905
38.5905
38.5905
38.5905
38.5905
38.5905
36.075
36.075
36.075
36.075
36.075
36.075
36.075
36.075
34.2677
34.2677
34.2677
34.2677
34.2677
34.2677
34.2677
34.2677
33.1823
33.1823
33.1823
33.1823
33.1823
33.1823
33.1823
33.1823
32.8202
32.8202
32.8202
32.8202
32.8202
32.8202
32.8202
32.8202
33.1828
33.1828
33.1828
33.1828
33.1828
33.1828
33.1828
33.1828
61.5365
61.5365
61.5365
61.5365
61.5365
61.5365
61.5365
61.5365
63.8325
63.8325
63.8325
63.8325
63.8325
63.8325
63.8325
63.8325
64.5374
64.5374
64.5374
64.5374
64.5374
64.5374
64.5374
64.5374
63.6398
63.6398
63.6398
63.6398
63.6398
63.6398
63.6398
63.6398
61.3289
61.3289
61.3289
61.3289
61.3289
61.3289
61.3289
61.3289
57.9478
57.9478
57.9478
57.9478
57.9478
57.9478
57.9478
57.9478
53.9167
53.9167
53.9167
53.9167
53.9167
53.9167
53.9167
53.9167
49.6535
49.6535
49.6535
49.6535
49.6535
49.6535
49.6535
49.6535
45.5158
45.5158
45.5158
45.5158
45.5158
45.5158
45.5158
45.5158
41.7699
41.7699
41.7699
41.7699
41.7699
41.7699
41.7699
41.7699
38.5905
38.5905
38.5905
38.5905
38.5905
38.5905
38.5905
38.5905
36.075
36.075
36.075
36.075
36.075
36.075
36.075
36.075
34.2677
34.2677
34.2677
34.2677
34.2677
34.2677
34.2677
34.2677
33.1823
33.1823
33.1823
33.1823
33.1823
33.1823
33.1823
33.1823
32.8202
32.8202
32.8202
32.8202
32.8202
32.8202
32.8202
32.8202
33.1828
33.1828
33.1828
33.1828
33.1828
33.1828
33.1828
33.1828
61.5365
61.5365
61.5365
61.5365
61.5365
61.5365
61.5365
61.5365
63.8325
63.8325
63.8325
63.8325
63.8325
63.8325
63.8325
63.8325
64.5374
64.5374
64.5374
64.5374
64.5374
64.5374
64.5374
64.5374
63.6398
63.6398
63.6398
63.6398
63.6398
63.6398
63.6398
63.6398
61.3289
61.3289
61.3289
61.3289
61.3289
61.3289
61.3289
61.3289
57.9478
57.9478
57.9478
57.9478
57.9478
57.9478
57.9478
57.9478
53.9167
53.9167
53.9167
53.9167
53.9167
53.9167
53.9167
53.9167
49.6535
49.6535
49.6535
49.6535
49.6535
49.6535
49.6535
49.6535
45.5158
45.5158
45.5158
45.5158
45.5158
45.5158
45.5158
45.5158
41.7699
41.7699
41.7699
41.7699
41.7699
41.7699
41.7699
41.7699
38.5905
38.5905
38.5905
38.5905
38.5905
38.5905
38.5905
38.5905
36.075
36.075
36.075
36.075
36.075
36.075
36.075
36.075
34.2677
34.2677
34.2677
34.2677
34.2677
34.2677
34.2677
34.2677
33.1823
33.1823
33.1823
33.1823
33.1823
33.1823
33.1823
33.1823
32.8202
32.8202
32.8202
32.8202
32.8202
32.8202
32.8202
32.8202
33.1828
33.1828
33.1828
33.1828
33.1828
33.1828
33.1828
33.1828
59.7365
59.7365
59.7365
59.7365
59.7365
59.7365
59.7365
59.7365
62.3213
62.3213
62.3213
62.3213
62.3213
62.3213
62.3213
62.3213
63.3564
63.3564
63.3564
63.3564
63.3564
63.3564
63.3564
63.3564
62.7931
62.7931
62.7931
62.7931
62.7931
62.7931
62.7931
62.7931
60.787
60.787
60.787
60.787
60.787
60.787
60.787
60.787
57.656
57.656
57.656
57.656
57.656
57.656
57.656
57.656
53.8069
53.8069
53.8069
53.8069
53.8069
53.8069
53.8069
53.8069
49.6578
49.6578
49.6578
49.6578
49.6578
49.6578
49.6578
49.6578
45.5736
45.5736
45.5736
45.5736
45.5736
45.5736
45.5736
45.5736
41.833
41.833
41.833
41.833
41.833
41.833
41.833
41.833
38.6225
38.6225
38.6225
38.6225
38.6225
38.6225
38.6225
38.6225
36.05
36.05
36.05
36.05
36.05
36.05
36.05
36.05
34.1665
34.1665
34.1665
34.1665
34.1665
34.1665
34.1665
34.1665
32.9893
32.9893
32.9893
32.9893
32.9893
32.9893
32.9893
32.9893
32.521
32.521
32.521
32.521
32.521
32.521
32.521
32.521
32.7618
32.7618
32.7618
32.7618
32.7618
32.7618
32.7618
32.7618
59.7365
59.7365
59.7365
59.7365
59.7365
59.7365
59.7365
59.7365
62.3213
62.3213
62.3213
62.3213
62.3213
62.3213
62.3213
62.3213
63.3564
63.3564
63.3564
63.3564
63.3564
63.3564
63.3564
63.3564
62.7931
62.7931
62.7931
62.7931
62.7931
62.7931
62.7931
62.7931
60.787
60.787
60.787
60.787
60.787
60.787
60.787
60.787
57.656
57.656
57.656
57.656
57.656
57.656
57.656
57.656
53.8069
53.8069
53.8069
53.8069
53.8069
53.8069
53.8069
53.8069
49.6578
49.6578
49.6578
49.6578
49.6578
49.6578
49.6578
49.6578
45.5736
45.5736
45.5736
45.5736
45.5736
45.5736
45.5736
45.5736
41.833
41.833
41.833
41.833
41.833
41.833
41.833
41.833
38.6225
38.6225
38.6225
38.6225
38.6225
38.6225
38.6225
38.6225
36.05
36.05
36.05
36.05
36.05
36.05
36.05
36.05
34.1665
34.1665
34.1665
34.1665
34.1665
34.1665
34.1665
34.1665
32.9893
32.9893
32.9893
32.9893
32.9893
32.9893
32.9893
32.9893
32.521
32.521
32.521
32.521
32.521
32.521
32.521
32.521
32.7618
32.7618
32.7618
32.7618
32.7618
32.7618
32.7618
32.7618
59.7365
59.7365
59.7365
59.7365
59.7365
59.7365
59.7365
59.7365
62.3213
62.3213
62.3213
62.3213
62.3213
62.3213
62.3213
62.3213
63.3564
63.3564
63.3564
63.3564
63.3564
63.3564
63.3564
63.3564
62.7931
62.7931
62.7931
62.7931
62.7931
62.7931
62.7931
62.7931
60.787
60.787
60.787
60.787
60.787
60.787
60.787
60.787
57.656
57.656
57.656
57.656
57.656
57.656
57.656
57.656
53.8069
53.8069
53.8069
53.8069
53.8069
53.8069
53.8069
53.8069
49.6578
49.6578
49.6578
49.6578
49.6578
49.6578
49.6578
49.6578
45.5736
45.5736
45.5736
45.5736
45.5736
45.5736
45.5736
45.5736
41.833
41.833
41.833
41.833
41.833
41.833
41.833
41.833
38.6225
38.6225
38.6225
38.6225
38.6225
38.6225
38.6225
38.6225
36.05
36.05
36.05
36.05
36.05
36.05
36.05
36.05
34.1665
34.1665
34.1665
34.1665
34.1665
34.1665
34.1665
34.1665
32.9893
32.9893
32.9893
32.9893
32.9893
32.9893
32.9893
32.9893
32.521
32.521
32.521
32.521
32.521
32.521
32.521
32.521
32.7618
32.7618
32.7618
32.7618
32.7618
32.7618
32.7618
32.7618
59.7365
59.7365
59.7365
59.7365
59.7365
59.7365
59.7365
59.7365
62.3213
62.3213
62.3213
62.3213
62.3213
62.3213
62.3213
62.3213
63.3564
63.3564
63.3564
63.3564
63.3564
63.3564
63.3564
63.3564
62.7931
62.7931
62.7931
62.7931
62.7931
62.7931
62.7931
62.7931
60.787
60.787
60.787
60.787
60.787
60.787
60.787
60.787
57.656
57.656
57.656
57.656
57.656
57.656
57.656
57.656
53.8069
53.8069
53.8069
53.8069
53.8069
53.8069
53.8069
53.8069
49.6578
49.6578
49.6578
49.6578
49.6578
49.6578
49.6578
49.6578
45.5736
45.5736
45.5736
45.5736
45.5736
45.5736
45.5736
45.5736
41.833
41.833
41.833
41.833
41.833
41.833
41.833
41.833
38.6225
38.6225
38.6225
38.6225
38.6225
38.6225
38.6225
38.6225
36.05
36.05
36.05
36.05
36.05
36.05
36.05
36.05
34.1665
34.1665
34.1665
34.1665
34.1665
34.1665
34.1665
34.1665
32.9893
32.9893
32.9893
32.9893
32.9893
32.9893
32.9893
32.9893
32.521
32.521
32.521
32.521
32.521
32.521
32.521
32.521
32.7618
32.7618
32.7618
32.7618
32.7618
32.7618
32.7618
32.7618
57.5616
57.5616
57.5616
57.5616
57.5616
57.5616
57.5616
57.5616
60.3785
60.3785
60.3785
60.3785
60.3785
60.3785
60.3785
60.3785
61.7146
61.7146
61.7146
61.7146
61.7146
61.7146
61.7146
61.7146
61.4881
61.4881
61.4881
61.4881
61.4881
61.4881
61.4881
61.4881
59.8172
59.8172
59.8172
59.8172
59.8172
59.8172
59.8172
59.8172
56.9871
56.9871
56.9871
56.9871
56.9871
56.9871
56.9871
56.9871
53.3838
53.3838
53.3838
53.3838
53.3838
53.3838
53.3838
53.3838
49.4155
49.4155
49.4155
49.4155
49.4155
49.4155
49.4155
49.4155
45.4486
45.4486
45.4486
45.4486
45.4486
45.4486
45.4486
45.4486
41.7696
41.7696
41.7696
41.7696
41.7696
41.7696
41.7696
41.7696
38.5757
38.5757
38.5757
38.5757
38.5757
38.5757
38.5757
38.5757
35.9844
35.9844
35.9844
35.9844
35.9844
35.9844
35.9844
35.9844
34.0548
34.0548
34.0548
34.0548
34.0548
34.0548
34.0548
34.0548
32.8091
32.8091
32.8091
32.8091
32.8091
32.8091
32.8091
32.8091
32.2519
32.2519
32.2519
32.2519
32.2519
32.2519
32.2519
32.2519
32.3833
32.3833
32.3833
32.3833
32.3833
32.3833
32.3833
32.3833
57.5616
57.5616
57.5616
57.5616
57.5616
57.5616
57.5616
57.5616
60.3785
60.3785
60.3785
60.3785
60.3785
60.3785
60.3785
60.3785
61.7146
61.7146
61.7146
61.7146
61.7146
61.7146
61.7146
61.7146
61.4881
61.4881
61.4881
61.4881
61.4881
61.4881
61.4881
61.4881
59.8172
59.8172
59.8172
59.8172
59.8172
59.8172
59.8172
59.8172
56.9871
56.9871
56.9871
56.9871
56.9871
56.9871
56.9871
56.9871
53.3838
53.3838
53.3838
53.3838
53.3838
53.3838
53.3838
53.3838
49.4155
49.4155
49.4155
49.4155
49.4155
49.4155
49.4155
49.4155
45.4486
45.4486
45.4486
45.4486
45.4486
45.4486
45.4486
45.4486
41.7696
41.7696
41.7696
41.7696
41.7696
41.7696
41.7696
41.7696
38.5757
38.5757
38.5757
38.5757
38.5757
38.5757
38.5757
38.5757
35.9844
35.9844
35.9844
35.9844
35.9844
35.9844
35.9844
35.9844
34.0548
34.0548
34.0548
34.0548
34.0548
34.0548
34.0548
34.0548
32.8091
32.8091
32.8091
32.8091
32.8091
32.8091
32.8091
32.8091
32.2519
32.2519
32.2519
32.2519
32.2519
32.2519
32.2519
32.2519
32.3833
32.3833
32.3833
32.3833
32.3833
32.3833
32.3833
32.3833
57.5616
57.5616
57.5616
57.5616
57.5616
57.5616
57.5616
57.5616
60.3785
60.3785
60.3785
60.3785
60.3785
60.3785
60.3785
60.3785
61.7146
61.7146
61.7146
61.7146
61.7146
61.7146
61.7146
61.7146
61.4881
61.4881
61.4881
61.4881
61.4881
61.4881
61.4881
61.4881
59.8172
59.8172
59.8172
59.8172
59.8172
59.8172
59.8172
59.8172
56.9871
56.9871
56.9871
56.9871
56.9871
56.9871
56.9871
56.9871
53.3838
53.3838
53.3838
53.3838
53.3838
53.3838
53.3838
53.3838
49.4155
49.4155
49.4155
49.4155
49.4155
49.4155
49.4155
49.4155
45.4486
45.4486
45.4486
45.4486
45.4486
45.4486
45.4486
45.4486
41.7696
41.7696
41.7696
41.7696
41.7696
41.7696
41.7696
41.7696
38.5757
38.5757
38.5757
38.5757
38.5757
38.5757
38.5757
38.5757
35.9844
35.9844
35.9844
35.9844
35.9844
35.9844
35.9844
35.9844
34.0548
34.0548
34.0548
34.0548
34.0548
34.0548
34.0548
34.0548
32.8091
32.8091
32.8091
32.8091
32.8091
32.8091
32.8091
32.8091
32.2519
32.2519
32.2519
32.2519
32.2519
32.2519
32.2519
32.2519
32.3833
32.3833
32.3833
32.3833
32.3833
32.3833
32.3833
32.3833
57.5616
57.5616
57.5616
57.5616
57.5616
57.5616
57.5616
57.5616
60.3785
60.3785
60.3785
60.3785
60.3785
60.3785
60.3785
60.3785
61.7146
61.7146
61.7146
61.7146
61.7146
61.7146
61.7146
61.7146
61.4881
61.4881
61.4881
61.4881
61.4881
61.4881
61.4881
61.4881
59.8172
59.8172
59.8172
59.8172
59.8172
59.8172
59.8172
59.8172
56.9871
56.9871
56.9871
56.9871
56.9871
56.9871
56.9871
56.9871
53.3838
53.3838
53.3838
53.3838
53.3838
53.3838
53.3838
53.3838
49.4155
49.4155
49.4155
49.4155
49.4155
49.4155
49.4155
49.4155
45.4486
45.4486
45.4486
45.4486
45.4486
45.4486
45.4486
45.4486
41.7696
41.7696
41.7696
41.7696
41.7696
41.7696
41.7696
41.7696
38.5757
38.5757
38.5757
38.5757
38.5757
38.5757
38.5757
38.5757
35.9844
35.9844
35.9844
35.9844
35.9844
35.9844
35.9844
35.9844
34.0548
34.0548
34.0548
34.0548
34.0548
34.0548
34.0548
34.0548
32.8091
32.8091
32.8091
32.8091
32.8091
32.8091
32.8091
32.8091
32.2519
32.2519
32.2519
32.2519
32.2519
32.2519
32.2519
32.2519
32.3833
32.3833
32.3833
32.3833
32.3833
32.3833
32.3833
32.3833
55.2869
55.2869
55.2869
55.2869
55.2869
55.2869
55.2869
55.2869
58.2842
58.2842
58.2842
58.2842
58.2842
58.2842
58.2842
58.2842
59.889
59.889
59.889
59.889
59.889
59.889
59.889
59.889
59.9896
59.9896
59.9896
59.9896
59.9896
59.9896
59.9896
59.9896
58.6661
58.6661
58.6661
58.6661
58.6661
58.6661
58.6661
58.6661
56.1677
56.1677
56.1677
56.1677
56.1677
56.1677
56.1677
56.1677
52.8525
52.8525
52.8525
52.8525
52.8525
52.8525
52.8525
52.8525
49.1125
49.1125
49.1125
49.1125
49.1125
49.1125
49.1125
49.1125
45.3096
45.3096
45.3096
45.3096
45.3096
45.3096
45.3096
45.3096
41.7345
41.7345
41.7345
41.7345
41.7345
41.7345
41.7345
41.7345
38.5931
38.5931
38.5931
38.5931
38.5931
38.5931
38.5931
38.5931
36.0128
36.0128
36.0128
36.0128
36.0128
36.0128
36.0128
36.0128
34.0612
34.0612
34.0612
34.0612
34.0612
34.0612
34.0612
34.0612
32.7665
32.7665
32.7665
32.7665
32.7665
32.7665
32.7665
32.7665
32.1366
32.1366
32.1366
32.1366
32.1366
32.1366
32.1366
32.1366
32.1723
32.1723
32.1723
32.1723
32.1723
32.1723
32.1723
32.1723
55.2869
55.2869
55.2869
55.2869
55.2869
55.2869
55.2869
55.2869
58.2842
58.2842
58.2842
58.2842
58.2842
58.2842
58.2842
58.2842
59.889
59.889
59.889
59.889
59.889
59.889
59.889
59.889
59.9896
59.9896
59.9896
59.9896
59.9896
59.9896
59.9896
59.9896
58.6661
58.6661
58.6661
58.6661
58.6661
58.6661
58.6661
58.6661
56.1677
56.1677
56.1677
56.1677
56.1677
56.1677
56.1677
56.1677
52.8525
52.8525
52.8525
52.8525
52.8525
52.8525
52.8525
52.8525
49.1125
49.1125
49.1125
49.1125
49.1125
49.1125
49.1125
49.1125
45.3096
45.3096
45.3096
45.3096
45.3096
45.3096
45.3096
45.3096
41.7345
41.7345
41.7345
41.7345
41.7345
41.7345
41.7345
41.7345
38.5931
38.5931
38.5931
38.5931
38.5931
38.5931
38.5931
38.5931
36.0128
36.0128
36.0128
36.0128
36.0128
36.0128
36.0128
36.0128
34.0612
34.0612
34.0612
34.0612
34.0612
34.0612
34.0612
34.0612
32.7665
32.7665
32.7665
32.7665
32.7665
32.7665
32.7665
32.7665
32.1366
32.1366
32.1366
32.1366
32.1366
32.1366
32.1366
32.1366
32.1723
32.1723
32.1723
32.1723
32.1723
32.1723
32.1723
32.1723
55.2869
55.2869
55.2869
55.2869
55.2869
55.2869
55.2869
55.2869
58.2842
58.2842
58.2842
58.2842
58.2842
58.2842
58.2842
58.2842
59.889
59.889
59.889
59.889
59.889
59.889
59.889
59.889
59.9896
59.9896
59.9896
59.9896
59.9896
59.9896
59.9896
59.9896
58.6661
58.6661
58.6661
58.6661
58.6661
58.6661
58.6661
58.6661
56.1677
56.1677
56.1677
56.1677
56.1677
56.1677
56.1677
56.1677
52.8525
52.8525
52.8525
52.8525
52.8525
52.8525
52.8525
52.8525
49.1125
49.1125
49.1125
49.1125
49.1125
49.1125
49.1125
49.1125
45.3096
45.3096
45.3096
45.3096
45.3096
45.3096
45.3096
45.3096
41.7345
41.7345
41.7345
41.7345
41.7345
41.7345
41.7345
41.7345
38.5931
38.5931
38.5931
38.5931
38.5931
38.5931
38.5931
38.5931
36.0128
36.0128
36.0128
36.0128
36.0128
36.0128
36.0128
36.0128
34.0612
34.0612
34.0612
34.0612
34.0612
34.0612
34.0612
34.0612
32.7665
32.7665
32.7665
32.7665
32.7665
32.7665
32.7665
32.7665
32.1366
32.1366
32.1366
32.1366
32.1366
32.1366
32.1366
32.1366
32.1723
32.1723
32.1723
32.1723
32.1723
32.1723
32.1723
32.1723
55.2869
55.2869
55.2869
55.2869
55.2869
55.2869
55.2869
55.2869
58.2842
58.2842
58.2842
58.2842
58.2842
58.2842
58.2842
58.2842
59.889
59.889
59.889
59.889
59.889
59.889
59.889
59.889
59.9896
59.9896
59.9896
59.9896
59.9896
59.9896
59.9896
59.9896
58.6661
58.6661
58.6661
58.6661
58.6661
58.6661
58.6661
58.6661
56.1677
56.1677
56.1677
56.1677
56.1677
56.1677
56.1677
56.1677
52.8525
52.8525
52.8525
52.8525
52.8525
52.8525
52.8525
52.8525
49.1125
49.1125
49.1125
49.1125
49.1125
49.1125
49.1125
49.1125
45.3096
45.3096
45.3096
45.3096
45.3096
45.3096
45.3096
45.3096
41.7345
41.7345
41.7345
41.7345
41.7345
41.7345
41.7345
41.7345
38.5931
38.5931
38.5931
38.5931
38.5931
38.5931
38.5931
38.5931
36.0128
36.0128
36.0128
36.0128
36.0128
36.0128
36.0128
36.0128
34.0612
34.0612
34.0612
34.0612
34.0612
34.0612
34.0612
34.0612
32.7665
32.7665
32.7665
32.7665
32.7665
32.7665
32.7665
32.7665
32.1366
32.1366
32.1366
32.1366
32.1366
32.1366
32.1366
32.1366
32.1723
32.1723
32.1723
32.1723
32.1723
32.1723
32.1723
32.1723
53.1776
53.1776
53.1776
53.1776
53.1776
53.1776
53.1776
53.1776
56.3176
56.3176
56.3176
56.3176
56.3176
56.3176
56.3176
56.3176
58.1617
58.1617
58.1617
58.1617
58.1617
58.1617
58.1617
58.1617
58.5731
58.5731
58.5731
58.5731
58.5731
58.5731
58.5731
58.5731
57.5963
57.5963
57.5963
57.5963
57.5963
57.5963
57.5963
57.5963
55.4423
55.4423
55.4423
55.4423
55.4423
55.4423
55.4423
55.4423
52.4374
52.4374
52.4374
52.4374
52.4374
52.4374
52.4374
52.4374
48.9528
48.9528
48.9528
48.9528
48.9528
48.9528
48.9528
48.9528
45.3419
45.3419
45.3419
45.3419
45.3419
45.3419
45.3419
45.3419
41.8968
41.8968
41.8968
41.8968
41.8968
41.8968
41.8968
41.8968
38.8305
38.8305
38.8305
38.8305
38.8305
38.8305
38.8305
38.8305
36.2801
36.2801
36.2801
36.2801
36.2801
36.2801
36.2801
36.2801
34.3223
34.3223
34.3223
34.3223
34.3223
34.3223
34.3223
34.3223
32.9925
32.9925
32.9925
32.9925
32.9925
32.9925
32.9925
32.9925
32.3029
32.3029
32.3029
32.3029
32.3029
32.3029
32.3029
32.3029
32.2555
32.2555
32.2555
32.2555
32.2555
32.2555
32.2555
32.2555
53.1776
53.1776
53.1776
53.1776
53.1776
53.1776
53.1776
53.1776
56.3176
56.3176
56.3176
56.3176
56.3176
56.3176
56.3176
56.3176
58.1617
58.1617
58.1617
58.1617
58.1617
58.1617
58.1617
58.1617
58.5731
58.5731
58.5731
58.5731
58.5731
58.5731
58.5731
58.5731
57.5963
57.5963
57.5963
57.5963
57.5963
57.5963
57.5963
57.5963
55.4423
55.4423
55.4423
55.4423
55.4423
55.4423
55.4423
55.4423
52.4374
52.4374
52.4374
52.4374
52.4374
52.4374
52.4374
52.4374
48.9528
48.9528
48.9528
48.9528
48.9528
48.9528
48.9528
48.9528
45.3419
45.3419
45.3419
45.3419
45.3419
45.3419
45.3419
45.3419
41.8968
41.8968
41.8968
41.8968
41.8968
41.8968
41.8968
41.8968
38.8305
38.8305
38.8305
38.8305
38.8305
38.8305
38.8305
38.8305
36.2801
36.2801
36.2801
36.2801
36.2801
36.2801
36.2801
36.2801
34.3223
34.3223
34.3223
34.3223
34.3223
34.3223
34.3223
34.3223
32.9925
32.9925
32.9925
32.9925
32.9925
32.9925
32.9925
32.9925
32.3029
32.3029
32.3029
32.3029
32.3029
32.3029
32.3029
32.3029
32.2555
32.2555
32.2555
32.2555
32.2555
32.2555
32.2555
32.2555
53.1776
53.1776
53.1776
53.1776
53.1776
53.1776
53.1776
53.1776
56.3176
56.3176
56.3176
56.3176
56.3176
56.3176
56.3176
56.3176
58.1617
58.1617
58.1617
58.1617
58.1617
58.1617
58.1617
58.1617
58.5731
58.5731
58.5731
58.5731
58.5731
58.5731
58.5731
58.5731
57.5963
57.5963
57.5963
57.5963
57.5963
57.5963
57.5963
57.5963
55.4423
55.4423
55.4423
55.4423
55.4423
55.4423
55.4423
55.4423
52.4374
52.4374
52.4374
52.4374
52.4374
52.4374
52.4374
52.4374
48.9528
48.9528
48.9528
48.9528
48.9528
48.9528
48.9528
48.9528
45.3419
45.3419
45.3419
45.3419
45.3419
45.3419
45.3419
45.3419
41.8968
41.8968
41.8968
41.8968
41.8968
41.8968
41.8968
41.8968
38.8305
38.8305
38.8305
38.8305
38.8305
38.8305
38.8305
38.8305
36.2801
36.2801
36.2801
36.2801
36.2801
36.2801
36.2801
36.2801
34.3223
34.3223
34.3223
34.3223
34.3223
34.3223
34.3223
34.3223
32.9925
32.9925
32.9925
32.9925
32.9925
32.9925
32.9925
32.9925
32.3029
32.3029
32.3029
32.3029
32.3029
32.3029
32.3029
32.3029
32.2555
32.2555
32.2555
32.2555
32.2555
32.2555
32.2555
32.2555
53.1776
53.1776
53.1776
53.1776
53.1776
53.1776
53.1776
53.1776
56.3176
56.3176
56.3176
56.3176
56.3176
56.3176
56.3176
56.3176
58.1617
58.1617
58.1617
58.1617
58.1617
58.1617
58.1617
58.1617
58.5731
58.5731
58.5731
58.5731
58.5731
58.5731
58.5731
58.5731
57.5963
57.5963
57.5963
57.5963
57.5963
57.5963
57.5963
57.5963
55.4423
55.4423
55.4423
55.4423
55.4423
55.4423
55.4423
55.4423
52.4374
52.4374
52.4374
52.4374
52.4374
52.4374
52.4374
52.4374
48.9528
48.9528
48.9528
48.9528
48.9528
48.9528
48.9528
48.9528
45.3419
45.3419
45.3419
45.3419
45.3419
45.3419
45.3419
45.3419
41.8968
41.8968
41.8968
41.8968
41.8968
41.8968
41.8968
41.8968
38.8305
38.8305
38.8305
38.8305
38.8305
38.8305
38.8305
38.8305
36.2801
36.2801
36.2801
36.2801
36.2801
36.2801
36.2801
36.2801
34.3223
34.3223
34.3223
34.3223
34.3223
34.3223
34.3223
34.3223
32.9925
32.9925
32.9925
32.9925
32.9925
32.9925
32.9925
32.9925
32.3029
32.3029
32.3029
32.3029
32.3029
32.3029
32.3029
32.3029
32.2555
32.2555
32.2555
32.2555
32.2555
32.2555
32.2555
32.2555
51.4643
51.4643
51.4643
51.4643
51.4643
51.4643
51.4643
51.4643
54.726
54.726
54.726
54.726
54.726
54.726
54.726
54.726
56.7894
56.7894
56.7894
56.7894
56.7894
56.7894
56.7894
56.7894
57.4958
57.4958
57.4958
57.4958
57.4958
57.4958
57.4958
57.4958
56.8571
56.8571
56.8571
56.8571
56.8571
56.8571
56.8571
56.8571
55.047
55.047
55.047
55.047
55.047
55.047
55.047
55.047
52.3583
52.3583
52.3583
52.3583
52.3583
52.3583
52.3583
52.3583
49.1391
49.1391
49.1391
49.1391
49.1391
49.1391
49.1391
49.1391
45.7319
45.7319
45.7319
45.7319
45.7319
45.7319
45.7319
45.7319
42.4277
42.4277
42.4277
42.4277
42.4277
42.4277
42.4277
42.4277
39.4461
39.4461
39.4461
39.4461
39.4461
39.4461
39.4461
39.4461
36.9339
36.9339
36.9339
36.9339
36.9339
36.9339
36.9339
36.9339
34.9775
34.9775
34.9775
34.9775
34.9775
34.9775
34.9775
34.9775
33.6201
33.6201
33.6201
33.6201
33.6201
33.6201
33.6201
33.6201
32.8791
32.8791
32.8791
32.8791
32.8791
32.8791
32.8791
32.8791
32.7588
32.7588
32.7588
32.7588
32.7588
32.7588
32.7588
32.7588
51.4643
51.4643
51.4643
51.4643
51.4643
51.4643
51.4643
51.4643
54.726
54.726
54.726
54.726
54.726
54.726
54.726
54.726
56.7894
56.7894
56.7894
56.7894
56.7894
56.7894
56.7894
56.7894
57.4958
57.4958
57.4958
57.4958
57.4958
57.4958
57.4958
57.4958
56.8571
56.8571
56.8571
56.8571
56.8571
56.8571
56.8571
56.8571
55.047
55.047
55.047
55.047
55.047
55.047
55.047
55.047
52.3583
52.3583
52.3583
52.3583
52.3583
52.3583
52.3583
52.3583
49.1391
49.1391
49.1391
49.1391
49.1391
49.1391
49.1391
49.1391
45.7319
45.7319
45.7319
45.7319
45.7319
45.7319
45.7319
45.7319
42.4277
42.4277
42.4277
42.4277
42.4277
42.4277
42.4277
42.4277
39.4461
39.4461
39.4461
39.4461
39.4461
39.4461
39.4461
39.4461
36.9339
36.9339
36.9339
36.9339
36.9339
36.9339
36.9339
36.9339
34.9775
34.9775
34.9775
34.9775
34.9775
34.9775
34.9775
34.9775
33.6201
33.6201
33.6201
33.6201
33.6201
33.6201
33.6201
33.6201
32.8791
32.8791
32.8791
32.8791
32.8791
32.8791
32.8791
32.8791
32.7588
32.7588
32.7588
32.7588
32.7588
32.7588
32.7588
32.7588
51.4643
51.4643
51.4643
51.4643
51.4643
51.4643
51.4643
51.4643
54.726
54.726
54.726
54.726
54.726
54.726
54.726
54.726
56.7894
56.7894
56.7894
56.7894
56.7894
56.7894
56.7894
56.7894
57.4958
57.4958
57.4958
57.4958
57.4958
57.4958
57.4958
57.4958
56.8571
56.8571
56.8571
56.8571
56.8571
56.8571
56.8571
56.8571
55.047
55.047
55.047
55.047
55.047
55.047
55.047
55.047
52.3583
52.3583
52.3583
52.3583
52.3583
52.3583
52.3583
52.3583
49.1391
49.1391
49.1391
49.1391
49.1391
49.1391
49.1391
49.1391
45.7319
45.7319
45.7319
45.7319
45.7319
45.7319
45.7319
45.7319
42.4277
42.4277
42.4277
42.4277
42.4277
42.4277
42.4277
42.4277
39.4461
39.4461
39.4461
39.4461
39.4461
39.4461
39.4461
39.4461
36.9339
36.9339
36.9339
36.9339
36.9339
36.9339
36.9339
36.9339
34.9775
34.9775
34.9775
34.9775
34.9775
34.9775
34.9775
34.9775
33.6201
33.6201
33.6201
33.6201
33.6201
33.6201
33.6201
33.6201
32.8791
32.8791
32.8791
32.8791
32.8791
32.8791
32.8791
32.8791
32.7588
32.7588
32.7588
32.7588
32.7588
32.7588
32.7588
32.7588
51.4643
51.4643
51.4643
51.4643
51.4643
51.4643
51.4643
51.4643
54.726
54.726
54.726
54.726
54.726
54.726
54.726
54.726
56.7894
56.7894
56.7894
56.7894
56.7894
56.7894
56.7894
56.7894
57.4958
57.4958
57.4958
57.4958
57.4958
57.4958
57.4958
57.4958
56.8571
56.8571
56.8571
56.8571
56.8571
56.8571
56.8571
56.8571
55.047
55.047
55.047
55.047
55.047
55.047
55.047
55.047
52.3583
52.3583
52.3583
52.3583
52.3583
52.3583
52.3583
52.3583
49.1391
49.1391
49.1391
49.1391
49.1391
49.1391
49.1391
49.1391
45.7319
45.7319
45.7319
45.7319
45.7319
45.7319
45.7319
45.7319
42.4277
42.4277
42.4277
42.4277
42.4277
42.4277
42.4277
42.4277
39.4461
39.4461
39.4461
39.4461
39.4461
39.4461
39.4461
39.4461
36.9339
36.9339
36.9339
36.9339
36.9339
36.9339
36.9339
36.9339
34.9775
34.9775
34.9775
34.9775
34.9775
34.9775
34.9775
34.9775
33.6201
33.6201
33.6201
33.6201
33.6201
33.6201
33.6201
33.6201
32.8791
32.8791
32.8791
32.8791
32.8791
32.8791
32.8791
32.8791
32.7588
32.7588
32.7588
32.7588
32.7588
32.7588
32.7588
32.7588
50.332
50.332
50.332
50.332
50.332
50.332
50.332
50.332
53.7138
53.7138
53.7138
53.7138
53.7138
53.7138
53.7138
53.7138
55.9883
55.9883
55.9883
55.9883
55.9883
55.9883
55.9883
55.9883
56.9797
56.9797
56.9797
56.9797
56.9797
56.9797
56.9797
56.9797
56.6694
56.6694
56.6694
56.6694
56.6694
56.6694
56.6694
56.6694
55.1956
55.1956
55.1956
55.1956
55.1956
55.1956
55.1956
55.1956
52.8189
52.8189
52.8189
52.8189
52.8189
52.8189
52.8189
52.8189
49.8632
49.8632
49.8632
49.8632
49.8632
49.8632
49.8632
49.8632
46.6586
46.6586
46.6586
46.6586
46.6586
46.6586
46.6586
46.6586
43.4948
43.4948
43.4948
43.4948
43.4948
43.4948
43.4948
43.4948
40.5973
40.5973
40.5973
40.5973
40.5973
40.5973
40.5973
40.5973
38.1227
38.1227
38.1227
38.1227
38.1227
38.1227
38.1227
38.1227
36.1676
36.1676
36.1676
36.1676
36.1676
36.1676
36.1676
36.1676
34.7842
34.7842
34.7842
34.7842
34.7842
34.7842
34.7842
34.7842
33.9957
33.9957
33.9957
33.9957
33.9957
33.9957
33.9957
33.9957
33.8089
33.8089
33.8089
33.8089
33.8089
33.8089
33.8089
33.8089
50.332
50.332
50.332
50.332
50.332
50.332
50.332
50.332
53.7138
53.7138
53.7138
53.7138
53.7138
53.7138
53.7138
53.7138
55.9883
55.9883
55.9883
55.9883
55.9883
55.9883
55.9883
55.9883
56.9797
56.9797
56.9797
56.9797
56.9797
56.9797
56.9797
56.9797
56.6694
56.6694
56.6694
56.6694
56.6694
56.6694
56.6694
56.6694
55.1956
55.1956
55.1956
55.1956
55.1956
55.1956
55.1956
55.1956
52.8189
52.8189
52.8189
52.8189
52.8189
52.8189
52.8189
52.8189
49.8632
49.8632
49.8632
49.8632
49.8632
49.8632
49.8632
49.8632
46.6586
46.6586
46.6586
46.6586
46.6586
46.6586
46.6586
46.6586
43.4948
43.4948
43.4948
43.4948
43.4948
43.4948
43.4948
43.4948
40.5973
40.5973
40.5973
40.5973
40.5973
40.5973
40.5973
40.5973
38.1227
38.1227
38.1227
38.1227
38.1227
38.1227
38.1227
38.1227
36.1676
36.1676
36.1676
36.1676
36.1676
36.1676
36.1676
36.1676
34.7842
34.7842
34.7842
34.7842
34.7842
34.7842
34.7842
34.7842
33.9957
33.9957
33.9957
33.9957
33.9957
33.9957
33.9957
33.9957
33.8089
33.8089
33.8089
33.8089
33.8089
33.8089
33.8089
33.8089
50.332
50.332
50.332
50.332
50.332
50.332
50.332
50.332
53.7138
53.7138
53.7138
53.7138
53.7138
53.7138
53.7138
53.7138
55.9883
55.9883
55.9883
55.9883
55.9883
55.9883
55.9883
55.9883
56.9797
56.9797
56.9797
56.9797
56.9797
56.9797
56.9797
56.9797
56.6694
56.6694
56.6694
56.6694
56.6694
56.6694
56.6694
56.6694
55.1956
55.1956
55.1956
55.1956
55.1956
55.1956
55.1956
55.1956
52.8189
52.8189
52.8189
52.8189
52.8189
52.8189
52.8189
52.8189
49.8632
49.8632
49.8632
49.8632
49.8632
49.8632
49.8632
49.8632
46.6586
46.6586
46.6586
46.6586
46.6586
46.6586
46.6586
46.6586
43.4948
43.4948
43.4948
43.4948
43.4948
43.4948
43.4948
43.4948
40.5973
40.5973
40.5973
40.5973
40.5973
40.5973
40.5973
40.5973
38.1227
38.1227
38.1227
38.1227
38.1227
38.1227
38.1227
38.1227
36.1676
36.1676
36.1676
36.1676
36.1676
36.1676
36.1676
36.1676
34.7842
34.7842
34.7842
34.7842
34.7842
34.7842
34.7842
34.7842
33.9957
33.9957
33.9957
33.9957
33.9957
33.9957
33.9957
33.9957
33.8089
33.8089
33.8089
33.8089
33.8089
33.8089
33.8089
33.8089
50.332
50.332
50.332
50.332
50.332
50.332
50.332
50.332
53.7138
53.7138
53.7138
53.7138
53.7138
53.7138
53.7138
53.7138
55.9883
55.9883
55.9883
55.9883
55.9883
55.9883
55.9883
55.9883
56.9797
56.9797
56.9797
56.9797
56.9797
56.9797
56.9797
56.9797
56.6694
56.6694
56.6694
56.6694
56.6694
56.6694
56.6694
56.6694
55.1956
55.1956
55.1956
55.1956
55.1956
55.1956
55.1956
55.1956
52.8189
52.8189
52.8189
52.8189
52.8189
52.8189
52.8189
52.8189
49.8632
49.8632
49.8632
49.8632
49.8632
49.8632
49.8632
49.8632
46.6586
46.6586
46.6586
46.6586
46.6586
46.6586
46.6586
46.6586
43.4948
43.4948
43.4948
43.4948
43.4948
43.4948
43.4948
43.4948
40.5973
40.5973
40.5973
40.5973
40.5973
40.5973
40.5973
40.5973
38.1227
38.1227
38.1227
38.1227
38.1227
38.1227
38.1227
38.1227
36.1676
36.1676
36.1676
36.1676
36.1676
36.1676
36.1676
36.1676
34.7842
34.7842
34.7842
34.7842
34.7842
34.7842
34.7842
34.7842
33.9957
33.9957
33.9957
33.9957
33.9957
33.9957
33.9957
33.9957
33.8089
33.8089
33.8089
33.8089
33.8089
33.8089
33.8089
33.8089
49.9222
49.9222
49.9222
49.9222
49.9222
49.9222
49.9222
49.9222
53.4405
53.4405
53.4405
53.4405
53.4405
53.4405
53.4405
53.4405
55.933
55.933
55.933
55.933
55.933
55.933
55.933
55.933
57.2085
57.2085
57.2085
57.2085
57.2085
57.2085
57.2085
57.2085
57.2208
57.2208
57.2208
57.2208
57.2208
57.2208
57.2208
57.2208
56.076
56.076
56.076
56.076
56.076
56.076
56.076
56.076
54.0028
54.0028
54.0028
54.0028
54.0028
54.0028
54.0028
54.0028
51.3024
51.3024
51.3024
51.3024
51.3024
51.3024
51.3024
51.3024
48.2927
48.2927
48.2927
48.2927
48.2927
48.2927
48.2927
48.2927
45.2616
45.2616
45.2616
45.2616
45.2616
45.2616
45.2616
45.2616
42.4408
42.4408
42.4408
42.4408
42.4408
42.4408
42.4408
42.4408
39.997
39.997
39.997
39.997
39.997
39.997
39.997
39.997
38.038
38.038
38.038
38.038
38.038
38.038
38.038
38.038
36.6254
36.6254
36.6254
36.6254
36.6254
36.6254
36.6254
36.6254
35.7888
35.7888
35.7888
35.7888
35.7888
35.7888
35.7888
35.7888
35.5382
35.5382
35.5382
35.5382
35.5382
35.5382
35.5382
35.5382
49.9222
49.9222
49.9222
49.9222
49.9222
49.9222
49.9222
49.9222
53.4405
53.4405
53.4405
53.4405
53.4405
53.4405
53.4405
53.4405
55.933
55.933
55.933
55.933
55.933
55.933
55.933
55.933
57.2085
57.2085
57.2085
57.2085
57.2085
57.2085
57.2085
57.2085
57.2208
57.2208
57.2208
57.2208
57.2208
57.2208
57.2208
57.2208
56.076
56.076
56.076
56.076
56.076
56.076
56.076
56.076
54.0028
54.0028
54.0028
54.0028
54.0028
54.0028
54.0028
54.0028
51.3024
51.3024
51.3024
51.3024
51.3024
51.3024
51.3024
51.3024
48.2927
48.2927
48.2927
48.2927
48.2927
48.2927
48.2927
48.2927
45.2616
45.2616
45.2616
45.2616
45.2616
45.2616
45.2616
45.2616
42.4408
42.4408
42.4408
42.4408
42.4408
42.4408
42.4408
42.4408
39.997
39.997
39.997
39.997
39.997
39.997
39.997
39.997
38.038
38.038
38.038
38.038
38.038
38.038
38.038
38.038
36.6254
36.6254
36.6254
36.6254
36.6254
36.6254
36.6254
36.6254
35.7888
35.7888
35.7888
35.7888
35.7888
35.7888
35.7888
35.7888
35.5382
35.5382
35.5382
35.5382
35.5382
35.5382
35.5382
35.5382
49.9222
49.9222
49.9222
49.9222
49.9222
49.9222
49.9222
49.9222
53.4405
53.4405
53.4405
53.4405
53.4405
53.4405
53.4405
53.4405
55.933
55.933
55.933
55.933
55.933
55.933
55.933
55.933
57.2085
57.2085
57.2085
57.2085
57.2085
57.2085
57.2085
57.2085
57.2208
57.2208
57.2208
57.2208
57.2208
57.2208
57.2208
57.2208
56.076
56.076
56.076
56.076
56.076
56.076
56.076
56.076
54.0028
54.0028
54.0028
54.0028
54.0028
54.0028
54.0028
54.0028
51.3024
51.3024
51.3024
51.3024
51.3024
51.3024
51.3024
51.3024
48.2927
48.2927
48.2927
48.2927
48.2927
48.2927
48.2927
48.2927
45.2616
45.2616
45.2616
45.2616
45.2616
45.2616
45.2616
45.2616
42.4408
42.4408
42.4408
42.4408
42.4408
42.4408
42.4408
42.4408
39.997
39.997
39.997
39.997
39.997
39.997
39.997
39.997
38.038
38.038
38.038
38.038
38.038
38.038
38.038
38.038
36.6254
36.6254
36.6254
36.6254
36.6254
36.6254
36.6254
36.6254
35.7888
35.7888
35.7888
35.7888
35.7888
35.7888
35.7888
35.7888
35.5382
35.5382
35.5382
35.5382
35.5382
35.5382
35.5382
35.5382
49.9222
49.9222
49.9222
49.9222
49.9222
49.9222
49.9222
49.9222
53.4405
53.4405
53.4405
53.4405
53.4405
53.4405
53.4405
53.4405
55.933
55.933
55.933
55.933
55.933
55.933
55.933
55.933
57.2085
57.2085
57.2085
57.2085
57.2085
57.2085
57.2085
57.2085
57.2208
57.2208
57.2208
57.2208
57.2208
57.2208
57.2208
57.2208
56.076
56.076
56.076
56.076
56.076
56.076
56.076
56.076
54.0028
54.0028
54.0028
54.0028
54.0028
54.0028
54.0028
54.0028
51.3024
51.3024
51.3024
51.3024
51.3024
51.3024
51.3024
51.3024
48.2927
48.2927
48.2927
48.2927
48.2927
48.2927
48.2927
48.2927
45.2616
45.2616
45.2616
45.2616
45.2616
45.2616
45.2616
45.2616
42.4408
42.4408
42.4408
42.4408
42.4408
42.4408
42.4408
42.4408
39.997
39.997
39.997
39.997
39.997
39.997
39.997
39.997
38.038
38.038
38.038
38.038
38.038
38.038
38.038
38.038
36.6254
36.6254
36.6254
36.6254
36.6254
36.6254
36.6254
36.6254
35.7888
35.7888
35.7888
35.7888
35.7888
35.7888
35.7888
35.7888
35.5382
35.5382
35.5382
35.5382
35.5382
35.5382
35.5382
35.5382
50.3426
50.3426
50.3426
50.3426
50.3426
50.3426
50.3426
50.3426
54.0302
54.0302
54.0302
54.0302
54.0302
54.0302
54.0302
54.0302
56.7616
56.7616
56.7616
56.7616
56.7616
56.7616
56.7616
56.7616
58.3313
58.3313
58.3313
58.3313
58.3313
58.3313
58.3313
58.3313
58.6691
58.6691
58.6691
58.6691
58.6691
58.6691
58.6691
58.6691
57.85
57.85
57.85
57.85
57.85
57.85
57.85
57.85
56.0741
56.0741
56.0741
56.0741
56.0741
56.0741
56.0741
56.0741
53.621
53.621
53.621
53.621
53.621
53.621
53.621
53.621
50.797
50.797
50.797
50.797
50.797
50.797
50.797
50.797
47.8888
47.8888
47.8888
47.8888
47.8888
47.8888
47.8888
47.8888
45.1347
45.1347
45.1347
45.1347
45.1347
45.1347
45.1347
45.1347
42.7124
42.7124
42.7124
42.7124
42.7124
42.7124
42.7124
42.7124
40.7415
40.7415
40.7415
40.7415
40.7415
40.7415
40.7415
40.7415
39.2935
39.2935
39.2935
39.2935
39.2935
39.2935
39.2935
39.2935
38.4053
38.4053
38.4053
38.4053
38.4053
38.4053
38.4053
38.4053
38.0902
38.0902
38.0902
38.0902
38.0902
38.0902
38.0902
38.0902
50.3426
50.3426
50.3426
50.3426
50.3426
50.3426
50.3426
50.3426
54.0302
54.0302
54.0302
54.0302
54.0302
54.0302
54.0302
54.0302
56.7616
56.7616
56.7616
56.7616
56.7616
56.7616
56.7616
56.7616
58.3313
58.3313
58.3313
58.3313
58.3313
58.3313
58.3313
58.3313
58.6691
58.6691
58.6691
58.6691
58.6691
58.6691
58.6691
58.6691
57.85
57.85
57.85
57.85
57.85
57.85
57.85
57.85
56.0741
56.0741
56.0741
56.0741
56.0741
56.0741
56.0741
56.0741
53.621
53.621
53.621
53.621
53.621
53.621
53.621
53.621
50.797
50.797
50.797
50.797
50.797
50.797
50.797
50.797
47.8888
47.8888
47.8888
47.8888
47.8888
47.8888
47.8888
47.8888
45.1347
45.1347
45.1347
45.1347
45.1347
45.1347
45.1347
45.1347
42.7124
42.7124
42.7124
42.7124
42.7124
42.7124
42.7124
42.7124
40.7415
40.7415
40.7415
40.7415
40.7415
40.7415
40.7415
40.7415
39.2935
39.2935
39.2935
39.2935
39.2935
39.2935
39.2935
39.2935
38.4053
38.4053
38.4053
38.4053
38.4053
38.4053
38.4053
38.4053
38.0902
38.0902
38.0902
38.0902
38.0902
38.0902
38.0902
38.0902
50.3426
50.3426
50.3426
50.3426
50.3426
50.3426
50.3426
50.3426
54.0302
54.0302
54.0302
54.0302
54.0302
54.0302
54.0302
54.0302
56.7616
56.7616
56.7616
56.7616
56.7616
56.7616
56.7616
56.7616
58.3313
58.3313
58.3313
58.3313
58.3313
58.3313
58.3313
58.3313
58.6691
58.6691
58.6691
58.6691
58.6691
58.6691
58.6691
58.6691
57.85
57.85
57.85
57.85
57.85
57.85
57.85
57.85
56.0741
56.0741
56.0741
56.0741
56.0741
56.0741
56.0741
56.0741
53.621
53.621
53.621
53.621
53.621
53.621
53.621
53.621
50.797
50.797
50.797
50.797
50.797
50.797
50.797
50.797
47.8888
47.8888
47.8888
47.8888
47.8888
47.8888
47.8888
47.8888
45.1347
45.1347
45.1347
45.1347
45.1347
45.1347
45.1347
45.1347
42.7124
42.7124
42.7124
42.7124
42.7124
42.7124
42.7124
42.7124
40.7415
40.7415
40.7415
40.7415
40.7415
40.7415
40.7415
40.7415
39.2935
39.2935
39.2935
39.2935
39.2935
39.2935
39.2935
39.2935
38.4053
38.4053
38.4053
38.4053
38.4053
38.4053
38.4053
38.4053
38.0902
38.0902
38.0902
38.0902
38.0902
38.0902
38.0902
38.0902
50.3426
50.3426
50.3426
50.3426
50.3426
50.3426
50.3426
50.3426
54.0302
54.0302
54.0302
54.0302
54.0302
54.0302
54.0302
54.0302
56.7616
56.7616
56.7616
56.7616
56.7616
56.7616
56.7616
56.7616
58.3313
58.3313
58.3313
58.3313
58.3313
58.3313
58.3313
58.3313
58.6691
58.6691
58.6691
58.6691
58.6691
58.6691
58.6691
58.6691
57.85
57.85
57.85
57.85
57.85
57.85
57.85
57.85
56.0741
56.0741
56.0741
56.0741
56.0741
56.0741
56.0741
56.0741
53.621
53.621
53.621
53.621
53.621
53.621
53.621
53.621
50.797
50.797
50.797
50.797
50.797
50.797
50.797
50.797
47.8888
47.8888
47.8888
47.8888
47.8888
47.8888
47.8888
47.8888
45.1347
45.1347
45.1347
45.1347
45.1347
45.1347
45.1347
45.1347
42.7124
42.7124
42.7124
42.7124
42.7124
42.7124
42.7124
42.7124
40.7415
40.7415
40.7415
40.7415
40.7415
40.7415
40.7415
40.7415
39.2935
39.2935
39.2935
39.2935
39.2935
39.2935
39.2935
39.2935
38.4053
38.4053
38.4053
38.4053
38.4053
38.4053
38.4053
38.4053
38.0902
38.0902
38.0902
38.0902
38.0902
38.0902
38.0902
38.0902
51.673
51.673
51.673
51.673
51.673
51.673
51.673
51.673
55.5765
55.5765
55.5765
55.5765
55.5765
55.5765
55.5765
55.5765
58.5812
58.5812
58.5812
58.5812
58.5812
58.5812
58.5812
58.5812
60.4684
60.4684
60.4684
60.4684
60.4684
60.4684
60.4684
60.4684
61.1446
61.1446
61.1446
61.1446
61.1446
61.1446
61.1446
61.1446
60.657
60.657
60.657
60.657
60.657
60.657
60.657
60.657
59.1789
59.1789
59.1789
59.1789
59.1789
59.1789
59.1789
59.1789
56.9702
56.9702
56.9702
56.9702
56.9702
56.9702
56.9702
56.9702
54.3263
54.3263
54.3263
54.3263
54.3263
54.3263
54.3263
54.3263
51.5341
51.5341
51.5341
51.5341
51.5341
51.5341
51.5341
51.5341
48.8389
48.8389
48.8389
48.8389
48.8389
48.8389
48.8389
48.8389
46.43
46.43
46.43
46.43
46.43
46.43
46.43
46.43
44.4394
44.4394
44.4394
44.4394
44.4394
44.4394
44.4394
44.4394
42.9496
42.9496
42.9496
42.9496
42.9496
42.9496
42.9496
42.9496
42.0048
42.0048
42.0048
42.0048
42.0048
42.0048
42.0048
42.0048
41.6219
41.6219
41.6219
41.6219
41.6219
41.6219
41.6219
41.6219
51.673
51.673
51.673
51.673
51.673
51.673
51.673
51.673
55.5765
55.5765
55.5765
55.5765
55.5765
55.5765
55.5765
55.5765
58.5812
58.5812
58.5812
58.5812
58.5812
58.5812
58.5812
58.5812
60.4684
60.4684
60.4684
60.4684
60.4684
60.4684
60.4684
60.4684
61.1446
61.1446
61.1446
61.1446
61.1446
61.1446
61.1446
61.1446
60.657
60.657
60.657
60.657
60.657
60.657
60.657
60.657
59.1789
59.1789
59.1789
59.1789
59.1789
59.1789
59.1789
59.1789
56.9702
56.9702
56.9702
56.9702
56.9702
56.9702
56.9702
56.9702
54.3263
54.3263
54.3263
54.3263
54.3263
54.3263
54.3263
54.3263
51.5341
51.5341
51.5341
51.5341
51.5341
51.5341
51.5341
51.5341
48.8389
48.8389
48.8389
48.8389
48.8389
48.8389
48.8389
48.8389
46.43
46.43
46.43
46.43
46.43
46.43
46.43
46.43
44.4394
44.4394
44.4394
44.4394
44.4394
44.4394
44.4394
44.4394
42.9496
42.9496
42.9496
42.9496
42.9496
42.9496
42.9496
42.9496
42.0048
42.0048
42.0048
42.0048
42.0048
42.0048
42.0048
42.0048
41.6219
41.6219
41.6219
41.6219
41.6219
41.6219
41.6219
41.6219
51.673
51.673
51.673
51.673
51.673
51.673
51.673
51.673
55.5765
55.5765
55.5765
55.5765
55.5765
55.5765
55.5765
55.5765
58.5812
58.5812
58.5812
58.5812
58.5812
58.5812
58.5812
58.5812
60.4684
60.4684
60.4684
60.4684
60.4684
60.4684
60.4684
60.4684
61.1446
61.1446
61.1446
61.1446
61.1446
61.1446
61.1446
61.1446
60.657
60.657
60.657
60.657
60.657
60.657
60.657
60.657
59.1789
59.1789
59.1789
59.1789
59.1789
59.1789
59.1789
59.1789
56.9702
56.9702
56.9702
56.9702
56.9702
56.9702
56.9702
56.9702
54.3263
54.3263
54.3263
54.3263
54.3263
54.3263
54.3263
54.3263
51.5341
51.5341
51.5341
51.5341
51.5341
51.5341
51.5341
51.5341
48.8389
48.8389
48.8389
48.8389
48.8389
48.8389
48.8389
48.8389
46.43
46.43
46.43
46.43
46.43
46.43
46.43
46.43
44.4394
44.4394
44.4394
44.4394
44.4394
44.4394
44.4394
44.4394
42.9496
42.9496
42.9496
42.9496
42.9496
42.9496
42.9496
42.9496
42.0048
42.0048
42.0048
42.0048
42.0048
42.0048
42.0048
42.0048
41.6219
41.6219
41.6219
41.6219
41.6219
41.6219
41.6219
41.6219
51.673
51.673
51.673
51.673
51.673
51.673
51.673
51.673
55.5765
55.5765
55.5765
55.5765
55.5765
55.5765
55.5765
55.5765
58.5812
58.5812
58.5812
58.5812
58.5812
58.5812
58.5812
58.5812
60.4684
60.4684
60.4684
60.4684
60.4684
60.4684
60.4684
60.4684
61.1446
61.1446
61.1446
61.1446
61.1446
61.1446
61.1446
61.1446
60.657
60.657
60.657
60.657
60.657
60.657
60.657
60.657
59.1789
59.1789
59.1789
59.1789
59.1789
59.1789
59.1789
59.1789
56.9702
56.9702
56.9702
56.9702
56.9702
56.9702
56.9702
56.9702
54.3263
54.3263
54.3263
54.3263
54.3263
54.3263
54.3263
54.3263
51.5341
51.5341
51.5341
51.5341
51.5341
51.5341
51.5341
51.5341
48.8389
48.8389
48.8389
48.8389
48.8389
48.8389
48.8389
48.8389
46.43
46.43
46.43
46.43
46.43
46.43
46.43
46.43
44.4394
44.4394
44.4394
44.4394
44.4394
44.4394
44.4394
44.4394
42.9496
42.9496
42.9496
42.9496
42.9496
42.9496
42.9496
42.9496
42.0048
42.0048
42.0048
42.0048
42.0048
42.0048
42.0048
42.0048
41.6219
41.6219
41.6219
41.6219
41.6219
41.6219
41.6219
41.6219
53.9691
53.9691
53.9691
53.9691
53.9691
53.9691
53.9691
53.9691
58.1457
58.1457
58.1457
58.1457
58.1457
58.1457
58.1457
58.1457
61.4701
61.4701
61.4701
61.4701
61.4701
61.4701
61.4701
61.4701
63.7097
63.7097
63.7097
63.7097
63.7097
63.7097
63.7097
63.7097
64.7486
64.7486
64.7486
64.7486
64.7486
64.7486
64.7486
64.7486
64.609
64.609
64.609
64.609
64.609
64.609
64.609
64.609
63.4393
63.4393
63.4393
63.4393
63.4393
63.4393
63.4393
63.4393
61.481
61.481
61.481
61.481
61.481
61.481
61.481
61.481
59.0206
59.0206
59.0206
59.0206
59.0206
59.0206
59.0206
59.0206
56.3453
56.3453
56.3453
56.3453
56.3453
56.3453
56.3453
56.3453
53.708
53.708
53.708
53.708
53.708
53.708
53.708
53.708
51.3101
51.3101
51.3101
51.3101
51.3101
51.3101
51.3101
51.3101
49.2966
49.2966
49.2966
49.2966
49.2966
49.2966
49.2966
49.2966
47.7613
47.7613
47.7613
47.7613
47.7613
47.7613
47.7613
47.7613
46.7561
46.7561
46.7561
46.7561
46.7561
46.7561
46.7561
46.7561
46.3009
46.3009
46.3009
46.3009
46.3009
46.3009
46.3009
46.3009
53.9691
53.9691
53.9691
53.9691
53.9691
53.9691
53.9691
53.9691
58.1457
58.1457
58.1457
58.1457
58.1457
58.1457
58.1457
58.1457
61.4701
61.4701
61.4701
61.4701
61.4701
61.4701
61.4701
61.4701
63.7097
63.7097
63.7097
63.7097
63.7097
63.7097
63.7097
63.7097
64.7486
64.7486
64.7486
64.7486
64.7486
64.7486
64.7486
64.7486
64.609
64.609
64.609
64.609
64.609
64.609
64.609
64.609
63.4393
63.4393
63.4393
63.4393
63.4393
63.4393
63.4393
63.4393
61.481
61.481
61.481
61.481
61.481
61.481
61.481
61.481
59.0206
59.0206
59.0206
59.0206
59.0206
59.0206
59.0206
59.0206
56.3453
56.3453
56.3453
56.3453
56.3453
56.3453
56.3453
56.3453
53.708
53.708
53.708
53.708
53.708
53.708
53.708
53.708
51.3101
51.3101
51.3101
51.3101
51.3101
51.3101
51.3101
51.3101
49.2966
49.2966
49.2966
49.2966
49.2966
49.2966
49.2966
49.2966
47.7613
47.7613
47.7613
47.7613
47.7613
47.7613
47.7613
47.7613
46.7561
46.7561
46.7561
46.7561
46.7561
46.7561
46.7561
46.7561
46.3009
46.3009
46.3009
46.3009
46.3009
46.3009
46.3009
46.3009
53.9691
53.9691
53.9691
53.9691
53.9691
53.9691
53.9691
53.9691
58.1457
58.1457
58.1457
58.1457
58.1457
58.1457
58.1457
58.1457
61.4701
61.4701
61.4701
61.4701
61.4701
61.4701
61.4701
61.4701
63.7097
63.7097
63.7097
63.7097
63.7097
63.7097
63.7097
63.7097
64.7486
64.7486
64.7486
64.7486
64.7486
64.7486
64.7486
64.7486
64.609
64.609
64.609
64.609
64.609
64.609
64.609
64.609
63.4393
63.4393
63.4393
63.4393
63.4393
63.4393
63.4393
63.4393
61.481
61.481
61.481
61.481
61.481
61.481
61.481
61.481
59.0206
59.0206
59.0206
59.0206
59.0206
59.0206
59.0206
59.0206
56.3453
56.3453
56.3453
56.3453
56.3453
56.3453
56.3453
56.3453
53.708
53.708
53.708
53.708
53.708
53.708
53.708
53.708
51.3101
51.3101
51.3101
51.3101
51.3101
51.3101
51.3101
51.3101
49.2966
49.2966
49.2966
49.2966
49.2966
49.2966
49.2966
49.2966
47.7613
47.7613
47.7613
47.7613
47.7613
47.7613
47.7613
47.7613
46.7561
46.7561
46.7561
46.7561
46.7561
46.7561
46.7561
46.7561
46.3009
46.3009
46.3009
46.3009
46.3009
46.3009
46.3009
46.3009
53.9691
53.9691
53.9691
53.9691
53.9691
53.9691
53.9691
53.9691
58.1457
58.1457
58.1457
58.1457
58.1457
58.1457
58.1457
58.1457
61.4701
61.4701
61.4701
61.4701
61.4701
61.4701
61.4701
61.4701
63.7097
63.7097
63.7097
63.7097
63.7097
63.7097
63.7097
63.7097
64.7486
64.7486
64.7486
64.7486
64.7486
64.7486
64.7486
64.7486
64.609
64.609
64.609
64.609
64.609
64.609
64.609
64.609
63.4393
63.4393
63.4393
63.4393
63.4393
63.4393
63.4393
63.4393
61.481
61.481
61.481
61.481
61.481
61.481
61.481
61.481
59.0206
59.0206
59.0206
59.0206
59.0206
59.0206
59.0206
59.0206
56.3453
56.3453
56.3453
56.3453
56.3453
56.3453
56.3453
56.3453
53.708
53.708
53.708
53.708
53.708
53.708
53.708
53.708
51.3101
51.3101
51.3101
51.3101
51.3101
51.3101
51.3101
51.3101
49.2966
49.2966
49.2966
49.2966
49.2966
49.2966
49.2966
49.2966
47.7613
47.7613
47.7613
47.7613
47.7613
47.7613
47.7613
47.7613
46.7561
46.7561
46.7561
46.7561
46.7561
46.7561
46.7561
46.7561
46.3009
46.3009
46.3009
46.3009
46.3009
46.3009
46.3009
46.3009
57.2563
57.2563
57.2563
57.2563
57.2563
57.2563
57.2563
57.2563
61.7701
61.7701
61.7701
61.7701
61.7701
61.7701
61.7701
61.7701
65.4682
65.4682
65.4682
65.4682
65.4682
65.4682
65.4682
65.4682
68.1038
68.1038
68.1038
68.1038
68.1038
68.1038
68.1038
68.1038
69.5411
69.5411
69.5411
69.5411
69.5411
69.5411
69.5411
69.5411
69.7775
69.7775
69.7775
69.7775
69.7775
69.7775
69.7775
69.7775
68.9388
68.9388
68.9388
68.9388
68.9388
68.9388
68.9388
68.9388
67.2497
67.2497
67.2497
67.2497
67.2497
67.2497
67.2497
67.2497
64.9885
64.9885
64.9885
64.9885
64.9885
64.9885
64.9885
64.9885
62.4428
62.4428
62.4428
62.4428
62.4428
62.4428
62.4428
62.4428
59.8741
59.8741
59.8741
59.8741
59.8741
59.8741
59.8741
59.8741
57.4956
57.4956
57.4956
57.4956
57.4956
57.4956
57.4956
57.4956
55.4652
55.4652
55.4652
55.4652
55.4652
55.4652
55.4652
55.4652
53.8882
53.8882
53.8882
53.8882
53.8882
53.8882
53.8882
53.8882
52.8234
52.8234
52.8234
52.8234
52.8234
52.8234
52.8234
52.8234
52.2937
52.2937
52.2937
52.2937
52.2937
52.2937
52.2937
52.2937
57.2563
57.2563
57.2563
57.2563
57.2563
57.2563
57.2563
57.2563
61.7701
61.7701
61.7701
61.7701
61.7701
61.7701
61.7701
61.7701
65.4682
65.4682
65.4682
65.4682
65.4682
65.4682
65.4682
65.4682
68.1038
68.1038
68.1038
68.1038
68.1038
68.1038
68.1038
68.1038
69.5411
69.5411
69.5411
69.5411
69.5411
69.5411
69.5411
69.5411
69.7775
69.7775
69.7775
69.7775
69.7775
69.7775
69.7775
69.7775
68.9388
68.9388
68.9388
68.9388
68.9388
68.9388
68.9388
68.9388
67.2497
67.2497
67.2497
67.2497
67.2497
67.2497
67.2497
67.2497
64.9885
64.9885
64.9885
64.9885
64.9885
64.9885
64.9885
64.9885
62.4428
62.4428
62.4428
62.4428
62.4428
62.4428
62.4428
62.4428
59.8741
59.8741
59.8741
59.8741
59.8741
59.8741
59.8741
59.8741
57.4956
57.4956
57.4956
57.4956
57.4956
57.4956
57.4956
57.4956
55.4652
55.4652
55.4652
55.4652
55.4652
55.4652
55.4652
55.4652
53.8882
53.8882
53.8882
53.8882
53.8882
53.8882
53.8882
53.8882
52.8234
52.8234
52.8234
52.8234
52.8234
52.8234
52.8234
52.8234
52.2937
52.2937
52.2937
52.2937
52.2937
52.2937
52.2937
52.2937
57.2563
57.2563
57.2563
57.2563
57.2563
57.2563
57.2563
57.2563
61.7701
61.7701
61.7701
61.7701
61.7701
61.7701
61.7701
61.7701
65.4682
65.4682
65.4682
65.4682
65.4682
65.4682
65.4682
65.4682
68.1038
68.1038
68.1038
68.1038
68.1038
68.1038
68.1038
68.1038
69.5411
69.5411
69.5411
69.5411
69.5411
69.5411
69.5411
69.5411
69.7775
69.7775
69.7775
69.7775
69.7775
69.7775
69.7775
69.7775
68.9388
68.9388
68.9388
68.9388
68.9388
68.9388
68.9388
68.9388
67.2497
67.2497
67.2497
67.2497
67.2497
67.2497
67.2497
67.2497
64.9885
64.9885
64.9885
64.9885
64.9885
64.9885
64.9885
64.9885
62.4428
62.4428
62.4428
62.4428
62.4428
62.4428
62.4428
62.4428
59.8741
59.8741
59.8741
59.8741
59.8741
59.8741
59.8741
59.8741
57.4956
57.4956
57.4956
57.4956
57.4956
57.4956
57.4956
57.4956
55.4652
55.4652
55.4652
55.4652
55.4652
55.4652
55.4652
55.4652
53.8882
53.8882
53.8882
53.8882
53.8882
53.8882
53.8882
53.8882
52.8234
52.8234
52.8234
52.8234
52.8234
52.8234
52.8234
52.8234
52.2937
52.2937
52.2937
52.2937
52.2937
52.2937
52.2937
52.2937
57.2563
57.2563
57.2563
57.2563
57.2563
57.2563
57.2563
57.2563
61.7701
61.7701
61.7701
61.7701
61.7701
61.7701
61.7701
61.7701
65.4682
65.4682
65.4682
65.4682
65.4682
65.4682
65.4682
65.4682
68.1038
68.1038
68.1038
68.1038
68.1038
68.1038
68.1038
68.1038
69.5411
69.5411
69.5411
69.5411
69.5411
69.5411
69.5411
69.5411
69.7775
69.7775
69.7775
69.7775
69.7775
69.7775
69.7775
69.7775
68.9388
68.9388
68.9388
68.9388
68.9388
68.9388
68.9388
68.9388
67.2497
67.2497
67.2497
67.2497
67.2497
67.2497
67.2497
67.2497
64.9885
64.9885
64.9885
64.9885
64.9885
64.9885
64.9885
64.9885
62.4428
62.4428
62.4428
62.4428
62.4428
62.4428
62.4428
62.4428
59.8741
59.8741
59.8741
59.8741
59.8741
59.8741
59.8741
59.8741
57.4956
57.4956
57.4956
57.4956
57.4956
57.4956
57.4956
57.4956
55.4652
55.4652
55.4652
55.4652
55.4652
55.4652
55.4652
55.4652
53.8882
53.8882
53.8882
53.8882
53.8882
53.8882
53.8882
53.8882
52.8234
52.8234
52.8234
52.8234
52.8234
52.8234
52.8234
52.8234
52.2937
52.2937
52.2937
52.2937
52.2937
52.2937
52.2937
52.2937
61.5127
61.5127
61.5127
61.5127
61.5127
61.5127
61.5127
61.5127
66.4286
66.4286
66.4286
66.4286
66.4286
66.4286
66.4286
66.4286
70.5577
70.5577
70.5577
70.5577
70.5577
70.5577
70.5577
70.5577
73.6395
73.6395
73.6395
73.6395
73.6395
73.6395
73.6395
73.6395
75.5177
75.5177
75.5177
75.5177
75.5177
75.5177
75.5177
75.5177
76.1673
76.1673
76.1673
76.1673
76.1673
76.1673
76.1673
76.1673
75.6939
75.6939
75.6939
75.6939
75.6939
75.6939
75.6939
75.6939
74.3065
74.3065
74.3065
74.3065
74.3065
74.3065
74.3065
74.3065
72.2755
72.2755
72.2755
72.2755
72.2755
72.2755
72.2755
72.2755
69.8892
69.8892
69.8892
69.8892
69.8892
69.8892
69.8892
69.8892
67.4165
67.4165
67.4165
67.4165
67.4165
67.4165
67.4165
67.4165
65.0819
65.0819
65.0819
65.0819
65.0819
65.0819
65.0819
65.0819
63.0558
63.0558
63.0558
63.0558
63.0558
63.0558
63.0558
63.0558
61.4532
61.4532
61.4532
61.4532
61.4532
61.4532
61.4532
61.4532
60.3404
60.3404
60.3404
60.3404
60.3404
60.3404
60.3404
60.3404
59.7401
59.7401
59.7401
59.7401
59.7401
59.7401
59.7401
59.7401
61.5127
61.5127
61.5127
61.5127
61.5127
61.5127
61.5127
61.5127
66.4286
66.4286
66.4286
66.4286
66.4286
66.4286
66.4286
66.4286
70.5577
70.5577
70.5577
70.5577
70.5577
70.5577
70.5577
70.5577
73.6395
73.6395
73.6395
73.6395
73.6395
73.6395
73.6395
73.6395
75.5177
75.5177
75.5177
75.5177
75.5177
75.5177
75.5177
75.5177
76.1673
76.1673
76.1673
76.1673
76.1673
76.1673
76.1673
76.1673
75.6939
75.6939
75.6939
75.6939
75.6939
75.6939
75.6939
75.6939
74.3065
74.3065
74.3065
74.3065
74.3065
74.3065
74.3065
74.3065
72.2755
72.2755
72.2755
72.2755
72.2755
72.2755
72.2755
72.2755
69.8892
69.8892
69.8892
69.8892
69.8892
69.8892
69.8892
69.8892
67.4165
67.4165
67.4165
67.4165
67.4165
67.4165
67.4165
67.4165
65.0819
65.0819
65.0819
65.0819
65.0819
65.0819
65.0819
65.0819
63.0558
63.0558
63.0558
63.0558
63.0558
63.0558
63.0558
63.0558
61.4532
61.4532
61.4532
61.4532
61.4532
61.4532
61.4532
61.4532
60.3404
60.3404
60.3404
60.3404
60.3404
60.3404
60.3404
60.3404
59.7401
59.7401
59.7401
59.7401
59.7401
59.7401
59.7401
59.7401
61.5127
61.5127
61.5127
61.5127
61.5127
61.5127
61.5127
61.5127
66.4286
66.4286
66.4286
66.4286
66.4286
66.4286
66.4286
66.4286
70.5577
70.5577
70.5577
70.5577
70.5577
70.5577
70.5577
70.5577
73.6395
73.6395
73.6395
73.6395
73.6395
73.6395
73.6395
73.6395
75.5177
75.5177
75.5177
75.5177
75.5177
75.5177
75.5177
75.5177
76.1673
76.1673
76.1673
76.1673
76.1673
76.1673
76.1673
76.1673
75.6939
75.6939
75.6939
75.6939
75.6939
75.6939
75.6939
75.6939
74.3065
74.3065
74.3065
74.3065
74.3065
74.3065
74.3065
74.3065
72.2755
72.2755
72.2755
72.2755
72.2755
72.2755
72.2755
72.2755
69.8892
69.8892
69.8892
69.8892
69.8892
69.8892
69.8892
69.8892
67.4165
67.4165
67.4165
67.4165
67.4165
67.4165
67.4165
67.4165
65.0819
65.0819
65.0819
65.0819
65.0819
65.0819
65.0819
65.0819
63.0558
63.0558
63.0558
63.0558
63.0558
63.0558
63.0558
63.0558
61.4532
61.4532
61.4532
61.4532
61.4532
61.4532
61.4532
61.4532
60.3404
60.3404
60.3404
60.3404
60.3404
60.3404
60.3404
60.3404
59.7401
59.7401
59.7401
59.7401
59.7401
59.7401
59.7401
59.7401
61.5127
61.5127
61.5127
61.5127
61.5127
61.5127
61.5127
61.5127
66.4286
66.4286
66.4286
66.4286
66.4286
66.4286
66.4286
66.4286
70.5577
70.5577
70.5577
70.5577
70.5577
70.5577
70.5577
70.5577
73.6395
73.6395
73.6395
73.6395
73.6395
73.6395
73.6395
73.6395
75.5177
75.5177
75.5177
75.5177
75.5177
75.5177
75.5177
75.5177
76.1673
76.1673
76.1673
76.1673
76.1673
76.1673
76.1673
76.1673
75.6939
75.6939
75.6939
75.6939
75.6939
75.6939
75.6939
75.6939
74.3065
74.3065
74.3065
74.3065
74.3065
74.3065
74.3065
74.3065
72.2755
72.2755
72.2755
72.2755
72.2755
72.2755
72.2755
72.2755
69.8892
69.8892
69.8892
69.8892
69.8892
69.8892
69.8892
69.8892
67.4165
67.4165
67.4165
67.4165
67.4165
67.4165
67.4165
67.4165
65.0819
65.0819
65.0819
65.0819
65.0819
65.0819
65.0819
65.0819
63.0558
63.0558
63.0558
63.0558
63.0558
63.0558
63.0558
63.0558
61.4532
61.4532
61.4532
61.4532
61.4532
61.4532
61.4532
61.4532
60.3404
60.3404
60.3404
60.3404
60.3404
60.3404
60.3404
60.3404
59.7401
59.7401
59.7401
59.7401
59.7401
59.7401
59.7401
59.7401
