8192
35.1532
35.1532
35.1532
35.1532
35.1532
35.1532
35.1532
35.1532
37.385
37.385
37.385
37.385
37.385
37.385
37.385
37.385
40.3765
40.3765
40.3765
40.3765
40.3765
40.3765
40.3765
40.3765
44.124
44.124
44.124
44.124
44.124
44.124
44.124
44.124
48.5962
48.5962
48.5962
48.5962
48.5962
48.5962
48.5962
48.5962
53.723
53.723
53.723
53.723
53.723
53.723
53.723
53.723
59.3892
59.3892
59.3892
59.3892
59.3892
59.3892
59.3892
59.3892
65.4369
65.4369
65.4369
65.4369
65.4369
65.4369
65.4369
65.4369
71.6791
71.6791
71.6791
71.6791
71.6791
71.6791
71.6791
71.6791
77.9258
77.9258
77.9258
77.9258
77.9258
77.9258
77.9258
77.9258
84.0152
84.0152
84.0152
84.0152
84.0152
84.0152
84.0152
84.0152
89.8451
89.8451
89.8451
89.8451
89.8451
89.8451
89.8451
89.8451
95.3973
95.3973
95.3973
95.3973
95.3973
95.3973
95.3973
95.3973
100.746
100.746
100.746
100.746
100.746
100.746
100.746
100.746
106.059
106.059
106.059
106.059
106.059
106.059
106.059
106.059
111.578
111.578
111.578
111.578
111.578
111.578
111.578
111.578
35.1532
35.1532
35.1532
35.1532
35.1532
35.1532
35.1532
35.1532
37.385
37.385
37.385
37.385
37.385
37.385
37.385
37.385
40.3765
40.3765
40.3765
40.3765
40.3765
40.3765
40.3765
40.3765
44.124
44.124
44.124
44.124
44.124
44.124
44.124
44.124
48.5962
48.5962
48.5962
48.5962
48.5962
48.5962
48.5962
48.5962
53.723
53.723
53.723
53.723
53.723
53.723
53.723
53.723
59.3892
59.3892
59.3892
59.3892
59.3892
59.3892
59.3892
59.3892
65.4369
65.4369
65.4369
65.4369
65.4369
65.4369
65.4369
65.4369
71.6791
71.6791
71.6791
71.6791
71.6791
71.6791
71.6791
71.6791
77.9258
77.9258
77.9258
77.9258
77.9258
77.9258
77.9258
77.9258
84.0152
84.0152
84.0152
84.0152
84.0152
84.0152
84.0152
84.0152
89.8451
89.8451
89.8451
89.8451
89.8451
89.8451
89.8451
89.8451
95.3973
95.3973
95.3973
95.3973
95.3973
95.3973
95.3973
95.3973
100.746
100.746
100.746
100.746
100.746
100.746
100.746
100.746
106.059
106.059
106.059
106.059
106.059
106.059
106.059
106.059
111.578
111.578
111.578
111.578
111.578
111.578
111.578
111.578
35.1532
35.1532
35.1532
35.1532
35.1532
35.1532
35.1532
35.1532
37.385
37.385
37.385
37.385
37.385
37.385
37.385
37.385
40.3765
40.3765
40.3765
40.3765
40.3765
40.3765
40.3765
40.3765
44.124
44.124
44.124
44.124
44.124
44.124
44.124
44.124
48.5962
48.5962
48.5962
48.5962
48.5962
48.5962
48.5962
48.5962
53.723
53.723
53.723
53.723
53.723
53.723
53.723
53.723
59.3892
59.3892
59.3892
59.3892
59.3892
59.3892
59.3892
59.3892
65.4369
65.4369
65.4369
65.4369
65.4369
65.4369
65.4369
65.4369
71.6791
71.6791
71.6791
71.6791
71.6791
71.6791
71.6791
71.6791
77.9258
77.9258
77.9258
77.9258
77.9258
77.9258
77.9258
77.9258
84.0152
84.0152
84.0152
84.0152
84.0152
84.0152
84.0152
84.0152
89.8451
89.8451
89.8451
89.8451
89.8451
89.8451
89.8451
89.8451
95.3973
95.3973
95.3973
95.3973
95.3973
95.3973
95.3973
95.3973
100.746
100.746
100.746
100.746
100.746
100.746
100.746
100.746
106.059
106.059
106.059
106.059
106.059
106.059
106.059
106.059
111.578
111.578
111.578
111.578
111.578
111.578
111.578
111.578
35.1532
35.1532
35.1532
35.1532
35.1532
35.1532
35.1532
35.1532
37.385
37.385
37.385
37.385
37.385
37.385
37.385
37.385
40.3765
40.3765
40.3765
40.3765
40.3765
40.3765
40.3765
40.3765
44.124
44.124
44.124
44.124
44.124
44.124
44.124
44.124
48.5962
48.5962
48.5962
48.5962
48.5962
48.5962
48.5962
48.5962
53.723
53.723
53.723
53.723
53.723
53.723
53.723
53.723
59.3892
59.3892
59.3892
59.3892
59.3892
59.3892
59.3892
59.3892
65.4369
65.4369
65.4369
65.4369
65.4369
65.4369
65.4369
65.4369
71.6791
71.6791
71.6791
71.6791
71.6791
71.6791
71.6791
71.6791
77.9258
77.9258
77.9258
77.9258
77.9258
77.9258
77.9258
77.9258
84.0152
84.0152
84.0152
84.0152
84.0152
84.0152
84.0152
84.0152
89.8451
89.8451
89.8451
89.8451
89.8451
89.8451
89.8451
89.8451
95.3973
95.3973
95.3973
95.3973
95.3973
95.3973
95.3973
95.3973
100.746
100.746
100.746
100.746
100.746
100.746
100.746
100.746
106.059
106.059
106.059
106.059
106.059
106.059
106.059
106.059
111.578
111.578
111.578
111.578
111.578
111.578
111.578
111.578
35.0812
35.0812
35.0812
35.0812
35.0812
35.0812
35.0812
35.0812
37.2075
37.2075
37.2075
37.2075
37.2075
37.2075
37.2075
37.2075
40.1062
40.1062
40.1062
40.1062
40.1062
40.1062
40.1062
40.1062
43.779
43.779
43.779
43.779
43.779
43.779
43.779
43.779
48.2029
48.2029
48.2029
48.2029
48.2029
48.2029
48.2029
48.2029
53.3182
53.3182
53.3182
53.3182
53.3182
53.3182
53.3182
53.3182
59.0214
59.0214
59.0214
59.0214
59.0214
59.0214
59.0214
59.0214
65.1637
65.1637
65.1637
65.1637
65.1637
65.1637
65.1637
65.1637
71.5655
71.5655
71.5655
71.5655
71.5655
71.5655
71.5655
71.5655
78.0364
78.0364
78.0364
78.0364
78.0364
78.0364
78.0364
78.0364
84.4096
84.4096
84.4096
84.4096
84.4096
84.4096
84.4096
84.4096
90.5697
90.5697
90.5697
90.5697
90.5697
90.5697
90.5697
90.5697
96.4823
96.4823
96.4823
96.4823
96.4823
96.4823
96.4823
96.4823
102.206
102.206
102.206
102.206
102.206
102.206
102.206
102.206
107.89
107.89
107.89
107.89
107.89
107.89
107.89
107.89
113.769
113.769
113.769
113.769
113.769
113.769
113.769
113.769
35.0812
35.0812
35.0812
35.0812
35.0812
35.0812
35.0812
35.0812
37.2075
37.2075
37.2075
37.2075
37.2075
37.2075
37.2075
37.2075
40.1062
40.1062
40.1062
40.1062
40.1062
40.1062
40.1062
40.1062
43.779
43.779
43.779
43.779
43.779
43.779
43.779
43.779
48.2029
48.2029
48.2029
48.2029
48.2029
48.2029
48.2029
48.2029
53.3182
53.3182
53.3182
53.3182
53.3182
53.3182
53.3182
53.3182
59.0214
59.0214
59.0214
59.0214
59.0214
59.0214
59.0214
59.0214
65.1637
65.1637
65.1637
65.1637
65.1637
65.1637
65.1637
65.1637
71.5655
71.5655
71.5655
71.5655
71.5655
71.5655
71.5655
71.5655
78.0364
78.0364
78.0364
78.0364
78.0364
78.0364
78.0364
78.0364
84.4096
84.4096
84.4096
84.4096
84.4096
84.4096
84.4096
84.4096
90.5697
90.5697
90.5697
90.5697
90.5697
90.5697
90.5697
90.5697
96.4823
96.4823
96.4823
96.4823
96.4823
96.4823
96.4823
96.4823
102.206
102.206
102.206
102.206
102.206
102.206
102.206
102.206
107.89
107.89
107.89
107.89
107.89
107.89
107.89
107.89
113.769
113.769
113.769
113.769
113.769
113.769
113.769
113.769
35.0812
35.0812
35.0812
35.0812
35.0812
35.0812
35.0812
35.0812
37.2075
37.2075
37.2075
37.2075
37.2075
37.2075
37.2075
37.2075
40.1062
40.1062
40.1062
40.1062
40.1062
40.1062
40.1062
40.1062
43.779
43.779
43.779
43.779
43.779
43.779
43.779
43.779
48.2029
48.2029
48.2029
48.2029
48.2029
48.2029
48.2029
48.2029
53.3182
53.3182
53.3182
53.3182
53.3182
53.3182
53.3182
53.3182
59.0214
59.0214
59.0214
59.0214
59.0214
59.0214
59.0214
59.0214
65.1637
65.1637
65.1637
65.1637
65.1637
65.1637
65.1637
65.1637
71.5655
71.5655
71.5655
71.5655
71.5655
71.5655
71.5655
71.5655
78.0364
78.0364
78.0364
78.0364
78.0364
78.0364
78.0364
78.0364
84.4096
84.4096
84.4096
84.4096
84.4096
84.4096
84.4096
84.4096
90.5697
90.5697
90.5697
90.5697
90.5697
90.5697
90.5697
90.5697
96.4823
96.4823
96.4823
96.4823
96.4823
96.4823
96.4823
96.4823
102.206
102.206
102.206
102.206
102.206
102.206
102.206
102.206
107.89
107.89
107.89
107.89
107.89
107.89
107.89
107.89
113.769
113.769
113.769
113.769
113.769
113.769
113.769
113.769
35.0812
35.0812
35.0812
35.0812
35.0812
35.0812
35.0812
35.0812
37.2075
37.2075
37.2075
37.2075
37.2075
37.2075
37.2075
37.2075
40.1062
40.1062
40.1062
40.1062
40.1062
40.1062
40.1062
40.1062
43.779
43.779
43.779
43.779
43.779
43.779
43.779
43.779
48.2029
48.2029
48.2029
48.2029
48.2029
48.2029
48.2029
48.2029
53.3182
53.3182
53.3182
53.3182
53.3182
53.3182
53.3182
53.3182
59.0214
59.0214
59.0214
59.0214
59.0214
59.0214
59.0214
59.0214
65.1637
65.1637
65.1637
65.1637
65.1637
65.1637
65.1637
65.1637
71.5655
71.5655
71.5655
71.5655
71.5655
71.5655
71.5655
71.5655
78.0364
78.0364
78.0364
78.0364
78.0364
78.0364
78.0364
78.0364
84.4096
84.4096
84.4096
84.4096
84.4096
84.4096
84.4096
84.4096
90.5697
90.5697
90.5697
90.5697
90.5697
90.5697
90.5697
90.5697
96.4823
96.4823
96.4823
96.4823
96.4823
96.4823
96.4823
96.4823
102.206
102.206
102.206
102.206
102.206
102.206
102.206
102.206
107.89
107.89
107.89
107.89
107.89
107.89
107.89
107.89
113.769
113.769
113.769
113.769
113.769
113.769
113.769
113.769
34.7659
34.7659
34.7659
34.7659
34.7659
34.7659
34.7659
34.7659
36.7571
36.7571
36.7571
36.7571
36.7571
36.7571
36.7571
36.7571
39.5194
39.5194
39.5194
39.5194
39.5194
39.5194
39.5194
39.5194
43.0578
43.0578
43.0578
43.0578
43.0578
43.0578
43.0578
43.0578
47.3554
47.3554
47.3554
47.3554
47.3554
47.3554
47.3554
47.3554
52.3617
52.3617
52.3617
52.3617
52.3617
52.3617
52.3617
52.3617
57.9832
57.9832
57.9832
57.9832
57.9832
57.9832
57.9832
57.9832
64.0836
64.0836
64.0836
64.0836
64.0836
64.0836
64.0836
64.0836
70.4913
70.4913
70.4913
70.4913
70.4913
70.4913
70.4913
70.4913
77.0217
77.0217
77.0217
77.0217
77.0217
77.0217
77.0217
77.0217
83.506
83.506
83.506
83.506
83.506
83.506
83.506
83.506
89.8211
89.8211
89.8211
89.8211
89.8211
89.8211
89.8211
89.8211
95.9197
95.9197
95.9197
95.9197
95.9197
95.9197
95.9197
95.9197
101.842
101.842
101.842
101.842
101.842
101.842
101.842
101.842
107.721
107.721
107.721
107.721
107.721
107.721
107.721
107.721
113.769
113.769
113.769
113.769
113.769
113.769
113.769
113.769
34.7659
34.7659
34.7659
34.7659
34.7659
34.7659
34.7659
34.7659
36.7571
36.7571
36.7571
36.7571
36.7571
36.7571
36.7571
36.7571
39.5194
39.5194
39.5194
39.5194
39.5194
39.5194
39.5194
39.5194
43.0578
43.0578
43.0578
43.0578
43.0578
43.0578
43.0578
43.0578
47.3554
47.3554
47.3554
47.3554
47.3554
47.3554
47.3554
47.3554
52.3617
52.3617
52.3617
52.3617
52.3617
52.3617
52.3617
52.3617
57.9832
57.9832
57.9832
57.9832
57.9832
57.9832
57.9832
57.9832
64.0836
64.0836
64.0836
64.0836
64.0836
64.0836
64.0836
64.0836
70.4913
70.4913
70.4913
70.4913
70.4913
70.4913
70.4913
70.4913
77.0217
77.0217
77.0217
77.0217
77.0217
77.0217
77.0217
77.0217
83.506
83.506
83.506
83.506
83.506
83.506
83.506
83.506
89.8211
89.8211
89.8211
89.8211
89.8211
89.8211
89.8211
89.8211
95.9197
95.9197
95.9197
95.9197
95.9197
95.9197
95.9197
95.9197
101.842
101.842
101.842
101.842
101.842
101.842
101.842
101.842
107.721
107.721
107.721
107.721
107.721
107.721
107.721
107.721
113.769
113.769
113.769
113.769
113.769
113.769
113.769
113.769
34.7659
34.7659
34.7659
34.7659
34.7659
34.7659
34.7659
34.7659
36.7571
36.7571
36.7571
36.7571
36.7571
36.7571
36.7571
36.7571
39.5194
39.5194
39.5194
39.5194
39.5194
39.5194
39.5194
39.5194
43.0578
43.0578
43.0578
43.0578
43.0578
43.0578
43.0578
43.0578
47.3554
47.3554
47.3554
47.3554
47.3554
47.3554
47.3554
47.3554
52.3617
52.3617
52.3617
52.3617
52.3617
52.3617
52.3617
52.3617
57.9832
57.9832
57.9832
57.9832
57.9832
57.9832
57.9832
57.9832
64.0836
64.0836
64.0836
64.0836
64.0836
64.0836
64.0836
64.0836
70.4913
70.4913
70.4913
70.4913
70.4913
70.4913
70.4913
70.4913
77.0217
77.0217
77.0217
77.0217
77.0217
77.0217
77.0217
77.0217
83.506
83.506
83.506
83.506
83.506
83.506
83.506
83.506
89.8211
89.8211
89.8211
89.8211
89.8211
89.8211
89.8211
89.8211
95.9197
95.9197
95.9197
95.9197
95.9197
95.9197
95.9197
95.9197
101.842
101.842
101.842
101.842
101.842
101.842
101.842
101.842
107.721
107.721
107.721
107.721
107.721
107.721
107.721
107.721
113.769
113.769
113.769
113.769
113.769
113.769
113.769
113.769
34.7659
34.7659
34.7659
34.7659
34.7659
34.7659
34.7659
34.7659
36.7571
36.7571
36.7571
36.7571
36.7571
36.7571
36.7571
36.7571
39.5194
39.5194
39.5194
39.5194
39.5194
39.5194
39.5194
39.5194
43.0578
43.0578
43.0578
43.0578
43.0578
43.0578
43.0578
43.0578
47.3554
47.3554
47.3554
47.3554
47.3554
47.3554
47.3554
47.3554
52.3617
52.3617
52.3617
52.3617
52.3617
52.3617
52.3617
52.3617
57.9832
57.9832
57.9832
57.9832
57.9832
57.9832
57.9832
57.9832
64.0836
64.0836
64.0836
64.0836
64.0836
64.0836
64.0836
64.0836
70.4913
70.4913
70.4913
70.4913
70.4913
70.4913
70.4913
70.4913
77.0217
77.0217
77.0217
77.0217
77.0217
77.0217
77.0217
77.0217
83.506
83.506
83.506
83.506
83.506
83.506
83.506
83.506
89.8211
89.8211
89.8211
89.8211
89.8211
89.8211
89.8211
89.8211
95.9197
95.9197
95.9197
95.9197
95.9197
95.9197
95.9197
95.9197
101.842
101.842
101.842
101.842
101.842
101.842
101.842
101.842
107.721
107.721
107.721
107.721
107.721
107.721
107.721
107.721
113.769
113.769
113.769
113.769
113.769
113.769
113.769
113.769
34.2768
34.2768
34.2768
34.2768
34.2768
34.2768
34.2768
34.2768
36.1149
36.1149
36.1149
36.1149
36.1149
36.1149
36.1149
36.1149
38.7108
38.7108
38.7108
38.7108
38.7108
38.7108
38.7108
38.7108
42.0707
42.0707
42.0707
42.0707
42.0707
42.0707
42.0707
42.0707
46.1817
46.1817
46.1817
46.1817
46.1817
46.1817
46.1817
46.1817
50.9999
50.9999
50.9999
50.9999
50.9999
50.9999
50.9999
50.9999
56.4418
56.4418
56.4418
56.4418
56.4418
56.4418
56.4418
56.4418
62.3813
62.3813
62.3813
62.3813
62.3813
62.3813
62.3813
62.3813
68.6587
68.6587
68.6587
68.6587
68.6587
68.6587
68.6587
68.6587
75.0967
75.0967
75.0967
75.0967
75.0967
75.0967
75.0967
75.0967
81.5286
81.5286
81.5286
81.5286
81.5286
81.5286
81.5286
81.5286
87.829
87.829
87.829
87.829
87.829
87.829
87.829
87.829
93.9392
93.9392
93.9392
93.9392
93.9392
93.9392
93.9392
93.9392
99.8839
99.8839
99.8839
99.8839
99.8839
99.8839
99.8839
99.8839
105.775
105.775
105.775
105.775
105.775
105.775
105.775
105.775
111.805
111.805
111.805
111.805
111.805
111.805
111.805
111.805
34.2768
34.2768
34.2768
34.2768
34.2768
34.2768
34.2768
34.2768
36.1149
36.1149
36.1149
36.1149
36.1149
36.1149
36.1149
36.1149
38.7108
38.7108
38.7108
38.7108
38.7108
38.7108
38.7108
38.7108
42.0707
42.0707
42.0707
42.0707
42.0707
42.0707
42.0707
42.0707
46.1817
46.1817
46.1817
46.1817
46.1817
46.1817
46.1817
46.1817
50.9999
50.9999
50.9999
50.9999
50.9999
50.9999
50.9999
50.9999
56.4418
56.4418
56.4418
56.4418
56.4418
56.4418
56.4418
56.4418
62.3813
62.3813
62.3813
62.3813
62.3813
62.3813
62.3813
62.3813
68.6587
68.6587
68.6587
68.6587
68.6587
68.6587
68.6587
68.6587
75.0967
75.0967
75.0967
75.0967
75.0967
75.0967
75.0967
75.0967
81.5286
81.5286
81.5286
81.5286
81.5286
81.5286
81.5286
81.5286
87.829
87.829
87.829
87.829
87.829
87.829
87.829
87.829
93.9392
93.9392
93.9392
93.9392
93.9392
93.9392
93.9392
93.9392
99.8839
99.8839
99.8839
99.8839
99.8839
99.8839
99.8839
99.8839
105.775
105.775
105.775
105.775
105.775
105.775
105.775
105.775
111.805
111.805
111.805
111.805
111.805
111.805
111.805
111.805
34.2768
34.2768
34.2768
34.2768
34.2768
34.2768
34.2768
34.2768
36.1149
36.1149
36.1149
36.1149
36.1149
36.1149
36.1149
36.1149
38.7108
38.7108
38.7108
38.7108
38.7108
38.7108
38.7108
38.7108
42.0707
42.0707
42.0707
42.0707
42.0707
42.0707
42.0707
42.0707
46.1817
46.1817
46.1817
46.1817
46.1817
46.1817
46.1817
46.1817
50.9999
50.9999
50.9999
50.9999
50.9999
50.9999
50.9999
50.9999
56.4418
56.4418
56.4418
56.4418
56.4418
56.4418
56.4418
56.4418
62.3813
62.3813
62.3813
62.3813
62.3813
62.3813
62.3813
62.3813
68.6587
68.6587
68.6587
68.6587
68.6587
68.6587
68.6587
68.6587
75.0967
75.0967
75.0967
75.0967
75.0967
75.0967
75.0967
75.0967
81.5286
81.5286
81.5286
81.5286
81.5286
81.5286
81.5286
81.5286
87.829
87.829
87.829
87.829
87.829
87.829
87.829
87.829
93.9392
93.9392
93.9392
93.9392
93.9392
93.9392
93.9392
93.9392
99.8839
99.8839
99.8839
99.8839
99.8839
99.8839
99.8839
99.8839
105.775
105.775
105.775
105.775
105.775
105.775
105.775
105.775
111.805
111.805
111.805
111.805
111.805
111.805
111.805
111.805
34.2768
34.2768
34.2768
34.2768
34.2768
34.2768
34.2768
34.2768
36.1149
36.1149
36.1149
36.1149
36.1149
36.1149
36.1149
36.1149
38.7108
38.7108
38.7108
38.7108
38.7108
38.7108
38.7108
38.7108
42.0707
42.0707
42.0707
42.0707
42.0707
42.0707
42.0707
42.0707
46.1817
46.1817
46.1817
46.1817
46.1817
46.1817
46.1817
46.1817
50.9999
50.9999
50.9999
50.9999
50.9999
50.9999
50.9999
50.9999
56.4418
56.4418
56.4418
56.4418
56.4418
56.4418
56.4418
56.4418
62.3813
62.3813
62.3813
62.3813
62.3813
62.3813
62.3813
62.3813
68.6587
68.6587
68.6587
68.6587
68.6587
68.6587
68.6587
68.6587
75.0967
75.0967
75.0967
75.0967
75.0967
75.0967
75.0967
75.0967
81.5286
81.5286
81.5286
81.5286
81.5286
81.5286
81.5286
81.5286
87.829
87.829
87.829
87.829
87.829
87.829
87.829
87.829
93.9392
93.9392
93.9392
93.9392
93.9392
93.9392
93.9392
93.9392
99.8839
99.8839
99.8839
99.8839
99.8839
99.8839
99.8839
99.8839
105.775
105.775
105.775
105.775
105.775
105.775
105.775
105.775
111.805
111.805
111.805
111.805
111.805
111.805
111.805
111.805
33.7163
33.7163
33.7163
33.7163
33.7163
33.7163
33.7163
33.7163
35.3946
35.3946
35.3946
35.3946
35.3946
35.3946
35.3946
35.3946
37.8083
37.8083
37.8083
37.8083
37.8083
37.8083
37.8083
37.8083
40.963
40.963
40.963
40.963
40.963
40.963
40.963
40.963
44.8472
44.8472
44.8472
44.8472
44.8472
44.8472
44.8472
44.8472
49.4217
49.4217
49.4217
49.4217
49.4217
49.4217
49.4217
49.4217
54.6104
54.6104
54.6104
54.6104
54.6104
54.6104
54.6104
54.6104
60.2978
60.2978
60.2978
60.2978
60.2978
60.2978
60.2978
60.2978
66.3341
66.3341
66.3341
66.3341
66.3341
66.3341
66.3341
66.3341
72.552
72.552
72.552
72.552
72.552
72.552
72.552
72.552
78.7907
78.7907
78.7907
78.7907
78.7907
78.7907
78.7907
78.7907
84.9247
84.9247
84.9247
84.9247
84.9247
84.9247
84.9247
84.9247
90.8884
90.8884
90.8884
90.8884
90.8884
90.8884
90.8884
90.8884
96.692
96.692
96.692
96.692
96.692
96.692
96.692
96.692
102.429
102.429
102.429
102.429
102.429
102.429
102.429
102.429
108.266
108.266
108.266
108.266
108.266
108.266
108.266
108.266
33.7163
33.7163
33.7163
33.7163
33.7163
33.7163
33.7163
33.7163
35.3946
35.3946
35.3946
35.3946
35.3946
35.3946
35.3946
35.3946
37.8083
37.8083
37.8083
37.8083
37.8083
37.8083
37.8083
37.8083
40.963
40.963
40.963
40.963
40.963
40.963
40.963
40.963
44.8472
44.8472
44.8472
44.8472
44.8472
44.8472
44.8472
44.8472
49.4217
49.4217
49.4217
49.4217
49.4217
49.4217
49.4217
49.4217
54.6104
54.6104
54.6104
54.6104
54.6104
54.6104
54.6104
54.6104
60.2978
60.2978
60.2978
60.2978
60.2978
60.2978
60.2978
60.2978
66.3341
66.3341
66.3341
66.3341
66.3341
66.3341
66.3341
66.3341
72.552
72.552
72.552
72.552
72.552
72.552
72.552
72.552
78.7907
78.7907
78.7907
78.7907
78.7907
78.7907
78.7907
78.7907
84.9247
84.9247
84.9247
84.9247
84.9247
84.9247
84.9247
84.9247
90.8884
90.8884
90.8884
90.8884
90.8884
90.8884
90.8884
90.8884
96.692
96.692
96.692
96.692
96.692
96.692
96.692
96.692
102.429
102.429
102.429
102.429
102.429
102.429
102.429
102.429
108.266
108.266
108.266
108.266
108.266
108.266
108.266
108.266
33.7163
33.7163
33.7163
33.7163
33.7163
33.7163
33.7163
33.7163
35.3946
35.3946
35.3946
35.3946
35.3946
35.3946
35.3946
35.3946
37.8083
37.8083
37.8083
37.8083
37.8083
37.8083
37.8083
37.8083
40.963
40.963
40.963
40.963
40.963
40.963
40.963
40.963
44.8472
44.8472
44.8472
44.8472
44.8472
44.8472
44.8472
44.8472
49.4217
49.4217
49.4217
49.4217
49.4217
49.4217
49.4217
49.4217
54.6104
54.6104
54.6104
54.6104
54.6104
54.6104
54.6104
54.6104
60.2978
60.2978
60.2978
60.2978
60.2978
60.2978
60.2978
60.2978
66.3341
66.3341
66.3341
66.3341
66.3341
66.3341
66.3341
66.3341
72.552
72.552
72.552
72.552
72.552
72.552
72.552
72.552
78.7907
78.7907
78.7907
78.7907
78.7907
78.7907
78.7907
78.7907
84.9247
84.9247
84.9247
84.9247
84.9247
84.9247
84.9247
84.9247
90.8884
90.8884
90.8884
90.8884
90.8884
90.8884
90.8884
90.8884
96.692
96.692
96.692
96.692
96.692
96.692
96.692
96.692
102.429
102.429
102.429
102.429
102.429
102.429
102.429
102.429
108.266
108.266
108.266
108.266
108.266
108.266
108.266
108.266
33.7163
33.7163
33.7163
33.7163
33.7163
33.7163
33.7163
33.7163
35.3946
35.3946
35.3946
35.3946
35.3946
35.3946
35.3946
35.3946
37.8083
37.8083
37.8083
37.8083
37.8083
37.8083
37.8083
37.8083
40.963
40.963
40.963
40.963
40.963
40.963
40.963
40.963
44.8472
44.8472
44.8472
44.8472
44.8472
44.8472
44.8472
44.8472
49.4217
49.4217
49.4217
49.4217
49.4217
49.4217
49.4217
49.4217
54.6104
54.6104
54.6104
54.6104
54.6104
54.6104
54.6104
54.6104
60.2978
60.2978
60.2978
60.2978
60.2978
60.2978
60.2978
60.2978
66.3341
66.3341
66.3341
66.3341
66.3341
66.3341
66.3341
66.3341
72.552
72.552
72.552
72.552
72.552
72.552
72.552
72.552
78.7907
78.7907
78.7907
78.7907
78.7907
78.7907
78.7907
78.7907
84.9247
84.9247
84.9247
84.9247
84.9247
84.9247
84.9247
84.9247
90.8884
90.8884
90.8884
90.8884
90.8884
90.8884
90.8884
90.8884
96.692
96.692
96.692
96.692
96.692
96.692
96.692
96.692
102.429
102.429
102.429
102.429
102.429
102.429
102.429
102.429
108.266
108.266
108.266
108.266
108.266
108.266
108.266
108.266
33.206
33.206
33.206
33.206
33.206
33.206
33.206
33.206
34.7273
34.7273
34.7273
34.7273
34.7273
34.7273
34.7273
34.7273
36.9557
36.9557
36.9557
36.9557
36.9557
36.9557
36.9557
36.9557
39.8945
39.8945
39.8945
39.8945
39.8945
39.8945
39.8945
39.8945
43.5317
43.5317
43.5317
43.5317
43.5317
43.5317
43.5317
43.5317
47.8301
47.8301
47.8301
47.8301
47.8301
47.8301
47.8301
47.8301
52.7191
52.7191
52.7191
52.7191
52.7191
52.7191
52.7191
52.7191
58.0905
58.0905
58.0905
58.0905
58.0905
58.0905
58.0905
58.0905
63.8053
63.8053
63.8053
63.8053
63.8053
63.8053
63.8053
63.8053
69.7058
69.7058
69.7058
69.7058
69.7058
69.7058
69.7058
69.7058
75.6392
75.6392
75.6392
75.6392
75.6392
75.6392
75.6392
75.6392
81.4827
81.4827
81.4827
81.4827
81.4827
81.4827
81.4827
81.4827
87.1668
87.1668
87.1668
87.1668
87.1668
87.1668
87.1668
87.1668
92.6917
92.6917
92.6917
92.6917
92.6917
92.6917
92.6917
92.6917
98.1316
98.1316
98.1316
98.1316
98.1316
98.1316
98.1316
98.1316
103.63
103.63
103.63
103.63
103.63
103.63
103.63
103.63
33.206
33.206
33.206
33.206
33.206
33.206
33.206
33.206
34.7273
34.7273
34.7273
34.7273
34.7273
34.7273
34.7273
34.7273
36.9557
36.9557
36.9557
36.9557
36.9557
36.9557
36.9557
36.9557
39.8945
39.8945
39.8945
39.8945
39.8945
39.8945
39.8945
39.8945
43.5317
43.5317
43.5317
43.5317
43.5317
43.5317
43.5317
43.5317
47.8301
47.8301
47.8301
47.8301
47.8301
47.8301
47.8301
47.8301
52.7191
52.7191
52.7191
52.7191
52.7191
52.7191
52.7191
52.7191
58.0905
58.0905
58.0905
58.0905
58.0905
58.0905
58.0905
58.0905
63.8053
63.8053
63.8053
63.8053
63.8053
63.8053
63.8053
63.8053
69.7058
69.7058
69.7058
69.7058
69.7058
69.7058
69.7058
69.7058
75.6392
75.6392
75.6392
75.6392
75.6392
75.6392
75.6392
75.6392
81.4827
81.4827
81.4827
81.4827
81.4827
81.4827
81.4827
81.4827
87.1668
87.1668
87.1668
87.1668
87.1668
87.1668
87.1668
87.1668
92.6917
92.6917
92.6917
92.6917
92.6917
92.6917
92.6917
92.6917
98.1316
98.1316
98.1316
98.1316
98.1316
98.1316
98.1316
98.1316
103.63
103.63
103.63
103.63
103.63
103.63
103.63
103.63
33.206
33.206
33.206
33.206
33.206
33.206
33.206
33.206
34.7273
34.7273
34.7273
34.7273
34.7273
34.7273
34.7273
34.7273
36.9557
36.9557
36.9557
36.9557
36.9557
36.9557
36.9557
36.9557
39.8945
39.8945
39.8945
39.8945
39.8945
39.8945
39.8945
39.8945
43.5317
43.5317
43.5317
43.5317
43.5317
43.5317
43.5317
43.5317
47.8301
47.8301
47.8301
47.8301
47.8301
47.8301
47.8301
47.8301
52.7191
52.7191
52.7191
52.7191
52.7191
52.7191
52.7191
52.7191
58.0905
58.0905
58.0905
58.0905
58.0905
58.0905
58.0905
58.0905
63.8053
63.8053
63.8053
63.8053
63.8053
63.8053
63.8053
63.8053
69.7058
69.7058
69.7058
69.7058
69.7058
69.7058
69.7058
69.7058
75.6392
75.6392
75.6392
75.6392
75.6392
75.6392
75.6392
75.6392
81.4827
81.4827
81.4827
81.4827
81.4827
81.4827
81.4827
81.4827
87.1668
87.1668
87.1668
87.1668
87.1668
87.1668
87.1668
87.1668
92.6917
92.6917
92.6917
92.6917
92.6917
92.6917
92.6917
92.6917
98.1316
98.1316
98.1316
98.1316
98.1316
98.1316
98.1316
98.1316
103.63
103.63
103.63
103.63
103.63
103.63
103.63
103.63
33.206
33.206
33.206
33.206
33.206
33.206
33.206
33.206
34.7273
34.7273
34.7273
34.7273
34.7273
34.7273
34.7273
34.7273
36.9557
36.9557
36.9557
36.9557
36.9557
36.9557
36.9557
36.9557
39.8945
39.8945
39.8945
39.8945
39.8945
39.8945
39.8945
39.8945
43.5317
43.5317
43.5317
43.5317
43.5317
43.5317
43.5317
43.5317
47.8301
47.8301
47.8301
47.8301
47.8301
47.8301
47.8301
47.8301
52.7191
52.7191
52.7191
52.7191
52.7191
52.7191
52.7191
52.7191
58.0905
58.0905
58.0905
58.0905
58.0905
58.0905
58.0905
58.0905
63.8053
63.8053
63.8053
63.8053
63.8053
63.8053
63.8053
63.8053
69.7058
69.7058
69.7058
69.7058
69.7058
69.7058
69.7058
69.7058
75.6392
75.6392
75.6392
75.6392
75.6392
75.6392
75.6392
75.6392
81.4827
81.4827
81.4827
81.4827
81.4827
81.4827
81.4827
81.4827
87.1668
87.1668
87.1668
87.1668
87.1668
87.1668
87.1668
87.1668
92.6917
92.6917
92.6917
92.6917
92.6917
92.6917
92.6917
92.6917
98.1316
98.1316
98.1316
98.1316
98.1316
98.1316
98.1316
98.1316
103.63
103.63
103.63
103.63
103.63
103.63
103.63
103.63
32.8749
32.8749
32.8749
32.8749
32.8749
32.8749
32.8749
32.8749
34.2485
34.2485
34.2485
34.2485
34.2485
34.2485
34.2485
34.2485
36.2981
36.2981
36.2981
36.2981
36.2981
36.2981
36.2981
36.2981
39.0233
39.0233
39.0233
39.0233
39.0233
39.0233
39.0233
39.0233
42.4096
42.4096
42.4096
42.4096
42.4096
42.4096
42.4096
42.4096
46.4196
46.4196
46.4196
46.4196
46.4196
46.4196
46.4196
46.4196
50.9848
50.9848
50.9848
50.9848
50.9848
50.9848
50.9848
50.9848
56.0037
56.0037
56.0037
56.0037
56.0037
56.0037
56.0037
56.0037
61.3447
61.3447
61.3447
61.3447
61.3447
61.3447
61.3447
61.3447
66.8605
66.8605
66.8605
66.8605
66.8605
66.8605
66.8605
66.8605
72.4065
72.4065
72.4065
72.4065
72.4065
72.4065
72.4065
72.4065
77.8648
77.8648
77.8648
77.8648
77.8648
77.8648
77.8648
77.8648
83.1659
83.1659
83.1659
83.1659
83.1659
83.1659
83.1659
83.1659
88.3019
88.3019
88.3019
88.3019
88.3019
88.3019
88.3019
88.3019
93.3332
93.3332
93.3332
93.3332
93.3332
93.3332
93.3332
93.3332
98.3809
98.3809
98.3809
98.3809
98.3809
98.3809
98.3809
98.3809
32.8749
32.8749
32.8749
32.8749
32.8749
32.8749
32.8749
32.8749
34.2485
34.2485
34.2485
34.2485
34.2485
34.2485
34.2485
34.2485
36.2981
36.2981
36.2981
36.2981
36.2981
36.2981
36.2981
36.2981
39.0233
39.0233
39.0233
39.0233
39.0233
39.0233
39.0233
39.0233
42.4096
42.4096
42.4096
42.4096
42.4096
42.4096
42.4096
42.4096
46.4196
46.4196
46.4196
46.4196
46.4196
46.4196
46.4196
46.4196
50.9848
50.9848
50.9848
50.9848
50.9848
50.9848
50.9848
50.9848
56.0037
56.0037
56.0037
56.0037
56.0037
56.0037
56.0037
56.0037
61.3447
61.3447
61.3447
61.3447
61.3447
61.3447
61.3447
61.3447
66.8605
66.8605
66.8605
66.8605
66.8605
66.8605
66.8605
66.8605
72.4065
72.4065
72.4065
72.4065
72.4065
72.4065
72.4065
72.4065
77.8648
77.8648
77.8648
77.8648
77.8648
77.8648
77.8648
77.8648
83.1659
83.1659
83.1659
83.1659
83.1659
83.1659
83.1659
83.1659
88.3019
88.3019
88.3019
88.3019
88.3019
88.3019
88.3019
88.3019
93.3332
93.3332
93.3332
93.3332
93.3332
93.3332
93.3332
93.3332
98.3809
98.3809
98.3809
98.3809
98.3809
98.3809
98.3809
98.3809
32.8749
32.8749
32.8749
32.8749
32.8749
32.8749
32.8749
32.8749
34.2485
34.2485
34.2485
34.2485
34.2485
34.2485
34.2485
34.2485
36.2981
36.2981
36.2981
36.2981
36.2981
36.2981
36.2981
36.2981
39.0233
39.0233
39.0233
39.0233
39.0233
39.0233
39.0233
39.0233
42.4096
42.4096
42.4096
42.4096
42.4096
42.4096
42.4096
42.4096
46.4196
46.4196
46.4196
46.4196
46.4196
46.4196
46.4196
46.4196
50.9848
50.9848
50.9848
50.9848
50.9848
50.9848
50.9848
50.9848
56.0037
56.0037
56.0037
56.0037
56.0037
56.0037
56.0037
56.0037
61.3447
61.3447
61.3447
61.3447
61.3447
61.3447
61.3447
61.3447
66.8605
66.8605
66.8605
66.8605
66.8605
66.8605
66.8605
66.8605
72.4065
72.4065
72.4065
72.4065
72.4065
72.4065
72.4065
72.4065
77.8648
77.8648
77.8648
77.8648
77.8648
77.8648
77.8648
77.8648
83.1659
83.1659
83.1659
83.1659
83.1659
83.1659
83.1659
83.1659
88.3019
88.3019
88.3019
88.3019
88.3019
88.3019
88.3019
88.3019
93.3332
93.3332
93.3332
93.3332
93.3332
93.3332
93.3332
93.3332
98.3809
98.3809
98.3809
98.3809
98.3809
98.3809
98.3809
98.3809
32.8749
32.8749
32.8749
32.8749
32.8749
32.8749
32.8749
32.8749
34.2485
34.2485
34.2485
34.2485
34.2485
34.2485
34.2485
34.2485
36.2981
36.2981
36.2981
36.2981
36.2981
36.2981
36.2981
36.2981
39.0233
39.0233
39.0233
39.0233
39.0233
39.0233
39.0233
39.0233
42.4096
42.4096
42.4096
42.4096
42.4096
42.4096
42.4096
42.4096
46.4196
46.4196
46.4196
46.4196
46.4196
46.4196
46.4196
46.4196
50.9848
50.9848
50.9848
50.9848
50.9848
50.9848
50.9848
50.9848
56.0037
56.0037
56.0037
56.0037
56.0037
56.0037
56.0037
56.0037
61.3447
61.3447
61.3447
61.3447
61.3447
61.3447
61.3447
61.3447
66.8605
66.8605
66.8605
66.8605
66.8605
66.8605
66.8605
66.8605
72.4065
72.4065
72.4065
72.4065
72.4065
72.4065
72.4065
72.4065
77.8648
77.8648
77.8648
77.8648
77.8648
77.8648
77.8648
77.8648
83.1659
83.1659
83.1659
83.1659
83.1659
83.1659
83.1659
83.1659
88.3019
88.3019
88.3019
88.3019
88.3019
88.3019
88.3019
88.3019
93.3332
93.3332
93.3332
93.3332
93.3332
93.3332
93.3332
93.3332
98.3809
98.3809
98.3809
98.3809
98.3809
98.3809
98.3809
98.3809
32.8508
32.8508
32.8508
32.8508
32.8508
32.8508
32.8508
32.8508
34.0899
34.0899
34.0899
34.0899
34.0899
34.0899
34.0899
34.0899
35.9733
35.9733
35.9733
35.9733
35.9733
35.9733
35.9733
35.9733
38.4959
38.4959
38.4959
38.4959
38.4959
38.4959
38.4959
38.4959
41.6391
41.6391
41.6391
41.6391
41.6391
41.6391
41.6391
41.6391
45.3628
45.3628
45.3628
45.3628
45.3628
45.3628
45.3628
45.3628
49.5987
49.5987
49.5987
49.5987
49.5987
49.5987
49.5987
49.5987
54.2481
54.2481
54.2481
54.2481
54.2481
54.2481
54.2481
54.2481
59.1866
59.1866
59.1866
59.1866
59.1866
59.1866
59.1866
59.1866
64.2748
64.2748
64.2748
64.2748
64.2748
64.2748
64.2748
64.2748
69.3772
69.3772
69.3772
69.3772
69.3772
69.3772
69.3772
69.3772
74.3829
74.3829
74.3829
74.3829
74.3829
74.3829
74.3829
74.3829
79.2242
79.2242
79.2242
79.2242
79.2242
79.2242
79.2242
79.2242
83.8903
83.8903
83.8903
83.8903
83.8903
83.8903
83.8903
83.8903
88.43
88.43
88.43
88.43
88.43
88.43
88.43
88.43
92.9467
92.9467
92.9467
92.9467
92.9467
92.9467
92.9467
92.9467
32.8508
32.8508
32.8508
32.8508
32.8508
32.8508
32.8508
32.8508
34.0899
34.0899
34.0899
34.0899
34.0899
34.0899
34.0899
34.0899
35.9733
35.9733
35.9733
35.9733
35.9733
35.9733
35.9733
35.9733
38.4959
38.4959
38.4959
38.4959
38.4959
38.4959
38.4959
38.4959
41.6391
41.6391
41.6391
41.6391
41.6391
41.6391
41.6391
41.6391
45.3628
45.3628
45.3628
45.3628
45.3628
45.3628
45.3628
45.3628
49.5987
49.5987
49.5987
49.5987
49.5987
49.5987
49.5987
49.5987
54.2481
54.2481
54.2481
54.2481
54.2481
54.2481
54.2481
54.2481
59.1866
59.1866
59.1866
59.1866
59.1866
59.1866
59.1866
59.1866
64.2748
64.2748
64.2748
64.2748
64.2748
64.2748
64.2748
64.2748
69.3772
69.3772
69.3772
69.3772
69.3772
69.3772
69.3772
69.3772
74.3829
74.3829
74.3829
74.3829
74.3829
74.3829
74.3829
74.3829
79.2242
79.2242
79.2242
79.2242
79.2242
79.2242
79.2242
79.2242
83.8903
83.8903
83.8903
83.8903
83.8903
83.8903
83.8903
83.8903
88.43
88.43
88.43
88.43
88.43
88.43
88.43
88.43
92.9467
92.9467
92.9467
92.9467
92.9467
92.9467
92.9467
92.9467
32.8508
32.8508
32.8508
32.8508
32.8508
32.8508
32.8508
32.8508
34.0899
34.0899
34.0899
34.0899
34.0899
34.0899
34.0899
34.0899
35.9733
35.9733
35.9733
35.9733
35.9733
35.9733
35.9733
35.9733
38.4959
38.4959
38.4959
38.4959
38.4959
38.4959
38.4959
38.4959
41.6391
41.6391
41.6391
41.6391
41.6391
41.6391
41.6391
41.6391
45.3628
45.3628
45.3628
45.3628
45.3628
45.3628
45.3628
45.3628
49.5987
49.5987
49.5987
49.5987
49.5987
49.5987
49.5987
49.5987
54.2481
54.2481
54.2481
54.2481
54.2481
54.2481
54.2481
54.2481
59.1866
59.1866
59.1866
59.1866
59.1866
59.1866
59.1866
59.1866
64.2748
64.2748
64.2748
64.2748
64.2748
64.2748
64.2748
64.2748
69.3772
69.3772
69.3772
69.3772
69.3772
69.3772
69.3772
69.3772
74.3829
74.3829
74.3829
74.3829
74.3829
74.3829
74.3829
74.3829
79.2242
79.2242
79.2242
79.2242
79.2242
79.2242
79.2242
79.2242
83.8903
83.8903
83.8903
83.8903
83.8903
83.8903
83.8903
83.8903
88.43
88.43
88.43
88.43
88.43
88.43
88.43
88.43
92.9467
92.9467
92.9467
92.9467
92.9467
92.9467
92.9467
92.9467
32.8508
32.8508
32.8508
32.8508
32.8508
32.8508
32.8508
32.8508
34.0899
34.0899
34.0899
34.0899
34.0899
34.0899
34.0899
34.0899
35.9733
35.9733
35.9733
35.9733
35.9733
35.9733
35.9733
35.9733
38.4959
38.4959
38.4959
38.4959
38.4959
38.4959
38.4959
38.4959
41.6391
41.6391
41.6391
41.6391
41.6391
41.6391
41.6391
41.6391
45.3628
45.3628
45.3628
45.3628
45.3628
45.3628
45.3628
45.3628
49.5987
49.5987
49.5987
49.5987
49.5987
49.5987
49.5987
49.5987
54.2481
54.2481
54.2481
54.2481
54.2481
54.2481
54.2481
54.2481
59.1866
59.1866
59.1866
59.1866
59.1866
59.1866
59.1866
59.1866
64.2748
64.2748
64.2748
64.2748
64.2748
64.2748
64.2748
64.2748
69.3772
69.3772
69.3772
69.3772
69.3772
69.3772
69.3772
69.3772
74.3829
74.3829
74.3829
74.3829
74.3829
74.3829
74.3829
74.3829
79.2242
79.2242
79.2242
79.2242
79.2242
79.2242
79.2242
79.2242
83.8903
83.8903
83.8903
83.8903
83.8903
83.8903
83.8903
83.8903
88.43
88.43
88.43
88.43
88.43
88.43
88.43
88.43
92.9467
92.9467
92.9467
92.9467
92.9467
92.9467
92.9467
92.9467
33.2587
33.2587
33.2587
33.2587
33.2587
33.2587
33.2587
33.2587
34.3771
34.3771
34.3771
34.3771
34.3771
34.3771
34.3771
34.3771
36.1095
36.1095
36.1095
36.1095
36.1095
36.1095
36.1095
36.1095
38.445
38.445
38.445
38.445
38.445
38.445
38.445
38.445
41.3591
41.3591
41.3591
41.3591
41.3591
41.3591
41.3591
41.3591
44.8069
44.8069
44.8069
44.8069
44.8069
44.8069
44.8069
44.8069
48.718
48.718
48.718
48.718
48.718
48.718
48.718
48.718
52.9945
52.9945
52.9945
52.9945
52.9945
52.9945
52.9945
52.9945
57.5161
57.5161
57.5161
57.5161
57.5161
57.5161
57.5161
57.5161
62.1511
62.1511
62.1511
62.1511
62.1511
62.1511
62.1511
62.1511
66.7728
66.7728
66.7728
66.7728
66.7728
66.7728
66.7728
66.7728
71.2783
71.2783
71.2783
71.2783
71.2783
71.2783
71.2783
71.2783
75.6054
75.6054
75.6054
75.6054
75.6054
75.6054
75.6054
75.6054
79.743
79.743
79.743
79.743
79.743
79.743
79.743
79.743
83.7332
83.7332
83.7332
83.7332
83.7332
83.7332
83.7332
83.7332
87.6663
87.6663
87.6663
87.6663
87.6663
87.6663
87.6663
87.6663
33.2587
33.2587
33.2587
33.2587
33.2587
33.2587
33.2587
33.2587
34.3771
34.3771
34.3771
34.3771
34.3771
34.3771
34.3771
34.3771
36.1095
36.1095
36.1095
36.1095
36.1095
36.1095
36.1095
36.1095
38.445
38.445
38.445
38.445
38.445
38.445
38.445
38.445
41.3591
41.3591
41.3591
41.3591
41.3591
41.3591
41.3591
41.3591
44.8069
44.8069
44.8069
44.8069
44.8069
44.8069
44.8069
44.8069
48.718
48.718
48.718
48.718
48.718
48.718
48.718
48.718
52.9945
52.9945
52.9945
52.9945
52.9945
52.9945
52.9945
52.9945
57.5161
57.5161
57.5161
57.5161
57.5161
57.5161
57.5161
57.5161
62.1511
62.1511
62.1511
62.1511
62.1511
62.1511
62.1511
62.1511
66.7728
66.7728
66.7728
66.7728
66.7728
66.7728
66.7728
66.7728
71.2783
71.2783
71.2783
71.2783
71.2783
71.2783
71.2783
71.2783
75.6054
75.6054
75.6054
75.6054
75.6054
75.6054
75.6054
75.6054
79.743
79.743
79.743
79.743
79.743
79.743
79.743
79.743
83.7332
83.7332
83.7332
83.7332
83.7332
83.7332
83.7332
83.7332
87.6663
87.6663
87.6663
87.6663
87.6663
87.6663
87.6663
87.6663
33.2587
33.2587
33.2587
33.2587
33.2587
33.2587
33.2587
33.2587
34.3771
34.3771
34.3771
34.3771
34.3771
34.3771
34.3771
34.3771
36.1095
36.1095
36.1095
36.1095
36.1095
36.1095
36.1095
36.1095
38.445
38.445
38.445
38.445
38.445
38.445
38.445
38.445
41.3591
41.3591
41.3591
41.3591
41.3591
41.3591
41.3591
41.3591
44.8069
44.8069
44.8069
44.8069
44.8069
44.8069
44.8069
44.8069
48.718
48.718
48.718
48.718
48.718
48.718
48.718
48.718
52.9945
52.9945
52.9945
52.9945
52.9945
52.9945
52.9945
52.9945
57.5161
57.5161
57.5161
57.5161
57.5161
57.5161
57.5161
57.5161
62.1511
62.1511
62.1511
62.1511
62.1511
62.1511
62.1511
62.1511
66.7728
66.7728
66.7728
66.7728
66.7728
66.7728
66.7728
66.7728
71.2783
71.2783
71.2783
71.2783
71.2783
71.2783
71.2783
71.2783
75.6054
75.6054
75.6054
75.6054
75.6054
75.6054
75.6054
75.6054
79.743
79.743
79.743
79.743
79.743
79.743
79.743
79.743
83.7332
83.7332
83.7332
83.7332
83.7332
83.7332
83.7332
83.7332
87.6663
87.6663
87.6663
87.6663
87.6663
87.6663
87.6663
87.6663
33.2587
33.2587
33.2587
33.2587
33.2587
33.2587
33.2587
33.2587
34.3771
34.3771
34.3771
34.3771
34.3771
34.3771
34.3771
34.3771
36.1095
36.1095
36.1095
36.1095
36.1095
36.1095
36.1095
36.1095
38.445
38.445
38.445
38.445
38.445
38.445
38.445
38.445
41.3591
41.3591
41.3591
41.3591
41.3591
41.3591
41.3591
41.3591
44.8069
44.8069
44.8069
44.8069
44.8069
44.8069
44.8069
44.8069
48.718
48.718
48.718
48.718
48.718
48.718
48.718
48.718
52.9945
52.9945
52.9945
52.9945
52.9945
52.9945
52.9945
52.9945
57.5161
57.5161
57.5161
57.5161
57.5161
57.5161
57.5161
57.5161
62.1511
62.1511
62.1511
62.1511
62.1511
62.1511
62.1511
62.1511
66.7728
66.7728
66.7728
66.7728
66.7728
66.7728
66.7728
66.7728
71.2783
71.2783
71.2783
71.2783
71.2783
71.2783
71.2783
71.2783
75.6054
75.6054
75.6054
75.6054
75.6054
75.6054
75.6054
75.6054
79.743
79.743
79.743
79.743
79.743
79.743
79.743
79.743
83.7332
83.7332
83.7332
83.7332
83.7332
83.7332
83.7332
83.7332
87.6663
87.6663
87.6663
87.6663
87.6663
87.6663
87.6663
87.6663
34.223
34.223
34.223
34.223
34.223
34.223
34.223
34.223
35.2328
35.2328
35.2328
35.2328
35.2328
35.2328
35.2328
35.2328
36.8287
36.8287
36.8287
36.8287
36.8287
36.8287
36.8287
36.8287
38.9926
38.9926
38.9926
38.9926
38.9926
38.9926
38.9926
38.9926
41.6926
41.6926
41.6926
41.6926
41.6926
41.6926
41.6926
41.6926
44.8773
44.8773
44.8773
44.8773
44.8773
44.8773
44.8773
44.8773
48.4714
48.4714
48.4714
48.4714
48.4714
48.4714
48.4714
48.4714
52.3758
52.3758
52.3758
52.3758
52.3758
52.3758
52.3758
52.3758
56.4728
56.4728
56.4728
56.4728
56.4728
56.4728
56.4728
56.4728
60.6374
60.6374
60.6374
60.6374
60.6374
60.6374
60.6374
60.6374
64.7512
64.7512
64.7512
64.7512
64.7512
64.7512
64.7512
64.7512
68.7213
68.7213
68.7213
68.7213
68.7213
68.7213
68.7213
68.7213
72.4931
72.4931
72.4931
72.4931
72.4931
72.4931
72.4931
72.4931
76.059
76.059
76.059
76.059
76.059
76.059
76.059
76.059
79.4596
79.4596
79.4596
79.4596
79.4596
79.4596
79.4596
79.4596
82.7763
82.7763
82.7763
82.7763
82.7763
82.7763
82.7763
82.7763
34.223
34.223
34.223
34.223
34.223
34.223
34.223
34.223
35.2328
35.2328
35.2328
35.2328
35.2328
35.2328
35.2328
35.2328
36.8287
36.8287
36.8287
36.8287
36.8287
36.8287
36.8287
36.8287
38.9926
38.9926
38.9926
38.9926
38.9926
38.9926
38.9926
38.9926
41.6926
41.6926
41.6926
41.6926
41.6926
41.6926
41.6926
41.6926
44.8773
44.8773
44.8773
44.8773
44.8773
44.8773
44.8773
44.8773
48.4714
48.4714
48.4714
48.4714
48.4714
48.4714
48.4714
48.4714
52.3758
52.3758
52.3758
52.3758
52.3758
52.3758
52.3758
52.3758
56.4728
56.4728
56.4728
56.4728
56.4728
56.4728
56.4728
56.4728
60.6374
60.6374
60.6374
60.6374
60.6374
60.6374
60.6374
60.6374
64.7512
64.7512
64.7512
64.7512
64.7512
64.7512
64.7512
64.7512
68.7213
68.7213
68.7213
68.7213
68.7213
68.7213
68.7213
68.7213
72.4931
72.4931
72.4931
72.4931
72.4931
72.4931
72.4931
72.4931
76.059
76.059
76.059
76.059
76.059
76.059
76.059
76.059
79.4596
79.4596
79.4596
79.4596
79.4596
79.4596
79.4596
79.4596
82.7763
82.7763
82.7763
82.7763
82.7763
82.7763
82.7763
82.7763
34.223
34.223
34.223
34.223
34.223
34.223
34.223
34.223
35.2328
35.2328
35.2328
35.2328
35.2328
35.2328
35.2328
35.2328
36.8287
36.8287
36.8287
36.8287
36.8287
36.8287
36.8287
36.8287
38.9926
38.9926
38.9926
38.9926
38.9926
38.9926
38.9926
38.9926
41.6926
41.6926
41.6926
41.6926
41.6926
41.6926
41.6926
41.6926
44.8773
44.8773
44.8773
44.8773
44.8773
44.8773
44.8773
44.8773
48.4714
48.4714
48.4714
48.4714
48.4714
48.4714
48.4714
48.4714
52.3758
52.3758
52.3758
52.3758
52.3758
52.3758
52.3758
52.3758
56.4728
56.4728
56.4728
56.4728
56.4728
56.4728
56.4728
56.4728
60.6374
60.6374
60.6374
60.6374
60.6374
60.6374
60.6374
60.6374
64.7512
64.7512
64.7512
64.7512
64.7512
64.7512
64.7512
64.7512
68.7213
68.7213
68.7213
68.7213
68.7213
68.7213
68.7213
68.7213
72.4931
72.4931
72.4931
72.4931
72.4931
72.4931
72.4931
72.4931
76.059
76.059
76.059
76.059
76.059
76.059
76.059
76.059
79.4596
79.4596
79.4596
79.4596
79.4596
79.4596
79.4596
79.4596
82.7763
82.7763
82.7763
82.7763
82.7763
82.7763
82.7763
82.7763
34.223
34.223
34.223
34.223
34.223
34.223
34.223
34.223
35.2328
35.2328
35.2328
35.2328
35.2328
35.2328
35.2328
35.2328
36.8287
36.8287
36.8287
36.8287
36.8287
36.8287
36.8287
36.8287
38.9926
38.9926
38.9926
38.9926
38.9926
38.9926
38.9926
38.9926
41.6926
41.6926
41.6926
41.6926
41.6926
41.6926
41.6926
41.6926
44.8773
44.8773
44.8773
44.8773
44.8773
44.8773
44.8773
44.8773
48.4714
48.4714
48.4714
48.4714
48.4714
48.4714
48.4714
48.4714
52.3758
52.3758
52.3758
52.3758
52.3758
52.3758
52.3758
52.3758
56.4728
56.4728
56.4728
56.4728
56.4728
56.4728
56.4728
56.4728
60.6374
60.6374
60.6374
60.6374
60.6374
60.6374
60.6374
60.6374
64.7512
64.7512
64.7512
64.7512
64.7512
64.7512
64.7512
64.7512
68.7213
68.7213
68.7213
68.7213
68.7213
68.7213
68.7213
68.7213
72.4931
72.4931
72.4931
72.4931
72.4931
72.4931
72.4931
72.4931
76.059
76.059
76.059
76.059
76.059
76.059
76.059
76.059
79.4596
79.4596
79.4596
79.4596
79.4596
79.4596
79.4596
79.4596
82.7763
82.7763
82.7763
82.7763
82.7763
82.7763
82.7763
82.7763
35.8724
35.8724
35.8724
35.8724
35.8724
35.8724
35.8724
35.8724
36.7827
36.7827
36.7827
36.7827
36.7827
36.7827
36.7827
36.7827
38.253
38.253
38.253
38.253
38.253
38.253
38.253
38.253
40.2572
40.2572
40.2572
40.2572
40.2572
40.2572
40.2572
40.2572
42.7543
42.7543
42.7543
42.7543
42.7543
42.7543
42.7543
42.7543
45.6844
45.6844
45.6844
45.6844
45.6844
45.6844
45.6844
45.6844
48.9656
48.9656
48.9656
48.9656
48.9656
48.9656
48.9656
48.9656
52.4958
52.4958
52.4958
52.4958
52.4958
52.4958
52.4958
52.4958
56.1585
56.1585
56.1585
56.1585
56.1585
56.1585
56.1585
56.1585
59.834
59.834
59.834
59.834
59.834
59.834
59.834
59.834
63.4142
63.4142
63.4142
63.4142
63.4142
63.4142
63.4142
63.4142
66.8171
66.8171
66.8171
66.8171
66.8171
66.8171
66.8171
66.8171
69.9984
69.9984
69.9984
69.9984
69.9984
69.9984
69.9984
69.9984
72.9578
72.9578
72.9578
72.9578
72.9578
72.9578
72.9578
72.9578
75.7382
75.7382
75.7382
75.7382
75.7382
75.7382
75.7382
75.7382
78.4179
78.4179
78.4179
78.4179
78.4179
78.4179
78.4179
78.4179
35.8724
35.8724
35.8724
35.8724
35.8724
35.8724
35.8724
35.8724
36.7827
36.7827
36.7827
36.7827
36.7827
36.7827
36.7827
36.7827
38.253
38.253
38.253
38.253
38.253
38.253
38.253
38.253
40.2572
40.2572
40.2572
40.2572
40.2572
40.2572
40.2572
40.2572
42.7543
42.7543
42.7543
42.7543
42.7543
42.7543
42.7543
42.7543
45.6844
45.6844
45.6844
45.6844
45.6844
45.6844
45.6844
45.6844
48.9656
48.9656
48.9656
48.9656
48.9656
48.9656
48.9656
48.9656
52.4958
52.4958
52.4958
52.4958
52.4958
52.4958
52.4958
52.4958
56.1585
56.1585
56.1585
56.1585
56.1585
56.1585
56.1585
56.1585
59.834
59.834
59.834
59.834
59.834
59.834
59.834
59.834
63.4142
63.4142
63.4142
63.4142
63.4142
63.4142
63.4142
63.4142
66.8171
66.8171
66.8171
66.8171
66.8171
66.8171
66.8171
66.8171
69.9984
69.9984
69.9984
69.9984
69.9984
69.9984
69.9984
69.9984
72.9578
72.9578
72.9578
72.9578
72.9578
72.9578
72.9578
72.9578
75.7382
75.7382
75.7382
75.7382
75.7382
75.7382
75.7382
75.7382
78.4179
78.4179
78.4179
78.4179
78.4179
78.4179
78.4179
78.4179
35.8724
35.8724
35.8724
35.8724
35.8724
35.8724
35.8724
35.8724
36.7827
36.7827
36.7827
36.7827
36.7827
36.7827
36.7827
36.7827
38.253
38.253
38.253
38.253
38.253
38.253
38.253
38.253
40.2572
40.2572
40.2572
40.2572
40.2572
40.2572
40.2572
40.2572
42.7543
42.7543
42.7543
42.7543
42.7543
42.7543
42.7543
42.7543
45.6844
45.6844
45.6844
45.6844
45.6844
45.6844
45.6844
45.6844
48.9656
48.9656
48.9656
48.9656
48.9656
48.9656
48.9656
48.9656
52.4958
52.4958
52.4958
52.4958
52.4958
52.4958
52.4958
52.4958
56.1585
56.1585
56.1585
56.1585
56.1585
56.1585
56.1585
56.1585
59.834
59.834
59.834
59.834
59.834
59.834
59.834
59.834
63.4142
63.4142
63.4142
63.4142
63.4142
63.4142
63.4142
63.4142
66.8171
66.8171
66.8171
66.8171
66.8171
66.8171
66.8171
66.8171
69.9984
69.9984
69.9984
69.9984
69.9984
69.9984
69.9984
69.9984
72.9578
72.9578
72.9578
72.9578
72.9578
72.9578
72.9578
72.9578
75.7382
75.7382
75.7382
75.7382
75.7382
75.7382
75.7382
75.7382
78.4179
78.4179
78.4179
78.4179
78.4179
78.4179
78.4179
78.4179
35.8724
35.8724
35.8724
35.8724
35.8724
35.8724
35.8724
35.8724
36.7827
36.7827
36.7827
36.7827
36.7827
36.7827
36.7827
36.7827
38.253
38.253
38.253
38.253
38.253
38.253
38.253
38.253
40.2572
40.2572
40.2572
40.2572
40.2572
40.2572
40.2572
40.2572
42.7543
42.7543
42.7543
42.7543
42.7543
42.7543
42.7543
42.7543
45.6844
45.6844
45.6844
45.6844
45.6844
45.6844
45.6844
45.6844
48.9656
48.9656
48.9656
48.9656
48.9656
48.9656
48.9656
48.9656
52.4958
52.4958
52.4958
52.4958
52.4958
52.4958
52.4958
52.4958
56.1585
56.1585
56.1585
56.1585
56.1585
56.1585
56.1585
56.1585
59.834
59.834
59.834
59.834
59.834
59.834
59.834
59.834
63.4142
63.4142
63.4142
63.4142
63.4142
63.4142
63.4142
63.4142
66.8171
66.8171
66.8171
66.8171
66.8171
66.8171
66.8171
66.8171
69.9984
69.9984
69.9984
69.9984
69.9984
69.9984
69.9984
69.9984
72.9578
72.9578
72.9578
72.9578
72.9578
72.9578
72.9578
72.9578
75.7382
75.7382
75.7382
75.7382
75.7382
75.7382
75.7382
75.7382
78.4179
78.4179
78.4179
78.4179
78.4179
78.4179
78.4179
78.4179
38.3465
38.3465
38.3465
38.3465
38.3465
38.3465
38.3465
38.3465
39.1612
39.1612
39.1612
39.1612
39.1612
39.1612
39.1612
39.1612
40.511
40.511
40.511
40.511
40.511
40.511
40.511
40.511
42.3603
42.3603
42.3603
42.3603
42.3603
42.3603
42.3603
42.3603
44.6575
44.6575
44.6575
44.6575
44.6575
44.6575
44.6575
44.6575
47.3321
47.3321
47.3321
47.3321
47.3321
47.3321
47.3321
47.3321
50.2945
50.2945
50.2945
50.2945
50.2945
50.2945
50.2945
50.2945
53.4378
53.4378
53.4378
53.4378
53.4378
53.4378
53.4378
53.4378
56.646
56.646
56.646
56.646
56.646
56.646
56.646
56.646
59.8062
59.8062
59.8062
59.8062
59.8062
59.8062
59.8062
59.8062
62.8201
62.8201
62.8201
62.8201
62.8201
62.8201
62.8201
62.8201
65.6192
65.6192
65.6192
65.6192
65.6192
65.6192
65.6192
65.6192
68.173
68.173
68.173
68.173
68.173
68.173
68.173
68.173
70.4919
70.4919
70.4919
70.4919
70.4919
70.4919
70.4919
70.4919
72.6257
72.6257
72.6257
72.6257
72.6257
72.6257
72.6257
72.6257
74.6527
74.6527
74.6527
74.6527
74.6527
74.6527
74.6527
74.6527
38.3465
38.3465
38.3465
38.3465
38.3465
38.3465
38.3465
38.3465
39.1612
39.1612
39.1612
39.1612
39.1612
39.1612
39.1612
39.1612
40.511
40.511
40.511
40.511
40.511
40.511
40.511
40.511
42.3603
42.3603
42.3603
42.3603
42.3603
42.3603
42.3603
42.3603
44.6575
44.6575
44.6575
44.6575
44.6575
44.6575
44.6575
44.6575
47.3321
47.3321
47.3321
47.3321
47.3321
47.3321
47.3321
47.3321
50.2945
50.2945
50.2945
50.2945
50.2945
50.2945
50.2945
50.2945
53.4378
53.4378
53.4378
53.4378
53.4378
53.4378
53.4378
53.4378
56.646
56.646
56.646
56.646
56.646
56.646
56.646
56.646
59.8062
59.8062
59.8062
59.8062
59.8062
59.8062
59.8062
59.8062
62.8201
62.8201
62.8201
62.8201
62.8201
62.8201
62.8201
62.8201
65.6192
65.6192
65.6192
65.6192
65.6192
65.6192
65.6192
65.6192
68.173
68.173
68.173
68.173
68.173
68.173
68.173
68.173
70.4919
70.4919
70.4919
70.4919
70.4919
70.4919
70.4919
70.4919
72.6257
72.6257
72.6257
72.6257
72.6257
72.6257
72.6257
72.6257
74.6527
74.6527
74.6527
74.6527
74.6527
74.6527
74.6527
74.6527
38.3465
38.3465
38.3465
38.3465
38.3465
38.3465
38.3465
38.3465
39.1612
39.1612
39.1612
39.1612
39.1612
39.1612
39.1612
39.1612
40.511
40.511
40.511
40.511
40.511
40.511
40.511
40.511
42.3603
42.3603
42.3603
42.3603
42.3603
42.3603
42.3603
42.3603
44.6575
44.6575
44.6575
44.6575
44.6575
44.6575
44.6575
44.6575
47.3321
47.3321
47.3321
47.3321
47.3321
47.3321
47.3321
47.3321
50.2945
50.2945
50.2945
50.2945
50.2945
50.2945
50.2945
50.2945
53.4378
53.4378
53.4378
53.4378
53.4378
53.4378
53.4378
53.4378
56.646
56.646
56.646
56.646
56.646
56.646
56.646
56.646
59.8062
59.8062
59.8062
59.8062
59.8062
59.8062
59.8062
59.8062
62.8201
62.8201
62.8201
62.8201
62.8201
62.8201
62.8201
62.8201
65.6192
65.6192
65.6192
65.6192
65.6192
65.6192
65.6192
65.6192
68.173
68.173
68.173
68.173
68.173
68.173
68.173
68.173
70.4919
70.4919
70.4919
70.4919
70.4919
70.4919
70.4919
70.4919
72.6257
72.6257
72.6257
72.6257
72.6257
72.6257
72.6257
72.6257
74.6527
74.6527
74.6527
74.6527
74.6527
74.6527
74.6527
74.6527
38.3465
38.3465
38.3465
38.3465
38.3465
38.3465
38.3465
38.3465
39.1612
39.1612
39.1612
39.1612
39.1612
39.1612
39.1612
39.1612
40.511
40.511
40.511
40.511
40.511
40.511
40.511
40.511
42.3603
42.3603
42.3603
42.3603
42.3603
42.3603
42.3603
42.3603
44.6575
44.6575
44.6575
44.6575
44.6575
44.6575
44.6575
44.6575
47.3321
47.3321
47.3321
47.3321
47.3321
47.3321
47.3321
47.3321
50.2945
50.2945
50.2945
50.2945
50.2945
50.2945
50.2945
50.2945
53.4378
53.4378
53.4378
53.4378
53.4378
53.4378
53.4378
53.4378
56.646
56.646
56.646
56.646
56.646
56.646
56.646
56.646
59.8062
59.8062
59.8062
59.8062
59.8062
59.8062
59.8062
59.8062
62.8201
62.8201
62.8201
62.8201
62.8201
62.8201
62.8201
62.8201
65.6192
65.6192
65.6192
65.6192
65.6192
65.6192
65.6192
65.6192
68.173
68.173
68.173
68.173
68.173
68.173
68.173
68.173
70.4919
70.4919
70.4919
70.4919
70.4919
70.4919
70.4919
70.4919
72.6257
72.6257
72.6257
72.6257
72.6257
72.6257
72.6257
72.6257
74.6527
74.6527
74.6527
74.6527
74.6527
74.6527
74.6527
74.6527
41.7981
41.7981
41.7981
41.7981
41.7981
41.7981
41.7981
41.7981
42.5154
42.5154
42.5154
42.5154
42.5154
42.5154
42.5154
42.5154
43.7421
43.7421
43.7421
43.7421
43.7421
43.7421
43.7421
43.7421
45.4313
45.4313
45.4313
45.4313
45.4313
45.4313
45.4313
45.4313
47.5191
47.5191
47.5191
47.5191
47.5191
47.5191
47.5191
47.5191
49.9233
49.9233
49.9233
49.9233
49.9233
49.9233
49.9233
49.9233
52.5446
52.5446
52.5446
52.5446
52.5446
52.5446
52.5446
52.5446
55.2714
55.2714
55.2714
55.2714
55.2714
55.2714
55.2714
55.2714
57.9889
57.9889
57.9889
57.9889
57.9889
57.9889
57.9889
57.9889
60.591
60.591
60.591
60.591
60.591
60.591
60.591
60.591
62.9924
62.9924
62.9924
62.9924
62.9924
62.9924
62.9924
62.9924
65.1407
65.1407
65.1407
65.1407
65.1407
65.1407
65.1407
65.1407
67.0225
67.0225
67.0225
67.0225
67.0225
67.0225
67.0225
67.0225
68.6631
68.6631
68.6631
68.6631
68.6631
68.6631
68.6631
68.6631
70.1216
70.1216
70.1216
70.1216
70.1216
70.1216
70.1216
70.1216
71.4818
71.4818
71.4818
71.4818
71.4818
71.4818
71.4818
71.4818
41.7981
41.7981
41.7981
41.7981
41.7981
41.7981
41.7981
41.7981
42.5154
42.5154
42.5154
42.5154
42.5154
42.5154
42.5154
42.5154
43.7421
43.7421
43.7421
43.7421
43.7421
43.7421
43.7421
43.7421
45.4313
45.4313
45.4313
45.4313
45.4313
45.4313
45.4313
45.4313
47.5191
47.5191
47.5191
47.5191
47.5191
47.5191
47.5191
47.5191
49.9233
49.9233
49.9233
49.9233
49.9233
49.9233
49.9233
49.9233
52.5446
52.5446
52.5446
52.5446
52.5446
52.5446
52.5446
52.5446
55.2714
55.2714
55.2714
55.2714
55.2714
55.2714
55.2714
55.2714
57.9889
57.9889
57.9889
57.9889
57.9889
57.9889
57.9889
57.9889
60.591
60.591
60.591
60.591
60.591
60.591
60.591
60.591
62.9924
62.9924
62.9924
62.9924
62.9924
62.9924
62.9924
62.9924
65.1407
65.1407
65.1407
65.1407
65.1407
65.1407
65.1407
65.1407
67.0225
67.0225
67.0225
67.0225
67.0225
67.0225
67.0225
67.0225
68.6631
68.6631
68.6631
68.6631
68.6631
68.6631
68.6631
68.6631
70.1216
70.1216
70.1216
70.1216
70.1216
70.1216
70.1216
70.1216
71.4818
71.4818
71.4818
71.4818
71.4818
71.4818
71.4818
71.4818
41.7981
41.7981
41.7981
41.7981
41.7981
41.7981
41.7981
41.7981
42.5154
42.5154
42.5154
42.5154
42.5154
42.5154
42.5154
42.5154
43.7421
43.7421
43.7421
43.7421
43.7421
43.7421
43.7421
43.7421
45.4313
45.4313
45.4313
45.4313
45.4313
45.4313
45.4313
45.4313
47.5191
47.5191
47.5191
47.5191
47.5191
47.5191
47.5191
47.5191
49.9233
49.9233
49.9233
49.9233
49.9233
49.9233
49.9233
49.9233
52.5446
52.5446
52.5446
52.5446
52.5446
52.5446
52.5446
52.5446
55.2714
55.2714
55.2714
55.2714
55.2714
55.2714
55.2714
55.2714
57.9889
57.9889
57.9889
57.9889
57.9889
57.9889
57.9889
57.9889
60.591
60.591
60.591
60.591
60.591
60.591
60.591
60.591
62.9924
62.9924
62.9924
62.9924
62.9924
62.9924
62.9924
62.9924
65.1407
65.1407
65.1407
65.1407
65.1407
65.1407
65.1407
65.1407
67.0225
67.0225
67.0225
67.0225
67.0225
67.0225
67.0225
67.0225
68.6631
68.6631
68.6631
68.6631
68.6631
68.6631
68.6631
68.6631
70.1216
70.1216
70.1216
70.1216
70.1216
70.1216
70.1216
70.1216
71.4818
71.4818
71.4818
71.4818
71.4818
71.4818
71.4818
71.4818
41.7981
41.7981
41.7981
41.7981
41.7981
41.7981
41.7981
41.7981
42.5154
42.5154
42.5154
42.5154
42.5154
42.5154
42.5154
42.5154
43.7421
43.7421
43.7421
43.7421
43.7421
43.7421
43.7421
43.7421
45.4313
45.4313
45.4313
45.4313
45.4313
45.4313
45.4313
45.4313
47.5191
47.5191
47.5191
47.5191
47.5191
47.5191
47.5191
47.5191
49.9233
49.9233
49.9233
49.9233
49.9233
49.9233
49.9233
49.9233
52.5446
52.5446
52.5446
52.5446
52.5446
52.5446
52.5446
52.5446
55.2714
55.2714
55.2714
55.2714
55.2714
55.2714
55.2714
55.2714
57.9889
57.9889
57.9889
57.9889
57.9889
57.9889
57.9889
57.9889
60.591
60.591
60.591
60.591
60.591
60.591
60.591
60.591
62.9924
62.9924
62.9924
62.9924
62.9924
62.9924
62.9924
62.9924
65.1407
65.1407
65.1407
65.1407
65.1407
65.1407
65.1407
65.1407
67.0225
67.0225
67.0225
67.0225
67.0225
67.0225
67.0225
67.0225
68.6631
68.6631
68.6631
68.6631
68.6631
68.6631
68.6631
68.6631
70.1216
70.1216
70.1216
70.1216
70.1216
70.1216
70.1216
70.1216
71.4818
71.4818
71.4818
71.4818
71.4818
71.4818
71.4818
71.4818
46.3915
46.3915
46.3915
46.3915
46.3915
46.3915
46.3915
46.3915
47.0035
47.0035
47.0035
47.0035
47.0035
47.0035
47.0035
47.0035
48.0953
48.0953
48.0953
48.0953
48.0953
48.0953
48.0953
48.0953
49.6068
49.6068
49.6068
49.6068
49.6068
49.6068
49.6068
49.6068
51.4603
51.4603
51.4603
51.4603
51.4603
51.4603
51.4603
51.4603
53.5606
53.5606
53.5606
53.5606
53.5606
53.5606
53.5606
53.5606
55.7979
55.7979
55.7979
55.7979
55.7979
55.7979
55.7979
55.7979
58.0568
58.0568
58.0568
58.0568
58.0568
58.0568
58.0568
58.0568
60.2245
60.2245
60.2245
60.2245
60.2245
60.2245
60.2245
60.2245
62.2051
62.2051
62.2051
62.2051
62.2051
62.2051
62.2051
62.2051
63.9295
63.9295
63.9295
63.9295
63.9295
63.9295
63.9295
63.9295
65.3652
65.3652
65.3652
65.3652
65.3652
65.3652
65.3652
65.3652
66.5192
66.5192
66.5192
66.5192
66.5192
66.5192
66.5192
66.5192
67.4353
67.4353
67.4353
67.4353
67.4353
67.4353
67.4353
67.4353
68.1862
68.1862
68.1862
68.1862
68.1862
68.1862
68.1862
68.1862
68.8624
68.8624
68.8624
68.8624
68.8624
68.8624
68.8624
68.8624
46.3915
46.3915
46.3915
46.3915
46.3915
46.3915
46.3915
46.3915
47.0035
47.0035
47.0035
47.0035
47.0035
47.0035
47.0035
47.0035
48.0953
48.0953
48.0953
48.0953
48.0953
48.0953
48.0953
48.0953
49.6068
49.6068
49.6068
49.6068
49.6068
49.6068
49.6068
49.6068
51.4603
51.4603
51.4603
51.4603
51.4603
51.4603
51.4603
51.4603
53.5606
53.5606
53.5606
53.5606
53.5606
53.5606
53.5606
53.5606
55.7979
55.7979
55.7979
55.7979
55.7979
55.7979
55.7979
55.7979
58.0568
58.0568
58.0568
58.0568
58.0568
58.0568
58.0568
58.0568
60.2245
60.2245
60.2245
60.2245
60.2245
60.2245
60.2245
60.2245
62.2051
62.2051
62.2051
62.2051
62.2051
62.2051
62.2051
62.2051
63.9295
63.9295
63.9295
63.9295
63.9295
63.9295
63.9295
63.9295
65.3652
65.3652
65.3652
65.3652
65.3652
65.3652
65.3652
65.3652
66.5192
66.5192
66.5192
66.5192
66.5192
66.5192
66.5192
66.5192
67.4353
67.4353
67.4353
67.4353
67.4353
67.4353
67.4353
67.4353
68.1862
68.1862
68.1862
68.1862
68.1862
68.1862
68.1862
68.1862
68.8624
68.8624
68.8624
68.8624
68.8624
68.8624
68.8624
68.8624
46.3915
46.3915
46.3915
46.3915
46.3915
46.3915
46.3915
46.3915
47.0035
47.0035
47.0035
47.0035
47.0035
47.0035
47.0035
47.0035
48.0953
48.0953
48.0953
48.0953
48.0953
48.0953
48.0953
48.0953
49.6068
49.6068
49.6068
49.6068
49.6068
49.6068
49.6068
49.6068
51.4603
51.4603
51.4603
51.4603
51.4603
51.4603
51.4603
51.4603
53.5606
53.5606
53.5606
53.5606
53.5606
53.5606
53.5606
53.5606
55.7979
55.7979
55.7979
55.7979
55.7979
55.7979
55.7979
55.7979
58.0568
58.0568
58.0568
58.0568
58.0568
58.0568
58.0568
58.0568
60.2245
60.2245
60.2245
60.2245
60.2245
60.2245
60.2245
60.2245
62.2051
62.2051
62.2051
62.2051
62.2051
62.2051
62.2051
62.2051
63.9295
63.9295
63.9295
63.9295
63.9295
63.9295
63.9295
63.9295
65.3652
65.3652
65.3652
65.3652
65.3652
65.3652
65.3652
65.3652
66.5192
66.5192
66.5192
66.5192
66.5192
66.5192
66.5192
66.5192
67.4353
67.4353
67.4353
67.4353
67.4353
67.4353
67.4353
67.4353
68.1862
68.1862
68.1862
68.1862
68.1862
68.1862
68.1862
68.1862
68.8624
68.8624
68.8624
68.8624
68.8624
68.8624
68.8624
68.8624
46.3915
46.3915
46.3915
46.3915
46.3915
46.3915
46.3915
46.3915
47.0035
47.0035
47.0035
47.0035
47.0035
47.0035
47.0035
47.0035
48.0953
48.0953
48.0953
48.0953
48.0953
48.0953
48.0953
48.0953
49.6068
49.6068
49.6068
49.6068
49.6068
49.6068
49.6068
49.6068
51.4603
51.4603
51.4603
51.4603
51.4603
51.4603
51.4603
51.4603
53.5606
53.5606
53.5606
53.5606
53.5606
53.5606
53.5606
53.5606
55.7979
55.7979
55.7979
55.7979
55.7979
55.7979
55.7979
55.7979
58.0568
58.0568
58.0568
58.0568
58.0568
58.0568
58.0568
58.0568
60.2245
60.2245
60.2245
60.2245
60.2245
60.2245
60.2245
60.2245
62.2051
62.2051
62.2051
62.2051
62.2051
62.2051
62.2051
62.2051
63.9295
63.9295
63.9295
63.9295
63.9295
63.9295
63.9295
63.9295
65.3652
65.3652
65.3652
65.3652
65.3652
65.3652
65.3652
65.3652
66.5192
66.5192
66.5192
66.5192
66.5192
66.5192
66.5192
66.5192
67.4353
67.4353
67.4353
67.4353
67.4353
67.4353
67.4353
67.4353
68.1862
68.1862
68.1862
68.1862
68.1862
68.1862
68.1862
68.1862
68.8624
68.8624
68.8624
68.8624
68.8624
68.8624
68.8624
68.8624
52.2915
52.2915
52.2915
52.2915
52.2915
52.2915
52.2915
52.2915
52.7853
52.7853
52.7853
52.7853
52.7853
52.7853
52.7853
52.7853
53.7207
53.7207
53.7207
53.7207
53.7207
53.7207
53.7207
53.7207
55.0236
55.0236
55.0236
55.0236
55.0236
55.0236
55.0236
55.0236
56.6
56.6
56.6
56.6
56.6
56.6
56.6
56.6
58.3406
58.3406
58.3406
58.3406
58.3406
58.3406
58.3406
58.3406
60.1267
60.1267
60.1267
60.1267
60.1267
60.1267
60.1267
60.1267
61.84
61.84
61.84
61.84
61.84
61.84
61.84
61.84
63.3739
63.3739
63.3739
63.3739
63.3739
63.3739
63.3739
63.3739
64.6457
64.6457
64.6457
64.6457
64.6457
64.6457
64.6457
64.6457
65.6076
65.6076
65.6076
65.6076
65.6076
65.6076
65.6076
65.6076
66.2518
66.2518
66.2518
66.2518
66.2518
66.2518
66.2518
66.2518
66.6097
66.6097
66.6097
66.6097
66.6097
66.6097
66.6097
66.6097
66.7467
66.7467
66.7467
66.7467
66.7467
66.7467
66.7467
66.7467
66.7516
66.7516
66.7516
66.7516
66.7516
66.7516
66.7516
66.7516
66.7243
66.7243
66.7243
66.7243
66.7243
66.7243
66.7243
66.7243
52.2915
52.2915
52.2915
52.2915
52.2915
52.2915
52.2915
52.2915
52.7853
52.7853
52.7853
52.7853
52.7853
52.7853
52.7853
52.7853
53.7207
53.7207
53.7207
53.7207
53.7207
53.7207
53.7207
53.7207
55.0236
55.0236
55.0236
55.0236
55.0236
55.0236
55.0236
55.0236
56.6
56.6
56.6
56.6
56.6
56.6
56.6
56.6
58.3406
58.3406
58.3406
58.3406
58.3406
58.3406
58.3406
58.3406
60.1267
60.1267
60.1267
60.1267
60.1267
60.1267
60.1267
60.1267
61.84
61.84
61.84
61.84
61.84
61.84
61.84
61.84
63.3739
63.3739
63.3739
63.3739
63.3739
63.3739
63.3739
63.3739
64.6457
64.6457
64.6457
64.6457
64.6457
64.6457
64.6457
64.6457
65.6076
65.6076
65.6076
65.6076
65.6076
65.6076
65.6076
65.6076
66.2518
66.2518
66.2518
66.2518
66.2518
66.2518
66.2518
66.2518
66.6097
66.6097
66.6097
66.6097
66.6097
66.6097
66.6097
66.6097
66.7467
66.7467
66.7467
66.7467
66.7467
66.7467
66.7467
66.7467
66.7516
66.7516
66.7516
66.7516
66.7516
66.7516
66.7516
66.7516
66.7243
66.7243
66.7243
66.7243
66.7243
66.7243
66.7243
66.7243
52.2915
52.2915
52.2915
52.2915
52.2915
52.2915
52.2915
52.2915
52.7853
52.7853
52.7853
52.7853
52.7853
52.7853
52.7853
52.7853
53.7207
53.7207
53.7207
53.7207
53.7207
53.7207
53.7207
53.7207
55.0236
55.0236
55.0236
55.0236
55.0236
55.0236
55.0236
55.0236
56.6
56.6
56.6
56.6
56.6
56.6
56.6
56.6
58.3406
58.3406
58.3406
58.3406
58.3406
58.3406
58.3406
58.3406
60.1267
60.1267
60.1267
60.1267
60.1267
60.1267
60.1267
60.1267
61.84
61.84
61.84
61.84
61.84
61.84
61.84
61.84
63.3739
63.3739
63.3739
63.3739
63.3739
63.3739
63.3739
63.3739
64.6457
64.6457
64.6457
64.6457
64.6457
64.6457
64.6457
64.6457
65.6076
65.6076
65.6076
65.6076
65.6076
65.6076
65.6076
65.6076
66.2518
66.2518
66.2518
66.2518
66.2518
66.2518
66.2518
66.2518
66.6097
66.6097
66.6097
66.6097
66.6097
66.6097
66.6097
66.6097
66.7467
66.7467
66.7467
66.7467
66.7467
66.7467
66.7467
66.7467
66.7516
66.7516
66.7516
66.7516
66.7516
66.7516
66.7516
66.7516
66.7243
66.7243
66.7243
66.7243
66.7243
66.7243
66.7243
66.7243
52.2915
52.2915
52.2915
52.2915
52.2915
52.2915
52.2915
52.2915
52.7853
52.7853
52.7853
52.7853
52.7853
52.7853
52.7853
52.7853
53.7207
53.7207
53.7207
53.7207
53.7207
53.7207
53.7207
53.7207
55.0236
55.0236
55.0236
55.0236
55.0236
55.0236
55.0236
55.0236
56.6
56.6
56.6
56.6
56.6
56.6
56.6
56.6
58.3406
58.3406
58.3406
58.3406
58.3406
58.3406
58.3406
58.3406
60.1267
60.1267
60.1267
60.1267
60.1267
60.1267
60.1267
60.1267
61.84
61.84
61.84
61.84
61.84
61.84
61.84
61.84
63.3739
63.3739
63.3739
63.3739
63.3739
63.3739
63.3739
63.3739
64.6457
64.6457
64.6457
64.6457
64.6457
64.6457
64.6457
64.6457
65.6076
65.6076
65.6076
65.6076
65.6076
65.6076
65.6076
65.6076
66.2518
66.2518
66.2518
66.2518
66.2518
66.2518
66.2518
66.2518
66.6097
66.6097
66.6097
66.6097
66.6097
66.6097
66.6097
66.6097
66.7467
66.7467
66.7467
66.7467
66.7467
66.7467
66.7467
66.7467
66.7516
66.7516
66.7516
66.7516
66.7516
66.7516
66.7516
66.7516
66.7243
66.7243
66.7243
66.7243
66.7243
66.7243
66.7243
66.7243
59.6408
59.6408
59.6408
59.6408
59.6408
59.6408
59.6408
59.6408
60.0007
60.0007
60.0007
60.0007
60.0007
60.0007
60.0007
60.0007
60.7509
60.7509
60.7509
60.7509
60.7509
60.7509
60.7509
60.7509
61.8006
61.8006
61.8006
61.8006
61.8006
61.8006
61.8006
61.8006
63.039
63.039
63.039
63.039
63.039
63.039
63.039
63.039
64.3426
64.3426
64.3426
64.3426
64.3426
64.3426
64.3426
64.3426
65.5851
65.5851
65.5851
65.5851
65.5851
65.5851
65.5851
65.5851
66.6486
66.6486
66.6486
66.6486
66.6486
66.6486
66.6486
66.6486
67.4374
67.4374
67.4374
67.4374
67.4374
67.4374
67.4374
67.4374
67.8892
67.8892
67.8892
67.8892
67.8892
67.8892
67.8892
67.8892
67.9824
67.9824
67.9824
67.9824
67.9824
67.9824
67.9824
67.9824
67.7396
67.7396
67.7396
67.7396
67.7396
67.7396
67.7396
67.7396
67.2217
67.2217
67.2217
67.2217
67.2217
67.2217
67.2217
67.2217
66.5178
66.5178
66.5178
66.5178
66.5178
66.5178
66.5178
66.5178
65.7347
65.7347
65.7347
65.7347
65.7347
65.7347
65.7347
65.7347
64.9821
64.9821
64.9821
64.9821
64.9821
64.9821
64.9821
64.9821
59.6408
59.6408
59.6408
59.6408
59.6408
59.6408
59.6408
59.6408
60.0007
60.0007
60.0007
60.0007
60.0007
60.0007
60.0007
60.0007
60.7509
60.7509
60.7509
60.7509
60.7509
60.7509
60.7509
60.7509
61.8006
61.8006
61.8006
61.8006
61.8006
61.8006
61.8006
61.8006
63.039
63.039
63.039
63.039
63.039
63.039
63.039
63.039
64.3426
64.3426
64.3426
64.3426
64.3426
64.3426
64.3426
64.3426
65.5851
65.5851
65.5851
65.5851
65.5851
65.5851
65.5851
65.5851
66.6486
66.6486
66.6486
66.6486
66.6486
66.6486
66.6486
66.6486
67.4374
67.4374
67.4374
67.4374
67.4374
67.4374
67.4374
67.4374
67.8892
67.8892
67.8892
67.8892
67.8892
67.8892
67.8892
67.8892
67.9824
67.9824
67.9824
67.9824
67.9824
67.9824
67.9824
67.9824
67.7396
67.7396
67.7396
67.7396
67.7396
67.7396
67.7396
67.7396
67.2217
67.2217
67.2217
67.2217
67.2217
67.2217
67.2217
67.2217
66.5178
66.5178
66.5178
66.5178
66.5178
66.5178
66.5178
66.5178
65.7347
65.7347
65.7347
65.7347
65.7347
65.7347
65.7347
65.7347
64.9821
64.9821
64.9821
64.9821
64.9821
64.9821
64.9821
64.9821
59.6408
59.6408
59.6408
59.6408
59.6408
59.6408
59.6408
59.6408
60.0007
60.0007
60.0007
60.0007
60.0007
60.0007
60.0007
60.0007
60.7509
60.7509
60.7509
60.7509
60.7509
60.7509
60.7509
60.7509
61.8006
61.8006
61.8006
61.8006
61.8006
61.8006
61.8006
61.8006
63.039
63.039
63.039
63.039
63.039
63.039
63.039
63.039
64.3426
64.3426
64.3426
64.3426
64.3426
64.3426
64.3426
64.3426
65.5851
65.5851
65.5851
65.5851
65.5851
65.5851
65.5851
65.5851
66.6486
66.6486
66.6486
66.6486
66.6486
66.6486
66.6486
66.6486
67.4374
67.4374
67.4374
67.4374
67.4374
67.4374
67.4374
67.4374
67.8892
67.8892
67.8892
67.8892
67.8892
67.8892
67.8892
67.8892
67.9824
67.9824
67.9824
67.9824
67.9824
67.9824
67.9824
67.9824
67.7396
67.7396
67.7396
67.7396
67.7396
67.7396
67.7396
67.7396
67.2217
67.2217
67.2217
67.2217
67.2217
67.2217
67.2217
67.2217
66.5178
66.5178
66.5178
66.5178
66.5178
66.5178
66.5178
66.5178
65.7347
65.7347
65.7347
65.7347
65.7347
65.7347
65.7347
65.7347
64.9821
64.9821
64.9821
64.9821
64.9821
64.9821
64.9821
64.9821
59.6408
59.6408
59.6408
59.6408
59.6408
59.6408
59.6408
59.6408
60.0007
60.0007
60.0007
60.0007
60.0007
60.0007
60.0007
60.0007
60.7509
60.7509
60.7509
60.7509
60.7509
60.7509
60.7509
60.7509
61.8006
61.8006
61.8006
61.8006
61.8006
61.8006
61.8006
61.8006
63.039
63.039
63.039
63.039
63.039
63.039
63.039
63.039
64.3426
64.3426
64.3426
64.3426
64.3426
64.3426
64.3426
64.3426
65.5851
65.5851
65.5851
65.5851
65.5851
65.5851
65.5851
65.5851
66.6486
66.6486
66.6486
66.6486
66.6486
66.6486
66.6486
66.6486
67.4374
67.4374
67.4374
67.4374
67.4374
67.4374
67.4374
67.4374
67.8892
67.8892
67.8892
67.8892
67.8892
67.8892
67.8892
67.8892
67.9824
67.9824
67.9824
67.9824
67.9824
67.9824
67.9824
67.9824
67.7396
67.7396
67.7396
67.7396
67.7396
67.7396
67.7396
67.7396
67.2217
67.2217
67.2217
67.2217
67.2217
67.2217
67.2217
67.2217
66.5178
66.5178
66.5178
66.5178
66.5178
66.5178
66.5178
66.5178
65.7347
65.7347
65.7347
65.7347
65.7347
65.7347
65.7347
65.7347
64.9821
64.9821
64.9821
64.9821
64.9821
64.9821
64.9821
64.9821
