8192
117.606
117.606
117.606
117.606
117.606
117.606
117.606
117.606
124.479
124.479
124.479
124.479
124.479
124.479
124.479
124.479
132.55
132.55
132.55
132.55
132.55
132.55
132.55
132.55
142.168
142.168
142.168
142.168
142.168
142.168
142.168
142.168
153.649
153.649
153.649
153.649
153.649
153.649
153.649
153.649
167.248
167.248
167.248
167.248
167.248
167.248
167.248
167.248
183.105
183.105
183.105
183.105
183.105
183.105
183.105
183.105
201.187
201.187
201.187
201.187
201.187
201.187
201.187
201.187
221.206
221.206
221.206
221.206
221.206
221.206
221.206
221.206
242.549
242.549
242.549
242.549
242.549
242.549
242.549
242.549
264.221
264.221
264.221
264.221
264.221
264.221
264.221
264.221
284.856
284.856
284.856
284.856
284.856
284.856
284.856
284.856
302.803
302.803
302.803
302.803
302.803
302.803
302.803
302.803
316.318
316.318
316.318
316.318
316.318
316.318
316.318
316.318
323.842
323.842
323.842
323.842
323.842
323.842
323.842
323.842
324.285
324.285
324.285
324.285
324.285
324.285
324.285
324.285
117.606
117.606
117.606
117.606
117.606
117.606
117.606
117.606
124.479
124.479
124.479
124.479
124.479
124.479
124.479
124.479
132.55
132.55
132.55
132.55
132.55
132.55
132.55
132.55
142.168
142.168
142.168
142.168
142.168
142.168
142.168
142.168
153.649
153.649
153.649
153.649
153.649
153.649
153.649
153.649
167.248
167.248
167.248
167.248
167.248
167.248
167.248
167.248
183.105
183.105
183.105
183.105
183.105
183.105
183.105
183.105
201.187
201.187
201.187
201.187
201.187
201.187
201.187
201.187
221.206
221.206
221.206
221.206
221.206
221.206
221.206
221.206
242.549
242.549
242.549
242.549
242.549
242.549
242.549
242.549
264.221
264.221
264.221
264.221
264.221
264.221
264.221
264.221
284.856
284.856
284.856
284.856
284.856
284.856
284.856
284.856
302.803
302.803
302.803
302.803
302.803
302.803
302.803
302.803
316.318
316.318
316.318
316.318
316.318
316.318
316.318
316.318
323.842
323.842
323.842
323.842
323.842
323.842
323.842
323.842
324.285
324.285
324.285
324.285
324.285
324.285
324.285
324.285
117.606
117.606
117.606
117.606
117.606
117.606
117.606
117.606
124.479
124.479
124.479
124.479
124.479
124.479
124.479
124.479
132.55
132.55
132.55
132.55
132.55
132.55
132.55
132.55
142.168
142.168
142.168
142.168
142.168
142.168
142.168
142.168
153.649
153.649
153.649
153.649
153.649
153.649
153.649
153.649
167.248
167.248
167.248
167.248
167.248
167.248
167.248
167.248
183.105
183.105
183.105
183.105
183.105
183.105
183.105
183.105
201.187
201.187
201.187
201.187
201.187
201.187
201.187
201.187
221.206
221.206
221.206
221.206
221.206
221.206
221.206
221.206
242.549
242.549
242.549
242.549
242.549
242.549
242.549
242.549
264.221
264.221
264.221
264.221
264.221
264.221
264.221
264.221
284.856
284.856
284.856
284.856
284.856
284.856
284.856
284.856
302.803
302.803
302.803
302.803
302.803
302.803
302.803
302.803
316.318
316.318
316.318
316.318
316.318
316.318
316.318
316.318
323.842
323.842
323.842
323.842
323.842
323.842
323.842
323.842
324.285
324.285
324.285
324.285
324.285
324.285
324.285
324.285
117.606
117.606
117.606
117.606
117.606
117.606
117.606
117.606
124.479
124.479
124.479
124.479
124.479
124.479
124.479
124.479
132.55
132.55
132.55
132.55
132.55
132.55
132.55
132.55
142.168
142.168
142.168
142.168
142.168
142.168
142.168
142.168
153.649
153.649
153.649
153.649
153.649
153.649
153.649
153.649
167.248
167.248
167.248
167.248
167.248
167.248
167.248
167.248
183.105
183.105
183.105
183.105
183.105
183.105
183.105
183.105
201.187
201.187
201.187
201.187
201.187
201.187
201.187
201.187
221.206
221.206
221.206
221.206
221.206
221.206
221.206
221.206
242.549
242.549
242.549
242.549
242.549
242.549
242.549
242.549
264.221
264.221
264.221
264.221
264.221
264.221
264.221
264.221
284.856
284.856
284.856
284.856
284.856
284.856
284.856
284.856
302.803
302.803
302.803
302.803
302.803
302.803
302.803
302.803
316.318
316.318
316.318
316.318
316.318
316.318
316.318
316.318
323.842
323.842
323.842
323.842
323.842
323.842
323.842
323.842
324.285
324.285
324.285
324.285
324.285
324.285
324.285
324.285
120.135
120.135
120.135
120.135
120.135
120.135
120.135
120.135
127.323
127.323
127.323
127.323
127.323
127.323
127.323
127.323
135.687
135.687
135.687
135.687
135.687
135.687
135.687
135.687
145.576
145.576
145.576
145.576
145.576
145.576
145.576
145.576
157.307
157.307
157.307
157.307
157.307
157.307
157.307
157.307
171.131
171.131
171.131
171.131
171.131
171.131
171.131
171.131
187.184
187.184
187.184
187.184
187.184
187.184
187.184
187.184
205.419
205.419
205.419
205.419
205.419
205.419
205.419
205.419
225.529
225.529
225.529
225.529
225.529
225.529
225.529
225.529
246.874
246.874
246.874
246.874
246.874
246.874
246.874
246.874
268.425
268.425
268.425
268.425
268.425
268.425
268.425
268.425
288.778
288.778
288.778
288.778
288.778
288.778
288.778
288.778
306.244
306.244
306.244
306.244
306.244
306.244
306.244
306.244
319.056
319.056
319.056
319.056
319.056
319.056
319.056
319.056
325.641
325.641
325.641
325.641
325.641
325.641
325.641
325.641
324.929
324.929
324.929
324.929
324.929
324.929
324.929
324.929
120.135
120.135
120.135
120.135
120.135
120.135
120.135
120.135
127.323
127.323
127.323
127.323
127.323
127.323
127.323
127.323
135.687
135.687
135.687
135.687
135.687
135.687
135.687
135.687
145.576
145.576
145.576
145.576
145.576
145.576
145.576
145.576
157.307
157.307
157.307
157.307
157.307
157.307
157.307
157.307
171.131
171.131
171.131
171.131
171.131
171.131
171.131
171.131
187.184
187.184
187.184
187.184
187.184
187.184
187.184
187.184
205.419
205.419
205.419
205.419
205.419
205.419
205.419
205.419
225.529
225.529
225.529
225.529
225.529
225.529
225.529
225.529
246.874
246.874
246.874
246.874
246.874
246.874
246.874
246.874
268.425
268.425
268.425
268.425
268.425
268.425
268.425
268.425
288.778
288.778
288.778
288.778
288.778
288.778
288.778
288.778
306.244
306.244
306.244
306.244
306.244
306.244
306.244
306.244
319.056
319.056
319.056
319.056
319.056
319.056
319.056
319.056
325.641
325.641
325.641
325.641
325.641
325.641
325.641
325.641
324.929
324.929
324.929
324.929
324.929
324.929
324.929
324.929
120.135
120.135
120.135
120.135
120.135
120.135
120.135
120.135
127.323
127.323
127.323
127.323
127.323
127.323
127.323
127.323
135.687
135.687
135.687
135.687
135.687
135.687
135.687
135.687
145.576
145.576
145.576
145.576
145.576
145.576
145.576
145.576
157.307
157.307
157.307
157.307
157.307
157.307
157.307
157.307
171.131
171.131
171.131
171.131
171.131
171.131
171.131
171.131
187.184
187.184
187.184
187.184
187.184
187.184
187.184
187.184
205.419
205.419
205.419
205.419
205.419
205.419
205.419
205.419
225.529
225.529
225.529
225.529
225.529
225.529
225.529
225.529
246.874
246.874
246.874
246.874
246.874
246.874
246.874
246.874
268.425
268.425
268.425
268.425
268.425
268.425
268.425
268.425
288.778
288.778
288.778
288.778
288.778
288.778
288.778
288.778
306.244
306.244
306.244
306.244
306.244
306.244
306.244
306.244
319.056
319.056
319.056
319.056
319.056
319.056
319.056
319.056
325.641
325.641
325.641
325.641
325.641
325.641
325.641
325.641
324.929
324.929
324.929
324.929
324.929
324.929
324.929
324.929
120.135
120.135
120.135
120.135
120.135
120.135
120.135
120.135
127.323
127.323
127.323
127.323
127.323
127.323
127.323
127.323
135.687
135.687
135.687
135.687
135.687
135.687
135.687
135.687
145.576
145.576
145.576
145.576
145.576
145.576
145.576
145.576
157.307
157.307
157.307
157.307
157.307
157.307
157.307
157.307
171.131
171.131
171.131
171.131
171.131
171.131
171.131
171.131
187.184
187.184
187.184
187.184
187.184
187.184
187.184
187.184
205.419
205.419
205.419
205.419
205.419
205.419
205.419
205.419
225.529
225.529
225.529
225.529
225.529
225.529
225.529
225.529
246.874
246.874
246.874
246.874
246.874
246.874
246.874
246.874
268.425
268.425
268.425
268.425
268.425
268.425
268.425
268.425
288.778
288.778
288.778
288.778
288.778
288.778
288.778
288.778
306.244
306.244
306.244
306.244
306.244
306.244
306.244
306.244
319.056
319.056
319.056
319.056
319.056
319.056
319.056
319.056
325.641
325.641
325.641
325.641
325.641
325.641
325.641
325.641
324.929
324.929
324.929
324.929
324.929
324.929
324.929
324.929
120.267
120.267
120.267
120.267
120.267
120.267
120.267
120.267
127.533
127.533
127.533
127.533
127.533
127.533
127.533
127.533
135.906
135.906
135.906
135.906
135.906
135.906
135.906
135.906
145.721
145.721
145.721
145.721
145.721
145.721
145.721
145.721
157.281
157.281
157.281
157.281
157.281
157.281
157.281
157.281
170.818
170.818
170.818
170.818
170.818
170.818
170.818
170.818
186.445
186.445
186.445
186.445
186.445
186.445
186.445
186.445
204.094
204.094
204.094
204.094
204.094
204.094
204.094
204.094
223.436
223.436
223.436
223.436
223.436
223.436
223.436
223.436
243.818
243.818
243.818
243.818
243.818
243.818
243.818
243.818
264.212
264.212
264.212
264.212
264.212
264.212
264.212
264.212
283.234
283.234
283.234
283.234
283.234
283.234
283.234
283.234
299.239
299.239
299.239
299.239
299.239
299.239
299.239
299.239
310.527
310.527
310.527
310.527
310.527
310.527
310.527
310.527
315.616
315.616
315.616
315.616
315.616
315.616
315.616
315.616
313.537
313.537
313.537
313.537
313.537
313.537
313.537
313.537
120.267
120.267
120.267
120.267
120.267
120.267
120.267
120.267
127.533
127.533
127.533
127.533
127.533
127.533
127.533
127.533
135.906
135.906
135.906
135.906
135.906
135.906
135.906
135.906
145.721
145.721
145.721
145.721
145.721
145.721
145.721
145.721
157.281
157.281
157.281
157.281
157.281
157.281
157.281
157.281
170.818
170.818
170.818
170.818
170.818
170.818
170.818
170.818
186.445
186.445
186.445
186.445
186.445
186.445
186.445
186.445
204.094
204.094
204.094
204.094
204.094
204.094
204.094
204.094
223.436
223.436
223.436
223.436
223.436
223.436
223.436
223.436
243.818
243.818
243.818
243.818
243.818
243.818
243.818
243.818
264.212
264.212
264.212
264.212
264.212
264.212
264.212
264.212
283.234
283.234
283.234
283.234
283.234
283.234
283.234
283.234
299.239
299.239
299.239
299.239
299.239
299.239
299.239
299.239
310.527
310.527
310.527
310.527
310.527
310.527
310.527
310.527
315.616
315.616
315.616
315.616
315.616
315.616
315.616
315.616
313.537
313.537
313.537
313.537
313.537
313.537
313.537
313.537
120.267
120.267
120.267
120.267
120.267
120.267
120.267
120.267
127.533
127.533
127.533
127.533
127.533
127.533
127.533
127.533
135.906
135.906
135.906
135.906
135.906
135.906
135.906
135.906
145.721
145.721
145.721
145.721
145.721
145.721
145.721
145.721
157.281
157.281
157.281
157.281
157.281
157.281
157.281
157.281
170.818
170.818
170.818
170.818
170.818
170.818
170.818
170.818
186.445
186.445
186.445
186.445
186.445
186.445
186.445
186.445
204.094
204.094
204.094
204.094
204.094
204.094
204.094
204.094
223.436
223.436
223.436
223.436
223.436
223.436
223.436
223.436
243.818
243.818
243.818
243.818
243.818
243.818
243.818
243.818
264.212
264.212
264.212
264.212
264.212
264.212
264.212
264.212
283.234
283.234
283.234
283.234
283.234
283.234
283.234
283.234
299.239
299.239
299.239
299.239
299.239
299.239
299.239
299.239
310.527
310.527
310.527
310.527
310.527
310.527
310.527
310.527
315.616
315.616
315.616
315.616
315.616
315.616
315.616
315.616
313.537
313.537
313.537
313.537
313.537
313.537
313.537
313.537
120.267
120.267
120.267
120.267
120.267
120.267
120.267
120.267
127.533
127.533
127.533
127.533
127.533
127.533
127.533
127.533
135.906
135.906
135.906
135.906
135.906
135.906
135.906
135.906
145.721
145.721
145.721
145.721
145.721
145.721
145.721
145.721
157.281
157.281
157.281
157.281
157.281
157.281
157.281
157.281
170.818
170.818
170.818
170.818
170.818
170.818
170.818
170.818
186.445
186.445
186.445
186.445
186.445
186.445
186.445
186.445
204.094
204.094
204.094
204.094
204.094
204.094
204.094
204.094
223.436
223.436
223.436
223.436
223.436
223.436
223.436
223.436
243.818
243.818
243.818
243.818
243.818
243.818
243.818
243.818
264.212
264.212
264.212
264.212
264.212
264.212
264.212
264.212
283.234
283.234
283.234
283.234
283.234
283.234
283.234
283.234
299.239
299.239
299.239
299.239
299.239
299.239
299.239
299.239
310.527
310.527
310.527
310.527
310.527
310.527
310.527
310.527
315.616
315.616
315.616
315.616
315.616
315.616
315.616
315.616
313.537
313.537
313.537
313.537
313.537
313.537
313.537
313.537
118.228
118.228
118.228
118.228
118.228
118.228
118.228
118.228
125.34
125.34
125.34
125.34
125.34
125.34
125.34
125.34
133.454
133.454
133.454
133.454
133.454
133.454
133.454
133.454
142.879
142.879
142.879
142.879
142.879
142.879
142.879
142.879
153.886
153.886
153.886
153.886
153.886
153.886
153.886
153.886
166.676
166.676
166.676
166.676
166.676
166.676
166.676
166.676
181.33
181.33
181.33
181.33
181.33
181.33
181.33
181.33
197.751
197.751
197.751
197.751
197.751
197.751
197.751
197.751
215.594
215.594
215.594
215.594
215.594
215.594
215.594
215.594
234.207
234.207
234.207
234.207
234.207
234.207
234.207
234.207
252.599
252.599
252.599
252.599
252.599
252.599
252.599
252.599
269.456
269.456
269.456
269.456
269.456
269.456
269.456
269.456
283.252
283.252
283.252
283.252
283.252
283.252
283.252
283.252
292.438
292.438
292.438
292.438
292.438
292.438
292.438
292.438
295.701
295.701
295.701
295.701
295.701
295.701
295.701
295.701
292.234
292.234
292.234
292.234
292.234
292.234
292.234
292.234
118.228
118.228
118.228
118.228
118.228
118.228
118.228
118.228
125.34
125.34
125.34
125.34
125.34
125.34
125.34
125.34
133.454
133.454
133.454
133.454
133.454
133.454
133.454
133.454
142.879
142.879
142.879
142.879
142.879
142.879
142.879
142.879
153.886
153.886
153.886
153.886
153.886
153.886
153.886
153.886
166.676
166.676
166.676
166.676
166.676
166.676
166.676
166.676
181.33
181.33
181.33
181.33
181.33
181.33
181.33
181.33
197.751
197.751
197.751
197.751
197.751
197.751
197.751
197.751
215.594
215.594
215.594
215.594
215.594
215.594
215.594
215.594
234.207
234.207
234.207
234.207
234.207
234.207
234.207
234.207
252.599
252.599
252.599
252.599
252.599
252.599
252.599
252.599
269.456
269.456
269.456
269.456
269.456
269.456
269.456
269.456
283.252
283.252
283.252
283.252
283.252
283.252
283.252
283.252
292.438
292.438
292.438
292.438
292.438
292.438
292.438
292.438
295.701
295.701
295.701
295.701
295.701
295.701
295.701
295.701
292.234
292.234
292.234
292.234
292.234
292.234
292.234
292.234
118.228
118.228
118.228
118.228
118.228
118.228
118.228
118.228
125.34
125.34
125.34
125.34
125.34
125.34
125.34
125.34
133.454
133.454
133.454
133.454
133.454
133.454
133.454
133.454
142.879
142.879
142.879
142.879
142.879
142.879
142.879
142.879
153.886
153.886
153.886
153.886
153.886
153.886
153.886
153.886
166.676
166.676
166.676
166.676
166.676
166.676
166.676
166.676
181.33
181.33
181.33
181.33
181.33
181.33
181.33
181.33
197.751
197.751
197.751
197.751
197.751
197.751
197.751
197.751
215.594
215.594
215.594
215.594
215.594
215.594
215.594
215.594
234.207
234.207
234.207
234.207
234.207
234.207
234.207
234.207
252.599
252.599
252.599
252.599
252.599
252.599
252.599
252.599
269.456
269.456
269.456
269.456
269.456
269.456
269.456
269.456
283.252
283.252
283.252
283.252
283.252
283.252
283.252
283.252
292.438
292.438
292.438
292.438
292.438
292.438
292.438
292.438
295.701
295.701
295.701
295.701
295.701
295.701
295.701
295.701
292.234
292.234
292.234
292.234
292.234
292.234
292.234
292.234
118.228
118.228
118.228
118.228
118.228
118.228
118.228
118.228
125.34
125.34
125.34
125.34
125.34
125.34
125.34
125.34
133.454
133.454
133.454
133.454
133.454
133.454
133.454
133.454
142.879
142.879
142.879
142.879
142.879
142.879
142.879
142.879
153.886
153.886
153.886
153.886
153.886
153.886
153.886
153.886
166.676
166.676
166.676
166.676
166.676
166.676
166.676
166.676
181.33
181.33
181.33
181.33
181.33
181.33
181.33
181.33
197.751
197.751
197.751
197.751
197.751
197.751
197.751
197.751
215.594
215.594
215.594
215.594
215.594
215.594
215.594
215.594
234.207
234.207
234.207
234.207
234.207
234.207
234.207
234.207
252.599
252.599
252.599
252.599
252.599
252.599
252.599
252.599
269.456
269.456
269.456
269.456
269.456
269.456
269.456
269.456
283.252
283.252
283.252
283.252
283.252
283.252
283.252
283.252
292.438
292.438
292.438
292.438
292.438
292.438
292.438
292.438
295.701
295.701
295.701
295.701
295.701
295.701
295.701
295.701
292.234
292.234
292.234
292.234
292.234
292.234
292.234
292.234
114.43
114.43
114.43
114.43
114.43
114.43
114.43
114.43
121.187
121.187
121.187
121.187
121.187
121.187
121.187
121.187
128.816
128.816
128.816
128.816
128.816
128.816
128.816
128.816
137.589
137.589
137.589
137.589
137.589
137.589
137.589
137.589
147.74
147.74
147.74
147.74
147.74
147.74
147.74
147.74
159.428
159.428
159.428
159.428
159.428
159.428
159.428
159.428
172.698
172.698
172.698
172.698
172.698
172.698
172.698
172.698
187.423
187.423
187.423
187.423
187.423
187.423
187.423
187.423
203.248
203.248
203.248
203.248
203.248
203.248
203.248
203.248
219.544
219.544
219.544
219.544
219.544
219.544
219.544
219.544
235.38
235.38
235.38
235.38
235.38
235.38
235.38
235.38
249.563
249.563
249.563
249.563
249.563
249.563
249.563
249.563
260.733
260.733
260.733
260.733
260.733
260.733
260.733
260.733
267.552
267.552
267.552
267.552
267.552
267.552
267.552
267.552
268.927
268.927
268.927
268.927
268.927
268.927
268.927
268.927
264.242
264.242
264.242
264.242
264.242
264.242
264.242
264.242
114.43
114.43
114.43
114.43
114.43
114.43
114.43
114.43
121.187
121.187
121.187
121.187
121.187
121.187
121.187
121.187
128.816
128.816
128.816
128.816
128.816
128.816
128.816
128.816
137.589
137.589
137.589
137.589
137.589
137.589
137.589
137.589
147.74
147.74
147.74
147.74
147.74
147.74
147.74
147.74
159.428
159.428
159.428
159.428
159.428
159.428
159.428
159.428
172.698
172.698
172.698
172.698
172.698
172.698
172.698
172.698
187.423
187.423
187.423
187.423
187.423
187.423
187.423
187.423
203.248
203.248
203.248
203.248
203.248
203.248
203.248
203.248
219.544
219.544
219.544
219.544
219.544
219.544
219.544
219.544
235.38
235.38
235.38
235.38
235.38
235.38
235.38
235.38
249.563
249.563
249.563
249.563
249.563
249.563
249.563
249.563
260.733
260.733
260.733
260.733
260.733
260.733
260.733
260.733
267.552
267.552
267.552
267.552
267.552
267.552
267.552
267.552
268.927
268.927
268.927
268.927
268.927
268.927
268.927
268.927
264.242
264.242
264.242
264.242
264.242
264.242
264.242
264.242
114.43
114.43
114.43
114.43
114.43
114.43
114.43
114.43
121.187
121.187
121.187
121.187
121.187
121.187
121.187
121.187
128.816
128.816
128.816
128.816
128.816
128.816
128.816
128.816
137.589
137.589
137.589
137.589
137.589
137.589
137.589
137.589
147.74
147.74
147.74
147.74
147.74
147.74
147.74
147.74
159.428
159.428
159.428
159.428
159.428
159.428
159.428
159.428
172.698
172.698
172.698
172.698
172.698
172.698
172.698
172.698
187.423
187.423
187.423
187.423
187.423
187.423
187.423
187.423
203.248
203.248
203.248
203.248
203.248
203.248
203.248
203.248
219.544
219.544
219.544
219.544
219.544
219.544
219.544
219.544
235.38
235.38
235.38
235.38
235.38
235.38
235.38
235.38
249.563
249.563
249.563
249.563
249.563
249.563
249.563
249.563
260.733
260.733
260.733
260.733
260.733
260.733
260.733
260.733
267.552
267.552
267.552
267.552
267.552
267.552
267.552
267.552
268.927
268.927
268.927
268.927
268.927
268.927
268.927
268.927
264.242
264.242
264.242
264.242
264.242
264.242
264.242
264.242
114.43
114.43
114.43
114.43
114.43
114.43
114.43
114.43
121.187
121.187
121.187
121.187
121.187
121.187
121.187
121.187
128.816
128.816
128.816
128.816
128.816
128.816
128.816
128.816
137.589
137.589
137.589
137.589
137.589
137.589
137.589
137.589
147.74
147.74
147.74
147.74
147.74
147.74
147.74
147.74
159.428
159.428
159.428
159.428
159.428
159.428
159.428
159.428
172.698
172.698
172.698
172.698
172.698
172.698
172.698
172.698
187.423
187.423
187.423
187.423
187.423
187.423
187.423
187.423
203.248
203.248
203.248
203.248
203.248
203.248
203.248
203.248
219.544
219.544
219.544
219.544
219.544
219.544
219.544
219.544
235.38
235.38
235.38
235.38
235.38
235.38
235.38
235.38
249.563
249.563
249.563
249.563
249.563
249.563
249.563
249.563
260.733
260.733
260.733
260.733
260.733
260.733
260.733
260.733
267.552
267.552
267.552
267.552
267.552
267.552
267.552
267.552
268.927
268.927
268.927
268.927
268.927
268.927
268.927
268.927
264.242
264.242
264.242
264.242
264.242
264.242
264.242
264.242
109.385
109.385
109.385
109.385
109.385
109.385
109.385
109.385
115.628
115.628
115.628
115.628
115.628
115.628
115.628
115.628
122.602
122.602
122.602
122.602
122.602
122.602
122.602
122.602
130.538
130.538
130.538
130.538
130.538
130.538
130.538
130.538
139.628
139.628
139.628
139.628
139.628
139.628
139.628
139.628
149.988
149.988
149.988
149.988
149.988
149.988
149.988
149.988
161.626
161.626
161.626
161.626
161.626
161.626
161.626
161.626
174.391
174.391
174.391
174.391
174.391
174.391
174.391
174.391
187.928
187.928
187.928
187.928
187.928
187.928
187.928
187.928
201.644
201.644
201.644
201.644
201.644
201.644
201.644
201.644
214.696
214.696
214.696
214.696
214.696
214.696
214.696
214.696
226.036
226.036
226.036
226.036
226.036
226.036
226.036
226.036
234.504
234.504
234.504
234.504
234.504
234.504
234.504
234.504
238.995
238.995
238.995
238.995
238.995
238.995
238.995
238.995
238.653
238.653
238.653
238.653
238.653
238.653
238.653
238.653
233.058
233.058
233.058
233.058
233.058
233.058
233.058
233.058
109.385
109.385
109.385
109.385
109.385
109.385
109.385
109.385
115.628
115.628
115.628
115.628
115.628
115.628
115.628
115.628
122.602
122.602
122.602
122.602
122.602
122.602
122.602
122.602
130.538
130.538
130.538
130.538
130.538
130.538
130.538
130.538
139.628
139.628
139.628
139.628
139.628
139.628
139.628
139.628
149.988
149.988
149.988
149.988
149.988
149.988
149.988
149.988
161.626
161.626
161.626
161.626
161.626
161.626
161.626
161.626
174.391
174.391
174.391
174.391
174.391
174.391
174.391
174.391
187.928
187.928
187.928
187.928
187.928
187.928
187.928
187.928
201.644
201.644
201.644
201.644
201.644
201.644
201.644
201.644
214.696
214.696
214.696
214.696
214.696
214.696
214.696
214.696
226.036
226.036
226.036
226.036
226.036
226.036
226.036
226.036
234.504
234.504
234.504
234.504
234.504
234.504
234.504
234.504
238.995
238.995
238.995
238.995
238.995
238.995
238.995
238.995
238.653
238.653
238.653
238.653
238.653
238.653
238.653
238.653
233.058
233.058
233.058
233.058
233.058
233.058
233.058
233.058
109.385
109.385
109.385
109.385
109.385
109.385
109.385
109.385
115.628
115.628
115.628
115.628
115.628
115.628
115.628
115.628
122.602
122.602
122.602
122.602
122.602
122.602
122.602
122.602
130.538
130.538
130.538
130.538
130.538
130.538
130.538
130.538
139.628
139.628
139.628
139.628
139.628
139.628
139.628
139.628
149.988
149.988
149.988
149.988
149.988
149.988
149.988
149.988
161.626
161.626
161.626
161.626
161.626
161.626
161.626
161.626
174.391
174.391
174.391
174.391
174.391
174.391
174.391
174.391
187.928
187.928
187.928
187.928
187.928
187.928
187.928
187.928
201.644
201.644
201.644
201.644
201.644
201.644
201.644
201.644
214.696
214.696
214.696
214.696
214.696
214.696
214.696
214.696
226.036
226.036
226.036
226.036
226.036
226.036
226.036
226.036
234.504
234.504
234.504
234.504
234.504
234.504
234.504
234.504
238.995
238.995
238.995
238.995
238.995
238.995
238.995
238.995
238.653
238.653
238.653
238.653
238.653
238.653
238.653
238.653
233.058
233.058
233.058
233.058
233.058
233.058
233.058
233.058
109.385
109.385
109.385
109.385
109.385
109.385
109.385
109.385
115.628
115.628
115.628
115.628
115.628
115.628
115.628
115.628
122.602
122.602
122.602
122.602
122.602
122.602
122.602
122.602
130.538
130.538
130.538
130.538
130.538
130.538
130.538
130.538
139.628
139.628
139.628
139.628
139.628
139.628
139.628
139.628
149.988
149.988
149.988
149.988
149.988
149.988
149.988
149.988
161.626
161.626
161.626
161.626
161.626
161.626
161.626
161.626
174.391
174.391
174.391
174.391
174.391
174.391
174.391
174.391
187.928
187.928
187.928
187.928
187.928
187.928
187.928
187.928
201.644
201.644
201.644
201.644
201.644
201.644
201.644
201.644
214.696
214.696
214.696
214.696
214.696
214.696
214.696
214.696
226.036
226.036
226.036
226.036
226.036
226.036
226.036
226.036
234.504
234.504
234.504
234.504
234.504
234.504
234.504
234.504
238.995
238.995
238.995
238.995
238.995
238.995
238.995
238.995
238.653
238.653
238.653
238.653
238.653
238.653
238.653
238.653
233.058
233.058
233.058
233.058
233.058
233.058
233.058
233.058
103.615
103.615
103.615
103.615
103.615
103.615
103.615
103.615
109.234
109.234
109.234
109.234
109.234
109.234
109.234
109.234
115.444
115.444
115.444
115.444
115.444
115.444
115.444
115.444
122.436
122.436
122.436
122.436
122.436
122.436
122.436
122.436
130.36
130.36
130.36
130.36
130.36
130.36
130.36
130.36
139.294
139.294
139.294
139.294
139.294
139.294
139.294
139.294
149.21
149.21
149.21
149.21
149.21
149.21
149.21
149.21
159.944
159.944
159.944
159.944
159.944
159.944
159.944
159.944
171.15
171.15
171.15
171.15
171.15
171.15
171.15
171.15
182.286
182.286
182.286
182.286
182.286
182.286
182.286
182.286
192.61
192.61
192.61
192.61
192.61
192.61
192.61
192.61
201.229
201.229
201.229
201.229
201.229
201.229
201.229
201.229
207.191
207.191
207.191
207.191
207.191
207.191
207.191
207.191
209.624
209.624
209.624
209.624
209.624
209.624
209.624
209.624
207.893
207.893
207.893
207.893
207.893
207.893
207.893
207.893
201.752
201.752
201.752
201.752
201.752
201.752
201.752
201.752
103.615
103.615
103.615
103.615
103.615
103.615
103.615
103.615
109.234
109.234
109.234
109.234
109.234
109.234
109.234
109.234
115.444
115.444
115.444
115.444
115.444
115.444
115.444
115.444
122.436
122.436
122.436
122.436
122.436
122.436
122.436
122.436
130.36
130.36
130.36
130.36
130.36
130.36
130.36
130.36
139.294
139.294
139.294
139.294
139.294
139.294
139.294
139.294
149.21
149.21
149.21
149.21
149.21
149.21
149.21
149.21
159.944
159.944
159.944
159.944
159.944
159.944
159.944
159.944
171.15
171.15
171.15
171.15
171.15
171.15
171.15
171.15
182.286
182.286
182.286
182.286
182.286
182.286
182.286
182.286
192.61
192.61
192.61
192.61
192.61
192.61
192.61
192.61
201.229
201.229
201.229
201.229
201.229
201.229
201.229
201.229
207.191
207.191
207.191
207.191
207.191
207.191
207.191
207.191
209.624
209.624
209.624
209.624
209.624
209.624
209.624
209.624
207.893
207.893
207.893
207.893
207.893
207.893
207.893
207.893
201.752
201.752
201.752
201.752
201.752
201.752
201.752
201.752
103.615
103.615
103.615
103.615
103.615
103.615
103.615
103.615
109.234
109.234
109.234
109.234
109.234
109.234
109.234
109.234
115.444
115.444
115.444
115.444
115.444
115.444
115.444
115.444
122.436
122.436
122.436
122.436
122.436
122.436
122.436
122.436
130.36
130.36
130.36
130.36
130.36
130.36
130.36
130.36
139.294
139.294
139.294
139.294
139.294
139.294
139.294
139.294
149.21
149.21
149.21
149.21
149.21
149.21
149.21
149.21
159.944
159.944
159.944
159.944
159.944
159.944
159.944
159.944
171.15
171.15
171.15
171.15
171.15
171.15
171.15
171.15
182.286
182.286
182.286
182.286
182.286
182.286
182.286
182.286
192.61
192.61
192.61
192.61
192.61
192.61
192.61
192.61
201.229
201.229
201.229
201.229
201.229
201.229
201.229
201.229
207.191
207.191
207.191
207.191
207.191
207.191
207.191
207.191
209.624
209.624
209.624
209.624
209.624
209.624
209.624
209.624
207.893
207.893
207.893
207.893
207.893
207.893
207.893
207.893
201.752
201.752
201.752
201.752
201.752
201.752
201.752
201.752
103.615
103.615
103.615
103.615
103.615
103.615
103.615
103.615
109.234
109.234
109.234
109.234
109.234
109.234
109.234
109.234
115.444
115.444
115.444
115.444
115.444
115.444
115.444
115.444
122.436
122.436
122.436
122.436
122.436
122.436
122.436
122.436
130.36
130.36
130.36
130.36
130.36
130.36
130.36
130.36
139.294
139.294
139.294
139.294
139.294
139.294
139.294
139.294
149.21
149.21
149.21
149.21
149.21
149.21
149.21
149.21
159.944
159.944
159.944
159.944
159.944
159.944
159.944
159.944
171.15
171.15
171.15
171.15
171.15
171.15
171.15
171.15
182.286
182.286
182.286
182.286
182.286
182.286
182.286
182.286
192.61
192.61
192.61
192.61
192.61
192.61
192.61
192.61
201.229
201.229
201.229
201.229
201.229
201.229
201.229
201.229
207.191
207.191
207.191
207.191
207.191
207.191
207.191
207.191
209.624
209.624
209.624
209.624
209.624
209.624
209.624
209.624
207.893
207.893
207.893
207.893
207.893
207.893
207.893
207.893
201.752
201.752
201.752
201.752
201.752
201.752
201.752
201.752
97.5859
97.5859
97.5859
97.5859
97.5859
97.5859
97.5859
97.5859
102.516
102.516
102.516
102.516
102.516
102.516
102.516
102.516
107.909
107.909
107.909
107.909
107.909
107.909
107.909
107.909
113.92
113.92
113.92
113.92
113.92
113.92
113.92
113.92
120.659
120.659
120.659
120.659
120.659
120.659
120.659
120.659
128.173
128.173
128.173
128.173
128.173
128.173
128.173
128.173
136.409
136.409
136.409
136.409
136.409
136.409
136.409
136.409
145.195
145.195
145.195
145.195
145.195
145.195
145.195
145.195
154.205
154.205
154.205
154.205
154.205
154.205
154.205
154.205
162.955
162.955
162.955
162.955
162.955
162.955
162.955
162.955
170.81
170.81
170.81
170.81
170.81
170.81
170.81
170.81
177.03
177.03
177.03
177.03
177.03
177.03
177.03
177.03
180.858
180.858
180.858
180.858
180.858
180.858
180.858
180.858
181.628
181.628
181.628
181.628
181.628
181.628
181.628
181.628
178.901
178.901
178.901
178.901
178.901
178.901
178.901
178.901
172.562
172.562
172.562
172.562
172.562
172.562
172.562
172.562
97.5859
97.5859
97.5859
97.5859
97.5859
97.5859
97.5859
97.5859
102.516
102.516
102.516
102.516
102.516
102.516
102.516
102.516
107.909
107.909
107.909
107.909
107.909
107.909
107.909
107.909
113.92
113.92
113.92
113.92
113.92
113.92
113.92
113.92
120.659
120.659
120.659
120.659
120.659
120.659
120.659
120.659
128.173
128.173
128.173
128.173
128.173
128.173
128.173
128.173
136.409
136.409
136.409
136.409
136.409
136.409
136.409
136.409
145.195
145.195
145.195
145.195
145.195
145.195
145.195
145.195
154.205
154.205
154.205
154.205
154.205
154.205
154.205
154.205
162.955
162.955
162.955
162.955
162.955
162.955
162.955
162.955
170.81
170.81
170.81
170.81
170.81
170.81
170.81
170.81
177.03
177.03
177.03
177.03
177.03
177.03
177.03
177.03
180.858
180.858
180.858
180.858
180.858
180.858
180.858
180.858
181.628
181.628
181.628
181.628
181.628
181.628
181.628
181.628
178.901
178.901
178.901
178.901
178.901
178.901
178.901
178.901
172.562
172.562
172.562
172.562
172.562
172.562
172.562
172.562
97.5859
97.5859
97.5859
97.5859
97.5859
97.5859
97.5859
97.5859
102.516
102.516
102.516
102.516
102.516
102.516
102.516
102.516
107.909
107.909
107.909
107.909
107.909
107.909
107.909
107.909
113.92
113.92
113.92
113.92
113.92
113.92
113.92
113.92
120.659
120.659
120.659
120.659
120.659
120.659
120.659
120.659
128.173
128.173
128.173
128.173
128.173
128.173
128.173
128.173
136.409
136.409
136.409
136.409
136.409
136.409
136.409
136.409
145.195
145.195
145.195
145.195
145.195
145.195
145.195
145.195
154.205
154.205
154.205
154.205
154.205
154.205
154.205
154.205
162.955
162.955
162.955
162.955
162.955
162.955
162.955
162.955
170.81
170.81
170.81
170.81
170.81
170.81
170.81
170.81
177.03
177.03
177.03
177.03
177.03
177.03
177.03
177.03
180.858
180.858
180.858
180.858
180.858
180.858
180.858
180.858
181.628
181.628
181.628
181.628
181.628
181.628
181.628
181.628
178.901
178.901
178.901
178.901
178.901
178.901
178.901
178.901
172.562
172.562
172.562
172.562
172.562
172.562
172.562
172.562
97.5859
97.5859
97.5859
97.5859
97.5859
97.5859
97.5859
97.5859
102.516
102.516
102.516
102.516
102.516
102.516
102.516
102.516
107.909
107.909
107.909
107.909
107.909
107.909
107.909
107.909
113.92
113.92
113.92
113.92
113.92
113.92
113.92
113.92
120.659
120.659
120.659
120.659
120.659
120.659
120.659
120.659
128.173
128.173
128.173
128.173
128.173
128.173
128.173
128.173
136.409
136.409
136.409
136.409
136.409
136.409
136.409
136.409
145.195
145.195
145.195
145.195
145.195
145.195
145.195
145.195
154.205
154.205
154.205
154.205
154.205
154.205
154.205
154.205
162.955
162.955
162.955
162.955
162.955
162.955
162.955
162.955
170.81
170.81
170.81
170.81
170.81
170.81
170.81
170.81
177.03
177.03
177.03
177.03
177.03
177.03
177.03
177.03
180.858
180.858
180.858
180.858
180.858
180.858
180.858
180.858
181.628
181.628
181.628
181.628
181.628
181.628
181.628
181.628
178.901
178.901
178.901
178.901
178.901
178.901
178.901
178.901
172.562
172.562
172.562
172.562
172.562
172.562
172.562
172.562
91.6675
91.6675
91.6675
91.6675
91.6675
91.6675
91.6675
91.6675
95.8805
95.8805
95.8805
95.8805
95.8805
95.8805
95.8805
95.8805
100.448
100.448
100.448
100.448
100.448
100.448
100.448
100.448
105.492
105.492
105.492
105.492
105.492
105.492
105.492
105.492
111.094
111.094
111.094
111.094
111.094
111.094
111.094
111.094
117.273
117.273
117.273
117.273
117.273
117.273
117.273
117.273
123.961
123.961
123.961
123.961
123.961
123.961
123.961
123.961
130.984
130.984
130.984
130.984
130.984
130.984
130.984
130.984
138.047
138.047
138.047
138.047
138.047
138.047
138.047
138.047
144.726
144.726
144.726
144.726
144.726
144.726
144.726
144.726
150.486
150.486
150.486
150.486
150.486
150.486
150.486
150.486
154.729
154.729
154.729
154.729
154.729
154.729
154.729
154.729
156.865
156.865
156.865
156.865
156.865
156.865
156.865
156.865
156.406
156.406
156.406
156.406
156.406
156.406
156.406
156.406
153.061
153.061
153.061
153.061
153.061
153.061
153.061
153.061
146.815
146.815
146.815
146.815
146.815
146.815
146.815
146.815
91.6675
91.6675
91.6675
91.6675
91.6675
91.6675
91.6675
91.6675
95.8805
95.8805
95.8805
95.8805
95.8805
95.8805
95.8805
95.8805
100.448
100.448
100.448
100.448
100.448
100.448
100.448
100.448
105.492
105.492
105.492
105.492
105.492
105.492
105.492
105.492
111.094
111.094
111.094
111.094
111.094
111.094
111.094
111.094
117.273
117.273
117.273
117.273
117.273
117.273
117.273
117.273
123.961
123.961
123.961
123.961
123.961
123.961
123.961
123.961
130.984
130.984
130.984
130.984
130.984
130.984
130.984
130.984
138.047
138.047
138.047
138.047
138.047
138.047
138.047
138.047
144.726
144.726
144.726
144.726
144.726
144.726
144.726
144.726
150.486
150.486
150.486
150.486
150.486
150.486
150.486
150.486
154.729
154.729
154.729
154.729
154.729
154.729
154.729
154.729
156.865
156.865
156.865
156.865
156.865
156.865
156.865
156.865
156.406
156.406
156.406
156.406
156.406
156.406
156.406
156.406
153.061
153.061
153.061
153.061
153.061
153.061
153.061
153.061
146.815
146.815
146.815
146.815
146.815
146.815
146.815
146.815
91.6675
91.6675
91.6675
91.6675
91.6675
91.6675
91.6675
91.6675
95.8805
95.8805
95.8805
95.8805
95.8805
95.8805
95.8805
95.8805
100.448
100.448
100.448
100.448
100.448
100.448
100.448
100.448
105.492
105.492
105.492
105.492
105.492
105.492
105.492
105.492
111.094
111.094
111.094
111.094
111.094
111.094
111.094
111.094
117.273
117.273
117.273
117.273
117.273
117.273
117.273
117.273
123.961
123.961
123.961
123.961
123.961
123.961
123.961
123.961
130.984
130.984
130.984
130.984
130.984
130.984
130.984
130.984
138.047
138.047
138.047
138.047
138.047
138.047
138.047
138.047
144.726
144.726
144.726
144.726
144.726
144.726
144.726
144.726
150.486
150.486
150.486
150.486
150.486
150.486
150.486
150.486
154.729
154.729
154.729
154.729
154.729
154.729
154.729
154.729
156.865
156.865
156.865
156.865
156.865
156.865
156.865
156.865
156.406
156.406
156.406
156.406
156.406
156.406
156.406
156.406
153.061
153.061
153.061
153.061
153.061
153.061
153.061
153.061
146.815
146.815
146.815
146.815
146.815
146.815
146.815
146.815
91.6675
91.6675
91.6675
91.6675
91.6675
91.6675
91.6675
91.6675
95.8805
95.8805
95.8805
95.8805
95.8805
95.8805
95.8805
95.8805
100.448
100.448
100.448
100.448
100.448
100.448
100.448
100.448
105.492
105.492
105.492
105.492
105.492
105.492
105.492
105.492
111.094
111.094
111.094
111.094
111.094
111.094
111.094
111.094
117.273
117.273
117.273
117.273
117.273
117.273
117.273
117.273
123.961
123.961
123.961
123.961
123.961
123.961
123.961
123.961
130.984
130.984
130.984
130.984
130.984
130.984
130.984
130.984
138.047
138.047
138.047
138.047
138.047
138.047
138.047
138.047
144.726
144.726
144.726
144.726
144.726
144.726
144.726
144.726
150.486
150.486
150.486
150.486
150.486
150.486
150.486
150.486
154.729
154.729
154.729
154.729
154.729
154.729
154.729
154.729
156.865
156.865
156.865
156.865
156.865
156.865
156.865
156.865
156.406
156.406
156.406
156.406
156.406
156.406
156.406
156.406
153.061
153.061
153.061
153.061
153.061
153.061
153.061
153.061
146.815
146.815
146.815
146.815
146.815
146.815
146.815
146.815
86.1195
86.1195
86.1195
86.1195
86.1195
86.1195
86.1195
86.1195
89.6128
89.6128
89.6128
89.6128
89.6128
89.6128
89.6128
89.6128
93.3758
93.3758
93.3758
93.3758
93.3758
93.3758
93.3758
93.3758
97.5053
97.5053
97.5053
97.5053
97.5053
97.5053
97.5053
97.5053
102.058
102.058
102.058
102.058
102.058
102.058
102.058
102.058
107.034
107.034
107.034
107.034
107.034
107.034
107.034
107.034
112.358
112.358
112.358
112.358
112.358
112.358
112.358
112.358
117.862
117.862
117.862
117.862
117.862
117.862
117.862
117.862
123.281
123.281
123.281
123.281
123.281
123.281
123.281
123.281
128.25
128.25
128.25
128.25
128.25
128.25
128.25
128.25
132.328
132.328
132.328
132.328
132.328
132.328
132.328
132.328
135.036
135.036
135.036
135.036
135.036
135.036
135.036
135.036
135.922
135.922
135.922
135.922
135.922
135.922
135.922
135.922
134.634
134.634
134.634
134.634
134.634
134.634
134.634
134.634
130.995
130.995
130.995
130.995
130.995
130.995
130.995
130.995
125.049
125.049
125.049
125.049
125.049
125.049
125.049
125.049
86.1195
86.1195
86.1195
86.1195
86.1195
86.1195
86.1195
86.1195
89.6128
89.6128
89.6128
89.6128
89.6128
89.6128
89.6128
89.6128
93.3758
93.3758
93.3758
93.3758
93.3758
93.3758
93.3758
93.3758
97.5053
97.5053
97.5053
97.5053
97.5053
97.5053
97.5053
97.5053
102.058
102.058
102.058
102.058
102.058
102.058
102.058
102.058
107.034
107.034
107.034
107.034
107.034
107.034
107.034
107.034
112.358
112.358
112.358
112.358
112.358
112.358
112.358
112.358
117.862
117.862
117.862
117.862
117.862
117.862
117.862
117.862
123.281
123.281
123.281
123.281
123.281
123.281
123.281
123.281
128.25
128.25
128.25
128.25
128.25
128.25
128.25
128.25
132.328
132.328
132.328
132.328
132.328
132.328
132.328
132.328
135.036
135.036
135.036
135.036
135.036
135.036
135.036
135.036
135.922
135.922
135.922
135.922
135.922
135.922
135.922
135.922
134.634
134.634
134.634
134.634
134.634
134.634
134.634
134.634
130.995
130.995
130.995
130.995
130.995
130.995
130.995
130.995
125.049
125.049
125.049
125.049
125.049
125.049
125.049
125.049
86.1195
86.1195
86.1195
86.1195
86.1195
86.1195
86.1195
86.1195
89.6128
89.6128
89.6128
89.6128
89.6128
89.6128
89.6128
89.6128
93.3758
93.3758
93.3758
93.3758
93.3758
93.3758
93.3758
93.3758
97.5053
97.5053
97.5053
97.5053
97.5053
97.5053
97.5053
97.5053
102.058
102.058
102.058
102.058
102.058
102.058
102.058
102.058
107.034
107.034
107.034
107.034
107.034
107.034
107.034
107.034
112.358
112.358
112.358
112.358
112.358
112.358
112.358
112.358
117.862
117.862
117.862
117.862
117.862
117.862
117.862
117.862
123.281
123.281
123.281
123.281
123.281
123.281
123.281
123.281
128.25
128.25
128.25
128.25
128.25
128.25
128.25
128.25
132.328
132.328
132.328
132.328
132.328
132.328
132.328
132.328
135.036
135.036
135.036
135.036
135.036
135.036
135.036
135.036
135.922
135.922
135.922
135.922
135.922
135.922
135.922
135.922
134.634
134.634
134.634
134.634
134.634
134.634
134.634
134.634
130.995
130.995
130.995
130.995
130.995
130.995
130.995
130.995
125.049
125.049
125.049
125.049
125.049
125.049
125.049
125.049
86.1195
86.1195
86.1195
86.1195
86.1195
86.1195
86.1195
86.1195
89.6128
89.6128
89.6128
89.6128
89.6128
89.6128
89.6128
89.6128
93.3758
93.3758
93.3758
93.3758
93.3758
93.3758
93.3758
93.3758
97.5053
97.5053
97.5053
97.5053
97.5053
97.5053
97.5053
97.5053
102.058
102.058
102.058
102.058
102.058
102.058
102.058
102.058
107.034
107.034
107.034
107.034
107.034
107.034
107.034
107.034
112.358
112.358
112.358
112.358
112.358
112.358
112.358
112.358
117.862
117.862
117.862
117.862
117.862
117.862
117.862
117.862
123.281
123.281
123.281
123.281
123.281
123.281
123.281
123.281
128.25
128.25
128.25
128.25
128.25
128.25
128.25
128.25
132.328
132.328
132.328
132.328
132.328
132.328
132.328
132.328
135.036
135.036
135.036
135.036
135.036
135.036
135.036
135.036
135.922
135.922
135.922
135.922
135.922
135.922
135.922
135.922
134.634
134.634
134.634
134.634
134.634
134.634
134.634
134.634
130.995
130.995
130.995
130.995
130.995
130.995
130.995
130.995
125.049
125.049
125.049
125.049
125.049
125.049
125.049
125.049
81.0972
81.0972
81.0972
81.0972
81.0972
81.0972
81.0972
81.0972
83.8853
83.8853
83.8853
83.8853
83.8853
83.8853
83.8853
83.8853
86.8835
86.8835
86.8835
86.8835
86.8835
86.8835
86.8835
86.8835
90.1694
90.1694
90.1694
90.1694
90.1694
90.1694
90.1694
90.1694
93.7826
93.7826
93.7826
93.7826
93.7826
93.7826
93.7826
93.7826
97.7102
97.7102
97.7102
97.7102
97.7102
97.7102
97.7102
97.7102
101.873
101.873
101.873
101.873
101.873
101.873
101.873
101.873
106.117
106.117
106.117
106.117
106.117
106.117
106.117
106.117
110.205
110.205
110.205
110.205
110.205
110.205
110.205
110.205
113.827
113.827
113.827
113.827
113.827
113.827
113.827
113.827
116.62
116.62
116.62
116.62
116.62
116.62
116.62
116.62
118.203
118.203
118.203
118.203
118.203
118.203
118.203
118.203
118.23
118.23
118.23
118.23
118.23
118.23
118.23
118.23
116.452
116.452
116.452
116.452
116.452
116.452
116.452
116.452
112.767
112.767
112.767
112.767
112.767
112.767
112.767
112.767
107.253
107.253
107.253
107.253
107.253
107.253
107.253
107.253
81.0972
81.0972
81.0972
81.0972
81.0972
81.0972
81.0972
81.0972
83.8853
83.8853
83.8853
83.8853
83.8853
83.8853
83.8853
83.8853
86.8835
86.8835
86.8835
86.8835
86.8835
86.8835
86.8835
86.8835
90.1694
90.1694
90.1694
90.1694
90.1694
90.1694
90.1694
90.1694
93.7826
93.7826
93.7826
93.7826
93.7826
93.7826
93.7826
93.7826
97.7102
97.7102
97.7102
97.7102
97.7102
97.7102
97.7102
97.7102
101.873
101.873
101.873
101.873
101.873
101.873
101.873
101.873
106.117
106.117
106.117
106.117
106.117
106.117
106.117
106.117
110.205
110.205
110.205
110.205
110.205
110.205
110.205
110.205
113.827
113.827
113.827
113.827
113.827
113.827
113.827
113.827
116.62
116.62
116.62
116.62
116.62
116.62
116.62
116.62
118.203
118.203
118.203
118.203
118.203
118.203
118.203
118.203
118.23
118.23
118.23
118.23
118.23
118.23
118.23
118.23
116.452
116.452
116.452
116.452
116.452
116.452
116.452
116.452
112.767
112.767
112.767
112.767
112.767
112.767
112.767
112.767
107.253
107.253
107.253
107.253
107.253
107.253
107.253
107.253
81.0972
81.0972
81.0972
81.0972
81.0972
81.0972
81.0972
81.0972
83.8853
83.8853
83.8853
83.8853
83.8853
83.8853
83.8853
83.8853
86.8835
86.8835
86.8835
86.8835
86.8835
86.8835
86.8835
86.8835
90.1694
90.1694
90.1694
90.1694
90.1694
90.1694
90.1694
90.1694
93.7826
93.7826
93.7826
93.7826
93.7826
93.7826
93.7826
93.7826
97.7102
97.7102
97.7102
97.7102
97.7102
97.7102
97.7102
97.7102
101.873
101.873
101.873
101.873
101.873
101.873
101.873
101.873
106.117
106.117
106.117
106.117
106.117
106.117
106.117
106.117
110.205
110.205
110.205
110.205
110.205
110.205
110.205
110.205
113.827
113.827
113.827
113.827
113.827
113.827
113.827
113.827
116.62
116.62
116.62
116.62
116.62
116.62
116.62
116.62
118.203
118.203
118.203
118.203
118.203
118.203
118.203
118.203
118.23
118.23
118.23
118.23
118.23
118.23
118.23
118.23
116.452
116.452
116.452
116.452
116.452
116.452
116.452
116.452
112.767
112.767
112.767
112.767
112.767
112.767
112.767
112.767
107.253
107.253
107.253
107.253
107.253
107.253
107.253
107.253
81.0972
81.0972
81.0972
81.0972
81.0972
81.0972
81.0972
81.0972
83.8853
83.8853
83.8853
83.8853
83.8853
83.8853
83.8853
83.8853
86.8835
86.8835
86.8835
86.8835
86.8835
86.8835
86.8835
86.8835
90.1694
90.1694
90.1694
90.1694
90.1694
90.1694
90.1694
90.1694
93.7826
93.7826
93.7826
93.7826
93.7826
93.7826
93.7826
93.7826
97.7102
97.7102
97.7102
97.7102
97.7102
97.7102
97.7102
97.7102
101.873
101.873
101.873
101.873
101.873
101.873
101.873
101.873
106.117
106.117
106.117
106.117
106.117
106.117
106.117
106.117
110.205
110.205
110.205
110.205
110.205
110.205
110.205
110.205
113.827
113.827
113.827
113.827
113.827
113.827
113.827
113.827
116.62
116.62
116.62
116.62
116.62
116.62
116.62
116.62
118.203
118.203
118.203
118.203
118.203
118.203
118.203
118.203
118.23
118.23
118.23
118.23
118.23
118.23
118.23
118.23
116.452
116.452
116.452
116.452
116.452
116.452
116.452
116.452
112.767
112.767
112.767
112.767
112.767
112.767
112.767
112.767
107.253
107.253
107.253
107.253
107.253
107.253
107.253
107.253
76.6694
76.6694
76.6694
76.6694
76.6694
76.6694
76.6694
76.6694
78.7744
78.7744
78.7744
78.7744
78.7744
78.7744
78.7744
78.7744
81.0557
81.0557
81.0557
81.0557
81.0557
81.0557
81.0557
81.0557
83.5774
83.5774
83.5774
83.5774
83.5774
83.5774
83.5774
83.5774
86.3665
86.3665
86.3665
86.3665
86.3665
86.3665
86.3665
86.3665
89.4023
89.4023
89.4023
89.4023
89.4023
89.4023
89.4023
89.4023
92.6068
92.6068
92.6068
92.6068
92.6068
92.6068
92.6068
92.6068
95.8376
95.8376
95.8376
95.8376
95.8376
95.8376
95.8376
95.8376
98.8882
98.8882
98.8882
98.8882
98.8882
98.8882
98.8882
98.8882
101.494
101.494
101.494
101.494
101.494
101.494
101.494
101.494
103.354
103.354
103.354
103.354
103.354
103.354
103.354
103.354
104.164
104.164
104.164
104.164
104.164
104.164
104.164
104.164
103.657
103.657
103.657
103.657
103.657
103.657
103.657
103.657
101.655
101.655
101.655
101.655
101.655
101.655
101.655
101.655
98.1017
98.1017
98.1017
98.1017
98.1017
98.1017
98.1017
98.1017
93.0883
93.0883
93.0883
93.0883
93.0883
93.0883
93.0883
93.0883
76.6694
76.6694
76.6694
76.6694
76.6694
76.6694
76.6694
76.6694
78.7744
78.7744
78.7744
78.7744
78.7744
78.7744
78.7744
78.7744
81.0557
81.0557
81.0557
81.0557
81.0557
81.0557
81.0557
81.0557
83.5774
83.5774
83.5774
83.5774
83.5774
83.5774
83.5774
83.5774
86.3665
86.3665
86.3665
86.3665
86.3665
86.3665
86.3665
86.3665
89.4023
89.4023
89.4023
89.4023
89.4023
89.4023
89.4023
89.4023
92.6068
92.6068
92.6068
92.6068
92.6068
92.6068
92.6068
92.6068
95.8376
95.8376
95.8376
95.8376
95.8376
95.8376
95.8376
95.8376
98.8882
98.8882
98.8882
98.8882
98.8882
98.8882
98.8882
98.8882
101.494
101.494
101.494
101.494
101.494
101.494
101.494
101.494
103.354
103.354
103.354
103.354
103.354
103.354
103.354
103.354
104.164
104.164
104.164
104.164
104.164
104.164
104.164
104.164
103.657
103.657
103.657
103.657
103.657
103.657
103.657
103.657
101.655
101.655
101.655
101.655
101.655
101.655
101.655
101.655
98.1017
98.1017
98.1017
98.1017
98.1017
98.1017
98.1017
98.1017
93.0883
93.0883
93.0883
93.0883
93.0883
93.0883
93.0883
93.0883
76.6694
76.6694
76.6694
76.6694
76.6694
76.6694
76.6694
76.6694
78.7744
78.7744
78.7744
78.7744
78.7744
78.7744
78.7744
78.7744
81.0557
81.0557
81.0557
81.0557
81.0557
81.0557
81.0557
81.0557
83.5774
83.5774
83.5774
83.5774
83.5774
83.5774
83.5774
83.5774
86.3665
86.3665
86.3665
86.3665
86.3665
86.3665
86.3665
86.3665
89.4023
89.4023
89.4023
89.4023
89.4023
89.4023
89.4023
89.4023
92.6068
92.6068
92.6068
92.6068
92.6068
92.6068
92.6068
92.6068
95.8376
95.8376
95.8376
95.8376
95.8376
95.8376
95.8376
95.8376
98.8882
98.8882
98.8882
98.8882
98.8882
98.8882
98.8882
98.8882
101.494
101.494
101.494
101.494
101.494
101.494
101.494
101.494
103.354
103.354
103.354
103.354
103.354
103.354
103.354
103.354
104.164
104.164
104.164
104.164
104.164
104.164
104.164
104.164
103.657
103.657
103.657
103.657
103.657
103.657
103.657
103.657
101.655
101.655
101.655
101.655
101.655
101.655
101.655
101.655
98.1017
98.1017
98.1017
98.1017
98.1017
98.1017
98.1017
98.1017
93.0883
93.0883
93.0883
93.0883
93.0883
93.0883
93.0883
93.0883
76.6694
76.6694
76.6694
76.6694
76.6694
76.6694
76.6694
76.6694
78.7744
78.7744
78.7744
78.7744
78.7744
78.7744
78.7744
78.7744
81.0557
81.0557
81.0557
81.0557
81.0557
81.0557
81.0557
81.0557
83.5774
83.5774
83.5774
83.5774
83.5774
83.5774
83.5774
83.5774
86.3665
86.3665
86.3665
86.3665
86.3665
86.3665
86.3665
86.3665
89.4023
89.4023
89.4023
89.4023
89.4023
89.4023
89.4023
89.4023
92.6068
92.6068
92.6068
92.6068
92.6068
92.6068
92.6068
92.6068
95.8376
95.8376
95.8376
95.8376
95.8376
95.8376
95.8376
95.8376
98.8882
98.8882
98.8882
98.8882
98.8882
98.8882
98.8882
98.8882
101.494
101.494
101.494
101.494
101.494
101.494
101.494
101.494
103.354
103.354
103.354
103.354
103.354
103.354
103.354
103.354
104.164
104.164
104.164
104.164
104.164
104.164
104.164
104.164
103.657
103.657
103.657
103.657
103.657
103.657
103.657
103.657
101.655
101.655
101.655
101.655
101.655
101.655
101.655
101.655
98.1017
98.1017
98.1017
98.1017
98.1017
98.1017
98.1017
98.1017
93.0883
93.0883
93.0883
93.0883
93.0883
93.0883
93.0883
93.0883
72.8383
72.8383
72.8383
72.8383
72.8383
72.8383
72.8383
72.8383
74.2842
74.2842
74.2842
74.2842
74.2842
74.2842
74.2842
74.2842
75.8979
75.8979
75.8979
75.8979
75.8979
75.8979
75.8979
75.8979
77.7337
77.7337
77.7337
77.7337
77.7337
77.7337
77.7337
77.7337
79.8096
79.8096
79.8096
79.8096
79.8096
79.8096
79.8096
79.8096
82.1014
82.1014
82.1014
82.1014
82.1014
82.1014
82.1014
82.1014
84.5331
84.5331
84.5331
84.5331
84.5331
84.5331
84.5331
84.5331
86.9762
86.9762
86.9762
86.9762
86.9762
86.9762
86.9762
86.9762
89.2479
89.2479
89.2479
89.2479
89.2479
89.2479
89.2479
89.2479
91.122
91.122
91.122
91.122
91.122
91.122
91.122
91.122
92.346
92.346
92.346
92.346
92.346
92.346
92.346
92.346
92.6714
92.6714
92.6714
92.6714
92.6714
92.6714
92.6714
92.6714
91.8873
91.8873
91.8873
91.8873
91.8873
91.8873
91.8873
91.8873
89.8598
89.8598
89.8598
89.8598
89.8598
89.8598
89.8598
89.8598
86.5595
86.5595
86.5595
86.5595
86.5595
86.5595
86.5595
86.5595
82.0763
82.0763
82.0763
82.0763
82.0763
82.0763
82.0763
82.0763
72.8383
72.8383
72.8383
72.8383
72.8383
72.8383
72.8383
72.8383
74.2842
74.2842
74.2842
74.2842
74.2842
74.2842
74.2842
74.2842
75.8979
75.8979
75.8979
75.8979
75.8979
75.8979
75.8979
75.8979
77.7337
77.7337
77.7337
77.7337
77.7337
77.7337
77.7337
77.7337
79.8096
79.8096
79.8096
79.8096
79.8096
79.8096
79.8096
79.8096
82.1014
82.1014
82.1014
82.1014
82.1014
82.1014
82.1014
82.1014
84.5331
84.5331
84.5331
84.5331
84.5331
84.5331
84.5331
84.5331
86.9762
86.9762
86.9762
86.9762
86.9762
86.9762
86.9762
86.9762
89.2479
89.2479
89.2479
89.2479
89.2479
89.2479
89.2479
89.2479
91.122
91.122
91.122
91.122
91.122
91.122
91.122
91.122
92.346
92.346
92.346
92.346
92.346
92.346
92.346
92.346
92.6714
92.6714
92.6714
92.6714
92.6714
92.6714
92.6714
92.6714
91.8873
91.8873
91.8873
91.8873
91.8873
91.8873
91.8873
91.8873
89.8598
89.8598
89.8598
89.8598
89.8598
89.8598
89.8598
89.8598
86.5595
86.5595
86.5595
86.5595
86.5595
86.5595
86.5595
86.5595
82.0763
82.0763
82.0763
82.0763
82.0763
82.0763
82.0763
82.0763
72.8383
72.8383
72.8383
72.8383
72.8383
72.8383
72.8383
72.8383
74.2842
74.2842
74.2842
74.2842
74.2842
74.2842
74.2842
74.2842
75.8979
75.8979
75.8979
75.8979
75.8979
75.8979
75.8979
75.8979
77.7337
77.7337
77.7337
77.7337
77.7337
77.7337
77.7337
77.7337
79.8096
79.8096
79.8096
79.8096
79.8096
79.8096
79.8096
79.8096
82.1014
82.1014
82.1014
82.1014
82.1014
82.1014
82.1014
82.1014
84.5331
84.5331
84.5331
84.5331
84.5331
84.5331
84.5331
84.5331
86.9762
86.9762
86.9762
86.9762
86.9762
86.9762
86.9762
86.9762
89.2479
89.2479
89.2479
89.2479
89.2479
89.2479
89.2479
89.2479
91.122
91.122
91.122
91.122
91.122
91.122
91.122
91.122
92.346
92.346
92.346
92.346
92.346
92.346
92.346
92.346
92.6714
92.6714
92.6714
92.6714
92.6714
92.6714
92.6714
92.6714
91.8873
91.8873
91.8873
91.8873
91.8873
91.8873
91.8873
91.8873
89.8598
89.8598
89.8598
89.8598
89.8598
89.8598
89.8598
89.8598
86.5595
86.5595
86.5595
86.5595
86.5595
86.5595
86.5595
86.5595
82.0763
82.0763
82.0763
82.0763
82.0763
82.0763
82.0763
82.0763
72.8383
72.8383
72.8383
72.8383
72.8383
72.8383
72.8383
72.8383
74.2842
74.2842
74.2842
74.2842
74.2842
74.2842
74.2842
74.2842
75.8979
75.8979
75.8979
75.8979
75.8979
75.8979
75.8979
75.8979
77.7337
77.7337
77.7337
77.7337
77.7337
77.7337
77.7337
77.7337
79.8096
79.8096
79.8096
79.8096
79.8096
79.8096
79.8096
79.8096
82.1014
82.1014
82.1014
82.1014
82.1014
82.1014
82.1014
82.1014
84.5331
84.5331
84.5331
84.5331
84.5331
84.5331
84.5331
84.5331
86.9762
86.9762
86.9762
86.9762
86.9762
86.9762
86.9762
86.9762
89.2479
89.2479
89.2479
89.2479
89.2479
89.2479
89.2479
89.2479
91.122
91.122
91.122
91.122
91.122
91.122
91.122
91.122
92.346
92.346
92.346
92.346
92.346
92.346
92.346
92.346
92.6714
92.6714
92.6714
92.6714
92.6714
92.6714
92.6714
92.6714
91.8873
91.8873
91.8873
91.8873
91.8873
91.8873
91.8873
91.8873
89.8598
89.8598
89.8598
89.8598
89.8598
89.8598
89.8598
89.8598
86.5595
86.5595
86.5595
86.5595
86.5595
86.5595
86.5595
86.5595
82.0763
82.0763
82.0763
82.0763
82.0763
82.0763
82.0763
82.0763
69.5606
69.5606
69.5606
69.5606
69.5606
69.5606
69.5606
69.5606
70.3702
70.3702
70.3702
70.3702
70.3702
70.3702
70.3702
70.3702
71.3629
71.3629
71.3629
71.3629
71.3629
71.3629
71.3629
71.3629
72.5851
72.5851
72.5851
72.5851
72.5851
72.5851
72.5851
72.5851
74.0494
74.0494
74.0494
74.0494
74.0494
74.0494
74.0494
74.0494
75.7287
75.7287
75.7287
75.7287
75.7287
75.7287
75.7287
75.7287
77.5514
77.5514
77.5514
77.5514
77.5514
77.5514
77.5514
77.5514
79.3998
79.3998
79.3998
79.3998
79.3998
79.3998
79.3998
79.3998
81.1118
81.1118
81.1118
81.1118
81.1118
81.1118
81.1118
81.1118
82.4906
82.4906
82.4906
82.4906
82.4906
82.4906
82.4906
82.4906
83.3198
83.3198
83.3198
83.3198
83.3198
83.3198
83.3198
83.3198
83.3901
83.3901
83.3901
83.3901
83.3901
83.3901
83.3901
83.3901
82.5264
82.5264
82.5264
82.5264
82.5264
82.5264
82.5264
82.5264
80.6215
80.6215
80.6215
80.6215
80.6215
80.6215
80.6215
80.6215
77.6562
77.6562
77.6562
77.6562
77.6562
77.6562
77.6562
77.6562
73.7098
73.7098
73.7098
73.7098
73.7098
73.7098
73.7098
73.7098
69.5606
69.5606
69.5606
69.5606
69.5606
69.5606
69.5606
69.5606
70.3702
70.3702
70.3702
70.3702
70.3702
70.3702
70.3702
70.3702
71.3629
71.3629
71.3629
71.3629
71.3629
71.3629
71.3629
71.3629
72.5851
72.5851
72.5851
72.5851
72.5851
72.5851
72.5851
72.5851
74.0494
74.0494
74.0494
74.0494
74.0494
74.0494
74.0494
74.0494
75.7287
75.7287
75.7287
75.7287
75.7287
75.7287
75.7287
75.7287
77.5514
77.5514
77.5514
77.5514
77.5514
77.5514
77.5514
77.5514
79.3998
79.3998
79.3998
79.3998
79.3998
79.3998
79.3998
79.3998
81.1118
81.1118
81.1118
81.1118
81.1118
81.1118
81.1118
81.1118
82.4906
82.4906
82.4906
82.4906
82.4906
82.4906
82.4906
82.4906
83.3198
83.3198
83.3198
83.3198
83.3198
83.3198
83.3198
83.3198
83.3901
83.3901
83.3901
83.3901
83.3901
83.3901
83.3901
83.3901
82.5264
82.5264
82.5264
82.5264
82.5264
82.5264
82.5264
82.5264
80.6215
80.6215
80.6215
80.6215
80.6215
80.6215
80.6215
80.6215
77.6562
77.6562
77.6562
77.6562
77.6562
77.6562
77.6562
77.6562
73.7098
73.7098
73.7098
73.7098
73.7098
73.7098
73.7098
73.7098
69.5606
69.5606
69.5606
69.5606
69.5606
69.5606
69.5606
69.5606
70.3702
70.3702
70.3702
70.3702
70.3702
70.3702
70.3702
70.3702
71.3629
71.3629
71.3629
71.3629
71.3629
71.3629
71.3629
71.3629
72.5851
72.5851
72.5851
72.5851
72.5851
72.5851
72.5851
72.5851
74.0494
74.0494
74.0494
74.0494
74.0494
74.0494
74.0494
74.0494
75.7287
75.7287
75.7287
75.7287
75.7287
75.7287
75.7287
75.7287
77.5514
77.5514
77.5514
77.5514
77.5514
77.5514
77.5514
77.5514
79.3998
79.3998
79.3998
79.3998
79.3998
79.3998
79.3998
79.3998
81.1118
81.1118
81.1118
81.1118
81.1118
81.1118
81.1118
81.1118
82.4906
82.4906
82.4906
82.4906
82.4906
82.4906
82.4906
82.4906
83.3198
83.3198
83.3198
83.3198
83.3198
83.3198
83.3198
83.3198
83.3901
83.3901
83.3901
83.3901
83.3901
83.3901
83.3901
83.3901
82.5264
82.5264
82.5264
82.5264
82.5264
82.5264
82.5264
82.5264
80.6215
80.6215
80.6215
80.6215
80.6215
80.6215
80.6215
80.6215
77.6562
77.6562
77.6562
77.6562
77.6562
77.6562
77.6562
77.6562
73.7098
73.7098
73.7098
73.7098
73.7098
73.7098
73.7098
73.7098
69.5606
69.5606
69.5606
69.5606
69.5606
69.5606
69.5606
69.5606
70.3702
70.3702
70.3702
70.3702
70.3702
70.3702
70.3702
70.3702
71.3629
71.3629
71.3629
71.3629
71.3629
71.3629
71.3629
71.3629
72.5851
72.5851
72.5851
72.5851
72.5851
72.5851
72.5851
72.5851
74.0494
74.0494
74.0494
74.0494
74.0494
74.0494
74.0494
74.0494
75.7287
75.7287
75.7287
75.7287
75.7287
75.7287
75.7287
75.7287
77.5514
77.5514
77.5514
77.5514
77.5514
77.5514
77.5514
77.5514
79.3998
79.3998
79.3998
79.3998
79.3998
79.3998
79.3998
79.3998
81.1118
81.1118
81.1118
81.1118
81.1118
81.1118
81.1118
81.1118
82.4906
82.4906
82.4906
82.4906
82.4906
82.4906
82.4906
82.4906
83.3198
83.3198
83.3198
83.3198
83.3198
83.3198
83.3198
83.3198
83.3901
83.3901
83.3901
83.3901
83.3901
83.3901
83.3901
83.3901
82.5264
82.5264
82.5264
82.5264
82.5264
82.5264
82.5264
82.5264
80.6215
80.6215
80.6215
80.6215
80.6215
80.6215
80.6215
80.6215
77.6562
77.6562
77.6562
77.6562
77.6562
77.6562
77.6562
77.6562
73.7098
73.7098
73.7098
73.7098
73.7098
73.7098
73.7098
73.7098
66.7637
66.7637
66.7637
66.7637
66.7637
66.7637
66.7637
66.7637
66.9571
66.9571
66.9571
66.9571
66.9571
66.9571
66.9571
66.9571
67.371
67.371
67.371
67.371
67.371
67.371
67.371
67.371
68.045
68.045
68.045
68.045
68.045
68.045
68.045
68.045
68.9869
68.9869
68.9869
68.9869
68.9869
68.9869
68.9869
68.9869
70.1677
70.1677
70.1677
70.1677
70.1677
70.1677
70.1677
70.1677
71.5196
71.5196
71.5196
71.5196
71.5196
71.5196
71.5196
71.5196
72.9349
72.9349
72.9349
72.9349
72.9349
72.9349
72.9349
72.9349
74.2672
74.2672
74.2672
74.2672
74.2672
74.2672
74.2672
74.2672
75.3422
75.3422
75.3422
75.3422
75.3422
75.3422
75.3422
75.3422
75.9691
75.9691
75.9691
75.9691
75.9691
75.9691
75.9691
75.9691
75.9635
75.9635
75.9635
75.9635
75.9635
75.9635
75.9635
75.9635
75.173
75.173
75.173
75.173
75.173
75.173
75.173
75.173
73.5009
73.5009
73.5009
73.5009
73.5009
73.5009
73.5009
73.5009
70.9279
70.9279
70.9279
70.9279
70.9279
70.9279
70.9279
70.9279
67.5177
67.5177
67.5177
67.5177
67.5177
67.5177
67.5177
67.5177
66.7637
66.7637
66.7637
66.7637
66.7637
66.7637
66.7637
66.7637
66.9571
66.9571
66.9571
66.9571
66.9571
66.9571
66.9571
66.9571
67.371
67.371
67.371
67.371
67.371
67.371
67.371
67.371
68.045
68.045
68.045
68.045
68.045
68.045
68.045
68.045
68.9869
68.9869
68.9869
68.9869
68.9869
68.9869
68.9869
68.9869
70.1677
70.1677
70.1677
70.1677
70.1677
70.1677
70.1677
70.1677
71.5196
71.5196
71.5196
71.5196
71.5196
71.5196
71.5196
71.5196
72.9349
72.9349
72.9349
72.9349
72.9349
72.9349
72.9349
72.9349
74.2672
74.2672
74.2672
74.2672
74.2672
74.2672
74.2672
74.2672
75.3422
75.3422
75.3422
75.3422
75.3422
75.3422
75.3422
75.3422
75.9691
75.9691
75.9691
75.9691
75.9691
75.9691
75.9691
75.9691
75.9635
75.9635
75.9635
75.9635
75.9635
75.9635
75.9635
75.9635
75.173
75.173
75.173
75.173
75.173
75.173
75.173
75.173
73.5009
73.5009
73.5009
73.5009
73.5009
73.5009
73.5009
73.5009
70.9279
70.9279
70.9279
70.9279
70.9279
70.9279
70.9279
70.9279
67.5177
67.5177
67.5177
67.5177
67.5177
67.5177
67.5177
67.5177
66.7637
66.7637
66.7637
66.7637
66.7637
66.7637
66.7637
66.7637
66.9571
66.9571
66.9571
66.9571
66.9571
66.9571
66.9571
66.9571
67.371
67.371
67.371
67.371
67.371
67.371
67.371
67.371
68.045
68.045
68.045
68.045
68.045
68.045
68.045
68.045
68.9869
68.9869
68.9869
68.9869
68.9869
68.9869
68.9869
68.9869
70.1677
70.1677
70.1677
70.1677
70.1677
70.1677
70.1677
70.1677
71.5196
71.5196
71.5196
71.5196
71.5196
71.5196
71.5196
71.5196
72.9349
72.9349
72.9349
72.9349
72.9349
72.9349
72.9349
72.9349
74.2672
74.2672
74.2672
74.2672
74.2672
74.2672
74.2672
74.2672
75.3422
75.3422
75.3422
75.3422
75.3422
75.3422
75.3422
75.3422
75.9691
75.9691
75.9691
75.9691
75.9691
75.9691
75.9691
75.9691
75.9635
75.9635
75.9635
75.9635
75.9635
75.9635
75.9635
75.9635
75.173
75.173
75.173
75.173
75.173
75.173
75.173
75.173
73.5009
73.5009
73.5009
73.5009
73.5009
73.5009
73.5009
73.5009
70.9279
70.9279
70.9279
70.9279
70.9279
70.9279
70.9279
70.9279
67.5177
67.5177
67.5177
67.5177
67.5177
67.5177
67.5177
67.5177
66.7637
66.7637
66.7637
66.7637
66.7637
66.7637
66.7637
66.7637
66.9571
66.9571
66.9571
66.9571
66.9571
66.9571
66.9571
66.9571
67.371
67.371
67.371
67.371
67.371
67.371
67.371
67.371
68.045
68.045
68.045
68.045
68.045
68.045
68.045
68.045
68.9869
68.9869
68.9869
68.9869
68.9869
68.9869
68.9869
68.9869
70.1677
70.1677
70.1677
70.1677
70.1677
70.1677
70.1677
70.1677
71.5196
71.5196
71.5196
71.5196
71.5196
71.5196
71.5196
71.5196
72.9349
72.9349
72.9349
72.9349
72.9349
72.9349
72.9349
72.9349
74.2672
74.2672
74.2672
74.2672
74.2672
74.2672
74.2672
74.2672
75.3422
75.3422
75.3422
75.3422
75.3422
75.3422
75.3422
75.3422
75.9691
75.9691
75.9691
75.9691
75.9691
75.9691
75.9691
75.9691
75.9635
75.9635
75.9635
75.9635
75.9635
75.9635
75.9635
75.9635
75.173
75.173
75.173
75.173
75.173
75.173
75.173
75.173
73.5009
73.5009
73.5009
73.5009
73.5009
73.5009
73.5009
73.5009
70.9279
70.9279
70.9279
70.9279
70.9279
70.9279
70.9279
70.9279
67.5177
67.5177
67.5177
67.5177
67.5177
67.5177
67.5177
67.5177
64.3611
64.3611
64.3611
64.3611
64.3611
64.3611
64.3611
64.3611
63.9564
63.9564
63.9564
63.9564
63.9564
63.9564
63.9564
63.9564
63.8287
63.8287
63.8287
63.8287
63.8287
63.8287
63.8287
63.8287
64.0114
64.0114
64.0114
64.0114
64.0114
64.0114
64.0114
64.0114
64.5074
64.5074
64.5074
64.5074
64.5074
64.5074
64.5074
64.5074
65.286
65.286
65.286
65.286
65.286
65.286
65.286
65.286
66.282
66.282
66.282
66.282
66.282
66.282
66.282
66.282
67.3953
67.3953
67.3953
67.3953
67.3953
67.3953
67.3953
67.3953
68.4927
68.4927
68.4927
68.4927
68.4927
68.4927
68.4927
68.4927
69.4157
69.4157
69.4157
69.4157
69.4157
69.4157
69.4157
69.4157
69.9908
69.9908
69.9908
69.9908
69.9908
69.9908
69.9908
69.9908
70.0501
70.0501
70.0501
70.0501
70.0501
70.0501
70.0501
70.0501
69.4506
69.4506
69.4506
69.4506
69.4506
69.4506
69.4506
69.4506
68.098
68.098
68.098
68.098
68.098
68.098
68.098
68.098
65.9632
65.9632
65.9632
65.9632
65.9632
65.9632
65.9632
65.9632
63.0911
63.0911
63.0911
63.0911
63.0911
63.0911
63.0911
63.0911
64.3611
64.3611
64.3611
64.3611
64.3611
64.3611
64.3611
64.3611
63.9564
63.9564
63.9564
63.9564
63.9564
63.9564
63.9564
63.9564
63.8287
63.8287
63.8287
63.8287
63.8287
63.8287
63.8287
63.8287
64.0114
64.0114
64.0114
64.0114
64.0114
64.0114
64.0114
64.0114
64.5074
64.5074
64.5074
64.5074
64.5074
64.5074
64.5074
64.5074
65.286
65.286
65.286
65.286
65.286
65.286
65.286
65.286
66.282
66.282
66.282
66.282
66.282
66.282
66.282
66.282
67.3953
67.3953
67.3953
67.3953
67.3953
67.3953
67.3953
67.3953
68.4927
68.4927
68.4927
68.4927
68.4927
68.4927
68.4927
68.4927
69.4157
69.4157
69.4157
69.4157
69.4157
69.4157
69.4157
69.4157
69.9908
69.9908
69.9908
69.9908
69.9908
69.9908
69.9908
69.9908
70.0501
70.0501
70.0501
70.0501
70.0501
70.0501
70.0501
70.0501
69.4506
69.4506
69.4506
69.4506
69.4506
69.4506
69.4506
69.4506
68.098
68.098
68.098
68.098
68.098
68.098
68.098
68.098
65.9632
65.9632
65.9632
65.9632
65.9632
65.9632
65.9632
65.9632
63.0911
63.0911
63.0911
63.0911
63.0911
63.0911
63.0911
63.0911
64.3611
64.3611
64.3611
64.3611
64.3611
64.3611
64.3611
64.3611
63.9564
63.9564
63.9564
63.9564
63.9564
63.9564
63.9564
63.9564
63.8287
63.8287
63.8287
63.8287
63.8287
63.8287
63.8287
63.8287
64.0114
64.0114
64.0114
64.0114
64.0114
64.0114
64.0114
64.0114
64.5074
64.5074
64.5074
64.5074
64.5074
64.5074
64.5074
64.5074
65.286
65.286
65.286
65.286
65.286
65.286
65.286
65.286
66.282
66.282
66.282
66.282
66.282
66.282
66.282
66.282
67.3953
67.3953
67.3953
67.3953
67.3953
67.3953
67.3953
67.3953
68.4927
68.4927
68.4927
68.4927
68.4927
68.4927
68.4927
68.4927
69.4157
69.4157
69.4157
69.4157
69.4157
69.4157
69.4157
69.4157
69.9908
69.9908
69.9908
69.9908
69.9908
69.9908
69.9908
69.9908
70.0501
70.0501
70.0501
70.0501
70.0501
70.0501
70.0501
70.0501
69.4506
69.4506
69.4506
69.4506
69.4506
69.4506
69.4506
69.4506
68.098
68.098
68.098
68.098
68.098
68.098
68.098
68.098
65.9632
65.9632
65.9632
65.9632
65.9632
65.9632
65.9632
65.9632
63.0911
63.0911
63.0911
63.0911
63.0911
63.0911
63.0911
63.0911
64.3611
64.3611
64.3611
64.3611
64.3611
64.3611
64.3611
64.3611
63.9564
63.9564
63.9564
63.9564
63.9564
63.9564
63.9564
63.9564
63.8287
63.8287
63.8287
63.8287
63.8287
63.8287
63.8287
63.8287
64.0114
64.0114
64.0114
64.0114
64.0114
64.0114
64.0114
64.0114
64.5074
64.5074
64.5074
64.5074
64.5074
64.5074
64.5074
64.5074
65.286
65.286
65.286
65.286
65.286
65.286
65.286
65.286
66.282
66.282
66.282
66.282
66.282
66.282
66.282
66.282
67.3953
67.3953
67.3953
67.3953
67.3953
67.3953
67.3953
67.3953
68.4927
68.4927
68.4927
68.4927
68.4927
68.4927
68.4927
68.4927
69.4157
69.4157
69.4157
69.4157
69.4157
69.4157
69.4157
69.4157
69.9908
69.9908
69.9908
69.9908
69.9908
69.9908
69.9908
69.9908
70.0501
70.0501
70.0501
70.0501
70.0501
70.0501
70.0501
70.0501
69.4506
69.4506
69.4506
69.4506
69.4506
69.4506
69.4506
69.4506
68.098
68.098
68.098
68.098
68.098
68.098
68.098
68.098
65.9632
65.9632
65.9632
65.9632
65.9632
65.9632
65.9632
65.9632
63.0911
63.0911
63.0911
63.0911
63.0911
63.0911
63.0911
63.0911
