8192
317.276
317.276
317.276
317.276
317.276
317.276
317.276
317.276
303.25
303.25
303.25
303.25
303.25
303.25
303.25
303.25
283.38
283.38
283.38
283.38
283.38
283.38
283.38
283.38
259.355
259.355
259.355
259.355
259.355
259.355
259.355
259.355
233.058
233.058
233.058
233.058
233.058
233.058
233.058
233.058
206.283
206.283
206.283
206.283
206.283
206.283
206.283
206.283
180.497
180.497
180.497
180.497
180.497
180.497
180.497
180.497
156.746
156.746
156.746
156.746
156.746
156.746
156.746
156.746
135.637
135.637
135.637
135.637
135.637
135.637
135.637
135.637
117.409
117.409
117.409
117.409
117.409
117.409
117.409
117.409
102.029
102.029
102.029
102.029
102.029
102.029
102.029
102.029
89.2901
89.2901
89.2901
89.2901
89.2901
89.2901
89.2901
89.2901
78.8955
78.8955
78.8955
78.8955
78.8955
78.8955
78.8955
78.8955
70.5189
70.5189
70.5189
70.5189
70.5189
70.5189
70.5189
70.5189
63.8413
63.8413
63.8413
63.8413
63.8413
63.8413
63.8413
63.8413
58.5726
58.5726
58.5726
58.5726
58.5726
58.5726
58.5726
58.5726
317.276
317.276
317.276
317.276
317.276
317.276
317.276
317.276
303.25
303.25
303.25
303.25
303.25
303.25
303.25
303.25
283.38
283.38
283.38
283.38
283.38
283.38
283.38
283.38
259.355
259.355
259.355
259.355
259.355
259.355
259.355
259.355
233.058
233.058
233.058
233.058
233.058
233.058
233.058
233.058
206.283
206.283
206.283
206.283
206.283
206.283
206.283
206.283
180.497
180.497
180.497
180.497
180.497
180.497
180.497
180.497
156.746
156.746
156.746
156.746
156.746
156.746
156.746
156.746
135.637
135.637
135.637
135.637
135.637
135.637
135.637
135.637
117.409
117.409
117.409
117.409
117.409
117.409
117.409
117.409
102.029
102.029
102.029
102.029
102.029
102.029
102.029
102.029
89.2901
89.2901
89.2901
89.2901
89.2901
89.2901
89.2901
89.2901
78.8955
78.8955
78.8955
78.8955
78.8955
78.8955
78.8955
78.8955
70.5189
70.5189
70.5189
70.5189
70.5189
70.5189
70.5189
70.5189
63.8413
63.8413
63.8413
63.8413
63.8413
63.8413
63.8413
63.8413
58.5726
58.5726
58.5726
58.5726
58.5726
58.5726
58.5726
58.5726
317.276
317.276
317.276
317.276
317.276
317.276
317.276
317.276
303.25
303.25
303.25
303.25
303.25
303.25
303.25
303.25
283.38
283.38
283.38
283.38
283.38
283.38
283.38
283.38
259.355
259.355
259.355
259.355
259.355
259.355
259.355
259.355
233.058
233.058
233.058
233.058
233.058
233.058
233.058
233.058
206.283
206.283
206.283
206.283
206.283
206.283
206.283
206.283
180.497
180.497
180.497
180.497
180.497
180.497
180.497
180.497
156.746
156.746
156.746
156.746
156.746
156.746
156.746
156.746
135.637
135.637
135.637
135.637
135.637
135.637
135.637
135.637
117.409
117.409
117.409
117.409
117.409
117.409
117.409
117.409
102.029
102.029
102.029
102.029
102.029
102.029
102.029
102.029
89.2901
89.2901
89.2901
89.2901
89.2901
89.2901
89.2901
89.2901
78.8955
78.8955
78.8955
78.8955
78.8955
78.8955
78.8955
78.8955
70.5189
70.5189
70.5189
70.5189
70.5189
70.5189
70.5189
70.5189
63.8413
63.8413
63.8413
63.8413
63.8413
63.8413
63.8413
63.8413
58.5726
58.5726
58.5726
58.5726
58.5726
58.5726
58.5726
58.5726
317.276
317.276
317.276
317.276
317.276
317.276
317.276
317.276
303.25
303.25
303.25
303.25
303.25
303.25
303.25
303.25
283.38
283.38
283.38
283.38
283.38
283.38
283.38
283.38
259.355
259.355
259.355
259.355
259.355
259.355
259.355
259.355
233.058
233.058
233.058
233.058
233.058
233.058
233.058
233.058
206.283
206.283
206.283
206.283
206.283
206.283
206.283
206.283
180.497
180.497
180.497
180.497
180.497
180.497
180.497
180.497
156.746
156.746
156.746
156.746
156.746
156.746
156.746
156.746
135.637
135.637
135.637
135.637
135.637
135.637
135.637
135.637
117.409
117.409
117.409
117.409
117.409
117.409
117.409
117.409
102.029
102.029
102.029
102.029
102.029
102.029
102.029
102.029
89.2901
89.2901
89.2901
89.2901
89.2901
89.2901
89.2901
89.2901
78.8955
78.8955
78.8955
78.8955
78.8955
78.8955
78.8955
78.8955
70.5189
70.5189
70.5189
70.5189
70.5189
70.5189
70.5189
70.5189
63.8413
63.8413
63.8413
63.8413
63.8413
63.8413
63.8413
63.8413
58.5726
58.5726
58.5726
58.5726
58.5726
58.5726
58.5726
58.5726
316.597
316.597
316.597
316.597
316.597
316.597
316.597
316.597
301.158
301.158
301.158
301.158
301.158
301.158
301.158
301.158
279.881
279.881
279.881
279.881
279.881
279.881
279.881
279.881
254.552
254.552
254.552
254.552
254.552
254.552
254.552
254.552
227.134
227.134
227.134
227.134
227.134
227.134
227.134
227.134
199.474
199.474
199.474
199.474
199.474
199.474
199.474
199.474
173.062
173.062
173.062
173.062
173.062
173.062
173.062
173.062
148.931
148.931
148.931
148.931
148.931
148.931
148.931
148.931
127.657
127.657
127.657
127.657
127.657
127.657
127.657
127.657
109.436
109.436
109.436
109.436
109.436
109.436
109.436
109.436
94.1867
94.1867
94.1867
94.1867
94.1867
94.1867
94.1867
94.1867
81.6609
81.6609
81.6609
81.6609
81.6609
81.6609
81.6609
81.6609
71.5279
71.5279
71.5279
71.5279
71.5279
71.5279
71.5279
71.5279
63.436
63.436
63.436
63.436
63.436
63.436
63.436
63.436
57.0518
57.0518
57.0518
57.0518
57.0518
57.0518
57.0518
57.0518
52.076
52.076
52.076
52.076
52.076
52.076
52.076
52.076
316.597
316.597
316.597
316.597
316.597
316.597
316.597
316.597
301.158
301.158
301.158
301.158
301.158
301.158
301.158
301.158
279.881
279.881
279.881
279.881
279.881
279.881
279.881
279.881
254.552
254.552
254.552
254.552
254.552
254.552
254.552
254.552
227.134
227.134
227.134
227.134
227.134
227.134
227.134
227.134
199.474
199.474
199.474
199.474
199.474
199.474
199.474
199.474
173.062
173.062
173.062
173.062
173.062
173.062
173.062
173.062
148.931
148.931
148.931
148.931
148.931
148.931
148.931
148.931
127.657
127.657
127.657
127.657
127.657
127.657
127.657
127.657
109.436
109.436
109.436
109.436
109.436
109.436
109.436
109.436
94.1867
94.1867
94.1867
94.1867
94.1867
94.1867
94.1867
94.1867
81.6609
81.6609
81.6609
81.6609
81.6609
81.6609
81.6609
81.6609
71.5279
71.5279
71.5279
71.5279
71.5279
71.5279
71.5279
71.5279
63.436
63.436
63.436
63.436
63.436
63.436
63.436
63.436
57.0518
57.0518
57.0518
57.0518
57.0518
57.0518
57.0518
57.0518
52.076
52.076
52.076
52.076
52.076
52.076
52.076
52.076
316.597
316.597
316.597
316.597
316.597
316.597
316.597
316.597
301.158
301.158
301.158
301.158
301.158
301.158
301.158
301.158
279.881
279.881
279.881
279.881
279.881
279.881
279.881
279.881
254.552
254.552
254.552
254.552
254.552
254.552
254.552
254.552
227.134
227.134
227.134
227.134
227.134
227.134
227.134
227.134
199.474
199.474
199.474
199.474
199.474
199.474
199.474
199.474
173.062
173.062
173.062
173.062
173.062
173.062
173.062
173.062
148.931
148.931
148.931
148.931
148.931
148.931
148.931
148.931
127.657
127.657
127.657
127.657
127.657
127.657
127.657
127.657
109.436
109.436
109.436
109.436
109.436
109.436
109.436
109.436
94.1867
94.1867
94.1867
94.1867
94.1867
94.1867
94.1867
94.1867
81.6609
81.6609
81.6609
81.6609
81.6609
81.6609
81.6609
81.6609
71.5279
71.5279
71.5279
71.5279
71.5279
71.5279
71.5279
71.5279
63.436
63.436
63.436
63.436
63.436
63.436
63.436
63.436
57.0518
57.0518
57.0518
57.0518
57.0518
57.0518
57.0518
57.0518
52.076
52.076
52.076
52.076
52.076
52.076
52.076
52.076
316.597
316.597
316.597
316.597
316.597
316.597
316.597
316.597
301.158
301.158
301.158
301.158
301.158
301.158
301.158
301.158
279.881
279.881
279.881
279.881
279.881
279.881
279.881
279.881
254.552
254.552
254.552
254.552
254.552
254.552
254.552
254.552
227.134
227.134
227.134
227.134
227.134
227.134
227.134
227.134
199.474
199.474
199.474
199.474
199.474
199.474
199.474
199.474
173.062
173.062
173.062
173.062
173.062
173.062
173.062
173.062
148.931
148.931
148.931
148.931
148.931
148.931
148.931
148.931
127.657
127.657
127.657
127.657
127.657
127.657
127.657
127.657
109.436
109.436
109.436
109.436
109.436
109.436
109.436
109.436
94.1867
94.1867
94.1867
94.1867
94.1867
94.1867
94.1867
94.1867
81.6609
81.6609
81.6609
81.6609
81.6609
81.6609
81.6609
81.6609
71.5279
71.5279
71.5279
71.5279
71.5279
71.5279
71.5279
71.5279
63.436
63.436
63.436
63.436
63.436
63.436
63.436
63.436
57.0518
57.0518
57.0518
57.0518
57.0518
57.0518
57.0518
57.0518
52.076
52.076
52.076
52.076
52.076
52.076
52.076
52.076
304.059
304.059
304.059
304.059
304.059
304.059
304.059
304.059
287.772
287.772
287.772
287.772
287.772
287.772
287.772
287.772
265.994
265.994
265.994
265.994
265.994
265.994
265.994
265.994
240.514
240.514
240.514
240.514
240.514
240.514
240.514
240.514
213.274
213.274
213.274
213.274
213.274
213.274
213.274
213.274
186.065
186.065
186.065
186.065
186.065
186.065
186.065
186.065
160.307
160.307
160.307
160.307
160.307
160.307
160.307
160.307
136.961
136.961
136.961
136.961
136.961
136.961
136.961
136.961
116.536
116.536
116.536
116.536
116.536
116.536
116.536
116.536
99.1705
99.1705
99.1705
99.1705
99.1705
99.1705
99.1705
99.1705
84.7427
84.7427
84.7427
84.7427
84.7427
84.7427
84.7427
84.7427
72.9775
72.9775
72.9775
72.9775
72.9775
72.9775
72.9775
72.9775
63.5302
63.5302
63.5302
63.5302
63.5302
63.5302
63.5302
63.5302
56.0451
56.0451
56.0451
56.0451
56.0451
56.0451
56.0451
56.0451
50.1917
50.1917
50.1917
50.1917
50.1917
50.1917
50.1917
50.1917
45.6791
45.6791
45.6791
45.6791
45.6791
45.6791
45.6791
45.6791
304.059
304.059
304.059
304.059
304.059
304.059
304.059
304.059
287.772
287.772
287.772
287.772
287.772
287.772
287.772
287.772
265.994
265.994
265.994
265.994
265.994
265.994
265.994
265.994
240.514
240.514
240.514
240.514
240.514
240.514
240.514
240.514
213.274
213.274
213.274
213.274
213.274
213.274
213.274
213.274
186.065
186.065
186.065
186.065
186.065
186.065
186.065
186.065
160.307
160.307
160.307
160.307
160.307
160.307
160.307
160.307
136.961
136.961
136.961
136.961
136.961
136.961
136.961
136.961
116.536
116.536
116.536
116.536
116.536
116.536
116.536
116.536
99.1705
99.1705
99.1705
99.1705
99.1705
99.1705
99.1705
99.1705
84.7427
84.7427
84.7427
84.7427
84.7427
84.7427
84.7427
84.7427
72.9775
72.9775
72.9775
72.9775
72.9775
72.9775
72.9775
72.9775
63.5302
63.5302
63.5302
63.5302
63.5302
63.5302
63.5302
63.5302
56.0451
56.0451
56.0451
56.0451
56.0451
56.0451
56.0451
56.0451
50.1917
50.1917
50.1917
50.1917
50.1917
50.1917
50.1917
50.1917
45.6791
45.6791
45.6791
45.6791
45.6791
45.6791
45.6791
45.6791
304.059
304.059
304.059
304.059
304.059
304.059
304.059
304.059
287.772
287.772
287.772
287.772
287.772
287.772
287.772
287.772
265.994
265.994
265.994
265.994
265.994
265.994
265.994
265.994
240.514
240.514
240.514
240.514
240.514
240.514
240.514
240.514
213.274
213.274
213.274
213.274
213.274
213.274
213.274
213.274
186.065
186.065
186.065
186.065
186.065
186.065
186.065
186.065
160.307
160.307
160.307
160.307
160.307
160.307
160.307
160.307
136.961
136.961
136.961
136.961
136.961
136.961
136.961
136.961
116.536
116.536
116.536
116.536
116.536
116.536
116.536
116.536
99.1705
99.1705
99.1705
99.1705
99.1705
99.1705
99.1705
99.1705
84.7427
84.7427
84.7427
84.7427
84.7427
84.7427
84.7427
84.7427
72.9775
72.9775
72.9775
72.9775
72.9775
72.9775
72.9775
72.9775
63.5302
63.5302
63.5302
63.5302
63.5302
63.5302
63.5302
63.5302
56.0451
56.0451
56.0451
56.0451
56.0451
56.0451
56.0451
56.0451
50.1917
50.1917
50.1917
50.1917
50.1917
50.1917
50.1917
50.1917
45.6791
45.6791
45.6791
45.6791
45.6791
45.6791
45.6791
45.6791
304.059
304.059
304.059
304.059
304.059
304.059
304.059
304.059
287.772
287.772
287.772
287.772
287.772
287.772
287.772
287.772
265.994
265.994
265.994
265.994
265.994
265.994
265.994
265.994
240.514
240.514
240.514
240.514
240.514
240.514
240.514
240.514
213.274
213.274
213.274
213.274
213.274
213.274
213.274
213.274
186.065
186.065
186.065
186.065
186.065
186.065
186.065
186.065
160.307
160.307
160.307
160.307
160.307
160.307
160.307
160.307
136.961
136.961
136.961
136.961
136.961
136.961
136.961
136.961
116.536
116.536
116.536
116.536
116.536
116.536
116.536
116.536
99.1705
99.1705
99.1705
99.1705
99.1705
99.1705
99.1705
99.1705
84.7427
84.7427
84.7427
84.7427
84.7427
84.7427
84.7427
84.7427
72.9775
72.9775
72.9775
72.9775
72.9775
72.9775
72.9775
72.9775
63.5302
63.5302
63.5302
63.5302
63.5302
63.5302
63.5302
63.5302
56.0451
56.0451
56.0451
56.0451
56.0451
56.0451
56.0451
56.0451
50.1917
50.1917
50.1917
50.1917
50.1917
50.1917
50.1917
50.1917
45.6791
45.6791
45.6791
45.6791
45.6791
45.6791
45.6791
45.6791
281.929
281.929
281.929
281.929
281.929
281.929
281.929
281.929
265.438
265.438
265.438
265.438
265.438
265.438
265.438
265.438
244.066
244.066
244.066
244.066
244.066
244.066
244.066
244.066
219.523
219.523
219.523
219.523
219.523
219.523
219.523
219.523
193.629
193.629
193.629
193.629
193.629
193.629
193.629
193.629
168.03
168.03
168.03
168.03
168.03
168.03
168.03
168.03
144.002
144.002
144.002
144.002
144.002
144.002
144.002
144.002
122.388
122.388
122.388
122.388
122.388
122.388
122.388
122.388
103.605
103.605
103.605
103.605
103.605
103.605
103.605
103.605
87.7372
87.7372
87.7372
87.7372
87.7372
87.7372
87.7372
87.7372
74.6335
74.6335
74.6335
74.6335
74.6335
74.6335
74.6335
74.6335
64.0109
64.0109
64.0109
64.0109
64.0109
64.0109
64.0109
64.0109
55.5323
55.5323
55.5323
55.5323
55.5323
55.5323
55.5323
55.5323
48.8581
48.8581
48.8581
48.8581
48.8581
48.8581
48.8581
48.8581
43.6776
43.6776
43.6776
43.6776
43.6776
43.6776
43.6776
43.6776
39.7219
39.7219
39.7219
39.7219
39.7219
39.7219
39.7219
39.7219
281.929
281.929
281.929
281.929
281.929
281.929
281.929
281.929
265.438
265.438
265.438
265.438
265.438
265.438
265.438
265.438
244.066
244.066
244.066
244.066
244.066
244.066
244.066
244.066
219.523
219.523
219.523
219.523
219.523
219.523
219.523
219.523
193.629
193.629
193.629
193.629
193.629
193.629
193.629
193.629
168.03
168.03
168.03
168.03
168.03
168.03
168.03
168.03
144.002
144.002
144.002
144.002
144.002
144.002
144.002
144.002
122.388
122.388
122.388
122.388
122.388
122.388
122.388
122.388
103.605
103.605
103.605
103.605
103.605
103.605
103.605
103.605
87.7372
87.7372
87.7372
87.7372
87.7372
87.7372
87.7372
87.7372
74.6335
74.6335
74.6335
74.6335
74.6335
74.6335
74.6335
74.6335
64.0109
64.0109
64.0109
64.0109
64.0109
64.0109
64.0109
64.0109
55.5323
55.5323
55.5323
55.5323
55.5323
55.5323
55.5323
55.5323
48.8581
48.8581
48.8581
48.8581
48.8581
48.8581
48.8581
48.8581
43.6776
43.6776
43.6776
43.6776
43.6776
43.6776
43.6776
43.6776
39.7219
39.7219
39.7219
39.7219
39.7219
39.7219
39.7219
39.7219
281.929
281.929
281.929
281.929
281.929
281.929
281.929
281.929
265.438
265.438
265.438
265.438
265.438
265.438
265.438
265.438
244.066
244.066
244.066
244.066
244.066
244.066
244.066
244.066
219.523
219.523
219.523
219.523
219.523
219.523
219.523
219.523
193.629
193.629
193.629
193.629
193.629
193.629
193.629
193.629
168.03
168.03
168.03
168.03
168.03
168.03
168.03
168.03
144.002
144.002
144.002
144.002
144.002
144.002
144.002
144.002
122.388
122.388
122.388
122.388
122.388
122.388
122.388
122.388
103.605
103.605
103.605
103.605
103.605
103.605
103.605
103.605
87.7372
87.7372
87.7372
87.7372
87.7372
87.7372
87.7372
87.7372
74.6335
74.6335
74.6335
74.6335
74.6335
74.6335
74.6335
74.6335
64.0109
64.0109
64.0109
64.0109
64.0109
64.0109
64.0109
64.0109
55.5323
55.5323
55.5323
55.5323
55.5323
55.5323
55.5323
55.5323
48.8581
48.8581
48.8581
48.8581
48.8581
48.8581
48.8581
48.8581
43.6776
43.6776
43.6776
43.6776
43.6776
43.6776
43.6776
43.6776
39.7219
39.7219
39.7219
39.7219
39.7219
39.7219
39.7219
39.7219
281.929
281.929
281.929
281.929
281.929
281.929
281.929
281.929
265.438
265.438
265.438
265.438
265.438
265.438
265.438
265.438
244.066
244.066
244.066
244.066
244.066
244.066
244.066
244.066
219.523
219.523
219.523
219.523
219.523
219.523
219.523
219.523
193.629
193.629
193.629
193.629
193.629
193.629
193.629
193.629
168.03
168.03
168.03
168.03
168.03
168.03
168.03
168.03
144.002
144.002
144.002
144.002
144.002
144.002
144.002
144.002
122.388
122.388
122.388
122.388
122.388
122.388
122.388
122.388
103.605
103.605
103.605
103.605
103.605
103.605
103.605
103.605
87.7372
87.7372
87.7372
87.7372
87.7372
87.7372
87.7372
87.7372
74.6335
74.6335
74.6335
74.6335
74.6335
74.6335
74.6335
74.6335
64.0109
64.0109
64.0109
64.0109
64.0109
64.0109
64.0109
64.0109
55.5323
55.5323
55.5323
55.5323
55.5323
55.5323
55.5323
55.5323
48.8581
48.8581
48.8581
48.8581
48.8581
48.8581
48.8581
48.8581
43.6776
43.6776
43.6776
43.6776
43.6776
43.6776
43.6776
43.6776
39.7219
39.7219
39.7219
39.7219
39.7219
39.7219
39.7219
39.7219
253.518
253.518
253.518
253.518
253.518
253.518
253.518
253.518
237.44
237.44
237.44
237.44
237.44
237.44
237.44
237.44
217.247
217.247
217.247
217.247
217.247
217.247
217.247
217.247
194.504
194.504
194.504
194.504
194.504
194.504
194.504
194.504
170.832
170.832
170.832
170.832
170.832
170.832
170.832
170.832
147.666
147.666
147.666
147.666
147.666
147.666
147.666
147.666
126.101
126.101
126.101
126.101
126.101
126.101
126.101
126.101
106.833
106.833
106.833
106.833
106.833
106.833
106.833
106.833
90.1869
90.1869
90.1869
90.1869
90.1869
90.1869
90.1869
90.1869
76.1952
76.1952
76.1952
76.1952
76.1952
76.1952
76.1952
76.1952
64.6944
64.6944
64.6944
64.6944
64.6944
64.6944
64.6944
64.6944
55.4128
55.4128
55.4128
55.4128
55.4128
55.4128
55.4128
55.4128
48.038
48.038
48.038
48.038
48.038
48.038
48.038
48.038
42.2622
42.2622
42.2622
42.2622
42.2622
42.2622
42.2622
42.2622
37.807
37.807
37.807
37.807
37.807
37.807
37.807
37.807
34.4346
34.4346
34.4346
34.4346
34.4346
34.4346
34.4346
34.4346
253.518
253.518
253.518
253.518
253.518
253.518
253.518
253.518
237.44
237.44
237.44
237.44
237.44
237.44
237.44
237.44
217.247
217.247
217.247
217.247
217.247
217.247
217.247
217.247
194.504
194.504
194.504
194.504
194.504
194.504
194.504
194.504
170.832
170.832
170.832
170.832
170.832
170.832
170.832
170.832
147.666
147.666
147.666
147.666
147.666
147.666
147.666
147.666
126.101
126.101
126.101
126.101
126.101
126.101
126.101
126.101
106.833
106.833
106.833
106.833
106.833
106.833
106.833
106.833
90.1869
90.1869
90.1869
90.1869
90.1869
90.1869
90.1869
90.1869
76.1952
76.1952
76.1952
76.1952
76.1952
76.1952
76.1952
76.1952
64.6944
64.6944
64.6944
64.6944
64.6944
64.6944
64.6944
64.6944
55.4128
55.4128
55.4128
55.4128
55.4128
55.4128
55.4128
55.4128
48.038
48.038
48.038
48.038
48.038
48.038
48.038
48.038
42.2622
42.2622
42.2622
42.2622
42.2622
42.2622
42.2622
42.2622
37.807
37.807
37.807
37.807
37.807
37.807
37.807
37.807
34.4346
34.4346
34.4346
34.4346
34.4346
34.4346
34.4346
34.4346
253.518
253.518
253.518
253.518
253.518
253.518
253.518
253.518
237.44
237.44
237.44
237.44
237.44
237.44
237.44
237.44
217.247
217.247
217.247
217.247
217.247
217.247
217.247
217.247
194.504
194.504
194.504
194.504
194.504
194.504
194.504
194.504
170.832
170.832
170.832
170.832
170.832
170.832
170.832
170.832
147.666
147.666
147.666
147.666
147.666
147.666
147.666
147.666
126.101
126.101
126.101
126.101
126.101
126.101
126.101
126.101
106.833
106.833
106.833
106.833
106.833
106.833
106.833
106.833
90.1869
90.1869
90.1869
90.1869
90.1869
90.1869
90.1869
90.1869
76.1952
76.1952
76.1952
76.1952
76.1952
76.1952
76.1952
76.1952
64.6944
64.6944
64.6944
64.6944
64.6944
64.6944
64.6944
64.6944
55.4128
55.4128
55.4128
55.4128
55.4128
55.4128
55.4128
55.4128
48.038
48.038
48.038
48.038
48.038
48.038
48.038
48.038
42.2622
42.2622
42.2622
42.2622
42.2622
42.2622
42.2622
42.2622
37.807
37.807
37.807
37.807
37.807
37.807
37.807
37.807
34.4346
34.4346
34.4346
34.4346
34.4346
34.4346
34.4346
34.4346
253.518
253.518
253.518
253.518
253.518
253.518
253.518
253.518
237.44
237.44
237.44
237.44
237.44
237.44
237.44
237.44
217.247
217.247
217.247
217.247
217.247
217.247
217.247
217.247
194.504
194.504
194.504
194.504
194.504
194.504
194.504
194.504
170.832
170.832
170.832
170.832
170.832
170.832
170.832
170.832
147.666
147.666
147.666
147.666
147.666
147.666
147.666
147.666
126.101
126.101
126.101
126.101
126.101
126.101
126.101
126.101
106.833
106.833
106.833
106.833
106.833
106.833
106.833
106.833
90.1869
90.1869
90.1869
90.1869
90.1869
90.1869
90.1869
90.1869
76.1952
76.1952
76.1952
76.1952
76.1952
76.1952
76.1952
76.1952
64.6944
64.6944
64.6944
64.6944
64.6944
64.6944
64.6944
64.6944
55.4128
55.4128
55.4128
55.4128
55.4128
55.4128
55.4128
55.4128
48.038
48.038
48.038
48.038
48.038
48.038
48.038
48.038
42.2622
42.2622
42.2622
42.2622
42.2622
42.2622
42.2622
42.2622
37.807
37.807
37.807
37.807
37.807
37.807
37.807
37.807
34.4346
34.4346
34.4346
34.4346
34.4346
34.4346
34.4346
34.4346
222.338
222.338
222.338
222.338
222.338
222.338
222.338
222.338
207.181
207.181
207.181
207.181
207.181
207.181
207.181
207.181
188.719
188.719
188.719
188.719
188.719
188.719
188.719
188.719
168.322
168.322
168.322
168.322
168.322
168.322
168.322
168.322
147.376
147.376
147.376
147.376
147.376
147.376
147.376
147.376
127.082
127.082
127.082
127.082
127.082
127.082
127.082
127.082
108.333
108.333
108.333
108.333
108.333
108.333
108.333
108.333
91.6805
91.6805
91.6805
91.6805
91.6805
91.6805
91.6805
91.6805
77.3605
77.3605
77.3605
77.3605
77.3605
77.3605
77.3605
77.3605
65.37
65.37
65.37
65.37
65.37
65.37
65.37
65.37
55.5463
55.5463
55.5463
55.5463
55.5463
55.5463
55.5463
55.5463
47.6419
47.6419
47.6419
47.6419
47.6419
47.6419
47.6419
47.6419
41.3814
41.3814
41.3814
41.3814
41.3814
41.3814
41.3814
41.3814
36.4971
36.4971
36.4971
36.4971
36.4971
36.4971
36.4971
36.4971
32.7499
32.7499
32.7499
32.7499
32.7499
32.7499
32.7499
32.7499
29.937
29.937
29.937
29.937
29.937
29.937
29.937
29.937
222.338
222.338
222.338
222.338
222.338
222.338
222.338
222.338
207.181
207.181
207.181
207.181
207.181
207.181
207.181
207.181
188.719
188.719
188.719
188.719
188.719
188.719
188.719
188.719
168.322
168.322
168.322
168.322
168.322
168.322
168.322
168.322
147.376
147.376
147.376
147.376
147.376
147.376
147.376
147.376
127.082
127.082
127.082
127.082
127.082
127.082
127.082
127.082
108.333
108.333
108.333
108.333
108.333
108.333
108.333
108.333
91.6805
91.6805
91.6805
91.6805
91.6805
91.6805
91.6805
91.6805
77.3605
77.3605
77.3605
77.3605
77.3605
77.3605
77.3605
77.3605
65.37
65.37
65.37
65.37
65.37
65.37
65.37
65.37
55.5463
55.5463
55.5463
55.5463
55.5463
55.5463
55.5463
55.5463
47.6419
47.6419
47.6419
47.6419
47.6419
47.6419
47.6419
47.6419
41.3814
41.3814
41.3814
41.3814
41.3814
41.3814
41.3814
41.3814
36.4971
36.4971
36.4971
36.4971
36.4971
36.4971
36.4971
36.4971
32.7499
32.7499
32.7499
32.7499
32.7499
32.7499
32.7499
32.7499
29.937
29.937
29.937
29.937
29.937
29.937
29.937
29.937
222.338
222.338
222.338
222.338
222.338
222.338
222.338
222.338
207.181
207.181
207.181
207.181
207.181
207.181
207.181
207.181
188.719
188.719
188.719
188.719
188.719
188.719
188.719
188.719
168.322
168.322
168.322
168.322
168.322
168.322
168.322
168.322
147.376
147.376
147.376
147.376
147.376
147.376
147.376
147.376
127.082
127.082
127.082
127.082
127.082
127.082
127.082
127.082
108.333
108.333
108.333
108.333
108.333
108.333
108.333
108.333
91.6805
91.6805
91.6805
91.6805
91.6805
91.6805
91.6805
91.6805
77.3605
77.3605
77.3605
77.3605
77.3605
77.3605
77.3605
77.3605
65.37
65.37
65.37
65.37
65.37
65.37
65.37
65.37
55.5463
55.5463
55.5463
55.5463
55.5463
55.5463
55.5463
55.5463
47.6419
47.6419
47.6419
47.6419
47.6419
47.6419
47.6419
47.6419
41.3814
41.3814
41.3814
41.3814
41.3814
41.3814
41.3814
41.3814
36.4971
36.4971
36.4971
36.4971
36.4971
36.4971
36.4971
36.4971
32.7499
32.7499
32.7499
32.7499
32.7499
32.7499
32.7499
32.7499
29.937
29.937
29.937
29.937
29.937
29.937
29.937
29.937
222.338
222.338
222.338
222.338
222.338
222.338
222.338
222.338
207.181
207.181
207.181
207.181
207.181
207.181
207.181
207.181
188.719
188.719
188.719
188.719
188.719
188.719
188.719
188.719
168.322
168.322
168.322
168.322
168.322
168.322
168.322
168.322
147.376
147.376
147.376
147.376
147.376
147.376
147.376
147.376
127.082
127.082
127.082
127.082
127.082
127.082
127.082
127.082
108.333
108.333
108.333
108.333
108.333
108.333
108.333
108.333
91.6805
91.6805
91.6805
91.6805
91.6805
91.6805
91.6805
91.6805
77.3605
77.3605
77.3605
77.3605
77.3605
77.3605
77.3605
77.3605
65.37
65.37
65.37
65.37
65.37
65.37
65.37
65.37
55.5463
55.5463
55.5463
55.5463
55.5463
55.5463
55.5463
55.5463
47.6419
47.6419
47.6419
47.6419
47.6419
47.6419
47.6419
47.6419
41.3814
41.3814
41.3814
41.3814
41.3814
41.3814
41.3814
41.3814
36.4971
36.4971
36.4971
36.4971
36.4971
36.4971
36.4971
36.4971
32.7499
32.7499
32.7499
32.7499
32.7499
32.7499
32.7499
32.7499
29.937
29.937
29.937
29.937
29.937
29.937
29.937
29.937
191.408
191.408
191.408
191.408
191.408
191.408
191.408
191.408
177.519
177.519
177.519
177.519
177.519
177.519
177.519
177.519
161.084
161.084
161.084
161.084
161.084
161.084
161.084
161.084
143.265
143.265
143.265
143.265
143.265
143.265
143.265
143.265
125.203
125.203
125.203
125.203
125.203
125.203
125.203
125.203
107.866
107.866
107.866
107.866
107.866
107.866
107.866
107.866
91.9585
91.9585
91.9585
91.9585
91.9585
91.9585
91.9585
91.9585
77.899
77.899
77.899
77.899
77.899
77.899
77.899
77.899
65.8518
65.8518
65.8518
65.8518
65.8518
65.8518
65.8518
65.8518
55.7903
55.7903
55.7903
55.7903
55.7903
55.7903
55.7903
55.7903
47.5629
47.5629
47.5629
47.5629
47.5629
47.5629
47.5629
47.5629
40.9546
40.9546
40.9546
40.9546
40.9546
40.9546
40.9546
40.9546
35.7312
35.7312
35.7312
35.7312
35.7312
35.7312
35.7312
35.7312
31.6685
31.6685
31.6685
31.6685
31.6685
31.6685
31.6685
31.6685
28.5672
28.5672
28.5672
28.5672
28.5672
28.5672
28.5672
28.5672
26.2597
26.2597
26.2597
26.2597
26.2597
26.2597
26.2597
26.2597
191.408
191.408
191.408
191.408
191.408
191.408
191.408
191.408
177.519
177.519
177.519
177.519
177.519
177.519
177.519
177.519
161.084
161.084
161.084
161.084
161.084
161.084
161.084
161.084
143.265
143.265
143.265
143.265
143.265
143.265
143.265
143.265
125.203
125.203
125.203
125.203
125.203
125.203
125.203
125.203
107.866
107.866
107.866
107.866
107.866
107.866
107.866
107.866
91.9585
91.9585
91.9585
91.9585
91.9585
91.9585
91.9585
91.9585
77.899
77.899
77.899
77.899
77.899
77.899
77.899
77.899
65.8518
65.8518
65.8518
65.8518
65.8518
65.8518
65.8518
65.8518
55.7903
55.7903
55.7903
55.7903
55.7903
55.7903
55.7903
55.7903
47.5629
47.5629
47.5629
47.5629
47.5629
47.5629
47.5629
47.5629
40.9546
40.9546
40.9546
40.9546
40.9546
40.9546
40.9546
40.9546
35.7312
35.7312
35.7312
35.7312
35.7312
35.7312
35.7312
35.7312
31.6685
31.6685
31.6685
31.6685
31.6685
31.6685
31.6685
31.6685
28.5672
28.5672
28.5672
28.5672
28.5672
28.5672
28.5672
28.5672
26.2597
26.2597
26.2597
26.2597
26.2597
26.2597
26.2597
26.2597
191.408
191.408
191.408
191.408
191.408
191.408
191.408
191.408
177.519
177.519
177.519
177.519
177.519
177.519
177.519
177.519
161.084
161.084
161.084
161.084
161.084
161.084
161.084
161.084
143.265
143.265
143.265
143.265
143.265
143.265
143.265
143.265
125.203
125.203
125.203
125.203
125.203
125.203
125.203
125.203
107.866
107.866
107.866
107.866
107.866
107.866
107.866
107.866
91.9585
91.9585
91.9585
91.9585
91.9585
91.9585
91.9585
91.9585
77.899
77.899
77.899
77.899
77.899
77.899
77.899
77.899
65.8518
65.8518
65.8518
65.8518
65.8518
65.8518
65.8518
65.8518
55.7903
55.7903
55.7903
55.7903
55.7903
55.7903
55.7903
55.7903
47.5629
47.5629
47.5629
47.5629
47.5629
47.5629
47.5629
47.5629
40.9546
40.9546
40.9546
40.9546
40.9546
40.9546
40.9546
40.9546
35.7312
35.7312
35.7312
35.7312
35.7312
35.7312
35.7312
35.7312
31.6685
31.6685
31.6685
31.6685
31.6685
31.6685
31.6685
31.6685
28.5672
28.5672
28.5672
28.5672
28.5672
28.5672
28.5672
28.5672
26.2597
26.2597
26.2597
26.2597
26.2597
26.2597
26.2597
26.2597
191.408
191.408
191.408
191.408
191.408
191.408
191.408
191.408
177.519
177.519
177.519
177.519
177.519
177.519
177.519
177.519
161.084
161.084
161.084
161.084
161.084
161.084
161.084
161.084
143.265
143.265
143.265
143.265
143.265
143.265
143.265
143.265
125.203
125.203
125.203
125.203
125.203
125.203
125.203
125.203
107.866
107.866
107.866
107.866
107.866
107.866
107.866
107.866
91.9585
91.9585
91.9585
91.9585
91.9585
91.9585
91.9585
91.9585
77.899
77.899
77.899
77.899
77.899
77.899
77.899
77.899
65.8518
65.8518
65.8518
65.8518
65.8518
65.8518
65.8518
65.8518
55.7903
55.7903
55.7903
55.7903
55.7903
55.7903
55.7903
55.7903
47.5629
47.5629
47.5629
47.5629
47.5629
47.5629
47.5629
47.5629
40.9546
40.9546
40.9546
40.9546
40.9546
40.9546
40.9546
40.9546
35.7312
35.7312
35.7312
35.7312
35.7312
35.7312
35.7312
35.7312
31.6685
31.6685
31.6685
31.6685
31.6685
31.6685
31.6685
31.6685
28.5672
28.5672
28.5672
28.5672
28.5672
28.5672
28.5672
28.5672
26.2597
26.2597
26.2597
26.2597
26.2597
26.2597
26.2597
26.2597
162.87
162.87
162.87
162.87
162.87
162.87
162.87
162.87
150.431
150.431
150.431
150.431
150.431
150.431
150.431
150.431
136.096
136.096
136.096
136.096
136.096
136.096
136.096
136.096
120.825
120.825
120.825
120.825
120.825
120.825
120.825
120.825
105.533
105.533
105.533
105.533
105.533
105.533
105.533
105.533
90.9818
90.9818
90.9818
90.9818
90.9818
90.9818
90.9818
90.9818
77.7083
77.7083
77.7083
77.7083
77.7083
77.7083
77.7083
77.7083
66.0231
66.0231
66.0231
66.0231
66.0231
66.0231
66.0231
66.0231
56.035
56.035
56.035
56.035
56.035
56.035
56.035
56.035
47.7052
47.7052
47.7052
47.7052
47.7052
47.7052
47.7052
47.7052
40.8997
40.8997
40.8997
40.8997
40.8997
40.8997
40.8997
40.8997
35.4377
35.4377
35.4377
35.4377
35.4377
35.4377
35.4377
35.4377
31.1262
31.1262
31.1262
31.1262
31.1262
31.1262
31.1262
31.1262
27.7818
27.7818
27.7818
27.7818
27.7818
27.7818
27.7818
27.7818
25.2428
25.2428
25.2428
25.2428
25.2428
25.2428
25.2428
25.2428
23.3734
23.3734
23.3734
23.3734
23.3734
23.3734
23.3734
23.3734
162.87
162.87
162.87
162.87
162.87
162.87
162.87
162.87
150.431
150.431
150.431
150.431
150.431
150.431
150.431
150.431
136.096
136.096
136.096
136.096
136.096
136.096
136.096
136.096
120.825
120.825
120.825
120.825
120.825
120.825
120.825
120.825
105.533
105.533
105.533
105.533
105.533
105.533
105.533
105.533
90.9818
90.9818
90.9818
90.9818
90.9818
90.9818
90.9818
90.9818
77.7083
77.7083
77.7083
77.7083
77.7083
77.7083
77.7083
77.7083
66.0231
66.0231
66.0231
66.0231
66.0231
66.0231
66.0231
66.0231
56.035
56.035
56.035
56.035
56.035
56.035
56.035
56.035
47.7052
47.7052
47.7052
47.7052
47.7052
47.7052
47.7052
47.7052
40.8997
40.8997
40.8997
40.8997
40.8997
40.8997
40.8997
40.8997
35.4377
35.4377
35.4377
35.4377
35.4377
35.4377
35.4377
35.4377
31.1262
31.1262
31.1262
31.1262
31.1262
31.1262
31.1262
31.1262
27.7818
27.7818
27.7818
27.7818
27.7818
27.7818
27.7818
27.7818
25.2428
25.2428
25.2428
25.2428
25.2428
25.2428
25.2428
25.2428
23.3734
23.3734
23.3734
23.3734
23.3734
23.3734
23.3734
23.3734
162.87
162.87
162.87
162.87
162.87
162.87
162.87
162.87
150.431
150.431
150.431
150.431
150.431
150.431
150.431
150.431
136.096
136.096
136.096
136.096
136.096
136.096
136.096
136.096
120.825
120.825
120.825
120.825
120.825
120.825
120.825
120.825
105.533
105.533
105.533
105.533
105.533
105.533
105.533
105.533
90.9818
90.9818
90.9818
90.9818
90.9818
90.9818
90.9818
90.9818
77.7083
77.7083
77.7083
77.7083
77.7083
77.7083
77.7083
77.7083
66.0231
66.0231
66.0231
66.0231
66.0231
66.0231
66.0231
66.0231
56.035
56.035
56.035
56.035
56.035
56.035
56.035
56.035
47.7052
47.7052
47.7052
47.7052
47.7052
47.7052
47.7052
47.7052
40.8997
40.8997
40.8997
40.8997
40.8997
40.8997
40.8997
40.8997
35.4377
35.4377
35.4377
35.4377
35.4377
35.4377
35.4377
35.4377
31.1262
31.1262
31.1262
31.1262
31.1262
31.1262
31.1262
31.1262
27.7818
27.7818
27.7818
27.7818
27.7818
27.7818
27.7818
27.7818
25.2428
25.2428
25.2428
25.2428
25.2428
25.2428
25.2428
25.2428
23.3734
23.3734
23.3734
23.3734
23.3734
23.3734
23.3734
23.3734
162.87
162.87
162.87
162.87
162.87
162.87
162.87
162.87
150.431
150.431
150.431
150.431
150.431
150.431
150.431
150.431
136.096
136.096
136.096
136.096
136.096
136.096
136.096
136.096
120.825
120.825
120.825
120.825
120.825
120.825
120.825
120.825
105.533
105.533
105.533
105.533
105.533
105.533
105.533
105.533
90.9818
90.9818
90.9818
90.9818
90.9818
90.9818
90.9818
90.9818
77.7083
77.7083
77.7083
77.7083
77.7083
77.7083
77.7083
77.7083
66.0231
66.0231
66.0231
66.0231
66.0231
66.0231
66.0231
66.0231
56.035
56.035
56.035
56.035
56.035
56.035
56.035
56.035
47.7052
47.7052
47.7052
47.7052
47.7052
47.7052
47.7052
47.7052
40.8997
40.8997
40.8997
40.8997
40.8997
40.8997
40.8997
40.8997
35.4377
35.4377
35.4377
35.4377
35.4377
35.4377
35.4377
35.4377
31.1262
31.1262
31.1262
31.1262
31.1262
31.1262
31.1262
31.1262
27.7818
27.7818
27.7818
27.7818
27.7818
27.7818
27.7818
27.7818
25.2428
25.2428
25.2428
25.2428
25.2428
25.2428
25.2428
25.2428
23.3734
23.3734
23.3734
23.3734
23.3734
23.3734
23.3734
23.3734
137.943
137.943
137.943
137.943
137.943
137.943
137.943
137.943
126.986
126.986
126.986
126.986
126.986
126.986
126.986
126.986
114.656
114.656
114.656
114.656
114.656
114.656
114.656
114.656
101.73
101.73
101.73
101.73
101.73
101.73
101.73
101.73
88.928
88.928
88.928
88.928
88.928
88.928
88.928
88.928
76.8364
76.8364
76.8364
76.8364
76.8364
76.8364
76.8364
76.8364
65.8615
65.8615
65.8615
65.8615
65.8615
65.8615
65.8615
65.8615
56.2281
56.2281
56.2281
56.2281
56.2281
56.2281
56.2281
56.2281
48.0064
48.0064
48.0064
48.0064
48.0064
48.0064
48.0064
48.0064
41.1532
41.1532
41.1532
41.1532
41.1532
41.1532
41.1532
41.1532
35.5545
35.5545
35.5545
35.5545
35.5545
35.5545
35.5545
35.5545
31.0622
31.0622
31.0622
31.0622
31.0622
31.0622
31.0622
31.0622
27.5203
27.5203
27.5203
27.5203
27.5203
27.5203
27.5203
27.5203
24.7815
24.7815
24.7815
24.7815
24.7815
24.7815
24.7815
24.7815
22.7166
22.7166
22.7166
22.7166
22.7166
22.7166
22.7166
22.7166
21.2172
21.2172
21.2172
21.2172
21.2172
21.2172
21.2172
21.2172
137.943
137.943
137.943
137.943
137.943
137.943
137.943
137.943
126.986
126.986
126.986
126.986
126.986
126.986
126.986
126.986
114.656
114.656
114.656
114.656
114.656
114.656
114.656
114.656
101.73
101.73
101.73
101.73
101.73
101.73
101.73
101.73
88.928
88.928
88.928
88.928
88.928
88.928
88.928
88.928
76.8364
76.8364
76.8364
76.8364
76.8364
76.8364
76.8364
76.8364
65.8615
65.8615
65.8615
65.8615
65.8615
65.8615
65.8615
65.8615
56.2281
56.2281
56.2281
56.2281
56.2281
56.2281
56.2281
56.2281
48.0064
48.0064
48.0064
48.0064
48.0064
48.0064
48.0064
48.0064
41.1532
41.1532
41.1532
41.1532
41.1532
41.1532
41.1532
41.1532
35.5545
35.5545
35.5545
35.5545
35.5545
35.5545
35.5545
35.5545
31.0622
31.0622
31.0622
31.0622
31.0622
31.0622
31.0622
31.0622
27.5203
27.5203
27.5203
27.5203
27.5203
27.5203
27.5203
27.5203
24.7815
24.7815
24.7815
24.7815
24.7815
24.7815
24.7815
24.7815
22.7166
22.7166
22.7166
22.7166
22.7166
22.7166
22.7166
22.7166
21.2172
21.2172
21.2172
21.2172
21.2172
21.2172
21.2172
21.2172
137.943
137.943
137.943
137.943
137.943
137.943
137.943
137.943
126.986
126.986
126.986
126.986
126.986
126.986
126.986
126.986
114.656
114.656
114.656
114.656
114.656
114.656
114.656
114.656
101.73
101.73
101.73
101.73
101.73
101.73
101.73
101.73
88.928
88.928
88.928
88.928
88.928
88.928
88.928
88.928
76.8364
76.8364
76.8364
76.8364
76.8364
76.8364
76.8364
76.8364
65.8615
65.8615
65.8615
65.8615
65.8615
65.8615
65.8615
65.8615
56.2281
56.2281
56.2281
56.2281
56.2281
56.2281
56.2281
56.2281
48.0064
48.0064
48.0064
48.0064
48.0064
48.0064
48.0064
48.0064
41.1532
41.1532
41.1532
41.1532
41.1532
41.1532
41.1532
41.1532
35.5545
35.5545
35.5545
35.5545
35.5545
35.5545
35.5545
35.5545
31.0622
31.0622
31.0622
31.0622
31.0622
31.0622
31.0622
31.0622
27.5203
27.5203
27.5203
27.5203
27.5203
27.5203
27.5203
27.5203
24.7815
24.7815
24.7815
24.7815
24.7815
24.7815
24.7815
24.7815
22.7166
22.7166
22.7166
22.7166
22.7166
22.7166
22.7166
22.7166
21.2172
21.2172
21.2172
21.2172
21.2172
21.2172
21.2172
21.2172
137.943
137.943
137.943
137.943
137.943
137.943
137.943
137.943
126.986
126.986
126.986
126.986
126.986
126.986
126.986
126.986
114.656
114.656
114.656
114.656
114.656
114.656
114.656
114.656
101.73
101.73
101.73
101.73
101.73
101.73
101.73
101.73
88.928
88.928
88.928
88.928
88.928
88.928
88.928
88.928
76.8364
76.8364
76.8364
76.8364
76.8364
76.8364
76.8364
76.8364
65.8615
65.8615
65.8615
65.8615
65.8615
65.8615
65.8615
65.8615
56.2281
56.2281
56.2281
56.2281
56.2281
56.2281
56.2281
56.2281
48.0064
48.0064
48.0064
48.0064
48.0064
48.0064
48.0064
48.0064
41.1532
41.1532
41.1532
41.1532
41.1532
41.1532
41.1532
41.1532
35.5545
35.5545
35.5545
35.5545
35.5545
35.5545
35.5545
35.5545
31.0622
31.0622
31.0622
31.0622
31.0622
31.0622
31.0622
31.0622
27.5203
27.5203
27.5203
27.5203
27.5203
27.5203
27.5203
27.5203
24.7815
24.7815
24.7815
24.7815
24.7815
24.7815
24.7815
24.7815
22.7166
22.7166
22.7166
22.7166
22.7166
22.7166
22.7166
22.7166
21.2172
21.2172
21.2172
21.2172
21.2172
21.2172
21.2172
21.2172
117.069
117.069
117.069
117.069
117.069
117.069
117.069
117.069
107.525
107.525
107.525
107.525
107.525
107.525
107.525
107.525
97.0031
97.0031
97.0031
97.0031
97.0031
97.0031
97.0031
97.0031
86.1251
86.1251
86.1251
86.1251
86.1251
86.1251
86.1251
86.1251
75.4537
75.4537
75.4537
75.4537
75.4537
75.4537
75.4537
75.4537
65.4378
65.4378
65.4378
65.4378
65.4378
65.4378
65.4378
65.4378
56.3816
56.3816
56.3816
56.3816
56.3816
56.3816
56.3816
56.3816
48.4484
48.4484
48.4484
48.4484
48.4484
48.4484
48.4484
48.4484
41.6824
41.6824
41.6824
41.6824
41.6824
41.6824
41.6824
41.6824
36.042
36.042
36.042
36.042
36.042
36.042
36.042
36.042
31.4328
31.4328
31.4328
31.4328
31.4328
31.4328
31.4328
31.4328
27.7353
27.7353
27.7353
27.7353
27.7353
27.7353
27.7353
27.7353
24.8249
24.8249
24.8249
24.8249
24.8249
24.8249
24.8249
24.8249
22.5847
22.5847
22.5847
22.5847
22.5847
22.5847
22.5847
22.5847
20.9123
20.9123
20.9123
20.9123
20.9123
20.9123
20.9123
20.9123
19.7214
19.7214
19.7214
19.7214
19.7214
19.7214
19.7214
19.7214
117.069
117.069
117.069
117.069
117.069
117.069
117.069
117.069
107.525
107.525
107.525
107.525
107.525
107.525
107.525
107.525
97.0031
97.0031
97.0031
97.0031
97.0031
97.0031
97.0031
97.0031
86.1251
86.1251
86.1251
86.1251
86.1251
86.1251
86.1251
86.1251
75.4537
75.4537
75.4537
75.4537
75.4537
75.4537
75.4537
75.4537
65.4378
65.4378
65.4378
65.4378
65.4378
65.4378
65.4378
65.4378
56.3816
56.3816
56.3816
56.3816
56.3816
56.3816
56.3816
56.3816
48.4484
48.4484
48.4484
48.4484
48.4484
48.4484
48.4484
48.4484
41.6824
41.6824
41.6824
41.6824
41.6824
41.6824
41.6824
41.6824
36.042
36.042
36.042
36.042
36.042
36.042
36.042
36.042
31.4328
31.4328
31.4328
31.4328
31.4328
31.4328
31.4328
31.4328
27.7353
27.7353
27.7353
27.7353
27.7353
27.7353
27.7353
27.7353
24.8249
24.8249
24.8249
24.8249
24.8249
24.8249
24.8249
24.8249
22.5847
22.5847
22.5847
22.5847
22.5847
22.5847
22.5847
22.5847
20.9123
20.9123
20.9123
20.9123
20.9123
20.9123
20.9123
20.9123
19.7214
19.7214
19.7214
19.7214
19.7214
19.7214
19.7214
19.7214
117.069
117.069
117.069
117.069
117.069
117.069
117.069
117.069
107.525
107.525
107.525
107.525
107.525
107.525
107.525
107.525
97.0031
97.0031
97.0031
97.0031
97.0031
97.0031
97.0031
97.0031
86.1251
86.1251
86.1251
86.1251
86.1251
86.1251
86.1251
86.1251
75.4537
75.4537
75.4537
75.4537
75.4537
75.4537
75.4537
75.4537
65.4378
65.4378
65.4378
65.4378
65.4378
65.4378
65.4378
65.4378
56.3816
56.3816
56.3816
56.3816
56.3816
56.3816
56.3816
56.3816
48.4484
48.4484
48.4484
48.4484
48.4484
48.4484
48.4484
48.4484
41.6824
41.6824
41.6824
41.6824
41.6824
41.6824
41.6824
41.6824
36.042
36.042
36.042
36.042
36.042
36.042
36.042
36.042
31.4328
31.4328
31.4328
31.4328
31.4328
31.4328
31.4328
31.4328
27.7353
27.7353
27.7353
27.7353
27.7353
27.7353
27.7353
27.7353
24.8249
24.8249
24.8249
24.8249
24.8249
24.8249
24.8249
24.8249
22.5847
22.5847
22.5847
22.5847
22.5847
22.5847
22.5847
22.5847
20.9123
20.9123
20.9123
20.9123
20.9123
20.9123
20.9123
20.9123
19.7214
19.7214
19.7214
19.7214
19.7214
19.7214
19.7214
19.7214
117.069
117.069
117.069
117.069
117.069
117.069
117.069
117.069
107.525
107.525
107.525
107.525
107.525
107.525
107.525
107.525
97.0031
97.0031
97.0031
97.0031
97.0031
97.0031
97.0031
97.0031
86.1251
86.1251
86.1251
86.1251
86.1251
86.1251
86.1251
86.1251
75.4537
75.4537
75.4537
75.4537
75.4537
75.4537
75.4537
75.4537
65.4378
65.4378
65.4378
65.4378
65.4378
65.4378
65.4378
65.4378
56.3816
56.3816
56.3816
56.3816
56.3816
56.3816
56.3816
56.3816
48.4484
48.4484
48.4484
48.4484
48.4484
48.4484
48.4484
48.4484
41.6824
41.6824
41.6824
41.6824
41.6824
41.6824
41.6824
41.6824
36.042
36.042
36.042
36.042
36.042
36.042
36.042
36.042
31.4328
31.4328
31.4328
31.4328
31.4328
31.4328
31.4328
31.4328
27.7353
27.7353
27.7353
27.7353
27.7353
27.7353
27.7353
27.7353
24.8249
24.8249
24.8249
24.8249
24.8249
24.8249
24.8249
24.8249
22.5847
22.5847
22.5847
22.5847
22.5847
22.5847
22.5847
22.5847
20.9123
20.9123
20.9123
20.9123
20.9123
20.9123
20.9123
20.9123
19.7214
19.7214
19.7214
19.7214
19.7214
19.7214
19.7214
19.7214
100.163
100.163
100.163
100.163
100.163
100.163
100.163
100.163
91.9003
91.9003
91.9003
91.9003
91.9003
91.9003
91.9003
91.9003
82.9455
82.9455
82.9455
82.9455
82.9455
82.9455
82.9455
82.9455
73.7923
73.7923
73.7923
73.7923
73.7923
73.7923
73.7923
73.7923
64.8819
64.8819
64.8819
64.8819
64.8819
64.8819
64.8819
64.8819
56.5596
56.5596
56.5596
56.5596
56.5596
56.5596
56.5596
56.5596
49.0552
49.0552
49.0552
49.0552
49.0552
49.0552
49.0552
49.0552
42.4888
42.4888
42.4888
42.4888
42.4888
42.4888
42.4888
42.4888
36.889
36.889
36.889
36.889
36.889
36.889
36.889
36.889
32.2188
32.2188
32.2188
32.2188
32.2188
32.2188
32.2188
32.2188
28.4016
28.4016
28.4016
28.4016
28.4016
28.4016
28.4016
28.4016
25.3418
25.3418
25.3418
25.3418
25.3418
25.3418
25.3418
25.3418
22.9408
22.9408
22.9408
22.9408
22.9408
22.9408
22.9408
22.9408
21.106
21.106
21.106
21.106
21.106
21.106
21.106
21.106
19.756
19.756
19.756
19.756
19.756
19.756
19.756
19.756
18.8226
18.8226
18.8226
18.8226
18.8226
18.8226
18.8226
18.8226
100.163
100.163
100.163
100.163
100.163
100.163
100.163
100.163
91.9003
91.9003
91.9003
91.9003
91.9003
91.9003
91.9003
91.9003
82.9455
82.9455
82.9455
82.9455
82.9455
82.9455
82.9455
82.9455
73.7923
73.7923
73.7923
73.7923
73.7923
73.7923
73.7923
73.7923
64.8819
64.8819
64.8819
64.8819
64.8819
64.8819
64.8819
64.8819
56.5596
56.5596
56.5596
56.5596
56.5596
56.5596
56.5596
56.5596
49.0552
49.0552
49.0552
49.0552
49.0552
49.0552
49.0552
49.0552
42.4888
42.4888
42.4888
42.4888
42.4888
42.4888
42.4888
42.4888
36.889
36.889
36.889
36.889
36.889
36.889
36.889
36.889
32.2188
32.2188
32.2188
32.2188
32.2188
32.2188
32.2188
32.2188
28.4016
28.4016
28.4016
28.4016
28.4016
28.4016
28.4016
28.4016
25.3418
25.3418
25.3418
25.3418
25.3418
25.3418
25.3418
25.3418
22.9408
22.9408
22.9408
22.9408
22.9408
22.9408
22.9408
22.9408
21.106
21.106
21.106
21.106
21.106
21.106
21.106
21.106
19.756
19.756
19.756
19.756
19.756
19.756
19.756
19.756
18.8226
18.8226
18.8226
18.8226
18.8226
18.8226
18.8226
18.8226
100.163
100.163
100.163
100.163
100.163
100.163
100.163
100.163
91.9003
91.9003
91.9003
91.9003
91.9003
91.9003
91.9003
91.9003
82.9455
82.9455
82.9455
82.9455
82.9455
82.9455
82.9455
82.9455
73.7923
73.7923
73.7923
73.7923
73.7923
73.7923
73.7923
73.7923
64.8819
64.8819
64.8819
64.8819
64.8819
64.8819
64.8819
64.8819
56.5596
56.5596
56.5596
56.5596
56.5596
56.5596
56.5596
56.5596
49.0552
49.0552
49.0552
49.0552
49.0552
49.0552
49.0552
49.0552
42.4888
42.4888
42.4888
42.4888
42.4888
42.4888
42.4888
42.4888
36.889
36.889
36.889
36.889
36.889
36.889
36.889
36.889
32.2188
32.2188
32.2188
32.2188
32.2188
32.2188
32.2188
32.2188
28.4016
28.4016
28.4016
28.4016
28.4016
28.4016
28.4016
28.4016
25.3418
25.3418
25.3418
25.3418
25.3418
25.3418
25.3418
25.3418
22.9408
22.9408
22.9408
22.9408
22.9408
22.9408
22.9408
22.9408
21.106
21.106
21.106
21.106
21.106
21.106
21.106
21.106
19.756
19.756
19.756
19.756
19.756
19.756
19.756
19.756
18.8226
18.8226
18.8226
18.8226
18.8226
18.8226
18.8226
18.8226
100.163
100.163
100.163
100.163
100.163
100.163
100.163
100.163
91.9003
91.9003
91.9003
91.9003
91.9003
91.9003
91.9003
91.9003
82.9455
82.9455
82.9455
82.9455
82.9455
82.9455
82.9455
82.9455
73.7923
73.7923
73.7923
73.7923
73.7923
73.7923
73.7923
73.7923
64.8819
64.8819
64.8819
64.8819
64.8819
64.8819
64.8819
64.8819
56.5596
56.5596
56.5596
56.5596
56.5596
56.5596
56.5596
56.5596
49.0552
49.0552
49.0552
49.0552
49.0552
49.0552
49.0552
49.0552
42.4888
42.4888
42.4888
42.4888
42.4888
42.4888
42.4888
42.4888
36.889
36.889
36.889
36.889
36.889
36.889
36.889
36.889
32.2188
32.2188
32.2188
32.2188
32.2188
32.2188
32.2188
32.2188
28.4016
28.4016
28.4016
28.4016
28.4016
28.4016
28.4016
28.4016
25.3418
25.3418
25.3418
25.3418
25.3418
25.3418
25.3418
25.3418
22.9408
22.9408
22.9408
22.9408
22.9408
22.9408
22.9408
22.9408
21.106
21.106
21.106
21.106
21.106
21.106
21.106
21.106
19.756
19.756
19.756
19.756
19.756
19.756
19.756
19.756
18.8226
18.8226
18.8226
18.8226
18.8226
18.8226
18.8226
18.8226
86.8443
86.8443
86.8443
86.8443
86.8443
86.8443
86.8443
86.8443
79.7077
79.7077
79.7077
79.7077
79.7077
79.7077
79.7077
79.7077
72.0735
72.0735
72.0735
72.0735
72.0735
72.0735
72.0735
72.0735
64.3376
64.3376
64.3376
64.3376
64.3376
64.3376
64.3376
64.3376
56.849
56.849
56.849
56.849
56.849
56.849
56.849
56.849
49.8776
49.8776
49.8776
49.8776
49.8776
49.8776
49.8776
49.8776
43.6008
43.6008
43.6008
43.6008
43.6008
43.6008
43.6008
43.6008
38.1104
38.1104
38.1104
38.1104
38.1104
38.1104
38.1104
38.1104
33.4265
33.4265
33.4265
33.4265
33.4265
33.4265
33.4265
33.4265
29.5187
29.5187
29.5187
29.5187
29.5187
29.5187
29.5187
29.5187
26.3255
26.3255
26.3255
26.3255
26.3255
26.3255
26.3255
26.3255
23.7714
23.7714
23.7714
23.7714
23.7714
23.7714
23.7714
23.7714
21.7779
21.7779
21.7779
21.7779
21.7779
21.7779
21.7779
21.7779
20.2716
20.2716
20.2716
20.2716
20.2716
20.2716
20.2716
20.2716
19.1876
19.1876
19.1876
19.1876
19.1876
19.1876
19.1876
19.1876
18.4714
18.4714
18.4714
18.4714
18.4714
18.4714
18.4714
18.4714
86.8443
86.8443
86.8443
86.8443
86.8443
86.8443
86.8443
86.8443
79.7077
79.7077
79.7077
79.7077
79.7077
79.7077
79.7077
79.7077
72.0735
72.0735
72.0735
72.0735
72.0735
72.0735
72.0735
72.0735
64.3376
64.3376
64.3376
64.3376
64.3376
64.3376
64.3376
64.3376
56.849
56.849
56.849
56.849
56.849
56.849
56.849
56.849
49.8776
49.8776
49.8776
49.8776
49.8776
49.8776
49.8776
49.8776
43.6008
43.6008
43.6008
43.6008
43.6008
43.6008
43.6008
43.6008
38.1104
38.1104
38.1104
38.1104
38.1104
38.1104
38.1104
38.1104
33.4265
33.4265
33.4265
33.4265
33.4265
33.4265
33.4265
33.4265
29.5187
29.5187
29.5187
29.5187
29.5187
29.5187
29.5187
29.5187
26.3255
26.3255
26.3255
26.3255
26.3255
26.3255
26.3255
26.3255
23.7714
23.7714
23.7714
23.7714
23.7714
23.7714
23.7714
23.7714
21.7779
21.7779
21.7779
21.7779
21.7779
21.7779
21.7779
21.7779
20.2716
20.2716
20.2716
20.2716
20.2716
20.2716
20.2716
20.2716
19.1876
19.1876
19.1876
19.1876
19.1876
19.1876
19.1876
19.1876
18.4714
18.4714
18.4714
18.4714
18.4714
18.4714
18.4714
18.4714
86.8443
86.8443
86.8443
86.8443
86.8443
86.8443
86.8443
86.8443
79.7077
79.7077
79.7077
79.7077
79.7077
79.7077
79.7077
79.7077
72.0735
72.0735
72.0735
72.0735
72.0735
72.0735
72.0735
72.0735
64.3376
64.3376
64.3376
64.3376
64.3376
64.3376
64.3376
64.3376
56.849
56.849
56.849
56.849
56.849
56.849
56.849
56.849
49.8776
49.8776
49.8776
49.8776
49.8776
49.8776
49.8776
49.8776
43.6008
43.6008
43.6008
43.6008
43.6008
43.6008
43.6008
43.6008
38.1104
38.1104
38.1104
38.1104
38.1104
38.1104
38.1104
38.1104
33.4265
33.4265
33.4265
33.4265
33.4265
33.4265
33.4265
33.4265
29.5187
29.5187
29.5187
29.5187
29.5187
29.5187
29.5187
29.5187
26.3255
26.3255
26.3255
26.3255
26.3255
26.3255
26.3255
26.3255
23.7714
23.7714
23.7714
23.7714
23.7714
23.7714
23.7714
23.7714
21.7779
21.7779
21.7779
21.7779
21.7779
21.7779
21.7779
21.7779
20.2716
20.2716
20.2716
20.2716
20.2716
20.2716
20.2716
20.2716
19.1876
19.1876
19.1876
19.1876
19.1876
19.1876
19.1876
19.1876
18.4714
18.4714
18.4714
18.4714
18.4714
18.4714
18.4714
18.4714
86.8443
86.8443
86.8443
86.8443
86.8443
86.8443
86.8443
86.8443
79.7077
79.7077
79.7077
79.7077
79.7077
79.7077
79.7077
79.7077
72.0735
72.0735
72.0735
72.0735
72.0735
72.0735
72.0735
72.0735
64.3376
64.3376
64.3376
64.3376
64.3376
64.3376
64.3376
64.3376
56.849
56.849
56.849
56.849
56.849
56.849
56.849
56.849
49.8776
49.8776
49.8776
49.8776
49.8776
49.8776
49.8776
49.8776
43.6008
43.6008
43.6008
43.6008
43.6008
43.6008
43.6008
43.6008
38.1104
38.1104
38.1104
38.1104
38.1104
38.1104
38.1104
38.1104
33.4265
33.4265
33.4265
33.4265
33.4265
33.4265
33.4265
33.4265
29.5187
29.5187
29.5187
29.5187
29.5187
29.5187
29.5187
29.5187
26.3255
26.3255
26.3255
26.3255
26.3255
26.3255
26.3255
26.3255
23.7714
23.7714
23.7714
23.7714
23.7714
23.7714
23.7714
23.7714
21.7779
21.7779
21.7779
21.7779
21.7779
21.7779
21.7779
21.7779
20.2716
20.2716
20.2716
20.2716
20.2716
20.2716
20.2716
20.2716
19.1876
19.1876
19.1876
19.1876
19.1876
19.1876
19.1876
19.1876
18.4714
18.4714
18.4714
18.4714
18.4714
18.4714
18.4714
18.4714
76.6111
76.6111
76.6111
76.6111
76.6111
76.6111
76.6111
76.6111
70.4471
70.4471
70.4471
70.4471
70.4471
70.4471
70.4471
70.4471
63.91
63.91
63.91
63.91
63.91
63.91
63.91
63.91
57.3223
57.3223
57.3223
57.3223
57.3223
57.3223
57.3223
57.3223
50.9655
50.9655
50.9655
50.9655
50.9655
50.9655
50.9655
50.9655
45.0563
45.0563
45.0563
45.0563
45.0563
45.0563
45.0563
45.0563
39.7375
39.7375
39.7375
39.7375
39.7375
39.7375
39.7375
39.7375
35.0828
35.0828
35.0828
35.0828
35.0828
35.0828
35.0828
35.0828
31.1094
31.1094
31.1094
31.1094
31.1094
31.1094
31.1094
31.1094
27.7938
27.7938
27.7938
27.7938
27.7938
27.7938
27.7938
27.7938
25.0882
25.0882
25.0882
25.0882
25.0882
25.0882
25.0882
25.0882
22.9327
22.9327
22.9327
22.9327
22.9327
22.9327
22.9327
22.9327
21.2651
21.2651
21.2651
21.2651
21.2651
21.2651
21.2651
21.2651
20.0265
20.0265
20.0265
20.0265
20.0265
20.0265
20.0265
20.0265
19.1647
19.1647
19.1647
19.1647
19.1647
19.1647
19.1647
19.1647
18.6351
18.6351
18.6351
18.6351
18.6351
18.6351
18.6351
18.6351
76.6111
76.6111
76.6111
76.6111
76.6111
76.6111
76.6111
76.6111
70.4471
70.4471
70.4471
70.4471
70.4471
70.4471
70.4471
70.4471
63.91
63.91
63.91
63.91
63.91
63.91
63.91
63.91
57.3223
57.3223
57.3223
57.3223
57.3223
57.3223
57.3223
57.3223
50.9655
50.9655
50.9655
50.9655
50.9655
50.9655
50.9655
50.9655
45.0563
45.0563
45.0563
45.0563
45.0563
45.0563
45.0563
45.0563
39.7375
39.7375
39.7375
39.7375
39.7375
39.7375
39.7375
39.7375
35.0828
35.0828
35.0828
35.0828
35.0828
35.0828
35.0828
35.0828
31.1094
31.1094
31.1094
31.1094
31.1094
31.1094
31.1094
31.1094
27.7938
27.7938
27.7938
27.7938
27.7938
27.7938
27.7938
27.7938
25.0882
25.0882
25.0882
25.0882
25.0882
25.0882
25.0882
25.0882
22.9327
22.9327
22.9327
22.9327
22.9327
22.9327
22.9327
22.9327
21.2651
21.2651
21.2651
21.2651
21.2651
21.2651
21.2651
21.2651
20.0265
20.0265
20.0265
20.0265
20.0265
20.0265
20.0265
20.0265
19.1647
19.1647
19.1647
19.1647
19.1647
19.1647
19.1647
19.1647
18.6351
18.6351
18.6351
18.6351
18.6351
18.6351
18.6351
18.6351
76.6111
76.6111
76.6111
76.6111
76.6111
76.6111
76.6111
76.6111
70.4471
70.4471
70.4471
70.4471
70.4471
70.4471
70.4471
70.4471
63.91
63.91
63.91
63.91
63.91
63.91
63.91
63.91
57.3223
57.3223
57.3223
57.3223
57.3223
57.3223
57.3223
57.3223
50.9655
50.9655
50.9655
50.9655
50.9655
50.9655
50.9655
50.9655
45.0563
45.0563
45.0563
45.0563
45.0563
45.0563
45.0563
45.0563
39.7375
39.7375
39.7375
39.7375
39.7375
39.7375
39.7375
39.7375
35.0828
35.0828
35.0828
35.0828
35.0828
35.0828
35.0828
35.0828
31.1094
31.1094
31.1094
31.1094
31.1094
31.1094
31.1094
31.1094
27.7938
27.7938
27.7938
27.7938
27.7938
27.7938
27.7938
27.7938
25.0882
25.0882
25.0882
25.0882
25.0882
25.0882
25.0882
25.0882
22.9327
22.9327
22.9327
22.9327
22.9327
22.9327
22.9327
22.9327
21.2651
21.2651
21.2651
21.2651
21.2651
21.2651
21.2651
21.2651
20.0265
20.0265
20.0265
20.0265
20.0265
20.0265
20.0265
20.0265
19.1647
19.1647
19.1647
19.1647
19.1647
19.1647
19.1647
19.1647
18.6351
18.6351
18.6351
18.6351
18.6351
18.6351
18.6351
18.6351
76.6111
76.6111
76.6111
76.6111
76.6111
76.6111
76.6111
76.6111
70.4471
70.4471
70.4471
70.4471
70.4471
70.4471
70.4471
70.4471
63.91
63.91
63.91
63.91
63.91
63.91
63.91
63.91
57.3223
57.3223
57.3223
57.3223
57.3223
57.3223
57.3223
57.3223
50.9655
50.9655
50.9655
50.9655
50.9655
50.9655
50.9655
50.9655
45.0563
45.0563
45.0563
45.0563
45.0563
45.0563
45.0563
45.0563
39.7375
39.7375
39.7375
39.7375
39.7375
39.7375
39.7375
39.7375
35.0828
35.0828
35.0828
35.0828
35.0828
35.0828
35.0828
35.0828
31.1094
31.1094
31.1094
31.1094
31.1094
31.1094
31.1094
31.1094
27.7938
27.7938
27.7938
27.7938
27.7938
27.7938
27.7938
27.7938
25.0882
25.0882
25.0882
25.0882
25.0882
25.0882
25.0882
25.0882
22.9327
22.9327
22.9327
22.9327
22.9327
22.9327
22.9327
22.9327
21.2651
21.2651
21.2651
21.2651
21.2651
21.2651
21.2651
21.2651
20.0265
20.0265
20.0265
20.0265
20.0265
20.0265
20.0265
20.0265
19.1647
19.1647
19.1647
19.1647
19.1647
19.1647
19.1647
19.1647
18.6351
18.6351
18.6351
18.6351
18.6351
18.6351
18.6351
18.6351
68.954
68.954
68.954
68.954
68.954
68.954
68.954
68.954
63.6264
63.6264
63.6264
63.6264
63.6264
63.6264
63.6264
63.6264
57.9982
57.9982
57.9982
57.9982
57.9982
57.9982
57.9982
57.9982
52.3371
52.3371
52.3371
52.3371
52.3371
52.3371
52.3371
52.3371
46.8769
46.8769
46.8769
46.8769
46.8769
46.8769
46.8769
46.8769
41.7981
41.7981
41.7981
41.7981
41.7981
41.7981
41.7981
41.7981
37.2215
37.2215
37.2215
37.2215
37.2215
37.2215
37.2215
37.2215
33.2111
33.2111
33.2111
33.2111
33.2111
33.2111
33.2111
33.2111
29.7847
29.7847
29.7847
29.7847
29.7847
29.7847
29.7847
29.7847
26.9267
26.9267
26.9267
26.9267
26.9267
26.9267
26.9267
26.9267
24.6004
24.6004
24.6004
24.6004
24.6004
24.6004
24.6004
24.6004
22.7592
22.7592
22.7592
22.7592
22.7592
22.7592
22.7592
22.7592
21.3532
21.3532
21.3532
21.3532
21.3532
21.3532
21.3532
21.3532
20.3351
20.3351
20.3351
20.3351
20.3351
20.3351
20.3351
20.3351
19.6619
19.6619
19.6619
19.6619
19.6619
19.6619
19.6619
19.6619
19.2963
19.2963
19.2963
19.2963
19.2963
19.2963
19.2963
19.2963
68.954
68.954
68.954
68.954
68.954
68.954
68.954
68.954
63.6264
63.6264
63.6264
63.6264
63.6264
63.6264
63.6264
63.6264
57.9982
57.9982
57.9982
57.9982
57.9982
57.9982
57.9982
57.9982
52.3371
52.3371
52.3371
52.3371
52.3371
52.3371
52.3371
52.3371
46.8769
46.8769
46.8769
46.8769
46.8769
46.8769
46.8769
46.8769
41.7981
41.7981
41.7981
41.7981
41.7981
41.7981
41.7981
41.7981
37.2215
37.2215
37.2215
37.2215
37.2215
37.2215
37.2215
37.2215
33.2111
33.2111
33.2111
33.2111
33.2111
33.2111
33.2111
33.2111
29.7847
29.7847
29.7847
29.7847
29.7847
29.7847
29.7847
29.7847
26.9267
26.9267
26.9267
26.9267
26.9267
26.9267
26.9267
26.9267
24.6004
24.6004
24.6004
24.6004
24.6004
24.6004
24.6004
24.6004
22.7592
22.7592
22.7592
22.7592
22.7592
22.7592
22.7592
22.7592
21.3532
21.3532
21.3532
21.3532
21.3532
21.3532
21.3532
21.3532
20.3351
20.3351
20.3351
20.3351
20.3351
20.3351
20.3351
20.3351
19.6619
19.6619
19.6619
19.6619
19.6619
19.6619
19.6619
19.6619
19.2963
19.2963
19.2963
19.2963
19.2963
19.2963
19.2963
19.2963
68.954
68.954
68.954
68.954
68.954
68.954
68.954
68.954
63.6264
63.6264
63.6264
63.6264
63.6264
63.6264
63.6264
63.6264
57.9982
57.9982
57.9982
57.9982
57.9982
57.9982
57.9982
57.9982
52.3371
52.3371
52.3371
52.3371
52.3371
52.3371
52.3371
52.3371
46.8769
46.8769
46.8769
46.8769
46.8769
46.8769
46.8769
46.8769
41.7981
41.7981
41.7981
41.7981
41.7981
41.7981
41.7981
41.7981
37.2215
37.2215
37.2215
37.2215
37.2215
37.2215
37.2215
37.2215
33.2111
33.2111
33.2111
33.2111
33.2111
33.2111
33.2111
33.2111
29.7847
29.7847
29.7847
29.7847
29.7847
29.7847
29.7847
29.7847
26.9267
26.9267
26.9267
26.9267
26.9267
26.9267
26.9267
26.9267
24.6004
24.6004
24.6004
24.6004
24.6004
24.6004
24.6004
24.6004
22.7592
22.7592
22.7592
22.7592
22.7592
22.7592
22.7592
22.7592
21.3532
21.3532
21.3532
21.3532
21.3532
21.3532
21.3532
21.3532
20.3351
20.3351
20.3351
20.3351
20.3351
20.3351
20.3351
20.3351
19.6619
19.6619
19.6619
19.6619
19.6619
19.6619
19.6619
19.6619
19.2963
19.2963
19.2963
19.2963
19.2963
19.2963
19.2963
19.2963
68.954
68.954
68.954
68.954
68.954
68.954
68.954
68.954
63.6264
63.6264
63.6264
63.6264
63.6264
63.6264
63.6264
63.6264
57.9982
57.9982
57.9982
57.9982
57.9982
57.9982
57.9982
57.9982
52.3371
52.3371
52.3371
52.3371
52.3371
52.3371
52.3371
52.3371
46.8769
46.8769
46.8769
46.8769
46.8769
46.8769
46.8769
46.8769
41.7981
41.7981
41.7981
41.7981
41.7981
41.7981
41.7981
41.7981
37.2215
37.2215
37.2215
37.2215
37.2215
37.2215
37.2215
37.2215
33.2111
33.2111
33.2111
33.2111
33.2111
33.2111
33.2111
33.2111
29.7847
29.7847
29.7847
29.7847
29.7847
29.7847
29.7847
29.7847
26.9267
26.9267
26.9267
26.9267
26.9267
26.9267
26.9267
26.9267
24.6004
24.6004
24.6004
24.6004
24.6004
24.6004
24.6004
24.6004
22.7592
22.7592
22.7592
22.7592
22.7592
22.7592
22.7592
22.7592
21.3532
21.3532
21.3532
21.3532
21.3532
21.3532
21.3532
21.3532
20.3351
20.3351
20.3351
20.3351
20.3351
20.3351
20.3351
20.3351
19.6619
19.6619
19.6619
19.6619
19.6619
19.6619
19.6619
19.6619
19.2963
19.2963
19.2963
19.2963
19.2963
19.2963
19.2963
19.2963
63.4126
63.4126
63.4126
63.4126
63.4126
63.4126
63.4126
63.4126
58.8116
58.8116
58.8116
58.8116
58.8116
58.8116
58.8116
58.8116
53.9434
53.9434
53.9434
53.9434
53.9434
53.9434
53.9434
53.9434
49.0356
49.0356
49.0356
49.0356
49.0356
49.0356
49.0356
49.0356
44.2889
44.2889
44.2889
44.2889
44.2889
44.2889
44.2889
44.2889
39.8608
39.8608
39.8608
39.8608
39.8608
39.8608
39.8608
39.8608
35.8592
35.8592
35.8592
35.8592
35.8592
35.8592
35.8592
35.8592
32.3445
32.3445
32.3445
32.3445
32.3445
32.3445
32.3445
32.3445
29.3381
29.3381
29.3381
29.3381
29.3381
29.3381
29.3381
29.3381
26.8323
26.8323
26.8323
26.8323
26.8323
26.8323
26.8323
26.8323
24.8008
24.8008
24.8008
24.8008
24.8008
24.8008
24.8008
24.8008
23.2075
23.2075
23.2075
23.2075
23.2075
23.2075
23.2075
23.2075
22.0128
22.0128
22.0128
22.0128
22.0128
22.0128
22.0128
22.0128
21.178
21.178
21.178
21.178
21.178
21.178
21.178
21.178
20.6668
20.6668
20.6668
20.6668
20.6668
20.6668
20.6668
20.6668
20.4468
20.4468
20.4468
20.4468
20.4468
20.4468
20.4468
20.4468
63.4126
63.4126
63.4126
63.4126
63.4126
63.4126
63.4126
63.4126
58.8116
58.8116
58.8116
58.8116
58.8116
58.8116
58.8116
58.8116
53.9434
53.9434
53.9434
53.9434
53.9434
53.9434
53.9434
53.9434
49.0356
49.0356
49.0356
49.0356
49.0356
49.0356
49.0356
49.0356
44.2889
44.2889
44.2889
44.2889
44.2889
44.2889
44.2889
44.2889
39.8608
39.8608
39.8608
39.8608
39.8608
39.8608
39.8608
39.8608
35.8592
35.8592
35.8592
35.8592
35.8592
35.8592
35.8592
35.8592
32.3445
32.3445
32.3445
32.3445
32.3445
32.3445
32.3445
32.3445
29.3381
29.3381
29.3381
29.3381
29.3381
29.3381
29.3381
29.3381
26.8323
26.8323
26.8323
26.8323
26.8323
26.8323
26.8323
26.8323
24.8008
24.8008
24.8008
24.8008
24.8008
24.8008
24.8008
24.8008
23.2075
23.2075
23.2075
23.2075
23.2075
23.2075
23.2075
23.2075
22.0128
22.0128
22.0128
22.0128
22.0128
22.0128
22.0128
22.0128
21.178
21.178
21.178
21.178
21.178
21.178
21.178
21.178
20.6668
20.6668
20.6668
20.6668
20.6668
20.6668
20.6668
20.6668
20.4468
20.4468
20.4468
20.4468
20.4468
20.4468
20.4468
20.4468
63.4126
63.4126
63.4126
63.4126
63.4126
63.4126
63.4126
63.4126
58.8116
58.8116
58.8116
58.8116
58.8116
58.8116
58.8116
58.8116
53.9434
53.9434
53.9434
53.9434
53.9434
53.9434
53.9434
53.9434
49.0356
49.0356
49.0356
49.0356
49.0356
49.0356
49.0356
49.0356
44.2889
44.2889
44.2889
44.2889
44.2889
44.2889
44.2889
44.2889
39.8608
39.8608
39.8608
39.8608
39.8608
39.8608
39.8608
39.8608
35.8592
35.8592
35.8592
35.8592
35.8592
35.8592
35.8592
35.8592
32.3445
32.3445
32.3445
32.3445
32.3445
32.3445
32.3445
32.3445
29.3381
29.3381
29.3381
29.3381
29.3381
29.3381
29.3381
29.3381
26.8323
26.8323
26.8323
26.8323
26.8323
26.8323
26.8323
26.8323
24.8008
24.8008
24.8008
24.8008
24.8008
24.8008
24.8008
24.8008
23.2075
23.2075
23.2075
23.2075
23.2075
23.2075
23.2075
23.2075
22.0128
22.0128
22.0128
22.0128
22.0128
22.0128
22.0128
22.0128
21.178
21.178
21.178
21.178
21.178
21.178
21.178
21.178
20.6668
20.6668
20.6668
20.6668
20.6668
20.6668
20.6668
20.6668
20.4468
20.4468
20.4468
20.4468
20.4468
20.4468
20.4468
20.4468
63.4126
63.4126
63.4126
63.4126
63.4126
63.4126
63.4126
63.4126
58.8116
58.8116
58.8116
58.8116
58.8116
58.8116
58.8116
58.8116
53.9434
53.9434
53.9434
53.9434
53.9434
53.9434
53.9434
53.9434
49.0356
49.0356
49.0356
49.0356
49.0356
49.0356
49.0356
49.0356
44.2889
44.2889
44.2889
44.2889
44.2889
44.2889
44.2889
44.2889
39.8608
39.8608
39.8608
39.8608
39.8608
39.8608
39.8608
39.8608
35.8592
35.8592
35.8592
35.8592
35.8592
35.8592
35.8592
35.8592
32.3445
32.3445
32.3445
32.3445
32.3445
32.3445
32.3445
32.3445
29.3381
29.3381
29.3381
29.3381
29.3381
29.3381
29.3381
29.3381
26.8323
26.8323
26.8323
26.8323
26.8323
26.8323
26.8323
26.8323
24.8008
24.8008
24.8008
24.8008
24.8008
24.8008
24.8008
24.8008
23.2075
23.2075
23.2075
23.2075
23.2075
23.2075
23.2075
23.2075
22.0128
22.0128
22.0128
22.0128
22.0128
22.0128
22.0128
22.0128
21.178
21.178
21.178
21.178
21.178
21.178
21.178
21.178
20.6668
20.6668
20.6668
20.6668
20.6668
20.6668
20.6668
20.6668
20.4468
20.4468
20.4468
20.4468
20.4468
20.4468
20.4468
20.4468
59.5946
59.5946
59.5946
59.5946
59.5946
59.5946
59.5946
59.5946
55.6403
55.6403
55.6403
55.6403
55.6403
55.6403
55.6403
55.6403
51.4227
51.4227
51.4227
51.4227
51.4227
51.4227
51.4227
51.4227
47.1403
47.1403
47.1403
47.1403
47.1403
47.1403
47.1403
47.1403
42.9713
42.9713
42.9713
42.9713
42.9713
42.9713
42.9713
42.9713
39.0592
39.0592
39.0592
39.0592
39.0592
39.0592
39.0592
39.0592
35.5063
35.5063
35.5063
35.5063
35.5063
35.5063
35.5063
35.5063
32.3742
32.3742
32.3742
32.3742
32.3742
32.3742
32.3742
32.3742
29.6899
29.6899
29.6899
29.6899
29.6899
29.6899
29.6899
29.6899
27.4544
27.4544
27.4544
27.4544
27.4544
27.4544
27.4544
27.4544
25.6509
25.6509
25.6509
25.6509
25.6509
25.6509
25.6509
25.6509
24.2526
24.2526
24.2526
24.2526
24.2526
24.2526
24.2526
24.2526
23.2281
23.2281
23.2281
23.2281
23.2281
23.2281
23.2281
23.2281
22.5451
22.5451
22.5451
22.5451
22.5451
22.5451
22.5451
22.5451
22.1722
22.1722
22.1722
22.1722
22.1722
22.1722
22.1722
22.1722
22.0798
22.0798
22.0798
22.0798
22.0798
22.0798
22.0798
22.0798
59.5946
59.5946
59.5946
59.5946
59.5946
59.5946
59.5946
59.5946
55.6403
55.6403
55.6403
55.6403
55.6403
55.6403
55.6403
55.6403
51.4227
51.4227
51.4227
51.4227
51.4227
51.4227
51.4227
51.4227
47.1403
47.1403
47.1403
47.1403
47.1403
47.1403
47.1403
47.1403
42.9713
42.9713
42.9713
42.9713
42.9713
42.9713
42.9713
42.9713
39.0592
39.0592
39.0592
39.0592
39.0592
39.0592
39.0592
39.0592
35.5063
35.5063
35.5063
35.5063
35.5063
35.5063
35.5063
35.5063
32.3742
32.3742
32.3742
32.3742
32.3742
32.3742
32.3742
32.3742
29.6899
29.6899
29.6899
29.6899
29.6899
29.6899
29.6899
29.6899
27.4544
27.4544
27.4544
27.4544
27.4544
27.4544
27.4544
27.4544
25.6509
25.6509
25.6509
25.6509
25.6509
25.6509
25.6509
25.6509
24.2526
24.2526
24.2526
24.2526
24.2526
24.2526
24.2526
24.2526
23.2281
23.2281
23.2281
23.2281
23.2281
23.2281
23.2281
23.2281
22.5451
22.5451
22.5451
22.5451
22.5451
22.5451
22.5451
22.5451
22.1722
22.1722
22.1722
22.1722
22.1722
22.1722
22.1722
22.1722
22.0798
22.0798
22.0798
22.0798
22.0798
22.0798
22.0798
22.0798
59.5946
59.5946
59.5946
59.5946
59.5946
59.5946
59.5946
59.5946
55.6403
55.6403
55.6403
55.6403
55.6403
55.6403
55.6403
55.6403
51.4227
51.4227
51.4227
51.4227
51.4227
51.4227
51.4227
51.4227
47.1403
47.1403
47.1403
47.1403
47.1403
47.1403
47.1403
47.1403
42.9713
42.9713
42.9713
42.9713
42.9713
42.9713
42.9713
42.9713
39.0592
39.0592
39.0592
39.0592
39.0592
39.0592
39.0592
39.0592
35.5063
35.5063
35.5063
35.5063
35.5063
35.5063
35.5063
35.5063
32.3742
32.3742
32.3742
32.3742
32.3742
32.3742
32.3742
32.3742
29.6899
29.6899
29.6899
29.6899
29.6899
29.6899
29.6899
29.6899
27.4544
27.4544
27.4544
27.4544
27.4544
27.4544
27.4544
27.4544
25.6509
25.6509
25.6509
25.6509
25.6509
25.6509
25.6509
25.6509
24.2526
24.2526
24.2526
24.2526
24.2526
24.2526
24.2526
24.2526
23.2281
23.2281
23.2281
23.2281
23.2281
23.2281
23.2281
23.2281
22.5451
22.5451
22.5451
22.5451
22.5451
22.5451
22.5451
22.5451
22.1722
22.1722
22.1722
22.1722
22.1722
22.1722
22.1722
22.1722
22.0798
22.0798
22.0798
22.0798
22.0798
22.0798
22.0798
22.0798
59.5946
59.5946
59.5946
59.5946
59.5946
59.5946
59.5946
59.5946
55.6403
55.6403
55.6403
55.6403
55.6403
55.6403
55.6403
55.6403
51.4227
51.4227
51.4227
51.4227
51.4227
51.4227
51.4227
51.4227
47.1403
47.1403
47.1403
47.1403
47.1403
47.1403
47.1403
47.1403
42.9713
42.9713
42.9713
42.9713
42.9713
42.9713
42.9713
42.9713
39.0592
39.0592
39.0592
39.0592
39.0592
39.0592
39.0592
39.0592
35.5063
35.5063
35.5063
35.5063
35.5063
35.5063
35.5063
35.5063
32.3742
32.3742
32.3742
32.3742
32.3742
32.3742
32.3742
32.3742
29.6899
29.6899
29.6899
29.6899
29.6899
29.6899
29.6899
29.6899
27.4544
27.4544
27.4544
27.4544
27.4544
27.4544
27.4544
27.4544
25.6509
25.6509
25.6509
25.6509
25.6509
25.6509
25.6509
25.6509
24.2526
24.2526
24.2526
24.2526
24.2526
24.2526
24.2526
24.2526
23.2281
23.2281
23.2281
23.2281
23.2281
23.2281
23.2281
23.2281
22.5451
22.5451
22.5451
22.5451
22.5451
22.5451
22.5451
22.5451
22.1722
22.1722
22.1722
22.1722
22.1722
22.1722
22.1722
22.1722
22.0798
22.0798
22.0798
22.0798
22.0798
22.0798
22.0798
22.0798
