8192
54.4568
54.4568
54.4568
54.4568
54.4568
54.4568
54.4568
54.4568
51.2757
51.2757
51.2757
51.2757
51.2757
51.2757
51.2757
51.2757
48.8421
48.8421
48.8421
48.8421
48.8421
48.8421
48.8421
48.8421
46.9977
46.9977
46.9977
46.9977
46.9977
46.9977
46.9977
46.9977
45.6059
45.6059
45.6059
45.6059
45.6059
45.6059
45.6059
45.6059
44.5488
44.5488
44.5488
44.5488
44.5488
44.5488
44.5488
44.5488
43.7239
43.7239
43.7239
43.7239
43.7239
43.7239
43.7239
43.7239
43.0425
43.0425
43.0425
43.0425
43.0425
43.0425
43.0425
43.0425
42.429
42.429
42.429
42.429
42.429
42.429
42.429
42.429
41.8212
41.8212
41.8212
41.8212
41.8212
41.8212
41.8212
41.8212
41.1707
41.1707
41.1707
41.1707
41.1707
41.1707
41.1707
41.1707
40.4432
40.4432
40.4432
40.4432
40.4432
40.4432
40.4432
40.4432
39.6183
39.6183
39.6183
39.6183
39.6183
39.6183
39.6183
39.6183
38.6888
38.6888
38.6888
38.6888
38.6888
38.6888
38.6888
38.6888
37.6591
37.6591
37.6591
37.6591
37.6591
37.6591
37.6591
37.6591
36.5429
36.5429
36.5429
36.5429
36.5429
36.5429
36.5429
36.5429
54.4568
54.4568
54.4568
54.4568
54.4568
54.4568
54.4568
54.4568
51.2757
51.2757
51.2757
51.2757
51.2757
51.2757
51.2757
51.2757
48.8421
48.8421
48.8421
48.8421
48.8421
48.8421
48.8421
48.8421
46.9977
46.9977
46.9977
46.9977
46.9977
46.9977
46.9977
46.9977
45.6059
45.6059
45.6059
45.6059
45.6059
45.6059
45.6059
45.6059
44.5488
44.5488
44.5488
44.5488
44.5488
44.5488
44.5488
44.5488
43.7239
43.7239
43.7239
43.7239
43.7239
43.7239
43.7239
43.7239
43.0425
43.0425
43.0425
43.0425
43.0425
43.0425
43.0425
43.0425
42.429
42.429
42.429
42.429
42.429
42.429
42.429
42.429
41.8212
41.8212
41.8212
41.8212
41.8212
41.8212
41.8212
41.8212
41.1707
41.1707
41.1707
41.1707
41.1707
41.1707
41.1707
41.1707
40.4432
40.4432
40.4432
40.4432
40.4432
40.4432
40.4432
40.4432
39.6183
39.6183
39.6183
39.6183
39.6183
39.6183
39.6183
39.6183
38.6888
38.6888
38.6888
38.6888
38.6888
38.6888
38.6888
38.6888
37.6591
37.6591
37.6591
37.6591
37.6591
37.6591
37.6591
37.6591
36.5429
36.5429
36.5429
36.5429
36.5429
36.5429
36.5429
36.5429
54.4568
54.4568
54.4568
54.4568
54.4568
54.4568
54.4568
54.4568
51.2757
51.2757
51.2757
51.2757
51.2757
51.2757
51.2757
51.2757
48.8421
48.8421
48.8421
48.8421
48.8421
48.8421
48.8421
48.8421
46.9977
46.9977
46.9977
46.9977
46.9977
46.9977
46.9977
46.9977
45.6059
45.6059
45.6059
45.6059
45.6059
45.6059
45.6059
45.6059
44.5488
44.5488
44.5488
44.5488
44.5488
44.5488
44.5488
44.5488
43.7239
43.7239
43.7239
43.7239
43.7239
43.7239
43.7239
43.7239
43.0425
43.0425
43.0425
43.0425
43.0425
43.0425
43.0425
43.0425
42.429
42.429
42.429
42.429
42.429
42.429
42.429
42.429
41.8212
41.8212
41.8212
41.8212
41.8212
41.8212
41.8212
41.8212
41.1707
41.1707
41.1707
41.1707
41.1707
41.1707
41.1707
41.1707
40.4432
40.4432
40.4432
40.4432
40.4432
40.4432
40.4432
40.4432
39.6183
39.6183
39.6183
39.6183
39.6183
39.6183
39.6183
39.6183
38.6888
38.6888
38.6888
38.6888
38.6888
38.6888
38.6888
38.6888
37.6591
37.6591
37.6591
37.6591
37.6591
37.6591
37.6591
37.6591
36.5429
36.5429
36.5429
36.5429
36.5429
36.5429
36.5429
36.5429
54.4568
54.4568
54.4568
54.4568
54.4568
54.4568
54.4568
54.4568
51.2757
51.2757
51.2757
51.2757
51.2757
51.2757
51.2757
51.2757
48.8421
48.8421
48.8421
48.8421
48.8421
48.8421
48.8421
48.8421
46.9977
46.9977
46.9977
46.9977
46.9977
46.9977
46.9977
46.9977
45.6059
45.6059
45.6059
45.6059
45.6059
45.6059
45.6059
45.6059
44.5488
44.5488
44.5488
44.5488
44.5488
44.5488
44.5488
44.5488
43.7239
43.7239
43.7239
43.7239
43.7239
43.7239
43.7239
43.7239
43.0425
43.0425
43.0425
43.0425
43.0425
43.0425
43.0425
43.0425
42.429
42.429
42.429
42.429
42.429
42.429
42.429
42.429
41.8212
41.8212
41.8212
41.8212
41.8212
41.8212
41.8212
41.8212
41.1707
41.1707
41.1707
41.1707
41.1707
41.1707
41.1707
41.1707
40.4432
40.4432
40.4432
40.4432
40.4432
40.4432
40.4432
40.4432
39.6183
39.6183
39.6183
39.6183
39.6183
39.6183
39.6183
39.6183
38.6888
38.6888
38.6888
38.6888
38.6888
38.6888
38.6888
38.6888
37.6591
37.6591
37.6591
37.6591
37.6591
37.6591
37.6591
37.6591
36.5429
36.5429
36.5429
36.5429
36.5429
36.5429
36.5429
36.5429
48.2528
48.2528
48.2528
48.2528
48.2528
48.2528
48.2528
48.2528
45.3668
45.3668
45.3668
45.3668
45.3668
45.3668
45.3668
45.3668
43.2384
43.2384
43.2384
43.2384
43.2384
43.2384
43.2384
43.2384
41.7174
41.7174
41.7174
41.7174
41.7174
41.7174
41.7174
41.7174
40.6766
40.6766
40.6766
40.6766
40.6766
40.6766
40.6766
40.6766
40.0059
40.0059
40.0059
40.0059
40.0059
40.0059
40.0059
40.0059
39.6085
39.6085
39.6085
39.6085
39.6085
39.6085
39.6085
39.6085
39.3974
39.3974
39.3974
39.3974
39.3974
39.3974
39.3974
39.3974
39.2946
39.2946
39.2946
39.2946
39.2946
39.2946
39.2946
39.2946
39.2302
39.2302
39.2302
39.2302
39.2302
39.2302
39.2302
39.2302
39.1437
39.1437
39.1437
39.1437
39.1437
39.1437
39.1437
39.1437
38.9848
38.9848
38.9848
38.9848
38.9848
38.9848
38.9848
38.9848
38.7148
38.7148
38.7148
38.7148
38.7148
38.7148
38.7148
38.7148
38.3078
38.3078
38.3078
38.3078
38.3078
38.3078
38.3078
38.3078
37.7508
37.7508
37.7508
37.7508
37.7508
37.7508
37.7508
37.7508
37.0435
37.0435
37.0435
37.0435
37.0435
37.0435
37.0435
37.0435
48.2528
48.2528
48.2528
48.2528
48.2528
48.2528
48.2528
48.2528
45.3668
45.3668
45.3668
45.3668
45.3668
45.3668
45.3668
45.3668
43.2384
43.2384
43.2384
43.2384
43.2384
43.2384
43.2384
43.2384
41.7174
41.7174
41.7174
41.7174
41.7174
41.7174
41.7174
41.7174
40.6766
40.6766
40.6766
40.6766
40.6766
40.6766
40.6766
40.6766
40.0059
40.0059
40.0059
40.0059
40.0059
40.0059
40.0059
40.0059
39.6085
39.6085
39.6085
39.6085
39.6085
39.6085
39.6085
39.6085
39.3974
39.3974
39.3974
39.3974
39.3974
39.3974
39.3974
39.3974
39.2946
39.2946
39.2946
39.2946
39.2946
39.2946
39.2946
39.2946
39.2302
39.2302
39.2302
39.2302
39.2302
39.2302
39.2302
39.2302
39.1437
39.1437
39.1437
39.1437
39.1437
39.1437
39.1437
39.1437
38.9848
38.9848
38.9848
38.9848
38.9848
38.9848
38.9848
38.9848
38.7148
38.7148
38.7148
38.7148
38.7148
38.7148
38.7148
38.7148
38.3078
38.3078
38.3078
38.3078
38.3078
38.3078
38.3078
38.3078
37.7508
37.7508
37.7508
37.7508
37.7508
37.7508
37.7508
37.7508
37.0435
37.0435
37.0435
37.0435
37.0435
37.0435
37.0435
37.0435
48.2528
48.2528
48.2528
48.2528
48.2528
48.2528
48.2528
48.2528
45.3668
45.3668
45.3668
45.3668
45.3668
45.3668
45.3668
45.3668
43.2384
43.2384
43.2384
43.2384
43.2384
43.2384
43.2384
43.2384
41.7174
41.7174
41.7174
41.7174
41.7174
41.7174
41.7174
41.7174
40.6766
40.6766
40.6766
40.6766
40.6766
40.6766
40.6766
40.6766
40.0059
40.0059
40.0059
40.0059
40.0059
40.0059
40.0059
40.0059
39.6085
39.6085
39.6085
39.6085
39.6085
39.6085
39.6085
39.6085
39.3974
39.3974
39.3974
39.3974
39.3974
39.3974
39.3974
39.3974
39.2946
39.2946
39.2946
39.2946
39.2946
39.2946
39.2946
39.2946
39.2302
39.2302
39.2302
39.2302
39.2302
39.2302
39.2302
39.2302
39.1437
39.1437
39.1437
39.1437
39.1437
39.1437
39.1437
39.1437
38.9848
38.9848
38.9848
38.9848
38.9848
38.9848
38.9848
38.9848
38.7148
38.7148
38.7148
38.7148
38.7148
38.7148
38.7148
38.7148
38.3078
38.3078
38.3078
38.3078
38.3078
38.3078
38.3078
38.3078
37.7508
37.7508
37.7508
37.7508
37.7508
37.7508
37.7508
37.7508
37.0435
37.0435
37.0435
37.0435
37.0435
37.0435
37.0435
37.0435
48.2528
48.2528
48.2528
48.2528
48.2528
48.2528
48.2528
48.2528
45.3668
45.3668
45.3668
45.3668
45.3668
45.3668
45.3668
45.3668
43.2384
43.2384
43.2384
43.2384
43.2384
43.2384
43.2384
43.2384
41.7174
41.7174
41.7174
41.7174
41.7174
41.7174
41.7174
41.7174
40.6766
40.6766
40.6766
40.6766
40.6766
40.6766
40.6766
40.6766
40.0059
40.0059
40.0059
40.0059
40.0059
40.0059
40.0059
40.0059
39.6085
39.6085
39.6085
39.6085
39.6085
39.6085
39.6085
39.6085
39.3974
39.3974
39.3974
39.3974
39.3974
39.3974
39.3974
39.3974
39.2946
39.2946
39.2946
39.2946
39.2946
39.2946
39.2946
39.2946
39.2302
39.2302
39.2302
39.2302
39.2302
39.2302
39.2302
39.2302
39.1437
39.1437
39.1437
39.1437
39.1437
39.1437
39.1437
39.1437
38.9848
38.9848
38.9848
38.9848
38.9848
38.9848
38.9848
38.9848
38.7148
38.7148
38.7148
38.7148
38.7148
38.7148
38.7148
38.7148
38.3078
38.3078
38.3078
38.3078
38.3078
38.3078
38.3078
38.3078
37.7508
37.7508
37.7508
37.7508
37.7508
37.7508
37.7508
37.7508
37.0435
37.0435
37.0435
37.0435
37.0435
37.0435
37.0435
37.0435
42.2624
42.2624
42.2624
42.2624
42.2624
42.2624
42.2624
42.2624
39.7392
39.7392
39.7392
39.7392
39.7392
39.7392
39.7392
39.7392
37.9439
37.9439
37.9439
37.9439
37.9439
37.9439
37.9439
37.9439
36.7406
36.7406
36.7406
36.7406
36.7406
36.7406
36.7406
36.7406
36.0153
36.0153
36.0153
36.0153
36.0153
36.0153
36.0153
36.0153
35.6706
35.6706
35.6706
35.6706
35.6706
35.6706
35.6706
35.6706
35.6197
35.6197
35.6197
35.6197
35.6197
35.6197
35.6197
35.6197
35.7831
35.7831
35.7831
35.7831
35.7831
35.7831
35.7831
35.7831
36.0859
36.0859
36.0859
36.0859
36.0859
36.0859
36.0859
36.0859
36.4577
36.4577
36.4577
36.4577
36.4577
36.4577
36.4577
36.4577
36.8322
36.8322
36.8322
36.8322
36.8322
36.8322
36.8322
36.8322
37.1491
37.1491
37.1491
37.1491
37.1491
37.1491
37.1491
37.1491
37.3563
37.3563
37.3563
37.3563
37.3563
37.3563
37.3563
37.3563
37.4124
37.4124
37.4124
37.4124
37.4124
37.4124
37.4124
37.4124
37.288
37.288
37.288
37.288
37.288
37.288
37.288
37.288
36.9681
36.9681
36.9681
36.9681
36.9681
36.9681
36.9681
36.9681
42.2624
42.2624
42.2624
42.2624
42.2624
42.2624
42.2624
42.2624
39.7392
39.7392
39.7392
39.7392
39.7392
39.7392
39.7392
39.7392
37.9439
37.9439
37.9439
37.9439
37.9439
37.9439
37.9439
37.9439
36.7406
36.7406
36.7406
36.7406
36.7406
36.7406
36.7406
36.7406
36.0153
36.0153
36.0153
36.0153
36.0153
36.0153
36.0153
36.0153
35.6706
35.6706
35.6706
35.6706
35.6706
35.6706
35.6706
35.6706
35.6197
35.6197
35.6197
35.6197
35.6197
35.6197
35.6197
35.6197
35.7831
35.7831
35.7831
35.7831
35.7831
35.7831
35.7831
35.7831
36.0859
36.0859
36.0859
36.0859
36.0859
36.0859
36.0859
36.0859
36.4577
36.4577
36.4577
36.4577
36.4577
36.4577
36.4577
36.4577
36.8322
36.8322
36.8322
36.8322
36.8322
36.8322
36.8322
36.8322
37.1491
37.1491
37.1491
37.1491
37.1491
37.1491
37.1491
37.1491
37.3563
37.3563
37.3563
37.3563
37.3563
37.3563
37.3563
37.3563
37.4124
37.4124
37.4124
37.4124
37.4124
37.4124
37.4124
37.4124
37.288
37.288
37.288
37.288
37.288
37.288
37.288
37.288
36.9681
36.9681
36.9681
36.9681
36.9681
36.9681
36.9681
36.9681
42.2624
42.2624
42.2624
42.2624
42.2624
42.2624
42.2624
42.2624
39.7392
39.7392
39.7392
39.7392
39.7392
39.7392
39.7392
39.7392
37.9439
37.9439
37.9439
37.9439
37.9439
37.9439
37.9439
37.9439
36.7406
36.7406
36.7406
36.7406
36.7406
36.7406
36.7406
36.7406
36.0153
36.0153
36.0153
36.0153
36.0153
36.0153
36.0153
36.0153
35.6706
35.6706
35.6706
35.6706
35.6706
35.6706
35.6706
35.6706
35.6197
35.6197
35.6197
35.6197
35.6197
35.6197
35.6197
35.6197
35.7831
35.7831
35.7831
35.7831
35.7831
35.7831
35.7831
35.7831
36.0859
36.0859
36.0859
36.0859
36.0859
36.0859
36.0859
36.0859
36.4577
36.4577
36.4577
36.4577
36.4577
36.4577
36.4577
36.4577
36.8322
36.8322
36.8322
36.8322
36.8322
36.8322
36.8322
36.8322
37.1491
37.1491
37.1491
37.1491
37.1491
37.1491
37.1491
37.1491
37.3563
37.3563
37.3563
37.3563
37.3563
37.3563
37.3563
37.3563
37.4124
37.4124
37.4124
37.4124
37.4124
37.4124
37.4124
37.4124
37.288
37.288
37.288
37.288
37.288
37.288
37.288
37.288
36.9681
36.9681
36.9681
36.9681
36.9681
36.9681
36.9681
36.9681
42.2624
42.2624
42.2624
42.2624
42.2624
42.2624
42.2624
42.2624
39.7392
39.7392
39.7392
39.7392
39.7392
39.7392
39.7392
39.7392
37.9439
37.9439
37.9439
37.9439
37.9439
37.9439
37.9439
37.9439
36.7406
36.7406
36.7406
36.7406
36.7406
36.7406
36.7406
36.7406
36.0153
36.0153
36.0153
36.0153
36.0153
36.0153
36.0153
36.0153
35.6706
35.6706
35.6706
35.6706
35.6706
35.6706
35.6706
35.6706
35.6197
35.6197
35.6197
35.6197
35.6197
35.6197
35.6197
35.6197
35.7831
35.7831
35.7831
35.7831
35.7831
35.7831
35.7831
35.7831
36.0859
36.0859
36.0859
36.0859
36.0859
36.0859
36.0859
36.0859
36.4577
36.4577
36.4577
36.4577
36.4577
36.4577
36.4577
36.4577
36.8322
36.8322
36.8322
36.8322
36.8322
36.8322
36.8322
36.8322
37.1491
37.1491
37.1491
37.1491
37.1491
37.1491
37.1491
37.1491
37.3563
37.3563
37.3563
37.3563
37.3563
37.3563
37.3563
37.3563
37.4124
37.4124
37.4124
37.4124
37.4124
37.4124
37.4124
37.4124
37.288
37.288
37.288
37.288
37.288
37.288
37.288
37.288
36.9681
36.9681
36.9681
36.9681
36.9681
36.9681
36.9681
36.9681
36.7674
36.7674
36.7674
36.7674
36.7674
36.7674
36.7674
36.7674
34.632
34.632
34.632
34.632
34.632
34.632
34.632
34.632
33.1688
33.1688
33.1688
33.1688
33.1688
33.1688
33.1688
33.1688
32.2593
32.2593
32.2593
32.2593
32.2593
32.2593
32.2593
32.2593
31.8056
31.8056
31.8056
31.8056
31.8056
31.8056
31.8056
31.8056
31.7242
31.7242
31.7242
31.7242
31.7242
31.7242
31.7242
31.7242
31.9408
31.9408
31.9408
31.9408
31.9408
31.9408
31.9408
31.9408
32.3856
32.3856
32.3856
32.3856
32.3856
32.3856
32.3856
32.3856
32.991
32.991
32.991
32.991
32.991
32.991
32.991
32.991
33.6897
33.6897
33.6897
33.6897
33.6897
33.6897
33.6897
33.6897
34.4147
34.4147
34.4147
34.4147
34.4147
34.4147
34.4147
34.4147
35.101
35.101
35.101
35.101
35.101
35.101
35.101
35.101
35.6879
35.6879
35.6879
35.6879
35.6879
35.6879
35.6879
35.6879
36.1222
36.1222
36.1222
36.1222
36.1222
36.1222
36.1222
36.1222
36.3618
36.3618
36.3618
36.3618
36.3618
36.3618
36.3618
36.3618
36.3781
36.3781
36.3781
36.3781
36.3781
36.3781
36.3781
36.3781
36.7674
36.7674
36.7674
36.7674
36.7674
36.7674
36.7674
36.7674
34.632
34.632
34.632
34.632
34.632
34.632
34.632
34.632
33.1688
33.1688
33.1688
33.1688
33.1688
33.1688
33.1688
33.1688
32.2593
32.2593
32.2593
32.2593
32.2593
32.2593
32.2593
32.2593
31.8056
31.8056
31.8056
31.8056
31.8056
31.8056
31.8056
31.8056
31.7242
31.7242
31.7242
31.7242
31.7242
31.7242
31.7242
31.7242
31.9408
31.9408
31.9408
31.9408
31.9408
31.9408
31.9408
31.9408
32.3856
32.3856
32.3856
32.3856
32.3856
32.3856
32.3856
32.3856
32.991
32.991
32.991
32.991
32.991
32.991
32.991
32.991
33.6897
33.6897
33.6897
33.6897
33.6897
33.6897
33.6897
33.6897
34.4147
34.4147
34.4147
34.4147
34.4147
34.4147
34.4147
34.4147
35.101
35.101
35.101
35.101
35.101
35.101
35.101
35.101
35.6879
35.6879
35.6879
35.6879
35.6879
35.6879
35.6879
35.6879
36.1222
36.1222
36.1222
36.1222
36.1222
36.1222
36.1222
36.1222
36.3618
36.3618
36.3618
36.3618
36.3618
36.3618
36.3618
36.3618
36.3781
36.3781
36.3781
36.3781
36.3781
36.3781
36.3781
36.3781
36.7674
36.7674
36.7674
36.7674
36.7674
36.7674
36.7674
36.7674
34.632
34.632
34.632
34.632
34.632
34.632
34.632
34.632
33.1688
33.1688
33.1688
33.1688
33.1688
33.1688
33.1688
33.1688
32.2593
32.2593
32.2593
32.2593
32.2593
32.2593
32.2593
32.2593
31.8056
31.8056
31.8056
31.8056
31.8056
31.8056
31.8056
31.8056
31.7242
31.7242
31.7242
31.7242
31.7242
31.7242
31.7242
31.7242
31.9408
31.9408
31.9408
31.9408
31.9408
31.9408
31.9408
31.9408
32.3856
32.3856
32.3856
32.3856
32.3856
32.3856
32.3856
32.3856
32.991
32.991
32.991
32.991
32.991
32.991
32.991
32.991
33.6897
33.6897
33.6897
33.6897
33.6897
33.6897
33.6897
33.6897
34.4147
34.4147
34.4147
34.4147
34.4147
34.4147
34.4147
34.4147
35.101
35.101
35.101
35.101
35.101
35.101
35.101
35.101
35.6879
35.6879
35.6879
35.6879
35.6879
35.6879
35.6879
35.6879
36.1222
36.1222
36.1222
36.1222
36.1222
36.1222
36.1222
36.1222
36.3618
36.3618
36.3618
36.3618
36.3618
36.3618
36.3618
36.3618
36.3781
36.3781
36.3781
36.3781
36.3781
36.3781
36.3781
36.3781
36.7674
36.7674
36.7674
36.7674
36.7674
36.7674
36.7674
36.7674
34.632
34.632
34.632
34.632
34.632
34.632
34.632
34.632
33.1688
33.1688
33.1688
33.1688
33.1688
33.1688
33.1688
33.1688
32.2593
32.2593
32.2593
32.2593
32.2593
32.2593
32.2593
32.2593
31.8056
31.8056
31.8056
31.8056
31.8056
31.8056
31.8056
31.8056
31.7242
31.7242
31.7242
31.7242
31.7242
31.7242
31.7242
31.7242
31.9408
31.9408
31.9408
31.9408
31.9408
31.9408
31.9408
31.9408
32.3856
32.3856
32.3856
32.3856
32.3856
32.3856
32.3856
32.3856
32.991
32.991
32.991
32.991
32.991
32.991
32.991
32.991
33.6897
33.6897
33.6897
33.6897
33.6897
33.6897
33.6897
33.6897
34.4147
34.4147
34.4147
34.4147
34.4147
34.4147
34.4147
34.4147
35.101
35.101
35.101
35.101
35.101
35.101
35.101
35.101
35.6879
35.6879
35.6879
35.6879
35.6879
35.6879
35.6879
35.6879
36.1222
36.1222
36.1222
36.1222
36.1222
36.1222
36.1222
36.1222
36.3618
36.3618
36.3618
36.3618
36.3618
36.3618
36.3618
36.3618
36.3781
36.3781
36.3781
36.3781
36.3781
36.3781
36.3781
36.3781
31.949
31.949
31.949
31.949
31.949
31.949
31.949
31.949
30.1925
30.1925
30.1925
30.1925
30.1925
30.1925
30.1925
30.1925
29.0395
29.0395
29.0395
29.0395
29.0395
29.0395
29.0395
29.0395
28.3898
28.3898
28.3898
28.3898
28.3898
28.3898
28.3898
28.3898
28.1616
28.1616
28.1616
28.1616
28.1616
28.1616
28.1616
28.1616
28.2859
28.2859
28.2859
28.2859
28.2859
28.2859
28.2859
28.2859
28.7003
28.7003
28.7003
28.7003
28.7003
28.7003
28.7003
28.7003
29.3457
29.3457
29.3457
29.3457
29.3457
29.3457
29.3457
29.3457
30.1625
30.1625
30.1625
30.1625
30.1625
30.1625
30.1625
30.1625
31.0886
31.0886
31.0886
31.0886
31.0886
31.0886
31.0886
31.0886
32.0597
32.0597
32.0597
32.0597
32.0597
32.0597
32.0597
32.0597
33.0095
33.0095
33.0095
33.0095
33.0095
33.0095
33.0095
33.0095
33.873
33.873
33.873
33.873
33.873
33.873
33.873
33.873
34.5897
34.5897
34.5897
34.5897
34.5897
34.5897
34.5897
34.5897
35.1081
35.1081
35.1081
35.1081
35.1081
35.1081
35.1081
35.1081
35.3895
35.3895
35.3895
35.3895
35.3895
35.3895
35.3895
35.3895
31.949
31.949
31.949
31.949
31.949
31.949
31.949
31.949
30.1925
30.1925
30.1925
30.1925
30.1925
30.1925
30.1925
30.1925
29.0395
29.0395
29.0395
29.0395
29.0395
29.0395
29.0395
29.0395
28.3898
28.3898
28.3898
28.3898
28.3898
28.3898
28.3898
28.3898
28.1616
28.1616
28.1616
28.1616
28.1616
28.1616
28.1616
28.1616
28.2859
28.2859
28.2859
28.2859
28.2859
28.2859
28.2859
28.2859
28.7003
28.7003
28.7003
28.7003
28.7003
28.7003
28.7003
28.7003
29.3457
29.3457
29.3457
29.3457
29.3457
29.3457
29.3457
29.3457
30.1625
30.1625
30.1625
30.1625
30.1625
30.1625
30.1625
30.1625
31.0886
31.0886
31.0886
31.0886
31.0886
31.0886
31.0886
31.0886
32.0597
32.0597
32.0597
32.0597
32.0597
32.0597
32.0597
32.0597
33.0095
33.0095
33.0095
33.0095
33.0095
33.0095
33.0095
33.0095
33.873
33.873
33.873
33.873
33.873
33.873
33.873
33.873
34.5897
34.5897
34.5897
34.5897
34.5897
34.5897
34.5897
34.5897
35.1081
35.1081
35.1081
35.1081
35.1081
35.1081
35.1081
35.1081
35.3895
35.3895
35.3895
35.3895
35.3895
35.3895
35.3895
35.3895
31.949
31.949
31.949
31.949
31.949
31.949
31.949
31.949
30.1925
30.1925
30.1925
30.1925
30.1925
30.1925
30.1925
30.1925
29.0395
29.0395
29.0395
29.0395
29.0395
29.0395
29.0395
29.0395
28.3898
28.3898
28.3898
28.3898
28.3898
28.3898
28.3898
28.3898
28.1616
28.1616
28.1616
28.1616
28.1616
28.1616
28.1616
28.1616
28.2859
28.2859
28.2859
28.2859
28.2859
28.2859
28.2859
28.2859
28.7003
28.7003
28.7003
28.7003
28.7003
28.7003
28.7003
28.7003
29.3457
29.3457
29.3457
29.3457
29.3457
29.3457
29.3457
29.3457
30.1625
30.1625
30.1625
30.1625
30.1625
30.1625
30.1625
30.1625
31.0886
31.0886
31.0886
31.0886
31.0886
31.0886
31.0886
31.0886
32.0597
32.0597
32.0597
32.0597
32.0597
32.0597
32.0597
32.0597
33.0095
33.0095
33.0095
33.0095
33.0095
33.0095
33.0095
33.0095
33.873
33.873
33.873
33.873
33.873
33.873
33.873
33.873
34.5897
34.5897
34.5897
34.5897
34.5897
34.5897
34.5897
34.5897
35.1081
35.1081
35.1081
35.1081
35.1081
35.1081
35.1081
35.1081
35.3895
35.3895
35.3895
35.3895
35.3895
35.3895
35.3895
35.3895
31.949
31.949
31.949
31.949
31.949
31.949
31.949
31.949
30.1925
30.1925
30.1925
30.1925
30.1925
30.1925
30.1925
30.1925
29.0395
29.0395
29.0395
29.0395
29.0395
29.0395
29.0395
29.0395
28.3898
28.3898
28.3898
28.3898
28.3898
28.3898
28.3898
28.3898
28.1616
28.1616
28.1616
28.1616
28.1616
28.1616
28.1616
28.1616
28.2859
28.2859
28.2859
28.2859
28.2859
28.2859
28.2859
28.2859
28.7003
28.7003
28.7003
28.7003
28.7003
28.7003
28.7003
28.7003
29.3457
29.3457
29.3457
29.3457
29.3457
29.3457
29.3457
29.3457
30.1625
30.1625
30.1625
30.1625
30.1625
30.1625
30.1625
30.1625
31.0886
31.0886
31.0886
31.0886
31.0886
31.0886
31.0886
31.0886
32.0597
32.0597
32.0597
32.0597
32.0597
32.0597
32.0597
32.0597
33.0095
33.0095
33.0095
33.0095
33.0095
33.0095
33.0095
33.0095
33.873
33.873
33.873
33.873
33.873
33.873
33.873
33.873
34.5897
34.5897
34.5897
34.5897
34.5897
34.5897
34.5897
34.5897
35.1081
35.1081
35.1081
35.1081
35.1081
35.1081
35.1081
35.1081
35.3895
35.3895
35.3895
35.3895
35.3895
35.3895
35.3895
35.3895
27.8926
27.8926
27.8926
27.8926
27.8926
27.8926
27.8926
27.8926
26.4843
26.4843
26.4843
26.4843
26.4843
26.4843
26.4843
26.4843
25.6079
25.6079
25.6079
25.6079
25.6079
25.6079
25.6079
25.6079
25.1807
25.1807
25.1807
25.1807
25.1807
25.1807
25.1807
25.1807
25.136
25.136
25.136
25.136
25.136
25.136
25.136
25.136
25.4172
25.4172
25.4172
25.4172
25.4172
25.4172
25.4172
25.4172
25.9735
25.9735
25.9735
25.9735
25.9735
25.9735
25.9735
25.9735
26.7547
26.7547
26.7547
26.7547
26.7547
26.7547
26.7547
26.7547
27.7091
27.7091
27.7091
27.7091
27.7091
27.7091
27.7091
27.7091
28.7804
28.7804
28.7804
28.7804
28.7804
28.7804
28.7804
28.7804
29.9079
29.9079
29.9079
29.9079
29.9079
29.9079
29.9079
29.9079
31.0265
31.0265
31.0265
31.0265
31.0265
31.0265
31.0265
31.0265
32.0701
32.0701
32.0701
32.0701
32.0701
32.0701
32.0701
32.0701
32.9745
32.9745
32.9745
32.9745
32.9745
32.9745
32.9745
32.9745
33.6829
33.6829
33.6829
33.6829
33.6829
33.6829
33.6829
33.6829
34.15
34.15
34.15
34.15
34.15
34.15
34.15
34.15
27.8926
27.8926
27.8926
27.8926
27.8926
27.8926
27.8926
27.8926
26.4843
26.4843
26.4843
26.4843
26.4843
26.4843
26.4843
26.4843
25.6079
25.6079
25.6079
25.6079
25.6079
25.6079
25.6079
25.6079
25.1807
25.1807
25.1807
25.1807
25.1807
25.1807
25.1807
25.1807
25.136
25.136
25.136
25.136
25.136
25.136
25.136
25.136
25.4172
25.4172
25.4172
25.4172
25.4172
25.4172
25.4172
25.4172
25.9735
25.9735
25.9735
25.9735
25.9735
25.9735
25.9735
25.9735
26.7547
26.7547
26.7547
26.7547
26.7547
26.7547
26.7547
26.7547
27.7091
27.7091
27.7091
27.7091
27.7091
27.7091
27.7091
27.7091
28.7804
28.7804
28.7804
28.7804
28.7804
28.7804
28.7804
28.7804
29.9079
29.9079
29.9079
29.9079
29.9079
29.9079
29.9079
29.9079
31.0265
31.0265
31.0265
31.0265
31.0265
31.0265
31.0265
31.0265
32.0701
32.0701
32.0701
32.0701
32.0701
32.0701
32.0701
32.0701
32.9745
32.9745
32.9745
32.9745
32.9745
32.9745
32.9745
32.9745
33.6829
33.6829
33.6829
33.6829
33.6829
33.6829
33.6829
33.6829
34.15
34.15
34.15
34.15
34.15
34.15
34.15
34.15
27.8926
27.8926
27.8926
27.8926
27.8926
27.8926
27.8926
27.8926
26.4843
26.4843
26.4843
26.4843
26.4843
26.4843
26.4843
26.4843
25.6079
25.6079
25.6079
25.6079
25.6079
25.6079
25.6079
25.6079
25.1807
25.1807
25.1807
25.1807
25.1807
25.1807
25.1807
25.1807
25.136
25.136
25.136
25.136
25.136
25.136
25.136
25.136
25.4172
25.4172
25.4172
25.4172
25.4172
25.4172
25.4172
25.4172
25.9735
25.9735
25.9735
25.9735
25.9735
25.9735
25.9735
25.9735
26.7547
26.7547
26.7547
26.7547
26.7547
26.7547
26.7547
26.7547
27.7091
27.7091
27.7091
27.7091
27.7091
27.7091
27.7091
27.7091
28.7804
28.7804
28.7804
28.7804
28.7804
28.7804
28.7804
28.7804
29.9079
29.9079
29.9079
29.9079
29.9079
29.9079
29.9079
29.9079
31.0265
31.0265
31.0265
31.0265
31.0265
31.0265
31.0265
31.0265
32.0701
32.0701
32.0701
32.0701
32.0701
32.0701
32.0701
32.0701
32.9745
32.9745
32.9745
32.9745
32.9745
32.9745
32.9745
32.9745
33.6829
33.6829
33.6829
33.6829
33.6829
33.6829
33.6829
33.6829
34.15
34.15
34.15
34.15
34.15
34.15
34.15
34.15
27.8926
27.8926
27.8926
27.8926
27.8926
27.8926
27.8926
27.8926
26.4843
26.4843
26.4843
26.4843
26.4843
26.4843
26.4843
26.4843
25.6079
25.6079
25.6079
25.6079
25.6079
25.6079
25.6079
25.6079
25.1807
25.1807
25.1807
25.1807
25.1807
25.1807
25.1807
25.1807
25.136
25.136
25.136
25.136
25.136
25.136
25.136
25.136
25.4172
25.4172
25.4172
25.4172
25.4172
25.4172
25.4172
25.4172
25.9735
25.9735
25.9735
25.9735
25.9735
25.9735
25.9735
25.9735
26.7547
26.7547
26.7547
26.7547
26.7547
26.7547
26.7547
26.7547
27.7091
27.7091
27.7091
27.7091
27.7091
27.7091
27.7091
27.7091
28.7804
28.7804
28.7804
28.7804
28.7804
28.7804
28.7804
28.7804
29.9079
29.9079
29.9079
29.9079
29.9079
29.9079
29.9079
29.9079
31.0265
31.0265
31.0265
31.0265
31.0265
31.0265
31.0265
31.0265
32.0701
32.0701
32.0701
32.0701
32.0701
32.0701
32.0701
32.0701
32.9745
32.9745
32.9745
32.9745
32.9745
32.9745
32.9745
32.9745
33.6829
33.6829
33.6829
33.6829
33.6829
33.6829
33.6829
33.6829
34.15
34.15
34.15
34.15
34.15
34.15
34.15
34.15
24.6095
24.6095
24.6095
24.6095
24.6095
24.6095
24.6095
24.6095
23.5082
23.5082
23.5082
23.5082
23.5082
23.5082
23.5082
23.5082
22.8709
22.8709
22.8709
22.8709
22.8709
22.8709
22.8709
22.8709
22.6309
22.6309
22.6309
22.6309
22.6309
22.6309
22.6309
22.6309
22.7342
22.7342
22.7342
22.7342
22.7342
22.7342
22.7342
22.7342
23.135
23.135
23.135
23.135
23.135
23.135
23.135
23.135
23.7913
23.7913
23.7913
23.7913
23.7913
23.7913
23.7913
23.7913
24.6608
24.6608
24.6608
24.6608
24.6608
24.6608
24.6608
24.6608
25.6977
25.6977
25.6977
25.6977
25.6977
25.6977
25.6977
25.6977
26.8512
26.8512
26.8512
26.8512
26.8512
26.8512
26.8512
26.8512
28.0641
28.0641
28.0641
28.0641
28.0641
28.0641
28.0641
28.0641
29.2738
29.2738
29.2738
29.2738
29.2738
29.2738
29.2738
29.2738
30.4149
30.4149
30.4149
30.4149
30.4149
30.4149
30.4149
30.4149
31.4226
31.4226
31.4226
31.4226
31.4226
31.4226
31.4226
31.4226
32.2381
32.2381
32.2381
32.2381
32.2381
32.2381
32.2381
32.2381
32.8133
32.8133
32.8133
32.8133
32.8133
32.8133
32.8133
32.8133
24.6095
24.6095
24.6095
24.6095
24.6095
24.6095
24.6095
24.6095
23.5082
23.5082
23.5082
23.5082
23.5082
23.5082
23.5082
23.5082
22.8709
22.8709
22.8709
22.8709
22.8709
22.8709
22.8709
22.8709
22.6309
22.6309
22.6309
22.6309
22.6309
22.6309
22.6309
22.6309
22.7342
22.7342
22.7342
22.7342
22.7342
22.7342
22.7342
22.7342
23.135
23.135
23.135
23.135
23.135
23.135
23.135
23.135
23.7913
23.7913
23.7913
23.7913
23.7913
23.7913
23.7913
23.7913
24.6608
24.6608
24.6608
24.6608
24.6608
24.6608
24.6608
24.6608
25.6977
25.6977
25.6977
25.6977
25.6977
25.6977
25.6977
25.6977
26.8512
26.8512
26.8512
26.8512
26.8512
26.8512
26.8512
26.8512
28.0641
28.0641
28.0641
28.0641
28.0641
28.0641
28.0641
28.0641
29.2738
29.2738
29.2738
29.2738
29.2738
29.2738
29.2738
29.2738
30.4149
30.4149
30.4149
30.4149
30.4149
30.4149
30.4149
30.4149
31.4226
31.4226
31.4226
31.4226
31.4226
31.4226
31.4226
31.4226
32.2381
32.2381
32.2381
32.2381
32.2381
32.2381
32.2381
32.2381
32.8133
32.8133
32.8133
32.8133
32.8133
32.8133
32.8133
32.8133
24.6095
24.6095
24.6095
24.6095
24.6095
24.6095
24.6095
24.6095
23.5082
23.5082
23.5082
23.5082
23.5082
23.5082
23.5082
23.5082
22.8709
22.8709
22.8709
22.8709
22.8709
22.8709
22.8709
22.8709
22.6309
22.6309
22.6309
22.6309
22.6309
22.6309
22.6309
22.6309
22.7342
22.7342
22.7342
22.7342
22.7342
22.7342
22.7342
22.7342
23.135
23.135
23.135
23.135
23.135
23.135
23.135
23.135
23.7913
23.7913
23.7913
23.7913
23.7913
23.7913
23.7913
23.7913
24.6608
24.6608
24.6608
24.6608
24.6608
24.6608
24.6608
24.6608
25.6977
25.6977
25.6977
25.6977
25.6977
25.6977
25.6977
25.6977
26.8512
26.8512
26.8512
26.8512
26.8512
26.8512
26.8512
26.8512
28.0641
28.0641
28.0641
28.0641
28.0641
28.0641
28.0641
28.0641
29.2738
29.2738
29.2738
29.2738
29.2738
29.2738
29.2738
29.2738
30.4149
30.4149
30.4149
30.4149
30.4149
30.4149
30.4149
30.4149
31.4226
31.4226
31.4226
31.4226
31.4226
31.4226
31.4226
31.4226
32.2381
32.2381
32.2381
32.2381
32.2381
32.2381
32.2381
32.2381
32.8133
32.8133
32.8133
32.8133
32.8133
32.8133
32.8133
32.8133
24.6095
24.6095
24.6095
24.6095
24.6095
24.6095
24.6095
24.6095
23.5082
23.5082
23.5082
23.5082
23.5082
23.5082
23.5082
23.5082
22.8709
22.8709
22.8709
22.8709
22.8709
22.8709
22.8709
22.8709
22.6309
22.6309
22.6309
22.6309
22.6309
22.6309
22.6309
22.6309
22.7342
22.7342
22.7342
22.7342
22.7342
22.7342
22.7342
22.7342
23.135
23.135
23.135
23.135
23.135
23.135
23.135
23.135
23.7913
23.7913
23.7913
23.7913
23.7913
23.7913
23.7913
23.7913
24.6608
24.6608
24.6608
24.6608
24.6608
24.6608
24.6608
24.6608
25.6977
25.6977
25.6977
25.6977
25.6977
25.6977
25.6977
25.6977
26.8512
26.8512
26.8512
26.8512
26.8512
26.8512
26.8512
26.8512
28.0641
28.0641
28.0641
28.0641
28.0641
28.0641
28.0641
28.0641
29.2738
29.2738
29.2738
29.2738
29.2738
29.2738
29.2738
29.2738
30.4149
30.4149
30.4149
30.4149
30.4149
30.4149
30.4149
30.4149
31.4226
31.4226
31.4226
31.4226
31.4226
31.4226
31.4226
31.4226
32.2381
32.2381
32.2381
32.2381
32.2381
32.2381
32.2381
32.2381
32.8133
32.8133
32.8133
32.8133
32.8133
32.8133
32.8133
32.8133
22.0634
22.0634
22.0634
22.0634
22.0634
22.0634
22.0634
22.0634
21.2258
21.2258
21.2258
21.2258
21.2258
21.2258
21.2258
21.2258
20.7923
20.7923
20.7923
20.7923
20.7923
20.7923
20.7923
20.7923
20.7093
20.7093
20.7093
20.7093
20.7093
20.7093
20.7093
20.7093
20.9334
20.9334
20.9334
20.9334
20.9334
20.9334
20.9334
20.9334
21.4271
21.4271
21.4271
21.4271
21.4271
21.4271
21.4271
21.4271
22.155
22.155
22.155
22.155
22.155
22.155
22.155
22.155
23.0803
23.0803
23.0803
23.0803
23.0803
23.0803
23.0803
23.0803
24.1618
24.1618
24.1618
24.1618
24.1618
24.1618
24.1618
24.1618
25.3526
25.3526
25.3526
25.3526
25.3526
25.3526
25.3526
25.3526
26.5985
26.5985
26.5985
26.5985
26.5985
26.5985
26.5985
26.5985
27.8396
27.8396
27.8396
27.8396
27.8396
27.8396
27.8396
27.8396
29.0124
29.0124
29.0124
29.0124
29.0124
29.0124
29.0124
29.0124
30.0536
30.0536
30.0536
30.0536
30.0536
30.0536
30.0536
30.0536
30.9052
30.9052
30.9052
30.9052
30.9052
30.9052
30.9052
30.9052
31.5196
31.5196
31.5196
31.5196
31.5196
31.5196
31.5196
31.5196
22.0634
22.0634
22.0634
22.0634
22.0634
22.0634
22.0634
22.0634
21.2258
21.2258
21.2258
21.2258
21.2258
21.2258
21.2258
21.2258
20.7923
20.7923
20.7923
20.7923
20.7923
20.7923
20.7923
20.7923
20.7093
20.7093
20.7093
20.7093
20.7093
20.7093
20.7093
20.7093
20.9334
20.9334
20.9334
20.9334
20.9334
20.9334
20.9334
20.9334
21.4271
21.4271
21.4271
21.4271
21.4271
21.4271
21.4271
21.4271
22.155
22.155
22.155
22.155
22.155
22.155
22.155
22.155
23.0803
23.0803
23.0803
23.0803
23.0803
23.0803
23.0803
23.0803
24.1618
24.1618
24.1618
24.1618
24.1618
24.1618
24.1618
24.1618
25.3526
25.3526
25.3526
25.3526
25.3526
25.3526
25.3526
25.3526
26.5985
26.5985
26.5985
26.5985
26.5985
26.5985
26.5985
26.5985
27.8396
27.8396
27.8396
27.8396
27.8396
27.8396
27.8396
27.8396
29.0124
29.0124
29.0124
29.0124
29.0124
29.0124
29.0124
29.0124
30.0536
30.0536
30.0536
30.0536
30.0536
30.0536
30.0536
30.0536
30.9052
30.9052
30.9052
30.9052
30.9052
30.9052
30.9052
30.9052
31.5196
31.5196
31.5196
31.5196
31.5196
31.5196
31.5196
31.5196
22.0634
22.0634
22.0634
22.0634
22.0634
22.0634
22.0634
22.0634
21.2258
21.2258
21.2258
21.2258
21.2258
21.2258
21.2258
21.2258
20.7923
20.7923
20.7923
20.7923
20.7923
20.7923
20.7923
20.7923
20.7093
20.7093
20.7093
20.7093
20.7093
20.7093
20.7093
20.7093
20.9334
20.9334
20.9334
20.9334
20.9334
20.9334
20.9334
20.9334
21.4271
21.4271
21.4271
21.4271
21.4271
21.4271
21.4271
21.4271
22.155
22.155
22.155
22.155
22.155
22.155
22.155
22.155
23.0803
23.0803
23.0803
23.0803
23.0803
23.0803
23.0803
23.0803
24.1618
24.1618
24.1618
24.1618
24.1618
24.1618
24.1618
24.1618
25.3526
25.3526
25.3526
25.3526
25.3526
25.3526
25.3526
25.3526
26.5985
26.5985
26.5985
26.5985
26.5985
26.5985
26.5985
26.5985
27.8396
27.8396
27.8396
27.8396
27.8396
27.8396
27.8396
27.8396
29.0124
29.0124
29.0124
29.0124
29.0124
29.0124
29.0124
29.0124
30.0536
30.0536
30.0536
30.0536
30.0536
30.0536
30.0536
30.0536
30.9052
30.9052
30.9052
30.9052
30.9052
30.9052
30.9052
30.9052
31.5196
31.5196
31.5196
31.5196
31.5196
31.5196
31.5196
31.5196
22.0634
22.0634
22.0634
22.0634
22.0634
22.0634
22.0634
22.0634
21.2258
21.2258
21.2258
21.2258
21.2258
21.2258
21.2258
21.2258
20.7923
20.7923
20.7923
20.7923
20.7923
20.7923
20.7923
20.7923
20.7093
20.7093
20.7093
20.7093
20.7093
20.7093
20.7093
20.7093
20.9334
20.9334
20.9334
20.9334
20.9334
20.9334
20.9334
20.9334
21.4271
21.4271
21.4271
21.4271
21.4271
21.4271
21.4271
21.4271
22.155
22.155
22.155
22.155
22.155
22.155
22.155
22.155
23.0803
23.0803
23.0803
23.0803
23.0803
23.0803
23.0803
23.0803
24.1618
24.1618
24.1618
24.1618
24.1618
24.1618
24.1618
24.1618
25.3526
25.3526
25.3526
25.3526
25.3526
25.3526
25.3526
25.3526
26.5985
26.5985
26.5985
26.5985
26.5985
26.5985
26.5985
26.5985
27.8396
27.8396
27.8396
27.8396
27.8396
27.8396
27.8396
27.8396
29.0124
29.0124
29.0124
29.0124
29.0124
29.0124
29.0124
29.0124
30.0536
30.0536
30.0536
30.0536
30.0536
30.0536
30.0536
30.0536
30.9052
30.9052
30.9052
30.9052
30.9052
30.9052
30.9052
30.9052
31.5196
31.5196
31.5196
31.5196
31.5196
31.5196
31.5196
31.5196
20.1954
20.1954
20.1954
20.1954
20.1954
20.1954
20.1954
20.1954
19.5818
19.5818
19.5818
19.5818
19.5818
19.5818
19.5818
19.5818
19.322
19.322
19.322
19.322
19.322
19.322
19.322
19.322
19.3727
19.3727
19.3727
19.3727
19.3727
19.3727
19.3727
19.3727
19.6984
19.6984
19.6984
19.6984
19.6984
19.6984
19.6984
19.6984
20.2677
20.2677
20.2677
20.2677
20.2677
20.2677
20.2677
20.2677
21.0495
21.0495
21.0495
21.0495
21.0495
21.0495
21.0495
21.0495
22.0104
22.0104
22.0104
22.0104
22.0104
22.0104
22.0104
22.0104
23.1122
23.1122
23.1122
23.1122
23.1122
23.1122
23.1122
23.1122
24.31
24.31
24.31
24.31
24.31
24.31
24.31
24.31
25.5522
25.5522
25.5522
25.5522
25.5522
25.5522
25.5522
25.5522
26.781
26.781
26.781
26.781
26.781
26.781
26.781
26.781
27.9357
27.9357
27.9357
27.9357
27.9357
27.9357
27.9357
27.9357
28.9557
28.9557
28.9557
28.9557
28.9557
28.9557
28.9557
28.9557
29.7862
29.7862
29.7862
29.7862
29.7862
29.7862
29.7862
29.7862
30.3826
30.3826
30.3826
30.3826
30.3826
30.3826
30.3826
30.3826
20.1954
20.1954
20.1954
20.1954
20.1954
20.1954
20.1954
20.1954
19.5818
19.5818
19.5818
19.5818
19.5818
19.5818
19.5818
19.5818
19.322
19.322
19.322
19.322
19.322
19.322
19.322
19.322
19.3727
19.3727
19.3727
19.3727
19.3727
19.3727
19.3727
19.3727
19.6984
19.6984
19.6984
19.6984
19.6984
19.6984
19.6984
19.6984
20.2677
20.2677
20.2677
20.2677
20.2677
20.2677
20.2677
20.2677
21.0495
21.0495
21.0495
21.0495
21.0495
21.0495
21.0495
21.0495
22.0104
22.0104
22.0104
22.0104
22.0104
22.0104
22.0104
22.0104
23.1122
23.1122
23.1122
23.1122
23.1122
23.1122
23.1122
23.1122
24.31
24.31
24.31
24.31
24.31
24.31
24.31
24.31
25.5522
25.5522
25.5522
25.5522
25.5522
25.5522
25.5522
25.5522
26.781
26.781
26.781
26.781
26.781
26.781
26.781
26.781
27.9357
27.9357
27.9357
27.9357
27.9357
27.9357
27.9357
27.9357
28.9557
28.9557
28.9557
28.9557
28.9557
28.9557
28.9557
28.9557
29.7862
29.7862
29.7862
29.7862
29.7862
29.7862
29.7862
29.7862
30.3826
30.3826
30.3826
30.3826
30.3826
30.3826
30.3826
30.3826
20.1954
20.1954
20.1954
20.1954
20.1954
20.1954
20.1954
20.1954
19.5818
19.5818
19.5818
19.5818
19.5818
19.5818
19.5818
19.5818
19.322
19.322
19.322
19.322
19.322
19.322
19.322
19.322
19.3727
19.3727
19.3727
19.3727
19.3727
19.3727
19.3727
19.3727
19.6984
19.6984
19.6984
19.6984
19.6984
19.6984
19.6984
19.6984
20.2677
20.2677
20.2677
20.2677
20.2677
20.2677
20.2677
20.2677
21.0495
21.0495
21.0495
21.0495
21.0495
21.0495
21.0495
21.0495
22.0104
22.0104
22.0104
22.0104
22.0104
22.0104
22.0104
22.0104
23.1122
23.1122
23.1122
23.1122
23.1122
23.1122
23.1122
23.1122
24.31
24.31
24.31
24.31
24.31
24.31
24.31
24.31
25.5522
25.5522
25.5522
25.5522
25.5522
25.5522
25.5522
25.5522
26.781
26.781
26.781
26.781
26.781
26.781
26.781
26.781
27.9357
27.9357
27.9357
27.9357
27.9357
27.9357
27.9357
27.9357
28.9557
28.9557
28.9557
28.9557
28.9557
28.9557
28.9557
28.9557
29.7862
29.7862
29.7862
29.7862
29.7862
29.7862
29.7862
29.7862
30.3826
30.3826
30.3826
30.3826
30.3826
30.3826
30.3826
30.3826
20.1954
20.1954
20.1954
20.1954
20.1954
20.1954
20.1954
20.1954
19.5818
19.5818
19.5818
19.5818
19.5818
19.5818
19.5818
19.5818
19.322
19.322
19.322
19.322
19.322
19.322
19.322
19.322
19.3727
19.3727
19.3727
19.3727
19.3727
19.3727
19.3727
19.3727
19.6984
19.6984
19.6984
19.6984
19.6984
19.6984
19.6984
19.6984
20.2677
20.2677
20.2677
20.2677
20.2677
20.2677
20.2677
20.2677
21.0495
21.0495
21.0495
21.0495
21.0495
21.0495
21.0495
21.0495
22.0104
22.0104
22.0104
22.0104
22.0104
22.0104
22.0104
22.0104
23.1122
23.1122
23.1122
23.1122
23.1122
23.1122
23.1122
23.1122
24.31
24.31
24.31
24.31
24.31
24.31
24.31
24.31
25.5522
25.5522
25.5522
25.5522
25.5522
25.5522
25.5522
25.5522
26.781
26.781
26.781
26.781
26.781
26.781
26.781
26.781
27.9357
27.9357
27.9357
27.9357
27.9357
27.9357
27.9357
27.9357
28.9557
28.9557
28.9557
28.9557
28.9557
28.9557
28.9557
28.9557
29.7862
29.7862
29.7862
29.7862
29.7862
29.7862
29.7862
29.7862
30.3826
30.3826
30.3826
30.3826
30.3826
30.3826
30.3826
30.3826
18.9425
18.9425
18.9425
18.9425
18.9425
18.9425
18.9425
18.9425
18.5202
18.5202
18.5202
18.5202
18.5202
18.5202
18.5202
18.5202
18.4107
18.4107
18.4107
18.4107
18.4107
18.4107
18.4107
18.4107
18.5786
18.5786
18.5786
18.5786
18.5786
18.5786
18.5786
18.5786
18.9938
18.9938
18.9938
18.9938
18.9938
18.9938
18.9938
18.9938
19.6288
19.6288
19.6288
19.6288
19.6288
19.6288
19.6288
19.6288
20.4548
20.4548
20.4548
20.4548
20.4548
20.4548
20.4548
20.4548
21.44
21.44
21.44
21.44
21.44
21.44
21.44
21.44
22.5472
22.5472
22.5472
22.5472
22.5472
22.5472
22.5472
22.5472
23.7324
23.7324
23.7324
23.7324
23.7324
23.7324
23.7324
23.7324
24.9453
24.9453
24.9453
24.9453
24.9453
24.9453
24.9453
24.9453
26.1305
26.1305
26.1305
26.1305
26.1305
26.1305
26.1305
26.1305
27.2299
27.2299
27.2299
27.2299
27.2299
27.2299
27.2299
27.2299
28.1872
28.1872
28.1872
28.1872
28.1872
28.1872
28.1872
28.1872
28.952
28.952
28.952
28.952
28.952
28.952
28.952
28.952
29.4849
29.4849
29.4849
29.4849
29.4849
29.4849
29.4849
29.4849
18.9425
18.9425
18.9425
18.9425
18.9425
18.9425
18.9425
18.9425
18.5202
18.5202
18.5202
18.5202
18.5202
18.5202
18.5202
18.5202
18.4107
18.4107
18.4107
18.4107
18.4107
18.4107
18.4107
18.4107
18.5786
18.5786
18.5786
18.5786
18.5786
18.5786
18.5786
18.5786
18.9938
18.9938
18.9938
18.9938
18.9938
18.9938
18.9938
18.9938
19.6288
19.6288
19.6288
19.6288
19.6288
19.6288
19.6288
19.6288
20.4548
20.4548
20.4548
20.4548
20.4548
20.4548
20.4548
20.4548
21.44
21.44
21.44
21.44
21.44
21.44
21.44
21.44
22.5472
22.5472
22.5472
22.5472
22.5472
22.5472
22.5472
22.5472
23.7324
23.7324
23.7324
23.7324
23.7324
23.7324
23.7324
23.7324
24.9453
24.9453
24.9453
24.9453
24.9453
24.9453
24.9453
24.9453
26.1305
26.1305
26.1305
26.1305
26.1305
26.1305
26.1305
26.1305
27.2299
27.2299
27.2299
27.2299
27.2299
27.2299
27.2299
27.2299
28.1872
28.1872
28.1872
28.1872
28.1872
28.1872
28.1872
28.1872
28.952
28.952
28.952
28.952
28.952
28.952
28.952
28.952
29.4849
29.4849
29.4849
29.4849
29.4849
29.4849
29.4849
29.4849
18.9425
18.9425
18.9425
18.9425
18.9425
18.9425
18.9425
18.9425
18.5202
18.5202
18.5202
18.5202
18.5202
18.5202
18.5202
18.5202
18.4107
18.4107
18.4107
18.4107
18.4107
18.4107
18.4107
18.4107
18.5786
18.5786
18.5786
18.5786
18.5786
18.5786
18.5786
18.5786
18.9938
18.9938
18.9938
18.9938
18.9938
18.9938
18.9938
18.9938
19.6288
19.6288
19.6288
19.6288
19.6288
19.6288
19.6288
19.6288
20.4548
20.4548
20.4548
20.4548
20.4548
20.4548
20.4548
20.4548
21.44
21.44
21.44
21.44
21.44
21.44
21.44
21.44
22.5472
22.5472
22.5472
22.5472
22.5472
22.5472
22.5472
22.5472
23.7324
23.7324
23.7324
23.7324
23.7324
23.7324
23.7324
23.7324
24.9453
24.9453
24.9453
24.9453
24.9453
24.9453
24.9453
24.9453
26.1305
26.1305
26.1305
26.1305
26.1305
26.1305
26.1305
26.1305
27.2299
27.2299
27.2299
27.2299
27.2299
27.2299
27.2299
27.2299
28.1872
28.1872
28.1872
28.1872
28.1872
28.1872
28.1872
28.1872
28.952
28.952
28.952
28.952
28.952
28.952
28.952
28.952
29.4849
29.4849
29.4849
29.4849
29.4849
29.4849
29.4849
29.4849
18.9425
18.9425
18.9425
18.9425
18.9425
18.9425
18.9425
18.9425
18.5202
18.5202
18.5202
18.5202
18.5202
18.5202
18.5202
18.5202
18.4107
18.4107
18.4107
18.4107
18.4107
18.4107
18.4107
18.4107
18.5786
18.5786
18.5786
18.5786
18.5786
18.5786
18.5786
18.5786
18.9938
18.9938
18.9938
18.9938
18.9938
18.9938
18.9938
18.9938
19.6288
19.6288
19.6288
19.6288
19.6288
19.6288
19.6288
19.6288
20.4548
20.4548
20.4548
20.4548
20.4548
20.4548
20.4548
20.4548
21.44
21.44
21.44
21.44
21.44
21.44
21.44
21.44
22.5472
22.5472
22.5472
22.5472
22.5472
22.5472
22.5472
22.5472
23.7324
23.7324
23.7324
23.7324
23.7324
23.7324
23.7324
23.7324
24.9453
24.9453
24.9453
24.9453
24.9453
24.9453
24.9453
24.9453
26.1305
26.1305
26.1305
26.1305
26.1305
26.1305
26.1305
26.1305
27.2299
27.2299
27.2299
27.2299
27.2299
27.2299
27.2299
27.2299
28.1872
28.1872
28.1872
28.1872
28.1872
28.1872
28.1872
28.1872
28.952
28.952
28.952
28.952
28.952
28.952
28.952
28.952
29.4849
29.4849
29.4849
29.4849
29.4849
29.4849
29.4849
29.4849
18.2501
18.2501
18.2501
18.2501
18.2501
18.2501
18.2501
18.2501
17.9939
17.9939
17.9939
17.9939
17.9939
17.9939
17.9939
17.9939
18.0181
18.0181
18.0181
18.0181
18.0181
18.0181
18.0181
18.0181
18.2926
18.2926
18.2926
18.2926
18.2926
18.2926
18.2926
18.2926
18.791
18.791
18.791
18.791
18.791
18.791
18.791
18.791
19.4871
19.4871
19.4871
19.4871
19.4871
19.4871
19.4871
19.4871
20.3528
20.3528
20.3528
20.3528
20.3528
20.3528
20.3528
20.3528
21.3562
21.3562
21.3562
21.3562
21.3562
21.3562
21.3562
21.3562
22.4594
22.4594
22.4594
22.4594
22.4594
22.4594
22.4594
22.4594
23.6186
23.6186
23.6186
23.6186
23.6186
23.6186
23.6186
23.6186
24.7839
24.7839
24.7839
24.7839
24.7839
24.7839
24.7839
24.7839
25.9019
25.9019
25.9019
25.9019
25.9019
25.9019
25.9019
25.9019
26.9179
26.9179
26.9179
26.9179
26.9179
26.9179
26.9179
26.9179
27.7804
27.7804
27.7804
27.7804
27.7804
27.7804
27.7804
27.7804
28.4451
28.4451
28.4451
28.4451
28.4451
28.4451
28.4451
28.4451
28.8789
28.8789
28.8789
28.8789
28.8789
28.8789
28.8789
28.8789
18.2501
18.2501
18.2501
18.2501
18.2501
18.2501
18.2501
18.2501
17.9939
17.9939
17.9939
17.9939
17.9939
17.9939
17.9939
17.9939
18.0181
18.0181
18.0181
18.0181
18.0181
18.0181
18.0181
18.0181
18.2926
18.2926
18.2926
18.2926
18.2926
18.2926
18.2926
18.2926
18.791
18.791
18.791
18.791
18.791
18.791
18.791
18.791
19.4871
19.4871
19.4871
19.4871
19.4871
19.4871
19.4871
19.4871
20.3528
20.3528
20.3528
20.3528
20.3528
20.3528
20.3528
20.3528
21.3562
21.3562
21.3562
21.3562
21.3562
21.3562
21.3562
21.3562
22.4594
22.4594
22.4594
22.4594
22.4594
22.4594
22.4594
22.4594
23.6186
23.6186
23.6186
23.6186
23.6186
23.6186
23.6186
23.6186
24.7839
24.7839
24.7839
24.7839
24.7839
24.7839
24.7839
24.7839
25.9019
25.9019
25.9019
25.9019
25.9019
25.9019
25.9019
25.9019
26.9179
26.9179
26.9179
26.9179
26.9179
26.9179
26.9179
26.9179
27.7804
27.7804
27.7804
27.7804
27.7804
27.7804
27.7804
27.7804
28.4451
28.4451
28.4451
28.4451
28.4451
28.4451
28.4451
28.4451
28.8789
28.8789
28.8789
28.8789
28.8789
28.8789
28.8789
28.8789
18.2501
18.2501
18.2501
18.2501
18.2501
18.2501
18.2501
18.2501
17.9939
17.9939
17.9939
17.9939
17.9939
17.9939
17.9939
17.9939
18.0181
18.0181
18.0181
18.0181
18.0181
18.0181
18.0181
18.0181
18.2926
18.2926
18.2926
18.2926
18.2926
18.2926
18.2926
18.2926
18.791
18.791
18.791
18.791
18.791
18.791
18.791
18.791
19.4871
19.4871
19.4871
19.4871
19.4871
19.4871
19.4871
19.4871
20.3528
20.3528
20.3528
20.3528
20.3528
20.3528
20.3528
20.3528
21.3562
21.3562
21.3562
21.3562
21.3562
21.3562
21.3562
21.3562
22.4594
22.4594
22.4594
22.4594
22.4594
22.4594
22.4594
22.4594
23.6186
23.6186
23.6186
23.6186
23.6186
23.6186
23.6186
23.6186
24.7839
24.7839
24.7839
24.7839
24.7839
24.7839
24.7839
24.7839
25.9019
25.9019
25.9019
25.9019
25.9019
25.9019
25.9019
25.9019
26.9179
26.9179
26.9179
26.9179
26.9179
26.9179
26.9179
26.9179
27.7804
27.7804
27.7804
27.7804
27.7804
27.7804
27.7804
27.7804
28.4451
28.4451
28.4451
28.4451
28.4451
28.4451
28.4451
28.4451
28.8789
28.8789
28.8789
28.8789
28.8789
28.8789
28.8789
28.8789
18.2501
18.2501
18.2501
18.2501
18.2501
18.2501
18.2501
18.2501
17.9939
17.9939
17.9939
17.9939
17.9939
17.9939
17.9939
17.9939
18.0181
18.0181
18.0181
18.0181
18.0181
18.0181
18.0181
18.0181
18.2926
18.2926
18.2926
18.2926
18.2926
18.2926
18.2926
18.2926
18.791
18.791
18.791
18.791
18.791
18.791
18.791
18.791
19.4871
19.4871
19.4871
19.4871
19.4871
19.4871
19.4871
19.4871
20.3528
20.3528
20.3528
20.3528
20.3528
20.3528
20.3528
20.3528
21.3562
21.3562
21.3562
21.3562
21.3562
21.3562
21.3562
21.3562
22.4594
22.4594
22.4594
22.4594
22.4594
22.4594
22.4594
22.4594
23.6186
23.6186
23.6186
23.6186
23.6186
23.6186
23.6186
23.6186
24.7839
24.7839
24.7839
24.7839
24.7839
24.7839
24.7839
24.7839
25.9019
25.9019
25.9019
25.9019
25.9019
25.9019
25.9019
25.9019
26.9179
26.9179
26.9179
26.9179
26.9179
26.9179
26.9179
26.9179
27.7804
27.7804
27.7804
27.7804
27.7804
27.7804
27.7804
27.7804
28.4451
28.4451
28.4451
28.4451
28.4451
28.4451
28.4451
28.4451
28.8789
28.8789
28.8789
28.8789
28.8789
28.8789
28.8789
28.8789
18.0777
18.0777
18.0777
18.0777
18.0777
18.0777
18.0777
18.0777
17.9697
17.9697
17.9697
17.9697
17.9697
17.9697
17.9697
17.9697
18.1169
18.1169
18.1169
18.1169
18.1169
18.1169
18.1169
18.1169
18.4925
18.4925
18.4925
18.4925
18.4925
18.4925
18.4925
18.4925
19.0711
19.0711
19.0711
19.0711
19.0711
19.0711
19.0711
19.0711
19.8268
19.8268
19.8268
19.8268
19.8268
19.8268
19.8268
19.8268
20.7301
20.7301
20.7301
20.7301
20.7301
20.7301
20.7301
20.7301
21.7475
21.7475
21.7475
21.7475
21.7475
21.7475
21.7475
21.7475
22.8395
22.8395
22.8395
22.8395
22.8395
22.8395
22.8395
22.8395
23.9613
23.9613
23.9613
23.9613
23.9613
23.9613
23.9613
23.9613
25.0636
25.0636
25.0636
25.0636
25.0636
25.0636
25.0636
25.0636
26.0947
26.0947
26.0947
26.0947
26.0947
26.0947
26.0947
26.0947
27.004
27.004
27.004
27.004
27.004
27.004
27.004
27.004
27.7459
27.7459
27.7459
27.7459
27.7459
27.7459
27.7459
27.7459
28.283
28.283
28.283
28.283
28.283
28.283
28.283
28.283
28.5901
28.5901
28.5901
28.5901
28.5901
28.5901
28.5901
28.5901
18.0777
18.0777
18.0777
18.0777
18.0777
18.0777
18.0777
18.0777
17.9697
17.9697
17.9697
17.9697
17.9697
17.9697
17.9697
17.9697
18.1169
18.1169
18.1169
18.1169
18.1169
18.1169
18.1169
18.1169
18.4925
18.4925
18.4925
18.4925
18.4925
18.4925
18.4925
18.4925
19.0711
19.0711
19.0711
19.0711
19.0711
19.0711
19.0711
19.0711
19.8268
19.8268
19.8268
19.8268
19.8268
19.8268
19.8268
19.8268
20.7301
20.7301
20.7301
20.7301
20.7301
20.7301
20.7301
20.7301
21.7475
21.7475
21.7475
21.7475
21.7475
21.7475
21.7475
21.7475
22.8395
22.8395
22.8395
22.8395
22.8395
22.8395
22.8395
22.8395
23.9613
23.9613
23.9613
23.9613
23.9613
23.9613
23.9613
23.9613
25.0636
25.0636
25.0636
25.0636
25.0636
25.0636
25.0636
25.0636
26.0947
26.0947
26.0947
26.0947
26.0947
26.0947
26.0947
26.0947
27.004
27.004
27.004
27.004
27.004
27.004
27.004
27.004
27.7459
27.7459
27.7459
27.7459
27.7459
27.7459
27.7459
27.7459
28.283
28.283
28.283
28.283
28.283
28.283
28.283
28.283
28.5901
28.5901
28.5901
28.5901
28.5901
28.5901
28.5901
28.5901
18.0777
18.0777
18.0777
18.0777
18.0777
18.0777
18.0777
18.0777
17.9697
17.9697
17.9697
17.9697
17.9697
17.9697
17.9697
17.9697
18.1169
18.1169
18.1169
18.1169
18.1169
18.1169
18.1169
18.1169
18.4925
18.4925
18.4925
18.4925
18.4925
18.4925
18.4925
18.4925
19.0711
19.0711
19.0711
19.0711
19.0711
19.0711
19.0711
19.0711
19.8268
19.8268
19.8268
19.8268
19.8268
19.8268
19.8268
19.8268
20.7301
20.7301
20.7301
20.7301
20.7301
20.7301
20.7301
20.7301
21.7475
21.7475
21.7475
21.7475
21.7475
21.7475
21.7475
21.7475
22.8395
22.8395
22.8395
22.8395
22.8395
22.8395
22.8395
22.8395
23.9613
23.9613
23.9613
23.9613
23.9613
23.9613
23.9613
23.9613
25.0636
25.0636
25.0636
25.0636
25.0636
25.0636
25.0636
25.0636
26.0947
26.0947
26.0947
26.0947
26.0947
26.0947
26.0947
26.0947
27.004
27.004
27.004
27.004
27.004
27.004
27.004
27.004
27.7459
27.7459
27.7459
27.7459
27.7459
27.7459
27.7459
27.7459
28.283
28.283
28.283
28.283
28.283
28.283
28.283
28.283
28.5901
28.5901
28.5901
28.5901
28.5901
28.5901
28.5901
28.5901
18.0777
18.0777
18.0777
18.0777
18.0777
18.0777
18.0777
18.0777
17.9697
17.9697
17.9697
17.9697
17.9697
17.9697
17.9697
17.9697
18.1169
18.1169
18.1169
18.1169
18.1169
18.1169
18.1169
18.1169
18.4925
18.4925
18.4925
18.4925
18.4925
18.4925
18.4925
18.4925
19.0711
19.0711
19.0711
19.0711
19.0711
19.0711
19.0711
19.0711
19.8268
19.8268
19.8268
19.8268
19.8268
19.8268
19.8268
19.8268
20.7301
20.7301
20.7301
20.7301
20.7301
20.7301
20.7301
20.7301
21.7475
21.7475
21.7475
21.7475
21.7475
21.7475
21.7475
21.7475
22.8395
22.8395
22.8395
22.8395
22.8395
22.8395
22.8395
22.8395
23.9613
23.9613
23.9613
23.9613
23.9613
23.9613
23.9613
23.9613
25.0636
25.0636
25.0636
25.0636
25.0636
25.0636
25.0636
25.0636
26.0947
26.0947
26.0947
26.0947
26.0947
26.0947
26.0947
26.0947
27.004
27.004
27.004
27.004
27.004
27.004
27.004
27.004
27.7459
27.7459
27.7459
27.7459
27.7459
27.7459
27.7459
27.7459
28.283
28.283
28.283
28.283
28.283
28.283
28.283
28.283
28.5901
28.5901
28.5901
28.5901
28.5901
28.5901
28.5901
28.5901
18.4003
18.4003
18.4003
18.4003
18.4003
18.4003
18.4003
18.4003
18.4285
18.4285
18.4285
18.4285
18.4285
18.4285
18.4285
18.4285
18.6922
18.6922
18.6922
18.6922
18.6922
18.6922
18.6922
18.6922
19.1658
19.1658
19.1658
19.1658
19.1658
19.1658
19.1658
19.1658
19.8236
19.8236
19.8236
19.8236
19.8236
19.8236
19.8236
19.8236
20.6376
20.6376
20.6376
20.6376
20.6376
20.6376
20.6376
20.6376
21.5759
21.5759
21.5759
21.5759
21.5759
21.5759
21.5759
21.5759
22.602
22.602
22.602
22.602
22.602
22.602
22.602
22.602
23.6743
23.6743
23.6743
23.6743
23.6743
23.6743
23.6743
23.6743
24.7464
24.7464
24.7464
24.7464
24.7464
24.7464
24.7464
24.7464
25.7695
25.7695
25.7695
25.7695
25.7695
25.7695
25.7695
25.7695
26.6946
26.6946
26.6946
26.6946
26.6946
26.6946
26.6946
26.6946
27.476
27.476
27.476
27.476
27.476
27.476
27.476
27.476
28.0745
28.0745
28.0745
28.0745
28.0745
28.0745
28.0745
28.0745
28.4612
28.4612
28.4612
28.4612
28.4612
28.4612
28.4612
28.4612
28.6196
28.6196
28.6196
28.6196
28.6196
28.6196
28.6196
28.6196
18.4003
18.4003
18.4003
18.4003
18.4003
18.4003
18.4003
18.4003
18.4285
18.4285
18.4285
18.4285
18.4285
18.4285
18.4285
18.4285
18.6922
18.6922
18.6922
18.6922
18.6922
18.6922
18.6922
18.6922
19.1658
19.1658
19.1658
19.1658
19.1658
19.1658
19.1658
19.1658
19.8236
19.8236
19.8236
19.8236
19.8236
19.8236
19.8236
19.8236
20.6376
20.6376
20.6376
20.6376
20.6376
20.6376
20.6376
20.6376
21.5759
21.5759
21.5759
21.5759
21.5759
21.5759
21.5759
21.5759
22.602
22.602
22.602
22.602
22.602
22.602
22.602
22.602
23.6743
23.6743
23.6743
23.6743
23.6743
23.6743
23.6743
23.6743
24.7464
24.7464
24.7464
24.7464
24.7464
24.7464
24.7464
24.7464
25.7695
25.7695
25.7695
25.7695
25.7695
25.7695
25.7695
25.7695
26.6946
26.6946
26.6946
26.6946
26.6946
26.6946
26.6946
26.6946
27.476
27.476
27.476
27.476
27.476
27.476
27.476
27.476
28.0745
28.0745
28.0745
28.0745
28.0745
28.0745
28.0745
28.0745
28.4612
28.4612
28.4612
28.4612
28.4612
28.4612
28.4612
28.4612
28.6196
28.6196
28.6196
28.6196
28.6196
28.6196
28.6196
28.6196
18.4003
18.4003
18.4003
18.4003
18.4003
18.4003
18.4003
18.4003
18.4285
18.4285
18.4285
18.4285
18.4285
18.4285
18.4285
18.4285
18.6922
18.6922
18.6922
18.6922
18.6922
18.6922
18.6922
18.6922
19.1658
19.1658
19.1658
19.1658
19.1658
19.1658
19.1658
19.1658
19.8236
19.8236
19.8236
19.8236
19.8236
19.8236
19.8236
19.8236
20.6376
20.6376
20.6376
20.6376
20.6376
20.6376
20.6376
20.6376
21.5759
21.5759
21.5759
21.5759
21.5759
21.5759
21.5759
21.5759
22.602
22.602
22.602
22.602
22.602
22.602
22.602
22.602
23.6743
23.6743
23.6743
23.6743
23.6743
23.6743
23.6743
23.6743
24.7464
24.7464
24.7464
24.7464
24.7464
24.7464
24.7464
24.7464
25.7695
25.7695
25.7695
25.7695
25.7695
25.7695
25.7695
25.7695
26.6946
26.6946
26.6946
26.6946
26.6946
26.6946
26.6946
26.6946
27.476
27.476
27.476
27.476
27.476
27.476
27.476
27.476
28.0745
28.0745
28.0745
28.0745
28.0745
28.0745
28.0745
28.0745
28.4612
28.4612
28.4612
28.4612
28.4612
28.4612
28.4612
28.4612
28.6196
28.6196
28.6196
28.6196
28.6196
28.6196
28.6196
28.6196
18.4003
18.4003
18.4003
18.4003
18.4003
18.4003
18.4003
18.4003
18.4285
18.4285
18.4285
18.4285
18.4285
18.4285
18.4285
18.4285
18.6922
18.6922
18.6922
18.6922
18.6922
18.6922
18.6922
18.6922
19.1658
19.1658
19.1658
19.1658
19.1658
19.1658
19.1658
19.1658
19.8236
19.8236
19.8236
19.8236
19.8236
19.8236
19.8236
19.8236
20.6376
20.6376
20.6376
20.6376
20.6376
20.6376
20.6376
20.6376
21.5759
21.5759
21.5759
21.5759
21.5759
21.5759
21.5759
21.5759
22.602
22.602
22.602
22.602
22.602
22.602
22.602
22.602
23.6743
23.6743
23.6743
23.6743
23.6743
23.6743
23.6743
23.6743
24.7464
24.7464
24.7464
24.7464
24.7464
24.7464
24.7464
24.7464
25.7695
25.7695
25.7695
25.7695
25.7695
25.7695
25.7695
25.7695
26.6946
26.6946
26.6946
26.6946
26.6946
26.6946
26.6946
26.6946
27.476
27.476
27.476
27.476
27.476
27.476
27.476
27.476
28.0745
28.0745
28.0745
28.0745
28.0745
28.0745
28.0745
28.0745
28.4612
28.4612
28.4612
28.4612
28.4612
28.4612
28.4612
28.4612
28.6196
28.6196
28.6196
28.6196
28.6196
28.6196
28.6196
28.6196
19.2056
19.2056
19.2056
19.2056
19.2056
19.2056
19.2056
19.2056
19.3614
19.3614
19.3614
19.3614
19.3614
19.3614
19.3614
19.3614
19.737
19.737
19.737
19.737
19.737
19.737
19.737
19.737
20.306
20.306
20.306
20.306
20.306
20.306
20.306
20.306
21.0404
21.0404
21.0404
21.0404
21.0404
21.0404
21.0404
21.0404
21.909
21.909
21.909
21.909
21.909
21.909
21.909
21.909
22.8763
22.8763
22.8763
22.8763
22.8763
22.8763
22.8763
22.8763
23.9019
23.9019
23.9019
23.9019
23.9019
23.9019
23.9019
23.9019
24.9415
24.9415
24.9415
24.9415
24.9415
24.9415
24.9415
24.9415
25.9477
25.9477
25.9477
25.9477
25.9477
25.9477
25.9477
25.9477
26.8727
26.8727
26.8727
26.8727
26.8727
26.8727
26.8727
26.8727
27.6711
27.6711
27.6711
27.6711
27.6711
27.6711
27.6711
27.6711
28.3029
28.3029
28.3029
28.3029
28.3029
28.3029
28.3029
28.3029
28.7372
28.7372
28.7372
28.7372
28.7372
28.7372
28.7372
28.7372
28.954
28.954
28.954
28.954
28.954
28.954
28.954
28.954
28.9458
28.9458
28.9458
28.9458
28.9458
28.9458
28.9458
28.9458
19.2056
19.2056
19.2056
19.2056
19.2056
19.2056
19.2056
19.2056
19.3614
19.3614
19.3614
19.3614
19.3614
19.3614
19.3614
19.3614
19.737
19.737
19.737
19.737
19.737
19.737
19.737
19.737
20.306
20.306
20.306
20.306
20.306
20.306
20.306
20.306
21.0404
21.0404
21.0404
21.0404
21.0404
21.0404
21.0404
21.0404
21.909
21.909
21.909
21.909
21.909
21.909
21.909
21.909
22.8763
22.8763
22.8763
22.8763
22.8763
22.8763
22.8763
22.8763
23.9019
23.9019
23.9019
23.9019
23.9019
23.9019
23.9019
23.9019
24.9415
24.9415
24.9415
24.9415
24.9415
24.9415
24.9415
24.9415
25.9477
25.9477
25.9477
25.9477
25.9477
25.9477
25.9477
25.9477
26.8727
26.8727
26.8727
26.8727
26.8727
26.8727
26.8727
26.8727
27.6711
27.6711
27.6711
27.6711
27.6711
27.6711
27.6711
27.6711
28.3029
28.3029
28.3029
28.3029
28.3029
28.3029
28.3029
28.3029
28.7372
28.7372
28.7372
28.7372
28.7372
28.7372
28.7372
28.7372
28.954
28.954
28.954
28.954
28.954
28.954
28.954
28.954
28.9458
28.9458
28.9458
28.9458
28.9458
28.9458
28.9458
28.9458
19.2056
19.2056
19.2056
19.2056
19.2056
19.2056
19.2056
19.2056
19.3614
19.3614
19.3614
19.3614
19.3614
19.3614
19.3614
19.3614
19.737
19.737
19.737
19.737
19.737
19.737
19.737
19.737
20.306
20.306
20.306
20.306
20.306
20.306
20.306
20.306
21.0404
21.0404
21.0404
21.0404
21.0404
21.0404
21.0404
21.0404
21.909
21.909
21.909
21.909
21.909
21.909
21.909
21.909
22.8763
22.8763
22.8763
22.8763
22.8763
22.8763
22.8763
22.8763
23.9019
23.9019
23.9019
23.9019
23.9019
23.9019
23.9019
23.9019
24.9415
24.9415
24.9415
24.9415
24.9415
24.9415
24.9415
24.9415
25.9477
25.9477
25.9477
25.9477
25.9477
25.9477
25.9477
25.9477
26.8727
26.8727
26.8727
26.8727
26.8727
26.8727
26.8727
26.8727
27.6711
27.6711
27.6711
27.6711
27.6711
27.6711
27.6711
27.6711
28.3029
28.3029
28.3029
28.3029
28.3029
28.3029
28.3029
28.3029
28.7372
28.7372
28.7372
28.7372
28.7372
28.7372
28.7372
28.7372
28.954
28.954
28.954
28.954
28.954
28.954
28.954
28.954
28.9458
28.9458
28.9458
28.9458
28.9458
28.9458
28.9458
28.9458
19.2056
19.2056
19.2056
19.2056
19.2056
19.2056
19.2056
19.2056
19.3614
19.3614
19.3614
19.3614
19.3614
19.3614
19.3614
19.3614
19.737
19.737
19.737
19.737
19.737
19.737
19.737
19.737
20.306
20.306
20.306
20.306
20.306
20.306
20.306
20.306
21.0404
21.0404
21.0404
21.0404
21.0404
21.0404
21.0404
21.0404
21.909
21.909
21.909
21.909
21.909
21.909
21.909
21.909
22.8763
22.8763
22.8763
22.8763
22.8763
22.8763
22.8763
22.8763
23.9019
23.9019
23.9019
23.9019
23.9019
23.9019
23.9019
23.9019
24.9415
24.9415
24.9415
24.9415
24.9415
24.9415
24.9415
24.9415
25.9477
25.9477
25.9477
25.9477
25.9477
25.9477
25.9477
25.9477
26.8727
26.8727
26.8727
26.8727
26.8727
26.8727
26.8727
26.8727
27.6711
27.6711
27.6711
27.6711
27.6711
27.6711
27.6711
27.6711
28.3029
28.3029
28.3029
28.3029
28.3029
28.3029
28.3029
28.3029
28.7372
28.7372
28.7372
28.7372
28.7372
28.7372
28.7372
28.7372
28.954
28.954
28.954
28.954
28.954
28.954
28.954
28.954
28.9458
28.9458
28.9458
28.9458
28.9458
28.9458
28.9458
28.9458
20.4881
20.4881
20.4881
20.4881
20.4881
20.4881
20.4881
20.4881
20.7632
20.7632
20.7632
20.7632
20.7632
20.7632
20.7632
20.7632
21.2444
21.2444
21.2444
21.2444
21.2444
21.2444
21.2444
21.2444
21.903
21.903
21.903
21.903
21.903
21.903
21.903
21.903
22.7071
22.7071
22.7071
22.7071
22.7071
22.7071
22.7071
22.7071
23.6209
23.6209
23.6209
23.6209
23.6209
23.6209
23.6209
23.6209
24.6045
24.6045
24.6045
24.6045
24.6045
24.6045
24.6045
24.6045
25.6134
25.6134
25.6134
25.6134
25.6134
25.6134
25.6134
25.6134
26.6009
26.6009
26.6009
26.6009
26.6009
26.6009
26.6009
26.6009
27.5192
27.5192
27.5192
27.5192
27.5192
27.5192
27.5192
27.5192
28.3227
28.3227
28.3227
28.3227
28.3227
28.3227
28.3227
28.3227
28.971
28.971
28.971
28.971
28.971
28.971
28.971
28.971
29.4314
29.4314
29.4314
29.4314
29.4314
29.4314
29.4314
29.4314
29.6819
29.6819
29.6819
29.6819
29.6819
29.6819
29.6819
29.6819
29.7121
29.7121
29.7121
29.7121
29.7121
29.7121
29.7121
29.7121
29.5243
29.5243
29.5243
29.5243
29.5243
29.5243
29.5243
29.5243
20.4881
20.4881
20.4881
20.4881
20.4881
20.4881
20.4881
20.4881
20.7632
20.7632
20.7632
20.7632
20.7632
20.7632
20.7632
20.7632
21.2444
21.2444
21.2444
21.2444
21.2444
21.2444
21.2444
21.2444
21.903
21.903
21.903
21.903
21.903
21.903
21.903
21.903
22.7071
22.7071
22.7071
22.7071
22.7071
22.7071
22.7071
22.7071
23.6209
23.6209
23.6209
23.6209
23.6209
23.6209
23.6209
23.6209
24.6045
24.6045
24.6045
24.6045
24.6045
24.6045
24.6045
24.6045
25.6134
25.6134
25.6134
25.6134
25.6134
25.6134
25.6134
25.6134
26.6009
26.6009
26.6009
26.6009
26.6009
26.6009
26.6009
26.6009
27.5192
27.5192
27.5192
27.5192
27.5192
27.5192
27.5192
27.5192
28.3227
28.3227
28.3227
28.3227
28.3227
28.3227
28.3227
28.3227
28.971
28.971
28.971
28.971
28.971
28.971
28.971
28.971
29.4314
29.4314
29.4314
29.4314
29.4314
29.4314
29.4314
29.4314
29.6819
29.6819
29.6819
29.6819
29.6819
29.6819
29.6819
29.6819
29.7121
29.7121
29.7121
29.7121
29.7121
29.7121
29.7121
29.7121
29.5243
29.5243
29.5243
29.5243
29.5243
29.5243
29.5243
29.5243
20.4881
20.4881
20.4881
20.4881
20.4881
20.4881
20.4881
20.4881
20.7632
20.7632
20.7632
20.7632
20.7632
20.7632
20.7632
20.7632
21.2444
21.2444
21.2444
21.2444
21.2444
21.2444
21.2444
21.2444
21.903
21.903
21.903
21.903
21.903
21.903
21.903
21.903
22.7071
22.7071
22.7071
22.7071
22.7071
22.7071
22.7071
22.7071
23.6209
23.6209
23.6209
23.6209
23.6209
23.6209
23.6209
23.6209
24.6045
24.6045
24.6045
24.6045
24.6045
24.6045
24.6045
24.6045
25.6134
25.6134
25.6134
25.6134
25.6134
25.6134
25.6134
25.6134
26.6009
26.6009
26.6009
26.6009
26.6009
26.6009
26.6009
26.6009
27.5192
27.5192
27.5192
27.5192
27.5192
27.5192
27.5192
27.5192
28.3227
28.3227
28.3227
28.3227
28.3227
28.3227
28.3227
28.3227
28.971
28.971
28.971
28.971
28.971
28.971
28.971
28.971
29.4314
29.4314
29.4314
29.4314
29.4314
29.4314
29.4314
29.4314
29.6819
29.6819
29.6819
29.6819
29.6819
29.6819
29.6819
29.6819
29.7121
29.7121
29.7121
29.7121
29.7121
29.7121
29.7121
29.7121
29.5243
29.5243
29.5243
29.5243
29.5243
29.5243
29.5243
29.5243
20.4881
20.4881
20.4881
20.4881
20.4881
20.4881
20.4881
20.4881
20.7632
20.7632
20.7632
20.7632
20.7632
20.7632
20.7632
20.7632
21.2444
21.2444
21.2444
21.2444
21.2444
21.2444
21.2444
21.2444
21.903
21.903
21.903
21.903
21.903
21.903
21.903
21.903
22.7071
22.7071
22.7071
22.7071
22.7071
22.7071
22.7071
22.7071
23.6209
23.6209
23.6209
23.6209
23.6209
23.6209
23.6209
23.6209
24.6045
24.6045
24.6045
24.6045
24.6045
24.6045
24.6045
24.6045
25.6134
25.6134
25.6134
25.6134
25.6134
25.6134
25.6134
25.6134
26.6009
26.6009
26.6009
26.6009
26.6009
26.6009
26.6009
26.6009
27.5192
27.5192
27.5192
27.5192
27.5192
27.5192
27.5192
27.5192
28.3227
28.3227
28.3227
28.3227
28.3227
28.3227
28.3227
28.3227
28.971
28.971
28.971
28.971
28.971
28.971
28.971
28.971
29.4314
29.4314
29.4314
29.4314
29.4314
29.4314
29.4314
29.4314
29.6819
29.6819
29.6819
29.6819
29.6819
29.6819
29.6819
29.6819
29.7121
29.7121
29.7121
29.7121
29.7121
29.7121
29.7121
29.7121
29.5243
29.5243
29.5243
29.5243
29.5243
29.5243
29.5243
29.5243
22.2391
22.2391
22.2391
22.2391
22.2391
22.2391
22.2391
22.2391
22.6213
22.6213
22.6213
22.6213
22.6213
22.6213
22.6213
22.6213
23.1964
23.1964
23.1964
23.1964
23.1964
23.1964
23.1964
23.1964
23.9314
23.9314
23.9314
23.9314
23.9314
23.9314
23.9314
23.9314
24.7897
24.7897
24.7897
24.7897
24.7897
24.7897
24.7897
24.7897
25.7301
25.7301
25.7301
25.7301
25.7301
25.7301
25.7301
25.7301
26.7077
26.7077
26.7077
26.7077
26.7077
26.7077
26.7077
26.7077
27.6747
27.6747
27.6747
27.6747
27.6747
27.6747
27.6747
27.6747
28.5826
28.5826
28.5826
28.5826
28.5826
28.5826
28.5826
28.5826
29.3846
29.3846
29.3846
29.3846
29.3846
29.3846
29.3846
29.3846
30.0391
30.0391
30.0391
30.0391
30.0391
30.0391
30.0391
30.0391
30.5121
30.5121
30.5121
30.5121
30.5121
30.5121
30.5121
30.5121
30.7796
30.7796
30.7796
30.7796
30.7796
30.7796
30.7796
30.7796
30.8294
30.8294
30.8294
30.8294
30.8294
30.8294
30.8294
30.8294
30.6612
30.6612
30.6612
30.6612
30.6612
30.6612
30.6612
30.6612
30.2862
30.2862
30.2862
30.2862
30.2862
30.2862
30.2862
30.2862
22.2391
22.2391
22.2391
22.2391
22.2391
22.2391
22.2391
22.2391
22.6213
22.6213
22.6213
22.6213
22.6213
22.6213
22.6213
22.6213
23.1964
23.1964
23.1964
23.1964
23.1964
23.1964
23.1964
23.1964
23.9314
23.9314
23.9314
23.9314
23.9314
23.9314
23.9314
23.9314
24.7897
24.7897
24.7897
24.7897
24.7897
24.7897
24.7897
24.7897
25.7301
25.7301
25.7301
25.7301
25.7301
25.7301
25.7301
25.7301
26.7077
26.7077
26.7077
26.7077
26.7077
26.7077
26.7077
26.7077
27.6747
27.6747
27.6747
27.6747
27.6747
27.6747
27.6747
27.6747
28.5826
28.5826
28.5826
28.5826
28.5826
28.5826
28.5826
28.5826
29.3846
29.3846
29.3846
29.3846
29.3846
29.3846
29.3846
29.3846
30.0391
30.0391
30.0391
30.0391
30.0391
30.0391
30.0391
30.0391
30.5121
30.5121
30.5121
30.5121
30.5121
30.5121
30.5121
30.5121
30.7796
30.7796
30.7796
30.7796
30.7796
30.7796
30.7796
30.7796
30.8294
30.8294
30.8294
30.8294
30.8294
30.8294
30.8294
30.8294
30.6612
30.6612
30.6612
30.6612
30.6612
30.6612
30.6612
30.6612
30.2862
30.2862
30.2862
30.2862
30.2862
30.2862
30.2862
30.2862
22.2391
22.2391
22.2391
22.2391
22.2391
22.2391
22.2391
22.2391
22.6213
22.6213
22.6213
22.6213
22.6213
22.6213
22.6213
22.6213
23.1964
23.1964
23.1964
23.1964
23.1964
23.1964
23.1964
23.1964
23.9314
23.9314
23.9314
23.9314
23.9314
23.9314
23.9314
23.9314
24.7897
24.7897
24.7897
24.7897
24.7897
24.7897
24.7897
24.7897
25.7301
25.7301
25.7301
25.7301
25.7301
25.7301
25.7301
25.7301
26.7077
26.7077
26.7077
26.7077
26.7077
26.7077
26.7077
26.7077
27.6747
27.6747
27.6747
27.6747
27.6747
27.6747
27.6747
27.6747
28.5826
28.5826
28.5826
28.5826
28.5826
28.5826
28.5826
28.5826
29.3846
29.3846
29.3846
29.3846
29.3846
29.3846
29.3846
29.3846
30.0391
30.0391
30.0391
30.0391
30.0391
30.0391
30.0391
30.0391
30.5121
30.5121
30.5121
30.5121
30.5121
30.5121
30.5121
30.5121
30.7796
30.7796
30.7796
30.7796
30.7796
30.7796
30.7796
30.7796
30.8294
30.8294
30.8294
30.8294
30.8294
30.8294
30.8294
30.8294
30.6612
30.6612
30.6612
30.6612
30.6612
30.6612
30.6612
30.6612
30.2862
30.2862
30.2862
30.2862
30.2862
30.2862
30.2862
30.2862
22.2391
22.2391
22.2391
22.2391
22.2391
22.2391
22.2391
22.2391
22.6213
22.6213
22.6213
22.6213
22.6213
22.6213
22.6213
22.6213
23.1964
23.1964
23.1964
23.1964
23.1964
23.1964
23.1964
23.1964
23.9314
23.9314
23.9314
23.9314
23.9314
23.9314
23.9314
23.9314
24.7897
24.7897
24.7897
24.7897
24.7897
24.7897
24.7897
24.7897
25.7301
25.7301
25.7301
25.7301
25.7301
25.7301
25.7301
25.7301
26.7077
26.7077
26.7077
26.7077
26.7077
26.7077
26.7077
26.7077
27.6747
27.6747
27.6747
27.6747
27.6747
27.6747
27.6747
27.6747
28.5826
28.5826
28.5826
28.5826
28.5826
28.5826
28.5826
28.5826
29.3846
29.3846
29.3846
29.3846
29.3846
29.3846
29.3846
29.3846
30.0391
30.0391
30.0391
30.0391
30.0391
30.0391
30.0391
30.0391
30.5121
30.5121
30.5121
30.5121
30.5121
30.5121
30.5121
30.5121
30.7796
30.7796
30.7796
30.7796
30.7796
30.7796
30.7796
30.7796
30.8294
30.8294
30.8294
30.8294
30.8294
30.8294
30.8294
30.8294
30.6612
30.6612
30.6612
30.6612
30.6612
30.6612
30.6612
30.6612
30.2862
30.2862
30.2862
30.2862
30.2862
30.2862
30.2862
30.2862
