8192
35.3613
35.3613
35.3613
35.3613
35.3613
35.3613
35.3613
35.3613
34.1393
34.1393
34.1393
34.1393
34.1393
34.1393
34.1393
34.1393
32.9044
32.9044
32.9044
32.9044
32.9044
32.9044
32.9044
32.9044
31.6836
31.6836
31.6836
31.6836
31.6836
31.6836
31.6836
31.6836
30.5024
30.5024
30.5024
30.5024
30.5024
30.5024
30.5024
30.5024
29.3835
29.3835
29.3835
29.3835
29.3835
29.3835
29.3835
29.3835
28.3458
28.3458
28.3458
28.3458
28.3458
28.3458
28.3458
28.3458
27.4048
27.4048
27.4048
27.4048
27.4048
27.4048
27.4048
27.4048
26.572
26.572
26.572
26.572
26.572
26.572
26.572
26.572
25.8552
25.8552
25.8552
25.8552
25.8552
25.8552
25.8552
25.8552
25.259
25.259
25.259
25.259
25.259
25.259
25.259
25.259
24.7846
24.7846
24.7846
24.7846
24.7846
24.7846
24.7846
24.7846
24.4307
24.4307
24.4307
24.4307
24.4307
24.4307
24.4307
24.4307
24.1927
24.1927
24.1927
24.1927
24.1927
24.1927
24.1927
24.1927
24.0639
24.0639
24.0639
24.0639
24.0639
24.0639
24.0639
24.0639
24.035
24.035
24.035
24.035
24.035
24.035
24.035
24.035
35.3613
35.3613
35.3613
35.3613
35.3613
35.3613
35.3613
35.3613
34.1393
34.1393
34.1393
34.1393
34.1393
34.1393
34.1393
34.1393
32.9044
32.9044
32.9044
32.9044
32.9044
32.9044
32.9044
32.9044
31.6836
31.6836
31.6836
31.6836
31.6836
31.6836
31.6836
31.6836
30.5024
30.5024
30.5024
30.5024
30.5024
30.5024
30.5024
30.5024
29.3835
29.3835
29.3835
29.3835
29.3835
29.3835
29.3835
29.3835
28.3458
28.3458
28.3458
28.3458
28.3458
28.3458
28.3458
28.3458
27.4048
27.4048
27.4048
27.4048
27.4048
27.4048
27.4048
27.4048
26.572
26.572
26.572
26.572
26.572
26.572
26.572
26.572
25.8552
25.8552
25.8552
25.8552
25.8552
25.8552
25.8552
25.8552
25.259
25.259
25.259
25.259
25.259
25.259
25.259
25.259
24.7846
24.7846
24.7846
24.7846
24.7846
24.7846
24.7846
24.7846
24.4307
24.4307
24.4307
24.4307
24.4307
24.4307
24.4307
24.4307
24.1927
24.1927
24.1927
24.1927
24.1927
24.1927
24.1927
24.1927
24.0639
24.0639
24.0639
24.0639
24.0639
24.0639
24.0639
24.0639
24.035
24.035
24.035
24.035
24.035
24.035
24.035
24.035
35.3613
35.3613
35.3613
35.3613
35.3613
35.3613
35.3613
35.3613
34.1393
34.1393
34.1393
34.1393
34.1393
34.1393
34.1393
34.1393
32.9044
32.9044
32.9044
32.9044
32.9044
32.9044
32.9044
32.9044
31.6836
31.6836
31.6836
31.6836
31.6836
31.6836
31.6836
31.6836
30.5024
30.5024
30.5024
30.5024
30.5024
30.5024
30.5024
30.5024
29.3835
29.3835
29.3835
29.3835
29.3835
29.3835
29.3835
29.3835
28.3458
28.3458
28.3458
28.3458
28.3458
28.3458
28.3458
28.3458
27.4048
27.4048
27.4048
27.4048
27.4048
27.4048
27.4048
27.4048
26.572
26.572
26.572
26.572
26.572
26.572
26.572
26.572
25.8552
25.8552
25.8552
25.8552
25.8552
25.8552
25.8552
25.8552
25.259
25.259
25.259
25.259
25.259
25.259
25.259
25.259
24.7846
24.7846
24.7846
24.7846
24.7846
24.7846
24.7846
24.7846
24.4307
24.4307
24.4307
24.4307
24.4307
24.4307
24.4307
24.4307
24.1927
24.1927
24.1927
24.1927
24.1927
24.1927
24.1927
24.1927
24.0639
24.0639
24.0639
24.0639
24.0639
24.0639
24.0639
24.0639
24.035
24.035
24.035
24.035
24.035
24.035
24.035
24.035
35.3613
35.3613
35.3613
35.3613
35.3613
35.3613
35.3613
35.3613
34.1393
34.1393
34.1393
34.1393
34.1393
34.1393
34.1393
34.1393
32.9044
32.9044
32.9044
32.9044
32.9044
32.9044
32.9044
32.9044
31.6836
31.6836
31.6836
31.6836
31.6836
31.6836
31.6836
31.6836
30.5024
30.5024
30.5024
30.5024
30.5024
30.5024
30.5024
30.5024
29.3835
29.3835
29.3835
29.3835
29.3835
29.3835
29.3835
29.3835
28.3458
28.3458
28.3458
28.3458
28.3458
28.3458
28.3458
28.3458
27.4048
27.4048
27.4048
27.4048
27.4048
27.4048
27.4048
27.4048
26.572
26.572
26.572
26.572
26.572
26.572
26.572
26.572
25.8552
25.8552
25.8552
25.8552
25.8552
25.8552
25.8552
25.8552
25.259
25.259
25.259
25.259
25.259
25.259
25.259
25.259
24.7846
24.7846
24.7846
24.7846
24.7846
24.7846
24.7846
24.7846
24.4307
24.4307
24.4307
24.4307
24.4307
24.4307
24.4307
24.4307
24.1927
24.1927
24.1927
24.1927
24.1927
24.1927
24.1927
24.1927
24.0639
24.0639
24.0639
24.0639
24.0639
24.0639
24.0639
24.0639
24.035
24.035
24.035
24.035
24.035
24.035
24.035
24.035
36.1968
36.1968
36.1968
36.1968
36.1968
36.1968
36.1968
36.1968
35.231
35.231
35.231
35.231
35.231
35.231
35.231
35.231
34.1731
34.1731
34.1731
34.1731
34.1731
34.1731
34.1731
34.1731
33.0546
33.0546
33.0546
33.0546
33.0546
33.0546
33.0546
33.0546
31.9084
31.9084
31.9084
31.9084
31.9084
31.9084
31.9084
31.9084
30.7669
30.7669
30.7669
30.7669
30.7669
30.7669
30.7669
30.7669
29.6601
29.6601
29.6601
29.6601
29.6601
29.6601
29.6601
29.6601
28.6144
28.6144
28.6144
28.6144
28.6144
28.6144
28.6144
28.6144
27.6515
27.6515
27.6515
27.6515
27.6515
27.6515
27.6515
27.6515
26.7885
26.7885
26.7885
26.7885
26.7885
26.7885
26.7885
26.7885
26.0378
26.0378
26.0378
26.0378
26.0378
26.0378
26.0378
26.0378
25.4068
25.4068
25.4068
25.4068
25.4068
25.4068
25.4068
25.4068
24.8988
24.8988
24.8988
24.8988
24.8988
24.8988
24.8988
24.8988
24.513
24.513
24.513
24.513
24.513
24.513
24.513
24.513
24.2452
24.2452
24.2452
24.2452
24.2452
24.2452
24.2452
24.2452
24.0875
24.0875
24.0875
24.0875
24.0875
24.0875
24.0875
24.0875
36.1968
36.1968
36.1968
36.1968
36.1968
36.1968
36.1968
36.1968
35.231
35.231
35.231
35.231
35.231
35.231
35.231
35.231
34.1731
34.1731
34.1731
34.1731
34.1731
34.1731
34.1731
34.1731
33.0546
33.0546
33.0546
33.0546
33.0546
33.0546
33.0546
33.0546
31.9084
31.9084
31.9084
31.9084
31.9084
31.9084
31.9084
31.9084
30.7669
30.7669
30.7669
30.7669
30.7669
30.7669
30.7669
30.7669
29.6601
29.6601
29.6601
29.6601
29.6601
29.6601
29.6601
29.6601
28.6144
28.6144
28.6144
28.6144
28.6144
28.6144
28.6144
28.6144
27.6515
27.6515
27.6515
27.6515
27.6515
27.6515
27.6515
27.6515
26.7885
26.7885
26.7885
26.7885
26.7885
26.7885
26.7885
26.7885
26.0378
26.0378
26.0378
26.0378
26.0378
26.0378
26.0378
26.0378
25.4068
25.4068
25.4068
25.4068
25.4068
25.4068
25.4068
25.4068
24.8988
24.8988
24.8988
24.8988
24.8988
24.8988
24.8988
24.8988
24.513
24.513
24.513
24.513
24.513
24.513
24.513
24.513
24.2452
24.2452
24.2452
24.2452
24.2452
24.2452
24.2452
24.2452
24.0875
24.0875
24.0875
24.0875
24.0875
24.0875
24.0875
24.0875
36.1968
36.1968
36.1968
36.1968
36.1968
36.1968
36.1968
36.1968
35.231
35.231
35.231
35.231
35.231
35.231
35.231
35.231
34.1731
34.1731
34.1731
34.1731
34.1731
34.1731
34.1731
34.1731
33.0546
33.0546
33.0546
33.0546
33.0546
33.0546
33.0546
33.0546
31.9084
31.9084
31.9084
31.9084
31.9084
31.9084
31.9084
31.9084
30.7669
30.7669
30.7669
30.7669
30.7669
30.7669
30.7669
30.7669
29.6601
29.6601
29.6601
29.6601
29.6601
29.6601
29.6601
29.6601
28.6144
28.6144
28.6144
28.6144
28.6144
28.6144
28.6144
28.6144
27.6515
27.6515
27.6515
27.6515
27.6515
27.6515
27.6515
27.6515
26.7885
26.7885
26.7885
26.7885
26.7885
26.7885
26.7885
26.7885
26.0378
26.0378
26.0378
26.0378
26.0378
26.0378
26.0378
26.0378
25.4068
25.4068
25.4068
25.4068
25.4068
25.4068
25.4068
25.4068
24.8988
24.8988
24.8988
24.8988
24.8988
24.8988
24.8988
24.8988
24.513
24.513
24.513
24.513
24.513
24.513
24.513
24.513
24.2452
24.2452
24.2452
24.2452
24.2452
24.2452
24.2452
24.2452
24.0875
24.0875
24.0875
24.0875
24.0875
24.0875
24.0875
24.0875
36.1968
36.1968
36.1968
36.1968
36.1968
36.1968
36.1968
36.1968
35.231
35.231
35.231
35.231
35.231
35.231
35.231
35.231
34.1731
34.1731
34.1731
34.1731
34.1731
34.1731
34.1731
34.1731
33.0546
33.0546
33.0546
33.0546
33.0546
33.0546
33.0546
33.0546
31.9084
31.9084
31.9084
31.9084
31.9084
31.9084
31.9084
31.9084
30.7669
30.7669
30.7669
30.7669
30.7669
30.7669
30.7669
30.7669
29.6601
29.6601
29.6601
29.6601
29.6601
29.6601
29.6601
29.6601
28.6144
28.6144
28.6144
28.6144
28.6144
28.6144
28.6144
28.6144
27.6515
27.6515
27.6515
27.6515
27.6515
27.6515
27.6515
27.6515
26.7885
26.7885
26.7885
26.7885
26.7885
26.7885
26.7885
26.7885
26.0378
26.0378
26.0378
26.0378
26.0378
26.0378
26.0378
26.0378
25.4068
25.4068
25.4068
25.4068
25.4068
25.4068
25.4068
25.4068
24.8988
24.8988
24.8988
24.8988
24.8988
24.8988
24.8988
24.8988
24.513
24.513
24.513
24.513
24.513
24.513
24.513
24.513
24.2452
24.2452
24.2452
24.2452
24.2452
24.2452
24.2452
24.2452
24.0875
24.0875
24.0875
24.0875
24.0875
24.0875
24.0875
24.0875
36.4517
36.4517
36.4517
36.4517
36.4517
36.4517
36.4517
36.4517
35.751
35.751
35.751
35.751
35.751
35.751
35.751
35.751
34.8898
34.8898
34.8898
34.8898
34.8898
34.8898
34.8898
34.8898
33.9005
33.9005
33.9005
33.9005
33.9005
33.9005
33.9005
33.9005
32.821
32.821
32.821
32.821
32.821
32.821
32.821
32.821
31.6914
31.6914
31.6914
31.6914
31.6914
31.6914
31.6914
31.6914
30.5513
30.5513
30.5513
30.5513
30.5513
30.5513
30.5513
30.5513
29.437
29.437
29.437
29.437
29.437
29.437
29.437
29.437
28.3805
28.3805
28.3805
28.3805
28.3805
28.3805
28.3805
28.3805
27.4076
27.4076
27.4076
27.4076
27.4076
27.4076
27.4076
27.4076
26.5383
26.5383
26.5383
26.5383
26.5383
26.5383
26.5383
26.5383
25.7863
25.7863
25.7863
25.7863
25.7863
25.7863
25.7863
25.7863
25.1596
25.1596
25.1596
25.1596
25.1596
25.1596
25.1596
25.1596
24.6607
24.6607
24.6607
24.6607
24.6607
24.6607
24.6607
24.6607
24.2875
24.2875
24.2875
24.2875
24.2875
24.2875
24.2875
24.2875
24.0337
24.0337
24.0337
24.0337
24.0337
24.0337
24.0337
24.0337
36.4517
36.4517
36.4517
36.4517
36.4517
36.4517
36.4517
36.4517
35.751
35.751
35.751
35.751
35.751
35.751
35.751
35.751
34.8898
34.8898
34.8898
34.8898
34.8898
34.8898
34.8898
34.8898
33.9005
33.9005
33.9005
33.9005
33.9005
33.9005
33.9005
33.9005
32.821
32.821
32.821
32.821
32.821
32.821
32.821
32.821
31.6914
31.6914
31.6914
31.6914
31.6914
31.6914
31.6914
31.6914
30.5513
30.5513
30.5513
30.5513
30.5513
30.5513
30.5513
30.5513
29.437
29.437
29.437
29.437
29.437
29.437
29.437
29.437
28.3805
28.3805
28.3805
28.3805
28.3805
28.3805
28.3805
28.3805
27.4076
27.4076
27.4076
27.4076
27.4076
27.4076
27.4076
27.4076
26.5383
26.5383
26.5383
26.5383
26.5383
26.5383
26.5383
26.5383
25.7863
25.7863
25.7863
25.7863
25.7863
25.7863
25.7863
25.7863
25.1596
25.1596
25.1596
25.1596
25.1596
25.1596
25.1596
25.1596
24.6607
24.6607
24.6607
24.6607
24.6607
24.6607
24.6607
24.6607
24.2875
24.2875
24.2875
24.2875
24.2875
24.2875
24.2875
24.2875
24.0337
24.0337
24.0337
24.0337
24.0337
24.0337
24.0337
24.0337
36.4517
36.4517
36.4517
36.4517
36.4517
36.4517
36.4517
36.4517
35.751
35.751
35.751
35.751
35.751
35.751
35.751
35.751
34.8898
34.8898
34.8898
34.8898
34.8898
34.8898
34.8898
34.8898
33.9005
33.9005
33.9005
33.9005
33.9005
33.9005
33.9005
33.9005
32.821
32.821
32.821
32.821
32.821
32.821
32.821
32.821
31.6914
31.6914
31.6914
31.6914
31.6914
31.6914
31.6914
31.6914
30.5513
30.5513
30.5513
30.5513
30.5513
30.5513
30.5513
30.5513
29.437
29.437
29.437
29.437
29.437
29.437
29.437
29.437
28.3805
28.3805
28.3805
28.3805
28.3805
28.3805
28.3805
28.3805
27.4076
27.4076
27.4076
27.4076
27.4076
27.4076
27.4076
27.4076
26.5383
26.5383
26.5383
26.5383
26.5383
26.5383
26.5383
26.5383
25.7863
25.7863
25.7863
25.7863
25.7863
25.7863
25.7863
25.7863
25.1596
25.1596
25.1596
25.1596
25.1596
25.1596
25.1596
25.1596
24.6607
24.6607
24.6607
24.6607
24.6607
24.6607
24.6607
24.6607
24.2875
24.2875
24.2875
24.2875
24.2875
24.2875
24.2875
24.2875
24.0337
24.0337
24.0337
24.0337
24.0337
24.0337
24.0337
24.0337
36.4517
36.4517
36.4517
36.4517
36.4517
36.4517
36.4517
36.4517
35.751
35.751
35.751
35.751
35.751
35.751
35.751
35.751
34.8898
34.8898
34.8898
34.8898
34.8898
34.8898
34.8898
34.8898
33.9005
33.9005
33.9005
33.9005
33.9005
33.9005
33.9005
33.9005
32.821
32.821
32.821
32.821
32.821
32.821
32.821
32.821
31.6914
31.6914
31.6914
31.6914
31.6914
31.6914
31.6914
31.6914
30.5513
30.5513
30.5513
30.5513
30.5513
30.5513
30.5513
30.5513
29.437
29.437
29.437
29.437
29.437
29.437
29.437
29.437
28.3805
28.3805
28.3805
28.3805
28.3805
28.3805
28.3805
28.3805
27.4076
27.4076
27.4076
27.4076
27.4076
27.4076
27.4076
27.4076
26.5383
26.5383
26.5383
26.5383
26.5383
26.5383
26.5383
26.5383
25.7863
25.7863
25.7863
25.7863
25.7863
25.7863
25.7863
25.7863
25.1596
25.1596
25.1596
25.1596
25.1596
25.1596
25.1596
25.1596
24.6607
24.6607
24.6607
24.6607
24.6607
24.6607
24.6607
24.6607
24.2875
24.2875
24.2875
24.2875
24.2875
24.2875
24.2875
24.2875
24.0337
24.0337
24.0337
24.0337
24.0337
24.0337
24.0337
24.0337
36.1583
36.1583
36.1583
36.1583
36.1583
36.1583
36.1583
36.1583
35.7059
35.7059
35.7059
35.7059
35.7059
35.7059
35.7059
35.7059
35.0394
35.0394
35.0394
35.0394
35.0394
35.0394
35.0394
35.0394
34.1898
34.1898
34.1898
34.1898
34.1898
34.1898
34.1898
34.1898
33.1974
33.1974
33.1974
33.1974
33.1974
33.1974
33.1974
33.1974
32.1078
32.1078
32.1078
32.1078
32.1078
32.1078
32.1078
32.1078
30.9679
30.9679
30.9679
30.9679
30.9679
30.9679
30.9679
30.9679
29.8227
29.8227
29.8227
29.8227
29.8227
29.8227
29.8227
29.8227
28.7123
28.7123
28.7123
28.7123
28.7123
28.7123
28.7123
28.7123
27.6705
27.6705
27.6705
27.6705
27.6705
27.6705
27.6705
27.6705
26.7241
26.7241
26.7241
26.7241
26.7241
26.7241
26.7241
26.7241
25.8922
25.8922
25.8922
25.8922
25.8922
25.8922
25.8922
25.8922
25.187
25.187
25.187
25.187
25.187
25.187
25.187
25.187
24.6139
24.6139
24.6139
24.6139
24.6139
24.6139
24.6139
24.6139
24.1728
24.1728
24.1728
24.1728
24.1728
24.1728
24.1728
24.1728
23.8582
23.8582
23.8582
23.8582
23.8582
23.8582
23.8582
23.8582
36.1583
36.1583
36.1583
36.1583
36.1583
36.1583
36.1583
36.1583
35.7059
35.7059
35.7059
35.7059
35.7059
35.7059
35.7059
35.7059
35.0394
35.0394
35.0394
35.0394
35.0394
35.0394
35.0394
35.0394
34.1898
34.1898
34.1898
34.1898
34.1898
34.1898
34.1898
34.1898
33.1974
33.1974
33.1974
33.1974
33.1974
33.1974
33.1974
33.1974
32.1078
32.1078
32.1078
32.1078
32.1078
32.1078
32.1078
32.1078
30.9679
30.9679
30.9679
30.9679
30.9679
30.9679
30.9679
30.9679
29.8227
29.8227
29.8227
29.8227
29.8227
29.8227
29.8227
29.8227
28.7123
28.7123
28.7123
28.7123
28.7123
28.7123
28.7123
28.7123
27.6705
27.6705
27.6705
27.6705
27.6705
27.6705
27.6705
27.6705
26.7241
26.7241
26.7241
26.7241
26.7241
26.7241
26.7241
26.7241
25.8922
25.8922
25.8922
25.8922
25.8922
25.8922
25.8922
25.8922
25.187
25.187
25.187
25.187
25.187
25.187
25.187
25.187
24.6139
24.6139
24.6139
24.6139
24.6139
24.6139
24.6139
24.6139
24.1728
24.1728
24.1728
24.1728
24.1728
24.1728
24.1728
24.1728
23.8582
23.8582
23.8582
23.8582
23.8582
23.8582
23.8582
23.8582
36.1583
36.1583
36.1583
36.1583
36.1583
36.1583
36.1583
36.1583
35.7059
35.7059
35.7059
35.7059
35.7059
35.7059
35.7059
35.7059
35.0394
35.0394
35.0394
35.0394
35.0394
35.0394
35.0394
35.0394
34.1898
34.1898
34.1898
34.1898
34.1898
34.1898
34.1898
34.1898
33.1974
33.1974
33.1974
33.1974
33.1974
33.1974
33.1974
33.1974
32.1078
32.1078
32.1078
32.1078
32.1078
32.1078
32.1078
32.1078
30.9679
30.9679
30.9679
30.9679
30.9679
30.9679
30.9679
30.9679
29.8227
29.8227
29.8227
29.8227
29.8227
29.8227
29.8227
29.8227
28.7123
28.7123
28.7123
28.7123
28.7123
28.7123
28.7123
28.7123
27.6705
27.6705
27.6705
27.6705
27.6705
27.6705
27.6705
27.6705
26.7241
26.7241
26.7241
26.7241
26.7241
26.7241
26.7241
26.7241
25.8922
25.8922
25.8922
25.8922
25.8922
25.8922
25.8922
25.8922
25.187
25.187
25.187
25.187
25.187
25.187
25.187
25.187
24.6139
24.6139
24.6139
24.6139
24.6139
24.6139
24.6139
24.6139
24.1728
24.1728
24.1728
24.1728
24.1728
24.1728
24.1728
24.1728
23.8582
23.8582
23.8582
23.8582
23.8582
23.8582
23.8582
23.8582
36.1583
36.1583
36.1583
36.1583
36.1583
36.1583
36.1583
36.1583
35.7059
35.7059
35.7059
35.7059
35.7059
35.7059
35.7059
35.7059
35.0394
35.0394
35.0394
35.0394
35.0394
35.0394
35.0394
35.0394
34.1898
34.1898
34.1898
34.1898
34.1898
34.1898
34.1898
34.1898
33.1974
33.1974
33.1974
33.1974
33.1974
33.1974
33.1974
33.1974
32.1078
32.1078
32.1078
32.1078
32.1078
32.1078
32.1078
32.1078
30.9679
30.9679
30.9679
30.9679
30.9679
30.9679
30.9679
30.9679
29.8227
29.8227
29.8227
29.8227
29.8227
29.8227
29.8227
29.8227
28.7123
28.7123
28.7123
28.7123
28.7123
28.7123
28.7123
28.7123
27.6705
27.6705
27.6705
27.6705
27.6705
27.6705
27.6705
27.6705
26.7241
26.7241
26.7241
26.7241
26.7241
26.7241
26.7241
26.7241
25.8922
25.8922
25.8922
25.8922
25.8922
25.8922
25.8922
25.8922
25.187
25.187
25.187
25.187
25.187
25.187
25.187
25.187
24.6139
24.6139
24.6139
24.6139
24.6139
24.6139
24.6139
24.6139
24.1728
24.1728
24.1728
24.1728
24.1728
24.1728
24.1728
24.1728
23.8582
23.8582
23.8582
23.8582
23.8582
23.8582
23.8582
23.8582
35.4114
35.4114
35.4114
35.4114
35.4114
35.4114
35.4114
35.4114
35.1689
35.1689
35.1689
35.1689
35.1689
35.1689
35.1689
35.1689
34.6752
34.6752
34.6752
34.6752
34.6752
34.6752
34.6752
34.6752
33.9587
33.9587
33.9587
33.9587
33.9587
33.9587
33.9587
33.9587
33.0604
33.0604
33.0604
33.0604
33.0604
33.0604
33.0604
33.0604
32.029
32.029
32.029
32.029
32.029
32.029
32.029
32.029
30.9164
30.9164
30.9164
30.9164
30.9164
30.9164
30.9164
30.9164
29.7737
29.7737
29.7737
29.7737
29.7737
29.7737
29.7737
29.7737
28.6473
28.6473
28.6473
28.6473
28.6473
28.6473
28.6473
28.6473
27.5772
27.5772
27.5772
27.5772
27.5772
27.5772
27.5772
27.5772
26.5953
26.5953
26.5953
26.5953
26.5953
26.5953
26.5953
26.5953
25.7251
25.7251
25.7251
25.7251
25.7251
25.7251
25.7251
25.7251
24.9819
24.9819
24.9819
24.9819
24.9819
24.9819
24.9819
24.9819
24.3738
24.3738
24.3738
24.3738
24.3738
24.3738
24.3738
24.3738
23.9019
23.9019
23.9019
23.9019
23.9019
23.9019
23.9019
23.9019
23.561
23.561
23.561
23.561
23.561
23.561
23.561
23.561
35.4114
35.4114
35.4114
35.4114
35.4114
35.4114
35.4114
35.4114
35.1689
35.1689
35.1689
35.1689
35.1689
35.1689
35.1689
35.1689
34.6752
34.6752
34.6752
34.6752
34.6752
34.6752
34.6752
34.6752
33.9587
33.9587
33.9587
33.9587
33.9587
33.9587
33.9587
33.9587
33.0604
33.0604
33.0604
33.0604
33.0604
33.0604
33.0604
33.0604
32.029
32.029
32.029
32.029
32.029
32.029
32.029
32.029
30.9164
30.9164
30.9164
30.9164
30.9164
30.9164
30.9164
30.9164
29.7737
29.7737
29.7737
29.7737
29.7737
29.7737
29.7737
29.7737
28.6473
28.6473
28.6473
28.6473
28.6473
28.6473
28.6473
28.6473
27.5772
27.5772
27.5772
27.5772
27.5772
27.5772
27.5772
27.5772
26.5953
26.5953
26.5953
26.5953
26.5953
26.5953
26.5953
26.5953
25.7251
25.7251
25.7251
25.7251
25.7251
25.7251
25.7251
25.7251
24.9819
24.9819
24.9819
24.9819
24.9819
24.9819
24.9819
24.9819
24.3738
24.3738
24.3738
24.3738
24.3738
24.3738
24.3738
24.3738
23.9019
23.9019
23.9019
23.9019
23.9019
23.9019
23.9019
23.9019
23.561
23.561
23.561
23.561
23.561
23.561
23.561
23.561
35.4114
35.4114
35.4114
35.4114
35.4114
35.4114
35.4114
35.4114
35.1689
35.1689
35.1689
35.1689
35.1689
35.1689
35.1689
35.1689
34.6752
34.6752
34.6752
34.6752
34.6752
34.6752
34.6752
34.6752
33.9587
33.9587
33.9587
33.9587
33.9587
33.9587
33.9587
33.9587
33.0604
33.0604
33.0604
33.0604
33.0604
33.0604
33.0604
33.0604
32.029
32.029
32.029
32.029
32.029
32.029
32.029
32.029
30.9164
30.9164
30.9164
30.9164
30.9164
30.9164
30.9164
30.9164
29.7737
29.7737
29.7737
29.7737
29.7737
29.7737
29.7737
29.7737
28.6473
28.6473
28.6473
28.6473
28.6473
28.6473
28.6473
28.6473
27.5772
27.5772
27.5772
27.5772
27.5772
27.5772
27.5772
27.5772
26.5953
26.5953
26.5953
26.5953
26.5953
26.5953
26.5953
26.5953
25.7251
25.7251
25.7251
25.7251
25.7251
25.7251
25.7251
25.7251
24.9819
24.9819
24.9819
24.9819
24.9819
24.9819
24.9819
24.9819
24.3738
24.3738
24.3738
24.3738
24.3738
24.3738
24.3738
24.3738
23.9019
23.9019
23.9019
23.9019
23.9019
23.9019
23.9019
23.9019
23.561
23.561
23.561
23.561
23.561
23.561
23.561
23.561
35.4114
35.4114
35.4114
35.4114
35.4114
35.4114
35.4114
35.4114
35.1689
35.1689
35.1689
35.1689
35.1689
35.1689
35.1689
35.1689
34.6752
34.6752
34.6752
34.6752
34.6752
34.6752
34.6752
34.6752
33.9587
33.9587
33.9587
33.9587
33.9587
33.9587
33.9587
33.9587
33.0604
33.0604
33.0604
33.0604
33.0604
33.0604
33.0604
33.0604
32.029
32.029
32.029
32.029
32.029
32.029
32.029
32.029
30.9164
30.9164
30.9164
30.9164
30.9164
30.9164
30.9164
30.9164
29.7737
29.7737
29.7737
29.7737
29.7737
29.7737
29.7737
29.7737
28.6473
28.6473
28.6473
28.6473
28.6473
28.6473
28.6473
28.6473
27.5772
27.5772
27.5772
27.5772
27.5772
27.5772
27.5772
27.5772
26.5953
26.5953
26.5953
26.5953
26.5953
26.5953
26.5953
26.5953
25.7251
25.7251
25.7251
25.7251
25.7251
25.7251
25.7251
25.7251
24.9819
24.9819
24.9819
24.9819
24.9819
24.9819
24.9819
24.9819
24.3738
24.3738
24.3738
24.3738
24.3738
24.3738
24.3738
24.3738
23.9019
23.9019
23.9019
23.9019
23.9019
23.9019
23.9019
23.9019
23.561
23.561
23.561
23.561
23.561
23.561
23.561
23.561
34.3466
34.3466
34.3466
34.3466
34.3466
34.3466
34.3466
34.3466
34.2621
34.2621
34.2621
34.2621
34.2621
34.2621
34.2621
34.2621
33.9048
33.9048
33.9048
33.9048
33.9048
33.9048
33.9048
33.9048
33.3009
33.3009
33.3009
33.3009
33.3009
33.3009
33.3009
33.3009
32.4908
32.4908
32.4908
32.4908
32.4908
32.4908
32.4908
32.4908
31.5245
31.5245
31.5245
31.5245
31.5245
31.5245
31.5245
31.5245
30.4567
30.4567
30.4567
30.4567
30.4567
30.4567
30.4567
30.4567
29.3421
29.3421
29.3421
29.3421
29.3421
29.3421
29.3421
29.3421
28.2313
28.2313
28.2313
28.2313
28.2313
28.2313
28.2313
28.2313
27.1679
27.1679
27.1679
27.1679
27.1679
27.1679
27.1679
27.1679
26.1872
26.1872
26.1872
26.1872
26.1872
26.1872
26.1872
26.1872
25.3158
25.3158
25.3158
25.3158
25.3158
25.3158
25.3158
25.3158
24.5711
24.5711
24.5711
24.5711
24.5711
24.5711
24.5711
24.5711
23.9628
23.9628
23.9628
23.9628
23.9628
23.9628
23.9628
23.9628
23.4927
23.4927
23.4927
23.4927
23.4927
23.4927
23.4927
23.4927
23.1559
23.1559
23.1559
23.1559
23.1559
23.1559
23.1559
23.1559
34.3466
34.3466
34.3466
34.3466
34.3466
34.3466
34.3466
34.3466
34.2621
34.2621
34.2621
34.2621
34.2621
34.2621
34.2621
34.2621
33.9048
33.9048
33.9048
33.9048
33.9048
33.9048
33.9048
33.9048
33.3009
33.3009
33.3009
33.3009
33.3009
33.3009
33.3009
33.3009
32.4908
32.4908
32.4908
32.4908
32.4908
32.4908
32.4908
32.4908
31.5245
31.5245
31.5245
31.5245
31.5245
31.5245
31.5245
31.5245
30.4567
30.4567
30.4567
30.4567
30.4567
30.4567
30.4567
30.4567
29.3421
29.3421
29.3421
29.3421
29.3421
29.3421
29.3421
29.3421
28.2313
28.2313
28.2313
28.2313
28.2313
28.2313
28.2313
28.2313
27.1679
27.1679
27.1679
27.1679
27.1679
27.1679
27.1679
27.1679
26.1872
26.1872
26.1872
26.1872
26.1872
26.1872
26.1872
26.1872
25.3158
25.3158
25.3158
25.3158
25.3158
25.3158
25.3158
25.3158
24.5711
24.5711
24.5711
24.5711
24.5711
24.5711
24.5711
24.5711
23.9628
23.9628
23.9628
23.9628
23.9628
23.9628
23.9628
23.9628
23.4927
23.4927
23.4927
23.4927
23.4927
23.4927
23.4927
23.4927
23.1559
23.1559
23.1559
23.1559
23.1559
23.1559
23.1559
23.1559
34.3466
34.3466
34.3466
34.3466
34.3466
34.3466
34.3466
34.3466
34.2621
34.2621
34.2621
34.2621
34.2621
34.2621
34.2621
34.2621
33.9048
33.9048
33.9048
33.9048
33.9048
33.9048
33.9048
33.9048
33.3009
33.3009
33.3009
33.3009
33.3009
33.3009
33.3009
33.3009
32.4908
32.4908
32.4908
32.4908
32.4908
32.4908
32.4908
32.4908
31.5245
31.5245
31.5245
31.5245
31.5245
31.5245
31.5245
31.5245
30.4567
30.4567
30.4567
30.4567
30.4567
30.4567
30.4567
30.4567
29.3421
29.3421
29.3421
29.3421
29.3421
29.3421
29.3421
29.3421
28.2313
28.2313
28.2313
28.2313
28.2313
28.2313
28.2313
28.2313
27.1679
27.1679
27.1679
27.1679
27.1679
27.1679
27.1679
27.1679
26.1872
26.1872
26.1872
26.1872
26.1872
26.1872
26.1872
26.1872
25.3158
25.3158
25.3158
25.3158
25.3158
25.3158
25.3158
25.3158
24.5711
24.5711
24.5711
24.5711
24.5711
24.5711
24.5711
24.5711
23.9628
23.9628
23.9628
23.9628
23.9628
23.9628
23.9628
23.9628
23.4927
23.4927
23.4927
23.4927
23.4927
23.4927
23.4927
23.4927
23.1559
23.1559
23.1559
23.1559
23.1559
23.1559
23.1559
23.1559
34.3466
34.3466
34.3466
34.3466
34.3466
34.3466
34.3466
34.3466
34.2621
34.2621
34.2621
34.2621
34.2621
34.2621
34.2621
34.2621
33.9048
33.9048
33.9048
33.9048
33.9048
33.9048
33.9048
33.9048
33.3009
33.3009
33.3009
33.3009
33.3009
33.3009
33.3009
33.3009
32.4908
32.4908
32.4908
32.4908
32.4908
32.4908
32.4908
32.4908
31.5245
31.5245
31.5245
31.5245
31.5245
31.5245
31.5245
31.5245
30.4567
30.4567
30.4567
30.4567
30.4567
30.4567
30.4567
30.4567
29.3421
29.3421
29.3421
29.3421
29.3421
29.3421
29.3421
29.3421
28.2313
28.2313
28.2313
28.2313
28.2313
28.2313
28.2313
28.2313
27.1679
27.1679
27.1679
27.1679
27.1679
27.1679
27.1679
27.1679
26.1872
26.1872
26.1872
26.1872
26.1872
26.1872
26.1872
26.1872
25.3158
25.3158
25.3158
25.3158
25.3158
25.3158
25.3158
25.3158
24.5711
24.5711
24.5711
24.5711
24.5711
24.5711
24.5711
24.5711
23.9628
23.9628
23.9628
23.9628
23.9628
23.9628
23.9628
23.9628
23.4927
23.4927
23.4927
23.4927
23.4927
23.4927
23.4927
23.4927
23.1559
23.1559
23.1559
23.1559
23.1559
23.1559
23.1559
23.1559
33.1159
33.1159
33.1159
33.1159
33.1159
33.1159
33.1159
33.1159
33.1319
33.1319
33.1319
33.1319
33.1319
33.1319
33.1319
33.1319
32.8672
32.8672
32.8672
32.8672
32.8672
32.8672
32.8672
32.8672
32.346
32.346
32.346
32.346
32.346
32.346
32.346
32.346
31.6081
31.6081
31.6081
31.6081
31.6081
31.6081
31.6081
31.6081
30.7035
30.7035
30.7035
30.7035
30.7035
30.7035
30.7035
30.7035
29.688
29.688
29.688
29.688
29.688
29.688
29.688
29.688
28.6175
28.6175
28.6175
28.6175
28.6175
28.6175
28.6175
28.6175
27.5442
27.5442
27.5442
27.5442
27.5442
27.5442
27.5442
27.5442
26.5137
26.5137
26.5137
26.5137
26.5137
26.5137
26.5137
26.5137
25.5626
25.5626
25.5626
25.5626
25.5626
25.5626
25.5626
25.5626
24.7189
24.7189
24.7189
24.7189
24.7189
24.7189
24.7189
24.7189
24.0012
24.0012
24.0012
24.0012
24.0012
24.0012
24.0012
24.0012
23.4198
23.4198
23.4198
23.4198
23.4198
23.4198
23.4198
23.4198
22.9771
22.9771
22.9771
22.9771
22.9771
22.9771
22.9771
22.9771
22.668
22.668
22.668
22.668
22.668
22.668
22.668
22.668
33.1159
33.1159
33.1159
33.1159
33.1159
33.1159
33.1159
33.1159
33.1319
33.1319
33.1319
33.1319
33.1319
33.1319
33.1319
33.1319
32.8672
32.8672
32.8672
32.8672
32.8672
32.8672
32.8672
32.8672
32.346
32.346
32.346
32.346
32.346
32.346
32.346
32.346
31.6081
31.6081
31.6081
31.6081
31.6081
31.6081
31.6081
31.6081
30.7035
30.7035
30.7035
30.7035
30.7035
30.7035
30.7035
30.7035
29.688
29.688
29.688
29.688
29.688
29.688
29.688
29.688
28.6175
28.6175
28.6175
28.6175
28.6175
28.6175
28.6175
28.6175
27.5442
27.5442
27.5442
27.5442
27.5442
27.5442
27.5442
27.5442
26.5137
26.5137
26.5137
26.5137
26.5137
26.5137
26.5137
26.5137
25.5626
25.5626
25.5626
25.5626
25.5626
25.5626
25.5626
25.5626
24.7189
24.7189
24.7189
24.7189
24.7189
24.7189
24.7189
24.7189
24.0012
24.0012
24.0012
24.0012
24.0012
24.0012
24.0012
24.0012
23.4198
23.4198
23.4198
23.4198
23.4198
23.4198
23.4198
23.4198
22.9771
22.9771
22.9771
22.9771
22.9771
22.9771
22.9771
22.9771
22.668
22.668
22.668
22.668
22.668
22.668
22.668
22.668
33.1159
33.1159
33.1159
33.1159
33.1159
33.1159
33.1159
33.1159
33.1319
33.1319
33.1319
33.1319
33.1319
33.1319
33.1319
33.1319
32.8672
32.8672
32.8672
32.8672
32.8672
32.8672
32.8672
32.8672
32.346
32.346
32.346
32.346
32.346
32.346
32.346
32.346
31.6081
31.6081
31.6081
31.6081
31.6081
31.6081
31.6081
31.6081
30.7035
30.7035
30.7035
30.7035
30.7035
30.7035
30.7035
30.7035
29.688
29.688
29.688
29.688
29.688
29.688
29.688
29.688
28.6175
28.6175
28.6175
28.6175
28.6175
28.6175
28.6175
28.6175
27.5442
27.5442
27.5442
27.5442
27.5442
27.5442
27.5442
27.5442
26.5137
26.5137
26.5137
26.5137
26.5137
26.5137
26.5137
26.5137
25.5626
25.5626
25.5626
25.5626
25.5626
25.5626
25.5626
25.5626
24.7189
24.7189
24.7189
24.7189
24.7189
24.7189
24.7189
24.7189
24.0012
24.0012
24.0012
24.0012
24.0012
24.0012
24.0012
24.0012
23.4198
23.4198
23.4198
23.4198
23.4198
23.4198
23.4198
23.4198
22.9771
22.9771
22.9771
22.9771
22.9771
22.9771
22.9771
22.9771
22.668
22.668
22.668
22.668
22.668
22.668
22.668
22.668
33.1159
33.1159
33.1159
33.1159
33.1159
33.1159
33.1159
33.1159
33.1319
33.1319
33.1319
33.1319
33.1319
33.1319
33.1319
33.1319
32.8672
32.8672
32.8672
32.8672
32.8672
32.8672
32.8672
32.8672
32.346
32.346
32.346
32.346
32.346
32.346
32.346
32.346
31.6081
31.6081
31.6081
31.6081
31.6081
31.6081
31.6081
31.6081
30.7035
30.7035
30.7035
30.7035
30.7035
30.7035
30.7035
30.7035
29.688
29.688
29.688
29.688
29.688
29.688
29.688
29.688
28.6175
28.6175
28.6175
28.6175
28.6175
28.6175
28.6175
28.6175
27.5442
27.5442
27.5442
27.5442
27.5442
27.5442
27.5442
27.5442
26.5137
26.5137
26.5137
26.5137
26.5137
26.5137
26.5137
26.5137
25.5626
25.5626
25.5626
25.5626
25.5626
25.5626
25.5626
25.5626
24.7189
24.7189
24.7189
24.7189
24.7189
24.7189
24.7189
24.7189
24.0012
24.0012
24.0012
24.0012
24.0012
24.0012
24.0012
24.0012
23.4198
23.4198
23.4198
23.4198
23.4198
23.4198
23.4198
23.4198
22.9771
22.9771
22.9771
22.9771
22.9771
22.9771
22.9771
22.9771
22.668
22.668
22.668
22.668
22.668
22.668
22.668
22.668
31.8644
31.8644
31.8644
31.8644
31.8644
31.8644
31.8644
31.8644
31.9254
31.9254
31.9254
31.9254
31.9254
31.9254
31.9254
31.9254
31.7079
31.7079
31.7079
31.7079
31.7079
31.7079
31.7079
31.7079
31.2357
31.2357
31.2357
31.2357
31.2357
31.2357
31.2357
31.2357
30.5478
30.5478
30.5478
30.5478
30.5478
30.5478
30.5478
30.5478
29.6938
29.6938
29.6938
29.6938
29.6938
29.6938
29.6938
29.6938
28.7289
28.7289
28.7289
28.7289
28.7289
28.7289
28.7289
28.7289
27.7086
27.7086
27.7086
27.7086
27.7086
27.7086
27.7086
27.7086
26.6849
26.6849
26.6849
26.6849
26.6849
26.6849
26.6849
26.6849
25.703
25.703
25.703
25.703
25.703
25.703
25.703
25.703
24.7995
24.7995
24.7995
24.7995
24.7995
24.7995
24.7995
24.7995
24.0024
24.0024
24.0024
24.0024
24.0024
24.0024
24.0024
24.0024
23.3304
23.3304
23.3304
23.3304
23.3304
23.3304
23.3304
23.3304
22.794
22.794
22.794
22.794
22.794
22.794
22.794
22.794
22.3955
22.3955
22.3955
22.3955
22.3955
22.3955
22.3955
22.3955
22.1292
22.1292
22.1292
22.1292
22.1292
22.1292
22.1292
22.1292
31.8644
31.8644
31.8644
31.8644
31.8644
31.8644
31.8644
31.8644
31.9254
31.9254
31.9254
31.9254
31.9254
31.9254
31.9254
31.9254
31.7079
31.7079
31.7079
31.7079
31.7079
31.7079
31.7079
31.7079
31.2357
31.2357
31.2357
31.2357
31.2357
31.2357
31.2357
31.2357
30.5478
30.5478
30.5478
30.5478
30.5478
30.5478
30.5478
30.5478
29.6938
29.6938
29.6938
29.6938
29.6938
29.6938
29.6938
29.6938
28.7289
28.7289
28.7289
28.7289
28.7289
28.7289
28.7289
28.7289
27.7086
27.7086
27.7086
27.7086
27.7086
27.7086
27.7086
27.7086
26.6849
26.6849
26.6849
26.6849
26.6849
26.6849
26.6849
26.6849
25.703
25.703
25.703
25.703
25.703
25.703
25.703
25.703
24.7995
24.7995
24.7995
24.7995
24.7995
24.7995
24.7995
24.7995
24.0024
24.0024
24.0024
24.0024
24.0024
24.0024
24.0024
24.0024
23.3304
23.3304
23.3304
23.3304
23.3304
23.3304
23.3304
23.3304
22.794
22.794
22.794
22.794
22.794
22.794
22.794
22.794
22.3955
22.3955
22.3955
22.3955
22.3955
22.3955
22.3955
22.3955
22.1292
22.1292
22.1292
22.1292
22.1292
22.1292
22.1292
22.1292
31.8644
31.8644
31.8644
31.8644
31.8644
31.8644
31.8644
31.8644
31.9254
31.9254
31.9254
31.9254
31.9254
31.9254
31.9254
31.9254
31.7079
31.7079
31.7079
31.7079
31.7079
31.7079
31.7079
31.7079
31.2357
31.2357
31.2357
31.2357
31.2357
31.2357
31.2357
31.2357
30.5478
30.5478
30.5478
30.5478
30.5478
30.5478
30.5478
30.5478
29.6938
29.6938
29.6938
29.6938
29.6938
29.6938
29.6938
29.6938
28.7289
28.7289
28.7289
28.7289
28.7289
28.7289
28.7289
28.7289
27.7086
27.7086
27.7086
27.7086
27.7086
27.7086
27.7086
27.7086
26.6849
26.6849
26.6849
26.6849
26.6849
26.6849
26.6849
26.6849
25.703
25.703
25.703
25.703
25.703
25.703
25.703
25.703
24.7995
24.7995
24.7995
24.7995
24.7995
24.7995
24.7995
24.7995
24.0024
24.0024
24.0024
24.0024
24.0024
24.0024
24.0024
24.0024
23.3304
23.3304
23.3304
23.3304
23.3304
23.3304
23.3304
23.3304
22.794
22.794
22.794
22.794
22.794
22.794
22.794
22.794
22.3955
22.3955
22.3955
22.3955
22.3955
22.3955
22.3955
22.3955
22.1292
22.1292
22.1292
22.1292
22.1292
22.1292
22.1292
22.1292
31.8644
31.8644
31.8644
31.8644
31.8644
31.8644
31.8644
31.8644
31.9254
31.9254
31.9254
31.9254
31.9254
31.9254
31.9254
31.9254
31.7079
31.7079
31.7079
31.7079
31.7079
31.7079
31.7079
31.7079
31.2357
31.2357
31.2357
31.2357
31.2357
31.2357
31.2357
31.2357
30.5478
30.5478
30.5478
30.5478
30.5478
30.5478
30.5478
30.5478
29.6938
29.6938
29.6938
29.6938
29.6938
29.6938
29.6938
29.6938
28.7289
28.7289
28.7289
28.7289
28.7289
28.7289
28.7289
28.7289
27.7086
27.7086
27.7086
27.7086
27.7086
27.7086
27.7086
27.7086
26.6849
26.6849
26.6849
26.6849
26.6849
26.6849
26.6849
26.6849
25.703
25.703
25.703
25.703
25.703
25.703
25.703
25.703
24.7995
24.7995
24.7995
24.7995
24.7995
24.7995
24.7995
24.7995
24.0024
24.0024
24.0024
24.0024
24.0024
24.0024
24.0024
24.0024
23.3304
23.3304
23.3304
23.3304
23.3304
23.3304
23.3304
23.3304
22.794
22.794
22.794
22.794
22.794
22.794
22.794
22.794
22.3955
22.3955
22.3955
22.3955
22.3955
22.3955
22.3955
22.3955
22.1292
22.1292
22.1292
22.1292
22.1292
22.1292
22.1292
22.1292
30.7151
30.7151
30.7151
30.7151
30.7151
30.7151
30.7151
30.7151
30.7718
30.7718
30.7718
30.7718
30.7718
30.7718
30.7718
30.7718
30.5595
30.5595
30.5595
30.5595
30.5595
30.5595
30.5595
30.5595
30.1028
30.1028
30.1028
30.1028
30.1028
30.1028
30.1028
30.1028
29.4404
29.4404
29.4404
29.4404
29.4404
29.4404
29.4404
29.4404
28.621
28.621
28.621
28.621
28.621
28.621
28.621
28.621
27.6983
27.6983
27.6983
27.6983
27.6983
27.6983
27.6983
27.6983
26.7262
26.7262
26.7262
26.7262
26.7262
26.7262
26.7262
26.7262
25.7547
25.7547
25.7547
25.7547
25.7547
25.7547
25.7547
25.7547
24.8274
24.8274
24.8274
24.8274
24.8274
24.8274
24.8274
24.8274
23.9795
23.9795
23.9795
23.9795
23.9795
23.9795
23.9795
23.9795
23.2379
23.2379
23.2379
23.2379
23.2379
23.2379
23.2379
23.2379
22.6206
22.6206
22.6206
22.6206
22.6206
22.6206
22.6206
22.6206
22.1376
22.1376
22.1376
22.1376
22.1376
22.1376
22.1376
22.1376
21.7909
21.7909
21.7909
21.7909
21.7909
21.7909
21.7909
21.7909
21.5742
21.5742
21.5742
21.5742
21.5742
21.5742
21.5742
21.5742
30.7151
30.7151
30.7151
30.7151
30.7151
30.7151
30.7151
30.7151
30.7718
30.7718
30.7718
30.7718
30.7718
30.7718
30.7718
30.7718
30.5595
30.5595
30.5595
30.5595
30.5595
30.5595
30.5595
30.5595
30.1028
30.1028
30.1028
30.1028
30.1028
30.1028
30.1028
30.1028
29.4404
29.4404
29.4404
29.4404
29.4404
29.4404
29.4404
29.4404
28.621
28.621
28.621
28.621
28.621
28.621
28.621
28.621
27.6983
27.6983
27.6983
27.6983
27.6983
27.6983
27.6983
27.6983
26.7262
26.7262
26.7262
26.7262
26.7262
26.7262
26.7262
26.7262
25.7547
25.7547
25.7547
25.7547
25.7547
25.7547
25.7547
25.7547
24.8274
24.8274
24.8274
24.8274
24.8274
24.8274
24.8274
24.8274
23.9795
23.9795
23.9795
23.9795
23.9795
23.9795
23.9795
23.9795
23.2379
23.2379
23.2379
23.2379
23.2379
23.2379
23.2379
23.2379
22.6206
22.6206
22.6206
22.6206
22.6206
22.6206
22.6206
22.6206
22.1376
22.1376
22.1376
22.1376
22.1376
22.1376
22.1376
22.1376
21.7909
21.7909
21.7909
21.7909
21.7909
21.7909
21.7909
21.7909
21.5742
21.5742
21.5742
21.5742
21.5742
21.5742
21.5742
21.5742
30.7151
30.7151
30.7151
30.7151
30.7151
30.7151
30.7151
30.7151
30.7718
30.7718
30.7718
30.7718
30.7718
30.7718
30.7718
30.7718
30.5595
30.5595
30.5595
30.5595
30.5595
30.5595
30.5595
30.5595
30.1028
30.1028
30.1028
30.1028
30.1028
30.1028
30.1028
30.1028
29.4404
29.4404
29.4404
29.4404
29.4404
29.4404
29.4404
29.4404
28.621
28.621
28.621
28.621
28.621
28.621
28.621
28.621
27.6983
27.6983
27.6983
27.6983
27.6983
27.6983
27.6983
27.6983
26.7262
26.7262
26.7262
26.7262
26.7262
26.7262
26.7262
26.7262
25.7547
25.7547
25.7547
25.7547
25.7547
25.7547
25.7547
25.7547
24.8274
24.8274
24.8274
24.8274
24.8274
24.8274
24.8274
24.8274
23.9795
23.9795
23.9795
23.9795
23.9795
23.9795
23.9795
23.9795
23.2379
23.2379
23.2379
23.2379
23.2379
23.2379
23.2379
23.2379
22.6206
22.6206
22.6206
22.6206
22.6206
22.6206
22.6206
22.6206
22.1376
22.1376
22.1376
22.1376
22.1376
22.1376
22.1376
22.1376
21.7909
21.7909
21.7909
21.7909
21.7909
21.7909
21.7909
21.7909
21.5742
21.5742
21.5742
21.5742
21.5742
21.5742
21.5742
21.5742
30.7151
30.7151
30.7151
30.7151
30.7151
30.7151
30.7151
30.7151
30.7718
30.7718
30.7718
30.7718
30.7718
30.7718
30.7718
30.7718
30.5595
30.5595
30.5595
30.5595
30.5595
30.5595
30.5595
30.5595
30.1028
30.1028
30.1028
30.1028
30.1028
30.1028
30.1028
30.1028
29.4404
29.4404
29.4404
29.4404
29.4404
29.4404
29.4404
29.4404
28.621
28.621
28.621
28.621
28.621
28.621
28.621
28.621
27.6983
27.6983
27.6983
27.6983
27.6983
27.6983
27.6983
27.6983
26.7262
26.7262
26.7262
26.7262
26.7262
26.7262
26.7262
26.7262
25.7547
25.7547
25.7547
25.7547
25.7547
25.7547
25.7547
25.7547
24.8274
24.8274
24.8274
24.8274
24.8274
24.8274
24.8274
24.8274
23.9795
23.9795
23.9795
23.9795
23.9795
23.9795
23.9795
23.9795
23.2379
23.2379
23.2379
23.2379
23.2379
23.2379
23.2379
23.2379
22.6206
22.6206
22.6206
22.6206
22.6206
22.6206
22.6206
22.6206
22.1376
22.1376
22.1376
22.1376
22.1376
22.1376
22.1376
22.1376
21.7909
21.7909
21.7909
21.7909
21.7909
21.7909
21.7909
21.7909
21.5742
21.5742
21.5742
21.5742
21.5742
21.5742
21.5742
21.5742
29.7608
29.7608
29.7608
29.7608
29.7608
29.7608
29.7608
29.7608
29.7723
29.7723
29.7723
29.7723
29.7723
29.7723
29.7723
29.7723
29.5292
29.5292
29.5292
29.5292
29.5292
29.5292
29.5292
29.5292
29.0576
29.0576
29.0576
29.0576
29.0576
29.0576
29.0576
29.0576
28.3966
28.3966
28.3966
28.3966
28.3966
28.3966
28.3966
28.3966
27.5938
27.5938
27.5938
27.5938
27.5938
27.5938
27.5938
27.5938
26.7008
26.7008
26.7008
26.7008
26.7008
26.7008
26.7008
26.7008
25.7688
25.7688
25.7688
25.7688
25.7688
25.7688
25.7688
25.7688
24.845
24.845
24.845
24.845
24.845
24.845
24.845
24.845
23.9701
23.9701
23.9701
23.9701
23.9701
23.9701
23.9701
23.9701
23.1773
23.1773
23.1773
23.1773
23.1773
23.1773
23.1773
23.1773
22.4914
22.4914
22.4914
22.4914
22.4914
22.4914
22.4914
22.4914
21.9292
21.9292
21.9292
21.9292
21.9292
21.9292
21.9292
21.9292
21.4997
21.4997
21.4997
21.4997
21.4997
21.4997
21.4997
21.4997
21.2044
21.2044
21.2044
21.2044
21.2044
21.2044
21.2044
21.2044
21.0363
21.0363
21.0363
21.0363
21.0363
21.0363
21.0363
21.0363
29.7608
29.7608
29.7608
29.7608
29.7608
29.7608
29.7608
29.7608
29.7723
29.7723
29.7723
29.7723
29.7723
29.7723
29.7723
29.7723
29.5292
29.5292
29.5292
29.5292
29.5292
29.5292
29.5292
29.5292
29.0576
29.0576
29.0576
29.0576
29.0576
29.0576
29.0576
29.0576
28.3966
28.3966
28.3966
28.3966
28.3966
28.3966
28.3966
28.3966
27.5938
27.5938
27.5938
27.5938
27.5938
27.5938
27.5938
27.5938
26.7008
26.7008
26.7008
26.7008
26.7008
26.7008
26.7008
26.7008
25.7688
25.7688
25.7688
25.7688
25.7688
25.7688
25.7688
25.7688
24.845
24.845
24.845
24.845
24.845
24.845
24.845
24.845
23.9701
23.9701
23.9701
23.9701
23.9701
23.9701
23.9701
23.9701
23.1773
23.1773
23.1773
23.1773
23.1773
23.1773
23.1773
23.1773
22.4914
22.4914
22.4914
22.4914
22.4914
22.4914
22.4914
22.4914
21.9292
21.9292
21.9292
21.9292
21.9292
21.9292
21.9292
21.9292
21.4997
21.4997
21.4997
21.4997
21.4997
21.4997
21.4997
21.4997
21.2044
21.2044
21.2044
21.2044
21.2044
21.2044
21.2044
21.2044
21.0363
21.0363
21.0363
21.0363
21.0363
21.0363
21.0363
21.0363
29.7608
29.7608
29.7608
29.7608
29.7608
29.7608
29.7608
29.7608
29.7723
29.7723
29.7723
29.7723
29.7723
29.7723
29.7723
29.7723
29.5292
29.5292
29.5292
29.5292
29.5292
29.5292
29.5292
29.5292
29.0576
29.0576
29.0576
29.0576
29.0576
29.0576
29.0576
29.0576
28.3966
28.3966
28.3966
28.3966
28.3966
28.3966
28.3966
28.3966
27.5938
27.5938
27.5938
27.5938
27.5938
27.5938
27.5938
27.5938
26.7008
26.7008
26.7008
26.7008
26.7008
26.7008
26.7008
26.7008
25.7688
25.7688
25.7688
25.7688
25.7688
25.7688
25.7688
25.7688
24.845
24.845
24.845
24.845
24.845
24.845
24.845
24.845
23.9701
23.9701
23.9701
23.9701
23.9701
23.9701
23.9701
23.9701
23.1773
23.1773
23.1773
23.1773
23.1773
23.1773
23.1773
23.1773
22.4914
22.4914
22.4914
22.4914
22.4914
22.4914
22.4914
22.4914
21.9292
21.9292
21.9292
21.9292
21.9292
21.9292
21.9292
21.9292
21.4997
21.4997
21.4997
21.4997
21.4997
21.4997
21.4997
21.4997
21.2044
21.2044
21.2044
21.2044
21.2044
21.2044
21.2044
21.2044
21.0363
21.0363
21.0363
21.0363
21.0363
21.0363
21.0363
21.0363
29.7608
29.7608
29.7608
29.7608
29.7608
29.7608
29.7608
29.7608
29.7723
29.7723
29.7723
29.7723
29.7723
29.7723
29.7723
29.7723
29.5292
29.5292
29.5292
29.5292
29.5292
29.5292
29.5292
29.5292
29.0576
29.0576
29.0576
29.0576
29.0576
29.0576
29.0576
29.0576
28.3966
28.3966
28.3966
28.3966
28.3966
28.3966
28.3966
28.3966
27.5938
27.5938
27.5938
27.5938
27.5938
27.5938
27.5938
27.5938
26.7008
26.7008
26.7008
26.7008
26.7008
26.7008
26.7008
26.7008
25.7688
25.7688
25.7688
25.7688
25.7688
25.7688
25.7688
25.7688
24.845
24.845
24.845
24.845
24.845
24.845
24.845
24.845
23.9701
23.9701
23.9701
23.9701
23.9701
23.9701
23.9701
23.9701
23.1773
23.1773
23.1773
23.1773
23.1773
23.1773
23.1773
23.1773
22.4914
22.4914
22.4914
22.4914
22.4914
22.4914
22.4914
22.4914
21.9292
21.9292
21.9292
21.9292
21.9292
21.9292
21.9292
21.9292
21.4997
21.4997
21.4997
21.4997
21.4997
21.4997
21.4997
21.4997
21.2044
21.2044
21.2044
21.2044
21.2044
21.2044
21.2044
21.2044
21.0363
21.0363
21.0363
21.0363
21.0363
21.0363
21.0363
21.0363
29.0637
29.0637
29.0637
29.0637
29.0637
29.0637
29.0637
29.0637
28.9972
28.9972
28.9972
28.9972
28.9972
28.9972
28.9972
28.9972
28.6936
28.6936
28.6936
28.6936
28.6936
28.6936
28.6936
28.6936
28.1814
28.1814
28.1814
28.1814
28.1814
28.1814
28.1814
28.1814
27.5
27.5
27.5
27.5
27.5
27.5
27.5
27.5
26.6959
26.6959
26.6959
26.6959
26.6959
26.6959
26.6959
26.6959
25.8181
25.8181
25.8181
25.8181
25.8181
25.8181
25.8181
25.8181
24.9147
24.9147
24.9147
24.9147
24.9147
24.9147
24.9147
24.9147
24.0292
24.0292
24.0292
24.0292
24.0292
24.0292
24.0292
24.0292
23.1991
23.1991
23.1991
23.1991
23.1991
23.1991
23.1991
23.1991
22.4545
22.4545
22.4545
22.4545
22.4545
22.4545
22.4545
22.4545
21.818
21.818
21.818
21.818
21.818
21.818
21.818
21.818
21.3045
21.3045
21.3045
21.3045
21.3045
21.3045
21.3045
21.3045
20.9221
20.9221
20.9221
20.9221
20.9221
20.9221
20.9221
20.9221
20.6712
20.6712
20.6712
20.6712
20.6712
20.6712
20.6712
20.6712
20.5442
20.5442
20.5442
20.5442
20.5442
20.5442
20.5442
20.5442
29.0637
29.0637
29.0637
29.0637
29.0637
29.0637
29.0637
29.0637
28.9972
28.9972
28.9972
28.9972
28.9972
28.9972
28.9972
28.9972
28.6936
28.6936
28.6936
28.6936
28.6936
28.6936
28.6936
28.6936
28.1814
28.1814
28.1814
28.1814
28.1814
28.1814
28.1814
28.1814
27.5
27.5
27.5
27.5
27.5
27.5
27.5
27.5
26.6959
26.6959
26.6959
26.6959
26.6959
26.6959
26.6959
26.6959
25.8181
25.8181
25.8181
25.8181
25.8181
25.8181
25.8181
25.8181
24.9147
24.9147
24.9147
24.9147
24.9147
24.9147
24.9147
24.9147
24.0292
24.0292
24.0292
24.0292
24.0292
24.0292
24.0292
24.0292
23.1991
23.1991
23.1991
23.1991
23.1991
23.1991
23.1991
23.1991
22.4545
22.4545
22.4545
22.4545
22.4545
22.4545
22.4545
22.4545
21.818
21.818
21.818
21.818
21.818
21.818
21.818
21.818
21.3045
21.3045
21.3045
21.3045
21.3045
21.3045
21.3045
21.3045
20.9221
20.9221
20.9221
20.9221
20.9221
20.9221
20.9221
20.9221
20.6712
20.6712
20.6712
20.6712
20.6712
20.6712
20.6712
20.6712
20.5442
20.5442
20.5442
20.5442
20.5442
20.5442
20.5442
20.5442
29.0637
29.0637
29.0637
29.0637
29.0637
29.0637
29.0637
29.0637
28.9972
28.9972
28.9972
28.9972
28.9972
28.9972
28.9972
28.9972
28.6936
28.6936
28.6936
28.6936
28.6936
28.6936
28.6936
28.6936
28.1814
28.1814
28.1814
28.1814
28.1814
28.1814
28.1814
28.1814
27.5
27.5
27.5
27.5
27.5
27.5
27.5
27.5
26.6959
26.6959
26.6959
26.6959
26.6959
26.6959
26.6959
26.6959
25.8181
25.8181
25.8181
25.8181
25.8181
25.8181
25.8181
25.8181
24.9147
24.9147
24.9147
24.9147
24.9147
24.9147
24.9147
24.9147
24.0292
24.0292
24.0292
24.0292
24.0292
24.0292
24.0292
24.0292
23.1991
23.1991
23.1991
23.1991
23.1991
23.1991
23.1991
23.1991
22.4545
22.4545
22.4545
22.4545
22.4545
22.4545
22.4545
22.4545
21.818
21.818
21.818
21.818
21.818
21.818
21.818
21.818
21.3045
21.3045
21.3045
21.3045
21.3045
21.3045
21.3045
21.3045
20.9221
20.9221
20.9221
20.9221
20.9221
20.9221
20.9221
20.9221
20.6712
20.6712
20.6712
20.6712
20.6712
20.6712
20.6712
20.6712
20.5442
20.5442
20.5442
20.5442
20.5442
20.5442
20.5442
20.5442
29.0637
29.0637
29.0637
29.0637
29.0637
29.0637
29.0637
29.0637
28.9972
28.9972
28.9972
28.9972
28.9972
28.9972
28.9972
28.9972
28.6936
28.6936
28.6936
28.6936
28.6936
28.6936
28.6936
28.6936
28.1814
28.1814
28.1814
28.1814
28.1814
28.1814
28.1814
28.1814
27.5
27.5
27.5
27.5
27.5
27.5
27.5
27.5
26.6959
26.6959
26.6959
26.6959
26.6959
26.6959
26.6959
26.6959
25.8181
25.8181
25.8181
25.8181
25.8181
25.8181
25.8181
25.8181
24.9147
24.9147
24.9147
24.9147
24.9147
24.9147
24.9147
24.9147
24.0292
24.0292
24.0292
24.0292
24.0292
24.0292
24.0292
24.0292
23.1991
23.1991
23.1991
23.1991
23.1991
23.1991
23.1991
23.1991
22.4545
22.4545
22.4545
22.4545
22.4545
22.4545
22.4545
22.4545
21.818
21.818
21.818
21.818
21.818
21.818
21.818
21.818
21.3045
21.3045
21.3045
21.3045
21.3045
21.3045
21.3045
21.3045
20.9221
20.9221
20.9221
20.9221
20.9221
20.9221
20.9221
20.9221
20.6712
20.6712
20.6712
20.6712
20.6712
20.6712
20.6712
20.6712
20.5442
20.5442
20.5442
20.5442
20.5442
20.5442
20.5442
20.5442
28.6566
28.6566
28.6566
28.6566
28.6566
28.6566
28.6566
28.6566
28.4868
28.4868
28.4868
28.4868
28.4868
28.4868
28.4868
28.4868
28.0995
28.0995
28.0995
28.0995
28.0995
28.0995
28.0995
28.0995
27.5258
27.5258
27.5258
27.5258
27.5258
27.5258
27.5258
27.5258
26.8056
26.8056
26.8056
26.8056
26.8056
26.8056
26.8056
26.8056
25.9838
25.9838
25.9838
25.9838
25.9838
25.9838
25.9838
25.9838
25.1068
25.1068
25.1068
25.1068
25.1068
25.1068
25.1068
25.1068
24.2189
24.2189
24.2189
24.2189
24.2189
24.2189
24.2189
24.2189
23.3599
23.3599
23.3599
23.3599
23.3599
23.3599
23.3599
23.3599
22.5633
22.5633
22.5633
22.5633
22.5633
22.5633
22.5633
22.5633
21.8562
21.8562
21.8562
21.8562
21.8562
21.8562
21.8562
21.8562
21.2583
21.2583
21.2583
21.2583
21.2583
21.2583
21.2583
21.2583
20.7828
20.7828
20.7828
20.7828
20.7828
20.7828
20.7828
20.7828
20.4362
20.4362
20.4362
20.4362
20.4362
20.4362
20.4362
20.4362
20.2182
20.2182
20.2182
20.2182
20.2182
20.2182
20.2182
20.2182
20.1205
20.1205
20.1205
20.1205
20.1205
20.1205
20.1205
20.1205
28.6566
28.6566
28.6566
28.6566
28.6566
28.6566
28.6566
28.6566
28.4868
28.4868
28.4868
28.4868
28.4868
28.4868
28.4868
28.4868
28.0995
28.0995
28.0995
28.0995
28.0995
28.0995
28.0995
28.0995
27.5258
27.5258
27.5258
27.5258
27.5258
27.5258
27.5258
27.5258
26.8056
26.8056
26.8056
26.8056
26.8056
26.8056
26.8056
26.8056
25.9838
25.9838
25.9838
25.9838
25.9838
25.9838
25.9838
25.9838
25.1068
25.1068
25.1068
25.1068
25.1068
25.1068
25.1068
25.1068
24.2189
24.2189
24.2189
24.2189
24.2189
24.2189
24.2189
24.2189
23.3599
23.3599
23.3599
23.3599
23.3599
23.3599
23.3599
23.3599
22.5633
22.5633
22.5633
22.5633
22.5633
22.5633
22.5633
22.5633
21.8562
21.8562
21.8562
21.8562
21.8562
21.8562
21.8562
21.8562
21.2583
21.2583
21.2583
21.2583
21.2583
21.2583
21.2583
21.2583
20.7828
20.7828
20.7828
20.7828
20.7828
20.7828
20.7828
20.7828
20.4362
20.4362
20.4362
20.4362
20.4362
20.4362
20.4362
20.4362
20.2182
20.2182
20.2182
20.2182
20.2182
20.2182
20.2182
20.2182
20.1205
20.1205
20.1205
20.1205
20.1205
20.1205
20.1205
20.1205
28.6566
28.6566
28.6566
28.6566
28.6566
28.6566
28.6566
28.6566
28.4868
28.4868
28.4868
28.4868
28.4868
28.4868
28.4868
28.4868
28.0995
28.0995
28.0995
28.0995
28.0995
28.0995
28.0995
28.0995
27.5258
27.5258
27.5258
27.5258
27.5258
27.5258
27.5258
27.5258
26.8056
26.8056
26.8056
26.8056
26.8056
26.8056
26.8056
26.8056
25.9838
25.9838
25.9838
25.9838
25.9838
25.9838
25.9838
25.9838
25.1068
25.1068
25.1068
25.1068
25.1068
25.1068
25.1068
25.1068
24.2189
24.2189
24.2189
24.2189
24.2189
24.2189
24.2189
24.2189
23.3599
23.3599
23.3599
23.3599
23.3599
23.3599
23.3599
23.3599
22.5633
22.5633
22.5633
22.5633
22.5633
22.5633
22.5633
22.5633
21.8562
21.8562
21.8562
21.8562
21.8562
21.8562
21.8562
21.8562
21.2583
21.2583
21.2583
21.2583
21.2583
21.2583
21.2583
21.2583
20.7828
20.7828
20.7828
20.7828
20.7828
20.7828
20.7828
20.7828
20.4362
20.4362
20.4362
20.4362
20.4362
20.4362
20.4362
20.4362
20.2182
20.2182
20.2182
20.2182
20.2182
20.2182
20.2182
20.2182
20.1205
20.1205
20.1205
20.1205
20.1205
20.1205
20.1205
20.1205
28.6566
28.6566
28.6566
28.6566
28.6566
28.6566
28.6566
28.6566
28.4868
28.4868
28.4868
28.4868
28.4868
28.4868
28.4868
28.4868
28.0995
28.0995
28.0995
28.0995
28.0995
28.0995
28.0995
28.0995
27.5258
27.5258
27.5258
27.5258
27.5258
27.5258
27.5258
27.5258
26.8056
26.8056
26.8056
26.8056
26.8056
26.8056
26.8056
26.8056
25.9838
25.9838
25.9838
25.9838
25.9838
25.9838
25.9838
25.9838
25.1068
25.1068
25.1068
25.1068
25.1068
25.1068
25.1068
25.1068
24.2189
24.2189
24.2189
24.2189
24.2189
24.2189
24.2189
24.2189
23.3599
23.3599
23.3599
23.3599
23.3599
23.3599
23.3599
23.3599
22.5633
22.5633
22.5633
22.5633
22.5633
22.5633
22.5633
22.5633
21.8562
21.8562
21.8562
21.8562
21.8562
21.8562
21.8562
21.8562
21.2583
21.2583
21.2583
21.2583
21.2583
21.2583
21.2583
21.2583
20.7828
20.7828
20.7828
20.7828
20.7828
20.7828
20.7828
20.7828
20.4362
20.4362
20.4362
20.4362
20.4362
20.4362
20.4362
20.4362
20.2182
20.2182
20.2182
20.2182
20.2182
20.2182
20.2182
20.2182
20.1205
20.1205
20.1205
20.1205
20.1205
20.1205
20.1205
20.1205
28.547
28.547
28.547
28.547
28.547
28.547
28.547
28.547
28.2547
28.2547
28.2547
28.2547
28.2547
28.2547
28.2547
28.2547
27.7662
27.7662
27.7662
27.7662
27.7662
27.7662
27.7662
27.7662
27.115
27.115
27.115
27.115
27.115
27.115
27.115
27.115
26.3412
26.3412
26.3412
26.3412
26.3412
26.3412
26.3412
26.3412
25.4881
25.4881
25.4881
25.4881
25.4881
25.4881
25.4881
25.4881
24.5988
24.5988
24.5988
24.5988
24.5988
24.5988
24.5988
24.5988
23.7138
23.7138
23.7138
23.7138
23.7138
23.7138
23.7138
23.7138
22.8686
22.8686
22.8686
22.8686
22.8686
22.8686
22.8686
22.8686
22.0931
22.0931
22.0931
22.0931
22.0931
22.0931
22.0931
22.0931
21.4107
21.4107
21.4107
21.4107
21.4107
21.4107
21.4107
21.4107
20.8386
20.8386
20.8386
20.8386
20.8386
20.8386
20.8386
20.8386
20.3875
20.3875
20.3875
20.3875
20.3875
20.3875
20.3875
20.3875
20.0628
20.0628
20.0628
20.0628
20.0628
20.0628
20.0628
20.0628
19.8631
19.8631
19.8631
19.8631
19.8631
19.8631
19.8631
19.8631
19.7795
19.7795
19.7795
19.7795
19.7795
19.7795
19.7795
19.7795
28.547
28.547
28.547
28.547
28.547
28.547
28.547
28.547
28.2547
28.2547
28.2547
28.2547
28.2547
28.2547
28.2547
28.2547
27.7662
27.7662
27.7662
27.7662
27.7662
27.7662
27.7662
27.7662
27.115
27.115
27.115
27.115
27.115
27.115
27.115
27.115
26.3412
26.3412
26.3412
26.3412
26.3412
26.3412
26.3412
26.3412
25.4881
25.4881
25.4881
25.4881
25.4881
25.4881
25.4881
25.4881
24.5988
24.5988
24.5988
24.5988
24.5988
24.5988
24.5988
24.5988
23.7138
23.7138
23.7138
23.7138
23.7138
23.7138
23.7138
23.7138
22.8686
22.8686
22.8686
22.8686
22.8686
22.8686
22.8686
22.8686
22.0931
22.0931
22.0931
22.0931
22.0931
22.0931
22.0931
22.0931
21.4107
21.4107
21.4107
21.4107
21.4107
21.4107
21.4107
21.4107
20.8386
20.8386
20.8386
20.8386
20.8386
20.8386
20.8386
20.8386
20.3875
20.3875
20.3875
20.3875
20.3875
20.3875
20.3875
20.3875
20.0628
20.0628
20.0628
20.0628
20.0628
20.0628
20.0628
20.0628
19.8631
19.8631
19.8631
19.8631
19.8631
19.8631
19.8631
19.8631
19.7795
19.7795
19.7795
19.7795
19.7795
19.7795
19.7795
19.7795
28.547
28.547
28.547
28.547
28.547
28.547
28.547
28.547
28.2547
28.2547
28.2547
28.2547
28.2547
28.2547
28.2547
28.2547
27.7662
27.7662
27.7662
27.7662
27.7662
27.7662
27.7662
27.7662
27.115
27.115
27.115
27.115
27.115
27.115
27.115
27.115
26.3412
26.3412
26.3412
26.3412
26.3412
26.3412
26.3412
26.3412
25.4881
25.4881
25.4881
25.4881
25.4881
25.4881
25.4881
25.4881
24.5988
24.5988
24.5988
24.5988
24.5988
24.5988
24.5988
24.5988
23.7138
23.7138
23.7138
23.7138
23.7138
23.7138
23.7138
23.7138
22.8686
22.8686
22.8686
22.8686
22.8686
22.8686
22.8686
22.8686
22.0931
22.0931
22.0931
22.0931
22.0931
22.0931
22.0931
22.0931
21.4107
21.4107
21.4107
21.4107
21.4107
21.4107
21.4107
21.4107
20.8386
20.8386
20.8386
20.8386
20.8386
20.8386
20.8386
20.8386
20.3875
20.3875
20.3875
20.3875
20.3875
20.3875
20.3875
20.3875
20.0628
20.0628
20.0628
20.0628
20.0628
20.0628
20.0628
20.0628
19.8631
19.8631
19.8631
19.8631
19.8631
19.8631
19.8631
19.8631
19.7795
19.7795
19.7795
19.7795
19.7795
19.7795
19.7795
19.7795
28.547
28.547
28.547
28.547
28.547
28.547
28.547
28.547
28.2547
28.2547
28.2547
28.2547
28.2547
28.2547
28.2547
28.2547
27.7662
27.7662
27.7662
27.7662
27.7662
27.7662
27.7662
27.7662
27.115
27.115
27.115
27.115
27.115
27.115
27.115
27.115
26.3412
26.3412
26.3412
26.3412
26.3412
26.3412
26.3412
26.3412
25.4881
25.4881
25.4881
25.4881
25.4881
25.4881
25.4881
25.4881
24.5988
24.5988
24.5988
24.5988
24.5988
24.5988
24.5988
24.5988
23.7138
23.7138
23.7138
23.7138
23.7138
23.7138
23.7138
23.7138
22.8686
22.8686
22.8686
22.8686
22.8686
22.8686
22.8686
22.8686
22.0931
22.0931
22.0931
22.0931
22.0931
22.0931
22.0931
22.0931
21.4107
21.4107
21.4107
21.4107
21.4107
21.4107
21.4107
21.4107
20.8386
20.8386
20.8386
20.8386
20.8386
20.8386
20.8386
20.8386
20.3875
20.3875
20.3875
20.3875
20.3875
20.3875
20.3875
20.3875
20.0628
20.0628
20.0628
20.0628
20.0628
20.0628
20.0628
20.0628
19.8631
19.8631
19.8631
19.8631
19.8631
19.8631
19.8631
19.8631
19.7795
19.7795
19.7795
19.7795
19.7795
19.7795
19.7795
19.7795
28.7186
28.7186
28.7186
28.7186
28.7186
28.7186
28.7186
28.7186
28.2902
28.2902
28.2902
28.2902
28.2902
28.2902
28.2902
28.2902
27.6884
27.6884
27.6884
27.6884
27.6884
27.6884
27.6884
27.6884
26.9487
26.9487
26.9487
26.9487
26.9487
26.9487
26.9487
26.9487
26.111
26.111
26.111
26.111
26.111
26.111
26.111
26.111
25.2161
25.2161
25.2161
25.2161
25.2161
25.2161
25.2161
25.2161
24.3039
24.3039
24.3039
24.3039
24.3039
24.3039
24.3039
24.3039
23.4107
23.4107
23.4107
23.4107
23.4107
23.4107
23.4107
23.4107
22.5678
22.5678
22.5678
22.5678
22.5678
22.5678
22.5678
22.5678
21.8011
21.8011
21.8011
21.8011
21.8011
21.8011
21.8011
21.8011
21.1304
21.1304
21.1304
21.1304
21.1304
21.1304
21.1304
21.1304
20.5702
20.5702
20.5702
20.5702
20.5702
20.5702
20.5702
20.5702
20.1293
20.1293
20.1293
20.1293
20.1293
20.1293
20.1293
20.1293
19.8112
19.8112
19.8112
19.8112
19.8112
19.8112
19.8112
19.8112
19.6139
19.6139
19.6139
19.6139
19.6139
19.6139
19.6139
19.6139
19.5281
19.5281
19.5281
19.5281
19.5281
19.5281
19.5281
19.5281
28.7186
28.7186
28.7186
28.7186
28.7186
28.7186
28.7186
28.7186
28.2902
28.2902
28.2902
28.2902
28.2902
28.2902
28.2902
28.2902
27.6884
27.6884
27.6884
27.6884
27.6884
27.6884
27.6884
27.6884
26.9487
26.9487
26.9487
26.9487
26.9487
26.9487
26.9487
26.9487
26.111
26.111
26.111
26.111
26.111
26.111
26.111
26.111
25.2161
25.2161
25.2161
25.2161
25.2161
25.2161
25.2161
25.2161
24.3039
24.3039
24.3039
24.3039
24.3039
24.3039
24.3039
24.3039
23.4107
23.4107
23.4107
23.4107
23.4107
23.4107
23.4107
23.4107
22.5678
22.5678
22.5678
22.5678
22.5678
22.5678
22.5678
22.5678
21.8011
21.8011
21.8011
21.8011
21.8011
21.8011
21.8011
21.8011
21.1304
21.1304
21.1304
21.1304
21.1304
21.1304
21.1304
21.1304
20.5702
20.5702
20.5702
20.5702
20.5702
20.5702
20.5702
20.5702
20.1293
20.1293
20.1293
20.1293
20.1293
20.1293
20.1293
20.1293
19.8112
19.8112
19.8112
19.8112
19.8112
19.8112
19.8112
19.8112
19.6139
19.6139
19.6139
19.6139
19.6139
19.6139
19.6139
19.6139
19.5281
19.5281
19.5281
19.5281
19.5281
19.5281
19.5281
19.5281
28.7186
28.7186
28.7186
28.7186
28.7186
28.7186
28.7186
28.7186
28.2902
28.2902
28.2902
28.2902
28.2902
28.2902
28.2902
28.2902
27.6884
27.6884
27.6884
27.6884
27.6884
27.6884
27.6884
27.6884
26.9487
26.9487
26.9487
26.9487
26.9487
26.9487
26.9487
26.9487
26.111
26.111
26.111
26.111
26.111
26.111
26.111
26.111
25.2161
25.2161
25.2161
25.2161
25.2161
25.2161
25.2161
25.2161
24.3039
24.3039
24.3039
24.3039
24.3039
24.3039
24.3039
24.3039
23.4107
23.4107
23.4107
23.4107
23.4107
23.4107
23.4107
23.4107
22.5678
22.5678
22.5678
22.5678
22.5678
22.5678
22.5678
22.5678
21.8011
21.8011
21.8011
21.8011
21.8011
21.8011
21.8011
21.8011
21.1304
21.1304
21.1304
21.1304
21.1304
21.1304
21.1304
21.1304
20.5702
20.5702
20.5702
20.5702
20.5702
20.5702
20.5702
20.5702
20.1293
20.1293
20.1293
20.1293
20.1293
20.1293
20.1293
20.1293
19.8112
19.8112
19.8112
19.8112
19.8112
19.8112
19.8112
19.8112
19.6139
19.6139
19.6139
19.6139
19.6139
19.6139
19.6139
19.6139
19.5281
19.5281
19.5281
19.5281
19.5281
19.5281
19.5281
19.5281
28.7186
28.7186
28.7186
28.7186
28.7186
28.7186
28.7186
28.7186
28.2902
28.2902
28.2902
28.2902
28.2902
28.2902
28.2902
28.2902
27.6884
27.6884
27.6884
27.6884
27.6884
27.6884
27.6884
27.6884
26.9487
26.9487
26.9487
26.9487
26.9487
26.9487
26.9487
26.9487
26.111
26.111
26.111
26.111
26.111
26.111
26.111
26.111
25.2161
25.2161
25.2161
25.2161
25.2161
25.2161
25.2161
25.2161
24.3039
24.3039
24.3039
24.3039
24.3039
24.3039
24.3039
24.3039
23.4107
23.4107
23.4107
23.4107
23.4107
23.4107
23.4107
23.4107
22.5678
22.5678
22.5678
22.5678
22.5678
22.5678
22.5678
22.5678
21.8011
21.8011
21.8011
21.8011
21.8011
21.8011
21.8011
21.8011
21.1304
21.1304
21.1304
21.1304
21.1304
21.1304
21.1304
21.1304
20.5702
20.5702
20.5702
20.5702
20.5702
20.5702
20.5702
20.5702
20.1293
20.1293
20.1293
20.1293
20.1293
20.1293
20.1293
20.1293
19.8112
19.8112
19.8112
19.8112
19.8112
19.8112
19.8112
19.8112
19.6139
19.6139
19.6139
19.6139
19.6139
19.6139
19.6139
19.6139
19.5281
19.5281
19.5281
19.5281
19.5281
19.5281
19.5281
19.5281
29.1323
29.1323
29.1323
29.1323
29.1323
29.1323
29.1323
29.1323
28.5598
28.5598
28.5598
28.5598
28.5598
28.5598
28.5598
28.5598
27.8385
27.8385
27.8385
27.8385
27.8385
27.8385
27.8385
27.8385
27.0047
27.0047
27.0047
27.0047
27.0047
27.0047
27.0047
27.0047
26.0974
26.0974
26.0974
26.0974
26.0974
26.0974
26.0974
26.0974
25.1546
25.1546
25.1546
25.1546
25.1546
25.1546
25.1546
25.1546
24.2124
24.2124
24.2124
24.2124
24.2124
24.2124
24.2124
24.2124
23.3027
23.3027
23.3027
23.3027
23.3027
23.3027
23.3027
23.3027
22.4525
22.4525
22.4525
22.4525
22.4525
22.4525
22.4525
22.4525
21.6838
21.6838
21.6838
21.6838
21.6838
21.6838
21.6838
21.6838
21.0131
21.0131
21.0131
21.0131
21.0131
21.0131
21.0131
21.0131
20.4519
20.4519
20.4519
20.4519
20.4519
20.4519
20.4519
20.4519
20.0069
20.0069
20.0069
20.0069
20.0069
20.0069
20.0069
20.0069
19.6804
19.6804
19.6804
19.6804
19.6804
19.6804
19.6804
19.6804
19.4694
19.4694
19.4694
19.4694
19.4694
19.4694
19.4694
19.4694
19.3646
19.3646
19.3646
19.3646
19.3646
19.3646
19.3646
19.3646
29.1323
29.1323
29.1323
29.1323
29.1323
29.1323
29.1323
29.1323
28.5598
28.5598
28.5598
28.5598
28.5598
28.5598
28.5598
28.5598
27.8385
27.8385
27.8385
27.8385
27.8385
27.8385
27.8385
27.8385
27.0047
27.0047
27.0047
27.0047
27.0047
27.0047
27.0047
27.0047
26.0974
26.0974
26.0974
26.0974
26.0974
26.0974
26.0974
26.0974
25.1546
25.1546
25.1546
25.1546
25.1546
25.1546
25.1546
25.1546
24.2124
24.2124
24.2124
24.2124
24.2124
24.2124
24.2124
24.2124
23.3027
23.3027
23.3027
23.3027
23.3027
23.3027
23.3027
23.3027
22.4525
22.4525
22.4525
22.4525
22.4525
22.4525
22.4525
22.4525
21.6838
21.6838
21.6838
21.6838
21.6838
21.6838
21.6838
21.6838
21.0131
21.0131
21.0131
21.0131
21.0131
21.0131
21.0131
21.0131
20.4519
20.4519
20.4519
20.4519
20.4519
20.4519
20.4519
20.4519
20.0069
20.0069
20.0069
20.0069
20.0069
20.0069
20.0069
20.0069
19.6804
19.6804
19.6804
19.6804
19.6804
19.6804
19.6804
19.6804
19.4694
19.4694
19.4694
19.4694
19.4694
19.4694
19.4694
19.4694
19.3646
19.3646
19.3646
19.3646
19.3646
19.3646
19.3646
19.3646
29.1323
29.1323
29.1323
29.1323
29.1323
29.1323
29.1323
29.1323
28.5598
28.5598
28.5598
28.5598
28.5598
28.5598
28.5598
28.5598
27.8385
27.8385
27.8385
27.8385
27.8385
27.8385
27.8385
27.8385
27.0047
27.0047
27.0047
27.0047
27.0047
27.0047
27.0047
27.0047
26.0974
26.0974
26.0974
26.0974
26.0974
26.0974
26.0974
26.0974
25.1546
25.1546
25.1546
25.1546
25.1546
25.1546
25.1546
25.1546
24.2124
24.2124
24.2124
24.2124
24.2124
24.2124
24.2124
24.2124
23.3027
23.3027
23.3027
23.3027
23.3027
23.3027
23.3027
23.3027
22.4525
22.4525
22.4525
22.4525
22.4525
22.4525
22.4525
22.4525
21.6838
21.6838
21.6838
21.6838
21.6838
21.6838
21.6838
21.6838
21.0131
21.0131
21.0131
21.0131
21.0131
21.0131
21.0131
21.0131
20.4519
20.4519
20.4519
20.4519
20.4519
20.4519
20.4519
20.4519
20.0069
20.0069
20.0069
20.0069
20.0069
20.0069
20.0069
20.0069
19.6804
19.6804
19.6804
19.6804
19.6804
19.6804
19.6804
19.6804
19.4694
19.4694
19.4694
19.4694
19.4694
19.4694
19.4694
19.4694
19.3646
19.3646
19.3646
19.3646
19.3646
19.3646
19.3646
19.3646
29.1323
29.1323
29.1323
29.1323
29.1323
29.1323
29.1323
29.1323
28.5598
28.5598
28.5598
28.5598
28.5598
28.5598
28.5598
28.5598
27.8385
27.8385
27.8385
27.8385
27.8385
27.8385
27.8385
27.8385
27.0047
27.0047
27.0047
27.0047
27.0047
27.0047
27.0047
27.0047
26.0974
26.0974
26.0974
26.0974
26.0974
26.0974
26.0974
26.0974
25.1546
25.1546
25.1546
25.1546
25.1546
25.1546
25.1546
25.1546
24.2124
24.2124
24.2124
24.2124
24.2124
24.2124
24.2124
24.2124
23.3027
23.3027
23.3027
23.3027
23.3027
23.3027
23.3027
23.3027
22.4525
22.4525
22.4525
22.4525
22.4525
22.4525
22.4525
22.4525
21.6838
21.6838
21.6838
21.6838
21.6838
21.6838
21.6838
21.6838
21.0131
21.0131
21.0131
21.0131
21.0131
21.0131
21.0131
21.0131
20.4519
20.4519
20.4519
20.4519
20.4519
20.4519
20.4519
20.4519
20.0069
20.0069
20.0069
20.0069
20.0069
20.0069
20.0069
20.0069
19.6804
19.6804
19.6804
19.6804
19.6804
19.6804
19.6804
19.6804
19.4694
19.4694
19.4694
19.4694
19.4694
19.4694
19.4694
19.4694
19.3646
19.3646
19.3646
19.3646
19.3646
19.3646
19.3646
19.3646
29.7255
29.7255
29.7255
29.7255
29.7255
29.7255
29.7255
29.7255
29.0079
29.0079
29.0079
29.0079
29.0079
29.0079
29.0079
29.0079
28.1673
28.1673
28.1673
28.1673
28.1673
28.1673
28.1673
28.1673
27.2401
27.2401
27.2401
27.2401
27.2401
27.2401
27.2401
27.2401
26.2632
26.2632
26.2632
26.2632
26.2632
26.2632
26.2632
26.2632
25.2714
25.2714
25.2714
25.2714
25.2714
25.2714
25.2714
25.2714
24.2964
24.2964
24.2964
24.2964
24.2964
24.2964
24.2964
24.2964
23.3657
23.3657
23.3657
23.3657
23.3657
23.3657
23.3657
23.3657
22.502
22.502
22.502
22.502
22.502
22.502
22.502
22.502
21.7233
21.7233
21.7233
21.7233
21.7233
21.7233
21.7233
21.7233
21.0428
21.0428
21.0428
21.0428
21.0428
21.0428
21.0428
21.0428
20.4694
20.4694
20.4694
20.4694
20.4694
20.4694
20.4694
20.4694
20.0078
20.0078
20.0078
20.0078
20.0078
20.0078
20.0078
20.0078
19.6589
19.6589
19.6589
19.6589
19.6589
19.6589
19.6589
19.6589
19.4193
19.4193
19.4193
19.4193
19.4193
19.4193
19.4193
19.4193
19.2799
19.2799
19.2799
19.2799
19.2799
19.2799
19.2799
19.2799
29.7255
29.7255
29.7255
29.7255
29.7255
29.7255
29.7255
29.7255
29.0079
29.0079
29.0079
29.0079
29.0079
29.0079
29.0079
29.0079
28.1673
28.1673
28.1673
28.1673
28.1673
28.1673
28.1673
28.1673
27.2401
27.2401
27.2401
27.2401
27.2401
27.2401
27.2401
27.2401
26.2632
26.2632
26.2632
26.2632
26.2632
26.2632
26.2632
26.2632
25.2714
25.2714
25.2714
25.2714
25.2714
25.2714
25.2714
25.2714
24.2964
24.2964
24.2964
24.2964
24.2964
24.2964
24.2964
24.2964
23.3657
23.3657
23.3657
23.3657
23.3657
23.3657
23.3657
23.3657
22.502
22.502
22.502
22.502
22.502
22.502
22.502
22.502
21.7233
21.7233
21.7233
21.7233
21.7233
21.7233
21.7233
21.7233
21.0428
21.0428
21.0428
21.0428
21.0428
21.0428
21.0428
21.0428
20.4694
20.4694
20.4694
20.4694
20.4694
20.4694
20.4694
20.4694
20.0078
20.0078
20.0078
20.0078
20.0078
20.0078
20.0078
20.0078
19.6589
19.6589
19.6589
19.6589
19.6589
19.6589
19.6589
19.6589
19.4193
19.4193
19.4193
19.4193
19.4193
19.4193
19.4193
19.4193
19.2799
19.2799
19.2799
19.2799
19.2799
19.2799
19.2799
19.2799
29.7255
29.7255
29.7255
29.7255
29.7255
29.7255
29.7255
29.7255
29.0079
29.0079
29.0079
29.0079
29.0079
29.0079
29.0079
29.0079
28.1673
28.1673
28.1673
28.1673
28.1673
28.1673
28.1673
28.1673
27.2401
27.2401
27.2401
27.2401
27.2401
27.2401
27.2401
27.2401
26.2632
26.2632
26.2632
26.2632
26.2632
26.2632
26.2632
26.2632
25.2714
25.2714
25.2714
25.2714
25.2714
25.2714
25.2714
25.2714
24.2964
24.2964
24.2964
24.2964
24.2964
24.2964
24.2964
24.2964
23.3657
23.3657
23.3657
23.3657
23.3657
23.3657
23.3657
23.3657
22.502
22.502
22.502
22.502
22.502
22.502
22.502
22.502
21.7233
21.7233
21.7233
21.7233
21.7233
21.7233
21.7233
21.7233
21.0428
21.0428
21.0428
21.0428
21.0428
21.0428
21.0428
21.0428
20.4694
20.4694
20.4694
20.4694
20.4694
20.4694
20.4694
20.4694
20.0078
20.0078
20.0078
20.0078
20.0078
20.0078
20.0078
20.0078
19.6589
19.6589
19.6589
19.6589
19.6589
19.6589
19.6589
19.6589
19.4193
19.4193
19.4193
19.4193
19.4193
19.4193
19.4193
19.4193
19.2799
19.2799
19.2799
19.2799
19.2799
19.2799
19.2799
19.2799
29.7255
29.7255
29.7255
29.7255
29.7255
29.7255
29.7255
29.7255
29.0079
29.0079
29.0079
29.0079
29.0079
29.0079
29.0079
29.0079
28.1673
28.1673
28.1673
28.1673
28.1673
28.1673
28.1673
28.1673
27.2401
27.2401
27.2401
27.2401
27.2401
27.2401
27.2401
27.2401
26.2632
26.2632
26.2632
26.2632
26.2632
26.2632
26.2632
26.2632
25.2714
25.2714
25.2714
25.2714
25.2714
25.2714
25.2714
25.2714
24.2964
24.2964
24.2964
24.2964
24.2964
24.2964
24.2964
24.2964
23.3657
23.3657
23.3657
23.3657
23.3657
23.3657
23.3657
23.3657
22.502
22.502
22.502
22.502
22.502
22.502
22.502
22.502
21.7233
21.7233
21.7233
21.7233
21.7233
21.7233
21.7233
21.7233
21.0428
21.0428
21.0428
21.0428
21.0428
21.0428
21.0428
21.0428
20.4694
20.4694
20.4694
20.4694
20.4694
20.4694
20.4694
20.4694
20.0078
20.0078
20.0078
20.0078
20.0078
20.0078
20.0078
20.0078
19.6589
19.6589
19.6589
19.6589
19.6589
19.6589
19.6589
19.6589
19.4193
19.4193
19.4193
19.4193
19.4193
19.4193
19.4193
19.4193
19.2799
19.2799
19.2799
19.2799
19.2799
19.2799
19.2799
19.2799
