8192
70.4065
70.4065
70.4065
70.4065
70.4065
70.4065
70.4065
70.4065
68.2501
68.2501
68.2501
68.2501
68.2501
68.2501
68.2501
68.2501
66.2552
66.2552
66.2552
66.2552
66.2552
66.2552
66.2552
66.2552
64.4052
64.4052
64.4052
64.4052
64.4052
64.4052
64.4052
64.4052
62.669
62.669
62.669
62.669
62.669
62.669
62.669
62.669
61.007
61.007
61.007
61.007
61.007
61.007
61.007
61.007
59.3731
59.3731
59.3731
59.3731
59.3731
59.3731
59.3731
59.3731
57.723
57.723
57.723
57.723
57.723
57.723
57.723
57.723
56.0162
56.0162
56.0162
56.0162
56.0162
56.0162
56.0162
56.0162
54.2224
54.2224
54.2224
54.2224
54.2224
54.2224
54.2224
54.2224
52.3252
52.3252
52.3252
52.3252
52.3252
52.3252
52.3252
52.3252
50.3242
50.3242
50.3242
50.3242
50.3242
50.3242
50.3242
50.3242
48.2348
48.2348
48.2348
48.2348
48.2348
48.2348
48.2348
48.2348
46.0887
46.0887
46.0887
46.0887
46.0887
46.0887
46.0887
46.0887
43.929
43.929
43.929
43.929
43.929
43.929
43.929
43.929
41.8064
41.8064
41.8064
41.8064
41.8064
41.8064
41.8064
41.8064
70.4065
70.4065
70.4065
70.4065
70.4065
70.4065
70.4065
70.4065
68.2501
68.2501
68.2501
68.2501
68.2501
68.2501
68.2501
68.2501
66.2552
66.2552
66.2552
66.2552
66.2552
66.2552
66.2552
66.2552
64.4052
64.4052
64.4052
64.4052
64.4052
64.4052
64.4052
64.4052
62.669
62.669
62.669
62.669
62.669
62.669
62.669
62.669
61.007
61.007
61.007
61.007
61.007
61.007
61.007
61.007
59.3731
59.3731
59.3731
59.3731
59.3731
59.3731
59.3731
59.3731
57.723
57.723
57.723
57.723
57.723
57.723
57.723
57.723
56.0162
56.0162
56.0162
56.0162
56.0162
56.0162
56.0162
56.0162
54.2224
54.2224
54.2224
54.2224
54.2224
54.2224
54.2224
54.2224
52.3252
52.3252
52.3252
52.3252
52.3252
52.3252
52.3252
52.3252
50.3242
50.3242
50.3242
50.3242
50.3242
50.3242
50.3242
50.3242
48.2348
48.2348
48.2348
48.2348
48.2348
48.2348
48.2348
48.2348
46.0887
46.0887
46.0887
46.0887
46.0887
46.0887
46.0887
46.0887
43.929
43.929
43.929
43.929
43.929
43.929
43.929
43.929
41.8064
41.8064
41.8064
41.8064
41.8064
41.8064
41.8064
41.8064
70.4065
70.4065
70.4065
70.4065
70.4065
70.4065
70.4065
70.4065
68.2501
68.2501
68.2501
68.2501
68.2501
68.2501
68.2501
68.2501
66.2552
66.2552
66.2552
66.2552
66.2552
66.2552
66.2552
66.2552
64.4052
64.4052
64.4052
64.4052
64.4052
64.4052
64.4052
64.4052
62.669
62.669
62.669
62.669
62.669
62.669
62.669
62.669
61.007
61.007
61.007
61.007
61.007
61.007
61.007
61.007
59.3731
59.3731
59.3731
59.3731
59.3731
59.3731
59.3731
59.3731
57.723
57.723
57.723
57.723
57.723
57.723
57.723
57.723
56.0162
56.0162
56.0162
56.0162
56.0162
56.0162
56.0162
56.0162
54.2224
54.2224
54.2224
54.2224
54.2224
54.2224
54.2224
54.2224
52.3252
52.3252
52.3252
52.3252
52.3252
52.3252
52.3252
52.3252
50.3242
50.3242
50.3242
50.3242
50.3242
50.3242
50.3242
50.3242
48.2348
48.2348
48.2348
48.2348
48.2348
48.2348
48.2348
48.2348
46.0887
46.0887
46.0887
46.0887
46.0887
46.0887
46.0887
46.0887
43.929
43.929
43.929
43.929
43.929
43.929
43.929
43.929
41.8064
41.8064
41.8064
41.8064
41.8064
41.8064
41.8064
41.8064
70.4065
70.4065
70.4065
70.4065
70.4065
70.4065
70.4065
70.4065
68.2501
68.2501
68.2501
68.2501
68.2501
68.2501
68.2501
68.2501
66.2552
66.2552
66.2552
66.2552
66.2552
66.2552
66.2552
66.2552
64.4052
64.4052
64.4052
64.4052
64.4052
64.4052
64.4052
64.4052
62.669
62.669
62.669
62.669
62.669
62.669
62.669
62.669
61.007
61.007
61.007
61.007
61.007
61.007
61.007
61.007
59.3731
59.3731
59.3731
59.3731
59.3731
59.3731
59.3731
59.3731
57.723
57.723
57.723
57.723
57.723
57.723
57.723
57.723
56.0162
56.0162
56.0162
56.0162
56.0162
56.0162
56.0162
56.0162
54.2224
54.2224
54.2224
54.2224
54.2224
54.2224
54.2224
54.2224
52.3252
52.3252
52.3252
52.3252
52.3252
52.3252
52.3252
52.3252
50.3242
50.3242
50.3242
50.3242
50.3242
50.3242
50.3242
50.3242
48.2348
48.2348
48.2348
48.2348
48.2348
48.2348
48.2348
48.2348
46.0887
46.0887
46.0887
46.0887
46.0887
46.0887
46.0887
46.0887
43.929
43.929
43.929
43.929
43.929
43.929
43.929
43.929
41.8064
41.8064
41.8064
41.8064
41.8064
41.8064
41.8064
41.8064
73.3377
73.3377
73.3377
73.3377
73.3377
73.3377
73.3377
73.3377
71.2679
71.2679
71.2679
71.2679
71.2679
71.2679
71.2679
71.2679
69.3975
69.3975
69.3975
69.3975
69.3975
69.3975
69.3975
69.3975
67.7041
67.7041
67.7041
67.7041
67.7041
67.7041
67.7041
67.7041
66.1476
66.1476
66.1476
66.1476
66.1476
66.1476
66.1476
66.1476
64.6757
64.6757
64.6757
64.6757
64.6757
64.6757
64.6757
64.6757
63.2285
63.2285
63.2285
63.2285
63.2285
63.2285
63.2285
63.2285
61.7451
61.7451
61.7451
61.7451
61.7451
61.7451
61.7451
61.7451
60.1696
60.1696
60.1696
60.1696
60.1696
60.1696
60.1696
60.1696
58.4576
58.4576
58.4576
58.4576
58.4576
58.4576
58.4576
58.4576
56.5822
56.5822
56.5822
56.5822
56.5822
56.5822
56.5822
56.5822
54.5369
54.5369
54.5369
54.5369
54.5369
54.5369
54.5369
54.5369
52.3376
52.3376
52.3376
52.3376
52.3376
52.3376
52.3376
52.3376
50.0215
50.0215
50.0215
50.0215
50.0215
50.0215
50.0215
50.0215
47.6423
47.6423
47.6423
47.6423
47.6423
47.6423
47.6423
47.6423
45.2653
45.2653
45.2653
45.2653
45.2653
45.2653
45.2653
45.2653
73.3377
73.3377
73.3377
73.3377
73.3377
73.3377
73.3377
73.3377
71.2679
71.2679
71.2679
71.2679
71.2679
71.2679
71.2679
71.2679
69.3975
69.3975
69.3975
69.3975
69.3975
69.3975
69.3975
69.3975
67.7041
67.7041
67.7041
67.7041
67.7041
67.7041
67.7041
67.7041
66.1476
66.1476
66.1476
66.1476
66.1476
66.1476
66.1476
66.1476
64.6757
64.6757
64.6757
64.6757
64.6757
64.6757
64.6757
64.6757
63.2285
63.2285
63.2285
63.2285
63.2285
63.2285
63.2285
63.2285
61.7451
61.7451
61.7451
61.7451
61.7451
61.7451
61.7451
61.7451
60.1696
60.1696
60.1696
60.1696
60.1696
60.1696
60.1696
60.1696
58.4576
58.4576
58.4576
58.4576
58.4576
58.4576
58.4576
58.4576
56.5822
56.5822
56.5822
56.5822
56.5822
56.5822
56.5822
56.5822
54.5369
54.5369
54.5369
54.5369
54.5369
54.5369
54.5369
54.5369
52.3376
52.3376
52.3376
52.3376
52.3376
52.3376
52.3376
52.3376
50.0215
50.0215
50.0215
50.0215
50.0215
50.0215
50.0215
50.0215
47.6423
47.6423
47.6423
47.6423
47.6423
47.6423
47.6423
47.6423
45.2653
45.2653
45.2653
45.2653
45.2653
45.2653
45.2653
45.2653
73.3377
73.3377
73.3377
73.3377
73.3377
73.3377
73.3377
73.3377
71.2679
71.2679
71.2679
71.2679
71.2679
71.2679
71.2679
71.2679
69.3975
69.3975
69.3975
69.3975
69.3975
69.3975
69.3975
69.3975
67.7041
67.7041
67.7041
67.7041
67.7041
67.7041
67.7041
67.7041
66.1476
66.1476
66.1476
66.1476
66.1476
66.1476
66.1476
66.1476
64.6757
64.6757
64.6757
64.6757
64.6757
64.6757
64.6757
64.6757
63.2285
63.2285
63.2285
63.2285
63.2285
63.2285
63.2285
63.2285
61.7451
61.7451
61.7451
61.7451
61.7451
61.7451
61.7451
61.7451
60.1696
60.1696
60.1696
60.1696
60.1696
60.1696
60.1696
60.1696
58.4576
58.4576
58.4576
58.4576
58.4576
58.4576
58.4576
58.4576
56.5822
56.5822
56.5822
56.5822
56.5822
56.5822
56.5822
56.5822
54.5369
54.5369
54.5369
54.5369
54.5369
54.5369
54.5369
54.5369
52.3376
52.3376
52.3376
52.3376
52.3376
52.3376
52.3376
52.3376
50.0215
50.0215
50.0215
50.0215
50.0215
50.0215
50.0215
50.0215
47.6423
47.6423
47.6423
47.6423
47.6423
47.6423
47.6423
47.6423
45.2653
45.2653
45.2653
45.2653
45.2653
45.2653
45.2653
45.2653
73.3377
73.3377
73.3377
73.3377
73.3377
73.3377
73.3377
73.3377
71.2679
71.2679
71.2679
71.2679
71.2679
71.2679
71.2679
71.2679
69.3975
69.3975
69.3975
69.3975
69.3975
69.3975
69.3975
69.3975
67.7041
67.7041
67.7041
67.7041
67.7041
67.7041
67.7041
67.7041
66.1476
66.1476
66.1476
66.1476
66.1476
66.1476
66.1476
66.1476
64.6757
64.6757
64.6757
64.6757
64.6757
64.6757
64.6757
64.6757
63.2285
63.2285
63.2285
63.2285
63.2285
63.2285
63.2285
63.2285
61.7451
61.7451
61.7451
61.7451
61.7451
61.7451
61.7451
61.7451
60.1696
60.1696
60.1696
60.1696
60.1696
60.1696
60.1696
60.1696
58.4576
58.4576
58.4576
58.4576
58.4576
58.4576
58.4576
58.4576
56.5822
56.5822
56.5822
56.5822
56.5822
56.5822
56.5822
56.5822
54.5369
54.5369
54.5369
54.5369
54.5369
54.5369
54.5369
54.5369
52.3376
52.3376
52.3376
52.3376
52.3376
52.3376
52.3376
52.3376
50.0215
50.0215
50.0215
50.0215
50.0215
50.0215
50.0215
50.0215
47.6423
47.6423
47.6423
47.6423
47.6423
47.6423
47.6423
47.6423
45.2653
45.2653
45.2653
45.2653
45.2653
45.2653
45.2653
45.2653
76.8133
76.8133
76.8133
76.8133
76.8133
76.8133
76.8133
76.8133
74.9161
74.9161
74.9161
74.9161
74.9161
74.9161
74.9161
74.9161
73.2605
73.2605
73.2605
73.2605
73.2605
73.2605
73.2605
73.2605
71.8189
71.8189
71.8189
71.8189
71.8189
71.8189
71.8189
71.8189
70.5429
70.5429
70.5429
70.5429
70.5429
70.5429
70.5429
70.5429
69.367
69.367
69.367
69.367
69.367
69.367
69.367
69.367
68.2146
68.2146
68.2146
68.2146
68.2146
68.2146
68.2146
68.2146
67.0055
67.0055
67.0055
67.0055
67.0055
67.0055
67.0055
67.0055
65.6635
65.6635
65.6635
65.6635
65.6635
65.6635
65.6635
65.6635
64.1255
64.1255
64.1255
64.1255
64.1255
64.1255
64.1255
64.1255
62.3478
62.3478
62.3478
62.3478
62.3478
62.3478
62.3478
62.3478
60.3142
60.3142
60.3142
60.3142
60.3142
60.3142
60.3142
60.3142
58.0376
58.0376
58.0376
58.0376
58.0376
58.0376
58.0376
58.0376
55.5592
55.5592
55.5592
55.5592
55.5592
55.5592
55.5592
55.5592
52.9453
52.9453
52.9453
52.9453
52.9453
52.9453
52.9453
52.9453
50.2783
50.2783
50.2783
50.2783
50.2783
50.2783
50.2783
50.2783
76.8133
76.8133
76.8133
76.8133
76.8133
76.8133
76.8133
76.8133
74.9161
74.9161
74.9161
74.9161
74.9161
74.9161
74.9161
74.9161
73.2605
73.2605
73.2605
73.2605
73.2605
73.2605
73.2605
73.2605
71.8189
71.8189
71.8189
71.8189
71.8189
71.8189
71.8189
71.8189
70.5429
70.5429
70.5429
70.5429
70.5429
70.5429
70.5429
70.5429
69.367
69.367
69.367
69.367
69.367
69.367
69.367
69.367
68.2146
68.2146
68.2146
68.2146
68.2146
68.2146
68.2146
68.2146
67.0055
67.0055
67.0055
67.0055
67.0055
67.0055
67.0055
67.0055
65.6635
65.6635
65.6635
65.6635
65.6635
65.6635
65.6635
65.6635
64.1255
64.1255
64.1255
64.1255
64.1255
64.1255
64.1255
64.1255
62.3478
62.3478
62.3478
62.3478
62.3478
62.3478
62.3478
62.3478
60.3142
60.3142
60.3142
60.3142
60.3142
60.3142
60.3142
60.3142
58.0376
58.0376
58.0376
58.0376
58.0376
58.0376
58.0376
58.0376
55.5592
55.5592
55.5592
55.5592
55.5592
55.5592
55.5592
55.5592
52.9453
52.9453
52.9453
52.9453
52.9453
52.9453
52.9453
52.9453
50.2783
50.2783
50.2783
50.2783
50.2783
50.2783
50.2783
50.2783
76.8133
76.8133
76.8133
76.8133
76.8133
76.8133
76.8133
76.8133
74.9161
74.9161
74.9161
74.9161
74.9161
74.9161
74.9161
74.9161
73.2605
73.2605
73.2605
73.2605
73.2605
73.2605
73.2605
73.2605
71.8189
71.8189
71.8189
71.8189
71.8189
71.8189
71.8189
71.8189
70.5429
70.5429
70.5429
70.5429
70.5429
70.5429
70.5429
70.5429
69.367
69.367
69.367
69.367
69.367
69.367
69.367
69.367
68.2146
68.2146
68.2146
68.2146
68.2146
68.2146
68.2146
68.2146
67.0055
67.0055
67.0055
67.0055
67.0055
67.0055
67.0055
67.0055
65.6635
65.6635
65.6635
65.6635
65.6635
65.6635
65.6635
65.6635
64.1255
64.1255
64.1255
64.1255
64.1255
64.1255
64.1255
64.1255
62.3478
62.3478
62.3478
62.3478
62.3478
62.3478
62.3478
62.3478
60.3142
60.3142
60.3142
60.3142
60.3142
60.3142
60.3142
60.3142
58.0376
58.0376
58.0376
58.0376
58.0376
58.0376
58.0376
58.0376
55.5592
55.5592
55.5592
55.5592
55.5592
55.5592
55.5592
55.5592
52.9453
52.9453
52.9453
52.9453
52.9453
52.9453
52.9453
52.9453
50.2783
50.2783
50.2783
50.2783
50.2783
50.2783
50.2783
50.2783
76.8133
76.8133
76.8133
76.8133
76.8133
76.8133
76.8133
76.8133
74.9161
74.9161
74.9161
74.9161
74.9161
74.9161
74.9161
74.9161
73.2605
73.2605
73.2605
73.2605
73.2605
73.2605
73.2605
73.2605
71.8189
71.8189
71.8189
71.8189
71.8189
71.8189
71.8189
71.8189
70.5429
70.5429
70.5429
70.5429
70.5429
70.5429
70.5429
70.5429
69.367
69.367
69.367
69.367
69.367
69.367
69.367
69.367
68.2146
68.2146
68.2146
68.2146
68.2146
68.2146
68.2146
68.2146
67.0055
67.0055
67.0055
67.0055
67.0055
67.0055
67.0055
67.0055
65.6635
65.6635
65.6635
65.6635
65.6635
65.6635
65.6635
65.6635
64.1255
64.1255
64.1255
64.1255
64.1255
64.1255
64.1255
64.1255
62.3478
62.3478
62.3478
62.3478
62.3478
62.3478
62.3478
62.3478
60.3142
60.3142
60.3142
60.3142
60.3142
60.3142
60.3142
60.3142
58.0376
58.0376
58.0376
58.0376
58.0376
58.0376
58.0376
58.0376
55.5592
55.5592
55.5592
55.5592
55.5592
55.5592
55.5592
55.5592
52.9453
52.9453
52.9453
52.9453
52.9453
52.9453
52.9453
52.9453
50.2783
50.2783
50.2783
50.2783
50.2783
50.2783
50.2783
50.2783
80.7436
80.7436
80.7436
80.7436
80.7436
80.7436
80.7436
80.7436
79.1159
79.1159
79.1159
79.1159
79.1159
79.1159
79.1159
79.1159
77.7778
77.7778
77.7778
77.7778
77.7778
77.7778
77.7778
77.7778
76.6991
76.6991
76.6991
76.6991
76.6991
76.6991
76.6991
76.6991
75.8235
75.8235
75.8235
75.8235
75.8235
75.8235
75.8235
75.8235
75.0725
75.0725
75.0725
75.0725
75.0725
75.0725
75.0725
75.0725
74.351
74.351
74.351
74.351
74.351
74.351
74.351
74.351
73.5566
73.5566
73.5566
73.5566
73.5566
73.5566
73.5566
73.5566
72.587
72.587
72.587
72.587
72.587
72.587
72.587
72.587
71.3528
71.3528
71.3528
71.3528
71.3528
71.3528
71.3528
71.3528
69.7874
69.7874
69.7874
69.7874
69.7874
69.7874
69.7874
69.7874
67.8565
67.8565
67.8565
67.8565
67.8565
67.8565
67.8565
67.8565
65.5651
65.5651
65.5651
65.5651
65.5651
65.5651
65.5651
65.5651
62.9561
62.9561
62.9561
62.9561
62.9561
62.9561
62.9561
62.9561
60.107
60.107
60.107
60.107
60.107
60.107
60.107
60.107
57.1205
57.1205
57.1205
57.1205
57.1205
57.1205
57.1205
57.1205
80.7436
80.7436
80.7436
80.7436
80.7436
80.7436
80.7436
80.7436
79.1159
79.1159
79.1159
79.1159
79.1159
79.1159
79.1159
79.1159
77.7778
77.7778
77.7778
77.7778
77.7778
77.7778
77.7778
77.7778
76.6991
76.6991
76.6991
76.6991
76.6991
76.6991
76.6991
76.6991
75.8235
75.8235
75.8235
75.8235
75.8235
75.8235
75.8235
75.8235
75.0725
75.0725
75.0725
75.0725
75.0725
75.0725
75.0725
75.0725
74.351
74.351
74.351
74.351
74.351
74.351
74.351
74.351
73.5566
73.5566
73.5566
73.5566
73.5566
73.5566
73.5566
73.5566
72.587
72.587
72.587
72.587
72.587
72.587
72.587
72.587
71.3528
71.3528
71.3528
71.3528
71.3528
71.3528
71.3528
71.3528
69.7874
69.7874
69.7874
69.7874
69.7874
69.7874
69.7874
69.7874
67.8565
67.8565
67.8565
67.8565
67.8565
67.8565
67.8565
67.8565
65.5651
65.5651
65.5651
65.5651
65.5651
65.5651
65.5651
65.5651
62.9561
62.9561
62.9561
62.9561
62.9561
62.9561
62.9561
62.9561
60.107
60.107
60.107
60.107
60.107
60.107
60.107
60.107
57.1205
57.1205
57.1205
57.1205
57.1205
57.1205
57.1205
57.1205
80.7436
80.7436
80.7436
80.7436
80.7436
80.7436
80.7436
80.7436
79.1159
79.1159
79.1159
79.1159
79.1159
79.1159
79.1159
79.1159
77.7778
77.7778
77.7778
77.7778
77.7778
77.7778
77.7778
77.7778
76.6991
76.6991
76.6991
76.6991
76.6991
76.6991
76.6991
76.6991
75.8235
75.8235
75.8235
75.8235
75.8235
75.8235
75.8235
75.8235
75.0725
75.0725
75.0725
75.0725
75.0725
75.0725
75.0725
75.0725
74.351
74.351
74.351
74.351
74.351
74.351
74.351
74.351
73.5566
73.5566
73.5566
73.5566
73.5566
73.5566
73.5566
73.5566
72.587
72.587
72.587
72.587
72.587
72.587
72.587
72.587
71.3528
71.3528
71.3528
71.3528
71.3528
71.3528
71.3528
71.3528
69.7874
69.7874
69.7874
69.7874
69.7874
69.7874
69.7874
69.7874
67.8565
67.8565
67.8565
67.8565
67.8565
67.8565
67.8565
67.8565
65.5651
65.5651
65.5651
65.5651
65.5651
65.5651
65.5651
65.5651
62.9561
62.9561
62.9561
62.9561
62.9561
62.9561
62.9561
62.9561
60.107
60.107
60.107
60.107
60.107
60.107
60.107
60.107
57.1205
57.1205
57.1205
57.1205
57.1205
57.1205
57.1205
57.1205
80.7436
80.7436
80.7436
80.7436
80.7436
80.7436
80.7436
80.7436
79.1159
79.1159
79.1159
79.1159
79.1159
79.1159
79.1159
79.1159
77.7778
77.7778
77.7778
77.7778
77.7778
77.7778
77.7778
77.7778
76.6991
76.6991
76.6991
76.6991
76.6991
76.6991
76.6991
76.6991
75.8235
75.8235
75.8235
75.8235
75.8235
75.8235
75.8235
75.8235
75.0725
75.0725
75.0725
75.0725
75.0725
75.0725
75.0725
75.0725
74.351
74.351
74.351
74.351
74.351
74.351
74.351
74.351
73.5566
73.5566
73.5566
73.5566
73.5566
73.5566
73.5566
73.5566
72.587
72.587
72.587
72.587
72.587
72.587
72.587
72.587
71.3528
71.3528
71.3528
71.3528
71.3528
71.3528
71.3528
71.3528
69.7874
69.7874
69.7874
69.7874
69.7874
69.7874
69.7874
69.7874
67.8565
67.8565
67.8565
67.8565
67.8565
67.8565
67.8565
67.8565
65.5651
65.5651
65.5651
65.5651
65.5651
65.5651
65.5651
65.5651
62.9561
62.9561
62.9561
62.9561
62.9561
62.9561
62.9561
62.9561
60.107
60.107
60.107
60.107
60.107
60.107
60.107
60.107
57.1205
57.1205
57.1205
57.1205
57.1205
57.1205
57.1205
57.1205
84.9386
84.9386
84.9386
84.9386
84.9386
84.9386
84.9386
84.9386
83.6796
83.6796
83.6796
83.6796
83.6796
83.6796
83.6796
83.6796
82.7656
82.7656
82.7656
82.7656
82.7656
82.7656
82.7656
82.7656
82.1678
82.1678
82.1678
82.1678
82.1678
82.1678
82.1678
82.1678
81.824
81.824
81.824
81.824
81.824
81.824
81.824
81.824
81.644
81.644
81.644
81.644
81.644
81.644
81.644
81.644
81.5135
81.5135
81.5135
81.5135
81.5135
81.5135
81.5135
81.5135
81.3042
81.3042
81.3042
81.3042
81.3042
81.3042
81.3042
81.3042
80.8823
80.8823
80.8823
80.8823
80.8823
80.8823
80.8823
80.8823
80.1238
80.1238
80.1238
80.1238
80.1238
80.1238
80.1238
80.1238
78.9297
78.9297
78.9297
78.9297
78.9297
78.9297
78.9297
78.9297
77.2389
77.2389
77.2389
77.2389
77.2389
77.2389
77.2389
77.2389
75.0376
75.0376
75.0376
75.0376
75.0376
75.0376
75.0376
75.0376
72.3654
72.3654
72.3654
72.3654
72.3654
72.3654
72.3654
72.3654
69.3086
69.3086
69.3086
69.3086
69.3086
69.3086
69.3086
69.3086
65.991
65.991
65.991
65.991
65.991
65.991
65.991
65.991
84.9386
84.9386
84.9386
84.9386
84.9386
84.9386
84.9386
84.9386
83.6796
83.6796
83.6796
83.6796
83.6796
83.6796
83.6796
83.6796
82.7656
82.7656
82.7656
82.7656
82.7656
82.7656
82.7656
82.7656
82.1678
82.1678
82.1678
82.1678
82.1678
82.1678
82.1678
82.1678
81.824
81.824
81.824
81.824
81.824
81.824
81.824
81.824
81.644
81.644
81.644
81.644
81.644
81.644
81.644
81.644
81.5135
81.5135
81.5135
81.5135
81.5135
81.5135
81.5135
81.5135
81.3042
81.3042
81.3042
81.3042
81.3042
81.3042
81.3042
81.3042
80.8823
80.8823
80.8823
80.8823
80.8823
80.8823
80.8823
80.8823
80.1238
80.1238
80.1238
80.1238
80.1238
80.1238
80.1238
80.1238
78.9297
78.9297
78.9297
78.9297
78.9297
78.9297
78.9297
78.9297
77.2389
77.2389
77.2389
77.2389
77.2389
77.2389
77.2389
77.2389
75.0376
75.0376
75.0376
75.0376
75.0376
75.0376
75.0376
75.0376
72.3654
72.3654
72.3654
72.3654
72.3654
72.3654
72.3654
72.3654
69.3086
69.3086
69.3086
69.3086
69.3086
69.3086
69.3086
69.3086
65.991
65.991
65.991
65.991
65.991
65.991
65.991
65.991
84.9386
84.9386
84.9386
84.9386
84.9386
84.9386
84.9386
84.9386
83.6796
83.6796
83.6796
83.6796
83.6796
83.6796
83.6796
83.6796
82.7656
82.7656
82.7656
82.7656
82.7656
82.7656
82.7656
82.7656
82.1678
82.1678
82.1678
82.1678
82.1678
82.1678
82.1678
82.1678
81.824
81.824
81.824
81.824
81.824
81.824
81.824
81.824
81.644
81.644
81.644
81.644
81.644
81.644
81.644
81.644
81.5135
81.5135
81.5135
81.5135
81.5135
81.5135
81.5135
81.5135
81.3042
81.3042
81.3042
81.3042
81.3042
81.3042
81.3042
81.3042
80.8823
80.8823
80.8823
80.8823
80.8823
80.8823
80.8823
80.8823
80.1238
80.1238
80.1238
80.1238
80.1238
80.1238
80.1238
80.1238
78.9297
78.9297
78.9297
78.9297
78.9297
78.9297
78.9297
78.9297
77.2389
77.2389
77.2389
77.2389
77.2389
77.2389
77.2389
77.2389
75.0376
75.0376
75.0376
75.0376
75.0376
75.0376
75.0376
75.0376
72.3654
72.3654
72.3654
72.3654
72.3654
72.3654
72.3654
72.3654
69.3086
69.3086
69.3086
69.3086
69.3086
69.3086
69.3086
69.3086
65.991
65.991
65.991
65.991
65.991
65.991
65.991
65.991
84.9386
84.9386
84.9386
84.9386
84.9386
84.9386
84.9386
84.9386
83.6796
83.6796
83.6796
83.6796
83.6796
83.6796
83.6796
83.6796
82.7656
82.7656
82.7656
82.7656
82.7656
82.7656
82.7656
82.7656
82.1678
82.1678
82.1678
82.1678
82.1678
82.1678
82.1678
82.1678
81.824
81.824
81.824
81.824
81.824
81.824
81.824
81.824
81.644
81.644
81.644
81.644
81.644
81.644
81.644
81.644
81.5135
81.5135
81.5135
81.5135
81.5135
81.5135
81.5135
81.5135
81.3042
81.3042
81.3042
81.3042
81.3042
81.3042
81.3042
81.3042
80.8823
80.8823
80.8823
80.8823
80.8823
80.8823
80.8823
80.8823
80.1238
80.1238
80.1238
80.1238
80.1238
80.1238
80.1238
80.1238
78.9297
78.9297
78.9297
78.9297
78.9297
78.9297
78.9297
78.9297
77.2389
77.2389
77.2389
77.2389
77.2389
77.2389
77.2389
77.2389
75.0376
75.0376
75.0376
75.0376
75.0376
75.0376
75.0376
75.0376
72.3654
72.3654
72.3654
72.3654
72.3654
72.3654
72.3654
72.3654
69.3086
69.3086
69.3086
69.3086
69.3086
69.3086
69.3086
69.3086
65.991
65.991
65.991
65.991
65.991
65.991
65.991
65.991
89.1194
89.1194
89.1194
89.1194
89.1194
89.1194
89.1194
89.1194
88.3179
88.3179
88.3179
88.3179
88.3179
88.3179
88.3179
88.3179
87.9261
87.9261
87.9261
87.9261
87.9261
87.9261
87.9261
87.9261
87.9193
87.9193
87.9193
87.9193
87.9193
87.9193
87.9193
87.9193
88.2351
88.2351
88.2351
88.2351
88.2351
88.2351
88.2351
88.2351
88.7736
88.7736
88.7736
88.7736
88.7736
88.7736
88.7736
88.7736
89.4027
89.4027
89.4027
89.4027
89.4027
89.4027
89.4027
89.4027
89.9661
89.9661
89.9661
89.9661
89.9661
89.9661
89.9661
89.9661
90.2936
90.2936
90.2936
90.2936
90.2936
90.2936
90.2936
90.2936
90.2194
90.2194
90.2194
90.2194
90.2194
90.2194
90.2194
90.2194
89.5997
89.5997
89.5997
89.5997
89.5997
89.5997
89.5997
89.5997
88.3335
88.3335
88.3335
88.3335
88.3335
88.3335
88.3335
88.3335
86.378
86.378
86.378
86.378
86.378
86.378
86.378
86.378
83.7581
83.7581
83.7581
83.7581
83.7581
83.7581
83.7581
83.7581
80.5629
80.5629
80.5629
80.5629
80.5629
80.5629
80.5629
80.5629
76.9369
76.9369
76.9369
76.9369
76.9369
76.9369
76.9369
76.9369
89.1194
89.1194
89.1194
89.1194
89.1194
89.1194
89.1194
89.1194
88.3179
88.3179
88.3179
88.3179
88.3179
88.3179
88.3179
88.3179
87.9261
87.9261
87.9261
87.9261
87.9261
87.9261
87.9261
87.9261
87.9193
87.9193
87.9193
87.9193
87.9193
87.9193
87.9193
87.9193
88.2351
88.2351
88.2351
88.2351
88.2351
88.2351
88.2351
88.2351
88.7736
88.7736
88.7736
88.7736
88.7736
88.7736
88.7736
88.7736
89.4027
89.4027
89.4027
89.4027
89.4027
89.4027
89.4027
89.4027
89.9661
89.9661
89.9661
89.9661
89.9661
89.9661
89.9661
89.9661
90.2936
90.2936
90.2936
90.2936
90.2936
90.2936
90.2936
90.2936
90.2194
90.2194
90.2194
90.2194
90.2194
90.2194
90.2194
90.2194
89.5997
89.5997
89.5997
89.5997
89.5997
89.5997
89.5997
89.5997
88.3335
88.3335
88.3335
88.3335
88.3335
88.3335
88.3335
88.3335
86.378
86.378
86.378
86.378
86.378
86.378
86.378
86.378
83.7581
83.7581
83.7581
83.7581
83.7581
83.7581
83.7581
83.7581
80.5629
80.5629
80.5629
80.5629
80.5629
80.5629
80.5629
80.5629
76.9369
76.9369
76.9369
76.9369
76.9369
76.9369
76.9369
76.9369
89.1194
89.1194
89.1194
89.1194
89.1194
89.1194
89.1194
89.1194
88.3179
88.3179
88.3179
88.3179
88.3179
88.3179
88.3179
88.3179
87.9261
87.9261
87.9261
87.9261
87.9261
87.9261
87.9261
87.9261
87.9193
87.9193
87.9193
87.9193
87.9193
87.9193
87.9193
87.9193
88.2351
88.2351
88.2351
88.2351
88.2351
88.2351
88.2351
88.2351
88.7736
88.7736
88.7736
88.7736
88.7736
88.7736
88.7736
88.7736
89.4027
89.4027
89.4027
89.4027
89.4027
89.4027
89.4027
89.4027
89.9661
89.9661
89.9661
89.9661
89.9661
89.9661
89.9661
89.9661
90.2936
90.2936
90.2936
90.2936
90.2936
90.2936
90.2936
90.2936
90.2194
90.2194
90.2194
90.2194
90.2194
90.2194
90.2194
90.2194
89.5997
89.5997
89.5997
89.5997
89.5997
89.5997
89.5997
89.5997
88.3335
88.3335
88.3335
88.3335
88.3335
88.3335
88.3335
88.3335
86.378
86.378
86.378
86.378
86.378
86.378
86.378
86.378
83.7581
83.7581
83.7581
83.7581
83.7581
83.7581
83.7581
83.7581
80.5629
80.5629
80.5629
80.5629
80.5629
80.5629
80.5629
80.5629
76.9369
76.9369
76.9369
76.9369
76.9369
76.9369
76.9369
76.9369
89.1194
89.1194
89.1194
89.1194
89.1194
89.1194
89.1194
89.1194
88.3179
88.3179
88.3179
88.3179
88.3179
88.3179
88.3179
88.3179
87.9261
87.9261
87.9261
87.9261
87.9261
87.9261
87.9261
87.9261
87.9193
87.9193
87.9193
87.9193
87.9193
87.9193
87.9193
87.9193
88.2351
88.2351
88.2351
88.2351
88.2351
88.2351
88.2351
88.2351
88.7736
88.7736
88.7736
88.7736
88.7736
88.7736
88.7736
88.7736
89.4027
89.4027
89.4027
89.4027
89.4027
89.4027
89.4027
89.4027
89.9661
89.9661
89.9661
89.9661
89.9661
89.9661
89.9661
89.9661
90.2936
90.2936
90.2936
90.2936
90.2936
90.2936
90.2936
90.2936
90.2194
90.2194
90.2194
90.2194
90.2194
90.2194
90.2194
90.2194
89.5997
89.5997
89.5997
89.5997
89.5997
89.5997
89.5997
89.5997
88.3335
88.3335
88.3335
88.3335
88.3335
88.3335
88.3335
88.3335
86.378
86.378
86.378
86.378
86.378
86.378
86.378
86.378
83.7581
83.7581
83.7581
83.7581
83.7581
83.7581
83.7581
83.7581
80.5629
80.5629
80.5629
80.5629
80.5629
80.5629
80.5629
80.5629
76.9369
76.9369
76.9369
76.9369
76.9369
76.9369
76.9369
76.9369
92.938
92.938
92.938
92.938
92.938
92.938
92.938
92.938
92.6566
92.6566
92.6566
92.6566
92.6566
92.6566
92.6566
92.6566
92.8565
92.8565
92.8565
92.8565
92.8565
92.8565
92.8565
92.8565
93.5241
93.5241
93.5241
93.5241
93.5241
93.5241
93.5241
93.5241
94.6007
94.6007
94.6007
94.6007
94.6007
94.6007
94.6007
94.6007
95.982
95.982
95.982
95.982
95.982
95.982
95.982
95.982
97.5217
97.5217
97.5217
97.5217
97.5217
97.5217
97.5217
97.5217
99.0358
99.0358
99.0358
99.0358
99.0358
99.0358
99.0358
99.0358
100.317
100.317
100.317
100.317
100.317
100.317
100.317
100.317
101.149
101.149
101.149
101.149
101.149
101.149
101.149
101.149
101.333
101.333
101.333
101.333
101.333
101.333
101.333
101.333
100.716
100.716
100.716
100.716
100.716
100.716
100.716
100.716
99.2102
99.2102
99.2102
99.2102
99.2102
99.2102
99.2102
99.2102
96.8102
96.8102
96.8102
96.8102
96.8102
96.8102
96.8102
96.8102
93.5985
93.5985
93.5985
93.5985
93.5985
93.5985
93.5985
93.5985
89.7347
89.7347
89.7347
89.7347
89.7347
89.7347
89.7347
89.7347
92.938
92.938
92.938
92.938
92.938
92.938
92.938
92.938
92.6566
92.6566
92.6566
92.6566
92.6566
92.6566
92.6566
92.6566
92.8565
92.8565
92.8565
92.8565
92.8565
92.8565
92.8565
92.8565
93.5241
93.5241
93.5241
93.5241
93.5241
93.5241
93.5241
93.5241
94.6007
94.6007
94.6007
94.6007
94.6007
94.6007
94.6007
94.6007
95.982
95.982
95.982
95.982
95.982
95.982
95.982
95.982
97.5217
97.5217
97.5217
97.5217
97.5217
97.5217
97.5217
97.5217
99.0358
99.0358
99.0358
99.0358
99.0358
99.0358
99.0358
99.0358
100.317
100.317
100.317
100.317
100.317
100.317
100.317
100.317
101.149
101.149
101.149
101.149
101.149
101.149
101.149
101.149
101.333
101.333
101.333
101.333
101.333
101.333
101.333
101.333
100.716
100.716
100.716
100.716
100.716
100.716
100.716
100.716
99.2102
99.2102
99.2102
99.2102
99.2102
99.2102
99.2102
99.2102
96.8102
96.8102
96.8102
96.8102
96.8102
96.8102
96.8102
96.8102
93.5985
93.5985
93.5985
93.5985
93.5985
93.5985
93.5985
93.5985
89.7347
89.7347
89.7347
89.7347
89.7347
89.7347
89.7347
89.7347
92.938
92.938
92.938
92.938
92.938
92.938
92.938
92.938
92.6566
92.6566
92.6566
92.6566
92.6566
92.6566
92.6566
92.6566
92.8565
92.8565
92.8565
92.8565
92.8565
92.8565
92.8565
92.8565
93.5241
93.5241
93.5241
93.5241
93.5241
93.5241
93.5241
93.5241
94.6007
94.6007
94.6007
94.6007
94.6007
94.6007
94.6007
94.6007
95.982
95.982
95.982
95.982
95.982
95.982
95.982
95.982
97.5217
97.5217
97.5217
97.5217
97.5217
97.5217
97.5217
97.5217
99.0358
99.0358
99.0358
99.0358
99.0358
99.0358
99.0358
99.0358
100.317
100.317
100.317
100.317
100.317
100.317
100.317
100.317
101.149
101.149
101.149
101.149
101.149
101.149
101.149
101.149
101.333
101.333
101.333
101.333
101.333
101.333
101.333
101.333
100.716
100.716
100.716
100.716
100.716
100.716
100.716
100.716
99.2102
99.2102
99.2102
99.2102
99.2102
99.2102
99.2102
99.2102
96.8102
96.8102
96.8102
96.8102
96.8102
96.8102
96.8102
96.8102
93.5985
93.5985
93.5985
93.5985
93.5985
93.5985
93.5985
93.5985
89.7347
89.7347
89.7347
89.7347
89.7347
89.7347
89.7347
89.7347
92.938
92.938
92.938
92.938
92.938
92.938
92.938
92.938
92.6566
92.6566
92.6566
92.6566
92.6566
92.6566
92.6566
92.6566
92.8565
92.8565
92.8565
92.8565
92.8565
92.8565
92.8565
92.8565
93.5241
93.5241
93.5241
93.5241
93.5241
93.5241
93.5241
93.5241
94.6007
94.6007
94.6007
94.6007
94.6007
94.6007
94.6007
94.6007
95.982
95.982
95.982
95.982
95.982
95.982
95.982
95.982
97.5217
97.5217
97.5217
97.5217
97.5217
97.5217
97.5217
97.5217
99.0358
99.0358
99.0358
99.0358
99.0358
99.0358
99.0358
99.0358
100.317
100.317
100.317
100.317
100.317
100.317
100.317
100.317
101.149
101.149
101.149
101.149
101.149
101.149
101.149
101.149
101.333
101.333
101.333
101.333
101.333
101.333
101.333
101.333
100.716
100.716
100.716
100.716
100.716
100.716
100.716
100.716
99.2102
99.2102
99.2102
99.2102
99.2102
99.2102
99.2102
99.2102
96.8102
96.8102
96.8102
96.8102
96.8102
96.8102
96.8102
96.8102
93.5985
93.5985
93.5985
93.5985
93.5985
93.5985
93.5985
93.5985
89.7347
89.7347
89.7347
89.7347
89.7347
89.7347
89.7347
89.7347
96.0125
96.0125
96.0125
96.0125
96.0125
96.0125
96.0125
96.0125
96.2709
96.2709
96.2709
96.2709
96.2709
96.2709
96.2709
96.2709
97.0861
97.0861
97.0861
97.0861
97.0861
97.0861
97.0861
97.0861
98.4605
98.4605
98.4605
98.4605
98.4605
98.4605
98.4605
98.4605
100.345
100.345
100.345
100.345
100.345
100.345
100.345
100.345
102.639
102.639
102.639
102.639
102.639
102.639
102.639
102.639
105.186
105.186
105.186
105.186
105.186
105.186
105.186
105.186
107.781
107.781
107.781
107.781
107.781
107.781
107.781
107.781
110.18
110.18
110.18
110.18
110.18
110.18
110.18
110.18
112.116
112.116
112.116
112.116
112.116
112.116
112.116
112.116
113.327
113.327
113.327
113.327
113.327
113.327
113.327
113.327
113.593
113.593
113.593
113.593
113.593
113.593
113.593
113.593
112.767
112.767
112.767
112.767
112.767
112.767
112.767
112.767
110.796
110.796
110.796
110.796
110.796
110.796
110.796
110.796
107.742
107.742
107.742
107.742
107.742
107.742
107.742
107.742
103.766
103.766
103.766
103.766
103.766
103.766
103.766
103.766
96.0125
96.0125
96.0125
96.0125
96.0125
96.0125
96.0125
96.0125
96.2709
96.2709
96.2709
96.2709
96.2709
96.2709
96.2709
96.2709
97.0861
97.0861
97.0861
97.0861
97.0861
97.0861
97.0861
97.0861
98.4605
98.4605
98.4605
98.4605
98.4605
98.4605
98.4605
98.4605
100.345
100.345
100.345
100.345
100.345
100.345
100.345
100.345
102.639
102.639
102.639
102.639
102.639
102.639
102.639
102.639
105.186
105.186
105.186
105.186
105.186
105.186
105.186
105.186
107.781
107.781
107.781
107.781
107.781
107.781
107.781
107.781
110.18
110.18
110.18
110.18
110.18
110.18
110.18
110.18
112.116
112.116
112.116
112.116
112.116
112.116
112.116
112.116
113.327
113.327
113.327
113.327
113.327
113.327
113.327
113.327
113.593
113.593
113.593
113.593
113.593
113.593
113.593
113.593
112.767
112.767
112.767
112.767
112.767
112.767
112.767
112.767
110.796
110.796
110.796
110.796
110.796
110.796
110.796
110.796
107.742
107.742
107.742
107.742
107.742
107.742
107.742
107.742
103.766
103.766
103.766
103.766
103.766
103.766
103.766
103.766
96.0125
96.0125
96.0125
96.0125
96.0125
96.0125
96.0125
96.0125
96.2709
96.2709
96.2709
96.2709
96.2709
96.2709
96.2709
96.2709
97.0861
97.0861
97.0861
97.0861
97.0861
97.0861
97.0861
97.0861
98.4605
98.4605
98.4605
98.4605
98.4605
98.4605
98.4605
98.4605
100.345
100.345
100.345
100.345
100.345
100.345
100.345
100.345
102.639
102.639
102.639
102.639
102.639
102.639
102.639
102.639
105.186
105.186
105.186
105.186
105.186
105.186
105.186
105.186
107.781
107.781
107.781
107.781
107.781
107.781
107.781
107.781
110.18
110.18
110.18
110.18
110.18
110.18
110.18
110.18
112.116
112.116
112.116
112.116
112.116
112.116
112.116
112.116
113.327
113.327
113.327
113.327
113.327
113.327
113.327
113.327
113.593
113.593
113.593
113.593
113.593
113.593
113.593
113.593
112.767
112.767
112.767
112.767
112.767
112.767
112.767
112.767
110.796
110.796
110.796
110.796
110.796
110.796
110.796
110.796
107.742
107.742
107.742
107.742
107.742
107.742
107.742
107.742
103.766
103.766
103.766
103.766
103.766
103.766
103.766
103.766
96.0125
96.0125
96.0125
96.0125
96.0125
96.0125
96.0125
96.0125
96.2709
96.2709
96.2709
96.2709
96.2709
96.2709
96.2709
96.2709
97.0861
97.0861
97.0861
97.0861
97.0861
97.0861
97.0861
97.0861
98.4605
98.4605
98.4605
98.4605
98.4605
98.4605
98.4605
98.4605
100.345
100.345
100.345
100.345
100.345
100.345
100.345
100.345
102.639
102.639
102.639
102.639
102.639
102.639
102.639
102.639
105.186
105.186
105.186
105.186
105.186
105.186
105.186
105.186
107.781
107.781
107.781
107.781
107.781
107.781
107.781
107.781
110.18
110.18
110.18
110.18
110.18
110.18
110.18
110.18
112.116
112.116
112.116
112.116
112.116
112.116
112.116
112.116
113.327
113.327
113.327
113.327
113.327
113.327
113.327
113.327
113.593
113.593
113.593
113.593
113.593
113.593
113.593
113.593
112.767
112.767
112.767
112.767
112.767
112.767
112.767
112.767
110.796
110.796
110.796
110.796
110.796
110.796
110.796
110.796
107.742
107.742
107.742
107.742
107.742
107.742
107.742
107.742
103.766
103.766
103.766
103.766
103.766
103.766
103.766
103.766
97.9786
97.9786
97.9786
97.9786
97.9786
97.9786
97.9786
97.9786
98.7429
98.7429
98.7429
98.7429
98.7429
98.7429
98.7429
98.7429
100.136
100.136
100.136
100.136
100.136
100.136
100.136
100.136
102.179
102.179
102.179
102.179
102.179
102.179
102.179
102.179
104.842
104.842
104.842
104.842
104.842
104.842
104.842
104.842
108.032
108.032
108.032
108.032
108.032
108.032
108.032
108.032
111.594
111.594
111.594
111.594
111.594
111.594
111.594
111.594
115.31
115.31
115.31
115.31
115.31
115.31
115.31
115.31
118.905
118.905
118.905
118.905
118.905
118.905
118.905
118.905
122.063
122.063
122.063
122.063
122.063
122.063
122.063
122.063
124.463
124.463
124.463
124.463
124.463
124.463
124.463
124.463
125.807
125.807
125.807
125.807
125.807
125.807
125.807
125.807
125.877
125.877
125.877
125.877
125.877
125.877
125.877
125.877
124.557
124.557
124.557
124.557
124.557
124.557
124.557
124.557
121.867
121.867
121.867
121.867
121.867
121.867
121.867
121.867
117.956
117.956
117.956
117.956
117.956
117.956
117.956
117.956
97.9786
97.9786
97.9786
97.9786
97.9786
97.9786
97.9786
97.9786
98.7429
98.7429
98.7429
98.7429
98.7429
98.7429
98.7429
98.7429
100.136
100.136
100.136
100.136
100.136
100.136
100.136
100.136
102.179
102.179
102.179
102.179
102.179
102.179
102.179
102.179
104.842
104.842
104.842
104.842
104.842
104.842
104.842
104.842
108.032
108.032
108.032
108.032
108.032
108.032
108.032
108.032
111.594
111.594
111.594
111.594
111.594
111.594
111.594
111.594
115.31
115.31
115.31
115.31
115.31
115.31
115.31
115.31
118.905
118.905
118.905
118.905
118.905
118.905
118.905
118.905
122.063
122.063
122.063
122.063
122.063
122.063
122.063
122.063
124.463
124.463
124.463
124.463
124.463
124.463
124.463
124.463
125.807
125.807
125.807
125.807
125.807
125.807
125.807
125.807
125.877
125.877
125.877
125.877
125.877
125.877
125.877
125.877
124.557
124.557
124.557
124.557
124.557
124.557
124.557
124.557
121.867
121.867
121.867
121.867
121.867
121.867
121.867
121.867
117.956
117.956
117.956
117.956
117.956
117.956
117.956
117.956
97.9786
97.9786
97.9786
97.9786
97.9786
97.9786
97.9786
97.9786
98.7429
98.7429
98.7429
98.7429
98.7429
98.7429
98.7429
98.7429
100.136
100.136
100.136
100.136
100.136
100.136
100.136
100.136
102.179
102.179
102.179
102.179
102.179
102.179
102.179
102.179
104.842
104.842
104.842
104.842
104.842
104.842
104.842
104.842
108.032
108.032
108.032
108.032
108.032
108.032
108.032
108.032
111.594
111.594
111.594
111.594
111.594
111.594
111.594
111.594
115.31
115.31
115.31
115.31
115.31
115.31
115.31
115.31
118.905
118.905
118.905
118.905
118.905
118.905
118.905
118.905
122.063
122.063
122.063
122.063
122.063
122.063
122.063
122.063
124.463
124.463
124.463
124.463
124.463
124.463
124.463
124.463
125.807
125.807
125.807
125.807
125.807
125.807
125.807
125.807
125.877
125.877
125.877
125.877
125.877
125.877
125.877
125.877
124.557
124.557
124.557
124.557
124.557
124.557
124.557
124.557
121.867
121.867
121.867
121.867
121.867
121.867
121.867
121.867
117.956
117.956
117.956
117.956
117.956
117.956
117.956
117.956
97.9786
97.9786
97.9786
97.9786
97.9786
97.9786
97.9786
97.9786
98.7429
98.7429
98.7429
98.7429
98.7429
98.7429
98.7429
98.7429
100.136
100.136
100.136
100.136
100.136
100.136
100.136
100.136
102.179
102.179
102.179
102.179
102.179
102.179
102.179
102.179
104.842
104.842
104.842
104.842
104.842
104.842
104.842
104.842
108.032
108.032
108.032
108.032
108.032
108.032
108.032
108.032
111.594
111.594
111.594
111.594
111.594
111.594
111.594
111.594
115.31
115.31
115.31
115.31
115.31
115.31
115.31
115.31
118.905
118.905
118.905
118.905
118.905
118.905
118.905
118.905
122.063
122.063
122.063
122.063
122.063
122.063
122.063
122.063
124.463
124.463
124.463
124.463
124.463
124.463
124.463
124.463
125.807
125.807
125.807
125.807
125.807
125.807
125.807
125.807
125.877
125.877
125.877
125.877
125.877
125.877
125.877
125.877
124.557
124.557
124.557
124.557
124.557
124.557
124.557
124.557
121.867
121.867
121.867
121.867
121.867
121.867
121.867
121.867
117.956
117.956
117.956
117.956
117.956
117.956
117.956
117.956
98.5507
98.5507
98.5507
98.5507
98.5507
98.5507
98.5507
98.5507
99.7303
99.7303
99.7303
99.7303
99.7303
99.7303
99.7303
99.7303
101.597
101.597
101.597
101.597
101.597
101.597
101.597
101.597
104.195
104.195
104.195
104.195
104.195
104.195
104.195
104.195
107.515
107.515
107.515
107.515
107.515
107.515
107.515
107.515
111.483
111.483
111.483
111.483
111.483
111.483
111.483
111.483
115.952
115.952
115.952
115.952
115.952
115.952
115.952
115.952
120.704
120.704
120.704
120.704
120.704
120.704
120.704
120.704
125.443
125.443
125.443
125.443
125.443
125.443
125.443
125.443
129.82
129.82
129.82
129.82
129.82
129.82
129.82
129.82
133.452
133.452
133.452
133.452
133.452
133.452
133.452
133.452
135.975
135.975
135.975
135.975
135.975
135.975
135.975
135.975
137.087
137.087
137.087
137.087
137.087
137.087
137.087
137.087
136.602
136.602
136.602
136.602
136.602
136.602
136.602
136.602
134.479
134.479
134.479
134.479
134.479
134.479
134.479
134.479
130.836
130.836
130.836
130.836
130.836
130.836
130.836
130.836
98.5507
98.5507
98.5507
98.5507
98.5507
98.5507
98.5507
98.5507
99.7303
99.7303
99.7303
99.7303
99.7303
99.7303
99.7303
99.7303
101.597
101.597
101.597
101.597
101.597
101.597
101.597
101.597
104.195
104.195
104.195
104.195
104.195
104.195
104.195
104.195
107.515
107.515
107.515
107.515
107.515
107.515
107.515
107.515
111.483
111.483
111.483
111.483
111.483
111.483
111.483
111.483
115.952
115.952
115.952
115.952
115.952
115.952
115.952
115.952
120.704
120.704
120.704
120.704
120.704
120.704
120.704
120.704
125.443
125.443
125.443
125.443
125.443
125.443
125.443
125.443
129.82
129.82
129.82
129.82
129.82
129.82
129.82
129.82
133.452
133.452
133.452
133.452
133.452
133.452
133.452
133.452
135.975
135.975
135.975
135.975
135.975
135.975
135.975
135.975
137.087
137.087
137.087
137.087
137.087
137.087
137.087
137.087
136.602
136.602
136.602
136.602
136.602
136.602
136.602
136.602
134.479
134.479
134.479
134.479
134.479
134.479
134.479
134.479
130.836
130.836
130.836
130.836
130.836
130.836
130.836
130.836
98.5507
98.5507
98.5507
98.5507
98.5507
98.5507
98.5507
98.5507
99.7303
99.7303
99.7303
99.7303
99.7303
99.7303
99.7303
99.7303
101.597
101.597
101.597
101.597
101.597
101.597
101.597
101.597
104.195
104.195
104.195
104.195
104.195
104.195
104.195
104.195
107.515
107.515
107.515
107.515
107.515
107.515
107.515
107.515
111.483
111.483
111.483
111.483
111.483
111.483
111.483
111.483
115.952
115.952
115.952
115.952
115.952
115.952
115.952
115.952
120.704
120.704
120.704
120.704
120.704
120.704
120.704
120.704
125.443
125.443
125.443
125.443
125.443
125.443
125.443
125.443
129.82
129.82
129.82
129.82
129.82
129.82
129.82
129.82
133.452
133.452
133.452
133.452
133.452
133.452
133.452
133.452
135.975
135.975
135.975
135.975
135.975
135.975
135.975
135.975
137.087
137.087
137.087
137.087
137.087
137.087
137.087
137.087
136.602
136.602
136.602
136.602
136.602
136.602
136.602
136.602
134.479
134.479
134.479
134.479
134.479
134.479
134.479
134.479
130.836
130.836
130.836
130.836
130.836
130.836
130.836
130.836
98.5507
98.5507
98.5507
98.5507
98.5507
98.5507
98.5507
98.5507
99.7303
99.7303
99.7303
99.7303
99.7303
99.7303
99.7303
99.7303
101.597
101.597
101.597
101.597
101.597
101.597
101.597
101.597
104.195
104.195
104.195
104.195
104.195
104.195
104.195
104.195
107.515
107.515
107.515
107.515
107.515
107.515
107.515
107.515
111.483
111.483
111.483
111.483
111.483
111.483
111.483
111.483
115.952
115.952
115.952
115.952
115.952
115.952
115.952
115.952
120.704
120.704
120.704
120.704
120.704
120.704
120.704
120.704
125.443
125.443
125.443
125.443
125.443
125.443
125.443
125.443
129.82
129.82
129.82
129.82
129.82
129.82
129.82
129.82
133.452
133.452
133.452
133.452
133.452
133.452
133.452
133.452
135.975
135.975
135.975
135.975
135.975
135.975
135.975
135.975
137.087
137.087
137.087
137.087
137.087
137.087
137.087
137.087
136.602
136.602
136.602
136.602
136.602
136.602
136.602
136.602
134.479
134.479
134.479
134.479
134.479
134.479
134.479
134.479
130.836
130.836
130.836
130.836
130.836
130.836
130.836
130.836
97.572
97.572
97.572
97.572
97.572
97.572
97.572
97.572
99.0299
99.0299
99.0299
99.0299
99.0299
99.0299
99.0299
99.0299
101.21
101.21
101.21
101.21
101.21
101.21
101.21
101.21
104.182
104.182
104.182
104.182
104.182
104.182
104.182
104.182
107.958
107.958
107.958
107.958
107.958
107.958
107.958
107.958
112.487
112.487
112.487
112.487
112.487
112.487
112.487
112.487
117.641
117.641
117.641
117.641
117.641
117.641
117.641
117.641
123.211
123.211
123.211
123.211
123.211
123.211
123.211
123.211
128.899
128.899
128.899
128.899
128.899
128.899
128.899
128.899
134.334
134.334
134.334
134.334
134.334
134.334
134.334
134.334
139.094
139.094
139.094
139.094
139.094
139.094
139.094
139.094
142.753
142.753
142.753
142.753
142.753
142.753
142.753
142.753
144.936
144.936
144.936
144.936
144.936
144.936
144.936
144.936
145.379
145.379
145.379
145.379
145.379
145.379
145.379
145.379
143.973
143.973
143.973
143.973
143.973
143.973
143.973
143.973
140.789
140.789
140.789
140.789
140.789
140.789
140.789
140.789
97.572
97.572
97.572
97.572
97.572
97.572
97.572
97.572
99.0299
99.0299
99.0299
99.0299
99.0299
99.0299
99.0299
99.0299
101.21
101.21
101.21
101.21
101.21
101.21
101.21
101.21
104.182
104.182
104.182
104.182
104.182
104.182
104.182
104.182
107.958
107.958
107.958
107.958
107.958
107.958
107.958
107.958
112.487
112.487
112.487
112.487
112.487
112.487
112.487
112.487
117.641
117.641
117.641
117.641
117.641
117.641
117.641
117.641
123.211
123.211
123.211
123.211
123.211
123.211
123.211
123.211
128.899
128.899
128.899
128.899
128.899
128.899
128.899
128.899
134.334
134.334
134.334
134.334
134.334
134.334
134.334
134.334
139.094
139.094
139.094
139.094
139.094
139.094
139.094
139.094
142.753
142.753
142.753
142.753
142.753
142.753
142.753
142.753
144.936
144.936
144.936
144.936
144.936
144.936
144.936
144.936
145.379
145.379
145.379
145.379
145.379
145.379
145.379
145.379
143.973
143.973
143.973
143.973
143.973
143.973
143.973
143.973
140.789
140.789
140.789
140.789
140.789
140.789
140.789
140.789
97.572
97.572
97.572
97.572
97.572
97.572
97.572
97.572
99.0299
99.0299
99.0299
99.0299
99.0299
99.0299
99.0299
99.0299
101.21
101.21
101.21
101.21
101.21
101.21
101.21
101.21
104.182
104.182
104.182
104.182
104.182
104.182
104.182
104.182
107.958
107.958
107.958
107.958
107.958
107.958
107.958
107.958
112.487
112.487
112.487
112.487
112.487
112.487
112.487
112.487
117.641
117.641
117.641
117.641
117.641
117.641
117.641
117.641
123.211
123.211
123.211
123.211
123.211
123.211
123.211
123.211
128.899
128.899
128.899
128.899
128.899
128.899
128.899
128.899
134.334
134.334
134.334
134.334
134.334
134.334
134.334
134.334
139.094
139.094
139.094
139.094
139.094
139.094
139.094
139.094
142.753
142.753
142.753
142.753
142.753
142.753
142.753
142.753
144.936
144.936
144.936
144.936
144.936
144.936
144.936
144.936
145.379
145.379
145.379
145.379
145.379
145.379
145.379
145.379
143.973
143.973
143.973
143.973
143.973
143.973
143.973
143.973
140.789
140.789
140.789
140.789
140.789
140.789
140.789
140.789
97.572
97.572
97.572
97.572
97.572
97.572
97.572
97.572
99.0299
99.0299
99.0299
99.0299
99.0299
99.0299
99.0299
99.0299
101.21
101.21
101.21
101.21
101.21
101.21
101.21
101.21
104.182
104.182
104.182
104.182
104.182
104.182
104.182
104.182
107.958
107.958
107.958
107.958
107.958
107.958
107.958
107.958
112.487
112.487
112.487
112.487
112.487
112.487
112.487
112.487
117.641
117.641
117.641
117.641
117.641
117.641
117.641
117.641
123.211
123.211
123.211
123.211
123.211
123.211
123.211
123.211
128.899
128.899
128.899
128.899
128.899
128.899
128.899
128.899
134.334
134.334
134.334
134.334
134.334
134.334
134.334
134.334
139.094
139.094
139.094
139.094
139.094
139.094
139.094
139.094
142.753
142.753
142.753
142.753
142.753
142.753
142.753
142.753
144.936
144.936
144.936
144.936
144.936
144.936
144.936
144.936
145.379
145.379
145.379
145.379
145.379
145.379
145.379
145.379
143.973
143.973
143.973
143.973
143.973
143.973
143.973
143.973
140.789
140.789
140.789
140.789
140.789
140.789
140.789
140.789
95.048
95.048
95.048
95.048
95.048
95.048
95.048
95.048
96.6209
96.6209
96.6209
96.6209
96.6209
96.6209
96.6209
96.6209
98.9239
98.9239
98.9239
98.9239
98.9239
98.9239
98.9239
98.9239
102.046
102.046
102.046
102.046
102.046
102.046
102.046
102.046
106.025
106.025
106.025
106.025
106.025
106.025
106.025
106.025
110.831
110.831
110.831
110.831
110.831
110.831
110.831
110.831
116.363
116.363
116.363
116.363
116.363
116.363
116.363
116.363
122.429
122.429
122.429
122.429
122.429
122.429
122.429
122.429
128.746
128.746
128.746
128.746
128.746
128.746
128.746
128.746
134.939
134.939
134.939
134.939
134.939
134.939
134.939
134.939
140.568
140.568
140.568
140.568
140.568
140.568
140.568
140.568
145.169
145.169
145.169
145.169
145.169
145.169
145.169
145.169
148.308
148.308
148.308
148.308
148.308
148.308
148.308
148.308
149.651
149.651
149.651
149.651
149.651
149.651
149.651
149.651
149.021
149.021
149.021
149.021
149.021
149.021
149.021
149.021
146.43
146.43
146.43
146.43
146.43
146.43
146.43
146.43
95.048
95.048
95.048
95.048
95.048
95.048
95.048
95.048
96.6209
96.6209
96.6209
96.6209
96.6209
96.6209
96.6209
96.6209
98.9239
98.9239
98.9239
98.9239
98.9239
98.9239
98.9239
98.9239
102.046
102.046
102.046
102.046
102.046
102.046
102.046
102.046
106.025
106.025
106.025
106.025
106.025
106.025
106.025
106.025
110.831
110.831
110.831
110.831
110.831
110.831
110.831
110.831
116.363
116.363
116.363
116.363
116.363
116.363
116.363
116.363
122.429
122.429
122.429
122.429
122.429
122.429
122.429
122.429
128.746
128.746
128.746
128.746
128.746
128.746
128.746
128.746
134.939
134.939
134.939
134.939
134.939
134.939
134.939
134.939
140.568
140.568
140.568
140.568
140.568
140.568
140.568
140.568
145.169
145.169
145.169
145.169
145.169
145.169
145.169
145.169
148.308
148.308
148.308
148.308
148.308
148.308
148.308
148.308
149.651
149.651
149.651
149.651
149.651
149.651
149.651
149.651
149.021
149.021
149.021
149.021
149.021
149.021
149.021
149.021
146.43
146.43
146.43
146.43
146.43
146.43
146.43
146.43
95.048
95.048
95.048
95.048
95.048
95.048
95.048
95.048
96.6209
96.6209
96.6209
96.6209
96.6209
96.6209
96.6209
96.6209
98.9239
98.9239
98.9239
98.9239
98.9239
98.9239
98.9239
98.9239
102.046
102.046
102.046
102.046
102.046
102.046
102.046
102.046
106.025
106.025
106.025
106.025
106.025
106.025
106.025
106.025
110.831
110.831
110.831
110.831
110.831
110.831
110.831
110.831
116.363
116.363
116.363
116.363
116.363
116.363
116.363
116.363
122.429
122.429
122.429
122.429
122.429
122.429
122.429
122.429
128.746
128.746
128.746
128.746
128.746
128.746
128.746
128.746
134.939
134.939
134.939
134.939
134.939
134.939
134.939
134.939
140.568
140.568
140.568
140.568
140.568
140.568
140.568
140.568
145.169
145.169
145.169
145.169
145.169
145.169
145.169
145.169
148.308
148.308
148.308
148.308
148.308
148.308
148.308
148.308
149.651
149.651
149.651
149.651
149.651
149.651
149.651
149.651
149.021
149.021
149.021
149.021
149.021
149.021
149.021
149.021
146.43
146.43
146.43
146.43
146.43
146.43
146.43
146.43
95.048
95.048
95.048
95.048
95.048
95.048
95.048
95.048
96.6209
96.6209
96.6209
96.6209
96.6209
96.6209
96.6209
96.6209
98.9239
98.9239
98.9239
98.9239
98.9239
98.9239
98.9239
98.9239
102.046
102.046
102.046
102.046
102.046
102.046
102.046
102.046
106.025
106.025
106.025
106.025
106.025
106.025
106.025
106.025
110.831
110.831
110.831
110.831
110.831
110.831
110.831
110.831
116.363
116.363
116.363
116.363
116.363
116.363
116.363
116.363
122.429
122.429
122.429
122.429
122.429
122.429
122.429
122.429
128.746
128.746
128.746
128.746
128.746
128.746
128.746
128.746
134.939
134.939
134.939
134.939
134.939
134.939
134.939
134.939
140.568
140.568
140.568
140.568
140.568
140.568
140.568
140.568
145.169
145.169
145.169
145.169
145.169
145.169
145.169
145.169
148.308
148.308
148.308
148.308
148.308
148.308
148.308
148.308
149.651
149.651
149.651
149.651
149.651
149.651
149.651
149.651
149.021
149.021
149.021
149.021
149.021
149.021
149.021
149.021
146.43
146.43
146.43
146.43
146.43
146.43
146.43
146.43
91.1436
91.1436
91.1436
91.1436
91.1436
91.1436
91.1436
91.1436
92.6686
92.6686
92.6686
92.6686
92.6686
92.6686
92.6686
92.6686
94.9022
94.9022
94.9022
94.9022
94.9022
94.9022
94.9022
94.9022
97.9491
97.9491
97.9491
97.9491
97.9491
97.9491
97.9491
97.9491
101.866
101.866
101.866
101.866
101.866
101.866
101.866
101.866
106.647
106.647
106.647
106.647
106.647
106.647
106.647
106.647
112.216
112.216
112.216
112.216
112.216
112.216
112.216
112.216
118.409
118.409
118.409
118.409
118.409
118.409
118.409
118.409
124.965
124.965
124.965
124.965
124.965
124.965
124.965
124.965
131.529
131.529
131.529
131.529
131.529
131.529
131.529
131.529
137.663
137.663
137.663
137.663
137.663
137.663
137.663
137.663
142.89
142.89
142.89
142.89
142.89
142.89
142.89
142.89
146.742
146.742
146.742
146.742
146.742
146.742
146.742
146.742
148.836
148.836
148.836
148.836
148.836
148.836
148.836
148.836
148.934
148.934
148.934
148.934
148.934
148.934
148.934
148.934
146.985
146.985
146.985
146.985
146.985
146.985
146.985
146.985
91.1436
91.1436
91.1436
91.1436
91.1436
91.1436
91.1436
91.1436
92.6686
92.6686
92.6686
92.6686
92.6686
92.6686
92.6686
92.6686
94.9022
94.9022
94.9022
94.9022
94.9022
94.9022
94.9022
94.9022
97.9491
97.9491
97.9491
97.9491
97.9491
97.9491
97.9491
97.9491
101.866
101.866
101.866
101.866
101.866
101.866
101.866
101.866
106.647
106.647
106.647
106.647
106.647
106.647
106.647
106.647
112.216
112.216
112.216
112.216
112.216
112.216
112.216
112.216
118.409
118.409
118.409
118.409
118.409
118.409
118.409
118.409
124.965
124.965
124.965
124.965
124.965
124.965
124.965
124.965
131.529
131.529
131.529
131.529
131.529
131.529
131.529
131.529
137.663
137.663
137.663
137.663
137.663
137.663
137.663
137.663
142.89
142.89
142.89
142.89
142.89
142.89
142.89
142.89
146.742
146.742
146.742
146.742
146.742
146.742
146.742
146.742
148.836
148.836
148.836
148.836
148.836
148.836
148.836
148.836
148.934
148.934
148.934
148.934
148.934
148.934
148.934
148.934
146.985
146.985
146.985
146.985
146.985
146.985
146.985
146.985
91.1436
91.1436
91.1436
91.1436
91.1436
91.1436
91.1436
91.1436
92.6686
92.6686
92.6686
92.6686
92.6686
92.6686
92.6686
92.6686
94.9022
94.9022
94.9022
94.9022
94.9022
94.9022
94.9022
94.9022
97.9491
97.9491
97.9491
97.9491
97.9491
97.9491
97.9491
97.9491
101.866
101.866
101.866
101.866
101.866
101.866
101.866
101.866
106.647
106.647
106.647
106.647
106.647
106.647
106.647
106.647
112.216
112.216
112.216
112.216
112.216
112.216
112.216
112.216
118.409
118.409
118.409
118.409
118.409
118.409
118.409
118.409
124.965
124.965
124.965
124.965
124.965
124.965
124.965
124.965
131.529
131.529
131.529
131.529
131.529
131.529
131.529
131.529
137.663
137.663
137.663
137.663
137.663
137.663
137.663
137.663
142.89
142.89
142.89
142.89
142.89
142.89
142.89
142.89
146.742
146.742
146.742
146.742
146.742
146.742
146.742
146.742
148.836
148.836
148.836
148.836
148.836
148.836
148.836
148.836
148.934
148.934
148.934
148.934
148.934
148.934
148.934
148.934
146.985
146.985
146.985
146.985
146.985
146.985
146.985
146.985
91.1436
91.1436
91.1436
91.1436
91.1436
91.1436
91.1436
91.1436
92.6686
92.6686
92.6686
92.6686
92.6686
92.6686
92.6686
92.6686
94.9022
94.9022
94.9022
94.9022
94.9022
94.9022
94.9022
94.9022
97.9491
97.9491
97.9491
97.9491
97.9491
97.9491
97.9491
97.9491
101.866
101.866
101.866
101.866
101.866
101.866
101.866
101.866
106.647
106.647
106.647
106.647
106.647
106.647
106.647
106.647
112.216
112.216
112.216
112.216
112.216
112.216
112.216
112.216
118.409
118.409
118.409
118.409
118.409
118.409
118.409
118.409
124.965
124.965
124.965
124.965
124.965
124.965
124.965
124.965
131.529
131.529
131.529
131.529
131.529
131.529
131.529
131.529
137.663
137.663
137.663
137.663
137.663
137.663
137.663
137.663
142.89
142.89
142.89
142.89
142.89
142.89
142.89
142.89
146.742
146.742
146.742
146.742
146.742
146.742
146.742
146.742
148.836
148.836
148.836
148.836
148.836
148.836
148.836
148.836
148.934
148.934
148.934
148.934
148.934
148.934
148.934
148.934
146.985
146.985
146.985
146.985
146.985
146.985
146.985
146.985
86.1488
86.1488
86.1488
86.1488
86.1488
86.1488
86.1488
86.1488
87.4894
87.4894
87.4894
87.4894
87.4894
87.4894
87.4894
87.4894
89.4896
89.4896
89.4896
89.4896
89.4896
89.4896
89.4896
89.4896
92.267
92.267
92.267
92.267
92.267
92.267
92.267
92.267
95.8912
95.8912
95.8912
95.8912
95.8912
95.8912
95.8912
95.8912
100.377
100.377
100.377
100.377
100.377
100.377
100.377
100.377
105.671
105.671
105.671
105.671
105.671
105.671
105.671
105.671
111.639
111.639
111.639
111.639
111.639
111.639
111.639
111.639
118.053
118.053
118.053
118.053
118.053
118.053
118.053
118.053
124.588
124.588
124.588
124.588
124.588
124.588
124.588
124.588
130.831
130.831
130.831
130.831
130.831
130.831
130.831
130.831
136.315
136.315
136.315
136.315
136.315
136.315
136.315
136.315
140.567
140.567
140.567
140.567
140.567
140.567
140.567
140.567
143.178
143.178
143.178
143.178
143.178
143.178
143.178
143.178
143.865
143.865
143.865
143.865
143.865
143.865
143.865
143.865
142.527
142.527
142.527
142.527
142.527
142.527
142.527
142.527
86.1488
86.1488
86.1488
86.1488
86.1488
86.1488
86.1488
86.1488
87.4894
87.4894
87.4894
87.4894
87.4894
87.4894
87.4894
87.4894
89.4896
89.4896
89.4896
89.4896
89.4896
89.4896
89.4896
89.4896
92.267
92.267
92.267
92.267
92.267
92.267
92.267
92.267
95.8912
95.8912
95.8912
95.8912
95.8912
95.8912
95.8912
95.8912
100.377
100.377
100.377
100.377
100.377
100.377
100.377
100.377
105.671
105.671
105.671
105.671
105.671
105.671
105.671
105.671
111.639
111.639
111.639
111.639
111.639
111.639
111.639
111.639
118.053
118.053
118.053
118.053
118.053
118.053
118.053
118.053
124.588
124.588
124.588
124.588
124.588
124.588
124.588
124.588
130.831
130.831
130.831
130.831
130.831
130.831
130.831
130.831
136.315
136.315
136.315
136.315
136.315
136.315
136.315
136.315
140.567
140.567
140.567
140.567
140.567
140.567
140.567
140.567
143.178
143.178
143.178
143.178
143.178
143.178
143.178
143.178
143.865
143.865
143.865
143.865
143.865
143.865
143.865
143.865
142.527
142.527
142.527
142.527
142.527
142.527
142.527
142.527
86.1488
86.1488
86.1488
86.1488
86.1488
86.1488
86.1488
86.1488
87.4894
87.4894
87.4894
87.4894
87.4894
87.4894
87.4894
87.4894
89.4896
89.4896
89.4896
89.4896
89.4896
89.4896
89.4896
89.4896
92.267
92.267
92.267
92.267
92.267
92.267
92.267
92.267
95.8912
95.8912
95.8912
95.8912
95.8912
95.8912
95.8912
95.8912
100.377
100.377
100.377
100.377
100.377
100.377
100.377
100.377
105.671
105.671
105.671
105.671
105.671
105.671
105.671
105.671
111.639
111.639
111.639
111.639
111.639
111.639
111.639
111.639
118.053
118.053
118.053
118.053
118.053
118.053
118.053
118.053
124.588
124.588
124.588
124.588
124.588
124.588
124.588
124.588
130.831
130.831
130.831
130.831
130.831
130.831
130.831
130.831
136.315
136.315
136.315
136.315
136.315
136.315
136.315
136.315
140.567
140.567
140.567
140.567
140.567
140.567
140.567
140.567
143.178
143.178
143.178
143.178
143.178
143.178
143.178
143.178
143.865
143.865
143.865
143.865
143.865
143.865
143.865
143.865
142.527
142.527
142.527
142.527
142.527
142.527
142.527
142.527
86.1488
86.1488
86.1488
86.1488
86.1488
86.1488
86.1488
86.1488
87.4894
87.4894
87.4894
87.4894
87.4894
87.4894
87.4894
87.4894
89.4896
89.4896
89.4896
89.4896
89.4896
89.4896
89.4896
89.4896
92.267
92.267
92.267
92.267
92.267
92.267
92.267
92.267
95.8912
95.8912
95.8912
95.8912
95.8912
95.8912
95.8912
95.8912
100.377
100.377
100.377
100.377
100.377
100.377
100.377
100.377
105.671
105.671
105.671
105.671
105.671
105.671
105.671
105.671
111.639
111.639
111.639
111.639
111.639
111.639
111.639
111.639
118.053
118.053
118.053
118.053
118.053
118.053
118.053
118.053
124.588
124.588
124.588
124.588
124.588
124.588
124.588
124.588
130.831
130.831
130.831
130.831
130.831
130.831
130.831
130.831
136.315
136.315
136.315
136.315
136.315
136.315
136.315
136.315
140.567
140.567
140.567
140.567
140.567
140.567
140.567
140.567
143.178
143.178
143.178
143.178
143.178
143.178
143.178
143.178
143.865
143.865
143.865
143.865
143.865
143.865
143.865
143.865
142.527
142.527
142.527
142.527
142.527
142.527
142.527
142.527
80.4262
80.4262
80.4262
80.4262
80.4262
80.4262
80.4262
80.4262
81.4862
81.4862
81.4862
81.4862
81.4862
81.4862
81.4862
81.4862
83.1405
83.1405
83.1405
83.1405
83.1405
83.1405
83.1405
83.1405
85.5114
85.5114
85.5114
85.5114
85.5114
85.5114
85.5114
85.5114
88.6779
88.6779
88.6779
88.6779
88.6779
88.6779
88.6779
88.6779
92.669
92.669
92.669
92.669
92.669
92.669
92.669
92.669
97.4521
97.4521
97.4521
97.4521
97.4521
97.4521
97.4521
97.4521
102.921
102.921
102.921
102.921
102.921
102.921
102.921
102.921
108.883
108.883
108.883
108.883
108.883
108.883
108.883
108.883
115.051
115.051
115.051
115.051
115.051
115.051
115.051
115.051
121.051
121.051
121.051
121.051
121.051
121.051
121.051
121.051
126.447
126.447
126.447
126.447
126.447
126.447
126.447
126.447
130.784
130.784
130.784
130.784
130.784
130.784
130.784
130.784
133.651
133.651
133.651
133.651
133.651
133.651
133.651
133.651
134.743
134.743
134.743
134.743
134.743
134.743
134.743
134.743
133.919
133.919
133.919
133.919
133.919
133.919
133.919
133.919
80.4262
80.4262
80.4262
80.4262
80.4262
80.4262
80.4262
80.4262
81.4862
81.4862
81.4862
81.4862
81.4862
81.4862
81.4862
81.4862
83.1405
83.1405
83.1405
83.1405
83.1405
83.1405
83.1405
83.1405
85.5114
85.5114
85.5114
85.5114
85.5114
85.5114
85.5114
85.5114
88.6779
88.6779
88.6779
88.6779
88.6779
88.6779
88.6779
88.6779
92.669
92.669
92.669
92.669
92.669
92.669
92.669
92.669
97.4521
97.4521
97.4521
97.4521
97.4521
97.4521
97.4521
97.4521
102.921
102.921
102.921
102.921
102.921
102.921
102.921
102.921
108.883
108.883
108.883
108.883
108.883
108.883
108.883
108.883
115.051
115.051
115.051
115.051
115.051
115.051
115.051
115.051
121.051
121.051
121.051
121.051
121.051
121.051
121.051
121.051
126.447
126.447
126.447
126.447
126.447
126.447
126.447
126.447
130.784
130.784
130.784
130.784
130.784
130.784
130.784
130.784
133.651
133.651
133.651
133.651
133.651
133.651
133.651
133.651
134.743
134.743
134.743
134.743
134.743
134.743
134.743
134.743
133.919
133.919
133.919
133.919
133.919
133.919
133.919
133.919
80.4262
80.4262
80.4262
80.4262
80.4262
80.4262
80.4262
80.4262
81.4862
81.4862
81.4862
81.4862
81.4862
81.4862
81.4862
81.4862
83.1405
83.1405
83.1405
83.1405
83.1405
83.1405
83.1405
83.1405
85.5114
85.5114
85.5114
85.5114
85.5114
85.5114
85.5114
85.5114
88.6779
88.6779
88.6779
88.6779
88.6779
88.6779
88.6779
88.6779
92.669
92.669
92.669
92.669
92.669
92.669
92.669
92.669
97.4521
97.4521
97.4521
97.4521
97.4521
97.4521
97.4521
97.4521
102.921
102.921
102.921
102.921
102.921
102.921
102.921
102.921
108.883
108.883
108.883
108.883
108.883
108.883
108.883
108.883
115.051
115.051
115.051
115.051
115.051
115.051
115.051
115.051
121.051
121.051
121.051
121.051
121.051
121.051
121.051
121.051
126.447
126.447
126.447
126.447
126.447
126.447
126.447
126.447
130.784
130.784
130.784
130.784
130.784
130.784
130.784
130.784
133.651
133.651
133.651
133.651
133.651
133.651
133.651
133.651
134.743
134.743
134.743
134.743
134.743
134.743
134.743
134.743
133.919
133.919
133.919
133.919
133.919
133.919
133.919
133.919
80.4262
80.4262
80.4262
80.4262
80.4262
80.4262
80.4262
80.4262
81.4862
81.4862
81.4862
81.4862
81.4862
81.4862
81.4862
81.4862
83.1405
83.1405
83.1405
83.1405
83.1405
83.1405
83.1405
83.1405
85.5114
85.5114
85.5114
85.5114
85.5114
85.5114
85.5114
85.5114
88.6779
88.6779
88.6779
88.6779
88.6779
88.6779
88.6779
88.6779
92.669
92.669
92.669
92.669
92.669
92.669
92.669
92.669
97.4521
97.4521
97.4521
97.4521
97.4521
97.4521
97.4521
97.4521
102.921
102.921
102.921
102.921
102.921
102.921
102.921
102.921
108.883
108.883
108.883
108.883
108.883
108.883
108.883
108.883
115.051
115.051
115.051
115.051
115.051
115.051
115.051
115.051
121.051
121.051
121.051
121.051
121.051
121.051
121.051
121.051
126.447
126.447
126.447
126.447
126.447
126.447
126.447
126.447
130.784
130.784
130.784
130.784
130.784
130.784
130.784
130.784
133.651
133.651
133.651
133.651
133.651
133.651
133.651
133.651
134.743
134.743
134.743
134.743
134.743
134.743
134.743
134.743
133.919
133.919
133.919
133.919
133.919
133.919
133.919
133.919
74.3471
74.3471
74.3471
74.3471
74.3471
74.3471
74.3471
74.3471
75.0802
75.0802
75.0802
75.0802
75.0802
75.0802
75.0802
75.0802
76.3329
76.3329
76.3329
76.3329
76.3329
76.3329
76.3329
76.3329
78.2283
78.2283
78.2283
78.2283
78.2283
78.2283
78.2283
78.2283
80.8503
80.8503
80.8503
80.8503
80.8503
80.8503
80.8503
80.8503
84.2366
84.2366
84.2366
84.2366
84.2366
84.2366
84.2366
84.2366
88.3722
88.3722
88.3722
88.3722
88.3722
88.3722
88.3722
88.3722
93.1744
93.1744
93.1744
93.1744
93.1744
93.1744
93.1744
93.1744
98.4838
98.4838
98.4838
98.4838
98.4838
98.4838
98.4838
98.4838
104.055
104.055
104.055
104.055
104.055
104.055
104.055
104.055
109.56
109.56
109.56
109.56
109.56
109.56
109.56
109.56
114.607
114.607
114.607
114.607
114.607
114.607
114.607
114.607
118.773
118.773
118.773
118.773
118.773
118.773
118.773
118.773
121.665
121.665
121.665
121.665
121.665
121.665
121.665
121.665
122.977
122.977
122.977
122.977
122.977
122.977
122.977
122.977
122.544
122.544
122.544
122.544
122.544
122.544
122.544
122.544
74.3471
74.3471
74.3471
74.3471
74.3471
74.3471
74.3471
74.3471
75.0802
75.0802
75.0802
75.0802
75.0802
75.0802
75.0802
75.0802
76.3329
76.3329
76.3329
76.3329
76.3329
76.3329
76.3329
76.3329
78.2283
78.2283
78.2283
78.2283
78.2283
78.2283
78.2283
78.2283
80.8503
80.8503
80.8503
80.8503
80.8503
80.8503
80.8503
80.8503
84.2366
84.2366
84.2366
84.2366
84.2366
84.2366
84.2366
84.2366
88.3722
88.3722
88.3722
88.3722
88.3722
88.3722
88.3722
88.3722
93.1744
93.1744
93.1744
93.1744
93.1744
93.1744
93.1744
93.1744
98.4838
98.4838
98.4838
98.4838
98.4838
98.4838
98.4838
98.4838
104.055
104.055
104.055
104.055
104.055
104.055
104.055
104.055
109.56
109.56
109.56
109.56
109.56
109.56
109.56
109.56
114.607
114.607
114.607
114.607
114.607
114.607
114.607
114.607
118.773
118.773
118.773
118.773
118.773
118.773
118.773
118.773
121.665
121.665
121.665
121.665
121.665
121.665
121.665
121.665
122.977
122.977
122.977
122.977
122.977
122.977
122.977
122.977
122.544
122.544
122.544
122.544
122.544
122.544
122.544
122.544
74.3471
74.3471
74.3471
74.3471
74.3471
74.3471
74.3471
74.3471
75.0802
75.0802
75.0802
75.0802
75.0802
75.0802
75.0802
75.0802
76.3329
76.3329
76.3329
76.3329
76.3329
76.3329
76.3329
76.3329
78.2283
78.2283
78.2283
78.2283
78.2283
78.2283
78.2283
78.2283
80.8503
80.8503
80.8503
80.8503
80.8503
80.8503
80.8503
80.8503
84.2366
84.2366
84.2366
84.2366
84.2366
84.2366
84.2366
84.2366
88.3722
88.3722
88.3722
88.3722
88.3722
88.3722
88.3722
88.3722
93.1744
93.1744
93.1744
93.1744
93.1744
93.1744
93.1744
93.1744
98.4838
98.4838
98.4838
98.4838
98.4838
98.4838
98.4838
98.4838
104.055
104.055
104.055
104.055
104.055
104.055
104.055
104.055
109.56
109.56
109.56
109.56
109.56
109.56
109.56
109.56
114.607
114.607
114.607
114.607
114.607
114.607
114.607
114.607
118.773
118.773
118.773
118.773
118.773
118.773
118.773
118.773
121.665
121.665
121.665
121.665
121.665
121.665
121.665
121.665
122.977
122.977
122.977
122.977
122.977
122.977
122.977
122.977
122.544
122.544
122.544
122.544
122.544
122.544
122.544
122.544
74.3471
74.3471
74.3471
74.3471
74.3471
74.3471
74.3471
74.3471
75.0802
75.0802
75.0802
75.0802
75.0802
75.0802
75.0802
75.0802
76.3329
76.3329
76.3329
76.3329
76.3329
76.3329
76.3329
76.3329
78.2283
78.2283
78.2283
78.2283
78.2283
78.2283
78.2283
78.2283
80.8503
80.8503
80.8503
80.8503
80.8503
80.8503
80.8503
80.8503
84.2366
84.2366
84.2366
84.2366
84.2366
84.2366
84.2366
84.2366
88.3722
88.3722
88.3722
88.3722
88.3722
88.3722
88.3722
88.3722
93.1744
93.1744
93.1744
93.1744
93.1744
93.1744
93.1744
93.1744
98.4838
98.4838
98.4838
98.4838
98.4838
98.4838
98.4838
98.4838
104.055
104.055
104.055
104.055
104.055
104.055
104.055
104.055
109.56
109.56
109.56
109.56
109.56
109.56
109.56
109.56
114.607
114.607
114.607
114.607
114.607
114.607
114.607
114.607
118.773
118.773
118.773
118.773
118.773
118.773
118.773
118.773
121.665
121.665
121.665
121.665
121.665
121.665
121.665
121.665
122.977
122.977
122.977
122.977
122.977
122.977
122.977
122.977
122.544
122.544
122.544
122.544
122.544
122.544
122.544
122.544
