8192
16.2334
16.2334
16.2334
16.2334
16.2334
16.2334
16.2334
16.2334
15.5105
15.5105
15.5105
15.5105
15.5105
15.5105
15.5105
15.5105
14.5618
14.5618
14.5618
14.5618
14.5618
14.5618
14.5618
14.5618
13.445
13.445
13.445
13.445
13.445
13.445
13.445
13.445
12.2416
12.2416
12.2416
12.2416
12.2416
12.2416
12.2416
12.2416
11.0353
11.0353
11.0353
11.0353
11.0353
11.0353
11.0353
11.0353
9.89596
9.89596
9.89596
9.89596
9.89596
9.89596
9.89596
9.89596
8.87324
8.87324
8.87324
8.87324
8.87324
8.87324
8.87324
8.87324
7.99548
7.99548
7.99548
7.99548
7.99548
7.99548
7.99548
7.99548
7.27325
7.27325
7.27325
7.27325
7.27325
7.27325
7.27325
7.27325
6.70473
6.70473
6.70473
6.70473
6.70473
6.70473
6.70473
6.70473
6.28055
6.28055
6.28055
6.28055
6.28055
6.28055
6.28055
6.28055
5.98764
5.98764
5.98764
5.98764
5.98764
5.98764
5.98764
5.98764
5.8115
5.8115
5.8115
5.8115
5.8115
5.8115
5.8115
5.8115
5.73723
5.73723
5.73723
5.73723
5.73723
5.73723
5.73723
5.73723
5.74953
5.74953
5.74953
5.74953
5.74953
5.74953
5.74953
5.74953
16.2334
16.2334
16.2334
16.2334
16.2334
16.2334
16.2334
16.2334
15.5105
15.5105
15.5105
15.5105
15.5105
15.5105
15.5105
15.5105
14.5618
14.5618
14.5618
14.5618
14.5618
14.5618
14.5618
14.5618
13.445
13.445
13.445
13.445
13.445
13.445
13.445
13.445
12.2416
12.2416
12.2416
12.2416
12.2416
12.2416
12.2416
12.2416
11.0353
11.0353
11.0353
11.0353
11.0353
11.0353
11.0353
11.0353
9.89596
9.89596
9.89596
9.89596
9.89596
9.89596
9.89596
9.89596
8.87324
8.87324
8.87324
8.87324
8.87324
8.87324
8.87324
8.87324
7.99548
7.99548
7.99548
7.99548
7.99548
7.99548
7.99548
7.99548
7.27325
7.27325
7.27325
7.27325
7.27325
7.27325
7.27325
7.27325
6.70473
6.70473
6.70473
6.70473
6.70473
6.70473
6.70473
6.70473
6.28055
6.28055
6.28055
6.28055
6.28055
6.28055
6.28055
6.28055
5.98764
5.98764
5.98764
5.98764
5.98764
5.98764
5.98764
5.98764
5.8115
5.8115
5.8115
5.8115
5.8115
5.8115
5.8115
5.8115
5.73723
5.73723
5.73723
5.73723
5.73723
5.73723
5.73723
5.73723
5.74953
5.74953
5.74953
5.74953
5.74953
5.74953
5.74953
5.74953
16.2334
16.2334
16.2334
16.2334
16.2334
16.2334
16.2334
16.2334
15.5105
15.5105
15.5105
15.5105
15.5105
15.5105
15.5105
15.5105
14.5618
14.5618
14.5618
14.5618
14.5618
14.5618
14.5618
14.5618
13.445
13.445
13.445
13.445
13.445
13.445
13.445
13.445
12.2416
12.2416
12.2416
12.2416
12.2416
12.2416
12.2416
12.2416
11.0353
11.0353
11.0353
11.0353
11.0353
11.0353
11.0353
11.0353
9.89596
9.89596
9.89596
9.89596
9.89596
9.89596
9.89596
9.89596
8.87324
8.87324
8.87324
8.87324
8.87324
8.87324
8.87324
8.87324
7.99548
7.99548
7.99548
7.99548
7.99548
7.99548
7.99548
7.99548
7.27325
7.27325
7.27325
7.27325
7.27325
7.27325
7.27325
7.27325
6.70473
6.70473
6.70473
6.70473
6.70473
6.70473
6.70473
6.70473
6.28055
6.28055
6.28055
6.28055
6.28055
6.28055
6.28055
6.28055
5.98764
5.98764
5.98764
5.98764
5.98764
5.98764
5.98764
5.98764
5.8115
5.8115
5.8115
5.8115
5.8115
5.8115
5.8115
5.8115
5.73723
5.73723
5.73723
5.73723
5.73723
5.73723
5.73723
5.73723
5.74953
5.74953
5.74953
5.74953
5.74953
5.74953
5.74953
5.74953
16.2334
16.2334
16.2334
16.2334
16.2334
16.2334
16.2334
16.2334
15.5105
15.5105
15.5105
15.5105
15.5105
15.5105
15.5105
15.5105
14.5618
14.5618
14.5618
14.5618
14.5618
14.5618
14.5618
14.5618
13.445
13.445
13.445
13.445
13.445
13.445
13.445
13.445
12.2416
12.2416
12.2416
12.2416
12.2416
12.2416
12.2416
12.2416
11.0353
11.0353
11.0353
11.0353
11.0353
11.0353
11.0353
11.0353
9.89596
9.89596
9.89596
9.89596
9.89596
9.89596
9.89596
9.89596
8.87324
8.87324
8.87324
8.87324
8.87324
8.87324
8.87324
8.87324
7.99548
7.99548
7.99548
7.99548
7.99548
7.99548
7.99548
7.99548
7.27325
7.27325
7.27325
7.27325
7.27325
7.27325
7.27325
7.27325
6.70473
6.70473
6.70473
6.70473
6.70473
6.70473
6.70473
6.70473
6.28055
6.28055
6.28055
6.28055
6.28055
6.28055
6.28055
6.28055
5.98764
5.98764
5.98764
5.98764
5.98764
5.98764
5.98764
5.98764
5.8115
5.8115
5.8115
5.8115
5.8115
5.8115
5.8115
5.8115
5.73723
5.73723
5.73723
5.73723
5.73723
5.73723
5.73723
5.73723
5.74953
5.74953
5.74953
5.74953
5.74953
5.74953
5.74953
5.74953
16.6003
16.6003
16.6003
16.6003
16.6003
16.6003
16.6003
16.6003
15.9063
15.9063
15.9063
15.9063
15.9063
15.9063
15.9063
15.9063
14.9751
14.9751
14.9751
14.9751
14.9751
14.9751
14.9751
14.9751
13.8629
13.8629
13.8629
13.8629
13.8629
13.8629
13.8629
13.8629
12.6518
12.6518
12.6518
12.6518
12.6518
12.6518
12.6518
12.6518
11.4272
11.4272
11.4272
11.4272
11.4272
11.4272
11.4272
11.4272
10.2619
10.2619
10.2619
10.2619
10.2619
10.2619
10.2619
10.2619
9.20827
9.20827
9.20827
9.20827
9.20827
9.20827
9.20827
9.20827
8.29708
8.29708
8.29708
8.29708
8.29708
8.29708
8.29708
8.29708
7.5406
7.5406
7.5406
7.5406
7.5406
7.5406
7.5406
7.5406
6.93798
6.93798
6.93798
6.93798
6.93798
6.93798
6.93798
6.93798
6.48004
6.48004
6.48004
6.48004
6.48004
6.48004
6.48004
6.48004
6.15331
6.15331
6.15331
6.15331
6.15331
6.15331
6.15331
6.15331
5.94252
5.94252
5.94252
5.94252
5.94252
5.94252
5.94252
5.94252
5.83175
5.83175
5.83175
5.83175
5.83175
5.83175
5.83175
5.83175
5.80463
5.80463
5.80463
5.80463
5.80463
5.80463
5.80463
5.80463
16.6003
16.6003
16.6003
16.6003
16.6003
16.6003
16.6003
16.6003
15.9063
15.9063
15.9063
15.9063
15.9063
15.9063
15.9063
15.9063
14.9751
14.9751
14.9751
14.9751
14.9751
14.9751
14.9751
14.9751
13.8629
13.8629
13.8629
13.8629
13.8629
13.8629
13.8629
13.8629
12.6518
12.6518
12.6518
12.6518
12.6518
12.6518
12.6518
12.6518
11.4272
11.4272
11.4272
11.4272
11.4272
11.4272
11.4272
11.4272
10.2619
10.2619
10.2619
10.2619
10.2619
10.2619
10.2619
10.2619
9.20827
9.20827
9.20827
9.20827
9.20827
9.20827
9.20827
9.20827
8.29708
8.29708
8.29708
8.29708
8.29708
8.29708
8.29708
8.29708
7.5406
7.5406
7.5406
7.5406
7.5406
7.5406
7.5406
7.5406
6.93798
6.93798
6.93798
6.93798
6.93798
6.93798
6.93798
6.93798
6.48004
6.48004
6.48004
6.48004
6.48004
6.48004
6.48004
6.48004
6.15331
6.15331
6.15331
6.15331
6.15331
6.15331
6.15331
6.15331
5.94252
5.94252
5.94252
5.94252
5.94252
5.94252
5.94252
5.94252
5.83175
5.83175
5.83175
5.83175
5.83175
5.83175
5.83175
5.83175
5.80463
5.80463
5.80463
5.80463
5.80463
5.80463
5.80463
5.80463
16.6003
16.6003
16.6003
16.6003
16.6003
16.6003
16.6003
16.6003
15.9063
15.9063
15.9063
15.9063
15.9063
15.9063
15.9063
15.9063
14.9751
14.9751
14.9751
14.9751
14.9751
14.9751
14.9751
14.9751
13.8629
13.8629
13.8629
13.8629
13.8629
13.8629
13.8629
13.8629
12.6518
12.6518
12.6518
12.6518
12.6518
12.6518
12.6518
12.6518
11.4272
11.4272
11.4272
11.4272
11.4272
11.4272
11.4272
11.4272
10.2619
10.2619
10.2619
10.2619
10.2619
10.2619
10.2619
10.2619
9.20827
9.20827
9.20827
9.20827
9.20827
9.20827
9.20827
9.20827
8.29708
8.29708
8.29708
8.29708
8.29708
8.29708
8.29708
8.29708
7.5406
7.5406
7.5406
7.5406
7.5406
7.5406
7.5406
7.5406
6.93798
6.93798
6.93798
6.93798
6.93798
6.93798
6.93798
6.93798
6.48004
6.48004
6.48004
6.48004
6.48004
6.48004
6.48004
6.48004
6.15331
6.15331
6.15331
6.15331
6.15331
6.15331
6.15331
6.15331
5.94252
5.94252
5.94252
5.94252
5.94252
5.94252
5.94252
5.94252
5.83175
5.83175
5.83175
5.83175
5.83175
5.83175
5.83175
5.83175
5.80463
5.80463
5.80463
5.80463
5.80463
5.80463
5.80463
5.80463
16.6003
16.6003
16.6003
16.6003
16.6003
16.6003
16.6003
16.6003
15.9063
15.9063
15.9063
15.9063
15.9063
15.9063
15.9063
15.9063
14.9751
14.9751
14.9751
14.9751
14.9751
14.9751
14.9751
14.9751
13.8629
13.8629
13.8629
13.8629
13.8629
13.8629
13.8629
13.8629
12.6518
12.6518
12.6518
12.6518
12.6518
12.6518
12.6518
12.6518
11.4272
11.4272
11.4272
11.4272
11.4272
11.4272
11.4272
11.4272
10.2619
10.2619
10.2619
10.2619
10.2619
10.2619
10.2619
10.2619
9.20827
9.20827
9.20827
9.20827
9.20827
9.20827
9.20827
9.20827
8.29708
8.29708
8.29708
8.29708
8.29708
8.29708
8.29708
8.29708
7.5406
7.5406
7.5406
7.5406
7.5406
7.5406
7.5406
7.5406
6.93798
6.93798
6.93798
6.93798
6.93798
6.93798
6.93798
6.93798
6.48004
6.48004
6.48004
6.48004
6.48004
6.48004
6.48004
6.48004
6.15331
6.15331
6.15331
6.15331
6.15331
6.15331
6.15331
6.15331
5.94252
5.94252
5.94252
5.94252
5.94252
5.94252
5.94252
5.94252
5.83175
5.83175
5.83175
5.83175
5.83175
5.83175
5.83175
5.83175
5.80463
5.80463
5.80463
5.80463
5.80463
5.80463
5.80463
5.80463
16.8952
16.8952
16.8952
16.8952
16.8952
16.8952
16.8952
16.8952
16.2358
16.2358
16.2358
16.2358
16.2358
16.2358
16.2358
16.2358
15.3328
15.3328
15.3328
15.3328
15.3328
15.3328
15.3328
15.3328
14.2397
14.2397
14.2397
14.2397
14.2397
14.2397
14.2397
14.2397
13.0373
13.0373
13.0373
13.0373
13.0373
13.0373
13.0373
13.0373
11.8112
11.8112
11.8112
11.8112
11.8112
11.8112
11.8112
11.8112
10.6355
10.6355
10.6355
10.6355
10.6355
10.6355
10.6355
10.6355
9.56462
9.56462
9.56462
9.56462
9.56462
9.56462
9.56462
9.56462
8.6313
8.6313
8.6313
8.6313
8.6313
8.6313
8.6313
8.6313
7.84968
7.84968
7.84968
7.84968
7.84968
7.84968
7.84968
7.84968
7.22
7.22
7.22
7.22
7.22
7.22
7.22
7.22
6.73374
6.73374
6.73374
6.73374
6.73374
6.73374
6.73374
6.73374
6.37743
6.37743
6.37743
6.37743
6.37743
6.37743
6.37743
6.37743
6.13537
6.13537
6.13537
6.13537
6.13537
6.13537
6.13537
6.13537
5.99078
5.99078
5.99078
5.99078
5.99078
5.99078
5.99078
5.99078
5.92642
5.92642
5.92642
5.92642
5.92642
5.92642
5.92642
5.92642
16.8952
16.8952
16.8952
16.8952
16.8952
16.8952
16.8952
16.8952
16.2358
16.2358
16.2358
16.2358
16.2358
16.2358
16.2358
16.2358
15.3328
15.3328
15.3328
15.3328
15.3328
15.3328
15.3328
15.3328
14.2397
14.2397
14.2397
14.2397
14.2397
14.2397
14.2397
14.2397
13.0373
13.0373
13.0373
13.0373
13.0373
13.0373
13.0373
13.0373
11.8112
11.8112
11.8112
11.8112
11.8112
11.8112
11.8112
11.8112
10.6355
10.6355
10.6355
10.6355
10.6355
10.6355
10.6355
10.6355
9.56462
9.56462
9.56462
9.56462
9.56462
9.56462
9.56462
9.56462
8.6313
8.6313
8.6313
8.6313
8.6313
8.6313
8.6313
8.6313
7.84968
7.84968
7.84968
7.84968
7.84968
7.84968
7.84968
7.84968
7.22
7.22
7.22
7.22
7.22
7.22
7.22
7.22
6.73374
6.73374
6.73374
6.73374
6.73374
6.73374
6.73374
6.73374
6.37743
6.37743
6.37743
6.37743
6.37743
6.37743
6.37743
6.37743
6.13537
6.13537
6.13537
6.13537
6.13537
6.13537
6.13537
6.13537
5.99078
5.99078
5.99078
5.99078
5.99078
5.99078
5.99078
5.99078
5.92642
5.92642
5.92642
5.92642
5.92642
5.92642
5.92642
5.92642
16.8952
16.8952
16.8952
16.8952
16.8952
16.8952
16.8952
16.8952
16.2358
16.2358
16.2358
16.2358
16.2358
16.2358
16.2358
16.2358
15.3328
15.3328
15.3328
15.3328
15.3328
15.3328
15.3328
15.3328
14.2397
14.2397
14.2397
14.2397
14.2397
14.2397
14.2397
14.2397
13.0373
13.0373
13.0373
13.0373
13.0373
13.0373
13.0373
13.0373
11.8112
11.8112
11.8112
11.8112
11.8112
11.8112
11.8112
11.8112
10.6355
10.6355
10.6355
10.6355
10.6355
10.6355
10.6355
10.6355
9.56462
9.56462
9.56462
9.56462
9.56462
9.56462
9.56462
9.56462
8.6313
8.6313
8.6313
8.6313
8.6313
8.6313
8.6313
8.6313
7.84968
7.84968
7.84968
7.84968
7.84968
7.84968
7.84968
7.84968
7.22
7.22
7.22
7.22
7.22
7.22
7.22
7.22
6.73374
6.73374
6.73374
6.73374
6.73374
6.73374
6.73374
6.73374
6.37743
6.37743
6.37743
6.37743
6.37743
6.37743
6.37743
6.37743
6.13537
6.13537
6.13537
6.13537
6.13537
6.13537
6.13537
6.13537
5.99078
5.99078
5.99078
5.99078
5.99078
5.99078
5.99078
5.99078
5.92642
5.92642
5.92642
5.92642
5.92642
5.92642
5.92642
5.92642
16.8952
16.8952
16.8952
16.8952
16.8952
16.8952
16.8952
16.8952
16.2358
16.2358
16.2358
16.2358
16.2358
16.2358
16.2358
16.2358
15.3328
15.3328
15.3328
15.3328
15.3328
15.3328
15.3328
15.3328
14.2397
14.2397
14.2397
14.2397
14.2397
14.2397
14.2397
14.2397
13.0373
13.0373
13.0373
13.0373
13.0373
13.0373
13.0373
13.0373
11.8112
11.8112
11.8112
11.8112
11.8112
11.8112
11.8112
11.8112
10.6355
10.6355
10.6355
10.6355
10.6355
10.6355
10.6355
10.6355
9.56462
9.56462
9.56462
9.56462
9.56462
9.56462
9.56462
9.56462
8.6313
8.6313
8.6313
8.6313
8.6313
8.6313
8.6313
8.6313
7.84968
7.84968
7.84968
7.84968
7.84968
7.84968
7.84968
7.84968
7.22
7.22
7.22
7.22
7.22
7.22
7.22
7.22
6.73374
6.73374
6.73374
6.73374
6.73374
6.73374
6.73374
6.73374
6.37743
6.37743
6.37743
6.37743
6.37743
6.37743
6.37743
6.37743
6.13537
6.13537
6.13537
6.13537
6.13537
6.13537
6.13537
6.13537
5.99078
5.99078
5.99078
5.99078
5.99078
5.99078
5.99078
5.99078
5.92642
5.92642
5.92642
5.92642
5.92642
5.92642
5.92642
5.92642
17.1
17.1
17.1
17.1
17.1
17.1
17.1
17.1
16.4793
16.4793
16.4793
16.4793
16.4793
16.4793
16.4793
16.4793
15.614
15.614
15.614
15.614
15.614
15.614
15.614
15.614
14.5543
14.5543
14.5543
14.5543
14.5543
14.5543
14.5543
14.5543
13.378
13.378
13.378
13.378
13.378
13.378
13.378
13.378
12.169
12.169
12.169
12.169
12.169
12.169
12.169
12.169
11.001
11.001
11.001
11.001
11.001
11.001
11.001
11.001
9.92916
9.92916
9.92916
9.92916
9.92916
9.92916
9.92916
9.92916
8.98779
8.98779
8.98779
8.98779
8.98779
8.98779
8.98779
8.98779
8.19257
8.19257
8.19257
8.19257
8.19257
8.19257
8.19257
8.19257
7.54518
7.54518
7.54518
7.54518
7.54518
7.54518
7.54518
7.54518
7.03798
7.03798
7.03798
7.03798
7.03798
7.03798
7.03798
7.03798
6.6579
6.6579
6.6579
6.6579
6.6579
6.6579
6.6579
6.6579
6.38904
6.38904
6.38904
6.38904
6.38904
6.38904
6.38904
6.38904
6.21417
6.21417
6.21417
6.21417
6.21417
6.21417
6.21417
6.21417
6.11524
6.11524
6.11524
6.11524
6.11524
6.11524
6.11524
6.11524
17.1
17.1
17.1
17.1
17.1
17.1
17.1
17.1
16.4793
16.4793
16.4793
16.4793
16.4793
16.4793
16.4793
16.4793
15.614
15.614
15.614
15.614
15.614
15.614
15.614
15.614
14.5543
14.5543
14.5543
14.5543
14.5543
14.5543
14.5543
14.5543
13.378
13.378
13.378
13.378
13.378
13.378
13.378
13.378
12.169
12.169
12.169
12.169
12.169
12.169
12.169
12.169
11.001
11.001
11.001
11.001
11.001
11.001
11.001
11.001
9.92916
9.92916
9.92916
9.92916
9.92916
9.92916
9.92916
9.92916
8.98779
8.98779
8.98779
8.98779
8.98779
8.98779
8.98779
8.98779
8.19257
8.19257
8.19257
8.19257
8.19257
8.19257
8.19257
8.19257
7.54518
7.54518
7.54518
7.54518
7.54518
7.54518
7.54518
7.54518
7.03798
7.03798
7.03798
7.03798
7.03798
7.03798
7.03798
7.03798
6.6579
6.6579
6.6579
6.6579
6.6579
6.6579
6.6579
6.6579
6.38904
6.38904
6.38904
6.38904
6.38904
6.38904
6.38904
6.38904
6.21417
6.21417
6.21417
6.21417
6.21417
6.21417
6.21417
6.21417
6.11524
6.11524
6.11524
6.11524
6.11524
6.11524
6.11524
6.11524
17.1
17.1
17.1
17.1
17.1
17.1
17.1
17.1
16.4793
16.4793
16.4793
16.4793
16.4793
16.4793
16.4793
16.4793
15.614
15.614
15.614
15.614
15.614
15.614
15.614
15.614
14.5543
14.5543
14.5543
14.5543
14.5543
14.5543
14.5543
14.5543
13.378
13.378
13.378
13.378
13.378
13.378
13.378
13.378
12.169
12.169
12.169
12.169
12.169
12.169
12.169
12.169
11.001
11.001
11.001
11.001
11.001
11.001
11.001
11.001
9.92916
9.92916
9.92916
9.92916
9.92916
9.92916
9.92916
9.92916
8.98779
8.98779
8.98779
8.98779
8.98779
8.98779
8.98779
8.98779
8.19257
8.19257
8.19257
8.19257
8.19257
8.19257
8.19257
8.19257
7.54518
7.54518
7.54518
7.54518
7.54518
7.54518
7.54518
7.54518
7.03798
7.03798
7.03798
7.03798
7.03798
7.03798
7.03798
7.03798
6.6579
6.6579
6.6579
6.6579
6.6579
6.6579
6.6579
6.6579
6.38904
6.38904
6.38904
6.38904
6.38904
6.38904
6.38904
6.38904
6.21417
6.21417
6.21417
6.21417
6.21417
6.21417
6.21417
6.21417
6.11524
6.11524
6.11524
6.11524
6.11524
6.11524
6.11524
6.11524
17.1
17.1
17.1
17.1
17.1
17.1
17.1
17.1
16.4793
16.4793
16.4793
16.4793
16.4793
16.4793
16.4793
16.4793
15.614
15.614
15.614
15.614
15.614
15.614
15.614
15.614
14.5543
14.5543
14.5543
14.5543
14.5543
14.5543
14.5543
14.5543
13.378
13.378
13.378
13.378
13.378
13.378
13.378
13.378
12.169
12.169
12.169
12.169
12.169
12.169
12.169
12.169
11.001
11.001
11.001
11.001
11.001
11.001
11.001
11.001
9.92916
9.92916
9.92916
9.92916
9.92916
9.92916
9.92916
9.92916
8.98779
8.98779
8.98779
8.98779
8.98779
8.98779
8.98779
8.98779
8.19257
8.19257
8.19257
8.19257
8.19257
8.19257
8.19257
8.19257
7.54518
7.54518
7.54518
7.54518
7.54518
7.54518
7.54518
7.54518
7.03798
7.03798
7.03798
7.03798
7.03798
7.03798
7.03798
7.03798
6.6579
6.6579
6.6579
6.6579
6.6579
6.6579
6.6579
6.6579
6.38904
6.38904
6.38904
6.38904
6.38904
6.38904
6.38904
6.38904
6.21417
6.21417
6.21417
6.21417
6.21417
6.21417
6.21417
6.21417
6.11524
6.11524
6.11524
6.11524
6.11524
6.11524
6.11524
6.11524
17.1996
17.1996
17.1996
17.1996
17.1996
17.1996
17.1996
17.1996
16.6194
16.6194
16.6194
16.6194
16.6194
16.6194
16.6194
16.6194
15.7999
15.7999
15.7999
15.7999
15.7999
15.7999
15.7999
15.7999
14.7871
14.7871
14.7871
14.7871
14.7871
14.7871
14.7871
14.7871
13.6544
13.6544
13.6544
13.6544
13.6544
13.6544
13.6544
13.6544
12.4819
12.4819
12.4819
12.4819
12.4819
12.4819
12.4819
12.4819
11.3413
11.3413
11.3413
11.3413
11.3413
11.3413
11.3413
11.3413
10.2872
10.2872
10.2872
10.2872
10.2872
10.2872
10.2872
10.2872
9.35433
9.35433
9.35433
9.35433
9.35433
9.35433
9.35433
9.35433
8.55978
8.55978
8.55978
8.55978
8.55978
8.55978
8.55978
8.55978
7.90649
7.90649
7.90649
7.90649
7.90649
7.90649
7.90649
7.90649
7.38799
7.38799
7.38799
7.38799
7.38799
7.38799
7.38799
7.38799
6.99186
6.99186
6.99186
6.99186
6.99186
6.99186
6.99186
6.99186
6.70234
6.70234
6.70234
6.70234
6.70234
6.70234
6.70234
6.70234
6.5019
6.5019
6.5019
6.5019
6.5019
6.5019
6.5019
6.5019
6.37198
6.37198
6.37198
6.37198
6.37198
6.37198
6.37198
6.37198
17.1996
17.1996
17.1996
17.1996
17.1996
17.1996
17.1996
17.1996
16.6194
16.6194
16.6194
16.6194
16.6194
16.6194
16.6194
16.6194
15.7999
15.7999
15.7999
15.7999
15.7999
15.7999
15.7999
15.7999
14.7871
14.7871
14.7871
14.7871
14.7871
14.7871
14.7871
14.7871
13.6544
13.6544
13.6544
13.6544
13.6544
13.6544
13.6544
13.6544
12.4819
12.4819
12.4819
12.4819
12.4819
12.4819
12.4819
12.4819
11.3413
11.3413
11.3413
11.3413
11.3413
11.3413
11.3413
11.3413
10.2872
10.2872
10.2872
10.2872
10.2872
10.2872
10.2872
10.2872
9.35433
9.35433
9.35433
9.35433
9.35433
9.35433
9.35433
9.35433
8.55978
8.55978
8.55978
8.55978
8.55978
8.55978
8.55978
8.55978
7.90649
7.90649
7.90649
7.90649
7.90649
7.90649
7.90649
7.90649
7.38799
7.38799
7.38799
7.38799
7.38799
7.38799
7.38799
7.38799
6.99186
6.99186
6.99186
6.99186
6.99186
6.99186
6.99186
6.99186
6.70234
6.70234
6.70234
6.70234
6.70234
6.70234
6.70234
6.70234
6.5019
6.5019
6.5019
6.5019
6.5019
6.5019
6.5019
6.5019
6.37198
6.37198
6.37198
6.37198
6.37198
6.37198
6.37198
6.37198
17.1996
17.1996
17.1996
17.1996
17.1996
17.1996
17.1996
17.1996
16.6194
16.6194
16.6194
16.6194
16.6194
16.6194
16.6194
16.6194
15.7999
15.7999
15.7999
15.7999
15.7999
15.7999
15.7999
15.7999
14.7871
14.7871
14.7871
14.7871
14.7871
14.7871
14.7871
14.7871
13.6544
13.6544
13.6544
13.6544
13.6544
13.6544
13.6544
13.6544
12.4819
12.4819
12.4819
12.4819
12.4819
12.4819
12.4819
12.4819
11.3413
11.3413
11.3413
11.3413
11.3413
11.3413
11.3413
11.3413
10.2872
10.2872
10.2872
10.2872
10.2872
10.2872
10.2872
10.2872
9.35433
9.35433
9.35433
9.35433
9.35433
9.35433
9.35433
9.35433
8.55978
8.55978
8.55978
8.55978
8.55978
8.55978
8.55978
8.55978
7.90649
7.90649
7.90649
7.90649
7.90649
7.90649
7.90649
7.90649
7.38799
7.38799
7.38799
7.38799
7.38799
7.38799
7.38799
7.38799
6.99186
6.99186
6.99186
6.99186
6.99186
6.99186
6.99186
6.99186
6.70234
6.70234
6.70234
6.70234
6.70234
6.70234
6.70234
6.70234
6.5019
6.5019
6.5019
6.5019
6.5019
6.5019
6.5019
6.5019
6.37198
6.37198
6.37198
6.37198
6.37198
6.37198
6.37198
6.37198
17.1996
17.1996
17.1996
17.1996
17.1996
17.1996
17.1996
17.1996
16.6194
16.6194
16.6194
16.6194
16.6194
16.6194
16.6194
16.6194
15.7999
15.7999
15.7999
15.7999
15.7999
15.7999
15.7999
15.7999
14.7871
14.7871
14.7871
14.7871
14.7871
14.7871
14.7871
14.7871
13.6544
13.6544
13.6544
13.6544
13.6544
13.6544
13.6544
13.6544
12.4819
12.4819
12.4819
12.4819
12.4819
12.4819
12.4819
12.4819
11.3413
11.3413
11.3413
11.3413
11.3413
11.3413
11.3413
11.3413
10.2872
10.2872
10.2872
10.2872
10.2872
10.2872
10.2872
10.2872
9.35433
9.35433
9.35433
9.35433
9.35433
9.35433
9.35433
9.35433
8.55978
8.55978
8.55978
8.55978
8.55978
8.55978
8.55978
8.55978
7.90649
7.90649
7.90649
7.90649
7.90649
7.90649
7.90649
7.90649
7.38799
7.38799
7.38799
7.38799
7.38799
7.38799
7.38799
7.38799
6.99186
6.99186
6.99186
6.99186
6.99186
6.99186
6.99186
6.99186
6.70234
6.70234
6.70234
6.70234
6.70234
6.70234
6.70234
6.70234
6.5019
6.5019
6.5019
6.5019
6.5019
6.5019
6.5019
6.5019
6.37198
6.37198
6.37198
6.37198
6.37198
6.37198
6.37198
6.37198
17.1838
17.1838
17.1838
17.1838
17.1838
17.1838
17.1838
17.1838
16.6435
16.6435
16.6435
16.6435
16.6435
16.6435
16.6435
16.6435
15.8757
15.8757
15.8757
15.8757
15.8757
15.8757
15.8757
15.8757
14.9216
14.9216
14.9216
14.9216
14.9216
14.9216
14.9216
14.9216
13.8488
13.8488
13.8488
13.8488
13.8488
13.8488
13.8488
13.8488
12.7321
12.7321
12.7321
12.7321
12.7321
12.7321
12.7321
12.7321
11.6393
11.6393
11.6393
11.6393
11.6393
11.6393
11.6393
11.6393
10.6229
10.6229
10.6229
10.6229
10.6229
10.6229
10.6229
10.6229
9.71721
9.71721
9.71721
9.71721
9.71721
9.71721
9.71721
9.71721
8.93988
8.93988
8.93988
8.93988
8.93988
8.93988
8.93988
8.93988
8.29509
8.29509
8.29509
8.29509
8.29509
8.29509
8.29509
8.29509
7.77744
7.77744
7.77744
7.77744
7.77744
7.77744
7.77744
7.77744
7.37529
7.37529
7.37529
7.37529
7.37529
7.37529
7.37529
7.37529
7.07327
7.07327
7.07327
7.07327
7.07327
7.07327
7.07327
7.07327
6.85374
6.85374
6.85374
6.85374
6.85374
6.85374
6.85374
6.85374
6.69779
6.69779
6.69779
6.69779
6.69779
6.69779
6.69779
6.69779
17.1838
17.1838
17.1838
17.1838
17.1838
17.1838
17.1838
17.1838
16.6435
16.6435
16.6435
16.6435
16.6435
16.6435
16.6435
16.6435
15.8757
15.8757
15.8757
15.8757
15.8757
15.8757
15.8757
15.8757
14.9216
14.9216
14.9216
14.9216
14.9216
14.9216
14.9216
14.9216
13.8488
13.8488
13.8488
13.8488
13.8488
13.8488
13.8488
13.8488
12.7321
12.7321
12.7321
12.7321
12.7321
12.7321
12.7321
12.7321
11.6393
11.6393
11.6393
11.6393
11.6393
11.6393
11.6393
11.6393
10.6229
10.6229
10.6229
10.6229
10.6229
10.6229
10.6229
10.6229
9.71721
9.71721
9.71721
9.71721
9.71721
9.71721
9.71721
9.71721
8.93988
8.93988
8.93988
8.93988
8.93988
8.93988
8.93988
8.93988
8.29509
8.29509
8.29509
8.29509
8.29509
8.29509
8.29509
8.29509
7.77744
7.77744
7.77744
7.77744
7.77744
7.77744
7.77744
7.77744
7.37529
7.37529
7.37529
7.37529
7.37529
7.37529
7.37529
7.37529
7.07327
7.07327
7.07327
7.07327
7.07327
7.07327
7.07327
7.07327
6.85374
6.85374
6.85374
6.85374
6.85374
6.85374
6.85374
6.85374
6.69779
6.69779
6.69779
6.69779
6.69779
6.69779
6.69779
6.69779
17.1838
17.1838
17.1838
17.1838
17.1838
17.1838
17.1838
17.1838
16.6435
16.6435
16.6435
16.6435
16.6435
16.6435
16.6435
16.6435
15.8757
15.8757
15.8757
15.8757
15.8757
15.8757
15.8757
15.8757
14.9216
14.9216
14.9216
14.9216
14.9216
14.9216
14.9216
14.9216
13.8488
13.8488
13.8488
13.8488
13.8488
13.8488
13.8488
13.8488
12.7321
12.7321
12.7321
12.7321
12.7321
12.7321
12.7321
12.7321
11.6393
11.6393
11.6393
11.6393
11.6393
11.6393
11.6393
11.6393
10.6229
10.6229
10.6229
10.6229
10.6229
10.6229
10.6229
10.6229
9.71721
9.71721
9.71721
9.71721
9.71721
9.71721
9.71721
9.71721
8.93988
8.93988
8.93988
8.93988
8.93988
8.93988
8.93988
8.93988
8.29509
8.29509
8.29509
8.29509
8.29509
8.29509
8.29509
8.29509
7.77744
7.77744
7.77744
7.77744
7.77744
7.77744
7.77744
7.77744
7.37529
7.37529
7.37529
7.37529
7.37529
7.37529
7.37529
7.37529
7.07327
7.07327
7.07327
7.07327
7.07327
7.07327
7.07327
7.07327
6.85374
6.85374
6.85374
6.85374
6.85374
6.85374
6.85374
6.85374
6.69779
6.69779
6.69779
6.69779
6.69779
6.69779
6.69779
6.69779
17.1838
17.1838
17.1838
17.1838
17.1838
17.1838
17.1838
17.1838
16.6435
16.6435
16.6435
16.6435
16.6435
16.6435
16.6435
16.6435
15.8757
15.8757
15.8757
15.8757
15.8757
15.8757
15.8757
15.8757
14.9216
14.9216
14.9216
14.9216
14.9216
14.9216
14.9216
14.9216
13.8488
13.8488
13.8488
13.8488
13.8488
13.8488
13.8488
13.8488
12.7321
12.7321
12.7321
12.7321
12.7321
12.7321
12.7321
12.7321
11.6393
11.6393
11.6393
11.6393
11.6393
11.6393
11.6393
11.6393
10.6229
10.6229
10.6229
10.6229
10.6229
10.6229
10.6229
10.6229
9.71721
9.71721
9.71721
9.71721
9.71721
9.71721
9.71721
9.71721
8.93988
8.93988
8.93988
8.93988
8.93988
8.93988
8.93988
8.93988
8.29509
8.29509
8.29509
8.29509
8.29509
8.29509
8.29509
8.29509
7.77744
7.77744
7.77744
7.77744
7.77744
7.77744
7.77744
7.77744
7.37529
7.37529
7.37529
7.37529
7.37529
7.37529
7.37529
7.37529
7.07327
7.07327
7.07327
7.07327
7.07327
7.07327
7.07327
7.07327
6.85374
6.85374
6.85374
6.85374
6.85374
6.85374
6.85374
6.85374
6.69779
6.69779
6.69779
6.69779
6.69779
6.69779
6.69779
6.69779
17.0475
17.0475
17.0475
17.0475
17.0475
17.0475
17.0475
17.0475
16.5447
16.5447
16.5447
16.5447
16.5447
16.5447
16.5447
16.5447
15.8318
15.8318
15.8318
15.8318
15.8318
15.8318
15.8318
15.8318
14.9456
14.9456
14.9456
14.9456
14.9456
14.9456
14.9456
14.9456
13.9469
13.9469
13.9469
13.9469
13.9469
13.9469
13.9469
13.9469
12.9038
12.9038
12.9038
12.9038
12.9038
12.9038
12.9038
12.9038
11.8786
11.8786
11.8786
11.8786
11.8786
11.8786
11.8786
11.8786
10.9202
10.9202
10.9202
10.9202
10.9202
10.9202
10.9202
10.9202
10.0615
10.0615
10.0615
10.0615
10.0615
10.0615
10.0615
10.0615
9.31996
9.31996
9.31996
9.31996
9.31996
9.31996
9.31996
9.31996
8.70031
8.70031
8.70031
8.70031
8.70031
8.70031
8.70031
8.70031
8.19814
8.19814
8.19814
8.19814
8.19814
8.19814
8.19814
8.19814
7.8026
7.8026
7.8026
7.8026
7.8026
7.8026
7.8026
7.8026
7.49863
7.49863
7.49863
7.49863
7.49863
7.49863
7.49863
7.49863
7.26866
7.26866
7.26866
7.26866
7.26866
7.26866
7.26866
7.26866
7.09343
7.09343
7.09343
7.09343
7.09343
7.09343
7.09343
7.09343
17.0475
17.0475
17.0475
17.0475
17.0475
17.0475
17.0475
17.0475
16.5447
16.5447
16.5447
16.5447
16.5447
16.5447
16.5447
16.5447
15.8318
15.8318
15.8318
15.8318
15.8318
15.8318
15.8318
15.8318
14.9456
14.9456
14.9456
14.9456
14.9456
14.9456
14.9456
14.9456
13.9469
13.9469
13.9469
13.9469
13.9469
13.9469
13.9469
13.9469
12.9038
12.9038
12.9038
12.9038
12.9038
12.9038
12.9038
12.9038
11.8786
11.8786
11.8786
11.8786
11.8786
11.8786
11.8786
11.8786
10.9202
10.9202
10.9202
10.9202
10.9202
10.9202
10.9202
10.9202
10.0615
10.0615
10.0615
10.0615
10.0615
10.0615
10.0615
10.0615
9.31996
9.31996
9.31996
9.31996
9.31996
9.31996
9.31996
9.31996
8.70031
8.70031
8.70031
8.70031
8.70031
8.70031
8.70031
8.70031
8.19814
8.19814
8.19814
8.19814
8.19814
8.19814
8.19814
8.19814
7.8026
7.8026
7.8026
7.8026
7.8026
7.8026
7.8026
7.8026
7.49863
7.49863
7.49863
7.49863
7.49863
7.49863
7.49863
7.49863
7.26866
7.26866
7.26866
7.26866
7.26866
7.26866
7.26866
7.26866
7.09343
7.09343
7.09343
7.09343
7.09343
7.09343
7.09343
7.09343
17.0475
17.0475
17.0475
17.0475
17.0475
17.0475
17.0475
17.0475
16.5447
16.5447
16.5447
16.5447
16.5447
16.5447
16.5447
16.5447
15.8318
15.8318
15.8318
15.8318
15.8318
15.8318
15.8318
15.8318
14.9456
14.9456
14.9456
14.9456
14.9456
14.9456
14.9456
14.9456
13.9469
13.9469
13.9469
13.9469
13.9469
13.9469
13.9469
13.9469
12.9038
12.9038
12.9038
12.9038
12.9038
12.9038
12.9038
12.9038
11.8786
11.8786
11.8786
11.8786
11.8786
11.8786
11.8786
11.8786
10.9202
10.9202
10.9202
10.9202
10.9202
10.9202
10.9202
10.9202
10.0615
10.0615
10.0615
10.0615
10.0615
10.0615
10.0615
10.0615
9.31996
9.31996
9.31996
9.31996
9.31996
9.31996
9.31996
9.31996
8.70031
8.70031
8.70031
8.70031
8.70031
8.70031
8.70031
8.70031
8.19814
8.19814
8.19814
8.19814
8.19814
8.19814
8.19814
8.19814
7.8026
7.8026
7.8026
7.8026
7.8026
7.8026
7.8026
7.8026
7.49863
7.49863
7.49863
7.49863
7.49863
7.49863
7.49863
7.49863
7.26866
7.26866
7.26866
7.26866
7.26866
7.26866
7.26866
7.26866
7.09343
7.09343
7.09343
7.09343
7.09343
7.09343
7.09343
7.09343
17.0475
17.0475
17.0475
17.0475
17.0475
17.0475
17.0475
17.0475
16.5447
16.5447
16.5447
16.5447
16.5447
16.5447
16.5447
16.5447
15.8318
15.8318
15.8318
15.8318
15.8318
15.8318
15.8318
15.8318
14.9456
14.9456
14.9456
14.9456
14.9456
14.9456
14.9456
14.9456
13.9469
13.9469
13.9469
13.9469
13.9469
13.9469
13.9469
13.9469
12.9038
12.9038
12.9038
12.9038
12.9038
12.9038
12.9038
12.9038
11.8786
11.8786
11.8786
11.8786
11.8786
11.8786
11.8786
11.8786
10.9202
10.9202
10.9202
10.9202
10.9202
10.9202
10.9202
10.9202
10.0615
10.0615
10.0615
10.0615
10.0615
10.0615
10.0615
10.0615
9.31996
9.31996
9.31996
9.31996
9.31996
9.31996
9.31996
9.31996
8.70031
8.70031
8.70031
8.70031
8.70031
8.70031
8.70031
8.70031
8.19814
8.19814
8.19814
8.19814
8.19814
8.19814
8.19814
8.19814
7.8026
7.8026
7.8026
7.8026
7.8026
7.8026
7.8026
7.8026
7.49863
7.49863
7.49863
7.49863
7.49863
7.49863
7.49863
7.49863
7.26866
7.26866
7.26866
7.26866
7.26866
7.26866
7.26866
7.26866
7.09343
7.09343
7.09343
7.09343
7.09343
7.09343
7.09343
7.09343
16.7923
16.7923
16.7923
16.7923
16.7923
16.7923
16.7923
16.7923
16.3223
16.3223
16.3223
16.3223
16.3223
16.3223
16.3223
16.3223
15.6651
15.6651
15.6651
15.6651
15.6651
15.6651
15.6651
15.6651
14.8527
14.8527
14.8527
14.8527
14.8527
14.8527
14.8527
14.8527
13.9391
13.9391
13.9391
13.9391
13.9391
13.9391
13.9391
13.9391
12.9845
12.9845
12.9845
12.9845
12.9845
12.9845
12.9845
12.9845
12.0448
12.0448
12.0448
12.0448
12.0448
12.0448
12.0448
12.0448
11.164
11.164
11.164
11.164
11.164
11.164
11.164
11.164
10.3723
10.3723
10.3723
10.3723
10.3723
10.3723
10.3723
10.3723
9.68584
9.68584
9.68584
9.68584
9.68584
9.68584
9.68584
9.68584
9.10973
9.10973
9.10973
9.10973
9.10973
9.10973
9.10973
9.10973
8.63995
8.63995
8.63995
8.63995
8.63995
8.63995
8.63995
8.63995
8.2661
8.2661
8.2661
8.2661
8.2661
8.2661
8.2661
8.2661
7.97344
7.97344
7.97344
7.97344
7.97344
7.97344
7.97344
7.97344
7.74421
7.74421
7.74421
7.74421
7.74421
7.74421
7.74421
7.74421
7.55888
7.55888
7.55888
7.55888
7.55888
7.55888
7.55888
7.55888
16.7923
16.7923
16.7923
16.7923
16.7923
16.7923
16.7923
16.7923
16.3223
16.3223
16.3223
16.3223
16.3223
16.3223
16.3223
16.3223
15.6651
15.6651
15.6651
15.6651
15.6651
15.6651
15.6651
15.6651
14.8527
14.8527
14.8527
14.8527
14.8527
14.8527
14.8527
14.8527
13.9391
13.9391
13.9391
13.9391
13.9391
13.9391
13.9391
13.9391
12.9845
12.9845
12.9845
12.9845
12.9845
12.9845
12.9845
12.9845
12.0448
12.0448
12.0448
12.0448
12.0448
12.0448
12.0448
12.0448
11.164
11.164
11.164
11.164
11.164
11.164
11.164
11.164
10.3723
10.3723
10.3723
10.3723
10.3723
10.3723
10.3723
10.3723
9.68584
9.68584
9.68584
9.68584
9.68584
9.68584
9.68584
9.68584
9.10973
9.10973
9.10973
9.10973
9.10973
9.10973
9.10973
9.10973
8.63995
8.63995
8.63995
8.63995
8.63995
8.63995
8.63995
8.63995
8.2661
8.2661
8.2661
8.2661
8.2661
8.2661
8.2661
8.2661
7.97344
7.97344
7.97344
7.97344
7.97344
7.97344
7.97344
7.97344
7.74421
7.74421
7.74421
7.74421
7.74421
7.74421
7.74421
7.74421
7.55888
7.55888
7.55888
7.55888
7.55888
7.55888
7.55888
7.55888
16.7923
16.7923
16.7923
16.7923
16.7923
16.7923
16.7923
16.7923
16.3223
16.3223
16.3223
16.3223
16.3223
16.3223
16.3223
16.3223
15.6651
15.6651
15.6651
15.6651
15.6651
15.6651
15.6651
15.6651
14.8527
14.8527
14.8527
14.8527
14.8527
14.8527
14.8527
14.8527
13.9391
13.9391
13.9391
13.9391
13.9391
13.9391
13.9391
13.9391
12.9845
12.9845
12.9845
12.9845
12.9845
12.9845
12.9845
12.9845
12.0448
12.0448
12.0448
12.0448
12.0448
12.0448
12.0448
12.0448
11.164
11.164
11.164
11.164
11.164
11.164
11.164
11.164
10.3723
10.3723
10.3723
10.3723
10.3723
10.3723
10.3723
10.3723
9.68584
9.68584
9.68584
9.68584
9.68584
9.68584
9.68584
9.68584
9.10973
9.10973
9.10973
9.10973
9.10973
9.10973
9.10973
9.10973
8.63995
8.63995
8.63995
8.63995
8.63995
8.63995
8.63995
8.63995
8.2661
8.2661
8.2661
8.2661
8.2661
8.2661
8.2661
8.2661
7.97344
7.97344
7.97344
7.97344
7.97344
7.97344
7.97344
7.97344
7.74421
7.74421
7.74421
7.74421
7.74421
7.74421
7.74421
7.74421
7.55888
7.55888
7.55888
7.55888
7.55888
7.55888
7.55888
7.55888
16.7923
16.7923
16.7923
16.7923
16.7923
16.7923
16.7923
16.7923
16.3223
16.3223
16.3223
16.3223
16.3223
16.3223
16.3223
16.3223
15.6651
15.6651
15.6651
15.6651
15.6651
15.6651
15.6651
15.6651
14.8527
14.8527
14.8527
14.8527
14.8527
14.8527
14.8527
14.8527
13.9391
13.9391
13.9391
13.9391
13.9391
13.9391
13.9391
13.9391
12.9845
12.9845
12.9845
12.9845
12.9845
12.9845
12.9845
12.9845
12.0448
12.0448
12.0448
12.0448
12.0448
12.0448
12.0448
12.0448
11.164
11.164
11.164
11.164
11.164
11.164
11.164
11.164
10.3723
10.3723
10.3723
10.3723
10.3723
10.3723
10.3723
10.3723
9.68584
9.68584
9.68584
9.68584
9.68584
9.68584
9.68584
9.68584
9.10973
9.10973
9.10973
9.10973
9.10973
9.10973
9.10973
9.10973
8.63995
8.63995
8.63995
8.63995
8.63995
8.63995
8.63995
8.63995
8.2661
8.2661
8.2661
8.2661
8.2661
8.2661
8.2661
8.2661
7.97344
7.97344
7.97344
7.97344
7.97344
7.97344
7.97344
7.97344
7.74421
7.74421
7.74421
7.74421
7.74421
7.74421
7.74421
7.74421
7.55888
7.55888
7.55888
7.55888
7.55888
7.55888
7.55888
7.55888
16.4255
16.4255
16.4255
16.4255
16.4255
16.4255
16.4255
16.4255
15.9826
15.9826
15.9826
15.9826
15.9826
15.9826
15.9826
15.9826
15.379
15.379
15.379
15.379
15.379
15.379
15.379
15.379
14.643
14.643
14.643
14.643
14.643
14.643
14.643
14.643
13.8216
13.8216
13.8216
13.8216
13.8216
13.8216
13.8216
13.8216
12.9669
12.9669
12.9669
12.9669
12.9669
12.9669
12.9669
12.9669
12.1273
12.1273
12.1273
12.1273
12.1273
12.1273
12.1273
12.1273
11.3411
11.3411
11.3411
11.3411
11.3411
11.3411
11.3411
11.3411
10.6348
10.6348
10.6348
10.6348
10.6348
10.6348
10.6348
10.6348
10.0229
10.0229
10.0229
10.0229
10.0229
10.0229
10.0229
10.0229
9.5095
9.5095
9.5095
9.5095
9.5095
9.5095
9.5095
9.5095
9.09059
9.09059
9.09059
9.09059
9.09059
9.09059
9.09059
9.09059
8.75589
8.75589
8.75589
8.75589
8.75589
8.75589
8.75589
8.75589
8.49043
8.49043
8.49043
8.49043
8.49043
8.49043
8.49043
8.49043
8.27602
8.27602
8.27602
8.27602
8.27602
8.27602
8.27602
8.27602
8.09264
8.09264
8.09264
8.09264
8.09264
8.09264
8.09264
8.09264
16.4255
16.4255
16.4255
16.4255
16.4255
16.4255
16.4255
16.4255
15.9826
15.9826
15.9826
15.9826
15.9826
15.9826
15.9826
15.9826
15.379
15.379
15.379
15.379
15.379
15.379
15.379
15.379
14.643
14.643
14.643
14.643
14.643
14.643
14.643
14.643
13.8216
13.8216
13.8216
13.8216
13.8216
13.8216
13.8216
13.8216
12.9669
12.9669
12.9669
12.9669
12.9669
12.9669
12.9669
12.9669
12.1273
12.1273
12.1273
12.1273
12.1273
12.1273
12.1273
12.1273
11.3411
11.3411
11.3411
11.3411
11.3411
11.3411
11.3411
11.3411
10.6348
10.6348
10.6348
10.6348
10.6348
10.6348
10.6348
10.6348
10.0229
10.0229
10.0229
10.0229
10.0229
10.0229
10.0229
10.0229
9.5095
9.5095
9.5095
9.5095
9.5095
9.5095
9.5095
9.5095
9.09059
9.09059
9.09059
9.09059
9.09059
9.09059
9.09059
9.09059
8.75589
8.75589
8.75589
8.75589
8.75589
8.75589
8.75589
8.75589
8.49043
8.49043
8.49043
8.49043
8.49043
8.49043
8.49043
8.49043
8.27602
8.27602
8.27602
8.27602
8.27602
8.27602
8.27602
8.27602
8.09264
8.09264
8.09264
8.09264
8.09264
8.09264
8.09264
8.09264
16.4255
16.4255
16.4255
16.4255
16.4255
16.4255
16.4255
16.4255
15.9826
15.9826
15.9826
15.9826
15.9826
15.9826
15.9826
15.9826
15.379
15.379
15.379
15.379
15.379
15.379
15.379
15.379
14.643
14.643
14.643
14.643
14.643
14.643
14.643
14.643
13.8216
13.8216
13.8216
13.8216
13.8216
13.8216
13.8216
13.8216
12.9669
12.9669
12.9669
12.9669
12.9669
12.9669
12.9669
12.9669
12.1273
12.1273
12.1273
12.1273
12.1273
12.1273
12.1273
12.1273
11.3411
11.3411
11.3411
11.3411
11.3411
11.3411
11.3411
11.3411
10.6348
10.6348
10.6348
10.6348
10.6348
10.6348
10.6348
10.6348
10.0229
10.0229
10.0229
10.0229
10.0229
10.0229
10.0229
10.0229
9.5095
9.5095
9.5095
9.5095
9.5095
9.5095
9.5095
9.5095
9.09059
9.09059
9.09059
9.09059
9.09059
9.09059
9.09059
9.09059
8.75589
8.75589
8.75589
8.75589
8.75589
8.75589
8.75589
8.75589
8.49043
8.49043
8.49043
8.49043
8.49043
8.49043
8.49043
8.49043
8.27602
8.27602
8.27602
8.27602
8.27602
8.27602
8.27602
8.27602
8.09264
8.09264
8.09264
8.09264
8.09264
8.09264
8.09264
8.09264
16.4255
16.4255
16.4255
16.4255
16.4255
16.4255
16.4255
16.4255
15.9826
15.9826
15.9826
15.9826
15.9826
15.9826
15.9826
15.9826
15.379
15.379
15.379
15.379
15.379
15.379
15.379
15.379
14.643
14.643
14.643
14.643
14.643
14.643
14.643
14.643
13.8216
13.8216
13.8216
13.8216
13.8216
13.8216
13.8216
13.8216
12.9669
12.9669
12.9669
12.9669
12.9669
12.9669
12.9669
12.9669
12.1273
12.1273
12.1273
12.1273
12.1273
12.1273
12.1273
12.1273
11.3411
11.3411
11.3411
11.3411
11.3411
11.3411
11.3411
11.3411
10.6348
10.6348
10.6348
10.6348
10.6348
10.6348
10.6348
10.6348
10.0229
10.0229
10.0229
10.0229
10.0229
10.0229
10.0229
10.0229
9.5095
9.5095
9.5095
9.5095
9.5095
9.5095
9.5095
9.5095
9.09059
9.09059
9.09059
9.09059
9.09059
9.09059
9.09059
9.09059
8.75589
8.75589
8.75589
8.75589
8.75589
8.75589
8.75589
8.75589
8.49043
8.49043
8.49043
8.49043
8.49043
8.49043
8.49043
8.49043
8.27602
8.27602
8.27602
8.27602
8.27602
8.27602
8.27602
8.27602
8.09264
8.09264
8.09264
8.09264
8.09264
8.09264
8.09264
8.09264
15.9603
15.9603
15.9603
15.9603
15.9603
15.9603
15.9603
15.9603
15.5377
15.5377
15.5377
15.5377
15.5377
15.5377
15.5377
15.5377
14.9836
14.9836
14.9836
14.9836
14.9836
14.9836
14.9836
14.9836
14.3233
14.3233
14.3233
14.3233
14.3233
14.3233
14.3233
14.3233
13.5969
13.5969
13.5969
13.5969
13.5969
13.5969
13.5969
13.5969
12.8488
12.8488
12.8488
12.8488
12.8488
12.8488
12.8488
12.8488
12.1194
12.1194
12.1194
12.1194
12.1194
12.1194
12.1194
12.1194
11.4413
11.4413
11.4413
11.4413
11.4413
11.4413
11.4413
11.4413
10.8364
10.8364
10.8364
10.8364
10.8364
10.8364
10.8364
10.8364
10.3167
10.3167
10.3167
10.3167
10.3167
10.3167
10.3167
10.3167
9.8849
9.8849
9.8849
9.8849
9.8849
9.8849
9.8849
9.8849
9.53616
9.53616
9.53616
9.53616
9.53616
9.53616
9.53616
9.53616
9.25965
9.25965
9.25965
9.25965
9.25965
9.25965
9.25965
9.25965
9.03965
9.03965
9.03965
9.03965
9.03965
9.03965
9.03965
9.03965
8.85711
8.85711
8.85711
8.85711
8.85711
8.85711
8.85711
8.85711
8.69078
8.69078
8.69078
8.69078
8.69078
8.69078
8.69078
8.69078
15.9603
15.9603
15.9603
15.9603
15.9603
15.9603
15.9603
15.9603
15.5377
15.5377
15.5377
15.5377
15.5377
15.5377
15.5377
15.5377
14.9836
14.9836
14.9836
14.9836
14.9836
14.9836
14.9836
14.9836
14.3233
14.3233
14.3233
14.3233
14.3233
14.3233
14.3233
14.3233
13.5969
13.5969
13.5969
13.5969
13.5969
13.5969
13.5969
13.5969
12.8488
12.8488
12.8488
12.8488
12.8488
12.8488
12.8488
12.8488
12.1194
12.1194
12.1194
12.1194
12.1194
12.1194
12.1194
12.1194
11.4413
11.4413
11.4413
11.4413
11.4413
11.4413
11.4413
11.4413
10.8364
10.8364
10.8364
10.8364
10.8364
10.8364
10.8364
10.8364
10.3167
10.3167
10.3167
10.3167
10.3167
10.3167
10.3167
10.3167
9.8849
9.8849
9.8849
9.8849
9.8849
9.8849
9.8849
9.8849
9.53616
9.53616
9.53616
9.53616
9.53616
9.53616
9.53616
9.53616
9.25965
9.25965
9.25965
9.25965
9.25965
9.25965
9.25965
9.25965
9.03965
9.03965
9.03965
9.03965
9.03965
9.03965
9.03965
9.03965
8.85711
8.85711
8.85711
8.85711
8.85711
8.85711
8.85711
8.85711
8.69078
8.69078
8.69078
8.69078
8.69078
8.69078
8.69078
8.69078
15.9603
15.9603
15.9603
15.9603
15.9603
15.9603
15.9603
15.9603
15.5377
15.5377
15.5377
15.5377
15.5377
15.5377
15.5377
15.5377
14.9836
14.9836
14.9836
14.9836
14.9836
14.9836
14.9836
14.9836
14.3233
14.3233
14.3233
14.3233
14.3233
14.3233
14.3233
14.3233
13.5969
13.5969
13.5969
13.5969
13.5969
13.5969
13.5969
13.5969
12.8488
12.8488
12.8488
12.8488
12.8488
12.8488
12.8488
12.8488
12.1194
12.1194
12.1194
12.1194
12.1194
12.1194
12.1194
12.1194
11.4413
11.4413
11.4413
11.4413
11.4413
11.4413
11.4413
11.4413
10.8364
10.8364
10.8364
10.8364
10.8364
10.8364
10.8364
10.8364
10.3167
10.3167
10.3167
10.3167
10.3167
10.3167
10.3167
10.3167
9.8849
9.8849
9.8849
9.8849
9.8849
9.8849
9.8849
9.8849
9.53616
9.53616
9.53616
9.53616
9.53616
9.53616
9.53616
9.53616
9.25965
9.25965
9.25965
9.25965
9.25965
9.25965
9.25965
9.25965
9.03965
9.03965
9.03965
9.03965
9.03965
9.03965
9.03965
9.03965
8.85711
8.85711
8.85711
8.85711
8.85711
8.85711
8.85711
8.85711
8.69078
8.69078
8.69078
8.69078
8.69078
8.69078
8.69078
8.69078
15.9603
15.9603
15.9603
15.9603
15.9603
15.9603
15.9603
15.9603
15.5377
15.5377
15.5377
15.5377
15.5377
15.5377
15.5377
15.5377
14.9836
14.9836
14.9836
14.9836
14.9836
14.9836
14.9836
14.9836
14.3233
14.3233
14.3233
14.3233
14.3233
14.3233
14.3233
14.3233
13.5969
13.5969
13.5969
13.5969
13.5969
13.5969
13.5969
13.5969
12.8488
12.8488
12.8488
12.8488
12.8488
12.8488
12.8488
12.8488
12.1194
12.1194
12.1194
12.1194
12.1194
12.1194
12.1194
12.1194
11.4413
11.4413
11.4413
11.4413
11.4413
11.4413
11.4413
11.4413
10.8364
10.8364
10.8364
10.8364
10.8364
10.8364
10.8364
10.8364
10.3167
10.3167
10.3167
10.3167
10.3167
10.3167
10.3167
10.3167
9.8849
9.8849
9.8849
9.8849
9.8849
9.8849
9.8849
9.8849
9.53616
9.53616
9.53616
9.53616
9.53616
9.53616
9.53616
9.53616
9.25965
9.25965
9.25965
9.25965
9.25965
9.25965
9.25965
9.25965
9.03965
9.03965
9.03965
9.03965
9.03965
9.03965
9.03965
9.03965
8.85711
8.85711
8.85711
8.85711
8.85711
8.85711
8.85711
8.85711
8.69078
8.69078
8.69078
8.69078
8.69078
8.69078
8.69078
8.69078
15.4144
15.4144
15.4144
15.4144
15.4144
15.4144
15.4144
15.4144
15.0049
15.0049
15.0049
15.0049
15.0049
15.0049
15.0049
15.0049
14.4947
14.4947
14.4947
14.4947
14.4947
14.4947
14.4947
14.4947
13.9061
13.9061
13.9061
13.9061
13.9061
13.9061
13.9061
13.9061
13.2736
13.2736
13.2736
13.2736
13.2736
13.2736
13.2736
13.2736
12.6337
12.6337
12.6337
12.6337
12.6337
12.6337
12.6337
12.6337
12.02
12.02
12.02
12.02
12.02
12.02
12.02
12.02
11.4586
11.4586
11.4586
11.4586
11.4586
11.4586
11.4586
11.4586
10.9671
10.9671
10.9671
10.9671
10.9671
10.9671
10.9671
10.9671
10.5544
10.5544
10.5544
10.5544
10.5544
10.5544
10.5544
10.5544
10.2212
10.2212
10.2212
10.2212
10.2212
10.2212
10.2212
10.2212
9.96145
9.96145
9.96145
9.96145
9.96145
9.96145
9.96145
9.96145
9.76291
9.76291
9.76291
9.76291
9.76291
9.76291
9.76291
9.76291
9.60848
9.60848
9.60848
9.60848
9.60848
9.60848
9.60848
9.60848
9.47737
9.47737
9.47737
9.47737
9.47737
9.47737
9.47737
9.47737
9.34645
9.34645
9.34645
9.34645
9.34645
9.34645
9.34645
9.34645
15.4144
15.4144
15.4144
15.4144
15.4144
15.4144
15.4144
15.4144
15.0049
15.0049
15.0049
15.0049
15.0049
15.0049
15.0049
15.0049
14.4947
14.4947
14.4947
14.4947
14.4947
14.4947
14.4947
14.4947
13.9061
13.9061
13.9061
13.9061
13.9061
13.9061
13.9061
13.9061
13.2736
13.2736
13.2736
13.2736
13.2736
13.2736
13.2736
13.2736
12.6337
12.6337
12.6337
12.6337
12.6337
12.6337
12.6337
12.6337
12.02
12.02
12.02
12.02
12.02
12.02
12.02
12.02
11.4586
11.4586
11.4586
11.4586
11.4586
11.4586
11.4586
11.4586
10.9671
10.9671
10.9671
10.9671
10.9671
10.9671
10.9671
10.9671
10.5544
10.5544
10.5544
10.5544
10.5544
10.5544
10.5544
10.5544
10.2212
10.2212
10.2212
10.2212
10.2212
10.2212
10.2212
10.2212
9.96145
9.96145
9.96145
9.96145
9.96145
9.96145
9.96145
9.96145
9.76291
9.76291
9.76291
9.76291
9.76291
9.76291
9.76291
9.76291
9.60848
9.60848
9.60848
9.60848
9.60848
9.60848
9.60848
9.60848
9.47737
9.47737
9.47737
9.47737
9.47737
9.47737
9.47737
9.47737
9.34645
9.34645
9.34645
9.34645
9.34645
9.34645
9.34645
9.34645
15.4144
15.4144
15.4144
15.4144
15.4144
15.4144
15.4144
15.4144
15.0049
15.0049
15.0049
15.0049
15.0049
15.0049
15.0049
15.0049
14.4947
14.4947
14.4947
14.4947
14.4947
14.4947
14.4947
14.4947
13.9061
13.9061
13.9061
13.9061
13.9061
13.9061
13.9061
13.9061
13.2736
13.2736
13.2736
13.2736
13.2736
13.2736
13.2736
13.2736
12.6337
12.6337
12.6337
12.6337
12.6337
12.6337
12.6337
12.6337
12.02
12.02
12.02
12.02
12.02
12.02
12.02
12.02
11.4586
11.4586
11.4586
11.4586
11.4586
11.4586
11.4586
11.4586
10.9671
10.9671
10.9671
10.9671
10.9671
10.9671
10.9671
10.9671
10.5544
10.5544
10.5544
10.5544
10.5544
10.5544
10.5544
10.5544
10.2212
10.2212
10.2212
10.2212
10.2212
10.2212
10.2212
10.2212
9.96145
9.96145
9.96145
9.96145
9.96145
9.96145
9.96145
9.96145
9.76291
9.76291
9.76291
9.76291
9.76291
9.76291
9.76291
9.76291
9.60848
9.60848
9.60848
9.60848
9.60848
9.60848
9.60848
9.60848
9.47737
9.47737
9.47737
9.47737
9.47737
9.47737
9.47737
9.47737
9.34645
9.34645
9.34645
9.34645
9.34645
9.34645
9.34645
9.34645
15.4144
15.4144
15.4144
15.4144
15.4144
15.4144
15.4144
15.4144
15.0049
15.0049
15.0049
15.0049
15.0049
15.0049
15.0049
15.0049
14.4947
14.4947
14.4947
14.4947
14.4947
14.4947
14.4947
14.4947
13.9061
13.9061
13.9061
13.9061
13.9061
13.9061
13.9061
13.9061
13.2736
13.2736
13.2736
13.2736
13.2736
13.2736
13.2736
13.2736
12.6337
12.6337
12.6337
12.6337
12.6337
12.6337
12.6337
12.6337
12.02
12.02
12.02
12.02
12.02
12.02
12.02
12.02
11.4586
11.4586
11.4586
11.4586
11.4586
11.4586
11.4586
11.4586
10.9671
10.9671
10.9671
10.9671
10.9671
10.9671
10.9671
10.9671
10.5544
10.5544
10.5544
10.5544
10.5544
10.5544
10.5544
10.5544
10.2212
10.2212
10.2212
10.2212
10.2212
10.2212
10.2212
10.2212
9.96145
9.96145
9.96145
9.96145
9.96145
9.96145
9.96145
9.96145
9.76291
9.76291
9.76291
9.76291
9.76291
9.76291
9.76291
9.76291
9.60848
9.60848
9.60848
9.60848
9.60848
9.60848
9.60848
9.60848
9.47737
9.47737
9.47737
9.47737
9.47737
9.47737
9.47737
9.47737
9.34645
9.34645
9.34645
9.34645
9.34645
9.34645
9.34645
9.34645
14.8085
14.8085
14.8085
14.8085
14.8085
14.8085
14.8085
14.8085
14.4054
14.4054
14.4054
14.4054
14.4054
14.4054
14.4054
14.4054
13.9319
13.9319
13.9319
13.9319
13.9319
13.9319
13.9319
13.9319
13.4088
13.4088
13.4088
13.4088
13.4088
13.4088
13.4088
13.4088
12.8649
12.8649
12.8649
12.8649
12.8649
12.8649
12.8649
12.8649
12.3305
12.3305
12.3305
12.3305
12.3305
12.3305
12.3305
12.3305
11.8325
11.8325
11.8325
11.8325
11.8325
11.8325
11.8325
11.8325
11.3913
11.3913
11.3913
11.3913
11.3913
11.3913
11.3913
11.3913
11.0204
11.0204
11.0204
11.0204
11.0204
11.0204
11.0204
11.0204
10.7254
10.7254
10.7254
10.7254
10.7254
10.7254
10.7254
10.7254
10.5049
10.5049
10.5049
10.5049
10.5049
10.5049
10.5049
10.5049
10.351
10.351
10.351
10.351
10.351
10.351
10.351
10.351
10.2496
10.2496
10.2496
10.2496
10.2496
10.2496
10.2496
10.2496
10.1815
10.1815
10.1815
10.1815
10.1815
10.1815
10.1815
10.1815
10.1233
10.1233
10.1233
10.1233
10.1233
10.1233
10.1233
10.1233
10.0491
10.0491
10.0491
10.0491
10.0491
10.0491
10.0491
10.0491
14.8085
14.8085
14.8085
14.8085
14.8085
14.8085
14.8085
14.8085
14.4054
14.4054
14.4054
14.4054
14.4054
14.4054
14.4054
14.4054
13.9319
13.9319
13.9319
13.9319
13.9319
13.9319
13.9319
13.9319
13.4088
13.4088
13.4088
13.4088
13.4088
13.4088
13.4088
13.4088
12.8649
12.8649
12.8649
12.8649
12.8649
12.8649
12.8649
12.8649
12.3305
12.3305
12.3305
12.3305
12.3305
12.3305
12.3305
12.3305
11.8325
11.8325
11.8325
11.8325
11.8325
11.8325
11.8325
11.8325
11.3913
11.3913
11.3913
11.3913
11.3913
11.3913
11.3913
11.3913
11.0204
11.0204
11.0204
11.0204
11.0204
11.0204
11.0204
11.0204
10.7254
10.7254
10.7254
10.7254
10.7254
10.7254
10.7254
10.7254
10.5049
10.5049
10.5049
10.5049
10.5049
10.5049
10.5049
10.5049
10.351
10.351
10.351
10.351
10.351
10.351
10.351
10.351
10.2496
10.2496
10.2496
10.2496
10.2496
10.2496
10.2496
10.2496
10.1815
10.1815
10.1815
10.1815
10.1815
10.1815
10.1815
10.1815
10.1233
10.1233
10.1233
10.1233
10.1233
10.1233
10.1233
10.1233
10.0491
10.0491
10.0491
10.0491
10.0491
10.0491
10.0491
10.0491
14.8085
14.8085
14.8085
14.8085
14.8085
14.8085
14.8085
14.8085
14.4054
14.4054
14.4054
14.4054
14.4054
14.4054
14.4054
14.4054
13.9319
13.9319
13.9319
13.9319
13.9319
13.9319
13.9319
13.9319
13.4088
13.4088
13.4088
13.4088
13.4088
13.4088
13.4088
13.4088
12.8649
12.8649
12.8649
12.8649
12.8649
12.8649
12.8649
12.8649
12.3305
12.3305
12.3305
12.3305
12.3305
12.3305
12.3305
12.3305
11.8325
11.8325
11.8325
11.8325
11.8325
11.8325
11.8325
11.8325
11.3913
11.3913
11.3913
11.3913
11.3913
11.3913
11.3913
11.3913
11.0204
11.0204
11.0204
11.0204
11.0204
11.0204
11.0204
11.0204
10.7254
10.7254
10.7254
10.7254
10.7254
10.7254
10.7254
10.7254
10.5049
10.5049
10.5049
10.5049
10.5049
10.5049
10.5049
10.5049
10.351
10.351
10.351
10.351
10.351
10.351
10.351
10.351
10.2496
10.2496
10.2496
10.2496
10.2496
10.2496
10.2496
10.2496
10.1815
10.1815
10.1815
10.1815
10.1815
10.1815
10.1815
10.1815
10.1233
10.1233
10.1233
10.1233
10.1233
10.1233
10.1233
10.1233
10.0491
10.0491
10.0491
10.0491
10.0491
10.0491
10.0491
10.0491
14.8085
14.8085
14.8085
14.8085
14.8085
14.8085
14.8085
14.8085
14.4054
14.4054
14.4054
14.4054
14.4054
14.4054
14.4054
14.4054
13.9319
13.9319
13.9319
13.9319
13.9319
13.9319
13.9319
13.9319
13.4088
13.4088
13.4088
13.4088
13.4088
13.4088
13.4088
13.4088
12.8649
12.8649
12.8649
12.8649
12.8649
12.8649
12.8649
12.8649
12.3305
12.3305
12.3305
12.3305
12.3305
12.3305
12.3305
12.3305
11.8325
11.8325
11.8325
11.8325
11.8325
11.8325
11.8325
11.8325
11.3913
11.3913
11.3913
11.3913
11.3913
11.3913
11.3913
11.3913
11.0204
11.0204
11.0204
11.0204
11.0204
11.0204
11.0204
11.0204
10.7254
10.7254
10.7254
10.7254
10.7254
10.7254
10.7254
10.7254
10.5049
10.5049
10.5049
10.5049
10.5049
10.5049
10.5049
10.5049
10.351
10.351
10.351
10.351
10.351
10.351
10.351
10.351
10.2496
10.2496
10.2496
10.2496
10.2496
10.2496
10.2496
10.2496
10.1815
10.1815
10.1815
10.1815
10.1815
10.1815
10.1815
10.1815
10.1233
10.1233
10.1233
10.1233
10.1233
10.1233
10.1233
10.1233
10.0491
10.0491
10.0491
10.0491
10.0491
10.0491
10.0491
10.0491
14.1647
14.1647
14.1647
14.1647
14.1647
14.1647
14.1647
14.1647
13.7618
13.7618
13.7618
13.7618
13.7618
13.7618
13.7618
13.7618
13.3179
13.3179
13.3179
13.3179
13.3179
13.3179
13.3179
13.3179
12.8519
12.8519
12.8519
12.8519
12.8519
12.8519
12.8519
12.8519
12.3886
12.3886
12.3886
12.3886
12.3886
12.3886
12.3886
12.3886
11.9527
11.9527
11.9527
11.9527
11.9527
11.9527
11.9527
11.9527
11.5655
11.5655
11.5655
11.5655
11.5655
11.5655
11.5655
11.5655
11.2428
11.2428
11.2428
11.2428
11.2428
11.2428
11.2428
11.2428
10.9942
10.9942
10.9942
10.9942
10.9942
10.9942
10.9942
10.9942
10.8225
10.8225
10.8225
10.8225
10.8225
10.8225
10.8225
10.8225
10.7244
10.7244
10.7244
10.7244
10.7244
10.7244
10.7244
10.7244
10.6898
10.6898
10.6898
10.6898
10.6898
10.6898
10.6898
10.6898
10.7027
10.7027
10.7027
10.7027
10.7027
10.7027
10.7027
10.7027
10.7411
10.7411
10.7411
10.7411
10.7411
10.7411
10.7411
10.7411
10.7782
10.7782
10.7782
10.7782
10.7782
10.7782
10.7782
10.7782
10.7843
10.7843
10.7843
10.7843
10.7843
10.7843
10.7843
10.7843
14.1647
14.1647
14.1647
14.1647
14.1647
14.1647
14.1647
14.1647
13.7618
13.7618
13.7618
13.7618
13.7618
13.7618
13.7618
13.7618
13.3179
13.3179
13.3179
13.3179
13.3179
13.3179
13.3179
13.3179
12.8519
12.8519
12.8519
12.8519
12.8519
12.8519
12.8519
12.8519
12.3886
12.3886
12.3886
12.3886
12.3886
12.3886
12.3886
12.3886
11.9527
11.9527
11.9527
11.9527
11.9527
11.9527
11.9527
11.9527
11.5655
11.5655
11.5655
11.5655
11.5655
11.5655
11.5655
11.5655
11.2428
11.2428
11.2428
11.2428
11.2428
11.2428
11.2428
11.2428
10.9942
10.9942
10.9942
10.9942
10.9942
10.9942
10.9942
10.9942
10.8225
10.8225
10.8225
10.8225
10.8225
10.8225
10.8225
10.8225
10.7244
10.7244
10.7244
10.7244
10.7244
10.7244
10.7244
10.7244
10.6898
10.6898
10.6898
10.6898
10.6898
10.6898
10.6898
10.6898
10.7027
10.7027
10.7027
10.7027
10.7027
10.7027
10.7027
10.7027
10.7411
10.7411
10.7411
10.7411
10.7411
10.7411
10.7411
10.7411
10.7782
10.7782
10.7782
10.7782
10.7782
10.7782
10.7782
10.7782
10.7843
10.7843
10.7843
10.7843
10.7843
10.7843
10.7843
10.7843
14.1647
14.1647
14.1647
14.1647
14.1647
14.1647
14.1647
14.1647
13.7618
13.7618
13.7618
13.7618
13.7618
13.7618
13.7618
13.7618
13.3179
13.3179
13.3179
13.3179
13.3179
13.3179
13.3179
13.3179
12.8519
12.8519
12.8519
12.8519
12.8519
12.8519
12.8519
12.8519
12.3886
12.3886
12.3886
12.3886
12.3886
12.3886
12.3886
12.3886
11.9527
11.9527
11.9527
11.9527
11.9527
11.9527
11.9527
11.9527
11.5655
11.5655
11.5655
11.5655
11.5655
11.5655
11.5655
11.5655
11.2428
11.2428
11.2428
11.2428
11.2428
11.2428
11.2428
11.2428
10.9942
10.9942
10.9942
10.9942
10.9942
10.9942
10.9942
10.9942
10.8225
10.8225
10.8225
10.8225
10.8225
10.8225
10.8225
10.8225
10.7244
10.7244
10.7244
10.7244
10.7244
10.7244
10.7244
10.7244
10.6898
10.6898
10.6898
10.6898
10.6898
10.6898
10.6898
10.6898
10.7027
10.7027
10.7027
10.7027
10.7027
10.7027
10.7027
10.7027
10.7411
10.7411
10.7411
10.7411
10.7411
10.7411
10.7411
10.7411
10.7782
10.7782
10.7782
10.7782
10.7782
10.7782
10.7782
10.7782
10.7843
10.7843
10.7843
10.7843
10.7843
10.7843
10.7843
10.7843
14.1647
14.1647
14.1647
14.1647
14.1647
14.1647
14.1647
14.1647
13.7618
13.7618
13.7618
13.7618
13.7618
13.7618
13.7618
13.7618
13.3179
13.3179
13.3179
13.3179
13.3179
13.3179
13.3179
13.3179
12.8519
12.8519
12.8519
12.8519
12.8519
12.8519
12.8519
12.8519
12.3886
12.3886
12.3886
12.3886
12.3886
12.3886
12.3886
12.3886
11.9527
11.9527
11.9527
11.9527
11.9527
11.9527
11.9527
11.9527
11.5655
11.5655
11.5655
11.5655
11.5655
11.5655
11.5655
11.5655
11.2428
11.2428
11.2428
11.2428
11.2428
11.2428
11.2428
11.2428
10.9942
10.9942
10.9942
10.9942
10.9942
10.9942
10.9942
10.9942
10.8225
10.8225
10.8225
10.8225
10.8225
10.8225
10.8225
10.8225
10.7244
10.7244
10.7244
10.7244
10.7244
10.7244
10.7244
10.7244
10.6898
10.6898
10.6898
10.6898
10.6898
10.6898
10.6898
10.6898
10.7027
10.7027
10.7027
10.7027
10.7027
10.7027
10.7027
10.7027
10.7411
10.7411
10.7411
10.7411
10.7411
10.7411
10.7411
10.7411
10.7782
10.7782
10.7782
10.7782
10.7782
10.7782
10.7782
10.7782
10.7843
10.7843
10.7843
10.7843
10.7843
10.7843
10.7843
10.7843
13.5053
13.5053
13.5053
13.5053
13.5053
13.5053
13.5053
13.5053
13.0975
13.0975
13.0975
13.0975
13.0975
13.0975
13.0975
13.0975
12.6756
12.6756
12.6756
12.6756
12.6756
12.6756
12.6756
12.6756
12.2577
12.2577
12.2577
12.2577
12.2577
12.2577
12.2577
12.2577
11.8647
11.8647
11.8647
11.8647
11.8647
11.8647
11.8647
11.8647
11.5171
11.5171
11.5171
11.5171
11.5171
11.5171
11.5171
11.5171
11.2317
11.2317
11.2317
11.2317
11.2317
11.2317
11.2317
11.2317
11.0207
11.0207
11.0207
11.0207
11.0207
11.0207
11.0207
11.0207
10.8907
10.8907
10.8907
10.8907
10.8907
10.8907
10.8907
10.8907
10.8427
10.8427
10.8427
10.8427
10.8427
10.8427
10.8427
10.8427
10.8713
10.8713
10.8713
10.8713
10.8713
10.8713
10.8713
10.8713
10.9652
10.9652
10.9652
10.9652
10.9652
10.9652
10.9652
10.9652
11.1059
11.1059
11.1059
11.1059
11.1059
11.1059
11.1059
11.1059
11.2687
11.2687
11.2687
11.2687
11.2687
11.2687
11.2687
11.2687
11.4227
11.4227
11.4227
11.4227
11.4227
11.4227
11.4227
11.4227
11.5333
11.5333
11.5333
11.5333
11.5333
11.5333
11.5333
11.5333
13.5053
13.5053
13.5053
13.5053
13.5053
13.5053
13.5053
13.5053
13.0975
13.0975
13.0975
13.0975
13.0975
13.0975
13.0975
13.0975
12.6756
12.6756
12.6756
12.6756
12.6756
12.6756
12.6756
12.6756
12.2577
12.2577
12.2577
12.2577
12.2577
12.2577
12.2577
12.2577
11.8647
11.8647
11.8647
11.8647
11.8647
11.8647
11.8647
11.8647
11.5171
11.5171
11.5171
11.5171
11.5171
11.5171
11.5171
11.5171
11.2317
11.2317
11.2317
11.2317
11.2317
11.2317
11.2317
11.2317
11.0207
11.0207
11.0207
11.0207
11.0207
11.0207
11.0207
11.0207
10.8907
10.8907
10.8907
10.8907
10.8907
10.8907
10.8907
10.8907
10.8427
10.8427
10.8427
10.8427
10.8427
10.8427
10.8427
10.8427
10.8713
10.8713
10.8713
10.8713
10.8713
10.8713
10.8713
10.8713
10.9652
10.9652
10.9652
10.9652
10.9652
10.9652
10.9652
10.9652
11.1059
11.1059
11.1059
11.1059
11.1059
11.1059
11.1059
11.1059
11.2687
11.2687
11.2687
11.2687
11.2687
11.2687
11.2687
11.2687
11.4227
11.4227
11.4227
11.4227
11.4227
11.4227
11.4227
11.4227
11.5333
11.5333
11.5333
11.5333
11.5333
11.5333
11.5333
11.5333
13.5053
13.5053
13.5053
13.5053
13.5053
13.5053
13.5053
13.5053
13.0975
13.0975
13.0975
13.0975
13.0975
13.0975
13.0975
13.0975
12.6756
12.6756
12.6756
12.6756
12.6756
12.6756
12.6756
12.6756
12.2577
12.2577
12.2577
12.2577
12.2577
12.2577
12.2577
12.2577
11.8647
11.8647
11.8647
11.8647
11.8647
11.8647
11.8647
11.8647
11.5171
11.5171
11.5171
11.5171
11.5171
11.5171
11.5171
11.5171
11.2317
11.2317
11.2317
11.2317
11.2317
11.2317
11.2317
11.2317
11.0207
11.0207
11.0207
11.0207
11.0207
11.0207
11.0207
11.0207
10.8907
10.8907
10.8907
10.8907
10.8907
10.8907
10.8907
10.8907
10.8427
10.8427
10.8427
10.8427
10.8427
10.8427
10.8427
10.8427
10.8713
10.8713
10.8713
10.8713
10.8713
10.8713
10.8713
10.8713
10.9652
10.9652
10.9652
10.9652
10.9652
10.9652
10.9652
10.9652
11.1059
11.1059
11.1059
11.1059
11.1059
11.1059
11.1059
11.1059
11.2687
11.2687
11.2687
11.2687
11.2687
11.2687
11.2687
11.2687
11.4227
11.4227
11.4227
11.4227
11.4227
11.4227
11.4227
11.4227
11.5333
11.5333
11.5333
11.5333
11.5333
11.5333
11.5333
11.5333
13.5053
13.5053
13.5053
13.5053
13.5053
13.5053
13.5053
13.5053
13.0975
13.0975
13.0975
13.0975
13.0975
13.0975
13.0975
13.0975
12.6756
12.6756
12.6756
12.6756
12.6756
12.6756
12.6756
12.6756
12.2577
12.2577
12.2577
12.2577
12.2577
12.2577
12.2577
12.2577
11.8647
11.8647
11.8647
11.8647
11.8647
11.8647
11.8647
11.8647
11.5171
11.5171
11.5171
11.5171
11.5171
11.5171
11.5171
11.5171
11.2317
11.2317
11.2317
11.2317
11.2317
11.2317
11.2317
11.2317
11.0207
11.0207
11.0207
11.0207
11.0207
11.0207
11.0207
11.0207
10.8907
10.8907
10.8907
10.8907
10.8907
10.8907
10.8907
10.8907
10.8427
10.8427
10.8427
10.8427
10.8427
10.8427
10.8427
10.8427
10.8713
10.8713
10.8713
10.8713
10.8713
10.8713
10.8713
10.8713
10.9652
10.9652
10.9652
10.9652
10.9652
10.9652
10.9652
10.9652
11.1059
11.1059
11.1059
11.1059
11.1059
11.1059
11.1059
11.1059
11.2687
11.2687
11.2687
11.2687
11.2687
11.2687
11.2687
11.2687
11.4227
11.4227
11.4227
11.4227
11.4227
11.4227
11.4227
11.4227
11.5333
11.5333
11.5333
11.5333
11.5333
11.5333
11.5333
11.5333
12.8515
12.8515
12.8515
12.8515
12.8515
12.8515
12.8515
12.8515
12.4345
12.4345
12.4345
12.4345
12.4345
12.4345
12.4345
12.4345
12.0278
12.0278
12.0278
12.0278
12.0278
12.0278
12.0278
12.0278
11.6481
11.6481
11.6481
11.6481
11.6481
11.6481
11.6481
11.6481
11.314
11.314
11.314
11.314
11.314
11.314
11.314
11.314
11.0423
11.0423
11.0423
11.0423
11.0423
11.0423
11.0423
11.0423
10.8465
10.8465
10.8465
10.8465
10.8465
10.8465
10.8465
10.8465
10.7364
10.7364
10.7364
10.7364
10.7364
10.7364
10.7364
10.7364
10.7166
10.7166
10.7166
10.7166
10.7166
10.7166
10.7166
10.7166
10.787
10.787
10.787
10.787
10.787
10.787
10.787
10.787
10.9413
10.9413
10.9413
10.9413
10.9413
10.9413
10.9413
10.9413
11.1671
11.1671
11.1671
11.1671
11.1671
11.1671
11.1671
11.1671
11.4444
11.4444
11.4444
11.4444
11.4444
11.4444
11.4444
11.4444
11.7456
11.7456
11.7456
11.7456
11.7456
11.7456
11.7456
11.7456
12.0357
12.0357
12.0357
12.0357
12.0357
12.0357
12.0357
12.0357
12.2747
12.2747
12.2747
12.2747
12.2747
12.2747
12.2747
12.2747
12.8515
12.8515
12.8515
12.8515
12.8515
12.8515
12.8515
12.8515
12.4345
12.4345
12.4345
12.4345
12.4345
12.4345
12.4345
12.4345
12.0278
12.0278
12.0278
12.0278
12.0278
12.0278
12.0278
12.0278
11.6481
11.6481
11.6481
11.6481
11.6481
11.6481
11.6481
11.6481
11.314
11.314
11.314
11.314
11.314
11.314
11.314
11.314
11.0423
11.0423
11.0423
11.0423
11.0423
11.0423
11.0423
11.0423
10.8465
10.8465
10.8465
10.8465
10.8465
10.8465
10.8465
10.8465
10.7364
10.7364
10.7364
10.7364
10.7364
10.7364
10.7364
10.7364
10.7166
10.7166
10.7166
10.7166
10.7166
10.7166
10.7166
10.7166
10.787
10.787
10.787
10.787
10.787
10.787
10.787
10.787
10.9413
10.9413
10.9413
10.9413
10.9413
10.9413
10.9413
10.9413
11.1671
11.1671
11.1671
11.1671
11.1671
11.1671
11.1671
11.1671
11.4444
11.4444
11.4444
11.4444
11.4444
11.4444
11.4444
11.4444
11.7456
11.7456
11.7456
11.7456
11.7456
11.7456
11.7456
11.7456
12.0357
12.0357
12.0357
12.0357
12.0357
12.0357
12.0357
12.0357
12.2747
12.2747
12.2747
12.2747
12.2747
12.2747
12.2747
12.2747
12.8515
12.8515
12.8515
12.8515
12.8515
12.8515
12.8515
12.8515
12.4345
12.4345
12.4345
12.4345
12.4345
12.4345
12.4345
12.4345
12.0278
12.0278
12.0278
12.0278
12.0278
12.0278
12.0278
12.0278
11.6481
11.6481
11.6481
11.6481
11.6481
11.6481
11.6481
11.6481
11.314
11.314
11.314
11.314
11.314
11.314
11.314
11.314
11.0423
11.0423
11.0423
11.0423
11.0423
11.0423
11.0423
11.0423
10.8465
10.8465
10.8465
10.8465
10.8465
10.8465
10.8465
10.8465
10.7364
10.7364
10.7364
10.7364
10.7364
10.7364
10.7364
10.7364
10.7166
10.7166
10.7166
10.7166
10.7166
10.7166
10.7166
10.7166
10.787
10.787
10.787
10.787
10.787
10.787
10.787
10.787
10.9413
10.9413
10.9413
10.9413
10.9413
10.9413
10.9413
10.9413
11.1671
11.1671
11.1671
11.1671
11.1671
11.1671
11.1671
11.1671
11.4444
11.4444
11.4444
11.4444
11.4444
11.4444
11.4444
11.4444
11.7456
11.7456
11.7456
11.7456
11.7456
11.7456
11.7456
11.7456
12.0357
12.0357
12.0357
12.0357
12.0357
12.0357
12.0357
12.0357
12.2747
12.2747
12.2747
12.2747
12.2747
12.2747
12.2747
12.2747
12.8515
12.8515
12.8515
12.8515
12.8515
12.8515
12.8515
12.8515
12.4345
12.4345
12.4345
12.4345
12.4345
12.4345
12.4345
12.4345
12.0278
12.0278
12.0278
12.0278
12.0278
12.0278
12.0278
12.0278
11.6481
11.6481
11.6481
11.6481
11.6481
11.6481
11.6481
11.6481
11.314
11.314
11.314
11.314
11.314
11.314
11.314
11.314
11.0423
11.0423
11.0423
11.0423
11.0423
11.0423
11.0423
11.0423
10.8465
10.8465
10.8465
10.8465
10.8465
10.8465
10.8465
10.8465
10.7364
10.7364
10.7364
10.7364
10.7364
10.7364
10.7364
10.7364
10.7166
10.7166
10.7166
10.7166
10.7166
10.7166
10.7166
10.7166
10.787
10.787
10.787
10.787
10.787
10.787
10.787
10.787
10.9413
10.9413
10.9413
10.9413
10.9413
10.9413
10.9413
10.9413
11.1671
11.1671
11.1671
11.1671
11.1671
11.1671
11.1671
11.1671
11.4444
11.4444
11.4444
11.4444
11.4444
11.4444
11.4444
11.4444
11.7456
11.7456
11.7456
11.7456
11.7456
11.7456
11.7456
11.7456
12.0357
12.0357
12.0357
12.0357
12.0357
12.0357
12.0357
12.0357
12.2747
12.2747
12.2747
12.2747
12.2747
12.2747
12.2747
12.2747
12.2222
12.2222
12.2222
12.2222
12.2222
12.2222
12.2222
12.2222
11.7929
11.7929
11.7929
11.7929
11.7929
11.7929
11.7929
11.7929
11.3948
11.3948
11.3948
11.3948
11.3948
11.3948
11.3948
11.3948
11.0441
11.0441
11.0441
11.0441
11.0441
11.0441
11.0441
11.0441
10.7568
10.7568
10.7568
10.7568
10.7568
10.7568
10.7568
10.7568
10.5474
10.5474
10.5474
10.5474
10.5474
10.5474
10.5474
10.5474
10.4272
10.4272
10.4272
10.4272
10.4272
10.4272
10.4272
10.4272
10.4042
10.4042
10.4042
10.4042
10.4042
10.4042
10.4042
10.4042
10.4823
10.4823
10.4823
10.4823
10.4823
10.4823
10.4823
10.4823
10.661
10.661
10.661
10.661
10.661
10.661
10.661
10.661
10.9345
10.9345
10.9345
10.9345
10.9345
10.9345
10.9345
10.9345
11.29
11.29
11.29
11.29
11.29
11.29
11.29
11.29
11.7067
11.7067
11.7067
11.7067
11.7067
11.7067
11.7067
11.7067
12.155
12.155
12.155
12.155
12.155
12.155
12.155
12.155
12.5962
12.5962
12.5962
12.5962
12.5962
12.5962
12.5962
12.5962
12.9845
12.9845
12.9845
12.9845
12.9845
12.9845
12.9845
12.9845
12.2222
12.2222
12.2222
12.2222
12.2222
12.2222
12.2222
12.2222
11.7929
11.7929
11.7929
11.7929
11.7929
11.7929
11.7929
11.7929
11.3948
11.3948
11.3948
11.3948
11.3948
11.3948
11.3948
11.3948
11.0441
11.0441
11.0441
11.0441
11.0441
11.0441
11.0441
11.0441
10.7568
10.7568
10.7568
10.7568
10.7568
10.7568
10.7568
10.7568
10.5474
10.5474
10.5474
10.5474
10.5474
10.5474
10.5474
10.5474
10.4272
10.4272
10.4272
10.4272
10.4272
10.4272
10.4272
10.4272
10.4042
10.4042
10.4042
10.4042
10.4042
10.4042
10.4042
10.4042
10.4823
10.4823
10.4823
10.4823
10.4823
10.4823
10.4823
10.4823
10.661
10.661
10.661
10.661
10.661
10.661
10.661
10.661
10.9345
10.9345
10.9345
10.9345
10.9345
10.9345
10.9345
10.9345
11.29
11.29
11.29
11.29
11.29
11.29
11.29
11.29
11.7067
11.7067
11.7067
11.7067
11.7067
11.7067
11.7067
11.7067
12.155
12.155
12.155
12.155
12.155
12.155
12.155
12.155
12.5962
12.5962
12.5962
12.5962
12.5962
12.5962
12.5962
12.5962
12.9845
12.9845
12.9845
12.9845
12.9845
12.9845
12.9845
12.9845
12.2222
12.2222
12.2222
12.2222
12.2222
12.2222
12.2222
12.2222
11.7929
11.7929
11.7929
11.7929
11.7929
11.7929
11.7929
11.7929
11.3948
11.3948
11.3948
11.3948
11.3948
11.3948
11.3948
11.3948
11.0441
11.0441
11.0441
11.0441
11.0441
11.0441
11.0441
11.0441
10.7568
10.7568
10.7568
10.7568
10.7568
10.7568
10.7568
10.7568
10.5474
10.5474
10.5474
10.5474
10.5474
10.5474
10.5474
10.5474
10.4272
10.4272
10.4272
10.4272
10.4272
10.4272
10.4272
10.4272
10.4042
10.4042
10.4042
10.4042
10.4042
10.4042
10.4042
10.4042
10.4823
10.4823
10.4823
10.4823
10.4823
10.4823
10.4823
10.4823
10.661
10.661
10.661
10.661
10.661
10.661
10.661
10.661
10.9345
10.9345
10.9345
10.9345
10.9345
10.9345
10.9345
10.9345
11.29
11.29
11.29
11.29
11.29
11.29
11.29
11.29
11.7067
11.7067
11.7067
11.7067
11.7067
11.7067
11.7067
11.7067
12.155
12.155
12.155
12.155
12.155
12.155
12.155
12.155
12.5962
12.5962
12.5962
12.5962
12.5962
12.5962
12.5962
12.5962
12.9845
12.9845
12.9845
12.9845
12.9845
12.9845
12.9845
12.9845
12.2222
12.2222
12.2222
12.2222
12.2222
12.2222
12.2222
12.2222
11.7929
11.7929
11.7929
11.7929
11.7929
11.7929
11.7929
11.7929
11.3948
11.3948
11.3948
11.3948
11.3948
11.3948
11.3948
11.3948
11.0441
11.0441
11.0441
11.0441
11.0441
11.0441
11.0441
11.0441
10.7568
10.7568
10.7568
10.7568
10.7568
10.7568
10.7568
10.7568
10.5474
10.5474
10.5474
10.5474
10.5474
10.5474
10.5474
10.5474
10.4272
10.4272
10.4272
10.4272
10.4272
10.4272
10.4272
10.4272
10.4042
10.4042
10.4042
10.4042
10.4042
10.4042
10.4042
10.4042
10.4823
10.4823
10.4823
10.4823
10.4823
10.4823
10.4823
10.4823
10.661
10.661
10.661
10.661
10.661
10.661
10.661
10.661
10.9345
10.9345
10.9345
10.9345
10.9345
10.9345
10.9345
10.9345
11.29
11.29
11.29
11.29
11.29
11.29
11.29
11.29
11.7067
11.7067
11.7067
11.7067
11.7067
11.7067
11.7067
11.7067
12.155
12.155
12.155
12.155
12.155
12.155
12.155
12.155
12.5962
12.5962
12.5962
12.5962
12.5962
12.5962
12.5962
12.5962
12.9845
12.9845
12.9845
12.9845
12.9845
12.9845
12.9845
12.9845
