8192
5.83225
5.83225
5.83225
5.83225
5.83225
5.83225
5.83225
5.83225
5.96769
5.96769
5.96769
5.96769
5.96769
5.96769
5.96769
5.96769
6.13645
6.13645
6.13645
6.13645
6.13645
6.13645
6.13645
6.13645
6.31763
6.31763
6.31763
6.31763
6.31763
6.31763
6.31763
6.31763
6.49011
6.49011
6.49011
6.49011
6.49011
6.49011
6.49011
6.49011
6.63455
6.63455
6.63455
6.63455
6.63455
6.63455
6.63455
6.63455
6.73588
6.73588
6.73588
6.73588
6.73588
6.73588
6.73588
6.73588
6.78545
6.78545
6.78545
6.78545
6.78545
6.78545
6.78545
6.78545
6.78241
6.78241
6.78241
6.78241
6.78241
6.78241
6.78241
6.78241
6.73374
6.73374
6.73374
6.73374
6.73374
6.73374
6.73374
6.73374
6.65304
6.65304
6.65304
6.65304
6.65304
6.65304
6.65304
6.65304
6.55836
6.55836
6.55836
6.55836
6.55836
6.55836
6.55836
6.55836
6.46996
6.46996
6.46996
6.46996
6.46996
6.46996
6.46996
6.46996
6.40805
6.40805
6.40805
6.40805
6.40805
6.40805
6.40805
6.40805
6.39168
6.39168
6.39168
6.39168
6.39168
6.39168
6.39168
6.39168
6.43794
6.43794
6.43794
6.43794
6.43794
6.43794
6.43794
6.43794
5.83225
5.83225
5.83225
5.83225
5.83225
5.83225
5.83225
5.83225
5.96769
5.96769
5.96769
5.96769
5.96769
5.96769
5.96769
5.96769
6.13645
6.13645
6.13645
6.13645
6.13645
6.13645
6.13645
6.13645
6.31763
6.31763
6.31763
6.31763
6.31763
6.31763
6.31763
6.31763
6.49011
6.49011
6.49011
6.49011
6.49011
6.49011
6.49011
6.49011
6.63455
6.63455
6.63455
6.63455
6.63455
6.63455
6.63455
6.63455
6.73588
6.73588
6.73588
6.73588
6.73588
6.73588
6.73588
6.73588
6.78545
6.78545
6.78545
6.78545
6.78545
6.78545
6.78545
6.78545
6.78241
6.78241
6.78241
6.78241
6.78241
6.78241
6.78241
6.78241
6.73374
6.73374
6.73374
6.73374
6.73374
6.73374
6.73374
6.73374
6.65304
6.65304
6.65304
6.65304
6.65304
6.65304
6.65304
6.65304
6.55836
6.55836
6.55836
6.55836
6.55836
6.55836
6.55836
6.55836
6.46996
6.46996
6.46996
6.46996
6.46996
6.46996
6.46996
6.46996
6.40805
6.40805
6.40805
6.40805
6.40805
6.40805
6.40805
6.40805
6.39168
6.39168
6.39168
6.39168
6.39168
6.39168
6.39168
6.39168
6.43794
6.43794
6.43794
6.43794
6.43794
6.43794
6.43794
6.43794
5.83225
5.83225
5.83225
5.83225
5.83225
5.83225
5.83225
5.83225
5.96769
5.96769
5.96769
5.96769
5.96769
5.96769
5.96769
5.96769
6.13645
6.13645
6.13645
6.13645
6.13645
6.13645
6.13645
6.13645
6.31763
6.31763
6.31763
6.31763
6.31763
6.31763
6.31763
6.31763
6.49011
6.49011
6.49011
6.49011
6.49011
6.49011
6.49011
6.49011
6.63455
6.63455
6.63455
6.63455
6.63455
6.63455
6.63455
6.63455
6.73588
6.73588
6.73588
6.73588
6.73588
6.73588
6.73588
6.73588
6.78545
6.78545
6.78545
6.78545
6.78545
6.78545
6.78545
6.78545
6.78241
6.78241
6.78241
6.78241
6.78241
6.78241
6.78241
6.78241
6.73374
6.73374
6.73374
6.73374
6.73374
6.73374
6.73374
6.73374
6.65304
6.65304
6.65304
6.65304
6.65304
6.65304
6.65304
6.65304
6.55836
6.55836
6.55836
6.55836
6.55836
6.55836
6.55836
6.55836
6.46996
6.46996
6.46996
6.46996
6.46996
6.46996
6.46996
6.46996
6.40805
6.40805
6.40805
6.40805
6.40805
6.40805
6.40805
6.40805
6.39168
6.39168
6.39168
6.39168
6.39168
6.39168
6.39168
6.39168
6.43794
6.43794
6.43794
6.43794
6.43794
6.43794
6.43794
6.43794
5.83225
5.83225
5.83225
5.83225
5.83225
5.83225
5.83225
5.83225
5.96769
5.96769
5.96769
5.96769
5.96769
5.96769
5.96769
5.96769
6.13645
6.13645
6.13645
6.13645
6.13645
6.13645
6.13645
6.13645
6.31763
6.31763
6.31763
6.31763
6.31763
6.31763
6.31763
6.31763
6.49011
6.49011
6.49011
6.49011
6.49011
6.49011
6.49011
6.49011
6.63455
6.63455
6.63455
6.63455
6.63455
6.63455
6.63455
6.63455
6.73588
6.73588
6.73588
6.73588
6.73588
6.73588
6.73588
6.73588
6.78545
6.78545
6.78545
6.78545
6.78545
6.78545
6.78545
6.78545
6.78241
6.78241
6.78241
6.78241
6.78241
6.78241
6.78241
6.78241
6.73374
6.73374
6.73374
6.73374
6.73374
6.73374
6.73374
6.73374
6.65304
6.65304
6.65304
6.65304
6.65304
6.65304
6.65304
6.65304
6.55836
6.55836
6.55836
6.55836
6.55836
6.55836
6.55836
6.55836
6.46996
6.46996
6.46996
6.46996
6.46996
6.46996
6.46996
6.46996
6.40805
6.40805
6.40805
6.40805
6.40805
6.40805
6.40805
6.40805
6.39168
6.39168
6.39168
6.39168
6.39168
6.39168
6.39168
6.39168
6.43794
6.43794
6.43794
6.43794
6.43794
6.43794
6.43794
6.43794
5.84412
5.84412
5.84412
5.84412
5.84412
5.84412
5.84412
5.84412
5.93216
5.93216
5.93216
5.93216
5.93216
5.93216
5.93216
5.93216
6.04949
6.04949
6.04949
6.04949
6.04949
6.04949
6.04949
6.04949
6.17629
6.17629
6.17629
6.17629
6.17629
6.17629
6.17629
6.17629
6.29334
6.29334
6.29334
6.29334
6.29334
6.29334
6.29334
6.29334
6.38393
6.38393
6.38393
6.38393
6.38393
6.38393
6.38393
6.38393
6.43606
6.43606
6.43606
6.43606
6.43606
6.43606
6.43606
6.43606
6.44386
6.44386
6.44386
6.44386
6.44386
6.44386
6.44386
6.44386
6.40877
6.40877
6.40877
6.40877
6.40877
6.40877
6.40877
6.40877
6.33907
6.33907
6.33907
6.33907
6.33907
6.33907
6.33907
6.33907
6.24847
6.24847
6.24847
6.24847
6.24847
6.24847
6.24847
6.24847
6.15429
6.15429
6.15429
6.15429
6.15429
6.15429
6.15429
6.15429
6.07535
6.07535
6.07535
6.07535
6.07535
6.07535
6.07535
6.07535
6.03035
6.03035
6.03035
6.03035
6.03035
6.03035
6.03035
6.03035
6.03694
6.03694
6.03694
6.03694
6.03694
6.03694
6.03694
6.03694
6.11135
6.11135
6.11135
6.11135
6.11135
6.11135
6.11135
6.11135
5.84412
5.84412
5.84412
5.84412
5.84412
5.84412
5.84412
5.84412
5.93216
5.93216
5.93216
5.93216
5.93216
5.93216
5.93216
5.93216
6.04949
6.04949
6.04949
6.04949
6.04949
6.04949
6.04949
6.04949
6.17629
6.17629
6.17629
6.17629
6.17629
6.17629
6.17629
6.17629
6.29334
6.29334
6.29334
6.29334
6.29334
6.29334
6.29334
6.29334
6.38393
6.38393
6.38393
6.38393
6.38393
6.38393
6.38393
6.38393
6.43606
6.43606
6.43606
6.43606
6.43606
6.43606
6.43606
6.43606
6.44386
6.44386
6.44386
6.44386
6.44386
6.44386
6.44386
6.44386
6.40877
6.40877
6.40877
6.40877
6.40877
6.40877
6.40877
6.40877
6.33907
6.33907
6.33907
6.33907
6.33907
6.33907
6.33907
6.33907
6.24847
6.24847
6.24847
6.24847
6.24847
6.24847
6.24847
6.24847
6.15429
6.15429
6.15429
6.15429
6.15429
6.15429
6.15429
6.15429
6.07535
6.07535
6.07535
6.07535
6.07535
6.07535
6.07535
6.07535
6.03035
6.03035
6.03035
6.03035
6.03035
6.03035
6.03035
6.03035
6.03694
6.03694
6.03694
6.03694
6.03694
6.03694
6.03694
6.03694
6.11135
6.11135
6.11135
6.11135
6.11135
6.11135
6.11135
6.11135
5.84412
5.84412
5.84412
5.84412
5.84412
5.84412
5.84412
5.84412
5.93216
5.93216
5.93216
5.93216
5.93216
5.93216
5.93216
5.93216
6.04949
6.04949
6.04949
6.04949
6.04949
6.04949
6.04949
6.04949
6.17629
6.17629
6.17629
6.17629
6.17629
6.17629
6.17629
6.17629
6.29334
6.29334
6.29334
6.29334
6.29334
6.29334
6.29334
6.29334
6.38393
6.38393
6.38393
6.38393
6.38393
6.38393
6.38393
6.38393
6.43606
6.43606
6.43606
6.43606
6.43606
6.43606
6.43606
6.43606
6.44386
6.44386
6.44386
6.44386
6.44386
6.44386
6.44386
6.44386
6.40877
6.40877
6.40877
6.40877
6.40877
6.40877
6.40877
6.40877
6.33907
6.33907
6.33907
6.33907
6.33907
6.33907
6.33907
6.33907
6.24847
6.24847
6.24847
6.24847
6.24847
6.24847
6.24847
6.24847
6.15429
6.15429
6.15429
6.15429
6.15429
6.15429
6.15429
6.15429
6.07535
6.07535
6.07535
6.07535
6.07535
6.07535
6.07535
6.07535
6.03035
6.03035
6.03035
6.03035
6.03035
6.03035
6.03035
6.03035
6.03694
6.03694
6.03694
6.03694
6.03694
6.03694
6.03694
6.03694
6.11135
6.11135
6.11135
6.11135
6.11135
6.11135
6.11135
6.11135
5.84412
5.84412
5.84412
5.84412
5.84412
5.84412
5.84412
5.84412
5.93216
5.93216
5.93216
5.93216
5.93216
5.93216
5.93216
5.93216
6.04949
6.04949
6.04949
6.04949
6.04949
6.04949
6.04949
6.04949
6.17629
6.17629
6.17629
6.17629
6.17629
6.17629
6.17629
6.17629
6.29334
6.29334
6.29334
6.29334
6.29334
6.29334
6.29334
6.29334
6.38393
6.38393
6.38393
6.38393
6.38393
6.38393
6.38393
6.38393
6.43606
6.43606
6.43606
6.43606
6.43606
6.43606
6.43606
6.43606
6.44386
6.44386
6.44386
6.44386
6.44386
6.44386
6.44386
6.44386
6.40877
6.40877
6.40877
6.40877
6.40877
6.40877
6.40877
6.40877
6.33907
6.33907
6.33907
6.33907
6.33907
6.33907
6.33907
6.33907
6.24847
6.24847
6.24847
6.24847
6.24847
6.24847
6.24847
6.24847
6.15429
6.15429
6.15429
6.15429
6.15429
6.15429
6.15429
6.15429
6.07535
6.07535
6.07535
6.07535
6.07535
6.07535
6.07535
6.07535
6.03035
6.03035
6.03035
6.03035
6.03035
6.03035
6.03035
6.03035
6.03694
6.03694
6.03694
6.03694
6.03694
6.03694
6.03694
6.03694
6.11135
6.11135
6.11135
6.11135
6.11135
6.11135
6.11135
6.11135
5.92441
5.92441
5.92441
5.92441
5.92441
5.92441
5.92441
5.92441
5.96621
5.96621
5.96621
5.96621
5.96621
5.96621
5.96621
5.96621
6.03269
6.03269
6.03269
6.03269
6.03269
6.03269
6.03269
6.03269
6.10494
6.10494
6.10494
6.10494
6.10494
6.10494
6.10494
6.10494
6.16554
6.16554
6.16554
6.16554
6.16554
6.16554
6.16554
6.16554
6.20029
6.20029
6.20029
6.20029
6.20029
6.20029
6.20029
6.20029
6.19994
6.19994
6.19994
6.19994
6.19994
6.19994
6.19994
6.19994
6.16154
6.16154
6.16154
6.16154
6.16154
6.16154
6.16154
6.16154
6.08866
6.08866
6.08866
6.08866
6.08866
6.08866
6.08866
6.08866
5.99096
5.99096
5.99096
5.99096
5.99096
5.99096
5.99096
5.99096
5.88245
5.88245
5.88245
5.88245
5.88245
5.88245
5.88245
5.88245
5.77982
5.77982
5.77982
5.77982
5.77982
5.77982
5.77982
5.77982
5.70071
5.70071
5.70071
5.70071
5.70071
5.70071
5.70071
5.70071
5.66238
5.66238
5.66238
5.66238
5.66238
5.66238
5.66238
5.66238
5.68119
5.68119
5.68119
5.68119
5.68119
5.68119
5.68119
5.68119
5.77247
5.77247
5.77247
5.77247
5.77247
5.77247
5.77247
5.77247
5.92441
5.92441
5.92441
5.92441
5.92441
5.92441
5.92441
5.92441
5.96621
5.96621
5.96621
5.96621
5.96621
5.96621
5.96621
5.96621
6.03269
6.03269
6.03269
6.03269
6.03269
6.03269
6.03269
6.03269
6.10494
6.10494
6.10494
6.10494
6.10494
6.10494
6.10494
6.10494
6.16554
6.16554
6.16554
6.16554
6.16554
6.16554
6.16554
6.16554
6.20029
6.20029
6.20029
6.20029
6.20029
6.20029
6.20029
6.20029
6.19994
6.19994
6.19994
6.19994
6.19994
6.19994
6.19994
6.19994
6.16154
6.16154
6.16154
6.16154
6.16154
6.16154
6.16154
6.16154
6.08866
6.08866
6.08866
6.08866
6.08866
6.08866
6.08866
6.08866
5.99096
5.99096
5.99096
5.99096
5.99096
5.99096
5.99096
5.99096
5.88245
5.88245
5.88245
5.88245
5.88245
5.88245
5.88245
5.88245
5.77982
5.77982
5.77982
5.77982
5.77982
5.77982
5.77982
5.77982
5.70071
5.70071
5.70071
5.70071
5.70071
5.70071
5.70071
5.70071
5.66238
5.66238
5.66238
5.66238
5.66238
5.66238
5.66238
5.66238
5.68119
5.68119
5.68119
5.68119
5.68119
5.68119
5.68119
5.68119
5.77247
5.77247
5.77247
5.77247
5.77247
5.77247
5.77247
5.77247
5.92441
5.92441
5.92441
5.92441
5.92441
5.92441
5.92441
5.92441
5.96621
5.96621
5.96621
5.96621
5.96621
5.96621
5.96621
5.96621
6.03269
6.03269
6.03269
6.03269
6.03269
6.03269
6.03269
6.03269
6.10494
6.10494
6.10494
6.10494
6.10494
6.10494
6.10494
6.10494
6.16554
6.16554
6.16554
6.16554
6.16554
6.16554
6.16554
6.16554
6.20029
6.20029
6.20029
6.20029
6.20029
6.20029
6.20029
6.20029
6.19994
6.19994
6.19994
6.19994
6.19994
6.19994
6.19994
6.19994
6.16154
6.16154
6.16154
6.16154
6.16154
6.16154
6.16154
6.16154
6.08866
6.08866
6.08866
6.08866
6.08866
6.08866
6.08866
6.08866
5.99096
5.99096
5.99096
5.99096
5.99096
5.99096
5.99096
5.99096
5.88245
5.88245
5.88245
5.88245
5.88245
5.88245
5.88245
5.88245
5.77982
5.77982
5.77982
5.77982
5.77982
5.77982
5.77982
5.77982
5.70071
5.70071
5.70071
5.70071
5.70071
5.70071
5.70071
5.70071
5.66238
5.66238
5.66238
5.66238
5.66238
5.66238
5.66238
5.66238
5.68119
5.68119
5.68119
5.68119
5.68119
5.68119
5.68119
5.68119
5.77247
5.77247
5.77247
5.77247
5.77247
5.77247
5.77247
5.77247
5.92441
5.92441
5.92441
5.92441
5.92441
5.92441
5.92441
5.92441
5.96621
5.96621
5.96621
5.96621
5.96621
5.96621
5.96621
5.96621
6.03269
6.03269
6.03269
6.03269
6.03269
6.03269
6.03269
6.03269
6.10494
6.10494
6.10494
6.10494
6.10494
6.10494
6.10494
6.10494
6.16554
6.16554
6.16554
6.16554
6.16554
6.16554
6.16554
6.16554
6.20029
6.20029
6.20029
6.20029
6.20029
6.20029
6.20029
6.20029
6.19994
6.19994
6.19994
6.19994
6.19994
6.19994
6.19994
6.19994
6.16154
6.16154
6.16154
6.16154
6.16154
6.16154
6.16154
6.16154
6.08866
6.08866
6.08866
6.08866
6.08866
6.08866
6.08866
6.08866
5.99096
5.99096
5.99096
5.99096
5.99096
5.99096
5.99096
5.99096
5.88245
5.88245
5.88245
5.88245
5.88245
5.88245
5.88245
5.88245
5.77982
5.77982
5.77982
5.77982
5.77982
5.77982
5.77982
5.77982
5.70071
5.70071
5.70071
5.70071
5.70071
5.70071
5.70071
5.70071
5.66238
5.66238
5.66238
5.66238
5.66238
5.66238
5.66238
5.66238
5.68119
5.68119
5.68119
5.68119
5.68119
5.68119
5.68119
5.68119
5.77247
5.77247
5.77247
5.77247
5.77247
5.77247
5.77247
5.77247
6.07371
6.07371
6.07371
6.07371
6.07371
6.07371
6.07371
6.07371
6.07057
6.07057
6.07057
6.07057
6.07057
6.07057
6.07057
6.07057
6.08686
6.08686
6.08686
6.08686
6.08686
6.08686
6.08686
6.08686
6.1046
6.1046
6.1046
6.1046
6.1046
6.1046
6.1046
6.1046
6.10804
6.10804
6.10804
6.10804
6.10804
6.10804
6.10804
6.10804
6.08542
6.08542
6.08542
6.08542
6.08542
6.08542
6.08542
6.08542
6.03033
6.03033
6.03033
6.03033
6.03033
6.03033
6.03033
6.03033
5.94247
5.94247
5.94247
5.94247
5.94247
5.94247
5.94247
5.94247
5.82766
5.82766
5.82766
5.82766
5.82766
5.82766
5.82766
5.82766
5.69679
5.69679
5.69679
5.69679
5.69679
5.69679
5.69679
5.69679
5.56427
5.56427
5.56427
5.56427
5.56427
5.56427
5.56427
5.56427
5.44624
5.44624
5.44624
5.44624
5.44624
5.44624
5.44624
5.44624
5.35919
5.35919
5.35919
5.35919
5.35919
5.35919
5.35919
5.35919
5.31902
5.31902
5.31902
5.31902
5.31902
5.31902
5.31902
5.31902
5.34077
5.34077
5.34077
5.34077
5.34077
5.34077
5.34077
5.34077
5.43884
5.43884
5.43884
5.43884
5.43884
5.43884
5.43884
5.43884
6.07371
6.07371
6.07371
6.07371
6.07371
6.07371
6.07371
6.07371
6.07057
6.07057
6.07057
6.07057
6.07057
6.07057
6.07057
6.07057
6.08686
6.08686
6.08686
6.08686
6.08686
6.08686
6.08686
6.08686
6.1046
6.1046
6.1046
6.1046
6.1046
6.1046
6.1046
6.1046
6.10804
6.10804
6.10804
6.10804
6.10804
6.10804
6.10804
6.10804
6.08542
6.08542
6.08542
6.08542
6.08542
6.08542
6.08542
6.08542
6.03033
6.03033
6.03033
6.03033
6.03033
6.03033
6.03033
6.03033
5.94247
5.94247
5.94247
5.94247
5.94247
5.94247
5.94247
5.94247
5.82766
5.82766
5.82766
5.82766
5.82766
5.82766
5.82766
5.82766
5.69679
5.69679
5.69679
5.69679
5.69679
5.69679
5.69679
5.69679
5.56427
5.56427
5.56427
5.56427
5.56427
5.56427
5.56427
5.56427
5.44624
5.44624
5.44624
5.44624
5.44624
5.44624
5.44624
5.44624
5.35919
5.35919
5.35919
5.35919
5.35919
5.35919
5.35919
5.35919
5.31902
5.31902
5.31902
5.31902
5.31902
5.31902
5.31902
5.31902
5.34077
5.34077
5.34077
5.34077
5.34077
5.34077
5.34077
5.34077
5.43884
5.43884
5.43884
5.43884
5.43884
5.43884
5.43884
5.43884
6.07371
6.07371
6.07371
6.07371
6.07371
6.07371
6.07371
6.07371
6.07057
6.07057
6.07057
6.07057
6.07057
6.07057
6.07057
6.07057
6.08686
6.08686
6.08686
6.08686
6.08686
6.08686
6.08686
6.08686
6.1046
6.1046
6.1046
6.1046
6.1046
6.1046
6.1046
6.1046
6.10804
6.10804
6.10804
6.10804
6.10804
6.10804
6.10804
6.10804
6.08542
6.08542
6.08542
6.08542
6.08542
6.08542
6.08542
6.08542
6.03033
6.03033
6.03033
6.03033
6.03033
6.03033
6.03033
6.03033
5.94247
5.94247
5.94247
5.94247
5.94247
5.94247
5.94247
5.94247
5.82766
5.82766
5.82766
5.82766
5.82766
5.82766
5.82766
5.82766
5.69679
5.69679
5.69679
5.69679
5.69679
5.69679
5.69679
5.69679
5.56427
5.56427
5.56427
5.56427
5.56427
5.56427
5.56427
5.56427
5.44624
5.44624
5.44624
5.44624
5.44624
5.44624
5.44624
5.44624
5.35919
5.35919
5.35919
5.35919
5.35919
5.35919
5.35919
5.35919
5.31902
5.31902
5.31902
5.31902
5.31902
5.31902
5.31902
5.31902
5.34077
5.34077
5.34077
5.34077
5.34077
5.34077
5.34077
5.34077
5.43884
5.43884
5.43884
5.43884
5.43884
5.43884
5.43884
5.43884
6.07371
6.07371
6.07371
6.07371
6.07371
6.07371
6.07371
6.07371
6.07057
6.07057
6.07057
6.07057
6.07057
6.07057
6.07057
6.07057
6.08686
6.08686
6.08686
6.08686
6.08686
6.08686
6.08686
6.08686
6.1046
6.1046
6.1046
6.1046
6.1046
6.1046
6.1046
6.1046
6.10804
6.10804
6.10804
6.10804
6.10804
6.10804
6.10804
6.10804
6.08542
6.08542
6.08542
6.08542
6.08542
6.08542
6.08542
6.08542
6.03033
6.03033
6.03033
6.03033
6.03033
6.03033
6.03033
6.03033
5.94247
5.94247
5.94247
5.94247
5.94247
5.94247
5.94247
5.94247
5.82766
5.82766
5.82766
5.82766
5.82766
5.82766
5.82766
5.82766
5.69679
5.69679
5.69679
5.69679
5.69679
5.69679
5.69679
5.69679
5.56427
5.56427
5.56427
5.56427
5.56427
5.56427
5.56427
5.56427
5.44624
5.44624
5.44624
5.44624
5.44624
5.44624
5.44624
5.44624
5.35919
5.35919
5.35919
5.35919
5.35919
5.35919
5.35919
5.35919
5.31902
5.31902
5.31902
5.31902
5.31902
5.31902
5.31902
5.31902
5.34077
5.34077
5.34077
5.34077
5.34077
5.34077
5.34077
5.34077
5.43884
5.43884
5.43884
5.43884
5.43884
5.43884
5.43884
5.43884
6.29347
6.29347
6.29347
6.29347
6.29347
6.29347
6.29347
6.29347
6.24707
6.24707
6.24707
6.24707
6.24707
6.24707
6.24707
6.24707
6.21404
6.21404
6.21404
6.21404
6.21404
6.21404
6.21404
6.21404
6.17735
6.17735
6.17735
6.17735
6.17735
6.17735
6.17735
6.17735
6.12311
6.12311
6.12311
6.12311
6.12311
6.12311
6.12311
6.12311
6.04201
6.04201
6.04201
6.04201
6.04201
6.04201
6.04201
6.04201
5.9304
5.9304
5.9304
5.9304
5.9304
5.9304
5.9304
5.9304
5.79072
5.79072
5.79072
5.79072
5.79072
5.79072
5.79072
5.79072
5.63087
5.63087
5.63087
5.63087
5.63087
5.63087
5.63087
5.63087
5.46306
5.46306
5.46306
5.46306
5.46306
5.46306
5.46306
5.46306
5.30198
5.30198
5.30198
5.30198
5.30198
5.30198
5.30198
5.30198
5.16327
5.16327
5.16327
5.16327
5.16327
5.16327
5.16327
5.16327
5.06232
5.06232
5.06232
5.06232
5.06232
5.06232
5.06232
5.06232
5.01365
5.01365
5.01365
5.01365
5.01365
5.01365
5.01365
5.01365
5.03097
5.03097
5.03097
5.03097
5.03097
5.03097
5.03097
5.03097
5.12763
5.12763
5.12763
5.12763
5.12763
5.12763
5.12763
5.12763
6.29347
6.29347
6.29347
6.29347
6.29347
6.29347
6.29347
6.29347
6.24707
6.24707
6.24707
6.24707
6.24707
6.24707
6.24707
6.24707
6.21404
6.21404
6.21404
6.21404
6.21404
6.21404
6.21404
6.21404
6.17735
6.17735
6.17735
6.17735
6.17735
6.17735
6.17735
6.17735
6.12311
6.12311
6.12311
6.12311
6.12311
6.12311
6.12311
6.12311
6.04201
6.04201
6.04201
6.04201
6.04201
6.04201
6.04201
6.04201
5.9304
5.9304
5.9304
5.9304
5.9304
5.9304
5.9304
5.9304
5.79072
5.79072
5.79072
5.79072
5.79072
5.79072
5.79072
5.79072
5.63087
5.63087
5.63087
5.63087
5.63087
5.63087
5.63087
5.63087
5.46306
5.46306
5.46306
5.46306
5.46306
5.46306
5.46306
5.46306
5.30198
5.30198
5.30198
5.30198
5.30198
5.30198
5.30198
5.30198
5.16327
5.16327
5.16327
5.16327
5.16327
5.16327
5.16327
5.16327
5.06232
5.06232
5.06232
5.06232
5.06232
5.06232
5.06232
5.06232
5.01365
5.01365
5.01365
5.01365
5.01365
5.01365
5.01365
5.01365
5.03097
5.03097
5.03097
5.03097
5.03097
5.03097
5.03097
5.03097
5.12763
5.12763
5.12763
5.12763
5.12763
5.12763
5.12763
5.12763
6.29347
6.29347
6.29347
6.29347
6.29347
6.29347
6.29347
6.29347
6.24707
6.24707
6.24707
6.24707
6.24707
6.24707
6.24707
6.24707
6.21404
6.21404
6.21404
6.21404
6.21404
6.21404
6.21404
6.21404
6.17735
6.17735
6.17735
6.17735
6.17735
6.17735
6.17735
6.17735
6.12311
6.12311
6.12311
6.12311
6.12311
6.12311
6.12311
6.12311
6.04201
6.04201
6.04201
6.04201
6.04201
6.04201
6.04201
6.04201
5.9304
5.9304
5.9304
5.9304
5.9304
5.9304
5.9304
5.9304
5.79072
5.79072
5.79072
5.79072
5.79072
5.79072
5.79072
5.79072
5.63087
5.63087
5.63087
5.63087
5.63087
5.63087
5.63087
5.63087
5.46306
5.46306
5.46306
5.46306
5.46306
5.46306
5.46306
5.46306
5.30198
5.30198
5.30198
5.30198
5.30198
5.30198
5.30198
5.30198
5.16327
5.16327
5.16327
5.16327
5.16327
5.16327
5.16327
5.16327
5.06232
5.06232
5.06232
5.06232
5.06232
5.06232
5.06232
5.06232
5.01365
5.01365
5.01365
5.01365
5.01365
5.01365
5.01365
5.01365
5.03097
5.03097
5.03097
5.03097
5.03097
5.03097
5.03097
5.03097
5.12763
5.12763
5.12763
5.12763
5.12763
5.12763
5.12763
5.12763
6.29347
6.29347
6.29347
6.29347
6.29347
6.29347
6.29347
6.29347
6.24707
6.24707
6.24707
6.24707
6.24707
6.24707
6.24707
6.24707
6.21404
6.21404
6.21404
6.21404
6.21404
6.21404
6.21404
6.21404
6.17735
6.17735
6.17735
6.17735
6.17735
6.17735
6.17735
6.17735
6.12311
6.12311
6.12311
6.12311
6.12311
6.12311
6.12311
6.12311
6.04201
6.04201
6.04201
6.04201
6.04201
6.04201
6.04201
6.04201
5.9304
5.9304
5.9304
5.9304
5.9304
5.9304
5.9304
5.9304
5.79072
5.79072
5.79072
5.79072
5.79072
5.79072
5.79072
5.79072
5.63087
5.63087
5.63087
5.63087
5.63087
5.63087
5.63087
5.63087
5.46306
5.46306
5.46306
5.46306
5.46306
5.46306
5.46306
5.46306
5.30198
5.30198
5.30198
5.30198
5.30198
5.30198
5.30198
5.30198
5.16327
5.16327
5.16327
5.16327
5.16327
5.16327
5.16327
5.16327
5.06232
5.06232
5.06232
5.06232
5.06232
5.06232
5.06232
5.06232
5.01365
5.01365
5.01365
5.01365
5.01365
5.01365
5.01365
5.01365
5.03097
5.03097
5.03097
5.03097
5.03097
5.03097
5.03097
5.03097
5.12763
5.12763
5.12763
5.12763
5.12763
5.12763
5.12763
5.12763
6.58583
6.58583
6.58583
6.58583
6.58583
6.58583
6.58583
6.58583
6.49849
6.49849
6.49849
6.49849
6.49849
6.49849
6.49849
6.49849
6.41737
6.41737
6.41737
6.41737
6.41737
6.41737
6.41737
6.41737
6.32663
6.32663
6.32663
6.32663
6.32663
6.32663
6.32663
6.32663
6.21433
6.21433
6.21433
6.21433
6.21433
6.21433
6.21433
6.21433
6.07371
6.07371
6.07371
6.07371
6.07371
6.07371
6.07371
6.07371
5.90409
5.90409
5.90409
5.90409
5.90409
5.90409
5.90409
5.90409
5.71055
5.71055
5.71055
5.71055
5.71055
5.71055
5.71055
5.71055
5.50321
5.50321
5.50321
5.50321
5.50321
5.50321
5.50321
5.50321
5.29549
5.29549
5.29549
5.29549
5.29549
5.29549
5.29549
5.29549
5.10242
5.10242
5.10242
5.10242
5.10242
5.10242
5.10242
5.10242
4.93909
4.93909
4.93909
4.93909
4.93909
4.93909
4.93909
4.93909
4.8198
4.8198
4.8198
4.8198
4.8198
4.8198
4.8198
4.8198
4.75772
4.75772
4.75772
4.75772
4.75772
4.75772
4.75772
4.75772
4.76513
4.76513
4.76513
4.76513
4.76513
4.76513
4.76513
4.76513
4.85426
4.85426
4.85426
4.85426
4.85426
4.85426
4.85426
4.85426
6.58583
6.58583
6.58583
6.58583
6.58583
6.58583
6.58583
6.58583
6.49849
6.49849
6.49849
6.49849
6.49849
6.49849
6.49849
6.49849
6.41737
6.41737
6.41737
6.41737
6.41737
6.41737
6.41737
6.41737
6.32663
6.32663
6.32663
6.32663
6.32663
6.32663
6.32663
6.32663
6.21433
6.21433
6.21433
6.21433
6.21433
6.21433
6.21433
6.21433
6.07371
6.07371
6.07371
6.07371
6.07371
6.07371
6.07371
6.07371
5.90409
5.90409
5.90409
5.90409
5.90409
5.90409
5.90409
5.90409
5.71055
5.71055
5.71055
5.71055
5.71055
5.71055
5.71055
5.71055
5.50321
5.50321
5.50321
5.50321
5.50321
5.50321
5.50321
5.50321
5.29549
5.29549
5.29549
5.29549
5.29549
5.29549
5.29549
5.29549
5.10242
5.10242
5.10242
5.10242
5.10242
5.10242
5.10242
5.10242
4.93909
4.93909
4.93909
4.93909
4.93909
4.93909
4.93909
4.93909
4.8198
4.8198
4.8198
4.8198
4.8198
4.8198
4.8198
4.8198
4.75772
4.75772
4.75772
4.75772
4.75772
4.75772
4.75772
4.75772
4.76513
4.76513
4.76513
4.76513
4.76513
4.76513
4.76513
4.76513
4.85426
4.85426
4.85426
4.85426
4.85426
4.85426
4.85426
4.85426
6.58583
6.58583
6.58583
6.58583
6.58583
6.58583
6.58583
6.58583
6.49849
6.49849
6.49849
6.49849
6.49849
6.49849
6.49849
6.49849
6.41737
6.41737
6.41737
6.41737
6.41737
6.41737
6.41737
6.41737
6.32663
6.32663
6.32663
6.32663
6.32663
6.32663
6.32663
6.32663
6.21433
6.21433
6.21433
6.21433
6.21433
6.21433
6.21433
6.21433
6.07371
6.07371
6.07371
6.07371
6.07371
6.07371
6.07371
6.07371
5.90409
5.90409
5.90409
5.90409
5.90409
5.90409
5.90409
5.90409
5.71055
5.71055
5.71055
5.71055
5.71055
5.71055
5.71055
5.71055
5.50321
5.50321
5.50321
5.50321
5.50321
5.50321
5.50321
5.50321
5.29549
5.29549
5.29549
5.29549
5.29549
5.29549
5.29549
5.29549
5.10242
5.10242
5.10242
5.10242
5.10242
5.10242
5.10242
5.10242
4.93909
4.93909
4.93909
4.93909
4.93909
4.93909
4.93909
4.93909
4.8198
4.8198
4.8198
4.8198
4.8198
4.8198
4.8198
4.8198
4.75772
4.75772
4.75772
4.75772
4.75772
4.75772
4.75772
4.75772
4.76513
4.76513
4.76513
4.76513
4.76513
4.76513
4.76513
4.76513
4.85426
4.85426
4.85426
4.85426
4.85426
4.85426
4.85426
4.85426
6.58583
6.58583
6.58583
6.58583
6.58583
6.58583
6.58583
6.58583
6.49849
6.49849
6.49849
6.49849
6.49849
6.49849
6.49849
6.49849
6.41737
6.41737
6.41737
6.41737
6.41737
6.41737
6.41737
6.41737
6.32663
6.32663
6.32663
6.32663
6.32663
6.32663
6.32663
6.32663
6.21433
6.21433
6.21433
6.21433
6.21433
6.21433
6.21433
6.21433
6.07371
6.07371
6.07371
6.07371
6.07371
6.07371
6.07371
6.07371
5.90409
5.90409
5.90409
5.90409
5.90409
5.90409
5.90409
5.90409
5.71055
5.71055
5.71055
5.71055
5.71055
5.71055
5.71055
5.71055
5.50321
5.50321
5.50321
5.50321
5.50321
5.50321
5.50321
5.50321
5.29549
5.29549
5.29549
5.29549
5.29549
5.29549
5.29549
5.29549
5.10242
5.10242
5.10242
5.10242
5.10242
5.10242
5.10242
5.10242
4.93909
4.93909
4.93909
4.93909
4.93909
4.93909
4.93909
4.93909
4.8198
4.8198
4.8198
4.8198
4.8198
4.8198
4.8198
4.8198
4.75772
4.75772
4.75772
4.75772
4.75772
4.75772
4.75772
4.75772
4.76513
4.76513
4.76513
4.76513
4.76513
4.76513
4.76513
4.76513
4.85426
4.85426
4.85426
4.85426
4.85426
4.85426
4.85426
4.85426
6.9531
6.9531
6.9531
6.9531
6.9531
6.9531
6.9531
6.9531
6.82824
6.82824
6.82824
6.82824
6.82824
6.82824
6.82824
6.82824
6.7011
6.7011
6.7011
6.7011
6.7011
6.7011
6.7011
6.7011
6.5571
6.5571
6.5571
6.5571
6.5571
6.5571
6.5571
6.5571
6.38652
6.38652
6.38652
6.38652
6.38652
6.38652
6.38652
6.38652
6.18546
6.18546
6.18546
6.18546
6.18546
6.18546
6.18546
6.18546
5.95629
5.95629
5.95629
5.95629
5.95629
5.95629
5.95629
5.95629
5.70702
5.70702
5.70702
5.70702
5.70702
5.70702
5.70702
5.70702
5.44992
5.44992
5.44992
5.44992
5.44992
5.44992
5.44992
5.44992
5.19973
5.19973
5.19973
5.19973
5.19973
5.19973
5.19973
5.19973
4.9718
4.9718
4.9718
4.9718
4.9718
4.9718
4.9718
4.9718
4.78075
4.78075
4.78075
4.78075
4.78075
4.78075
4.78075
4.78075
4.63979
4.63979
4.63979
4.63979
4.63979
4.63979
4.63979
4.63979
4.56071
4.56071
4.56071
4.56071
4.56071
4.56071
4.56071
4.56071
4.55443
4.55443
4.55443
4.55443
4.55443
4.55443
4.55443
4.55443
4.63189
4.63189
4.63189
4.63189
4.63189
4.63189
4.63189
4.63189
6.9531
6.9531
6.9531
6.9531
6.9531
6.9531
6.9531
6.9531
6.82824
6.82824
6.82824
6.82824
6.82824
6.82824
6.82824
6.82824
6.7011
6.7011
6.7011
6.7011
6.7011
6.7011
6.7011
6.7011
6.5571
6.5571
6.5571
6.5571
6.5571
6.5571
6.5571
6.5571
6.38652
6.38652
6.38652
6.38652
6.38652
6.38652
6.38652
6.38652
6.18546
6.18546
6.18546
6.18546
6.18546
6.18546
6.18546
6.18546
5.95629
5.95629
5.95629
5.95629
5.95629
5.95629
5.95629
5.95629
5.70702
5.70702
5.70702
5.70702
5.70702
5.70702
5.70702
5.70702
5.44992
5.44992
5.44992
5.44992
5.44992
5.44992
5.44992
5.44992
5.19973
5.19973
5.19973
5.19973
5.19973
5.19973
5.19973
5.19973
4.9718
4.9718
4.9718
4.9718
4.9718
4.9718
4.9718
4.9718
4.78075
4.78075
4.78075
4.78075
4.78075
4.78075
4.78075
4.78075
4.63979
4.63979
4.63979
4.63979
4.63979
4.63979
4.63979
4.63979
4.56071
4.56071
4.56071
4.56071
4.56071
4.56071
4.56071
4.56071
4.55443
4.55443
4.55443
4.55443
4.55443
4.55443
4.55443
4.55443
4.63189
4.63189
4.63189
4.63189
4.63189
4.63189
4.63189
4.63189
6.9531
6.9531
6.9531
6.9531
6.9531
6.9531
6.9531
6.9531
6.82824
6.82824
6.82824
6.82824
6.82824
6.82824
6.82824
6.82824
6.7011
6.7011
6.7011
6.7011
6.7011
6.7011
6.7011
6.7011
6.5571
6.5571
6.5571
6.5571
6.5571
6.5571
6.5571
6.5571
6.38652
6.38652
6.38652
6.38652
6.38652
6.38652
6.38652
6.38652
6.18546
6.18546
6.18546
6.18546
6.18546
6.18546
6.18546
6.18546
5.95629
5.95629
5.95629
5.95629
5.95629
5.95629
5.95629
5.95629
5.70702
5.70702
5.70702
5.70702
5.70702
5.70702
5.70702
5.70702
5.44992
5.44992
5.44992
5.44992
5.44992
5.44992
5.44992
5.44992
5.19973
5.19973
5.19973
5.19973
5.19973
5.19973
5.19973
5.19973
4.9718
4.9718
4.9718
4.9718
4.9718
4.9718
4.9718
4.9718
4.78075
4.78075
4.78075
4.78075
4.78075
4.78075
4.78075
4.78075
4.63979
4.63979
4.63979
4.63979
4.63979
4.63979
4.63979
4.63979
4.56071
4.56071
4.56071
4.56071
4.56071
4.56071
4.56071
4.56071
4.55443
4.55443
4.55443
4.55443
4.55443
4.55443
4.55443
4.55443
4.63189
4.63189
4.63189
4.63189
4.63189
4.63189
4.63189
4.63189
6.9531
6.9531
6.9531
6.9531
6.9531
6.9531
6.9531
6.9531
6.82824
6.82824
6.82824
6.82824
6.82824
6.82824
6.82824
6.82824
6.7011
6.7011
6.7011
6.7011
6.7011
6.7011
6.7011
6.7011
6.5571
6.5571
6.5571
6.5571
6.5571
6.5571
6.5571
6.5571
6.38652
6.38652
6.38652
6.38652
6.38652
6.38652
6.38652
6.38652
6.18546
6.18546
6.18546
6.18546
6.18546
6.18546
6.18546
6.18546
5.95629
5.95629
5.95629
5.95629
5.95629
5.95629
5.95629
5.95629
5.70702
5.70702
5.70702
5.70702
5.70702
5.70702
5.70702
5.70702
5.44992
5.44992
5.44992
5.44992
5.44992
5.44992
5.44992
5.44992
5.19973
5.19973
5.19973
5.19973
5.19973
5.19973
5.19973
5.19973
4.9718
4.9718
4.9718
4.9718
4.9718
4.9718
4.9718
4.9718
4.78075
4.78075
4.78075
4.78075
4.78075
4.78075
4.78075
4.78075
4.63979
4.63979
4.63979
4.63979
4.63979
4.63979
4.63979
4.63979
4.56071
4.56071
4.56071
4.56071
4.56071
4.56071
4.56071
4.56071
4.55443
4.55443
4.55443
4.55443
4.55443
4.55443
4.55443
4.55443
4.63189
4.63189
4.63189
4.63189
4.63189
4.63189
4.63189
4.63189
7.39733
7.39733
7.39733
7.39733
7.39733
7.39733
7.39733
7.39733
7.24005
7.24005
7.24005
7.24005
7.24005
7.24005
7.24005
7.24005
7.07007
7.07007
7.07007
7.07007
7.07007
7.07007
7.07007
7.07007
6.87443
6.87443
6.87443
6.87443
6.87443
6.87443
6.87443
6.87443
6.64583
6.64583
6.64583
6.64583
6.64583
6.64583
6.64583
6.64583
6.38355
6.38355
6.38355
6.38355
6.38355
6.38355
6.38355
6.38355
6.0933
6.0933
6.0933
6.0933
6.0933
6.0933
6.0933
6.0933
5.78619
5.78619
5.78619
5.78619
5.78619
5.78619
5.78619
5.78619
5.47693
5.47693
5.47693
5.47693
5.47693
5.47693
5.47693
5.47693
5.18169
5.18169
5.18169
5.18169
5.18169
5.18169
5.18169
5.18169
4.91621
4.91621
4.91621
4.91621
4.91621
4.91621
4.91621
4.91621
4.69474
4.69474
4.69474
4.69474
4.69474
4.69474
4.69474
4.69474
4.5294
4.5294
4.5294
4.5294
4.5294
4.5294
4.5294
4.5294
4.43073
4.43073
4.43073
4.43073
4.43073
4.43073
4.43073
4.43073
4.40823
4.40823
4.40823
4.40823
4.40823
4.40823
4.40823
4.40823
4.47155
4.47155
4.47155
4.47155
4.47155
4.47155
4.47155
4.47155
7.39733
7.39733
7.39733
7.39733
7.39733
7.39733
7.39733
7.39733
7.24005
7.24005
7.24005
7.24005
7.24005
7.24005
7.24005
7.24005
7.07007
7.07007
7.07007
7.07007
7.07007
7.07007
7.07007
7.07007
6.87443
6.87443
6.87443
6.87443
6.87443
6.87443
6.87443
6.87443
6.64583
6.64583
6.64583
6.64583
6.64583
6.64583
6.64583
6.64583
6.38355
6.38355
6.38355
6.38355
6.38355
6.38355
6.38355
6.38355
6.0933
6.0933
6.0933
6.0933
6.0933
6.0933
6.0933
6.0933
5.78619
5.78619
5.78619
5.78619
5.78619
5.78619
5.78619
5.78619
5.47693
5.47693
5.47693
5.47693
5.47693
5.47693
5.47693
5.47693
5.18169
5.18169
5.18169
5.18169
5.18169
5.18169
5.18169
5.18169
4.91621
4.91621
4.91621
4.91621
4.91621
4.91621
4.91621
4.91621
4.69474
4.69474
4.69474
4.69474
4.69474
4.69474
4.69474
4.69474
4.5294
4.5294
4.5294
4.5294
4.5294
4.5294
4.5294
4.5294
4.43073
4.43073
4.43073
4.43073
4.43073
4.43073
4.43073
4.43073
4.40823
4.40823
4.40823
4.40823
4.40823
4.40823
4.40823
4.40823
4.47155
4.47155
4.47155
4.47155
4.47155
4.47155
4.47155
4.47155
7.39733
7.39733
7.39733
7.39733
7.39733
7.39733
7.39733
7.39733
7.24005
7.24005
7.24005
7.24005
7.24005
7.24005
7.24005
7.24005
7.07007
7.07007
7.07007
7.07007
7.07007
7.07007
7.07007
7.07007
6.87443
6.87443
6.87443
6.87443
6.87443
6.87443
6.87443
6.87443
6.64583
6.64583
6.64583
6.64583
6.64583
6.64583
6.64583
6.64583
6.38355
6.38355
6.38355
6.38355
6.38355
6.38355
6.38355
6.38355
6.0933
6.0933
6.0933
6.0933
6.0933
6.0933
6.0933
6.0933
5.78619
5.78619
5.78619
5.78619
5.78619
5.78619
5.78619
5.78619
5.47693
5.47693
5.47693
5.47693
5.47693
5.47693
5.47693
5.47693
5.18169
5.18169
5.18169
5.18169
5.18169
5.18169
5.18169
5.18169
4.91621
4.91621
4.91621
4.91621
4.91621
4.91621
4.91621
4.91621
4.69474
4.69474
4.69474
4.69474
4.69474
4.69474
4.69474
4.69474
4.5294
4.5294
4.5294
4.5294
4.5294
4.5294
4.5294
4.5294
4.43073
4.43073
4.43073
4.43073
4.43073
4.43073
4.43073
4.43073
4.40823
4.40823
4.40823
4.40823
4.40823
4.40823
4.40823
4.40823
4.47155
4.47155
4.47155
4.47155
4.47155
4.47155
4.47155
4.47155
7.39733
7.39733
7.39733
7.39733
7.39733
7.39733
7.39733
7.39733
7.24005
7.24005
7.24005
7.24005
7.24005
7.24005
7.24005
7.24005
7.07007
7.07007
7.07007
7.07007
7.07007
7.07007
7.07007
7.07007
6.87443
6.87443
6.87443
6.87443
6.87443
6.87443
6.87443
6.87443
6.64583
6.64583
6.64583
6.64583
6.64583
6.64583
6.64583
6.64583
6.38355
6.38355
6.38355
6.38355
6.38355
6.38355
6.38355
6.38355
6.0933
6.0933
6.0933
6.0933
6.0933
6.0933
6.0933
6.0933
5.78619
5.78619
5.78619
5.78619
5.78619
5.78619
5.78619
5.78619
5.47693
5.47693
5.47693
5.47693
5.47693
5.47693
5.47693
5.47693
5.18169
5.18169
5.18169
5.18169
5.18169
5.18169
5.18169
5.18169
4.91621
4.91621
4.91621
4.91621
4.91621
4.91621
4.91621
4.91621
4.69474
4.69474
4.69474
4.69474
4.69474
4.69474
4.69474
4.69474
4.5294
4.5294
4.5294
4.5294
4.5294
4.5294
4.5294
4.5294
4.43073
4.43073
4.43073
4.43073
4.43073
4.43073
4.43073
4.43073
4.40823
4.40823
4.40823
4.40823
4.40823
4.40823
4.40823
4.40823
4.47155
4.47155
4.47155
4.47155
4.47155
4.47155
4.47155
4.47155
7.91952
7.91952
7.91952
7.91952
7.91952
7.91952
7.91952
7.91952
7.73725
7.73725
7.73725
7.73725
7.73725
7.73725
7.73725
7.73725
7.52952
7.52952
7.52952
7.52952
7.52952
7.52952
7.52952
7.52952
7.28512
7.28512
7.28512
7.28512
7.28512
7.28512
7.28512
7.28512
6.99959
6.99959
6.99959
6.99959
6.99959
6.99959
6.99959
6.99959
6.67565
6.67565
6.67565
6.67565
6.67565
6.67565
6.67565
6.67565
6.32282
6.32282
6.32282
6.32282
6.32282
6.32282
6.32282
6.32282
5.95565
5.95565
5.95565
5.95565
5.95565
5.95565
5.95565
5.95565
5.59154
5.59154
5.59154
5.59154
5.59154
5.59154
5.59154
5.59154
5.24834
5.24834
5.24834
5.24834
5.24834
5.24834
5.24834
5.24834
4.94243
4.94243
4.94243
4.94243
4.94243
4.94243
4.94243
4.94243
4.68776
4.68776
4.68776
4.68776
4.68776
4.68776
4.68776
4.68776
4.49561
4.49561
4.49561
4.49561
4.49561
4.49561
4.49561
4.49561
4.37524
4.37524
4.37524
4.37524
4.37524
4.37524
4.37524
4.37524
4.33486
4.33486
4.33486
4.33486
4.33486
4.33486
4.33486
4.33486
4.38286
4.38286
4.38286
4.38286
4.38286
4.38286
4.38286
4.38286
7.91952
7.91952
7.91952
7.91952
7.91952
7.91952
7.91952
7.91952
7.73725
7.73725
7.73725
7.73725
7.73725
7.73725
7.73725
7.73725
7.52952
7.52952
7.52952
7.52952
7.52952
7.52952
7.52952
7.52952
7.28512
7.28512
7.28512
7.28512
7.28512
7.28512
7.28512
7.28512
6.99959
6.99959
6.99959
6.99959
6.99959
6.99959
6.99959
6.99959
6.67565
6.67565
6.67565
6.67565
6.67565
6.67565
6.67565
6.67565
6.32282
6.32282
6.32282
6.32282
6.32282
6.32282
6.32282
6.32282
5.95565
5.95565
5.95565
5.95565
5.95565
5.95565
5.95565
5.95565
5.59154
5.59154
5.59154
5.59154
5.59154
5.59154
5.59154
5.59154
5.24834
5.24834
5.24834
5.24834
5.24834
5.24834
5.24834
5.24834
4.94243
4.94243
4.94243
4.94243
4.94243
4.94243
4.94243
4.94243
4.68776
4.68776
4.68776
4.68776
4.68776
4.68776
4.68776
4.68776
4.49561
4.49561
4.49561
4.49561
4.49561
4.49561
4.49561
4.49561
4.37524
4.37524
4.37524
4.37524
4.37524
4.37524
4.37524
4.37524
4.33486
4.33486
4.33486
4.33486
4.33486
4.33486
4.33486
4.33486
4.38286
4.38286
4.38286
4.38286
4.38286
4.38286
4.38286
4.38286
7.91952
7.91952
7.91952
7.91952
7.91952
7.91952
7.91952
7.91952
7.73725
7.73725
7.73725
7.73725
7.73725
7.73725
7.73725
7.73725
7.52952
7.52952
7.52952
7.52952
7.52952
7.52952
7.52952
7.52952
7.28512
7.28512
7.28512
7.28512
7.28512
7.28512
7.28512
7.28512
6.99959
6.99959
6.99959
6.99959
6.99959
6.99959
6.99959
6.99959
6.67565
6.67565
6.67565
6.67565
6.67565
6.67565
6.67565
6.67565
6.32282
6.32282
6.32282
6.32282
6.32282
6.32282
6.32282
6.32282
5.95565
5.95565
5.95565
5.95565
5.95565
5.95565
5.95565
5.95565
5.59154
5.59154
5.59154
5.59154
5.59154
5.59154
5.59154
5.59154
5.24834
5.24834
5.24834
5.24834
5.24834
5.24834
5.24834
5.24834
4.94243
4.94243
4.94243
4.94243
4.94243
4.94243
4.94243
4.94243
4.68776
4.68776
4.68776
4.68776
4.68776
4.68776
4.68776
4.68776
4.49561
4.49561
4.49561
4.49561
4.49561
4.49561
4.49561
4.49561
4.37524
4.37524
4.37524
4.37524
4.37524
4.37524
4.37524
4.37524
4.33486
4.33486
4.33486
4.33486
4.33486
4.33486
4.33486
4.33486
4.38286
4.38286
4.38286
4.38286
4.38286
4.38286
4.38286
4.38286
7.91952
7.91952
7.91952
7.91952
7.91952
7.91952
7.91952
7.91952
7.73725
7.73725
7.73725
7.73725
7.73725
7.73725
7.73725
7.73725
7.52952
7.52952
7.52952
7.52952
7.52952
7.52952
7.52952
7.52952
7.28512
7.28512
7.28512
7.28512
7.28512
7.28512
7.28512
7.28512
6.99959
6.99959
6.99959
6.99959
6.99959
6.99959
6.99959
6.99959
6.67565
6.67565
6.67565
6.67565
6.67565
6.67565
6.67565
6.67565
6.32282
6.32282
6.32282
6.32282
6.32282
6.32282
6.32282
6.32282
5.95565
5.95565
5.95565
5.95565
5.95565
5.95565
5.95565
5.95565
5.59154
5.59154
5.59154
5.59154
5.59154
5.59154
5.59154
5.59154
5.24834
5.24834
5.24834
5.24834
5.24834
5.24834
5.24834
5.24834
4.94243
4.94243
4.94243
4.94243
4.94243
4.94243
4.94243
4.94243
4.68776
4.68776
4.68776
4.68776
4.68776
4.68776
4.68776
4.68776
4.49561
4.49561
4.49561
4.49561
4.49561
4.49561
4.49561
4.49561
4.37524
4.37524
4.37524
4.37524
4.37524
4.37524
4.37524
4.37524
4.33486
4.33486
4.33486
4.33486
4.33486
4.33486
4.33486
4.33486
4.38286
4.38286
4.38286
4.38286
4.38286
4.38286
4.38286
4.38286
8.51906
8.51906
8.51906
8.51906
8.51906
8.51906
8.51906
8.51906
8.32209
8.32209
8.32209
8.32209
8.32209
8.32209
8.32209
8.32209
8.08416
8.08416
8.08416
8.08416
8.08416
8.08416
8.08416
8.08416
7.79596
7.79596
7.79596
7.79596
7.79596
7.79596
7.79596
7.79596
7.45597
7.45597
7.45597
7.45597
7.45597
7.45597
7.45597
7.45597
7.07077
7.07077
7.07077
7.07077
7.07077
7.07077
7.07077
7.07077
6.65415
6.65415
6.65415
6.65415
6.65415
6.65415
6.65415
6.65415
6.22457
6.22457
6.22457
6.22457
6.22457
6.22457
6.22457
6.22457
5.80261
5.80261
5.80261
5.80261
5.80261
5.80261
5.80261
5.80261
5.40813
5.40813
5.40813
5.40813
5.40813
5.40813
5.40813
5.40813
5.05849
5.05849
5.05849
5.05849
5.05849
5.05849
5.05849
5.05849
4.76759
4.76759
4.76759
4.76759
4.76759
4.76759
4.76759
4.76759
4.54608
4.54608
4.54608
4.54608
4.54608
4.54608
4.54608
4.54608
4.40211
4.40211
4.40211
4.40211
4.40211
4.40211
4.40211
4.40211
4.34272
4.34272
4.34272
4.34272
4.34272
4.34272
4.34272
4.34272
4.37501
4.37501
4.37501
4.37501
4.37501
4.37501
4.37501
4.37501
8.51906
8.51906
8.51906
8.51906
8.51906
8.51906
8.51906
8.51906
8.32209
8.32209
8.32209
8.32209
8.32209
8.32209
8.32209
8.32209
8.08416
8.08416
8.08416
8.08416
8.08416
8.08416
8.08416
8.08416
7.79596
7.79596
7.79596
7.79596
7.79596
7.79596
7.79596
7.79596
7.45597
7.45597
7.45597
7.45597
7.45597
7.45597
7.45597
7.45597
7.07077
7.07077
7.07077
7.07077
7.07077
7.07077
7.07077
7.07077
6.65415
6.65415
6.65415
6.65415
6.65415
6.65415
6.65415
6.65415
6.22457
6.22457
6.22457
6.22457
6.22457
6.22457
6.22457
6.22457
5.80261
5.80261
5.80261
5.80261
5.80261
5.80261
5.80261
5.80261
5.40813
5.40813
5.40813
5.40813
5.40813
5.40813
5.40813
5.40813
5.05849
5.05849
5.05849
5.05849
5.05849
5.05849
5.05849
5.05849
4.76759
4.76759
4.76759
4.76759
4.76759
4.76759
4.76759
4.76759
4.54608
4.54608
4.54608
4.54608
4.54608
4.54608
4.54608
4.54608
4.40211
4.40211
4.40211
4.40211
4.40211
4.40211
4.40211
4.40211
4.34272
4.34272
4.34272
4.34272
4.34272
4.34272
4.34272
4.34272
4.37501
4.37501
4.37501
4.37501
4.37501
4.37501
4.37501
4.37501
8.51906
8.51906
8.51906
8.51906
8.51906
8.51906
8.51906
8.51906
8.32209
8.32209
8.32209
8.32209
8.32209
8.32209
8.32209
8.32209
8.08416
8.08416
8.08416
8.08416
8.08416
8.08416
8.08416
8.08416
7.79596
7.79596
7.79596
7.79596
7.79596
7.79596
7.79596
7.79596
7.45597
7.45597
7.45597
7.45597
7.45597
7.45597
7.45597
7.45597
7.07077
7.07077
7.07077
7.07077
7.07077
7.07077
7.07077
7.07077
6.65415
6.65415
6.65415
6.65415
6.65415
6.65415
6.65415
6.65415
6.22457
6.22457
6.22457
6.22457
6.22457
6.22457
6.22457
6.22457
5.80261
5.80261
5.80261
5.80261
5.80261
5.80261
5.80261
5.80261
5.40813
5.40813
5.40813
5.40813
5.40813
5.40813
5.40813
5.40813
5.05849
5.05849
5.05849
5.05849
5.05849
5.05849
5.05849
5.05849
4.76759
4.76759
4.76759
4.76759
4.76759
4.76759
4.76759
4.76759
4.54608
4.54608
4.54608
4.54608
4.54608
4.54608
4.54608
4.54608
4.40211
4.40211
4.40211
4.40211
4.40211
4.40211
4.40211
4.40211
4.34272
4.34272
4.34272
4.34272
4.34272
4.34272
4.34272
4.34272
4.37501
4.37501
4.37501
4.37501
4.37501
4.37501
4.37501
4.37501
8.51906
8.51906
8.51906
8.51906
8.51906
8.51906
8.51906
8.51906
8.32209
8.32209
8.32209
8.32209
8.32209
8.32209
8.32209
8.32209
8.08416
8.08416
8.08416
8.08416
8.08416
8.08416
8.08416
8.08416
7.79596
7.79596
7.79596
7.79596
7.79596
7.79596
7.79596
7.79596
7.45597
7.45597
7.45597
7.45597
7.45597
7.45597
7.45597
7.45597
7.07077
7.07077
7.07077
7.07077
7.07077
7.07077
7.07077
7.07077
6.65415
6.65415
6.65415
6.65415
6.65415
6.65415
6.65415
6.65415
6.22457
6.22457
6.22457
6.22457
6.22457
6.22457
6.22457
6.22457
5.80261
5.80261
5.80261
5.80261
5.80261
5.80261
5.80261
5.80261
5.40813
5.40813
5.40813
5.40813
5.40813
5.40813
5.40813
5.40813
5.05849
5.05849
5.05849
5.05849
5.05849
5.05849
5.05849
5.05849
4.76759
4.76759
4.76759
4.76759
4.76759
4.76759
4.76759
4.76759
4.54608
4.54608
4.54608
4.54608
4.54608
4.54608
4.54608
4.54608
4.40211
4.40211
4.40211
4.40211
4.40211
4.40211
4.40211
4.40211
4.34272
4.34272
4.34272
4.34272
4.34272
4.34272
4.34272
4.34272
4.37501
4.37501
4.37501
4.37501
4.37501
4.37501
4.37501
4.37501
9.19252
9.19252
9.19252
9.19252
9.19252
9.19252
9.19252
9.19252
8.99471
8.99471
8.99471
8.99471
8.99471
8.99471
8.99471
8.99471
8.73754
8.73754
8.73754
8.73754
8.73754
8.73754
8.73754
8.73754
8.41323
8.41323
8.41323
8.41323
8.41323
8.41323
8.41323
8.41323
8.02338
8.02338
8.02338
8.02338
8.02338
8.02338
8.02338
8.02338
7.57883
7.57883
7.57883
7.57883
7.57883
7.57883
7.57883
7.57883
7.09801
7.09801
7.09801
7.09801
7.09801
7.09801
7.09801
7.09801
6.60395
6.60395
6.60395
6.60395
6.60395
6.60395
6.60395
6.60395
6.12095
6.12095
6.12095
6.12095
6.12095
6.12095
6.12095
6.12095
5.6715
5.6715
5.6715
5.6715
5.6715
5.6715
5.6715
5.6715
5.27435
5.27435
5.27435
5.27435
5.27435
5.27435
5.27435
5.27435
4.94379
4.94379
4.94379
4.94379
4.94379
4.94379
4.94379
4.94379
4.6901
4.6901
4.6901
4.6901
4.6901
4.6901
4.6901
4.6901
4.52056
4.52056
4.52056
4.52056
4.52056
4.52056
4.52056
4.52056
4.44116
4.44116
4.44116
4.44116
4.44116
4.44116
4.44116
4.44116
4.45796
4.45796
4.45796
4.45796
4.45796
4.45796
4.45796
4.45796
9.19252
9.19252
9.19252
9.19252
9.19252
9.19252
9.19252
9.19252
8.99471
8.99471
8.99471
8.99471
8.99471
8.99471
8.99471
8.99471
8.73754
8.73754
8.73754
8.73754
8.73754
8.73754
8.73754
8.73754
8.41323
8.41323
8.41323
8.41323
8.41323
8.41323
8.41323
8.41323
8.02338
8.02338
8.02338
8.02338
8.02338
8.02338
8.02338
8.02338
7.57883
7.57883
7.57883
7.57883
7.57883
7.57883
7.57883
7.57883
7.09801
7.09801
7.09801
7.09801
7.09801
7.09801
7.09801
7.09801
6.60395
6.60395
6.60395
6.60395
6.60395
6.60395
6.60395
6.60395
6.12095
6.12095
6.12095
6.12095
6.12095
6.12095
6.12095
6.12095
5.6715
5.6715
5.6715
5.6715
5.6715
5.6715
5.6715
5.6715
5.27435
5.27435
5.27435
5.27435
5.27435
5.27435
5.27435
5.27435
4.94379
4.94379
4.94379
4.94379
4.94379
4.94379
4.94379
4.94379
4.6901
4.6901
4.6901
4.6901
4.6901
4.6901
4.6901
4.6901
4.52056
4.52056
4.52056
4.52056
4.52056
4.52056
4.52056
4.52056
4.44116
4.44116
4.44116
4.44116
4.44116
4.44116
4.44116
4.44116
4.45796
4.45796
4.45796
4.45796
4.45796
4.45796
4.45796
4.45796
9.19252
9.19252
9.19252
9.19252
9.19252
9.19252
9.19252
9.19252
8.99471
8.99471
8.99471
8.99471
8.99471
8.99471
8.99471
8.99471
8.73754
8.73754
8.73754
8.73754
8.73754
8.73754
8.73754
8.73754
8.41323
8.41323
8.41323
8.41323
8.41323
8.41323
8.41323
8.41323
8.02338
8.02338
8.02338
8.02338
8.02338
8.02338
8.02338
8.02338
7.57883
7.57883
7.57883
7.57883
7.57883
7.57883
7.57883
7.57883
7.09801
7.09801
7.09801
7.09801
7.09801
7.09801
7.09801
7.09801
6.60395
6.60395
6.60395
6.60395
6.60395
6.60395
6.60395
6.60395
6.12095
6.12095
6.12095
6.12095
6.12095
6.12095
6.12095
6.12095
5.6715
5.6715
5.6715
5.6715
5.6715
5.6715
5.6715
5.6715
5.27435
5.27435
5.27435
5.27435
5.27435
5.27435
5.27435
5.27435
4.94379
4.94379
4.94379
4.94379
4.94379
4.94379
4.94379
4.94379
4.6901
4.6901
4.6901
4.6901
4.6901
4.6901
4.6901
4.6901
4.52056
4.52056
4.52056
4.52056
4.52056
4.52056
4.52056
4.52056
4.44116
4.44116
4.44116
4.44116
4.44116
4.44116
4.44116
4.44116
4.45796
4.45796
4.45796
4.45796
4.45796
4.45796
4.45796
4.45796
9.19252
9.19252
9.19252
9.19252
9.19252
9.19252
9.19252
9.19252
8.99471
8.99471
8.99471
8.99471
8.99471
8.99471
8.99471
8.99471
8.73754
8.73754
8.73754
8.73754
8.73754
8.73754
8.73754
8.73754
8.41323
8.41323
8.41323
8.41323
8.41323
8.41323
8.41323
8.41323
8.02338
8.02338
8.02338
8.02338
8.02338
8.02338
8.02338
8.02338
7.57883
7.57883
7.57883
7.57883
7.57883
7.57883
7.57883
7.57883
7.09801
7.09801
7.09801
7.09801
7.09801
7.09801
7.09801
7.09801
6.60395
6.60395
6.60395
6.60395
6.60395
6.60395
6.60395
6.60395
6.12095
6.12095
6.12095
6.12095
6.12095
6.12095
6.12095
6.12095
5.6715
5.6715
5.6715
5.6715
5.6715
5.6715
5.6715
5.6715
5.27435
5.27435
5.27435
5.27435
5.27435
5.27435
5.27435
5.27435
4.94379
4.94379
4.94379
4.94379
4.94379
4.94379
4.94379
4.94379
4.6901
4.6901
4.6901
4.6901
4.6901
4.6901
4.6901
4.6901
4.52056
4.52056
4.52056
4.52056
4.52056
4.52056
4.52056
4.52056
4.44116
4.44116
4.44116
4.44116
4.44116
4.44116
4.44116
4.44116
4.45796
4.45796
4.45796
4.45796
4.45796
4.45796
4.45796
4.45796
9.93305
9.93305
9.93305
9.93305
9.93305
9.93305
9.93305
9.93305
9.75229
9.75229
9.75229
9.75229
9.75229
9.75229
9.75229
9.75229
9.49071
9.49071
9.49071
9.49071
9.49071
9.49071
9.49071
9.49071
9.14171
9.14171
9.14171
9.14171
9.14171
9.14171
9.14171
9.14171
8.70971
8.70971
8.70971
8.70971
8.70971
8.70971
8.70971
8.70971
8.20996
8.20996
8.20996
8.20996
8.20996
8.20996
8.20996
8.20996
7.66608
7.66608
7.66608
7.66608
7.66608
7.66608
7.66608
7.66608
7.10628
7.10628
7.10628
7.10628
7.10628
7.10628
7.10628
7.10628
6.55935
6.55935
6.55935
6.55935
6.55935
6.55935
6.55935
6.55935
6.05108
6.05108
6.05108
6.05108
6.05108
6.05108
6.05108
6.05108
5.60232
5.60232
5.60232
5.60232
5.60232
5.60232
5.60232
5.60232
5.22827
5.22827
5.22827
5.22827
5.22827
5.22827
5.22827
5.22827
4.9392
4.9392
4.9392
4.9392
4.9392
4.9392
4.9392
4.9392
4.74197
4.74197
4.74197
4.74197
4.74197
4.74197
4.74197
4.74197
4.6417
4.6417
4.6417
4.6417
4.6417
4.6417
4.6417
4.6417
4.64356
4.64356
4.64356
4.64356
4.64356
4.64356
4.64356
4.64356
9.93305
9.93305
9.93305
9.93305
9.93305
9.93305
9.93305
9.93305
9.75229
9.75229
9.75229
9.75229
9.75229
9.75229
9.75229
9.75229
9.49071
9.49071
9.49071
9.49071
9.49071
9.49071
9.49071
9.49071
9.14171
9.14171
9.14171
9.14171
9.14171
9.14171
9.14171
9.14171
8.70971
8.70971
8.70971
8.70971
8.70971
8.70971
8.70971
8.70971
8.20996
8.20996
8.20996
8.20996
8.20996
8.20996
8.20996
8.20996
7.66608
7.66608
7.66608
7.66608
7.66608
7.66608
7.66608
7.66608
7.10628
7.10628
7.10628
7.10628
7.10628
7.10628
7.10628
7.10628
6.55935
6.55935
6.55935
6.55935
6.55935
6.55935
6.55935
6.55935
6.05108
6.05108
6.05108
6.05108
6.05108
6.05108
6.05108
6.05108
5.60232
5.60232
5.60232
5.60232
5.60232
5.60232
5.60232
5.60232
5.22827
5.22827
5.22827
5.22827
5.22827
5.22827
5.22827
5.22827
4.9392
4.9392
4.9392
4.9392
4.9392
4.9392
4.9392
4.9392
4.74197
4.74197
4.74197
4.74197
4.74197
4.74197
4.74197
4.74197
4.6417
4.6417
4.6417
4.6417
4.6417
4.6417
4.6417
4.6417
4.64356
4.64356
4.64356
4.64356
4.64356
4.64356
4.64356
4.64356
9.93305
9.93305
9.93305
9.93305
9.93305
9.93305
9.93305
9.93305
9.75229
9.75229
9.75229
9.75229
9.75229
9.75229
9.75229
9.75229
9.49071
9.49071
9.49071
9.49071
9.49071
9.49071
9.49071
9.49071
9.14171
9.14171
9.14171
9.14171
9.14171
9.14171
9.14171
9.14171
8.70971
8.70971
8.70971
8.70971
8.70971
8.70971
8.70971
8.70971
8.20996
8.20996
8.20996
8.20996
8.20996
8.20996
8.20996
8.20996
7.66608
7.66608
7.66608
7.66608
7.66608
7.66608
7.66608
7.66608
7.10628
7.10628
7.10628
7.10628
7.10628
7.10628
7.10628
7.10628
6.55935
6.55935
6.55935
6.55935
6.55935
6.55935
6.55935
6.55935
6.05108
6.05108
6.05108
6.05108
6.05108
6.05108
6.05108
6.05108
5.60232
5.60232
5.60232
5.60232
5.60232
5.60232
5.60232
5.60232
5.22827
5.22827
5.22827
5.22827
5.22827
5.22827
5.22827
5.22827
4.9392
4.9392
4.9392
4.9392
4.9392
4.9392
4.9392
4.9392
4.74197
4.74197
4.74197
4.74197
4.74197
4.74197
4.74197
4.74197
4.6417
4.6417
4.6417
4.6417
4.6417
4.6417
4.6417
4.6417
4.64356
4.64356
4.64356
4.64356
4.64356
4.64356
4.64356
4.64356
9.93305
9.93305
9.93305
9.93305
9.93305
9.93305
9.93305
9.93305
9.75229
9.75229
9.75229
9.75229
9.75229
9.75229
9.75229
9.75229
9.49071
9.49071
9.49071
9.49071
9.49071
9.49071
9.49071
9.49071
9.14171
9.14171
9.14171
9.14171
9.14171
9.14171
9.14171
9.14171
8.70971
8.70971
8.70971
8.70971
8.70971
8.70971
8.70971
8.70971
8.20996
8.20996
8.20996
8.20996
8.20996
8.20996
8.20996
8.20996
7.66608
7.66608
7.66608
7.66608
7.66608
7.66608
7.66608
7.66608
7.10628
7.10628
7.10628
7.10628
7.10628
7.10628
7.10628
7.10628
6.55935
6.55935
6.55935
6.55935
6.55935
6.55935
6.55935
6.55935
6.05108
6.05108
6.05108
6.05108
6.05108
6.05108
6.05108
6.05108
5.60232
5.60232
5.60232
5.60232
5.60232
5.60232
5.60232
5.60232
5.22827
5.22827
5.22827
5.22827
5.22827
5.22827
5.22827
5.22827
4.9392
4.9392
4.9392
4.9392
4.9392
4.9392
4.9392
4.9392
4.74197
4.74197
4.74197
4.74197
4.74197
4.74197
4.74197
4.74197
4.6417
4.6417
4.6417
4.6417
4.6417
4.6417
4.6417
4.6417
4.64356
4.64356
4.64356
4.64356
4.64356
4.64356
4.64356
4.64356
10.7294
10.7294
10.7294
10.7294
10.7294
10.7294
10.7294
10.7294
10.5877
10.5877
10.5877
10.5877
10.5877
10.5877
10.5877
10.5877
10.3412
10.3412
10.3412
10.3412
10.3412
10.3412
10.3412
10.3412
9.98328
9.98328
9.98328
9.98328
9.98328
9.98328
9.98328
9.98328
9.52088
9.52088
9.52088
9.52088
9.52088
9.52088
9.52088
9.52088
8.97346
8.97346
8.97346
8.97346
8.97346
8.97346
8.97346
8.97346
8.37015
8.37015
8.37015
8.37015
8.37015
8.37015
8.37015
8.37015
7.745
7.745
7.745
7.745
7.745
7.745
7.745
7.745
7.13212
7.13212
7.13212
7.13212
7.13212
7.13212
7.13212
7.13212
6.56158
6.56158
6.56158
6.56158
6.56158
6.56158
6.56158
6.56158
6.05709
6.05709
6.05709
6.05709
6.05709
6.05709
6.05709
6.05709
5.63552
5.63552
5.63552
5.63552
5.63552
5.63552
5.63552
5.63552
5.30775
5.30775
5.30775
5.30775
5.30775
5.30775
5.30775
5.30775
5.08055
5.08055
5.08055
5.08055
5.08055
5.08055
5.08055
5.08055
4.95863
4.95863
4.95863
4.95863
4.95863
4.95863
4.95863
4.95863
4.94643
4.94643
4.94643
4.94643
4.94643
4.94643
4.94643
4.94643
10.7294
10.7294
10.7294
10.7294
10.7294
10.7294
10.7294
10.7294
10.5877
10.5877
10.5877
10.5877
10.5877
10.5877
10.5877
10.5877
10.3412
10.3412
10.3412
10.3412
10.3412
10.3412
10.3412
10.3412
9.98328
9.98328
9.98328
9.98328
9.98328
9.98328
9.98328
9.98328
9.52088
9.52088
9.52088
9.52088
9.52088
9.52088
9.52088
9.52088
8.97346
8.97346
8.97346
8.97346
8.97346
8.97346
8.97346
8.97346
8.37015
8.37015
8.37015
8.37015
8.37015
8.37015
8.37015
8.37015
7.745
7.745
7.745
7.745
7.745
7.745
7.745
7.745
7.13212
7.13212
7.13212
7.13212
7.13212
7.13212
7.13212
7.13212
6.56158
6.56158
6.56158
6.56158
6.56158
6.56158
6.56158
6.56158
6.05709
6.05709
6.05709
6.05709
6.05709
6.05709
6.05709
6.05709
5.63552
5.63552
5.63552
5.63552
5.63552
5.63552
5.63552
5.63552
5.30775
5.30775
5.30775
5.30775
5.30775
5.30775
5.30775
5.30775
5.08055
5.08055
5.08055
5.08055
5.08055
5.08055
5.08055
5.08055
4.95863
4.95863
4.95863
4.95863
4.95863
4.95863
4.95863
4.95863
4.94643
4.94643
4.94643
4.94643
4.94643
4.94643
4.94643
4.94643
10.7294
10.7294
10.7294
10.7294
10.7294
10.7294
10.7294
10.7294
10.5877
10.5877
10.5877
10.5877
10.5877
10.5877
10.5877
10.5877
10.3412
10.3412
10.3412
10.3412
10.3412
10.3412
10.3412
10.3412
9.98328
9.98328
9.98328
9.98328
9.98328
9.98328
9.98328
9.98328
9.52088
9.52088
9.52088
9.52088
9.52088
9.52088
9.52088
9.52088
8.97346
8.97346
8.97346
8.97346
8.97346
8.97346
8.97346
8.97346
8.37015
8.37015
8.37015
8.37015
8.37015
8.37015
8.37015
8.37015
7.745
7.745
7.745
7.745
7.745
7.745
7.745
7.745
7.13212
7.13212
7.13212
7.13212
7.13212
7.13212
7.13212
7.13212
6.56158
6.56158
6.56158
6.56158
6.56158
6.56158
6.56158
6.56158
6.05709
6.05709
6.05709
6.05709
6.05709
6.05709
6.05709
6.05709
5.63552
5.63552
5.63552
5.63552
5.63552
5.63552
5.63552
5.63552
5.30775
5.30775
5.30775
5.30775
5.30775
5.30775
5.30775
5.30775
5.08055
5.08055
5.08055
5.08055
5.08055
5.08055
5.08055
5.08055
4.95863
4.95863
4.95863
4.95863
4.95863
4.95863
4.95863
4.95863
4.94643
4.94643
4.94643
4.94643
4.94643
4.94643
4.94643
4.94643
10.7294
10.7294
10.7294
10.7294
10.7294
10.7294
10.7294
10.7294
10.5877
10.5877
10.5877
10.5877
10.5877
10.5877
10.5877
10.5877
10.3412
10.3412
10.3412
10.3412
10.3412
10.3412
10.3412
10.3412
9.98328
9.98328
9.98328
9.98328
9.98328
9.98328
9.98328
9.98328
9.52088
9.52088
9.52088
9.52088
9.52088
9.52088
9.52088
9.52088
8.97346
8.97346
8.97346
8.97346
8.97346
8.97346
8.97346
8.97346
8.37015
8.37015
8.37015
8.37015
8.37015
8.37015
8.37015
8.37015
7.745
7.745
7.745
7.745
7.745
7.745
7.745
7.745
7.13212
7.13212
7.13212
7.13212
7.13212
7.13212
7.13212
7.13212
6.56158
6.56158
6.56158
6.56158
6.56158
6.56158
6.56158
6.56158
6.05709
6.05709
6.05709
6.05709
6.05709
6.05709
6.05709
6.05709
5.63552
5.63552
5.63552
5.63552
5.63552
5.63552
5.63552
5.63552
5.30775
5.30775
5.30775
5.30775
5.30775
5.30775
5.30775
5.30775
5.08055
5.08055
5.08055
5.08055
5.08055
5.08055
5.08055
5.08055
4.95863
4.95863
4.95863
4.95863
4.95863
4.95863
4.95863
4.95863
4.94643
4.94643
4.94643
4.94643
4.94643
4.94643
4.94643
4.94643
11.5657
11.5657
11.5657
11.5657
11.5657
11.5657
11.5657
11.5657
11.4888
11.4888
11.4888
11.4888
11.4888
11.4888
11.4888
11.4888
11.2813
11.2813
11.2813
11.2813
11.2813
11.2813
11.2813
11.2813
10.9355
10.9355
10.9355
10.9355
10.9355
10.9355
10.9355
10.9355
10.4594
10.4594
10.4594
10.4594
10.4594
10.4594
10.4594
10.4594
9.87624
9.87624
9.87624
9.87624
9.87624
9.87624
9.87624
9.87624
9.22075
9.22075
9.22075
9.22075
9.22075
9.22075
9.22075
9.22075
8.53336
8.53336
8.53336
8.53336
8.53336
8.53336
8.53336
8.53336
7.85437
7.85437
7.85437
7.85437
7.85437
7.85437
7.85437
7.85437
7.21916
7.21916
7.21916
7.21916
7.21916
7.21916
7.21916
7.21916
6.65541
6.65541
6.65541
6.65541
6.65541
6.65541
6.65541
6.65541
6.18251
6.18251
6.18251
6.18251
6.18251
6.18251
6.18251
6.18251
5.81277
5.81277
5.81277
5.81277
5.81277
5.81277
5.81277
5.81277
5.55351
5.55351
5.55351
5.55351
5.55351
5.55351
5.55351
5.55351
5.40932
5.40932
5.40932
5.40932
5.40932
5.40932
5.40932
5.40932
5.38442
5.38442
5.38442
5.38442
5.38442
5.38442
5.38442
5.38442
11.5657
11.5657
11.5657
11.5657
11.5657
11.5657
11.5657
11.5657
11.4888
11.4888
11.4888
11.4888
11.4888
11.4888
11.4888
11.4888
11.2813
11.2813
11.2813
11.2813
11.2813
11.2813
11.2813
11.2813
10.9355
10.9355
10.9355
10.9355
10.9355
10.9355
10.9355
10.9355
10.4594
10.4594
10.4594
10.4594
10.4594
10.4594
10.4594
10.4594
9.87624
9.87624
9.87624
9.87624
9.87624
9.87624
9.87624
9.87624
9.22075
9.22075
9.22075
9.22075
9.22075
9.22075
9.22075
9.22075
8.53336
8.53336
8.53336
8.53336
8.53336
8.53336
8.53336
8.53336
7.85437
7.85437
7.85437
7.85437
7.85437
7.85437
7.85437
7.85437
7.21916
7.21916
7.21916
7.21916
7.21916
7.21916
7.21916
7.21916
6.65541
6.65541
6.65541
6.65541
6.65541
6.65541
6.65541
6.65541
6.18251
6.18251
6.18251
6.18251
6.18251
6.18251
6.18251
6.18251
5.81277
5.81277
5.81277
5.81277
5.81277
5.81277
5.81277
5.81277
5.55351
5.55351
5.55351
5.55351
5.55351
5.55351
5.55351
5.55351
5.40932
5.40932
5.40932
5.40932
5.40932
5.40932
5.40932
5.40932
5.38442
5.38442
5.38442
5.38442
5.38442
5.38442
5.38442
5.38442
11.5657
11.5657
11.5657
11.5657
11.5657
11.5657
11.5657
11.5657
11.4888
11.4888
11.4888
11.4888
11.4888
11.4888
11.4888
11.4888
11.2813
11.2813
11.2813
11.2813
11.2813
11.2813
11.2813
11.2813
10.9355
10.9355
10.9355
10.9355
10.9355
10.9355
10.9355
10.9355
10.4594
10.4594
10.4594
10.4594
10.4594
10.4594
10.4594
10.4594
9.87624
9.87624
9.87624
9.87624
9.87624
9.87624
9.87624
9.87624
9.22075
9.22075
9.22075
9.22075
9.22075
9.22075
9.22075
9.22075
8.53336
8.53336
8.53336
8.53336
8.53336
8.53336
8.53336
8.53336
7.85437
7.85437
7.85437
7.85437
7.85437
7.85437
7.85437
7.85437
7.21916
7.21916
7.21916
7.21916
7.21916
7.21916
7.21916
7.21916
6.65541
6.65541
6.65541
6.65541
6.65541
6.65541
6.65541
6.65541
6.18251
6.18251
6.18251
6.18251
6.18251
6.18251
6.18251
6.18251
5.81277
5.81277
5.81277
5.81277
5.81277
5.81277
5.81277
5.81277
5.55351
5.55351
5.55351
5.55351
5.55351
5.55351
5.55351
5.55351
5.40932
5.40932
5.40932
5.40932
5.40932
5.40932
5.40932
5.40932
5.38442
5.38442
5.38442
5.38442
5.38442
5.38442
5.38442
5.38442
11.5657
11.5657
11.5657
11.5657
11.5657
11.5657
11.5657
11.5657
11.4888
11.4888
11.4888
11.4888
11.4888
11.4888
11.4888
11.4888
11.2813
11.2813
11.2813
11.2813
11.2813
11.2813
11.2813
11.2813
10.9355
10.9355
10.9355
10.9355
10.9355
10.9355
10.9355
10.9355
10.4594
10.4594
10.4594
10.4594
10.4594
10.4594
10.4594
10.4594
9.87624
9.87624
9.87624
9.87624
9.87624
9.87624
9.87624
9.87624
9.22075
9.22075
9.22075
9.22075
9.22075
9.22075
9.22075
9.22075
8.53336
8.53336
8.53336
8.53336
8.53336
8.53336
8.53336
8.53336
7.85437
7.85437
7.85437
7.85437
7.85437
7.85437
7.85437
7.85437
7.21916
7.21916
7.21916
7.21916
7.21916
7.21916
7.21916
7.21916
6.65541
6.65541
6.65541
6.65541
6.65541
6.65541
6.65541
6.65541
6.18251
6.18251
6.18251
6.18251
6.18251
6.18251
6.18251
6.18251
5.81277
5.81277
5.81277
5.81277
5.81277
5.81277
5.81277
5.81277
5.55351
5.55351
5.55351
5.55351
5.55351
5.55351
5.55351
5.55351
5.40932
5.40932
5.40932
5.40932
5.40932
5.40932
5.40932
5.40932
5.38442
5.38442
5.38442
5.38442
5.38442
5.38442
5.38442
5.38442
12.4211
12.4211
12.4211
12.4211
12.4211
12.4211
12.4211
12.4211
12.4377
12.4377
12.4377
12.4377
12.4377
12.4377
12.4377
12.4377
12.2977
12.2977
12.2977
12.2977
12.2977
12.2977
12.2977
12.2977
11.99
11.99
11.99
11.99
11.99
11.99
11.99
11.99
11.5225
11.5225
11.5225
11.5225
11.5225
11.5225
11.5225
11.5225
10.9209
10.9209
10.9209
10.9209
10.9209
10.9209
10.9209
10.9209
10.2253
10.2253
10.2253
10.2253
10.2253
10.2253
10.2253
10.2253
9.48263
9.48263
9.48263
9.48263
9.48263
9.48263
9.48263
9.48263
8.74032
8.74032
8.74032
8.74032
8.74032
8.74032
8.74032
8.74032
8.04013
8.04013
8.04013
8.04013
8.04013
8.04013
8.04013
8.04013
7.41491
7.41491
7.41491
7.41491
7.41491
7.41491
7.41491
7.41491
6.88778
6.88778
6.88778
6.88778
6.88778
6.88778
6.88778
6.88778
6.47339
6.47339
6.47339
6.47339
6.47339
6.47339
6.47339
6.47339
6.18035
6.18035
6.18035
6.18035
6.18035
6.18035
6.18035
6.18035
6.01391
6.01391
6.01391
6.01391
6.01391
6.01391
6.01391
6.01391
5.97833
5.97833
5.97833
5.97833
5.97833
5.97833
5.97833
5.97833
12.4211
12.4211
12.4211
12.4211
12.4211
12.4211
12.4211
12.4211
12.4377
12.4377
12.4377
12.4377
12.4377
12.4377
12.4377
12.4377
12.2977
12.2977
12.2977
12.2977
12.2977
12.2977
12.2977
12.2977
11.99
11.99
11.99
11.99
11.99
11.99
11.99
11.99
11.5225
11.5225
11.5225
11.5225
11.5225
11.5225
11.5225
11.5225
10.9209
10.9209
10.9209
10.9209
10.9209
10.9209
10.9209
10.9209
10.2253
10.2253
10.2253
10.2253
10.2253
10.2253
10.2253
10.2253
9.48263
9.48263
9.48263
9.48263
9.48263
9.48263
9.48263
9.48263
8.74032
8.74032
8.74032
8.74032
8.74032
8.74032
8.74032
8.74032
8.04013
8.04013
8.04013
8.04013
8.04013
8.04013
8.04013
8.04013
7.41491
7.41491
7.41491
7.41491
7.41491
7.41491
7.41491
7.41491
6.88778
6.88778
6.88778
6.88778
6.88778
6.88778
6.88778
6.88778
6.47339
6.47339
6.47339
6.47339
6.47339
6.47339
6.47339
6.47339
6.18035
6.18035
6.18035
6.18035
6.18035
6.18035
6.18035
6.18035
6.01391
6.01391
6.01391
6.01391
6.01391
6.01391
6.01391
6.01391
5.97833
5.97833
5.97833
5.97833
5.97833
5.97833
5.97833
5.97833
12.4211
12.4211
12.4211
12.4211
12.4211
12.4211
12.4211
12.4211
12.4377
12.4377
12.4377
12.4377
12.4377
12.4377
12.4377
12.4377
12.2977
12.2977
12.2977
12.2977
12.2977
12.2977
12.2977
12.2977
11.99
11.99
11.99
11.99
11.99
11.99
11.99
11.99
11.5225
11.5225
11.5225
11.5225
11.5225
11.5225
11.5225
11.5225
10.9209
10.9209
10.9209
10.9209
10.9209
10.9209
10.9209
10.9209
10.2253
10.2253
10.2253
10.2253
10.2253
10.2253
10.2253
10.2253
9.48263
9.48263
9.48263
9.48263
9.48263
9.48263
9.48263
9.48263
8.74032
8.74032
8.74032
8.74032
8.74032
8.74032
8.74032
8.74032
8.04013
8.04013
8.04013
8.04013
8.04013
8.04013
8.04013
8.04013
7.41491
7.41491
7.41491
7.41491
7.41491
7.41491
7.41491
7.41491
6.88778
6.88778
6.88778
6.88778
6.88778
6.88778
6.88778
6.88778
6.47339
6.47339
6.47339
6.47339
6.47339
6.47339
6.47339
6.47339
6.18035
6.18035
6.18035
6.18035
6.18035
6.18035
6.18035
6.18035
6.01391
6.01391
6.01391
6.01391
6.01391
6.01391
6.01391
6.01391
5.97833
5.97833
5.97833
5.97833
5.97833
5.97833
5.97833
5.97833
12.4211
12.4211
12.4211
12.4211
12.4211
12.4211
12.4211
12.4211
12.4377
12.4377
12.4377
12.4377
12.4377
12.4377
12.4377
12.4377
12.2977
12.2977
12.2977
12.2977
12.2977
12.2977
12.2977
12.2977
11.99
11.99
11.99
11.99
11.99
11.99
11.99
11.99
11.5225
11.5225
11.5225
11.5225
11.5225
11.5225
11.5225
11.5225
10.9209
10.9209
10.9209
10.9209
10.9209
10.9209
10.9209
10.9209
10.2253
10.2253
10.2253
10.2253
10.2253
10.2253
10.2253
10.2253
9.48263
9.48263
9.48263
9.48263
9.48263
9.48263
9.48263
9.48263
8.74032
8.74032
8.74032
8.74032
8.74032
8.74032
8.74032
8.74032
8.04013
8.04013
8.04013
8.04013
8.04013
8.04013
8.04013
8.04013
7.41491
7.41491
7.41491
7.41491
7.41491
7.41491
7.41491
7.41491
6.88778
6.88778
6.88778
6.88778
6.88778
6.88778
6.88778
6.88778
6.47339
6.47339
6.47339
6.47339
6.47339
6.47339
6.47339
6.47339
6.18035
6.18035
6.18035
6.18035
6.18035
6.18035
6.18035
6.18035
6.01391
6.01391
6.01391
6.01391
6.01391
6.01391
6.01391
6.01391
5.97833
5.97833
5.97833
5.97833
5.97833
5.97833
5.97833
5.97833
13.2712
13.2712
13.2712
13.2712
13.2712
13.2712
13.2712
13.2712
13.4111
13.4111
13.4111
13.4111
13.4111
13.4111
13.4111
13.4111
13.3701
13.3701
13.3701
13.3701
13.3701
13.3701
13.3701
13.3701
13.1314
13.1314
13.1314
13.1314
13.1314
13.1314
13.1314
13.1314
12.7003
12.7003
12.7003
12.7003
12.7003
12.7003
12.7003
12.7003
12.1037
12.1037
12.1037
12.1037
12.1037
12.1037
12.1037
12.1037
11.3856
11.3856
11.3856
11.3856
11.3856
11.3856
11.3856
11.3856
10.5996
10.5996
10.5996
10.5996
10.5996
10.5996
10.5996
10.5996
9.80089
9.80089
9.80089
9.80089
9.80089
9.80089
9.80089
9.80089
9.0386
9.0386
9.0386
9.0386
9.0386
9.0386
9.0386
9.0386
8.3521
8.3521
8.3521
8.3521
8.3521
8.3521
8.3521
8.3521
7.76952
7.76952
7.76952
7.76952
7.76952
7.76952
7.76952
7.76952
7.30906
7.30906
7.30906
7.30906
7.30906
7.30906
7.30906
7.30906
6.98159
6.98159
6.98159
6.98159
6.98159
6.98159
6.98159
6.98159
6.79374
6.79374
6.79374
6.79374
6.79374
6.79374
6.79374
6.79374
6.75052
6.75052
6.75052
6.75052
6.75052
6.75052
6.75052
6.75052
13.2712
13.2712
13.2712
13.2712
13.2712
13.2712
13.2712
13.2712
13.4111
13.4111
13.4111
13.4111
13.4111
13.4111
13.4111
13.4111
13.3701
13.3701
13.3701
13.3701
13.3701
13.3701
13.3701
13.3701
13.1314
13.1314
13.1314
13.1314
13.1314
13.1314
13.1314
13.1314
12.7003
12.7003
12.7003
12.7003
12.7003
12.7003
12.7003
12.7003
12.1037
12.1037
12.1037
12.1037
12.1037
12.1037
12.1037
12.1037
11.3856
11.3856
11.3856
11.3856
11.3856
11.3856
11.3856
11.3856
10.5996
10.5996
10.5996
10.5996
10.5996
10.5996
10.5996
10.5996
9.80089
9.80089
9.80089
9.80089
9.80089
9.80089
9.80089
9.80089
9.0386
9.0386
9.0386
9.0386
9.0386
9.0386
9.0386
9.0386
8.3521
8.3521
8.3521
8.3521
8.3521
8.3521
8.3521
8.3521
7.76952
7.76952
7.76952
7.76952
7.76952
7.76952
7.76952
7.76952
7.30906
7.30906
7.30906
7.30906
7.30906
7.30906
7.30906
7.30906
6.98159
6.98159
6.98159
6.98159
6.98159
6.98159
6.98159
6.98159
6.79374
6.79374
6.79374
6.79374
6.79374
6.79374
6.79374
6.79374
6.75052
6.75052
6.75052
6.75052
6.75052
6.75052
6.75052
6.75052
13.2712
13.2712
13.2712
13.2712
13.2712
13.2712
13.2712
13.2712
13.4111
13.4111
13.4111
13.4111
13.4111
13.4111
13.4111
13.4111
13.3701
13.3701
13.3701
13.3701
13.3701
13.3701
13.3701
13.3701
13.1314
13.1314
13.1314
13.1314
13.1314
13.1314
13.1314
13.1314
12.7003
12.7003
12.7003
12.7003
12.7003
12.7003
12.7003
12.7003
12.1037
12.1037
12.1037
12.1037
12.1037
12.1037
12.1037
12.1037
11.3856
11.3856
11.3856
11.3856
11.3856
11.3856
11.3856
11.3856
10.5996
10.5996
10.5996
10.5996
10.5996
10.5996
10.5996
10.5996
9.80089
9.80089
9.80089
9.80089
9.80089
9.80089
9.80089
9.80089
9.0386
9.0386
9.0386
9.0386
9.0386
9.0386
9.0386
9.0386
8.3521
8.3521
8.3521
8.3521
8.3521
8.3521
8.3521
8.3521
7.76952
7.76952
7.76952
7.76952
7.76952
7.76952
7.76952
7.76952
7.30906
7.30906
7.30906
7.30906
7.30906
7.30906
7.30906
7.30906
6.98159
6.98159
6.98159
6.98159
6.98159
6.98159
6.98159
6.98159
6.79374
6.79374
6.79374
6.79374
6.79374
6.79374
6.79374
6.79374
6.75052
6.75052
6.75052
6.75052
6.75052
6.75052
6.75052
6.75052
13.2712
13.2712
13.2712
13.2712
13.2712
13.2712
13.2712
13.2712
13.4111
13.4111
13.4111
13.4111
13.4111
13.4111
13.4111
13.4111
13.3701
13.3701
13.3701
13.3701
13.3701
13.3701
13.3701
13.3701
13.1314
13.1314
13.1314
13.1314
13.1314
13.1314
13.1314
13.1314
12.7003
12.7003
12.7003
12.7003
12.7003
12.7003
12.7003
12.7003
12.1037
12.1037
12.1037
12.1037
12.1037
12.1037
12.1037
12.1037
11.3856
11.3856
11.3856
11.3856
11.3856
11.3856
11.3856
11.3856
10.5996
10.5996
10.5996
10.5996
10.5996
10.5996
10.5996
10.5996
9.80089
9.80089
9.80089
9.80089
9.80089
9.80089
9.80089
9.80089
9.0386
9.0386
9.0386
9.0386
9.0386
9.0386
9.0386
9.0386
8.3521
8.3521
8.3521
8.3521
8.3521
8.3521
8.3521
8.3521
7.76952
7.76952
7.76952
7.76952
7.76952
7.76952
7.76952
7.76952
7.30906
7.30906
7.30906
7.30906
7.30906
7.30906
7.30906
7.30906
6.98159
6.98159
6.98159
6.98159
6.98159
6.98159
6.98159
6.98159
6.79374
6.79374
6.79374
6.79374
6.79374
6.79374
6.79374
6.79374
6.75052
6.75052
6.75052
6.75052
6.75052
6.75052
6.75052
6.75052
