8192
68.5227
68.5227
68.5227
68.5227
68.5227
68.5227
68.5227
68.5227
68.7364
68.7364
68.7364
68.7364
68.7364
68.7364
68.7364
68.7364
69.2705
69.2705
69.2705
69.2705
69.2705
69.2705
69.2705
69.2705
70.014
70.014
70.014
70.014
70.014
70.014
70.014
70.014
70.8389
70.8389
70.8389
70.8389
70.8389
70.8389
70.8389
70.8389
71.6089
71.6089
71.6089
71.6089
71.6089
71.6089
71.6089
71.6089
72.1923
72.1923
72.1923
72.1923
72.1923
72.1923
72.1923
72.1923
72.4781
72.4781
72.4781
72.4781
72.4781
72.4781
72.4781
72.4781
72.3878
72.3878
72.3878
72.3878
72.3878
72.3878
72.3878
72.3878
71.8868
71.8868
71.8868
71.8868
71.8868
71.8868
71.8868
71.8868
70.9883
70.9883
70.9883
70.9883
70.9883
70.9883
70.9883
70.9883
69.7511
69.7511
69.7511
69.7511
69.7511
69.7511
69.7511
69.7511
68.2692
68.2692
68.2692
68.2692
68.2692
68.2692
68.2692
68.2692
66.6592
66.6592
66.6592
66.6592
66.6592
66.6592
66.6592
66.6592
65.0456
65.0456
65.0456
65.0456
65.0456
65.0456
65.0456
65.0456
63.546
63.546
63.546
63.546
63.546
63.546
63.546
63.546
68.5227
68.5227
68.5227
68.5227
68.5227
68.5227
68.5227
68.5227
68.7364
68.7364
68.7364
68.7364
68.7364
68.7364
68.7364
68.7364
69.2705
69.2705
69.2705
69.2705
69.2705
69.2705
69.2705
69.2705
70.014
70.014
70.014
70.014
70.014
70.014
70.014
70.014
70.8389
70.8389
70.8389
70.8389
70.8389
70.8389
70.8389
70.8389
71.6089
71.6089
71.6089
71.6089
71.6089
71.6089
71.6089
71.6089
72.1923
72.1923
72.1923
72.1923
72.1923
72.1923
72.1923
72.1923
72.4781
72.4781
72.4781
72.4781
72.4781
72.4781
72.4781
72.4781
72.3878
72.3878
72.3878
72.3878
72.3878
72.3878
72.3878
72.3878
71.8868
71.8868
71.8868
71.8868
71.8868
71.8868
71.8868
71.8868
70.9883
70.9883
70.9883
70.9883
70.9883
70.9883
70.9883
70.9883
69.7511
69.7511
69.7511
69.7511
69.7511
69.7511
69.7511
69.7511
68.2692
68.2692
68.2692
68.2692
68.2692
68.2692
68.2692
68.2692
66.6592
66.6592
66.6592
66.6592
66.6592
66.6592
66.6592
66.6592
65.0456
65.0456
65.0456
65.0456
65.0456
65.0456
65.0456
65.0456
63.546
63.546
63.546
63.546
63.546
63.546
63.546
63.546
68.5227
68.5227
68.5227
68.5227
68.5227
68.5227
68.5227
68.5227
68.7364
68.7364
68.7364
68.7364
68.7364
68.7364
68.7364
68.7364
69.2705
69.2705
69.2705
69.2705
69.2705
69.2705
69.2705
69.2705
70.014
70.014
70.014
70.014
70.014
70.014
70.014
70.014
70.8389
70.8389
70.8389
70.8389
70.8389
70.8389
70.8389
70.8389
71.6089
71.6089
71.6089
71.6089
71.6089
71.6089
71.6089
71.6089
72.1923
72.1923
72.1923
72.1923
72.1923
72.1923
72.1923
72.1923
72.4781
72.4781
72.4781
72.4781
72.4781
72.4781
72.4781
72.4781
72.3878
72.3878
72.3878
72.3878
72.3878
72.3878
72.3878
72.3878
71.8868
71.8868
71.8868
71.8868
71.8868
71.8868
71.8868
71.8868
70.9883
70.9883
70.9883
70.9883
70.9883
70.9883
70.9883
70.9883
69.7511
69.7511
69.7511
69.7511
69.7511
69.7511
69.7511
69.7511
68.2692
68.2692
68.2692
68.2692
68.2692
68.2692
68.2692
68.2692
66.6592
66.6592
66.6592
66.6592
66.6592
66.6592
66.6592
66.6592
65.0456
65.0456
65.0456
65.0456
65.0456
65.0456
65.0456
65.0456
63.546
63.546
63.546
63.546
63.546
63.546
63.546
63.546
68.5227
68.5227
68.5227
68.5227
68.5227
68.5227
68.5227
68.5227
68.7364
68.7364
68.7364
68.7364
68.7364
68.7364
68.7364
68.7364
69.2705
69.2705
69.2705
69.2705
69.2705
69.2705
69.2705
69.2705
70.014
70.014
70.014
70.014
70.014
70.014
70.014
70.014
70.8389
70.8389
70.8389
70.8389
70.8389
70.8389
70.8389
70.8389
71.6089
71.6089
71.6089
71.6089
71.6089
71.6089
71.6089
71.6089
72.1923
72.1923
72.1923
72.1923
72.1923
72.1923
72.1923
72.1923
72.4781
72.4781
72.4781
72.4781
72.4781
72.4781
72.4781
72.4781
72.3878
72.3878
72.3878
72.3878
72.3878
72.3878
72.3878
72.3878
71.8868
71.8868
71.8868
71.8868
71.8868
71.8868
71.8868
71.8868
70.9883
70.9883
70.9883
70.9883
70.9883
70.9883
70.9883
70.9883
69.7511
69.7511
69.7511
69.7511
69.7511
69.7511
69.7511
69.7511
68.2692
68.2692
68.2692
68.2692
68.2692
68.2692
68.2692
68.2692
66.6592
66.6592
66.6592
66.6592
66.6592
66.6592
66.6592
66.6592
65.0456
65.0456
65.0456
65.0456
65.0456
65.0456
65.0456
65.0456
63.546
63.546
63.546
63.546
63.546
63.546
63.546
63.546
78.9138
78.9138
78.9138
78.9138
78.9138
78.9138
78.9138
78.9138
78.9827
78.9827
78.9827
78.9827
78.9827
78.9827
78.9827
78.9827
79.276
79.276
79.276
79.276
79.276
79.276
79.276
79.276
79.6614
79.6614
79.6614
79.6614
79.6614
79.6614
79.6614
79.6614
79.9923
79.9923
79.9923
79.9923
79.9923
79.9923
79.9923
79.9923
80.1207
80.1207
80.1207
80.1207
80.1207
80.1207
80.1207
80.1207
79.9164
79.9164
79.9164
79.9164
79.9164
79.9164
79.9164
79.9164
79.2801
79.2801
79.2801
79.2801
79.2801
79.2801
79.2801
79.2801
78.1614
78.1614
78.1614
78.1614
78.1614
78.1614
78.1614
78.1614
76.562
76.562
76.562
76.562
76.562
76.562
76.562
76.562
74.5395
74.5395
74.5395
74.5395
74.5395
74.5395
74.5395
74.5395
72.1947
72.1947
72.1947
72.1947
72.1947
72.1947
72.1947
72.1947
69.66
69.66
69.66
69.66
69.66
69.66
69.66
69.66
67.0796
67.0796
67.0796
67.0796
67.0796
67.0796
67.0796
67.0796
64.5951
64.5951
64.5951
64.5951
64.5951
64.5951
64.5951
64.5951
62.3315
62.3315
62.3315
62.3315
62.3315
62.3315
62.3315
62.3315
78.9138
78.9138
78.9138
78.9138
78.9138
78.9138
78.9138
78.9138
78.9827
78.9827
78.9827
78.9827
78.9827
78.9827
78.9827
78.9827
79.276
79.276
79.276
79.276
79.276
79.276
79.276
79.276
79.6614
79.6614
79.6614
79.6614
79.6614
79.6614
79.6614
79.6614
79.9923
79.9923
79.9923
79.9923
79.9923
79.9923
79.9923
79.9923
80.1207
80.1207
80.1207
80.1207
80.1207
80.1207
80.1207
80.1207
79.9164
79.9164
79.9164
79.9164
79.9164
79.9164
79.9164
79.9164
79.2801
79.2801
79.2801
79.2801
79.2801
79.2801
79.2801
79.2801
78.1614
78.1614
78.1614
78.1614
78.1614
78.1614
78.1614
78.1614
76.562
76.562
76.562
76.562
76.562
76.562
76.562
76.562
74.5395
74.5395
74.5395
74.5395
74.5395
74.5395
74.5395
74.5395
72.1947
72.1947
72.1947
72.1947
72.1947
72.1947
72.1947
72.1947
69.66
69.66
69.66
69.66
69.66
69.66
69.66
69.66
67.0796
67.0796
67.0796
67.0796
67.0796
67.0796
67.0796
67.0796
64.5951
64.5951
64.5951
64.5951
64.5951
64.5951
64.5951
64.5951
62.3315
62.3315
62.3315
62.3315
62.3315
62.3315
62.3315
62.3315
78.9138
78.9138
78.9138
78.9138
78.9138
78.9138
78.9138
78.9138
78.9827
78.9827
78.9827
78.9827
78.9827
78.9827
78.9827
78.9827
79.276
79.276
79.276
79.276
79.276
79.276
79.276
79.276
79.6614
79.6614
79.6614
79.6614
79.6614
79.6614
79.6614
79.6614
79.9923
79.9923
79.9923
79.9923
79.9923
79.9923
79.9923
79.9923
80.1207
80.1207
80.1207
80.1207
80.1207
80.1207
80.1207
80.1207
79.9164
79.9164
79.9164
79.9164
79.9164
79.9164
79.9164
79.9164
79.2801
79.2801
79.2801
79.2801
79.2801
79.2801
79.2801
79.2801
78.1614
78.1614
78.1614
78.1614
78.1614
78.1614
78.1614
78.1614
76.562
76.562
76.562
76.562
76.562
76.562
76.562
76.562
74.5395
74.5395
74.5395
74.5395
74.5395
74.5395
74.5395
74.5395
72.1947
72.1947
72.1947
72.1947
72.1947
72.1947
72.1947
72.1947
69.66
69.66
69.66
69.66
69.66
69.66
69.66
69.66
67.0796
67.0796
67.0796
67.0796
67.0796
67.0796
67.0796
67.0796
64.5951
64.5951
64.5951
64.5951
64.5951
64.5951
64.5951
64.5951
62.3315
62.3315
62.3315
62.3315
62.3315
62.3315
62.3315
62.3315
78.9138
78.9138
78.9138
78.9138
78.9138
78.9138
78.9138
78.9138
78.9827
78.9827
78.9827
78.9827
78.9827
78.9827
78.9827
78.9827
79.276
79.276
79.276
79.276
79.276
79.276
79.276
79.276
79.6614
79.6614
79.6614
79.6614
79.6614
79.6614
79.6614
79.6614
79.9923
79.9923
79.9923
79.9923
79.9923
79.9923
79.9923
79.9923
80.1207
80.1207
80.1207
80.1207
80.1207
80.1207
80.1207
80.1207
79.9164
79.9164
79.9164
79.9164
79.9164
79.9164
79.9164
79.9164
79.2801
79.2801
79.2801
79.2801
79.2801
79.2801
79.2801
79.2801
78.1614
78.1614
78.1614
78.1614
78.1614
78.1614
78.1614
78.1614
76.562
76.562
76.562
76.562
76.562
76.562
76.562
76.562
74.5395
74.5395
74.5395
74.5395
74.5395
74.5395
74.5395
74.5395
72.1947
72.1947
72.1947
72.1947
72.1947
72.1947
72.1947
72.1947
69.66
69.66
69.66
69.66
69.66
69.66
69.66
69.66
67.0796
67.0796
67.0796
67.0796
67.0796
67.0796
67.0796
67.0796
64.5951
64.5951
64.5951
64.5951
64.5951
64.5951
64.5951
64.5951
62.3315
62.3315
62.3315
62.3315
62.3315
62.3315
62.3315
62.3315
90.6335
90.6335
90.6335
90.6335
90.6335
90.6335
90.6335
90.6335
90.5848
90.5848
90.5848
90.5848
90.5848
90.5848
90.5848
90.5848
90.6343
90.6343
90.6343
90.6343
90.6343
90.6343
90.6343
90.6343
90.6254
90.6254
90.6254
90.6254
90.6254
90.6254
90.6254
90.6254
90.3915
90.3915
90.3915
90.3915
90.3915
90.3915
90.3915
90.3915
89.7763
89.7763
89.7763
89.7763
89.7763
89.7763
89.7763
89.7763
88.6554
88.6554
88.6554
88.6554
88.6554
88.6554
88.6554
88.6554
86.9523
86.9523
86.9523
86.9523
86.9523
86.9523
86.9523
86.9523
84.6535
84.6535
84.6535
84.6535
84.6535
84.6535
84.6535
84.6535
81.8099
81.8099
81.8099
81.8099
81.8099
81.8099
81.8099
81.8099
78.5316
78.5316
78.5316
78.5316
78.5316
78.5316
78.5316
78.5316
74.9706
74.9706
74.9706
74.9706
74.9706
74.9706
74.9706
74.9706
71.2995
71.2995
71.2995
71.2995
71.2995
71.2995
71.2995
71.2995
67.6922
67.6922
67.6922
67.6922
67.6922
67.6922
67.6922
67.6922
64.3053
64.3053
64.3053
64.3053
64.3053
64.3053
64.3053
64.3053
61.267
61.267
61.267
61.267
61.267
61.267
61.267
61.267
90.6335
90.6335
90.6335
90.6335
90.6335
90.6335
90.6335
90.6335
90.5848
90.5848
90.5848
90.5848
90.5848
90.5848
90.5848
90.5848
90.6343
90.6343
90.6343
90.6343
90.6343
90.6343
90.6343
90.6343
90.6254
90.6254
90.6254
90.6254
90.6254
90.6254
90.6254
90.6254
90.3915
90.3915
90.3915
90.3915
90.3915
90.3915
90.3915
90.3915
89.7763
89.7763
89.7763
89.7763
89.7763
89.7763
89.7763
89.7763
88.6554
88.6554
88.6554
88.6554
88.6554
88.6554
88.6554
88.6554
86.9523
86.9523
86.9523
86.9523
86.9523
86.9523
86.9523
86.9523
84.6535
84.6535
84.6535
84.6535
84.6535
84.6535
84.6535
84.6535
81.8099
81.8099
81.8099
81.8099
81.8099
81.8099
81.8099
81.8099
78.5316
78.5316
78.5316
78.5316
78.5316
78.5316
78.5316
78.5316
74.9706
74.9706
74.9706
74.9706
74.9706
74.9706
74.9706
74.9706
71.2995
71.2995
71.2995
71.2995
71.2995
71.2995
71.2995
71.2995
67.6922
67.6922
67.6922
67.6922
67.6922
67.6922
67.6922
67.6922
64.3053
64.3053
64.3053
64.3053
64.3053
64.3053
64.3053
64.3053
61.267
61.267
61.267
61.267
61.267
61.267
61.267
61.267
90.6335
90.6335
90.6335
90.6335
90.6335
90.6335
90.6335
90.6335
90.5848
90.5848
90.5848
90.5848
90.5848
90.5848
90.5848
90.5848
90.6343
90.6343
90.6343
90.6343
90.6343
90.6343
90.6343
90.6343
90.6254
90.6254
90.6254
90.6254
90.6254
90.6254
90.6254
90.6254
90.3915
90.3915
90.3915
90.3915
90.3915
90.3915
90.3915
90.3915
89.7763
89.7763
89.7763
89.7763
89.7763
89.7763
89.7763
89.7763
88.6554
88.6554
88.6554
88.6554
88.6554
88.6554
88.6554
88.6554
86.9523
86.9523
86.9523
86.9523
86.9523
86.9523
86.9523
86.9523
84.6535
84.6535
84.6535
84.6535
84.6535
84.6535
84.6535
84.6535
81.8099
81.8099
81.8099
81.8099
81.8099
81.8099
81.8099
81.8099
78.5316
78.5316
78.5316
78.5316
78.5316
78.5316
78.5316
78.5316
74.9706
74.9706
74.9706
74.9706
74.9706
74.9706
74.9706
74.9706
71.2995
71.2995
71.2995
71.2995
71.2995
71.2995
71.2995
71.2995
67.6922
67.6922
67.6922
67.6922
67.6922
67.6922
67.6922
67.6922
64.3053
64.3053
64.3053
64.3053
64.3053
64.3053
64.3053
64.3053
61.267
61.267
61.267
61.267
61.267
61.267
61.267
61.267
90.6335
90.6335
90.6335
90.6335
90.6335
90.6335
90.6335
90.6335
90.5848
90.5848
90.5848
90.5848
90.5848
90.5848
90.5848
90.5848
90.6343
90.6343
90.6343
90.6343
90.6343
90.6343
90.6343
90.6343
90.6254
90.6254
90.6254
90.6254
90.6254
90.6254
90.6254
90.6254
90.3915
90.3915
90.3915
90.3915
90.3915
90.3915
90.3915
90.3915
89.7763
89.7763
89.7763
89.7763
89.7763
89.7763
89.7763
89.7763
88.6554
88.6554
88.6554
88.6554
88.6554
88.6554
88.6554
88.6554
86.9523
86.9523
86.9523
86.9523
86.9523
86.9523
86.9523
86.9523
84.6535
84.6535
84.6535
84.6535
84.6535
84.6535
84.6535
84.6535
81.8099
81.8099
81.8099
81.8099
81.8099
81.8099
81.8099
81.8099
78.5316
78.5316
78.5316
78.5316
78.5316
78.5316
78.5316
78.5316
74.9706
74.9706
74.9706
74.9706
74.9706
74.9706
74.9706
74.9706
71.2995
71.2995
71.2995
71.2995
71.2995
71.2995
71.2995
71.2995
67.6922
67.6922
67.6922
67.6922
67.6922
67.6922
67.6922
67.6922
64.3053
64.3053
64.3053
64.3053
64.3053
64.3053
64.3053
64.3053
61.267
61.267
61.267
61.267
61.267
61.267
61.267
61.267
103.304
103.304
103.304
103.304
103.304
103.304
103.304
103.304
103.207
103.207
103.207
103.207
103.207
103.207
103.207
103.207
103.05
103.05
103.05
103.05
103.05
103.05
103.05
103.05
102.646
102.646
102.646
102.646
102.646
102.646
102.646
102.646
101.807
101.807
101.807
101.807
101.807
101.807
101.807
101.807
100.373
100.373
100.373
100.373
100.373
100.373
100.373
100.373
98.2296
98.2296
98.2296
98.2296
98.2296
98.2296
98.2296
98.2296
95.3329
95.3329
95.3329
95.3329
95.3329
95.3329
95.3329
95.3329
91.7195
91.7195
91.7195
91.7195
91.7195
91.7195
91.7195
91.7195
87.501
87.501
87.501
87.501
87.501
87.501
87.501
87.501
82.8511
82.8511
82.8511
82.8511
82.8511
82.8511
82.8511
82.8511
77.9784
77.9784
77.9784
77.9784
77.9784
77.9784
77.9784
77.9784
73.1022
73.1022
73.1022
73.1022
73.1022
73.1022
73.1022
73.1022
68.4244
68.4244
68.4244
68.4244
68.4244
68.4244
68.4244
68.4244
64.115
64.115
64.115
64.115
64.115
64.115
64.115
64.115
60.3007
60.3007
60.3007
60.3007
60.3007
60.3007
60.3007
60.3007
103.304
103.304
103.304
103.304
103.304
103.304
103.304
103.304
103.207
103.207
103.207
103.207
103.207
103.207
103.207
103.207
103.05
103.05
103.05
103.05
103.05
103.05
103.05
103.05
102.646
102.646
102.646
102.646
102.646
102.646
102.646
102.646
101.807
101.807
101.807
101.807
101.807
101.807
101.807
101.807
100.373
100.373
100.373
100.373
100.373
100.373
100.373
100.373
98.2296
98.2296
98.2296
98.2296
98.2296
98.2296
98.2296
98.2296
95.3329
95.3329
95.3329
95.3329
95.3329
95.3329
95.3329
95.3329
91.7195
91.7195
91.7195
91.7195
91.7195
91.7195
91.7195
91.7195
87.501
87.501
87.501
87.501
87.501
87.501
87.501
87.501
82.8511
82.8511
82.8511
82.8511
82.8511
82.8511
82.8511
82.8511
77.9784
77.9784
77.9784
77.9784
77.9784
77.9784
77.9784
77.9784
73.1022
73.1022
73.1022
73.1022
73.1022
73.1022
73.1022
73.1022
68.4244
68.4244
68.4244
68.4244
68.4244
68.4244
68.4244
68.4244
64.115
64.115
64.115
64.115
64.115
64.115
64.115
64.115
60.3007
60.3007
60.3007
60.3007
60.3007
60.3007
60.3007
60.3007
103.304
103.304
103.304
103.304
103.304
103.304
103.304
103.304
103.207
103.207
103.207
103.207
103.207
103.207
103.207
103.207
103.05
103.05
103.05
103.05
103.05
103.05
103.05
103.05
102.646
102.646
102.646
102.646
102.646
102.646
102.646
102.646
101.807
101.807
101.807
101.807
101.807
101.807
101.807
101.807
100.373
100.373
100.373
100.373
100.373
100.373
100.373
100.373
98.2296
98.2296
98.2296
98.2296
98.2296
98.2296
98.2296
98.2296
95.3329
95.3329
95.3329
95.3329
95.3329
95.3329
95.3329
95.3329
91.7195
91.7195
91.7195
91.7195
91.7195
91.7195
91.7195
91.7195
87.501
87.501
87.501
87.501
87.501
87.501
87.501
87.501
82.8511
82.8511
82.8511
82.8511
82.8511
82.8511
82.8511
82.8511
77.9784
77.9784
77.9784
77.9784
77.9784
77.9784
77.9784
77.9784
73.1022
73.1022
73.1022
73.1022
73.1022
73.1022
73.1022
73.1022
68.4244
68.4244
68.4244
68.4244
68.4244
68.4244
68.4244
68.4244
64.115
64.115
64.115
64.115
64.115
64.115
64.115
64.115
60.3007
60.3007
60.3007
60.3007
60.3007
60.3007
60.3007
60.3007
103.304
103.304
103.304
103.304
103.304
103.304
103.304
103.304
103.207
103.207
103.207
103.207
103.207
103.207
103.207
103.207
103.05
103.05
103.05
103.05
103.05
103.05
103.05
103.05
102.646
102.646
102.646
102.646
102.646
102.646
102.646
102.646
101.807
101.807
101.807
101.807
101.807
101.807
101.807
101.807
100.373
100.373
100.373
100.373
100.373
100.373
100.373
100.373
98.2296
98.2296
98.2296
98.2296
98.2296
98.2296
98.2296
98.2296
95.3329
95.3329
95.3329
95.3329
95.3329
95.3329
95.3329
95.3329
91.7195
91.7195
91.7195
91.7195
91.7195
91.7195
91.7195
91.7195
87.501
87.501
87.501
87.501
87.501
87.501
87.501
87.501
82.8511
82.8511
82.8511
82.8511
82.8511
82.8511
82.8511
82.8511
77.9784
77.9784
77.9784
77.9784
77.9784
77.9784
77.9784
77.9784
73.1022
73.1022
73.1022
73.1022
73.1022
73.1022
73.1022
73.1022
68.4244
68.4244
68.4244
68.4244
68.4244
68.4244
68.4244
68.4244
64.115
64.115
64.115
64.115
64.115
64.115
64.115
64.115
60.3007
60.3007
60.3007
60.3007
60.3007
60.3007
60.3007
60.3007
116.344
116.344
116.344
116.344
116.344
116.344
116.344
116.344
116.325
116.325
116.325
116.325
116.325
116.325
116.325
116.325
116.055
116.055
116.055
116.055
116.055
116.055
116.055
116.055
115.312
115.312
115.312
115.312
115.312
115.312
115.312
115.312
113.885
113.885
113.885
113.885
113.885
113.885
113.885
113.885
111.607
111.607
111.607
111.607
111.607
111.607
111.607
111.607
108.382
108.382
108.382
108.382
108.382
108.382
108.382
108.382
104.209
104.209
104.209
104.209
104.209
104.209
104.209
104.209
99.1833
99.1833
99.1833
99.1833
99.1833
99.1833
99.1833
99.1833
93.4923
93.4923
93.4923
93.4923
93.4923
93.4923
93.4923
93.4923
87.3826
87.3826
87.3826
87.3826
87.3826
87.3826
87.3826
87.3826
81.1296
81.1296
81.1296
81.1296
81.1296
81.1296
81.1296
81.1296
75.0002
75.0002
75.0002
75.0002
75.0002
75.0002
75.0002
75.0002
69.2264
69.2264
69.2264
69.2264
69.2264
69.2264
69.2264
69.2264
63.9875
63.9875
63.9875
63.9875
63.9875
63.9875
63.9875
63.9875
59.4063
59.4063
59.4063
59.4063
59.4063
59.4063
59.4063
59.4063
116.344
116.344
116.344
116.344
116.344
116.344
116.344
116.344
116.325
116.325
116.325
116.325
116.325
116.325
116.325
116.325
116.055
116.055
116.055
116.055
116.055
116.055
116.055
116.055
115.312
115.312
115.312
115.312
115.312
115.312
115.312
115.312
113.885
113.885
113.885
113.885
113.885
113.885
113.885
113.885
111.607
111.607
111.607
111.607
111.607
111.607
111.607
111.607
108.382
108.382
108.382
108.382
108.382
108.382
108.382
108.382
104.209
104.209
104.209
104.209
104.209
104.209
104.209
104.209
99.1833
99.1833
99.1833
99.1833
99.1833
99.1833
99.1833
99.1833
93.4923
93.4923
93.4923
93.4923
93.4923
93.4923
93.4923
93.4923
87.3826
87.3826
87.3826
87.3826
87.3826
87.3826
87.3826
87.3826
81.1296
81.1296
81.1296
81.1296
81.1296
81.1296
81.1296
81.1296
75.0002
75.0002
75.0002
75.0002
75.0002
75.0002
75.0002
75.0002
69.2264
69.2264
69.2264
69.2264
69.2264
69.2264
69.2264
69.2264
63.9875
63.9875
63.9875
63.9875
63.9875
63.9875
63.9875
63.9875
59.4063
59.4063
59.4063
59.4063
59.4063
59.4063
59.4063
59.4063
116.344
116.344
116.344
116.344
116.344
116.344
116.344
116.344
116.325
116.325
116.325
116.325
116.325
116.325
116.325
116.325
116.055
116.055
116.055
116.055
116.055
116.055
116.055
116.055
115.312
115.312
115.312
115.312
115.312
115.312
115.312
115.312
113.885
113.885
113.885
113.885
113.885
113.885
113.885
113.885
111.607
111.607
111.607
111.607
111.607
111.607
111.607
111.607
108.382
108.382
108.382
108.382
108.382
108.382
108.382
108.382
104.209
104.209
104.209
104.209
104.209
104.209
104.209
104.209
99.1833
99.1833
99.1833
99.1833
99.1833
99.1833
99.1833
99.1833
93.4923
93.4923
93.4923
93.4923
93.4923
93.4923
93.4923
93.4923
87.3826
87.3826
87.3826
87.3826
87.3826
87.3826
87.3826
87.3826
81.1296
81.1296
81.1296
81.1296
81.1296
81.1296
81.1296
81.1296
75.0002
75.0002
75.0002
75.0002
75.0002
75.0002
75.0002
75.0002
69.2264
69.2264
69.2264
69.2264
69.2264
69.2264
69.2264
69.2264
63.9875
63.9875
63.9875
63.9875
63.9875
63.9875
63.9875
63.9875
59.4063
59.4063
59.4063
59.4063
59.4063
59.4063
59.4063
59.4063
116.344
116.344
116.344
116.344
116.344
116.344
116.344
116.344
116.325
116.325
116.325
116.325
116.325
116.325
116.325
116.325
116.055
116.055
116.055
116.055
116.055
116.055
116.055
116.055
115.312
115.312
115.312
115.312
115.312
115.312
115.312
115.312
113.885
113.885
113.885
113.885
113.885
113.885
113.885
113.885
111.607
111.607
111.607
111.607
111.607
111.607
111.607
111.607
108.382
108.382
108.382
108.382
108.382
108.382
108.382
108.382
104.209
104.209
104.209
104.209
104.209
104.209
104.209
104.209
99.1833
99.1833
99.1833
99.1833
99.1833
99.1833
99.1833
99.1833
93.4923
93.4923
93.4923
93.4923
93.4923
93.4923
93.4923
93.4923
87.3826
87.3826
87.3826
87.3826
87.3826
87.3826
87.3826
87.3826
81.1296
81.1296
81.1296
81.1296
81.1296
81.1296
81.1296
81.1296
75.0002
75.0002
75.0002
75.0002
75.0002
75.0002
75.0002
75.0002
69.2264
69.2264
69.2264
69.2264
69.2264
69.2264
69.2264
69.2264
63.9875
63.9875
63.9875
63.9875
63.9875
63.9875
63.9875
63.9875
59.4063
59.4063
59.4063
59.4063
59.4063
59.4063
59.4063
59.4063
129.014
129.014
129.014
129.014
129.014
129.014
129.014
129.014
129.258
129.258
129.258
129.258
129.258
129.258
129.258
129.258
129.037
129.037
129.037
129.037
129.037
129.037
129.037
129.037
128.086
128.086
128.086
128.086
128.086
128.086
128.086
128.086
126.163
126.163
126.163
126.163
126.163
126.163
126.163
126.163
123.094
123.094
123.094
123.094
123.094
123.094
123.094
123.094
118.801
118.801
118.801
118.801
118.801
118.801
118.801
118.801
113.331
113.331
113.331
113.331
113.331
113.331
113.331
113.331
106.855
106.855
106.855
106.855
106.855
106.855
106.855
106.855
99.6428
99.6428
99.6428
99.6428
99.6428
99.6428
99.6428
99.6428
92.0273
92.0273
92.0273
92.0273
92.0273
92.0273
92.0273
92.0273
84.3566
84.3566
84.3566
84.3566
84.3566
84.3566
84.3566
84.3566
76.9521
76.9521
76.9521
76.9521
76.9521
76.9521
76.9521
76.9521
70.0758
70.0758
70.0758
70.0758
70.0758
70.0758
70.0758
70.0758
63.9152
63.9152
63.9152
63.9152
63.9152
63.9152
63.9152
63.9152
58.5849
58.5849
58.5849
58.5849
58.5849
58.5849
58.5849
58.5849
129.014
129.014
129.014
129.014
129.014
129.014
129.014
129.014
129.258
129.258
129.258
129.258
129.258
129.258
129.258
129.258
129.037
129.037
129.037
129.037
129.037
129.037
129.037
129.037
128.086
128.086
128.086
128.086
128.086
128.086
128.086
128.086
126.163
126.163
126.163
126.163
126.163
126.163
126.163
126.163
123.094
123.094
123.094
123.094
123.094
123.094
123.094
123.094
118.801
118.801
118.801
118.801
118.801
118.801
118.801
118.801
113.331
113.331
113.331
113.331
113.331
113.331
113.331
113.331
106.855
106.855
106.855
106.855
106.855
106.855
106.855
106.855
99.6428
99.6428
99.6428
99.6428
99.6428
99.6428
99.6428
99.6428
92.0273
92.0273
92.0273
92.0273
92.0273
92.0273
92.0273
92.0273
84.3566
84.3566
84.3566
84.3566
84.3566
84.3566
84.3566
84.3566
76.9521
76.9521
76.9521
76.9521
76.9521
76.9521
76.9521
76.9521
70.0758
70.0758
70.0758
70.0758
70.0758
70.0758
70.0758
70.0758
63.9152
63.9152
63.9152
63.9152
63.9152
63.9152
63.9152
63.9152
58.5849
58.5849
58.5849
58.5849
58.5849
58.5849
58.5849
58.5849
129.014
129.014
129.014
129.014
129.014
129.014
129.014
129.014
129.258
129.258
129.258
129.258
129.258
129.258
129.258
129.258
129.037
129.037
129.037
129.037
129.037
129.037
129.037
129.037
128.086
128.086
128.086
128.086
128.086
128.086
128.086
128.086
126.163
126.163
126.163
126.163
126.163
126.163
126.163
126.163
123.094
123.094
123.094
123.094
123.094
123.094
123.094
123.094
118.801
118.801
118.801
118.801
118.801
118.801
118.801
118.801
113.331
113.331
113.331
113.331
113.331
113.331
113.331
113.331
106.855
106.855
106.855
106.855
106.855
106.855
106.855
106.855
99.6428
99.6428
99.6428
99.6428
99.6428
99.6428
99.6428
99.6428
92.0273
92.0273
92.0273
92.0273
92.0273
92.0273
92.0273
92.0273
84.3566
84.3566
84.3566
84.3566
84.3566
84.3566
84.3566
84.3566
76.9521
76.9521
76.9521
76.9521
76.9521
76.9521
76.9521
76.9521
70.0758
70.0758
70.0758
70.0758
70.0758
70.0758
70.0758
70.0758
63.9152
63.9152
63.9152
63.9152
63.9152
63.9152
63.9152
63.9152
58.5849
58.5849
58.5849
58.5849
58.5849
58.5849
58.5849
58.5849
129.014
129.014
129.014
129.014
129.014
129.014
129.014
129.014
129.258
129.258
129.258
129.258
129.258
129.258
129.258
129.258
129.037
129.037
129.037
129.037
129.037
129.037
129.037
129.037
128.086
128.086
128.086
128.086
128.086
128.086
128.086
128.086
126.163
126.163
126.163
126.163
126.163
126.163
126.163
126.163
123.094
123.094
123.094
123.094
123.094
123.094
123.094
123.094
118.801
118.801
118.801
118.801
118.801
118.801
118.801
118.801
113.331
113.331
113.331
113.331
113.331
113.331
113.331
113.331
106.855
106.855
106.855
106.855
106.855
106.855
106.855
106.855
99.6428
99.6428
99.6428
99.6428
99.6428
99.6428
99.6428
99.6428
92.0273
92.0273
92.0273
92.0273
92.0273
92.0273
92.0273
92.0273
84.3566
84.3566
84.3566
84.3566
84.3566
84.3566
84.3566
84.3566
76.9521
76.9521
76.9521
76.9521
76.9521
76.9521
76.9521
76.9521
70.0758
70.0758
70.0758
70.0758
70.0758
70.0758
70.0758
70.0758
63.9152
63.9152
63.9152
63.9152
63.9152
63.9152
63.9152
63.9152
58.5849
58.5849
58.5849
58.5849
58.5849
58.5849
58.5849
58.5849
140.508
140.508
140.508
140.508
140.508
140.508
140.508
140.508
141.254
141.254
141.254
141.254
141.254
141.254
141.254
141.254
141.313
141.313
141.313
141.313
141.313
141.313
141.313
141.313
140.366
140.366
140.366
140.366
140.366
140.366
140.366
140.366
138.129
138.129
138.129
138.129
138.129
138.129
138.129
138.129
134.41
134.41
134.41
134.41
134.41
134.41
134.41
134.41
129.151
129.151
129.151
129.151
129.151
129.151
129.151
129.151
122.45
122.45
122.45
122.45
122.45
122.45
122.45
122.45
114.555
114.555
114.555
114.555
114.555
114.555
114.555
114.555
105.833
105.833
105.833
105.833
105.833
105.833
105.833
105.833
96.7128
96.7128
96.7128
96.7128
96.7128
96.7128
96.7128
96.7128
87.6256
87.6256
87.6256
87.6256
87.6256
87.6256
87.6256
87.6256
78.9508
78.9508
78.9508
78.9508
78.9508
78.9508
78.9508
78.9508
70.9831
70.9831
70.9831
70.9831
70.9831
70.9831
70.9831
70.9831
63.9196
63.9196
63.9196
63.9196
63.9196
63.9196
63.9196
63.9196
57.8641
57.8641
57.8641
57.8641
57.8641
57.8641
57.8641
57.8641
140.508
140.508
140.508
140.508
140.508
140.508
140.508
140.508
141.254
141.254
141.254
141.254
141.254
141.254
141.254
141.254
141.313
141.313
141.313
141.313
141.313
141.313
141.313
141.313
140.366
140.366
140.366
140.366
140.366
140.366
140.366
140.366
138.129
138.129
138.129
138.129
138.129
138.129
138.129
138.129
134.41
134.41
134.41
134.41
134.41
134.41
134.41
134.41
129.151
129.151
129.151
129.151
129.151
129.151
129.151
129.151
122.45
122.45
122.45
122.45
122.45
122.45
122.45
122.45
114.555
114.555
114.555
114.555
114.555
114.555
114.555
114.555
105.833
105.833
105.833
105.833
105.833
105.833
105.833
105.833
96.7128
96.7128
96.7128
96.7128
96.7128
96.7128
96.7128
96.7128
87.6256
87.6256
87.6256
87.6256
87.6256
87.6256
87.6256
87.6256
78.9508
78.9508
78.9508
78.9508
78.9508
78.9508
78.9508
78.9508
70.9831
70.9831
70.9831
70.9831
70.9831
70.9831
70.9831
70.9831
63.9196
63.9196
63.9196
63.9196
63.9196
63.9196
63.9196
63.9196
57.8641
57.8641
57.8641
57.8641
57.8641
57.8641
57.8641
57.8641
140.508
140.508
140.508
140.508
140.508
140.508
140.508
140.508
141.254
141.254
141.254
141.254
141.254
141.254
141.254
141.254
141.313
141.313
141.313
141.313
141.313
141.313
141.313
141.313
140.366
140.366
140.366
140.366
140.366
140.366
140.366
140.366
138.129
138.129
138.129
138.129
138.129
138.129
138.129
138.129
134.41
134.41
134.41
134.41
134.41
134.41
134.41
134.41
129.151
129.151
129.151
129.151
129.151
129.151
129.151
129.151
122.45
122.45
122.45
122.45
122.45
122.45
122.45
122.45
114.555
114.555
114.555
114.555
114.555
114.555
114.555
114.555
105.833
105.833
105.833
105.833
105.833
105.833
105.833
105.833
96.7128
96.7128
96.7128
96.7128
96.7128
96.7128
96.7128
96.7128
87.6256
87.6256
87.6256
87.6256
87.6256
87.6256
87.6256
87.6256
78.9508
78.9508
78.9508
78.9508
78.9508
78.9508
78.9508
78.9508
70.9831
70.9831
70.9831
70.9831
70.9831
70.9831
70.9831
70.9831
63.9196
63.9196
63.9196
63.9196
63.9196
63.9196
63.9196
63.9196
57.8641
57.8641
57.8641
57.8641
57.8641
57.8641
57.8641
57.8641
140.508
140.508
140.508
140.508
140.508
140.508
140.508
140.508
141.254
141.254
141.254
141.254
141.254
141.254
141.254
141.254
141.313
141.313
141.313
141.313
141.313
141.313
141.313
141.313
140.366
140.366
140.366
140.366
140.366
140.366
140.366
140.366
138.129
138.129
138.129
138.129
138.129
138.129
138.129
138.129
134.41
134.41
134.41
134.41
134.41
134.41
134.41
134.41
129.151
129.151
129.151
129.151
129.151
129.151
129.151
129.151
122.45
122.45
122.45
122.45
122.45
122.45
122.45
122.45
114.555
114.555
114.555
114.555
114.555
114.555
114.555
114.555
105.833
105.833
105.833
105.833
105.833
105.833
105.833
105.833
96.7128
96.7128
96.7128
96.7128
96.7128
96.7128
96.7128
96.7128
87.6256
87.6256
87.6256
87.6256
87.6256
87.6256
87.6256
87.6256
78.9508
78.9508
78.9508
78.9508
78.9508
78.9508
78.9508
78.9508
70.9831
70.9831
70.9831
70.9831
70.9831
70.9831
70.9831
70.9831
63.9196
63.9196
63.9196
63.9196
63.9196
63.9196
63.9196
63.9196
57.8641
57.8641
57.8641
57.8641
57.8641
57.8641
57.8641
57.8641
150.087
150.087
150.087
150.087
150.087
150.087
150.087
150.087
151.605
151.605
151.605
151.605
151.605
151.605
151.605
151.605
152.23
152.23
152.23
152.23
152.23
152.23
152.23
152.23
151.568
151.568
151.568
151.568
151.568
151.568
151.568
151.568
149.281
149.281
149.281
149.281
149.281
149.281
149.281
149.281
145.149
145.149
145.149
145.149
145.149
145.149
145.149
145.149
139.12
139.12
139.12
139.12
139.12
139.12
139.12
139.12
131.339
131.339
131.339
131.339
131.339
131.339
131.339
131.339
122.137
122.137
122.137
122.137
122.137
122.137
122.137
122.137
111.983
111.983
111.983
111.983
111.983
111.983
111.983
111.983
101.41
101.41
101.41
101.41
101.41
101.41
101.41
101.41
90.9416
90.9416
90.9416
90.9416
90.9416
90.9416
90.9416
90.9416
81.025
81.025
81.025
81.025
81.025
81.025
81.025
81.025
71.9923
71.9923
71.9923
71.9923
71.9923
71.9923
71.9923
71.9923
64.0508
64.0508
64.0508
64.0508
64.0508
64.0508
64.0508
64.0508
57.2954
57.2954
57.2954
57.2954
57.2954
57.2954
57.2954
57.2954
150.087
150.087
150.087
150.087
150.087
150.087
150.087
150.087
151.605
151.605
151.605
151.605
151.605
151.605
151.605
151.605
152.23
152.23
152.23
152.23
152.23
152.23
152.23
152.23
151.568
151.568
151.568
151.568
151.568
151.568
151.568
151.568
149.281
149.281
149.281
149.281
149.281
149.281
149.281
149.281
145.149
145.149
145.149
145.149
145.149
145.149
145.149
145.149
139.12
139.12
139.12
139.12
139.12
139.12
139.12
139.12
131.339
131.339
131.339
131.339
131.339
131.339
131.339
131.339
122.137
122.137
122.137
122.137
122.137
122.137
122.137
122.137
111.983
111.983
111.983
111.983
111.983
111.983
111.983
111.983
101.41
101.41
101.41
101.41
101.41
101.41
101.41
101.41
90.9416
90.9416
90.9416
90.9416
90.9416
90.9416
90.9416
90.9416
81.025
81.025
81.025
81.025
81.025
81.025
81.025
81.025
71.9923
71.9923
71.9923
71.9923
71.9923
71.9923
71.9923
71.9923
64.0508
64.0508
64.0508
64.0508
64.0508
64.0508
64.0508
64.0508
57.2954
57.2954
57.2954
57.2954
57.2954
57.2954
57.2954
57.2954
150.087
150.087
150.087
150.087
150.087
150.087
150.087
150.087
151.605
151.605
151.605
151.605
151.605
151.605
151.605
151.605
152.23
152.23
152.23
152.23
152.23
152.23
152.23
152.23
151.568
151.568
151.568
151.568
151.568
151.568
151.568
151.568
149.281
149.281
149.281
149.281
149.281
149.281
149.281
149.281
145.149
145.149
145.149
145.149
145.149
145.149
145.149
145.149
139.12
139.12
139.12
139.12
139.12
139.12
139.12
139.12
131.339
131.339
131.339
131.339
131.339
131.339
131.339
131.339
122.137
122.137
122.137
122.137
122.137
122.137
122.137
122.137
111.983
111.983
111.983
111.983
111.983
111.983
111.983
111.983
101.41
101.41
101.41
101.41
101.41
101.41
101.41
101.41
90.9416
90.9416
90.9416
90.9416
90.9416
90.9416
90.9416
90.9416
81.025
81.025
81.025
81.025
81.025
81.025
81.025
81.025
71.9923
71.9923
71.9923
71.9923
71.9923
71.9923
71.9923
71.9923
64.0508
64.0508
64.0508
64.0508
64.0508
64.0508
64.0508
64.0508
57.2954
57.2954
57.2954
57.2954
57.2954
57.2954
57.2954
57.2954
150.087
150.087
150.087
150.087
150.087
150.087
150.087
150.087
151.605
151.605
151.605
151.605
151.605
151.605
151.605
151.605
152.23
152.23
152.23
152.23
152.23
152.23
152.23
152.23
151.568
151.568
151.568
151.568
151.568
151.568
151.568
151.568
149.281
149.281
149.281
149.281
149.281
149.281
149.281
149.281
145.149
145.149
145.149
145.149
145.149
145.149
145.149
145.149
139.12
139.12
139.12
139.12
139.12
139.12
139.12
139.12
131.339
131.339
131.339
131.339
131.339
131.339
131.339
131.339
122.137
122.137
122.137
122.137
122.137
122.137
122.137
122.137
111.983
111.983
111.983
111.983
111.983
111.983
111.983
111.983
101.41
101.41
101.41
101.41
101.41
101.41
101.41
101.41
90.9416
90.9416
90.9416
90.9416
90.9416
90.9416
90.9416
90.9416
81.025
81.025
81.025
81.025
81.025
81.025
81.025
81.025
71.9923
71.9923
71.9923
71.9923
71.9923
71.9923
71.9923
71.9923
64.0508
64.0508
64.0508
64.0508
64.0508
64.0508
64.0508
64.0508
57.2954
57.2954
57.2954
57.2954
57.2954
57.2954
57.2954
57.2954
157.213
157.213
157.213
157.213
157.213
157.213
157.213
157.213
159.773
159.773
159.773
159.773
159.773
159.773
159.773
159.773
161.266
161.266
161.266
161.266
161.266
161.266
161.266
161.266
161.216
161.216
161.216
161.216
161.216
161.216
161.216
161.216
159.211
159.211
159.211
159.211
159.211
159.211
159.211
159.211
154.979
154.979
154.979
154.979
154.979
154.979
154.979
154.979
148.462
148.462
148.462
148.462
148.462
148.462
148.462
148.462
139.837
139.837
139.837
139.837
139.837
139.837
139.837
139.837
129.513
129.513
129.513
129.513
129.513
129.513
129.513
129.513
118.063
118.063
118.063
118.063
118.063
118.063
118.063
118.063
106.135
106.135
106.135
106.135
106.135
106.135
106.135
106.135
94.3521
94.3521
94.3521
94.3521
94.3521
94.3521
94.3521
94.3521
83.2399
83.2399
83.2399
83.2399
83.2399
83.2399
83.2399
83.2399
73.1755
73.1755
73.1755
73.1755
73.1755
73.1755
73.1755
73.1755
64.3825
64.3825
64.3825
64.3825
64.3825
64.3825
64.3825
64.3825
56.9491
56.9491
56.9491
56.9491
56.9491
56.9491
56.9491
56.9491
157.213
157.213
157.213
157.213
157.213
157.213
157.213
157.213
159.773
159.773
159.773
159.773
159.773
159.773
159.773
159.773
161.266
161.266
161.266
161.266
161.266
161.266
161.266
161.266
161.216
161.216
161.216
161.216
161.216
161.216
161.216
161.216
159.211
159.211
159.211
159.211
159.211
159.211
159.211
159.211
154.979
154.979
154.979
154.979
154.979
154.979
154.979
154.979
148.462
148.462
148.462
148.462
148.462
148.462
148.462
148.462
139.837
139.837
139.837
139.837
139.837
139.837
139.837
139.837
129.513
129.513
129.513
129.513
129.513
129.513
129.513
129.513
118.063
118.063
118.063
118.063
118.063
118.063
118.063
118.063
106.135
106.135
106.135
106.135
106.135
106.135
106.135
106.135
94.3521
94.3521
94.3521
94.3521
94.3521
94.3521
94.3521
94.3521
83.2399
83.2399
83.2399
83.2399
83.2399
83.2399
83.2399
83.2399
73.1755
73.1755
73.1755
73.1755
73.1755
73.1755
73.1755
73.1755
64.3825
64.3825
64.3825
64.3825
64.3825
64.3825
64.3825
64.3825
56.9491
56.9491
56.9491
56.9491
56.9491
56.9491
56.9491
56.9491
157.213
157.213
157.213
157.213
157.213
157.213
157.213
157.213
159.773
159.773
159.773
159.773
159.773
159.773
159.773
159.773
161.266
161.266
161.266
161.266
161.266
161.266
161.266
161.266
161.216
161.216
161.216
161.216
161.216
161.216
161.216
161.216
159.211
159.211
159.211
159.211
159.211
159.211
159.211
159.211
154.979
154.979
154.979
154.979
154.979
154.979
154.979
154.979
148.462
148.462
148.462
148.462
148.462
148.462
148.462
148.462
139.837
139.837
139.837
139.837
139.837
139.837
139.837
139.837
129.513
129.513
129.513
129.513
129.513
129.513
129.513
129.513
118.063
118.063
118.063
118.063
118.063
118.063
118.063
118.063
106.135
106.135
106.135
106.135
106.135
106.135
106.135
106.135
94.3521
94.3521
94.3521
94.3521
94.3521
94.3521
94.3521
94.3521
83.2399
83.2399
83.2399
83.2399
83.2399
83.2399
83.2399
83.2399
73.1755
73.1755
73.1755
73.1755
73.1755
73.1755
73.1755
73.1755
64.3825
64.3825
64.3825
64.3825
64.3825
64.3825
64.3825
64.3825
56.9491
56.9491
56.9491
56.9491
56.9491
56.9491
56.9491
56.9491
157.213
157.213
157.213
157.213
157.213
157.213
157.213
157.213
159.773
159.773
159.773
159.773
159.773
159.773
159.773
159.773
161.266
161.266
161.266
161.266
161.266
161.266
161.266
161.266
161.216
161.216
161.216
161.216
161.216
161.216
161.216
161.216
159.211
159.211
159.211
159.211
159.211
159.211
159.211
159.211
154.979
154.979
154.979
154.979
154.979
154.979
154.979
154.979
148.462
148.462
148.462
148.462
148.462
148.462
148.462
148.462
139.837
139.837
139.837
139.837
139.837
139.837
139.837
139.837
129.513
129.513
129.513
129.513
129.513
129.513
129.513
129.513
118.063
118.063
118.063
118.063
118.063
118.063
118.063
118.063
106.135
106.135
106.135
106.135
106.135
106.135
106.135
106.135
94.3521
94.3521
94.3521
94.3521
94.3521
94.3521
94.3521
94.3521
83.2399
83.2399
83.2399
83.2399
83.2399
83.2399
83.2399
83.2399
73.1755
73.1755
73.1755
73.1755
73.1755
73.1755
73.1755
73.1755
64.3825
64.3825
64.3825
64.3825
64.3825
64.3825
64.3825
64.3825
56.9491
56.9491
56.9491
56.9491
56.9491
56.9491
56.9491
56.9491
161.638
161.638
161.638
161.638
161.638
161.638
161.638
161.638
165.47
165.47
165.47
165.47
165.47
165.47
165.47
165.47
168.12
168.12
168.12
168.12
168.12
168.12
168.12
168.12
169.016
169.016
169.016
169.016
169.016
169.016
169.016
169.016
167.653
167.653
167.653
167.653
167.653
167.653
167.653
167.653
163.688
163.688
163.688
163.688
163.688
163.688
163.688
163.688
157.024
157.024
157.024
157.024
157.024
157.024
157.024
157.024
147.856
147.856
147.856
147.856
147.856
147.856
147.856
147.856
136.656
136.656
136.656
136.656
136.656
136.656
136.656
136.656
124.099
124.099
124.099
124.099
124.099
124.099
124.099
124.099
110.949
110.949
110.949
110.949
110.949
110.949
110.949
110.949
97.9419
97.9419
97.9419
97.9419
97.9419
97.9419
97.9419
97.9419
85.6907
85.6907
85.6907
85.6907
85.6907
85.6907
85.6907
85.6907
74.6293
74.6293
74.6293
74.6293
74.6293
74.6293
74.6293
74.6293
65.0056
65.0056
65.0056
65.0056
65.0056
65.0056
65.0056
65.0056
56.9067
56.9067
56.9067
56.9067
56.9067
56.9067
56.9067
56.9067
161.638
161.638
161.638
161.638
161.638
161.638
161.638
161.638
165.47
165.47
165.47
165.47
165.47
165.47
165.47
165.47
168.12
168.12
168.12
168.12
168.12
168.12
168.12
168.12
169.016
169.016
169.016
169.016
169.016
169.016
169.016
169.016
167.653
167.653
167.653
167.653
167.653
167.653
167.653
167.653
163.688
163.688
163.688
163.688
163.688
163.688
163.688
163.688
157.024
157.024
157.024
157.024
157.024
157.024
157.024
157.024
147.856
147.856
147.856
147.856
147.856
147.856
147.856
147.856
136.656
136.656
136.656
136.656
136.656
136.656
136.656
136.656
124.099
124.099
124.099
124.099
124.099
124.099
124.099
124.099
110.949
110.949
110.949
110.949
110.949
110.949
110.949
110.949
97.9419
97.9419
97.9419
97.9419
97.9419
97.9419
97.9419
97.9419
85.6907
85.6907
85.6907
85.6907
85.6907
85.6907
85.6907
85.6907
74.6293
74.6293
74.6293
74.6293
74.6293
74.6293
74.6293
74.6293
65.0056
65.0056
65.0056
65.0056
65.0056
65.0056
65.0056
65.0056
56.9067
56.9067
56.9067
56.9067
56.9067
56.9067
56.9067
56.9067
161.638
161.638
161.638
161.638
161.638
161.638
161.638
161.638
165.47
165.47
165.47
165.47
165.47
165.47
165.47
165.47
168.12
168.12
168.12
168.12
168.12
168.12
168.12
168.12
169.016
169.016
169.016
169.016
169.016
169.016
169.016
169.016
167.653
167.653
167.653
167.653
167.653
167.653
167.653
167.653
163.688
163.688
163.688
163.688
163.688
163.688
163.688
163.688
157.024
157.024
157.024
157.024
157.024
157.024
157.024
157.024
147.856
147.856
147.856
147.856
147.856
147.856
147.856
147.856
136.656
136.656
136.656
136.656
136.656
136.656
136.656
136.656
124.099
124.099
124.099
124.099
124.099
124.099
124.099
124.099
110.949
110.949
110.949
110.949
110.949
110.949
110.949
110.949
97.9419
97.9419
97.9419
97.9419
97.9419
97.9419
97.9419
97.9419
85.6907
85.6907
85.6907
85.6907
85.6907
85.6907
85.6907
85.6907
74.6293
74.6293
74.6293
74.6293
74.6293
74.6293
74.6293
74.6293
65.0056
65.0056
65.0056
65.0056
65.0056
65.0056
65.0056
65.0056
56.9067
56.9067
56.9067
56.9067
56.9067
56.9067
56.9067
56.9067
161.638
161.638
161.638
161.638
161.638
161.638
161.638
161.638
165.47
165.47
165.47
165.47
165.47
165.47
165.47
165.47
168.12
168.12
168.12
168.12
168.12
168.12
168.12
168.12
169.016
169.016
169.016
169.016
169.016
169.016
169.016
169.016
167.653
167.653
167.653
167.653
167.653
167.653
167.653
167.653
163.688
163.688
163.688
163.688
163.688
163.688
163.688
163.688
157.024
157.024
157.024
157.024
157.024
157.024
157.024
157.024
147.856
147.856
147.856
147.856
147.856
147.856
147.856
147.856
136.656
136.656
136.656
136.656
136.656
136.656
136.656
136.656
124.099
124.099
124.099
124.099
124.099
124.099
124.099
124.099
110.949
110.949
110.949
110.949
110.949
110.949
110.949
110.949
97.9419
97.9419
97.9419
97.9419
97.9419
97.9419
97.9419
97.9419
85.6907
85.6907
85.6907
85.6907
85.6907
85.6907
85.6907
85.6907
74.6293
74.6293
74.6293
74.6293
74.6293
74.6293
74.6293
74.6293
65.0056
65.0056
65.0056
65.0056
65.0056
65.0056
65.0056
65.0056
56.9067
56.9067
56.9067
56.9067
56.9067
56.9067
56.9067
56.9067
163.437
163.437
163.437
163.437
163.437
163.437
163.437
163.437
168.7
168.7
168.7
168.7
168.7
168.7
168.7
168.7
172.741
172.741
172.741
172.741
172.741
172.741
172.741
172.741
174.886
174.886
174.886
174.886
174.886
174.886
174.886
174.886
174.519
174.519
174.519
174.519
174.519
174.519
174.519
174.519
171.197
171.197
171.197
171.197
171.197
171.197
171.197
171.197
164.761
164.761
164.761
164.761
164.761
164.761
164.761
164.761
155.392
155.392
155.392
155.392
155.392
155.392
155.392
155.392
143.605
143.605
143.605
143.605
143.605
143.605
143.605
143.605
130.163
130.163
130.163
130.163
130.163
130.163
130.163
130.163
115.95
115.95
115.95
115.95
115.95
115.95
115.95
115.95
101.822
101.822
101.822
101.822
101.822
101.822
101.822
101.822
88.4924
88.4924
88.4924
88.4924
88.4924
88.4924
88.4924
88.4924
76.464
76.464
76.464
76.464
76.464
76.464
76.464
76.464
66.0205
66.0205
66.0205
66.0205
66.0205
66.0205
66.0205
66.0205
57.257
57.257
57.257
57.257
57.257
57.257
57.257
57.257
163.437
163.437
163.437
163.437
163.437
163.437
163.437
163.437
168.7
168.7
168.7
168.7
168.7
168.7
168.7
168.7
172.741
172.741
172.741
172.741
172.741
172.741
172.741
172.741
174.886
174.886
174.886
174.886
174.886
174.886
174.886
174.886
174.519
174.519
174.519
174.519
174.519
174.519
174.519
174.519
171.197
171.197
171.197
171.197
171.197
171.197
171.197
171.197
164.761
164.761
164.761
164.761
164.761
164.761
164.761
164.761
155.392
155.392
155.392
155.392
155.392
155.392
155.392
155.392
143.605
143.605
143.605
143.605
143.605
143.605
143.605
143.605
130.163
130.163
130.163
130.163
130.163
130.163
130.163
130.163
115.95
115.95
115.95
115.95
115.95
115.95
115.95
115.95
101.822
101.822
101.822
101.822
101.822
101.822
101.822
101.822
88.4924
88.4924
88.4924
88.4924
88.4924
88.4924
88.4924
88.4924
76.464
76.464
76.464
76.464
76.464
76.464
76.464
76.464
66.0205
66.0205
66.0205
66.0205
66.0205
66.0205
66.0205
66.0205
57.257
57.257
57.257
57.257
57.257
57.257
57.257
57.257
163.437
163.437
163.437
163.437
163.437
163.437
163.437
163.437
168.7
168.7
168.7
168.7
168.7
168.7
168.7
168.7
172.741
172.741
172.741
172.741
172.741
172.741
172.741
172.741
174.886
174.886
174.886
174.886
174.886
174.886
174.886
174.886
174.519
174.519
174.519
174.519
174.519
174.519
174.519
174.519
171.197
171.197
171.197
171.197
171.197
171.197
171.197
171.197
164.761
164.761
164.761
164.761
164.761
164.761
164.761
164.761
155.392
155.392
155.392
155.392
155.392
155.392
155.392
155.392
143.605
143.605
143.605
143.605
143.605
143.605
143.605
143.605
130.163
130.163
130.163
130.163
130.163
130.163
130.163
130.163
115.95
115.95
115.95
115.95
115.95
115.95
115.95
115.95
101.822
101.822
101.822
101.822
101.822
101.822
101.822
101.822
88.4924
88.4924
88.4924
88.4924
88.4924
88.4924
88.4924
88.4924
76.464
76.464
76.464
76.464
76.464
76.464
76.464
76.464
66.0205
66.0205
66.0205
66.0205
66.0205
66.0205
66.0205
66.0205
57.257
57.257
57.257
57.257
57.257
57.257
57.257
57.257
163.437
163.437
163.437
163.437
163.437
163.437
163.437
163.437
168.7
168.7
168.7
168.7
168.7
168.7
168.7
168.7
172.741
172.741
172.741
172.741
172.741
172.741
172.741
172.741
174.886
174.886
174.886
174.886
174.886
174.886
174.886
174.886
174.519
174.519
174.519
174.519
174.519
174.519
174.519
174.519
171.197
171.197
171.197
171.197
171.197
171.197
171.197
171.197
164.761
164.761
164.761
164.761
164.761
164.761
164.761
164.761
155.392
155.392
155.392
155.392
155.392
155.392
155.392
155.392
143.605
143.605
143.605
143.605
143.605
143.605
143.605
143.605
130.163
130.163
130.163
130.163
130.163
130.163
130.163
130.163
115.95
115.95
115.95
115.95
115.95
115.95
115.95
115.95
101.822
101.822
101.822
101.822
101.822
101.822
101.822
101.822
88.4924
88.4924
88.4924
88.4924
88.4924
88.4924
88.4924
88.4924
76.464
76.464
76.464
76.464
76.464
76.464
76.464
76.464
66.0205
66.0205
66.0205
66.0205
66.0205
66.0205
66.0205
66.0205
57.257
57.257
57.257
57.257
57.257
57.257
57.257
57.257
162.958
162.958
162.958
162.958
162.958
162.958
162.958
162.958
169.725
169.725
169.725
169.725
169.725
169.725
169.725
169.725
175.312
175.312
175.312
175.312
175.312
175.312
175.312
175.312
178.942
178.942
178.942
178.942
178.942
178.942
178.942
178.942
179.879
179.879
179.879
179.879
179.879
179.879
179.879
179.879
177.557
177.557
177.557
177.557
177.557
177.557
177.557
177.557
171.722
171.722
171.722
171.722
171.722
171.722
171.722
171.722
162.506
162.506
162.506
162.506
162.506
162.506
162.506
162.506
150.439
150.439
150.439
150.439
150.439
150.439
150.439
150.439
136.358
136.358
136.358
136.358
136.358
136.358
136.358
136.358
121.257
121.257
121.257
121.257
121.257
121.257
121.257
121.257
106.119
106.119
106.119
106.119
106.119
106.119
106.119
106.119
91.7688
91.7688
91.7688
91.7688
91.7688
91.7688
91.7688
91.7688
78.7951
78.7951
78.7951
78.7951
78.7951
78.7951
78.7951
78.7951
67.5308
67.5308
67.5308
67.5308
67.5308
67.5308
67.5308
67.5308
58.0893
58.0893
58.0893
58.0893
58.0893
58.0893
58.0893
58.0893
162.958
162.958
162.958
162.958
162.958
162.958
162.958
162.958
169.725
169.725
169.725
169.725
169.725
169.725
169.725
169.725
175.312
175.312
175.312
175.312
175.312
175.312
175.312
175.312
178.942
178.942
178.942
178.942
178.942
178.942
178.942
178.942
179.879
179.879
179.879
179.879
179.879
179.879
179.879
179.879
177.557
177.557
177.557
177.557
177.557
177.557
177.557
177.557
171.722
171.722
171.722
171.722
171.722
171.722
171.722
171.722
162.506
162.506
162.506
162.506
162.506
162.506
162.506
162.506
150.439
150.439
150.439
150.439
150.439
150.439
150.439
150.439
136.358
136.358
136.358
136.358
136.358
136.358
136.358
136.358
121.257
121.257
121.257
121.257
121.257
121.257
121.257
121.257
106.119
106.119
106.119
106.119
106.119
106.119
106.119
106.119
91.7688
91.7688
91.7688
91.7688
91.7688
91.7688
91.7688
91.7688
78.7951
78.7951
78.7951
78.7951
78.7951
78.7951
78.7951
78.7951
67.5308
67.5308
67.5308
67.5308
67.5308
67.5308
67.5308
67.5308
58.0893
58.0893
58.0893
58.0893
58.0893
58.0893
58.0893
58.0893
162.958
162.958
162.958
162.958
162.958
162.958
162.958
162.958
169.725
169.725
169.725
169.725
169.725
169.725
169.725
169.725
175.312
175.312
175.312
175.312
175.312
175.312
175.312
175.312
178.942
178.942
178.942
178.942
178.942
178.942
178.942
178.942
179.879
179.879
179.879
179.879
179.879
179.879
179.879
179.879
177.557
177.557
177.557
177.557
177.557
177.557
177.557
177.557
171.722
171.722
171.722
171.722
171.722
171.722
171.722
171.722
162.506
162.506
162.506
162.506
162.506
162.506
162.506
162.506
150.439
150.439
150.439
150.439
150.439
150.439
150.439
150.439
136.358
136.358
136.358
136.358
136.358
136.358
136.358
136.358
121.257
121.257
121.257
121.257
121.257
121.257
121.257
121.257
106.119
106.119
106.119
106.119
106.119
106.119
106.119
106.119
91.7688
91.7688
91.7688
91.7688
91.7688
91.7688
91.7688
91.7688
78.7951
78.7951
78.7951
78.7951
78.7951
78.7951
78.7951
78.7951
67.5308
67.5308
67.5308
67.5308
67.5308
67.5308
67.5308
67.5308
58.0893
58.0893
58.0893
58.0893
58.0893
58.0893
58.0893
58.0893
162.958
162.958
162.958
162.958
162.958
162.958
162.958
162.958
169.725
169.725
169.725
169.725
169.725
169.725
169.725
169.725
175.312
175.312
175.312
175.312
175.312
175.312
175.312
175.312
178.942
178.942
178.942
178.942
178.942
178.942
178.942
178.942
179.879
179.879
179.879
179.879
179.879
179.879
179.879
179.879
177.557
177.557
177.557
177.557
177.557
177.557
177.557
177.557
171.722
171.722
171.722
171.722
171.722
171.722
171.722
171.722
162.506
162.506
162.506
162.506
162.506
162.506
162.506
162.506
150.439
150.439
150.439
150.439
150.439
150.439
150.439
150.439
136.358
136.358
136.358
136.358
136.358
136.358
136.358
136.358
121.257
121.257
121.257
121.257
121.257
121.257
121.257
121.257
106.119
106.119
106.119
106.119
106.119
106.119
106.119
106.119
91.7688
91.7688
91.7688
91.7688
91.7688
91.7688
91.7688
91.7688
78.7951
78.7951
78.7951
78.7951
78.7951
78.7951
78.7951
78.7951
67.5308
67.5308
67.5308
67.5308
67.5308
67.5308
67.5308
67.5308
58.0893
58.0893
58.0893
58.0893
58.0893
58.0893
58.0893
58.0893
160.732
160.732
160.732
160.732
160.732
160.732
160.732
160.732
168.988
168.988
168.988
168.988
168.988
168.988
168.988
168.988
176.183
176.183
176.183
176.183
176.183
176.183
176.183
176.183
181.45
181.45
181.45
181.45
181.45
181.45
181.45
181.45
183.926
183.926
183.926
183.926
183.926
183.926
183.926
183.926
182.908
182.908
182.908
182.908
182.908
182.908
182.908
182.908
178.014
178.014
178.014
178.014
178.014
178.014
178.014
178.014
169.295
169.295
169.295
169.295
169.295
169.295
169.295
169.295
157.258
157.258
157.258
157.258
157.258
157.258
157.258
157.258
142.789
142.789
142.789
142.789
142.789
142.789
142.789
142.789
126.984
126.984
126.984
126.984
126.984
126.984
126.984
126.984
110.949
110.949
110.949
110.949
110.949
110.949
110.949
110.949
95.6368
95.6368
95.6368
95.6368
95.6368
95.6368
95.6368
95.6368
81.7322
81.7322
81.7322
81.7322
81.7322
81.7322
81.7322
81.7322
69.6345
69.6345
69.6345
69.6345
69.6345
69.6345
69.6345
69.6345
59.4876
59.4876
59.4876
59.4876
59.4876
59.4876
59.4876
59.4876
160.732
160.732
160.732
160.732
160.732
160.732
160.732
160.732
168.988
168.988
168.988
168.988
168.988
168.988
168.988
168.988
176.183
176.183
176.183
176.183
176.183
176.183
176.183
176.183
181.45
181.45
181.45
181.45
181.45
181.45
181.45
181.45
183.926
183.926
183.926
183.926
183.926
183.926
183.926
183.926
182.908
182.908
182.908
182.908
182.908
182.908
182.908
182.908
178.014
178.014
178.014
178.014
178.014
178.014
178.014
178.014
169.295
169.295
169.295
169.295
169.295
169.295
169.295
169.295
157.258
157.258
157.258
157.258
157.258
157.258
157.258
157.258
142.789
142.789
142.789
142.789
142.789
142.789
142.789
142.789
126.984
126.984
126.984
126.984
126.984
126.984
126.984
126.984
110.949
110.949
110.949
110.949
110.949
110.949
110.949
110.949
95.6368
95.6368
95.6368
95.6368
95.6368
95.6368
95.6368
95.6368
81.7322
81.7322
81.7322
81.7322
81.7322
81.7322
81.7322
81.7322
69.6345
69.6345
69.6345
69.6345
69.6345
69.6345
69.6345
69.6345
59.4876
59.4876
59.4876
59.4876
59.4876
59.4876
59.4876
59.4876
160.732
160.732
160.732
160.732
160.732
160.732
160.732
160.732
168.988
168.988
168.988
168.988
168.988
168.988
168.988
168.988
176.183
176.183
176.183
176.183
176.183
176.183
176.183
176.183
181.45
181.45
181.45
181.45
181.45
181.45
181.45
181.45
183.926
183.926
183.926
183.926
183.926
183.926
183.926
183.926
182.908
182.908
182.908
182.908
182.908
182.908
182.908
182.908
178.014
178.014
178.014
178.014
178.014
178.014
178.014
178.014
169.295
169.295
169.295
169.295
169.295
169.295
169.295
169.295
157.258
157.258
157.258
157.258
157.258
157.258
157.258
157.258
142.789
142.789
142.789
142.789
142.789
142.789
142.789
142.789
126.984
126.984
126.984
126.984
126.984
126.984
126.984
126.984
110.949
110.949
110.949
110.949
110.949
110.949
110.949
110.949
95.6368
95.6368
95.6368
95.6368
95.6368
95.6368
95.6368
95.6368
81.7322
81.7322
81.7322
81.7322
81.7322
81.7322
81.7322
81.7322
69.6345
69.6345
69.6345
69.6345
69.6345
69.6345
69.6345
69.6345
59.4876
59.4876
59.4876
59.4876
59.4876
59.4876
59.4876
59.4876
160.732
160.732
160.732
160.732
160.732
160.732
160.732
160.732
168.988
168.988
168.988
168.988
168.988
168.988
168.988
168.988
176.183
176.183
176.183
176.183
176.183
176.183
176.183
176.183
181.45
181.45
181.45
181.45
181.45
181.45
181.45
181.45
183.926
183.926
183.926
183.926
183.926
183.926
183.926
183.926
182.908
182.908
182.908
182.908
182.908
182.908
182.908
182.908
178.014
178.014
178.014
178.014
178.014
178.014
178.014
178.014
169.295
169.295
169.295
169.295
169.295
169.295
169.295
169.295
157.258
157.258
157.258
157.258
157.258
157.258
157.258
157.258
142.789
142.789
142.789
142.789
142.789
142.789
142.789
142.789
126.984
126.984
126.984
126.984
126.984
126.984
126.984
126.984
110.949
110.949
110.949
110.949
110.949
110.949
110.949
110.949
95.6368
95.6368
95.6368
95.6368
95.6368
95.6368
95.6368
95.6368
81.7322
81.7322
81.7322
81.7322
81.7322
81.7322
81.7322
81.7322
69.6345
69.6345
69.6345
69.6345
69.6345
69.6345
69.6345
69.6345
59.4876
59.4876
59.4876
59.4876
59.4876
59.4876
59.4876
59.4876
157.361
157.361
157.361
157.361
157.361
157.361
157.361
157.361
167.01
167.01
167.01
167.01
167.01
167.01
167.01
167.01
175.79
175.79
175.79
175.79
175.79
175.79
175.79
175.79
182.753
182.753
182.753
182.753
182.753
182.753
182.753
182.753
186.916
186.916
186.916
186.916
186.916
186.916
186.916
186.916
187.431
187.431
187.431
187.431
187.431
187.431
187.431
187.431
183.765
183.765
183.765
183.765
183.765
183.765
183.765
183.765
175.852
175.852
175.852
175.852
175.852
175.852
175.852
175.852
164.143
164.143
164.143
164.143
164.143
164.143
164.143
164.143
149.539
149.539
149.539
149.539
149.539
149.539
149.539
149.539
133.216
133.216
133.216
133.216
133.216
133.216
133.216
133.216
116.407
116.407
116.407
116.407
116.407
116.407
116.407
116.407
100.189
100.189
100.189
100.189
100.189
100.189
100.189
100.189
85.3655
85.3655
85.3655
85.3655
85.3655
85.3655
85.3655
85.3655
72.4149
72.4149
72.4149
72.4149
72.4149
72.4149
72.4149
72.4149
61.5259
61.5259
61.5259
61.5259
61.5259
61.5259
61.5259
61.5259
157.361
157.361
157.361
157.361
157.361
157.361
157.361
157.361
167.01
167.01
167.01
167.01
167.01
167.01
167.01
167.01
175.79
175.79
175.79
175.79
175.79
175.79
175.79
175.79
182.753
182.753
182.753
182.753
182.753
182.753
182.753
182.753
186.916
186.916
186.916
186.916
186.916
186.916
186.916
186.916
187.431
187.431
187.431
187.431
187.431
187.431
187.431
187.431
183.765
183.765
183.765
183.765
183.765
183.765
183.765
183.765
175.852
175.852
175.852
175.852
175.852
175.852
175.852
175.852
164.143
164.143
164.143
164.143
164.143
164.143
164.143
164.143
149.539
149.539
149.539
149.539
149.539
149.539
149.539
149.539
133.216
133.216
133.216
133.216
133.216
133.216
133.216
133.216
116.407
116.407
116.407
116.407
116.407
116.407
116.407
116.407
100.189
100.189
100.189
100.189
100.189
100.189
100.189
100.189
85.3655
85.3655
85.3655
85.3655
85.3655
85.3655
85.3655
85.3655
72.4149
72.4149
72.4149
72.4149
72.4149
72.4149
72.4149
72.4149
61.5259
61.5259
61.5259
61.5259
61.5259
61.5259
61.5259
61.5259
157.361
157.361
157.361
157.361
157.361
157.361
157.361
157.361
167.01
167.01
167.01
167.01
167.01
167.01
167.01
167.01
175.79
175.79
175.79
175.79
175.79
175.79
175.79
175.79
182.753
182.753
182.753
182.753
182.753
182.753
182.753
182.753
186.916
186.916
186.916
186.916
186.916
186.916
186.916
186.916
187.431
187.431
187.431
187.431
187.431
187.431
187.431
187.431
183.765
183.765
183.765
183.765
183.765
183.765
183.765
183.765
175.852
175.852
175.852
175.852
175.852
175.852
175.852
175.852
164.143
164.143
164.143
164.143
164.143
164.143
164.143
164.143
149.539
149.539
149.539
149.539
149.539
149.539
149.539
149.539
133.216
133.216
133.216
133.216
133.216
133.216
133.216
133.216
116.407
116.407
116.407
116.407
116.407
116.407
116.407
116.407
100.189
100.189
100.189
100.189
100.189
100.189
100.189
100.189
85.3655
85.3655
85.3655
85.3655
85.3655
85.3655
85.3655
85.3655
72.4149
72.4149
72.4149
72.4149
72.4149
72.4149
72.4149
72.4149
61.5259
61.5259
61.5259
61.5259
61.5259
61.5259
61.5259
61.5259
157.361
157.361
157.361
157.361
157.361
157.361
157.361
157.361
167.01
167.01
167.01
167.01
167.01
167.01
167.01
167.01
175.79
175.79
175.79
175.79
175.79
175.79
175.79
175.79
182.753
182.753
182.753
182.753
182.753
182.753
182.753
182.753
186.916
186.916
186.916
186.916
186.916
186.916
186.916
186.916
187.431
187.431
187.431
187.431
187.431
187.431
187.431
187.431
183.765
183.765
183.765
183.765
183.765
183.765
183.765
183.765
175.852
175.852
175.852
175.852
175.852
175.852
175.852
175.852
164.143
164.143
164.143
164.143
164.143
164.143
164.143
164.143
149.539
149.539
149.539
149.539
149.539
149.539
149.539
149.539
133.216
133.216
133.216
133.216
133.216
133.216
133.216
133.216
116.407
116.407
116.407
116.407
116.407
116.407
116.407
116.407
100.189
100.189
100.189
100.189
100.189
100.189
100.189
100.189
85.3655
85.3655
85.3655
85.3655
85.3655
85.3655
85.3655
85.3655
72.4149
72.4149
72.4149
72.4149
72.4149
72.4149
72.4149
72.4149
61.5259
61.5259
61.5259
61.5259
61.5259
61.5259
61.5259
61.5259
153.418
153.418
153.418
153.418
153.418
153.418
153.418
153.418
164.31
164.31
164.31
164.31
164.31
164.31
164.31
164.31
174.57
174.57
174.57
174.57
174.57
174.57
174.57
174.57
183.197
183.197
183.197
183.197
183.197
183.197
183.197
183.197
189.102
189.102
189.102
189.102
189.102
189.102
189.102
189.102
191.292
191.292
191.292
191.292
191.292
191.292
191.292
191.292
189.071
189.071
189.071
189.071
189.071
189.071
189.071
189.071
182.228
182.228
182.228
182.228
182.228
182.228
182.228
182.228
171.118
171.118
171.118
171.118
171.118
171.118
171.118
171.118
156.625
156.625
156.625
156.625
156.625
156.625
156.625
156.625
139.982
139.982
139.982
139.982
139.982
139.982
139.982
139.982
122.528
122.528
122.528
122.528
122.528
122.528
122.528
122.528
105.475
105.475
105.475
105.475
105.475
105.475
105.475
105.475
89.7509
89.7509
89.7509
89.7509
89.7509
89.7509
89.7509
89.7509
75.9293
75.9293
75.9293
75.9293
75.9293
75.9293
75.9293
75.9293
64.2599
64.2599
64.2599
64.2599
64.2599
64.2599
64.2599
64.2599
153.418
153.418
153.418
153.418
153.418
153.418
153.418
153.418
164.31
164.31
164.31
164.31
164.31
164.31
164.31
164.31
174.57
174.57
174.57
174.57
174.57
174.57
174.57
174.57
183.197
183.197
183.197
183.197
183.197
183.197
183.197
183.197
189.102
189.102
189.102
189.102
189.102
189.102
189.102
189.102
191.292
191.292
191.292
191.292
191.292
191.292
191.292
191.292
189.071
189.071
189.071
189.071
189.071
189.071
189.071
189.071
182.228
182.228
182.228
182.228
182.228
182.228
182.228
182.228
171.118
171.118
171.118
171.118
171.118
171.118
171.118
171.118
156.625
156.625
156.625
156.625
156.625
156.625
156.625
156.625
139.982
139.982
139.982
139.982
139.982
139.982
139.982
139.982
122.528
122.528
122.528
122.528
122.528
122.528
122.528
122.528
105.475
105.475
105.475
105.475
105.475
105.475
105.475
105.475
89.7509
89.7509
89.7509
89.7509
89.7509
89.7509
89.7509
89.7509
75.9293
75.9293
75.9293
75.9293
75.9293
75.9293
75.9293
75.9293
64.2599
64.2599
64.2599
64.2599
64.2599
64.2599
64.2599
64.2599
153.418
153.418
153.418
153.418
153.418
153.418
153.418
153.418
164.31
164.31
164.31
164.31
164.31
164.31
164.31
164.31
174.57
174.57
174.57
174.57
174.57
174.57
174.57
174.57
183.197
183.197
183.197
183.197
183.197
183.197
183.197
183.197
189.102
189.102
189.102
189.102
189.102
189.102
189.102
189.102
191.292
191.292
191.292
191.292
191.292
191.292
191.292
191.292
189.071
189.071
189.071
189.071
189.071
189.071
189.071
189.071
182.228
182.228
182.228
182.228
182.228
182.228
182.228
182.228
171.118
171.118
171.118
171.118
171.118
171.118
171.118
171.118
156.625
156.625
156.625
156.625
156.625
156.625
156.625
156.625
139.982
139.982
139.982
139.982
139.982
139.982
139.982
139.982
122.528
122.528
122.528
122.528
122.528
122.528
122.528
122.528
105.475
105.475
105.475
105.475
105.475
105.475
105.475
105.475
89.7509
89.7509
89.7509
89.7509
89.7509
89.7509
89.7509
89.7509
75.9293
75.9293
75.9293
75.9293
75.9293
75.9293
75.9293
75.9293
64.2599
64.2599
64.2599
64.2599
64.2599
64.2599
64.2599
64.2599
153.418
153.418
153.418
153.418
153.418
153.418
153.418
153.418
164.31
164.31
164.31
164.31
164.31
164.31
164.31
164.31
174.57
174.57
174.57
174.57
174.57
174.57
174.57
174.57
183.197
183.197
183.197
183.197
183.197
183.197
183.197
183.197
189.102
189.102
189.102
189.102
189.102
189.102
189.102
189.102
191.292
191.292
191.292
191.292
191.292
191.292
191.292
191.292
189.071
189.071
189.071
189.071
189.071
189.071
189.071
189.071
182.228
182.228
182.228
182.228
182.228
182.228
182.228
182.228
171.118
171.118
171.118
171.118
171.118
171.118
171.118
171.118
156.625
156.625
156.625
156.625
156.625
156.625
156.625
156.625
139.982
139.982
139.982
139.982
139.982
139.982
139.982
139.982
122.528
122.528
122.528
122.528
122.528
122.528
122.528
122.528
105.475
105.475
105.475
105.475
105.475
105.475
105.475
105.475
89.7509
89.7509
89.7509
89.7509
89.7509
89.7509
89.7509
89.7509
75.9293
75.9293
75.9293
75.9293
75.9293
75.9293
75.9293
75.9293
64.2599
64.2599
64.2599
64.2599
64.2599
64.2599
64.2599
64.2599
149.381
149.381
149.381
149.381
149.381
149.381
149.381
149.381
161.321
161.321
161.321
161.321
161.321
161.321
161.321
161.321
172.895
172.895
172.895
172.895
172.895
172.895
172.895
172.895
183.073
183.073
183.073
183.073
183.073
183.073
183.073
183.073
190.682
190.682
190.682
190.682
190.682
190.682
190.682
190.682
194.597
194.597
194.597
194.597
194.597
194.597
194.597
194.597
193.956
193.956
193.956
193.956
193.956
193.956
193.956
193.956
188.385
188.385
188.385
188.385
188.385
188.385
188.385
188.385
178.115
178.115
178.115
178.115
178.115
178.115
178.115
178.115
163.973
163.973
163.973
163.973
163.973
163.973
163.973
163.973
147.214
147.214
147.214
147.214
147.214
147.214
147.214
147.214
129.269
129.269
129.269
129.269
129.269
129.269
129.269
129.269
111.475
111.475
111.475
111.475
111.475
111.475
111.475
111.475
94.8888
94.8888
94.8888
94.8888
94.8888
94.8888
94.8888
94.8888
80.1942
80.1942
80.1942
80.1942
80.1942
80.1942
80.1942
80.1942
67.7149
67.7149
67.7149
67.7149
67.7149
67.7149
67.7149
67.7149
149.381
149.381
149.381
149.381
149.381
149.381
149.381
149.381
161.321
161.321
161.321
161.321
161.321
161.321
161.321
161.321
172.895
172.895
172.895
172.895
172.895
172.895
172.895
172.895
183.073
183.073
183.073
183.073
183.073
183.073
183.073
183.073
190.682
190.682
190.682
190.682
190.682
190.682
190.682
190.682
194.597
194.597
194.597
194.597
194.597
194.597
194.597
194.597
193.956
193.956
193.956
193.956
193.956
193.956
193.956
193.956
188.385
188.385
188.385
188.385
188.385
188.385
188.385
188.385
178.115
178.115
178.115
178.115
178.115
178.115
178.115
178.115
163.973
163.973
163.973
163.973
163.973
163.973
163.973
163.973
147.214
147.214
147.214
147.214
147.214
147.214
147.214
147.214
129.269
129.269
129.269
129.269
129.269
129.269
129.269
129.269
111.475
111.475
111.475
111.475
111.475
111.475
111.475
111.475
94.8888
94.8888
94.8888
94.8888
94.8888
94.8888
94.8888
94.8888
80.1942
80.1942
80.1942
80.1942
80.1942
80.1942
80.1942
80.1942
67.7149
67.7149
67.7149
67.7149
67.7149
67.7149
67.7149
67.7149
149.381
149.381
149.381
149.381
149.381
149.381
149.381
149.381
161.321
161.321
161.321
161.321
161.321
161.321
161.321
161.321
172.895
172.895
172.895
172.895
172.895
172.895
172.895
172.895
183.073
183.073
183.073
183.073
183.073
183.073
183.073
183.073
190.682
190.682
190.682
190.682
190.682
190.682
190.682
190.682
194.597
194.597
194.597
194.597
194.597
194.597
194.597
194.597
193.956
193.956
193.956
193.956
193.956
193.956
193.956
193.956
188.385
188.385
188.385
188.385
188.385
188.385
188.385
188.385
178.115
178.115
178.115
178.115
178.115
178.115
178.115
178.115
163.973
163.973
163.973
163.973
163.973
163.973
163.973
163.973
147.214
147.214
147.214
147.214
147.214
147.214
147.214
147.214
129.269
129.269
129.269
129.269
129.269
129.269
129.269
129.269
111.475
111.475
111.475
111.475
111.475
111.475
111.475
111.475
94.8888
94.8888
94.8888
94.8888
94.8888
94.8888
94.8888
94.8888
80.1942
80.1942
80.1942
80.1942
80.1942
80.1942
80.1942
80.1942
67.7149
67.7149
67.7149
67.7149
67.7149
67.7149
67.7149
67.7149
149.381
149.381
149.381
149.381
149.381
149.381
149.381
149.381
161.321
161.321
161.321
161.321
161.321
161.321
161.321
161.321
172.895
172.895
172.895
172.895
172.895
172.895
172.895
172.895
183.073
183.073
183.073
183.073
183.073
183.073
183.073
183.073
190.682
190.682
190.682
190.682
190.682
190.682
190.682
190.682
194.597
194.597
194.597
194.597
194.597
194.597
194.597
194.597
193.956
193.956
193.956
193.956
193.956
193.956
193.956
193.956
188.385
188.385
188.385
188.385
188.385
188.385
188.385
188.385
178.115
178.115
178.115
178.115
178.115
178.115
178.115
178.115
163.973
163.973
163.973
163.973
163.973
163.973
163.973
163.973
147.214
147.214
147.214
147.214
147.214
147.214
147.214
147.214
129.269
129.269
129.269
129.269
129.269
129.269
129.269
129.269
111.475
111.475
111.475
111.475
111.475
111.475
111.475
111.475
94.8888
94.8888
94.8888
94.8888
94.8888
94.8888
94.8888
94.8888
80.1942
80.1942
80.1942
80.1942
80.1942
80.1942
80.1942
80.1942
67.7149
67.7149
67.7149
67.7149
67.7149
67.7149
67.7149
67.7149
