8192
57.1761
57.1761
57.1761
57.1761
57.1761
57.1761
57.1761
57.1761
53.8187
53.8187
53.8187
53.8187
53.8187
53.8187
53.8187
53.8187
50.1798
50.1798
50.1798
50.1798
50.1798
50.1798
50.1798
50.1798
46.4352
46.4352
46.4352
46.4352
46.4352
46.4352
46.4352
46.4352
42.7483
42.7483
42.7483
42.7483
42.7483
42.7483
42.7483
42.7483
39.2556
39.2556
39.2556
39.2556
39.2556
39.2556
39.2556
39.2556
36.0588
36.0588
36.0588
36.0588
36.0588
36.0588
36.0588
36.0588
33.2243
33.2243
33.2243
33.2243
33.2243
33.2243
33.2243
33.2243
30.787
30.787
30.787
30.787
30.787
30.787
30.787
30.787
28.7571
28.7571
28.7571
28.7571
28.7571
28.7571
28.7571
28.7571
27.1271
27.1271
27.1271
27.1271
27.1271
27.1271
27.1271
27.1271
25.8787
25.8787
25.8787
25.8787
25.8787
25.8787
25.8787
25.8787
24.9872
24.9872
24.9872
24.9872
24.9872
24.9872
24.9872
24.9872
24.4255
24.4255
24.4255
24.4255
24.4255
24.4255
24.4255
24.4255
24.1654
24.1654
24.1654
24.1654
24.1654
24.1654
24.1654
24.1654
24.1783
24.1783
24.1783
24.1783
24.1783
24.1783
24.1783
24.1783
57.1761
57.1761
57.1761
57.1761
57.1761
57.1761
57.1761
57.1761
53.8187
53.8187
53.8187
53.8187
53.8187
53.8187
53.8187
53.8187
50.1798
50.1798
50.1798
50.1798
50.1798
50.1798
50.1798
50.1798
46.4352
46.4352
46.4352
46.4352
46.4352
46.4352
46.4352
46.4352
42.7483
42.7483
42.7483
42.7483
42.7483
42.7483
42.7483
42.7483
39.2556
39.2556
39.2556
39.2556
39.2556
39.2556
39.2556
39.2556
36.0588
36.0588
36.0588
36.0588
36.0588
36.0588
36.0588
36.0588
33.2243
33.2243
33.2243
33.2243
33.2243
33.2243
33.2243
33.2243
30.787
30.787
30.787
30.787
30.787
30.787
30.787
30.787
28.7571
28.7571
28.7571
28.7571
28.7571
28.7571
28.7571
28.7571
27.1271
27.1271
27.1271
27.1271
27.1271
27.1271
27.1271
27.1271
25.8787
25.8787
25.8787
25.8787
25.8787
25.8787
25.8787
25.8787
24.9872
24.9872
24.9872
24.9872
24.9872
24.9872
24.9872
24.9872
24.4255
24.4255
24.4255
24.4255
24.4255
24.4255
24.4255
24.4255
24.1654
24.1654
24.1654
24.1654
24.1654
24.1654
24.1654
24.1654
24.1783
24.1783
24.1783
24.1783
24.1783
24.1783
24.1783
24.1783
57.1761
57.1761
57.1761
57.1761
57.1761
57.1761
57.1761
57.1761
53.8187
53.8187
53.8187
53.8187
53.8187
53.8187
53.8187
53.8187
50.1798
50.1798
50.1798
50.1798
50.1798
50.1798
50.1798
50.1798
46.4352
46.4352
46.4352
46.4352
46.4352
46.4352
46.4352
46.4352
42.7483
42.7483
42.7483
42.7483
42.7483
42.7483
42.7483
42.7483
39.2556
39.2556
39.2556
39.2556
39.2556
39.2556
39.2556
39.2556
36.0588
36.0588
36.0588
36.0588
36.0588
36.0588
36.0588
36.0588
33.2243
33.2243
33.2243
33.2243
33.2243
33.2243
33.2243
33.2243
30.787
30.787
30.787
30.787
30.787
30.787
30.787
30.787
28.7571
28.7571
28.7571
28.7571
28.7571
28.7571
28.7571
28.7571
27.1271
27.1271
27.1271
27.1271
27.1271
27.1271
27.1271
27.1271
25.8787
25.8787
25.8787
25.8787
25.8787
25.8787
25.8787
25.8787
24.9872
24.9872
24.9872
24.9872
24.9872
24.9872
24.9872
24.9872
24.4255
24.4255
24.4255
24.4255
24.4255
24.4255
24.4255
24.4255
24.1654
24.1654
24.1654
24.1654
24.1654
24.1654
24.1654
24.1654
24.1783
24.1783
24.1783
24.1783
24.1783
24.1783
24.1783
24.1783
57.1761
57.1761
57.1761
57.1761
57.1761
57.1761
57.1761
57.1761
53.8187
53.8187
53.8187
53.8187
53.8187
53.8187
53.8187
53.8187
50.1798
50.1798
50.1798
50.1798
50.1798
50.1798
50.1798
50.1798
46.4352
46.4352
46.4352
46.4352
46.4352
46.4352
46.4352
46.4352
42.7483
42.7483
42.7483
42.7483
42.7483
42.7483
42.7483
42.7483
39.2556
39.2556
39.2556
39.2556
39.2556
39.2556
39.2556
39.2556
36.0588
36.0588
36.0588
36.0588
36.0588
36.0588
36.0588
36.0588
33.2243
33.2243
33.2243
33.2243
33.2243
33.2243
33.2243
33.2243
30.787
30.787
30.787
30.787
30.787
30.787
30.787
30.787
28.7571
28.7571
28.7571
28.7571
28.7571
28.7571
28.7571
28.7571
27.1271
27.1271
27.1271
27.1271
27.1271
27.1271
27.1271
27.1271
25.8787
25.8787
25.8787
25.8787
25.8787
25.8787
25.8787
25.8787
24.9872
24.9872
24.9872
24.9872
24.9872
24.9872
24.9872
24.9872
24.4255
24.4255
24.4255
24.4255
24.4255
24.4255
24.4255
24.4255
24.1654
24.1654
24.1654
24.1654
24.1654
24.1654
24.1654
24.1654
24.1783
24.1783
24.1783
24.1783
24.1783
24.1783
24.1783
24.1783
55.8885
55.8885
55.8885
55.8885
55.8885
55.8885
55.8885
55.8885
53.1072
53.1072
53.1072
53.1072
53.1072
53.1072
53.1072
53.1072
50.0086
50.0086
50.0086
50.0086
50.0086
50.0086
50.0086
50.0086
46.7498
46.7498
46.7498
46.7498
46.7498
46.7498
46.7498
46.7498
43.4843
43.4843
43.4843
43.4843
43.4843
43.4843
43.4843
43.4843
40.3459
40.3459
40.3459
40.3459
40.3459
40.3459
40.3459
40.3459
37.4397
37.4397
37.4397
37.4397
37.4397
37.4397
37.4397
37.4397
34.8397
34.8397
34.8397
34.8397
34.8397
34.8397
34.8397
34.8397
32.5907
32.5907
32.5907
32.5907
32.5907
32.5907
32.5907
32.5907
30.713
30.713
30.713
30.713
30.713
30.713
30.713
30.713
29.2087
29.2087
29.2087
29.2087
29.2087
29.2087
29.2087
29.2087
28.0675
28.0675
28.0675
28.0675
28.0675
28.0675
28.0675
28.0675
27.2709
27.2709
27.2709
27.2709
27.2709
27.2709
27.2709
27.2709
26.7956
26.7956
26.7956
26.7956
26.7956
26.7956
26.7956
26.7956
26.6153
26.6153
26.6153
26.6153
26.6153
26.6153
26.6153
26.6153
26.7011
26.7011
26.7011
26.7011
26.7011
26.7011
26.7011
26.7011
55.8885
55.8885
55.8885
55.8885
55.8885
55.8885
55.8885
55.8885
53.1072
53.1072
53.1072
53.1072
53.1072
53.1072
53.1072
53.1072
50.0086
50.0086
50.0086
50.0086
50.0086
50.0086
50.0086
50.0086
46.7498
46.7498
46.7498
46.7498
46.7498
46.7498
46.7498
46.7498
43.4843
43.4843
43.4843
43.4843
43.4843
43.4843
43.4843
43.4843
40.3459
40.3459
40.3459
40.3459
40.3459
40.3459
40.3459
40.3459
37.4397
37.4397
37.4397
37.4397
37.4397
37.4397
37.4397
37.4397
34.8397
34.8397
34.8397
34.8397
34.8397
34.8397
34.8397
34.8397
32.5907
32.5907
32.5907
32.5907
32.5907
32.5907
32.5907
32.5907
30.713
30.713
30.713
30.713
30.713
30.713
30.713
30.713
29.2087
29.2087
29.2087
29.2087
29.2087
29.2087
29.2087
29.2087
28.0675
28.0675
28.0675
28.0675
28.0675
28.0675
28.0675
28.0675
27.2709
27.2709
27.2709
27.2709
27.2709
27.2709
27.2709
27.2709
26.7956
26.7956
26.7956
26.7956
26.7956
26.7956
26.7956
26.7956
26.6153
26.6153
26.6153
26.6153
26.6153
26.6153
26.6153
26.6153
26.7011
26.7011
26.7011
26.7011
26.7011
26.7011
26.7011
26.7011
55.8885
55.8885
55.8885
55.8885
55.8885
55.8885
55.8885
55.8885
53.1072
53.1072
53.1072
53.1072
53.1072
53.1072
53.1072
53.1072
50.0086
50.0086
50.0086
50.0086
50.0086
50.0086
50.0086
50.0086
46.7498
46.7498
46.7498
46.7498
46.7498
46.7498
46.7498
46.7498
43.4843
43.4843
43.4843
43.4843
43.4843
43.4843
43.4843
43.4843
40.3459
40.3459
40.3459
40.3459
40.3459
40.3459
40.3459
40.3459
37.4397
37.4397
37.4397
37.4397
37.4397
37.4397
37.4397
37.4397
34.8397
34.8397
34.8397
34.8397
34.8397
34.8397
34.8397
34.8397
32.5907
32.5907
32.5907
32.5907
32.5907
32.5907
32.5907
32.5907
30.713
30.713
30.713
30.713
30.713
30.713
30.713
30.713
29.2087
29.2087
29.2087
29.2087
29.2087
29.2087
29.2087
29.2087
28.0675
28.0675
28.0675
28.0675
28.0675
28.0675
28.0675
28.0675
27.2709
27.2709
27.2709
27.2709
27.2709
27.2709
27.2709
27.2709
26.7956
26.7956
26.7956
26.7956
26.7956
26.7956
26.7956
26.7956
26.6153
26.6153
26.6153
26.6153
26.6153
26.6153
26.6153
26.6153
26.7011
26.7011
26.7011
26.7011
26.7011
26.7011
26.7011
26.7011
55.8885
55.8885
55.8885
55.8885
55.8885
55.8885
55.8885
55.8885
53.1072
53.1072
53.1072
53.1072
53.1072
53.1072
53.1072
53.1072
50.0086
50.0086
50.0086
50.0086
50.0086
50.0086
50.0086
50.0086
46.7498
46.7498
46.7498
46.7498
46.7498
46.7498
46.7498
46.7498
43.4843
43.4843
43.4843
43.4843
43.4843
43.4843
43.4843
43.4843
40.3459
40.3459
40.3459
40.3459
40.3459
40.3459
40.3459
40.3459
37.4397
37.4397
37.4397
37.4397
37.4397
37.4397
37.4397
37.4397
34.8397
34.8397
34.8397
34.8397
34.8397
34.8397
34.8397
34.8397
32.5907
32.5907
32.5907
32.5907
32.5907
32.5907
32.5907
32.5907
30.713
30.713
30.713
30.713
30.713
30.713
30.713
30.713
29.2087
29.2087
29.2087
29.2087
29.2087
29.2087
29.2087
29.2087
28.0675
28.0675
28.0675
28.0675
28.0675
28.0675
28.0675
28.0675
27.2709
27.2709
27.2709
27.2709
27.2709
27.2709
27.2709
27.2709
26.7956
26.7956
26.7956
26.7956
26.7956
26.7956
26.7956
26.7956
26.6153
26.6153
26.6153
26.6153
26.6153
26.6153
26.6153
26.6153
26.7011
26.7011
26.7011
26.7011
26.7011
26.7011
26.7011
26.7011
55.5043
55.5043
55.5043
55.5043
55.5043
55.5043
55.5043
55.5043
53.3037
53.3037
53.3037
53.3037
53.3037
53.3037
53.3037
53.3037
50.7359
50.7359
50.7359
50.7359
50.7359
50.7359
50.7359
50.7359
47.9417
47.9417
47.9417
47.9417
47.9417
47.9417
47.9417
47.9417
45.0661
45.0661
45.0661
45.0661
45.0661
45.0661
45.0661
45.0661
42.2429
42.2429
42.2429
42.2429
42.2429
42.2429
42.2429
42.2429
39.5832
39.5832
39.5832
39.5832
39.5832
39.5832
39.5832
39.5832
37.171
37.171
37.171
37.171
37.171
37.171
37.171
37.171
35.0625
35.0625
35.0625
35.0625
35.0625
35.0625
35.0625
35.0625
33.2895
33.2895
33.2895
33.2895
33.2895
33.2895
33.2895
33.2895
31.8645
31.8645
31.8645
31.8645
31.8645
31.8645
31.8645
31.8645
30.785
30.785
30.785
30.785
30.785
30.785
30.785
30.785
30.0384
30.0384
30.0384
30.0384
30.0384
30.0384
30.0384
30.0384
29.6048
29.6048
29.6048
29.6048
29.6048
29.6048
29.6048
29.6048
29.4587
29.4587
29.4587
29.4587
29.4587
29.4587
29.4587
29.4587
29.5704
29.5704
29.5704
29.5704
29.5704
29.5704
29.5704
29.5704
55.5043
55.5043
55.5043
55.5043
55.5043
55.5043
55.5043
55.5043
53.3037
53.3037
53.3037
53.3037
53.3037
53.3037
53.3037
53.3037
50.7359
50.7359
50.7359
50.7359
50.7359
50.7359
50.7359
50.7359
47.9417
47.9417
47.9417
47.9417
47.9417
47.9417
47.9417
47.9417
45.0661
45.0661
45.0661
45.0661
45.0661
45.0661
45.0661
45.0661
42.2429
42.2429
42.2429
42.2429
42.2429
42.2429
42.2429
42.2429
39.5832
39.5832
39.5832
39.5832
39.5832
39.5832
39.5832
39.5832
37.171
37.171
37.171
37.171
37.171
37.171
37.171
37.171
35.0625
35.0625
35.0625
35.0625
35.0625
35.0625
35.0625
35.0625
33.2895
33.2895
33.2895
33.2895
33.2895
33.2895
33.2895
33.2895
31.8645
31.8645
31.8645
31.8645
31.8645
31.8645
31.8645
31.8645
30.785
30.785
30.785
30.785
30.785
30.785
30.785
30.785
30.0384
30.0384
30.0384
30.0384
30.0384
30.0384
30.0384
30.0384
29.6048
29.6048
29.6048
29.6048
29.6048
29.6048
29.6048
29.6048
29.4587
29.4587
29.4587
29.4587
29.4587
29.4587
29.4587
29.4587
29.5704
29.5704
29.5704
29.5704
29.5704
29.5704
29.5704
29.5704
55.5043
55.5043
55.5043
55.5043
55.5043
55.5043
55.5043
55.5043
53.3037
53.3037
53.3037
53.3037
53.3037
53.3037
53.3037
53.3037
50.7359
50.7359
50.7359
50.7359
50.7359
50.7359
50.7359
50.7359
47.9417
47.9417
47.9417
47.9417
47.9417
47.9417
47.9417
47.9417
45.0661
45.0661
45.0661
45.0661
45.0661
45.0661
45.0661
45.0661
42.2429
42.2429
42.2429
42.2429
42.2429
42.2429
42.2429
42.2429
39.5832
39.5832
39.5832
39.5832
39.5832
39.5832
39.5832
39.5832
37.171
37.171
37.171
37.171
37.171
37.171
37.171
37.171
35.0625
35.0625
35.0625
35.0625
35.0625
35.0625
35.0625
35.0625
33.2895
33.2895
33.2895
33.2895
33.2895
33.2895
33.2895
33.2895
31.8645
31.8645
31.8645
31.8645
31.8645
31.8645
31.8645
31.8645
30.785
30.785
30.785
30.785
30.785
30.785
30.785
30.785
30.0384
30.0384
30.0384
30.0384
30.0384
30.0384
30.0384
30.0384
29.6048
29.6048
29.6048
29.6048
29.6048
29.6048
29.6048
29.6048
29.4587
29.4587
29.4587
29.4587
29.4587
29.4587
29.4587
29.4587
29.5704
29.5704
29.5704
29.5704
29.5704
29.5704
29.5704
29.5704
55.5043
55.5043
55.5043
55.5043
55.5043
55.5043
55.5043
55.5043
53.3037
53.3037
53.3037
53.3037
53.3037
53.3037
53.3037
53.3037
50.7359
50.7359
50.7359
50.7359
50.7359
50.7359
50.7359
50.7359
47.9417
47.9417
47.9417
47.9417
47.9417
47.9417
47.9417
47.9417
45.0661
45.0661
45.0661
45.0661
45.0661
45.0661
45.0661
45.0661
42.2429
42.2429
42.2429
42.2429
42.2429
42.2429
42.2429
42.2429
39.5832
39.5832
39.5832
39.5832
39.5832
39.5832
39.5832
39.5832
37.171
37.171
37.171
37.171
37.171
37.171
37.171
37.171
35.0625
35.0625
35.0625
35.0625
35.0625
35.0625
35.0625
35.0625
33.2895
33.2895
33.2895
33.2895
33.2895
33.2895
33.2895
33.2895
31.8645
31.8645
31.8645
31.8645
31.8645
31.8645
31.8645
31.8645
30.785
30.785
30.785
30.785
30.785
30.785
30.785
30.785
30.0384
30.0384
30.0384
30.0384
30.0384
30.0384
30.0384
30.0384
29.6048
29.6048
29.6048
29.6048
29.6048
29.6048
29.6048
29.6048
29.4587
29.4587
29.4587
29.4587
29.4587
29.4587
29.4587
29.4587
29.5704
29.5704
29.5704
29.5704
29.5704
29.5704
29.5704
29.5704
55.8222
55.8222
55.8222
55.8222
55.8222
55.8222
55.8222
55.8222
54.2271
54.2271
54.2271
54.2271
54.2271
54.2271
54.2271
54.2271
52.205
52.205
52.205
52.205
52.205
52.205
52.205
52.205
49.8789
49.8789
49.8789
49.8789
49.8789
49.8789
49.8789
49.8789
47.3857
47.3857
47.3857
47.3857
47.3857
47.3857
47.3857
47.3857
44.8594
44.8594
44.8594
44.8594
44.8594
44.8594
44.8594
44.8594
42.4185
42.4185
42.4185
42.4185
42.4185
42.4185
42.4185
42.4185
40.1584
40.1584
40.1584
40.1584
40.1584
40.1584
40.1584
40.1584
38.1487
38.1487
38.1487
38.1487
38.1487
38.1487
38.1487
38.1487
36.4342
36.4342
36.4342
36.4342
36.4342
36.4342
36.4342
36.4342
35.0383
35.0383
35.0383
35.0383
35.0383
35.0383
35.0383
35.0383
33.9674
33.9674
33.9674
33.9674
33.9674
33.9674
33.9674
33.9674
33.2149
33.2149
33.2149
33.2149
33.2149
33.2149
33.2149
33.2149
32.7642
32.7642
32.7642
32.7642
32.7642
32.7642
32.7642
32.7642
32.5906
32.5906
32.5906
32.5906
32.5906
32.5906
32.5906
32.5906
32.6633
32.6633
32.6633
32.6633
32.6633
32.6633
32.6633
32.6633
55.8222
55.8222
55.8222
55.8222
55.8222
55.8222
55.8222
55.8222
54.2271
54.2271
54.2271
54.2271
54.2271
54.2271
54.2271
54.2271
52.205
52.205
52.205
52.205
52.205
52.205
52.205
52.205
49.8789
49.8789
49.8789
49.8789
49.8789
49.8789
49.8789
49.8789
47.3857
47.3857
47.3857
47.3857
47.3857
47.3857
47.3857
47.3857
44.8594
44.8594
44.8594
44.8594
44.8594
44.8594
44.8594
44.8594
42.4185
42.4185
42.4185
42.4185
42.4185
42.4185
42.4185
42.4185
40.1584
40.1584
40.1584
40.1584
40.1584
40.1584
40.1584
40.1584
38.1487
38.1487
38.1487
38.1487
38.1487
38.1487
38.1487
38.1487
36.4342
36.4342
36.4342
36.4342
36.4342
36.4342
36.4342
36.4342
35.0383
35.0383
35.0383
35.0383
35.0383
35.0383
35.0383
35.0383
33.9674
33.9674
33.9674
33.9674
33.9674
33.9674
33.9674
33.9674
33.2149
33.2149
33.2149
33.2149
33.2149
33.2149
33.2149
33.2149
32.7642
32.7642
32.7642
32.7642
32.7642
32.7642
32.7642
32.7642
32.5906
32.5906
32.5906
32.5906
32.5906
32.5906
32.5906
32.5906
32.6633
32.6633
32.6633
32.6633
32.6633
32.6633
32.6633
32.6633
55.8222
55.8222
55.8222
55.8222
55.8222
55.8222
55.8222
55.8222
54.2271
54.2271
54.2271
54.2271
54.2271
54.2271
54.2271
54.2271
52.205
52.205
52.205
52.205
52.205
52.205
52.205
52.205
49.8789
49.8789
49.8789
49.8789
49.8789
49.8789
49.8789
49.8789
47.3857
47.3857
47.3857
47.3857
47.3857
47.3857
47.3857
47.3857
44.8594
44.8594
44.8594
44.8594
44.8594
44.8594
44.8594
44.8594
42.4185
42.4185
42.4185
42.4185
42.4185
42.4185
42.4185
42.4185
40.1584
40.1584
40.1584
40.1584
40.1584
40.1584
40.1584
40.1584
38.1487
38.1487
38.1487
38.1487
38.1487
38.1487
38.1487
38.1487
36.4342
36.4342
36.4342
36.4342
36.4342
36.4342
36.4342
36.4342
35.0383
35.0383
35.0383
35.0383
35.0383
35.0383
35.0383
35.0383
33.9674
33.9674
33.9674
33.9674
33.9674
33.9674
33.9674
33.9674
33.2149
33.2149
33.2149
33.2149
33.2149
33.2149
33.2149
33.2149
32.7642
32.7642
32.7642
32.7642
32.7642
32.7642
32.7642
32.7642
32.5906
32.5906
32.5906
32.5906
32.5906
32.5906
32.5906
32.5906
32.6633
32.6633
32.6633
32.6633
32.6633
32.6633
32.6633
32.6633
55.8222
55.8222
55.8222
55.8222
55.8222
55.8222
55.8222
55.8222
54.2271
54.2271
54.2271
54.2271
54.2271
54.2271
54.2271
54.2271
52.205
52.205
52.205
52.205
52.205
52.205
52.205
52.205
49.8789
49.8789
49.8789
49.8789
49.8789
49.8789
49.8789
49.8789
47.3857
47.3857
47.3857
47.3857
47.3857
47.3857
47.3857
47.3857
44.8594
44.8594
44.8594
44.8594
44.8594
44.8594
44.8594
44.8594
42.4185
42.4185
42.4185
42.4185
42.4185
42.4185
42.4185
42.4185
40.1584
40.1584
40.1584
40.1584
40.1584
40.1584
40.1584
40.1584
38.1487
38.1487
38.1487
38.1487
38.1487
38.1487
38.1487
38.1487
36.4342
36.4342
36.4342
36.4342
36.4342
36.4342
36.4342
36.4342
35.0383
35.0383
35.0383
35.0383
35.0383
35.0383
35.0383
35.0383
33.9674
33.9674
33.9674
33.9674
33.9674
33.9674
33.9674
33.9674
33.2149
33.2149
33.2149
33.2149
33.2149
33.2149
33.2149
33.2149
32.7642
32.7642
32.7642
32.7642
32.7642
32.7642
32.7642
32.7642
32.5906
32.5906
32.5906
32.5906
32.5906
32.5906
32.5906
32.5906
32.6633
32.6633
32.6633
32.6633
32.6633
32.6633
32.6633
32.6633
56.656
56.656
56.656
56.656
56.656
56.656
56.656
56.656
55.7042
55.7042
55.7042
55.7042
55.7042
55.7042
55.7042
55.7042
54.26
54.26
54.26
54.26
54.26
54.26
54.26
54.26
52.4247
52.4247
52.4247
52.4247
52.4247
52.4247
52.4247
52.4247
50.3244
50.3244
50.3244
50.3244
50.3244
50.3244
50.3244
50.3244
48.0921
48.0921
48.0921
48.0921
48.0921
48.0921
48.0921
48.0921
45.8537
45.8537
45.8537
45.8537
45.8537
45.8537
45.8537
45.8537
43.717
43.717
43.717
43.717
43.717
43.717
43.717
43.717
41.7662
41.7662
41.7662
41.7662
41.7662
41.7662
41.7662
41.7662
40.0607
40.0607
40.0607
40.0607
40.0607
40.0607
40.0607
40.0607
38.6366
38.6366
38.6366
38.6366
38.6366
38.6366
38.6366
38.6366
37.5104
37.5104
37.5104
37.5104
37.5104
37.5104
37.5104
37.5104
36.6825
36.6825
36.6825
36.6825
36.6825
36.6825
36.6825
36.6825
36.1402
36.1402
36.1402
36.1402
36.1402
36.1402
36.1402
36.1402
35.8606
35.8606
35.8606
35.8606
35.8606
35.8606
35.8606
35.8606
35.8121
35.8121
35.8121
35.8121
35.8121
35.8121
35.8121
35.8121
56.656
56.656
56.656
56.656
56.656
56.656
56.656
56.656
55.7042
55.7042
55.7042
55.7042
55.7042
55.7042
55.7042
55.7042
54.26
54.26
54.26
54.26
54.26
54.26
54.26
54.26
52.4247
52.4247
52.4247
52.4247
52.4247
52.4247
52.4247
52.4247
50.3244
50.3244
50.3244
50.3244
50.3244
50.3244
50.3244
50.3244
48.0921
48.0921
48.0921
48.0921
48.0921
48.0921
48.0921
48.0921
45.8537
45.8537
45.8537
45.8537
45.8537
45.8537
45.8537
45.8537
43.717
43.717
43.717
43.717
43.717
43.717
43.717
43.717
41.7662
41.7662
41.7662
41.7662
41.7662
41.7662
41.7662
41.7662
40.0607
40.0607
40.0607
40.0607
40.0607
40.0607
40.0607
40.0607
38.6366
38.6366
38.6366
38.6366
38.6366
38.6366
38.6366
38.6366
37.5104
37.5104
37.5104
37.5104
37.5104
37.5104
37.5104
37.5104
36.6825
36.6825
36.6825
36.6825
36.6825
36.6825
36.6825
36.6825
36.1402
36.1402
36.1402
36.1402
36.1402
36.1402
36.1402
36.1402
35.8606
35.8606
35.8606
35.8606
35.8606
35.8606
35.8606
35.8606
35.8121
35.8121
35.8121
35.8121
35.8121
35.8121
35.8121
35.8121
56.656
56.656
56.656
56.656
56.656
56.656
56.656
56.656
55.7042
55.7042
55.7042
55.7042
55.7042
55.7042
55.7042
55.7042
54.26
54.26
54.26
54.26
54.26
54.26
54.26
54.26
52.4247
52.4247
52.4247
52.4247
52.4247
52.4247
52.4247
52.4247
50.3244
50.3244
50.3244
50.3244
50.3244
50.3244
50.3244
50.3244
48.0921
48.0921
48.0921
48.0921
48.0921
48.0921
48.0921
48.0921
45.8537
45.8537
45.8537
45.8537
45.8537
45.8537
45.8537
45.8537
43.717
43.717
43.717
43.717
43.717
43.717
43.717
43.717
41.7662
41.7662
41.7662
41.7662
41.7662
41.7662
41.7662
41.7662
40.0607
40.0607
40.0607
40.0607
40.0607
40.0607
40.0607
40.0607
38.6366
38.6366
38.6366
38.6366
38.6366
38.6366
38.6366
38.6366
37.5104
37.5104
37.5104
37.5104
37.5104
37.5104
37.5104
37.5104
36.6825
36.6825
36.6825
36.6825
36.6825
36.6825
36.6825
36.6825
36.1402
36.1402
36.1402
36.1402
36.1402
36.1402
36.1402
36.1402
35.8606
35.8606
35.8606
35.8606
35.8606
35.8606
35.8606
35.8606
35.8121
35.8121
35.8121
35.8121
35.8121
35.8121
35.8121
35.8121
56.656
56.656
56.656
56.656
56.656
56.656
56.656
56.656
55.7042
55.7042
55.7042
55.7042
55.7042
55.7042
55.7042
55.7042
54.26
54.26
54.26
54.26
54.26
54.26
54.26
54.26
52.4247
52.4247
52.4247
52.4247
52.4247
52.4247
52.4247
52.4247
50.3244
50.3244
50.3244
50.3244
50.3244
50.3244
50.3244
50.3244
48.0921
48.0921
48.0921
48.0921
48.0921
48.0921
48.0921
48.0921
45.8537
45.8537
45.8537
45.8537
45.8537
45.8537
45.8537
45.8537
43.717
43.717
43.717
43.717
43.717
43.717
43.717
43.717
41.7662
41.7662
41.7662
41.7662
41.7662
41.7662
41.7662
41.7662
40.0607
40.0607
40.0607
40.0607
40.0607
40.0607
40.0607
40.0607
38.6366
38.6366
38.6366
38.6366
38.6366
38.6366
38.6366
38.6366
37.5104
37.5104
37.5104
37.5104
37.5104
37.5104
37.5104
37.5104
36.6825
36.6825
36.6825
36.6825
36.6825
36.6825
36.6825
36.6825
36.1402
36.1402
36.1402
36.1402
36.1402
36.1402
36.1402
36.1402
35.8606
35.8606
35.8606
35.8606
35.8606
35.8606
35.8606
35.8606
35.8121
35.8121
35.8121
35.8121
35.8121
35.8121
35.8121
35.8121
57.8301
57.8301
57.8301
57.8301
57.8301
57.8301
57.8301
57.8301
57.5644
57.5644
57.5644
57.5644
57.5644
57.5644
57.5644
57.5644
56.7384
56.7384
56.7384
56.7384
56.7384
56.7384
56.7384
56.7384
55.4275
55.4275
55.4275
55.4275
55.4275
55.4275
55.4275
55.4275
53.7415
53.7415
53.7415
53.7415
53.7415
53.7415
53.7415
53.7415
51.81
51.81
51.81
51.81
51.81
51.81
51.81
51.81
49.7645
49.7645
49.7645
49.7645
49.7645
49.7645
49.7645
49.7645
47.725
47.725
47.725
47.725
47.725
47.725
47.725
47.725
45.7916
45.7916
45.7916
45.7916
45.7916
45.7916
45.7916
45.7916
44.0403
44.0403
44.0403
44.0403
44.0403
44.0403
44.0403
44.0403
42.5221
42.5221
42.5221
42.5221
42.5221
42.5221
42.5221
42.5221
41.2655
41.2655
41.2655
41.2655
41.2655
41.2655
41.2655
41.2655
40.2798
40.2798
40.2798
40.2798
40.2798
40.2798
40.2798
40.2798
39.5582
39.5582
39.5582
39.5582
39.5582
39.5582
39.5582
39.5582
39.081
39.081
39.081
39.081
39.081
39.081
39.081
39.081
38.8181
38.8181
38.8181
38.8181
38.8181
38.8181
38.8181
38.8181
57.8301
57.8301
57.8301
57.8301
57.8301
57.8301
57.8301
57.8301
57.5644
57.5644
57.5644
57.5644
57.5644
57.5644
57.5644
57.5644
56.7384
56.7384
56.7384
56.7384
56.7384
56.7384
56.7384
56.7384
55.4275
55.4275
55.4275
55.4275
55.4275
55.4275
55.4275
55.4275
53.7415
53.7415
53.7415
53.7415
53.7415
53.7415
53.7415
53.7415
51.81
51.81
51.81
51.81
51.81
51.81
51.81
51.81
49.7645
49.7645
49.7645
49.7645
49.7645
49.7645
49.7645
49.7645
47.725
47.725
47.725
47.725
47.725
47.725
47.725
47.725
45.7916
45.7916
45.7916
45.7916
45.7916
45.7916
45.7916
45.7916
44.0403
44.0403
44.0403
44.0403
44.0403
44.0403
44.0403
44.0403
42.5221
42.5221
42.5221
42.5221
42.5221
42.5221
42.5221
42.5221
41.2655
41.2655
41.2655
41.2655
41.2655
41.2655
41.2655
41.2655
40.2798
40.2798
40.2798
40.2798
40.2798
40.2798
40.2798
40.2798
39.5582
39.5582
39.5582
39.5582
39.5582
39.5582
39.5582
39.5582
39.081
39.081
39.081
39.081
39.081
39.081
39.081
39.081
38.8181
38.8181
38.8181
38.8181
38.8181
38.8181
38.8181
38.8181
57.8301
57.8301
57.8301
57.8301
57.8301
57.8301
57.8301
57.8301
57.5644
57.5644
57.5644
57.5644
57.5644
57.5644
57.5644
57.5644
56.7384
56.7384
56.7384
56.7384
56.7384
56.7384
56.7384
56.7384
55.4275
55.4275
55.4275
55.4275
55.4275
55.4275
55.4275
55.4275
53.7415
53.7415
53.7415
53.7415
53.7415
53.7415
53.7415
53.7415
51.81
51.81
51.81
51.81
51.81
51.81
51.81
51.81
49.7645
49.7645
49.7645
49.7645
49.7645
49.7645
49.7645
49.7645
47.725
47.725
47.725
47.725
47.725
47.725
47.725
47.725
45.7916
45.7916
45.7916
45.7916
45.7916
45.7916
45.7916
45.7916
44.0403
44.0403
44.0403
44.0403
44.0403
44.0403
44.0403
44.0403
42.5221
42.5221
42.5221
42.5221
42.5221
42.5221
42.5221
42.5221
41.2655
41.2655
41.2655
41.2655
41.2655
41.2655
41.2655
41.2655
40.2798
40.2798
40.2798
40.2798
40.2798
40.2798
40.2798
40.2798
39.5582
39.5582
39.5582
39.5582
39.5582
39.5582
39.5582
39.5582
39.081
39.081
39.081
39.081
39.081
39.081
39.081
39.081
38.8181
38.8181
38.8181
38.8181
38.8181
38.8181
38.8181
38.8181
57.8301
57.8301
57.8301
57.8301
57.8301
57.8301
57.8301
57.8301
57.5644
57.5644
57.5644
57.5644
57.5644
57.5644
57.5644
57.5644
56.7384
56.7384
56.7384
56.7384
56.7384
56.7384
56.7384
56.7384
55.4275
55.4275
55.4275
55.4275
55.4275
55.4275
55.4275
55.4275
53.7415
53.7415
53.7415
53.7415
53.7415
53.7415
53.7415
53.7415
51.81
51.81
51.81
51.81
51.81
51.81
51.81
51.81
49.7645
49.7645
49.7645
49.7645
49.7645
49.7645
49.7645
49.7645
47.725
47.725
47.725
47.725
47.725
47.725
47.725
47.725
45.7916
45.7916
45.7916
45.7916
45.7916
45.7916
45.7916
45.7916
44.0403
44.0403
44.0403
44.0403
44.0403
44.0403
44.0403
44.0403
42.5221
42.5221
42.5221
42.5221
42.5221
42.5221
42.5221
42.5221
41.2655
41.2655
41.2655
41.2655
41.2655
41.2655
41.2655
41.2655
40.2798
40.2798
40.2798
40.2798
40.2798
40.2798
40.2798
40.2798
39.5582
39.5582
39.5582
39.5582
39.5582
39.5582
39.5582
39.5582
39.081
39.081
39.081
39.081
39.081
39.081
39.081
39.081
38.8181
38.8181
38.8181
38.8181
38.8181
38.8181
38.8181
38.8181
59.1797
59.1797
59.1797
59.1797
59.1797
59.1797
59.1797
59.1797
59.6364
59.6364
59.6364
59.6364
59.6364
59.6364
59.6364
59.6364
59.4684
59.4684
59.4684
59.4684
59.4684
59.4684
59.4684
59.4684
58.7171
58.7171
58.7171
58.7171
58.7171
58.7171
58.7171
58.7171
57.4706
57.4706
57.4706
57.4706
57.4706
57.4706
57.4706
57.4706
55.8498
55.8498
55.8498
55.8498
55.8498
55.8498
55.8498
55.8498
53.9886
53.9886
53.9886
53.9886
53.9886
53.9886
53.9886
53.9886
52.0194
52.0194
52.0194
52.0194
52.0194
52.0194
52.0194
52.0194
50.0589
50.0589
50.0589
50.0589
50.0589
50.0589
50.0589
50.0589
48.2016
48.2016
48.2016
48.2016
48.2016
48.2016
48.2016
48.2016
46.5162
46.5162
46.5162
46.5162
46.5162
46.5162
46.5162
46.5162
45.0464
45.0464
45.0464
45.0464
45.0464
45.0464
45.0464
45.0464
43.8131
43.8131
43.8131
43.8131
43.8131
43.8131
43.8131
43.8131
42.8184
42.8184
42.8184
42.8184
42.8184
42.8184
42.8184
42.8184
42.0484
42.0484
42.0484
42.0484
42.0484
42.0484
42.0484
42.0484
41.477
41.477
41.477
41.477
41.477
41.477
41.477
41.477
59.1797
59.1797
59.1797
59.1797
59.1797
59.1797
59.1797
59.1797
59.6364
59.6364
59.6364
59.6364
59.6364
59.6364
59.6364
59.6364
59.4684
59.4684
59.4684
59.4684
59.4684
59.4684
59.4684
59.4684
58.7171
58.7171
58.7171
58.7171
58.7171
58.7171
58.7171
58.7171
57.4706
57.4706
57.4706
57.4706
57.4706
57.4706
57.4706
57.4706
55.8498
55.8498
55.8498
55.8498
55.8498
55.8498
55.8498
55.8498
53.9886
53.9886
53.9886
53.9886
53.9886
53.9886
53.9886
53.9886
52.0194
52.0194
52.0194
52.0194
52.0194
52.0194
52.0194
52.0194
50.0589
50.0589
50.0589
50.0589
50.0589
50.0589
50.0589
50.0589
48.2016
48.2016
48.2016
48.2016
48.2016
48.2016
48.2016
48.2016
46.5162
46.5162
46.5162
46.5162
46.5162
46.5162
46.5162
46.5162
45.0464
45.0464
45.0464
45.0464
45.0464
45.0464
45.0464
45.0464
43.8131
43.8131
43.8131
43.8131
43.8131
43.8131
43.8131
43.8131
42.8184
42.8184
42.8184
42.8184
42.8184
42.8184
42.8184
42.8184
42.0484
42.0484
42.0484
42.0484
42.0484
42.0484
42.0484
42.0484
41.477
41.477
41.477
41.477
41.477
41.477
41.477
41.477
59.1797
59.1797
59.1797
59.1797
59.1797
59.1797
59.1797
59.1797
59.6364
59.6364
59.6364
59.6364
59.6364
59.6364
59.6364
59.6364
59.4684
59.4684
59.4684
59.4684
59.4684
59.4684
59.4684
59.4684
58.7171
58.7171
58.7171
58.7171
58.7171
58.7171
58.7171
58.7171
57.4706
57.4706
57.4706
57.4706
57.4706
57.4706
57.4706
57.4706
55.8498
55.8498
55.8498
55.8498
55.8498
55.8498
55.8498
55.8498
53.9886
53.9886
53.9886
53.9886
53.9886
53.9886
53.9886
53.9886
52.0194
52.0194
52.0194
52.0194
52.0194
52.0194
52.0194
52.0194
50.0589
50.0589
50.0589
50.0589
50.0589
50.0589
50.0589
50.0589
48.2016
48.2016
48.2016
48.2016
48.2016
48.2016
48.2016
48.2016
46.5162
46.5162
46.5162
46.5162
46.5162
46.5162
46.5162
46.5162
45.0464
45.0464
45.0464
45.0464
45.0464
45.0464
45.0464
45.0464
43.8131
43.8131
43.8131
43.8131
43.8131
43.8131
43.8131
43.8131
42.8184
42.8184
42.8184
42.8184
42.8184
42.8184
42.8184
42.8184
42.0484
42.0484
42.0484
42.0484
42.0484
42.0484
42.0484
42.0484
41.477
41.477
41.477
41.477
41.477
41.477
41.477
41.477
59.1797
59.1797
59.1797
59.1797
59.1797
59.1797
59.1797
59.1797
59.6364
59.6364
59.6364
59.6364
59.6364
59.6364
59.6364
59.6364
59.4684
59.4684
59.4684
59.4684
59.4684
59.4684
59.4684
59.4684
58.7171
58.7171
58.7171
58.7171
58.7171
58.7171
58.7171
58.7171
57.4706
57.4706
57.4706
57.4706
57.4706
57.4706
57.4706
57.4706
55.8498
55.8498
55.8498
55.8498
55.8498
55.8498
55.8498
55.8498
53.9886
53.9886
53.9886
53.9886
53.9886
53.9886
53.9886
53.9886
52.0194
52.0194
52.0194
52.0194
52.0194
52.0194
52.0194
52.0194
50.0589
50.0589
50.0589
50.0589
50.0589
50.0589
50.0589
50.0589
48.2016
48.2016
48.2016
48.2016
48.2016
48.2016
48.2016
48.2016
46.5162
46.5162
46.5162
46.5162
46.5162
46.5162
46.5162
46.5162
45.0464
45.0464
45.0464
45.0464
45.0464
45.0464
45.0464
45.0464
43.8131
43.8131
43.8131
43.8131
43.8131
43.8131
43.8131
43.8131
42.8184
42.8184
42.8184
42.8184
42.8184
42.8184
42.8184
42.8184
42.0484
42.0484
42.0484
42.0484
42.0484
42.0484
42.0484
42.0484
41.477
41.477
41.477
41.477
41.477
41.477
41.477
41.477
60.5564
60.5564
60.5564
60.5564
60.5564
60.5564
60.5564
60.5564
61.7573
61.7573
61.7573
61.7573
61.7573
61.7573
61.7573
61.7573
62.2749
62.2749
62.2749
62.2749
62.2749
62.2749
62.2749
62.2749
62.1105
62.1105
62.1105
62.1105
62.1105
62.1105
62.1105
62.1105
61.3231
61.3231
61.3231
61.3231
61.3231
61.3231
61.3231
61.3231
60.0192
60.0192
60.0192
60.0192
60.0192
60.0192
60.0192
60.0192
58.3316
58.3316
58.3316
58.3316
58.3316
58.3316
58.3316
58.3316
56.403
56.403
56.403
56.403
56.403
56.403
56.403
56.403
54.3677
54.3677
54.3677
54.3677
54.3677
54.3677
54.3677
54.3677
52.3414
52.3414
52.3414
52.3414
52.3414
52.3414
52.3414
52.3414
50.4136
50.4136
50.4136
50.4136
50.4136
50.4136
50.4136
50.4136
48.6471
48.6471
48.6471
48.6471
48.6471
48.6471
48.6471
48.6471
47.0785
47.0785
47.0785
47.0785
47.0785
47.0785
47.0785
47.0785
45.722
45.722
45.722
45.722
45.722
45.722
45.722
45.722
44.5731
44.5731
44.5731
44.5731
44.5731
44.5731
44.5731
44.5731
43.6127
43.6127
43.6127
43.6127
43.6127
43.6127
43.6127
43.6127
60.5564
60.5564
60.5564
60.5564
60.5564
60.5564
60.5564
60.5564
61.7573
61.7573
61.7573
61.7573
61.7573
61.7573
61.7573
61.7573
62.2749
62.2749
62.2749
62.2749
62.2749
62.2749
62.2749
62.2749
62.1105
62.1105
62.1105
62.1105
62.1105
62.1105
62.1105
62.1105
61.3231
61.3231
61.3231
61.3231
61.3231
61.3231
61.3231
61.3231
60.0192
60.0192
60.0192
60.0192
60.0192
60.0192
60.0192
60.0192
58.3316
58.3316
58.3316
58.3316
58.3316
58.3316
58.3316
58.3316
56.403
56.403
56.403
56.403
56.403
56.403
56.403
56.403
54.3677
54.3677
54.3677
54.3677
54.3677
54.3677
54.3677
54.3677
52.3414
52.3414
52.3414
52.3414
52.3414
52.3414
52.3414
52.3414
50.4136
50.4136
50.4136
50.4136
50.4136
50.4136
50.4136
50.4136
48.6471
48.6471
48.6471
48.6471
48.6471
48.6471
48.6471
48.6471
47.0785
47.0785
47.0785
47.0785
47.0785
47.0785
47.0785
47.0785
45.722
45.722
45.722
45.722
45.722
45.722
45.722
45.722
44.5731
44.5731
44.5731
44.5731
44.5731
44.5731
44.5731
44.5731
43.6127
43.6127
43.6127
43.6127
43.6127
43.6127
43.6127
43.6127
60.5564
60.5564
60.5564
60.5564
60.5564
60.5564
60.5564
60.5564
61.7573
61.7573
61.7573
61.7573
61.7573
61.7573
61.7573
61.7573
62.2749
62.2749
62.2749
62.2749
62.2749
62.2749
62.2749
62.2749
62.1105
62.1105
62.1105
62.1105
62.1105
62.1105
62.1105
62.1105
61.3231
61.3231
61.3231
61.3231
61.3231
61.3231
61.3231
61.3231
60.0192
60.0192
60.0192
60.0192
60.0192
60.0192
60.0192
60.0192
58.3316
58.3316
58.3316
58.3316
58.3316
58.3316
58.3316
58.3316
56.403
56.403
56.403
56.403
56.403
56.403
56.403
56.403
54.3677
54.3677
54.3677
54.3677
54.3677
54.3677
54.3677
54.3677
52.3414
52.3414
52.3414
52.3414
52.3414
52.3414
52.3414
52.3414
50.4136
50.4136
50.4136
50.4136
50.4136
50.4136
50.4136
50.4136
48.6471
48.6471
48.6471
48.6471
48.6471
48.6471
48.6471
48.6471
47.0785
47.0785
47.0785
47.0785
47.0785
47.0785
47.0785
47.0785
45.722
45.722
45.722
45.722
45.722
45.722
45.722
45.722
44.5731
44.5731
44.5731
44.5731
44.5731
44.5731
44.5731
44.5731
43.6127
43.6127
43.6127
43.6127
43.6127
43.6127
43.6127
43.6127
60.5564
60.5564
60.5564
60.5564
60.5564
60.5564
60.5564
60.5564
61.7573
61.7573
61.7573
61.7573
61.7573
61.7573
61.7573
61.7573
62.2749
62.2749
62.2749
62.2749
62.2749
62.2749
62.2749
62.2749
62.1105
62.1105
62.1105
62.1105
62.1105
62.1105
62.1105
62.1105
61.3231
61.3231
61.3231
61.3231
61.3231
61.3231
61.3231
61.3231
60.0192
60.0192
60.0192
60.0192
60.0192
60.0192
60.0192
60.0192
58.3316
58.3316
58.3316
58.3316
58.3316
58.3316
58.3316
58.3316
56.403
56.403
56.403
56.403
56.403
56.403
56.403
56.403
54.3677
54.3677
54.3677
54.3677
54.3677
54.3677
54.3677
54.3677
52.3414
52.3414
52.3414
52.3414
52.3414
52.3414
52.3414
52.3414
50.4136
50.4136
50.4136
50.4136
50.4136
50.4136
50.4136
50.4136
48.6471
48.6471
48.6471
48.6471
48.6471
48.6471
48.6471
48.6471
47.0785
47.0785
47.0785
47.0785
47.0785
47.0785
47.0785
47.0785
45.722
45.722
45.722
45.722
45.722
45.722
45.722
45.722
44.5731
44.5731
44.5731
44.5731
44.5731
44.5731
44.5731
44.5731
43.6127
43.6127
43.6127
43.6127
43.6127
43.6127
43.6127
43.6127
61.8392
61.8392
61.8392
61.8392
61.8392
61.8392
61.8392
61.8392
63.7815
63.7815
63.7815
63.7815
63.7815
63.7815
63.7815
63.7815
64.9916
64.9916
64.9916
64.9916
64.9916
64.9916
64.9916
64.9916
65.4243
65.4243
65.4243
65.4243
65.4243
65.4243
65.4243
65.4243
65.1029
65.1029
65.1029
65.1029
65.1029
65.1029
65.1029
65.1029
64.1123
64.1123
64.1123
64.1123
64.1123
64.1123
64.1123
64.1123
62.581
62.581
62.581
62.581
62.581
62.581
62.581
62.581
60.6598
60.6598
60.6598
60.6598
60.6598
60.6598
60.6598
60.6598
58.5016
58.5016
58.5016
58.5016
58.5016
58.5016
58.5016
58.5016
56.2455
56.2455
56.2455
56.2455
56.2455
56.2455
56.2455
56.2455
54.0063
54.0063
54.0063
54.0063
54.0063
54.0063
54.0063
54.0063
51.8693
51.8693
51.8693
51.8693
51.8693
51.8693
51.8693
51.8693
49.8915
49.8915
49.8915
49.8915
49.8915
49.8915
49.8915
49.8915
48.103
48.103
48.103
48.103
48.103
48.103
48.103
48.103
46.5118
46.5118
46.5118
46.5118
46.5118
46.5118
46.5118
46.5118
45.1087
45.1087
45.1087
45.1087
45.1087
45.1087
45.1087
45.1087
61.8392
61.8392
61.8392
61.8392
61.8392
61.8392
61.8392
61.8392
63.7815
63.7815
63.7815
63.7815
63.7815
63.7815
63.7815
63.7815
64.9916
64.9916
64.9916
64.9916
64.9916
64.9916
64.9916
64.9916
65.4243
65.4243
65.4243
65.4243
65.4243
65.4243
65.4243
65.4243
65.1029
65.1029
65.1029
65.1029
65.1029
65.1029
65.1029
65.1029
64.1123
64.1123
64.1123
64.1123
64.1123
64.1123
64.1123
64.1123
62.581
62.581
62.581
62.581
62.581
62.581
62.581
62.581
60.6598
60.6598
60.6598
60.6598
60.6598
60.6598
60.6598
60.6598
58.5016
58.5016
58.5016
58.5016
58.5016
58.5016
58.5016
58.5016
56.2455
56.2455
56.2455
56.2455
56.2455
56.2455
56.2455
56.2455
54.0063
54.0063
54.0063
54.0063
54.0063
54.0063
54.0063
54.0063
51.8693
51.8693
51.8693
51.8693
51.8693
51.8693
51.8693
51.8693
49.8915
49.8915
49.8915
49.8915
49.8915
49.8915
49.8915
49.8915
48.103
48.103
48.103
48.103
48.103
48.103
48.103
48.103
46.5118
46.5118
46.5118
46.5118
46.5118
46.5118
46.5118
46.5118
45.1087
45.1087
45.1087
45.1087
45.1087
45.1087
45.1087
45.1087
61.8392
61.8392
61.8392
61.8392
61.8392
61.8392
61.8392
61.8392
63.7815
63.7815
63.7815
63.7815
63.7815
63.7815
63.7815
63.7815
64.9916
64.9916
64.9916
64.9916
64.9916
64.9916
64.9916
64.9916
65.4243
65.4243
65.4243
65.4243
65.4243
65.4243
65.4243
65.4243
65.1029
65.1029
65.1029
65.1029
65.1029
65.1029
65.1029
65.1029
64.1123
64.1123
64.1123
64.1123
64.1123
64.1123
64.1123
64.1123
62.581
62.581
62.581
62.581
62.581
62.581
62.581
62.581
60.6598
60.6598
60.6598
60.6598
60.6598
60.6598
60.6598
60.6598
58.5016
58.5016
58.5016
58.5016
58.5016
58.5016
58.5016
58.5016
56.2455
56.2455
56.2455
56.2455
56.2455
56.2455
56.2455
56.2455
54.0063
54.0063
54.0063
54.0063
54.0063
54.0063
54.0063
54.0063
51.8693
51.8693
51.8693
51.8693
51.8693
51.8693
51.8693
51.8693
49.8915
49.8915
49.8915
49.8915
49.8915
49.8915
49.8915
49.8915
48.103
48.103
48.103
48.103
48.103
48.103
48.103
48.103
46.5118
46.5118
46.5118
46.5118
46.5118
46.5118
46.5118
46.5118
45.1087
45.1087
45.1087
45.1087
45.1087
45.1087
45.1087
45.1087
61.8392
61.8392
61.8392
61.8392
61.8392
61.8392
61.8392
61.8392
63.7815
63.7815
63.7815
63.7815
63.7815
63.7815
63.7815
63.7815
64.9916
64.9916
64.9916
64.9916
64.9916
64.9916
64.9916
64.9916
65.4243
65.4243
65.4243
65.4243
65.4243
65.4243
65.4243
65.4243
65.1029
65.1029
65.1029
65.1029
65.1029
65.1029
65.1029
65.1029
64.1123
64.1123
64.1123
64.1123
64.1123
64.1123
64.1123
64.1123
62.581
62.581
62.581
62.581
62.581
62.581
62.581
62.581
60.6598
60.6598
60.6598
60.6598
60.6598
60.6598
60.6598
60.6598
58.5016
58.5016
58.5016
58.5016
58.5016
58.5016
58.5016
58.5016
56.2455
56.2455
56.2455
56.2455
56.2455
56.2455
56.2455
56.2455
54.0063
54.0063
54.0063
54.0063
54.0063
54.0063
54.0063
54.0063
51.8693
51.8693
51.8693
51.8693
51.8693
51.8693
51.8693
51.8693
49.8915
49.8915
49.8915
49.8915
49.8915
49.8915
49.8915
49.8915
48.103
48.103
48.103
48.103
48.103
48.103
48.103
48.103
46.5118
46.5118
46.5118
46.5118
46.5118
46.5118
46.5118
46.5118
45.1087
45.1087
45.1087
45.1087
45.1087
45.1087
45.1087
45.1087
62.9429
62.9429
62.9429
62.9429
62.9429
62.9429
62.9429
62.9429
65.5955
65.5955
65.5955
65.5955
65.5955
65.5955
65.5955
65.5955
67.478
67.478
67.478
67.478
67.478
67.478
67.478
67.478
68.4938
68.4938
68.4938
68.4938
68.4938
68.4938
68.4938
68.4938
68.6256
68.6256
68.6256
68.6256
68.6256
68.6256
68.6256
68.6256
67.9313
67.9313
67.9313
67.9313
67.9313
67.9313
67.9313
67.9313
66.531
66.531
66.531
66.531
66.531
66.531
66.531
66.531
64.5818
64.5818
64.5818
64.5818
64.5818
64.5818
64.5818
64.5818
62.2559
62.2559
62.2559
62.2559
62.2559
62.2559
62.2559
62.2559
59.7188
59.7188
59.7188
59.7188
59.7188
59.7188
59.7188
59.7188
57.1134
57.1134
57.1134
57.1134
57.1134
57.1134
57.1134
57.1134
54.5527
54.5527
54.5527
54.5527
54.5527
54.5527
54.5527
54.5527
52.1168
52.1168
52.1168
52.1168
52.1168
52.1168
52.1168
52.1168
49.8555
49.8555
49.8555
49.8555
49.8555
49.8555
49.8555
49.8555
47.792
47.792
47.792
47.792
47.792
47.792
47.792
47.792
45.9284
45.9284
45.9284
45.9284
45.9284
45.9284
45.9284
45.9284
62.9429
62.9429
62.9429
62.9429
62.9429
62.9429
62.9429
62.9429
65.5955
65.5955
65.5955
65.5955
65.5955
65.5955
65.5955
65.5955
67.478
67.478
67.478
67.478
67.478
67.478
67.478
67.478
68.4938
68.4938
68.4938
68.4938
68.4938
68.4938
68.4938
68.4938
68.6256
68.6256
68.6256
68.6256
68.6256
68.6256
68.6256
68.6256
67.9313
67.9313
67.9313
67.9313
67.9313
67.9313
67.9313
67.9313
66.531
66.531
66.531
66.531
66.531
66.531
66.531
66.531
64.5818
64.5818
64.5818
64.5818
64.5818
64.5818
64.5818
64.5818
62.2559
62.2559
62.2559
62.2559
62.2559
62.2559
62.2559
62.2559
59.7188
59.7188
59.7188
59.7188
59.7188
59.7188
59.7188
59.7188
57.1134
57.1134
57.1134
57.1134
57.1134
57.1134
57.1134
57.1134
54.5527
54.5527
54.5527
54.5527
54.5527
54.5527
54.5527
54.5527
52.1168
52.1168
52.1168
52.1168
52.1168
52.1168
52.1168
52.1168
49.8555
49.8555
49.8555
49.8555
49.8555
49.8555
49.8555
49.8555
47.792
47.792
47.792
47.792
47.792
47.792
47.792
47.792
45.9284
45.9284
45.9284
45.9284
45.9284
45.9284
45.9284
45.9284
62.9429
62.9429
62.9429
62.9429
62.9429
62.9429
62.9429
62.9429
65.5955
65.5955
65.5955
65.5955
65.5955
65.5955
65.5955
65.5955
67.478
67.478
67.478
67.478
67.478
67.478
67.478
67.478
68.4938
68.4938
68.4938
68.4938
68.4938
68.4938
68.4938
68.4938
68.6256
68.6256
68.6256
68.6256
68.6256
68.6256
68.6256
68.6256
67.9313
67.9313
67.9313
67.9313
67.9313
67.9313
67.9313
67.9313
66.531
66.531
66.531
66.531
66.531
66.531
66.531
66.531
64.5818
64.5818
64.5818
64.5818
64.5818
64.5818
64.5818
64.5818
62.2559
62.2559
62.2559
62.2559
62.2559
62.2559
62.2559
62.2559
59.7188
59.7188
59.7188
59.7188
59.7188
59.7188
59.7188
59.7188
57.1134
57.1134
57.1134
57.1134
57.1134
57.1134
57.1134
57.1134
54.5527
54.5527
54.5527
54.5527
54.5527
54.5527
54.5527
54.5527
52.1168
52.1168
52.1168
52.1168
52.1168
52.1168
52.1168
52.1168
49.8555
49.8555
49.8555
49.8555
49.8555
49.8555
49.8555
49.8555
47.792
47.792
47.792
47.792
47.792
47.792
47.792
47.792
45.9284
45.9284
45.9284
45.9284
45.9284
45.9284
45.9284
45.9284
62.9429
62.9429
62.9429
62.9429
62.9429
62.9429
62.9429
62.9429
65.5955
65.5955
65.5955
65.5955
65.5955
65.5955
65.5955
65.5955
67.478
67.478
67.478
67.478
67.478
67.478
67.478
67.478
68.4938
68.4938
68.4938
68.4938
68.4938
68.4938
68.4938
68.4938
68.6256
68.6256
68.6256
68.6256
68.6256
68.6256
68.6256
68.6256
67.9313
67.9313
67.9313
67.9313
67.9313
67.9313
67.9313
67.9313
66.531
66.531
66.531
66.531
66.531
66.531
66.531
66.531
64.5818
64.5818
64.5818
64.5818
64.5818
64.5818
64.5818
64.5818
62.2559
62.2559
62.2559
62.2559
62.2559
62.2559
62.2559
62.2559
59.7188
59.7188
59.7188
59.7188
59.7188
59.7188
59.7188
59.7188
57.1134
57.1134
57.1134
57.1134
57.1134
57.1134
57.1134
57.1134
54.5527
54.5527
54.5527
54.5527
54.5527
54.5527
54.5527
54.5527
52.1168
52.1168
52.1168
52.1168
52.1168
52.1168
52.1168
52.1168
49.8555
49.8555
49.8555
49.8555
49.8555
49.8555
49.8555
49.8555
47.792
47.792
47.792
47.792
47.792
47.792
47.792
47.792
45.9284
45.9284
45.9284
45.9284
45.9284
45.9284
45.9284
45.9284
63.8273
63.8273
63.8273
63.8273
63.8273
63.8273
63.8273
63.8273
67.1298
67.1298
67.1298
67.1298
67.1298
67.1298
67.1298
67.1298
69.6351
69.6351
69.6351
69.6351
69.6351
69.6351
69.6351
69.6351
71.1935
71.1935
71.1935
71.1935
71.1935
71.1935
71.1935
71.1935
71.7429
71.7429
71.7429
71.7429
71.7429
71.7429
71.7429
71.7429
71.312
71.312
71.312
71.312
71.312
71.312
71.312
71.312
70.0083
70.0083
70.0083
70.0083
70.0083
70.0083
70.0083
70.0083
67.9956
67.9956
67.9956
67.9956
67.9956
67.9956
67.9956
67.9956
65.4656
65.4656
65.4656
65.4656
65.4656
65.4656
65.4656
65.4656
62.6114
62.6114
62.6114
62.6114
62.6114
62.6114
62.6114
62.6114
59.6077
59.6077
59.6077
59.6077
59.6077
59.6077
59.6077
59.6077
56.598
56.598
56.598
56.598
56.598
56.598
56.598
56.598
53.6884
53.6884
53.6884
53.6884
53.6884
53.6884
53.6884
53.6884
50.9502
50.9502
50.9502
50.9502
50.9502
50.9502
50.9502
50.9502
48.422
48.422
48.422
48.422
48.422
48.422
48.422
48.422
46.1181
46.1181
46.1181
46.1181
46.1181
46.1181
46.1181
46.1181
63.8273
63.8273
63.8273
63.8273
63.8273
63.8273
63.8273
63.8273
67.1298
67.1298
67.1298
67.1298
67.1298
67.1298
67.1298
67.1298
69.6351
69.6351
69.6351
69.6351
69.6351
69.6351
69.6351
69.6351
71.1935
71.1935
71.1935
71.1935
71.1935
71.1935
71.1935
71.1935
71.7429
71.7429
71.7429
71.7429
71.7429
71.7429
71.7429
71.7429
71.312
71.312
71.312
71.312
71.312
71.312
71.312
71.312
70.0083
70.0083
70.0083
70.0083
70.0083
70.0083
70.0083
70.0083
67.9956
67.9956
67.9956
67.9956
67.9956
67.9956
67.9956
67.9956
65.4656
65.4656
65.4656
65.4656
65.4656
65.4656
65.4656
65.4656
62.6114
62.6114
62.6114
62.6114
62.6114
62.6114
62.6114
62.6114
59.6077
59.6077
59.6077
59.6077
59.6077
59.6077
59.6077
59.6077
56.598
56.598
56.598
56.598
56.598
56.598
56.598
56.598
53.6884
53.6884
53.6884
53.6884
53.6884
53.6884
53.6884
53.6884
50.9502
50.9502
50.9502
50.9502
50.9502
50.9502
50.9502
50.9502
48.422
48.422
48.422
48.422
48.422
48.422
48.422
48.422
46.1181
46.1181
46.1181
46.1181
46.1181
46.1181
46.1181
46.1181
63.8273
63.8273
63.8273
63.8273
63.8273
63.8273
63.8273
63.8273
67.1298
67.1298
67.1298
67.1298
67.1298
67.1298
67.1298
67.1298
69.6351
69.6351
69.6351
69.6351
69.6351
69.6351
69.6351
69.6351
71.1935
71.1935
71.1935
71.1935
71.1935
71.1935
71.1935
71.1935
71.7429
71.7429
71.7429
71.7429
71.7429
71.7429
71.7429
71.7429
71.312
71.312
71.312
71.312
71.312
71.312
71.312
71.312
70.0083
70.0083
70.0083
70.0083
70.0083
70.0083
70.0083
70.0083
67.9956
67.9956
67.9956
67.9956
67.9956
67.9956
67.9956
67.9956
65.4656
65.4656
65.4656
65.4656
65.4656
65.4656
65.4656
65.4656
62.6114
62.6114
62.6114
62.6114
62.6114
62.6114
62.6114
62.6114
59.6077
59.6077
59.6077
59.6077
59.6077
59.6077
59.6077
59.6077
56.598
56.598
56.598
56.598
56.598
56.598
56.598
56.598
53.6884
53.6884
53.6884
53.6884
53.6884
53.6884
53.6884
53.6884
50.9502
50.9502
50.9502
50.9502
50.9502
50.9502
50.9502
50.9502
48.422
48.422
48.422
48.422
48.422
48.422
48.422
48.422
46.1181
46.1181
46.1181
46.1181
46.1181
46.1181
46.1181
46.1181
63.8273
63.8273
63.8273
63.8273
63.8273
63.8273
63.8273
63.8273
67.1298
67.1298
67.1298
67.1298
67.1298
67.1298
67.1298
67.1298
69.6351
69.6351
69.6351
69.6351
69.6351
69.6351
69.6351
69.6351
71.1935
71.1935
71.1935
71.1935
71.1935
71.1935
71.1935
71.1935
71.7429
71.7429
71.7429
71.7429
71.7429
71.7429
71.7429
71.7429
71.312
71.312
71.312
71.312
71.312
71.312
71.312
71.312
70.0083
70.0083
70.0083
70.0083
70.0083
70.0083
70.0083
70.0083
67.9956
67.9956
67.9956
67.9956
67.9956
67.9956
67.9956
67.9956
65.4656
65.4656
65.4656
65.4656
65.4656
65.4656
65.4656
65.4656
62.6114
62.6114
62.6114
62.6114
62.6114
62.6114
62.6114
62.6114
59.6077
59.6077
59.6077
59.6077
59.6077
59.6077
59.6077
59.6077
56.598
56.598
56.598
56.598
56.598
56.598
56.598
56.598
53.6884
53.6884
53.6884
53.6884
53.6884
53.6884
53.6884
53.6884
50.9502
50.9502
50.9502
50.9502
50.9502
50.9502
50.9502
50.9502
48.422
48.422
48.422
48.422
48.422
48.422
48.422
48.422
46.1181
46.1181
46.1181
46.1181
46.1181
46.1181
46.1181
46.1181
64.4977
64.4977
64.4977
64.4977
64.4977
64.4977
64.4977
64.4977
68.365
68.365
68.365
68.365
68.365
68.365
68.365
68.365
71.4157
71.4157
71.4157
71.4157
71.4157
71.4157
71.4157
71.4157
73.4494
73.4494
73.4494
73.4494
73.4494
73.4494
73.4494
73.4494
74.3596
74.3596
74.3596
74.3596
74.3596
74.3596
74.3596
74.3596
74.1438
74.1438
74.1438
74.1438
74.1438
74.1438
74.1438
74.1438
72.8963
72.8963
72.8963
72.8963
72.8963
72.8963
72.8963
72.8963
70.7869
70.7869
70.7869
70.7869
70.7869
70.7869
70.7869
70.7869
68.0272
68.0272
68.0272
68.0272
68.0272
68.0272
68.0272
68.0272
64.84
64.84
64.84
64.84
64.84
64.84
64.84
64.84
61.4332
61.4332
61.4332
61.4332
61.4332
61.4332
61.4332
61.4332
57.9807
57.9807
57.9807
57.9807
57.9807
57.9807
57.9807
57.9807
54.6165
54.6165
54.6165
54.6165
54.6165
54.6165
54.6165
54.6165
51.4327
51.4327
51.4327
51.4327
51.4327
51.4327
51.4327
51.4327
48.4833
48.4833
48.4833
48.4833
48.4833
48.4833
48.4833
48.4833
45.7925
45.7925
45.7925
45.7925
45.7925
45.7925
45.7925
45.7925
64.4977
64.4977
64.4977
64.4977
64.4977
64.4977
64.4977
64.4977
68.365
68.365
68.365
68.365
68.365
68.365
68.365
68.365
71.4157
71.4157
71.4157
71.4157
71.4157
71.4157
71.4157
71.4157
73.4494
73.4494
73.4494
73.4494
73.4494
73.4494
73.4494
73.4494
74.3596
74.3596
74.3596
74.3596
74.3596
74.3596
74.3596
74.3596
74.1438
74.1438
74.1438
74.1438
74.1438
74.1438
74.1438
74.1438
72.8963
72.8963
72.8963
72.8963
72.8963
72.8963
72.8963
72.8963
70.7869
70.7869
70.7869
70.7869
70.7869
70.7869
70.7869
70.7869
68.0272
68.0272
68.0272
68.0272
68.0272
68.0272
68.0272
68.0272
64.84
64.84
64.84
64.84
64.84
64.84
64.84
64.84
61.4332
61.4332
61.4332
61.4332
61.4332
61.4332
61.4332
61.4332
57.9807
57.9807
57.9807
57.9807
57.9807
57.9807
57.9807
57.9807
54.6165
54.6165
54.6165
54.6165
54.6165
54.6165
54.6165
54.6165
51.4327
51.4327
51.4327
51.4327
51.4327
51.4327
51.4327
51.4327
48.4833
48.4833
48.4833
48.4833
48.4833
48.4833
48.4833
48.4833
45.7925
45.7925
45.7925
45.7925
45.7925
45.7925
45.7925
45.7925
64.4977
64.4977
64.4977
64.4977
64.4977
64.4977
64.4977
64.4977
68.365
68.365
68.365
68.365
68.365
68.365
68.365
68.365
71.4157
71.4157
71.4157
71.4157
71.4157
71.4157
71.4157
71.4157
73.4494
73.4494
73.4494
73.4494
73.4494
73.4494
73.4494
73.4494
74.3596
74.3596
74.3596
74.3596
74.3596
74.3596
74.3596
74.3596
74.1438
74.1438
74.1438
74.1438
74.1438
74.1438
74.1438
74.1438
72.8963
72.8963
72.8963
72.8963
72.8963
72.8963
72.8963
72.8963
70.7869
70.7869
70.7869
70.7869
70.7869
70.7869
70.7869
70.7869
68.0272
68.0272
68.0272
68.0272
68.0272
68.0272
68.0272
68.0272
64.84
64.84
64.84
64.84
64.84
64.84
64.84
64.84
61.4332
61.4332
61.4332
61.4332
61.4332
61.4332
61.4332
61.4332
57.9807
57.9807
57.9807
57.9807
57.9807
57.9807
57.9807
57.9807
54.6165
54.6165
54.6165
54.6165
54.6165
54.6165
54.6165
54.6165
51.4327
51.4327
51.4327
51.4327
51.4327
51.4327
51.4327
51.4327
48.4833
48.4833
48.4833
48.4833
48.4833
48.4833
48.4833
48.4833
45.7925
45.7925
45.7925
45.7925
45.7925
45.7925
45.7925
45.7925
64.4977
64.4977
64.4977
64.4977
64.4977
64.4977
64.4977
64.4977
68.365
68.365
68.365
68.365
68.365
68.365
68.365
68.365
71.4157
71.4157
71.4157
71.4157
71.4157
71.4157
71.4157
71.4157
73.4494
73.4494
73.4494
73.4494
73.4494
73.4494
73.4494
73.4494
74.3596
74.3596
74.3596
74.3596
74.3596
74.3596
74.3596
74.3596
74.1438
74.1438
74.1438
74.1438
74.1438
74.1438
74.1438
74.1438
72.8963
72.8963
72.8963
72.8963
72.8963
72.8963
72.8963
72.8963
70.7869
70.7869
70.7869
70.7869
70.7869
70.7869
70.7869
70.7869
68.0272
68.0272
68.0272
68.0272
68.0272
68.0272
68.0272
68.0272
64.84
64.84
64.84
64.84
64.84
64.84
64.84
64.84
61.4332
61.4332
61.4332
61.4332
61.4332
61.4332
61.4332
61.4332
57.9807
57.9807
57.9807
57.9807
57.9807
57.9807
57.9807
57.9807
54.6165
54.6165
54.6165
54.6165
54.6165
54.6165
54.6165
54.6165
51.4327
51.4327
51.4327
51.4327
51.4327
51.4327
51.4327
51.4327
48.4833
48.4833
48.4833
48.4833
48.4833
48.4833
48.4833
48.4833
45.7925
45.7925
45.7925
45.7925
45.7925
45.7925
45.7925
45.7925
65.0028
65.0028
65.0028
65.0028
65.0028
65.0028
65.0028
65.0028
69.3309
69.3309
69.3309
69.3309
69.3309
69.3309
69.3309
69.3309
72.8289
72.8289
72.8289
72.8289
72.8289
72.8289
72.8289
72.8289
75.2499
75.2499
75.2499
75.2499
75.2499
75.2499
75.2499
75.2499
76.4449
76.4449
76.4449
76.4449
76.4449
76.4449
76.4449
76.4449
76.3831
76.3831
76.3831
76.3831
76.3831
76.3831
76.3831
76.3831
75.1471
75.1471
75.1471
75.1471
75.1471
75.1471
75.1471
75.1471
72.912
72.912
72.912
72.912
72.912
72.912
72.912
72.912
69.9108
69.9108
69.9108
69.9108
69.9108
69.9108
69.9108
69.9108
66.3955
66.3955
66.3955
66.3955
66.3955
66.3955
66.3955
66.3955
62.606
62.606
62.606
62.606
62.606
62.606
62.606
62.606
58.7474
58.7474
58.7474
58.7474
58.7474
58.7474
58.7474
58.7474
54.9784
54.9784
54.9784
54.9784
54.9784
54.9784
54.9784
54.9784
51.4103
51.4103
51.4103
51.4103
51.4103
51.4103
51.4103
51.4103
48.1101
48.1101
48.1101
48.1101
48.1101
48.1101
48.1101
48.1101
45.1089
45.1089
45.1089
45.1089
45.1089
45.1089
45.1089
45.1089
65.0028
65.0028
65.0028
65.0028
65.0028
65.0028
65.0028
65.0028
69.3309
69.3309
69.3309
69.3309
69.3309
69.3309
69.3309
69.3309
72.8289
72.8289
72.8289
72.8289
72.8289
72.8289
72.8289
72.8289
75.2499
75.2499
75.2499
75.2499
75.2499
75.2499
75.2499
75.2499
76.4449
76.4449
76.4449
76.4449
76.4449
76.4449
76.4449
76.4449
76.3831
76.3831
76.3831
76.3831
76.3831
76.3831
76.3831
76.3831
75.1471
75.1471
75.1471
75.1471
75.1471
75.1471
75.1471
75.1471
72.912
72.912
72.912
72.912
72.912
72.912
72.912
72.912
69.9108
69.9108
69.9108
69.9108
69.9108
69.9108
69.9108
69.9108
66.3955
66.3955
66.3955
66.3955
66.3955
66.3955
66.3955
66.3955
62.606
62.606
62.606
62.606
62.606
62.606
62.606
62.606
58.7474
58.7474
58.7474
58.7474
58.7474
58.7474
58.7474
58.7474
54.9784
54.9784
54.9784
54.9784
54.9784
54.9784
54.9784
54.9784
51.4103
51.4103
51.4103
51.4103
51.4103
51.4103
51.4103
51.4103
48.1101
48.1101
48.1101
48.1101
48.1101
48.1101
48.1101
48.1101
45.1089
45.1089
45.1089
45.1089
45.1089
45.1089
45.1089
45.1089
65.0028
65.0028
65.0028
65.0028
65.0028
65.0028
65.0028
65.0028
69.3309
69.3309
69.3309
69.3309
69.3309
69.3309
69.3309
69.3309
72.8289
72.8289
72.8289
72.8289
72.8289
72.8289
72.8289
72.8289
75.2499
75.2499
75.2499
75.2499
75.2499
75.2499
75.2499
75.2499
76.4449
76.4449
76.4449
76.4449
76.4449
76.4449
76.4449
76.4449
76.3831
76.3831
76.3831
76.3831
76.3831
76.3831
76.3831
76.3831
75.1471
75.1471
75.1471
75.1471
75.1471
75.1471
75.1471
75.1471
72.912
72.912
72.912
72.912
72.912
72.912
72.912
72.912
69.9108
69.9108
69.9108
69.9108
69.9108
69.9108
69.9108
69.9108
66.3955
66.3955
66.3955
66.3955
66.3955
66.3955
66.3955
66.3955
62.606
62.606
62.606
62.606
62.606
62.606
62.606
62.606
58.7474
58.7474
58.7474
58.7474
58.7474
58.7474
58.7474
58.7474
54.9784
54.9784
54.9784
54.9784
54.9784
54.9784
54.9784
54.9784
51.4103
51.4103
51.4103
51.4103
51.4103
51.4103
51.4103
51.4103
48.1101
48.1101
48.1101
48.1101
48.1101
48.1101
48.1101
48.1101
45.1089
45.1089
45.1089
45.1089
45.1089
45.1089
45.1089
45.1089
65.0028
65.0028
65.0028
65.0028
65.0028
65.0028
65.0028
65.0028
69.3309
69.3309
69.3309
69.3309
69.3309
69.3309
69.3309
69.3309
72.8289
72.8289
72.8289
72.8289
72.8289
72.8289
72.8289
72.8289
75.2499
75.2499
75.2499
75.2499
75.2499
75.2499
75.2499
75.2499
76.4449
76.4449
76.4449
76.4449
76.4449
76.4449
76.4449
76.4449
76.3831
76.3831
76.3831
76.3831
76.3831
76.3831
76.3831
76.3831
75.1471
75.1471
75.1471
75.1471
75.1471
75.1471
75.1471
75.1471
72.912
72.912
72.912
72.912
72.912
72.912
72.912
72.912
69.9108
69.9108
69.9108
69.9108
69.9108
69.9108
69.9108
69.9108
66.3955
66.3955
66.3955
66.3955
66.3955
66.3955
66.3955
66.3955
62.606
62.606
62.606
62.606
62.606
62.606
62.606
62.606
58.7474
58.7474
58.7474
58.7474
58.7474
58.7474
58.7474
58.7474
54.9784
54.9784
54.9784
54.9784
54.9784
54.9784
54.9784
54.9784
51.4103
51.4103
51.4103
51.4103
51.4103
51.4103
51.4103
51.4103
48.1101
48.1101
48.1101
48.1101
48.1101
48.1101
48.1101
48.1101
45.1089
45.1089
45.1089
45.1089
45.1089
45.1089
45.1089
45.1089
65.4237
65.4237
65.4237
65.4237
65.4237
65.4237
65.4237
65.4237
70.0996
70.0996
70.0996
70.0996
70.0996
70.0996
70.0996
70.0996
73.9333
73.9333
73.9333
73.9333
73.9333
73.9333
73.9333
73.9333
76.6381
76.6381
76.6381
76.6381
76.6381
76.6381
76.6381
76.6381
78.0297
78.0297
78.0297
78.0297
78.0297
78.0297
78.0297
78.0297
78.0525
78.0525
78.0525
78.0525
78.0525
78.0525
78.0525
78.0525
76.7806
76.7806
76.7806
76.7806
76.7806
76.7806
76.7806
76.7806
74.397
74.397
74.397
74.397
74.397
74.397
74.397
74.397
71.1546
71.1546
71.1546
71.1546
71.1546
71.1546
71.1546
71.1546
67.3339
67.3339
67.3339
67.3339
67.3339
67.3339
67.3339
67.3339
63.2049
63.2049
63.2049
63.2049
63.2049
63.2049
63.2049
63.2049
58.9993
58.9993
58.9993
58.9993
58.9993
58.9993
58.9993
58.9993
54.8981
54.8981
54.8981
54.8981
54.8981
54.8981
54.8981
54.8981
51.0269
51.0269
51.0269
51.0269
51.0269
51.0269
51.0269
51.0269
47.4623
47.4623
47.4623
47.4623
47.4623
47.4623
47.4623
47.4623
44.2392
44.2392
44.2392
44.2392
44.2392
44.2392
44.2392
44.2392
65.4237
65.4237
65.4237
65.4237
65.4237
65.4237
65.4237
65.4237
70.0996
70.0996
70.0996
70.0996
70.0996
70.0996
70.0996
70.0996
73.9333
73.9333
73.9333
73.9333
73.9333
73.9333
73.9333
73.9333
76.6381
76.6381
76.6381
76.6381
76.6381
76.6381
76.6381
76.6381
78.0297
78.0297
78.0297
78.0297
78.0297
78.0297
78.0297
78.0297
78.0525
78.0525
78.0525
78.0525
78.0525
78.0525
78.0525
78.0525
76.7806
76.7806
76.7806
76.7806
76.7806
76.7806
76.7806
76.7806
74.397
74.397
74.397
74.397
74.397
74.397
74.397
74.397
71.1546
71.1546
71.1546
71.1546
71.1546
71.1546
71.1546
71.1546
67.3339
67.3339
67.3339
67.3339
67.3339
67.3339
67.3339
67.3339
63.2049
63.2049
63.2049
63.2049
63.2049
63.2049
63.2049
63.2049
58.9993
58.9993
58.9993
58.9993
58.9993
58.9993
58.9993
58.9993
54.8981
54.8981
54.8981
54.8981
54.8981
54.8981
54.8981
54.8981
51.0269
51.0269
51.0269
51.0269
51.0269
51.0269
51.0269
51.0269
47.4623
47.4623
47.4623
47.4623
47.4623
47.4623
47.4623
47.4623
44.2392
44.2392
44.2392
44.2392
44.2392
44.2392
44.2392
44.2392
65.4237
65.4237
65.4237
65.4237
65.4237
65.4237
65.4237
65.4237
70.0996
70.0996
70.0996
70.0996
70.0996
70.0996
70.0996
70.0996
73.9333
73.9333
73.9333
73.9333
73.9333
73.9333
73.9333
73.9333
76.6381
76.6381
76.6381
76.6381
76.6381
76.6381
76.6381
76.6381
78.0297
78.0297
78.0297
78.0297
78.0297
78.0297
78.0297
78.0297
78.0525
78.0525
78.0525
78.0525
78.0525
78.0525
78.0525
78.0525
76.7806
76.7806
76.7806
76.7806
76.7806
76.7806
76.7806
76.7806
74.397
74.397
74.397
74.397
74.397
74.397
74.397
74.397
71.1546
71.1546
71.1546
71.1546
71.1546
71.1546
71.1546
71.1546
67.3339
67.3339
67.3339
67.3339
67.3339
67.3339
67.3339
67.3339
63.2049
63.2049
63.2049
63.2049
63.2049
63.2049
63.2049
63.2049
58.9993
58.9993
58.9993
58.9993
58.9993
58.9993
58.9993
58.9993
54.8981
54.8981
54.8981
54.8981
54.8981
54.8981
54.8981
54.8981
51.0269
51.0269
51.0269
51.0269
51.0269
51.0269
51.0269
51.0269
47.4623
47.4623
47.4623
47.4623
47.4623
47.4623
47.4623
47.4623
44.2392
44.2392
44.2392
44.2392
44.2392
44.2392
44.2392
44.2392
65.4237
65.4237
65.4237
65.4237
65.4237
65.4237
65.4237
65.4237
70.0996
70.0996
70.0996
70.0996
70.0996
70.0996
70.0996
70.0996
73.9333
73.9333
73.9333
73.9333
73.9333
73.9333
73.9333
73.9333
76.6381
76.6381
76.6381
76.6381
76.6381
76.6381
76.6381
76.6381
78.0297
78.0297
78.0297
78.0297
78.0297
78.0297
78.0297
78.0297
78.0525
78.0525
78.0525
78.0525
78.0525
78.0525
78.0525
78.0525
76.7806
76.7806
76.7806
76.7806
76.7806
76.7806
76.7806
76.7806
74.397
74.397
74.397
74.397
74.397
74.397
74.397
74.397
71.1546
71.1546
71.1546
71.1546
71.1546
71.1546
71.1546
71.1546
67.3339
67.3339
67.3339
67.3339
67.3339
67.3339
67.3339
67.3339
63.2049
63.2049
63.2049
63.2049
63.2049
63.2049
63.2049
63.2049
58.9993
58.9993
58.9993
58.9993
58.9993
58.9993
58.9993
58.9993
54.8981
54.8981
54.8981
54.8981
54.8981
54.8981
54.8981
54.8981
51.0269
51.0269
51.0269
51.0269
51.0269
51.0269
51.0269
51.0269
47.4623
47.4623
47.4623
47.4623
47.4623
47.4623
47.4623
47.4623
44.2392
44.2392
44.2392
44.2392
44.2392
44.2392
44.2392
44.2392
65.8629
65.8629
65.8629
65.8629
65.8629
65.8629
65.8629
65.8629
70.7722
70.7722
70.7722
70.7722
70.7722
70.7722
70.7722
70.7722
74.825
74.825
74.825
74.825
74.825
74.825
74.825
74.825
77.7033
77.7033
77.7033
77.7033
77.7033
77.7033
77.7033
77.7033
79.1959
79.1959
79.1959
79.1959
79.1959
79.1959
79.1959
79.1959
79.2296
79.2296
79.2296
79.2296
79.2296
79.2296
79.2296
79.2296
77.8749
77.8749
77.8749
77.8749
77.8749
77.8749
77.8749
77.8749
75.3244
75.3244
75.3244
75.3244
75.3244
75.3244
75.3244
75.3244
71.8513
71.8513
71.8513
71.8513
71.8513
71.8513
71.8513
71.8513
67.7609
67.7609
67.7609
67.7609
67.7609
67.7609
67.7609
67.7609
63.3493
63.3493
63.3493
63.3493
63.3493
63.3493
63.3493
63.3493
58.8703
58.8703
58.8703
58.8703
58.8703
58.8703
58.8703
58.8703
54.521
54.521
54.521
54.521
54.521
54.521
54.521
54.521
50.437
50.437
50.437
50.437
50.437
50.437
50.437
50.437
46.7
46.7
46.7
46.7
46.7
46.7
46.7
46.7
43.3451
43.3451
43.3451
43.3451
43.3451
43.3451
43.3451
43.3451
65.8629
65.8629
65.8629
65.8629
65.8629
65.8629
65.8629
65.8629
70.7722
70.7722
70.7722
70.7722
70.7722
70.7722
70.7722
70.7722
74.825
74.825
74.825
74.825
74.825
74.825
74.825
74.825
77.7033
77.7033
77.7033
77.7033
77.7033
77.7033
77.7033
77.7033
79.1959
79.1959
79.1959
79.1959
79.1959
79.1959
79.1959
79.1959
79.2296
79.2296
79.2296
79.2296
79.2296
79.2296
79.2296
79.2296
77.8749
77.8749
77.8749
77.8749
77.8749
77.8749
77.8749
77.8749
75.3244
75.3244
75.3244
75.3244
75.3244
75.3244
75.3244
75.3244
71.8513
71.8513
71.8513
71.8513
71.8513
71.8513
71.8513
71.8513
67.7609
67.7609
67.7609
67.7609
67.7609
67.7609
67.7609
67.7609
63.3493
63.3493
63.3493
63.3493
63.3493
63.3493
63.3493
63.3493
58.8703
58.8703
58.8703
58.8703
58.8703
58.8703
58.8703
58.8703
54.521
54.521
54.521
54.521
54.521
54.521
54.521
54.521
50.437
50.437
50.437
50.437
50.437
50.437
50.437
50.437
46.7
46.7
46.7
46.7
46.7
46.7
46.7
46.7
43.3451
43.3451
43.3451
43.3451
43.3451
43.3451
43.3451
43.3451
65.8629
65.8629
65.8629
65.8629
65.8629
65.8629
65.8629
65.8629
70.7722
70.7722
70.7722
70.7722
70.7722
70.7722
70.7722
70.7722
74.825
74.825
74.825
74.825
74.825
74.825
74.825
74.825
77.7033
77.7033
77.7033
77.7033
77.7033
77.7033
77.7033
77.7033
79.1959
79.1959
79.1959
79.1959
79.1959
79.1959
79.1959
79.1959
79.2296
79.2296
79.2296
79.2296
79.2296
79.2296
79.2296
79.2296
77.8749
77.8749
77.8749
77.8749
77.8749
77.8749
77.8749
77.8749
75.3244
75.3244
75.3244
75.3244
75.3244
75.3244
75.3244
75.3244
71.8513
71.8513
71.8513
71.8513
71.8513
71.8513
71.8513
71.8513
67.7609
67.7609
67.7609
67.7609
67.7609
67.7609
67.7609
67.7609
63.3493
63.3493
63.3493
63.3493
63.3493
63.3493
63.3493
63.3493
58.8703
58.8703
58.8703
58.8703
58.8703
58.8703
58.8703
58.8703
54.521
54.521
54.521
54.521
54.521
54.521
54.521
54.521
50.437
50.437
50.437
50.437
50.437
50.437
50.437
50.437
46.7
46.7
46.7
46.7
46.7
46.7
46.7
46.7
43.3451
43.3451
43.3451
43.3451
43.3451
43.3451
43.3451
43.3451
65.8629
65.8629
65.8629
65.8629
65.8629
65.8629
65.8629
65.8629
70.7722
70.7722
70.7722
70.7722
70.7722
70.7722
70.7722
70.7722
74.825
74.825
74.825
74.825
74.825
74.825
74.825
74.825
77.7033
77.7033
77.7033
77.7033
77.7033
77.7033
77.7033
77.7033
79.1959
79.1959
79.1959
79.1959
79.1959
79.1959
79.1959
79.1959
79.2296
79.2296
79.2296
79.2296
79.2296
79.2296
79.2296
79.2296
77.8749
77.8749
77.8749
77.8749
77.8749
77.8749
77.8749
77.8749
75.3244
75.3244
75.3244
75.3244
75.3244
75.3244
75.3244
75.3244
71.8513
71.8513
71.8513
71.8513
71.8513
71.8513
71.8513
71.8513
67.7609
67.7609
67.7609
67.7609
67.7609
67.7609
67.7609
67.7609
63.3493
63.3493
63.3493
63.3493
63.3493
63.3493
63.3493
63.3493
58.8703
58.8703
58.8703
58.8703
58.8703
58.8703
58.8703
58.8703
54.521
54.521
54.521
54.521
54.521
54.521
54.521
54.521
50.437
50.437
50.437
50.437
50.437
50.437
50.437
50.437
46.7
46.7
46.7
46.7
46.7
46.7
46.7
46.7
43.3451
43.3451
43.3451
43.3451
43.3451
43.3451
43.3451
43.3451
66.4306
66.4306
66.4306
66.4306
66.4306
66.4306
66.4306
66.4306
71.4637
71.4637
71.4637
71.4637
71.4637
71.4637
71.4637
71.4637
75.6207
75.6207
75.6207
75.6207
75.6207
75.6207
75.6207
75.6207
78.5617
78.5617
78.5617
78.5617
78.5617
78.5617
78.5617
78.5617
80.0577
80.0577
80.0577
80.0577
80.0577
80.0577
80.0577
80.0577
80.0278
80.0278
80.0278
80.0278
80.0278
80.0278
80.0278
80.0278
78.5441
78.5441
78.5441
78.5441
78.5441
78.5441
78.5441
78.5441
75.8121
75.8121
75.8121
75.8121
75.8121
75.8121
75.8121
75.8121
72.1237
72.1237
72.1237
72.1237
72.1237
72.1237
72.1237
72.1237
67.8064
67.8064
67.8064
67.8064
67.8064
67.8064
67.8064
67.8064
63.1758
63.1758
63.1758
63.1758
63.1758
63.1758
63.1758
63.1758
58.5016
58.5016
58.5016
58.5016
58.5016
58.5016
58.5016
58.5016
53.9909
53.9909
53.9909
53.9909
53.9909
53.9909
53.9909
53.9909
49.7846
49.7846
49.7846
49.7846
49.7846
49.7846
49.7846
49.7846
45.9638
45.9638
45.9638
45.9638
45.9638
45.9638
45.9638
45.9638
42.5618
42.5618
42.5618
42.5618
42.5618
42.5618
42.5618
42.5618
66.4306
66.4306
66.4306
66.4306
66.4306
66.4306
66.4306
66.4306
71.4637
71.4637
71.4637
71.4637
71.4637
71.4637
71.4637
71.4637
75.6207
75.6207
75.6207
75.6207
75.6207
75.6207
75.6207
75.6207
78.5617
78.5617
78.5617
78.5617
78.5617
78.5617
78.5617
78.5617
80.0577
80.0577
80.0577
80.0577
80.0577
80.0577
80.0577
80.0577
80.0278
80.0278
80.0278
80.0278
80.0278
80.0278
80.0278
80.0278
78.5441
78.5441
78.5441
78.5441
78.5441
78.5441
78.5441
78.5441
75.8121
75.8121
75.8121
75.8121
75.8121
75.8121
75.8121
75.8121
72.1237
72.1237
72.1237
72.1237
72.1237
72.1237
72.1237
72.1237
67.8064
67.8064
67.8064
67.8064
67.8064
67.8064
67.8064
67.8064
63.1758
63.1758
63.1758
63.1758
63.1758
63.1758
63.1758
63.1758
58.5016
58.5016
58.5016
58.5016
58.5016
58.5016
58.5016
58.5016
53.9909
53.9909
53.9909
53.9909
53.9909
53.9909
53.9909
53.9909
49.7846
49.7846
49.7846
49.7846
49.7846
49.7846
49.7846
49.7846
45.9638
45.9638
45.9638
45.9638
45.9638
45.9638
45.9638
45.9638
42.5618
42.5618
42.5618
42.5618
42.5618
42.5618
42.5618
42.5618
66.4306
66.4306
66.4306
66.4306
66.4306
66.4306
66.4306
66.4306
71.4637
71.4637
71.4637
71.4637
71.4637
71.4637
71.4637
71.4637
75.6207
75.6207
75.6207
75.6207
75.6207
75.6207
75.6207
75.6207
78.5617
78.5617
78.5617
78.5617
78.5617
78.5617
78.5617
78.5617
80.0577
80.0577
80.0577
80.0577
80.0577
80.0577
80.0577
80.0577
80.0278
80.0278
80.0278
80.0278
80.0278
80.0278
80.0278
80.0278
78.5441
78.5441
78.5441
78.5441
78.5441
78.5441
78.5441
78.5441
75.8121
75.8121
75.8121
75.8121
75.8121
75.8121
75.8121
75.8121
72.1237
72.1237
72.1237
72.1237
72.1237
72.1237
72.1237
72.1237
67.8064
67.8064
67.8064
67.8064
67.8064
67.8064
67.8064
67.8064
63.1758
63.1758
63.1758
63.1758
63.1758
63.1758
63.1758
63.1758
58.5016
58.5016
58.5016
58.5016
58.5016
58.5016
58.5016
58.5016
53.9909
53.9909
53.9909
53.9909
53.9909
53.9909
53.9909
53.9909
49.7846
49.7846
49.7846
49.7846
49.7846
49.7846
49.7846
49.7846
45.9638
45.9638
45.9638
45.9638
45.9638
45.9638
45.9638
45.9638
42.5618
42.5618
42.5618
42.5618
42.5618
42.5618
42.5618
42.5618
66.4306
66.4306
66.4306
66.4306
66.4306
66.4306
66.4306
66.4306
71.4637
71.4637
71.4637
71.4637
71.4637
71.4637
71.4637
71.4637
75.6207
75.6207
75.6207
75.6207
75.6207
75.6207
75.6207
75.6207
78.5617
78.5617
78.5617
78.5617
78.5617
78.5617
78.5617
78.5617
80.0577
80.0577
80.0577
80.0577
80.0577
80.0577
80.0577
80.0577
80.0278
80.0278
80.0278
80.0278
80.0278
80.0278
80.0278
80.0278
78.5441
78.5441
78.5441
78.5441
78.5441
78.5441
78.5441
78.5441
75.8121
75.8121
75.8121
75.8121
75.8121
75.8121
75.8121
75.8121
72.1237
72.1237
72.1237
72.1237
72.1237
72.1237
72.1237
72.1237
67.8064
67.8064
67.8064
67.8064
67.8064
67.8064
67.8064
67.8064
63.1758
63.1758
63.1758
63.1758
63.1758
63.1758
63.1758
63.1758
58.5016
58.5016
58.5016
58.5016
58.5016
58.5016
58.5016
58.5016
53.9909
53.9909
53.9909
53.9909
53.9909
53.9909
53.9909
53.9909
49.7846
49.7846
49.7846
49.7846
49.7846
49.7846
49.7846
49.7846
45.9638
45.9638
45.9638
45.9638
45.9638
45.9638
45.9638
45.9638
42.5618
42.5618
42.5618
42.5618
42.5618
42.5618
42.5618
42.5618
