8192
24.4346
24.4346
24.4346
24.4346
24.4346
24.4346
24.4346
24.4346
24.9031
24.9031
24.9031
24.9031
24.9031
24.9031
24.9031
24.9031
25.5498
25.5498
25.5498
25.5498
25.5498
25.5498
25.5498
25.5498
26.3366
26.3366
26.3366
26.3366
26.3366
26.3366
26.3366
26.3366
27.2211
27.2211
27.2211
27.2211
27.2211
27.2211
27.2211
27.2211
28.1569
28.1569
28.1569
28.1569
28.1569
28.1569
28.1569
28.1569
29.0948
29.0948
29.0948
29.0948
29.0948
29.0948
29.0948
29.0948
29.9843
29.9843
29.9843
29.9843
29.9843
29.9843
29.9843
29.9843
30.777
30.777
30.777
30.777
30.777
30.777
30.777
30.777
31.4291
31.4291
31.4291
31.4291
31.4291
31.4291
31.4291
31.4291
31.9046
31.9046
31.9046
31.9046
31.9046
31.9046
31.9046
31.9046
32.1776
32.1776
32.1776
32.1776
32.1776
32.1776
32.1776
32.1776
32.2339
32.2339
32.2339
32.2339
32.2339
32.2339
32.2339
32.2339
32.0715
32.0715
32.0715
32.0715
32.0715
32.0715
32.0715
32.0715
31.6997
31.6997
31.6997
31.6997
31.6997
31.6997
31.6997
31.6997
31.1378
31.1378
31.1378
31.1378
31.1378
31.1378
31.1378
31.1378
24.4346
24.4346
24.4346
24.4346
24.4346
24.4346
24.4346
24.4346
24.9031
24.9031
24.9031
24.9031
24.9031
24.9031
24.9031
24.9031
25.5498
25.5498
25.5498
25.5498
25.5498
25.5498
25.5498
25.5498
26.3366
26.3366
26.3366
26.3366
26.3366
26.3366
26.3366
26.3366
27.2211
27.2211
27.2211
27.2211
27.2211
27.2211
27.2211
27.2211
28.1569
28.1569
28.1569
28.1569
28.1569
28.1569
28.1569
28.1569
29.0948
29.0948
29.0948
29.0948
29.0948
29.0948
29.0948
29.0948
29.9843
29.9843
29.9843
29.9843
29.9843
29.9843
29.9843
29.9843
30.777
30.777
30.777
30.777
30.777
30.777
30.777
30.777
31.4291
31.4291
31.4291
31.4291
31.4291
31.4291
31.4291
31.4291
31.9046
31.9046
31.9046
31.9046
31.9046
31.9046
31.9046
31.9046
32.1776
32.1776
32.1776
32.1776
32.1776
32.1776
32.1776
32.1776
32.2339
32.2339
32.2339
32.2339
32.2339
32.2339
32.2339
32.2339
32.0715
32.0715
32.0715
32.0715
32.0715
32.0715
32.0715
32.0715
31.6997
31.6997
31.6997
31.6997
31.6997
31.6997
31.6997
31.6997
31.1378
31.1378
31.1378
31.1378
31.1378
31.1378
31.1378
31.1378
24.4346
24.4346
24.4346
24.4346
24.4346
24.4346
24.4346
24.4346
24.9031
24.9031
24.9031
24.9031
24.9031
24.9031
24.9031
24.9031
25.5498
25.5498
25.5498
25.5498
25.5498
25.5498
25.5498
25.5498
26.3366
26.3366
26.3366
26.3366
26.3366
26.3366
26.3366
26.3366
27.2211
27.2211
27.2211
27.2211
27.2211
27.2211
27.2211
27.2211
28.1569
28.1569
28.1569
28.1569
28.1569
28.1569
28.1569
28.1569
29.0948
29.0948
29.0948
29.0948
29.0948
29.0948
29.0948
29.0948
29.9843
29.9843
29.9843
29.9843
29.9843
29.9843
29.9843
29.9843
30.777
30.777
30.777
30.777
30.777
30.777
30.777
30.777
31.4291
31.4291
31.4291
31.4291
31.4291
31.4291
31.4291
31.4291
31.9046
31.9046
31.9046
31.9046
31.9046
31.9046
31.9046
31.9046
32.1776
32.1776
32.1776
32.1776
32.1776
32.1776
32.1776
32.1776
32.2339
32.2339
32.2339
32.2339
32.2339
32.2339
32.2339
32.2339
32.0715
32.0715
32.0715
32.0715
32.0715
32.0715
32.0715
32.0715
31.6997
31.6997
31.6997
31.6997
31.6997
31.6997
31.6997
31.6997
31.1378
31.1378
31.1378
31.1378
31.1378
31.1378
31.1378
31.1378
24.4346
24.4346
24.4346
24.4346
24.4346
24.4346
24.4346
24.4346
24.9031
24.9031
24.9031
24.9031
24.9031
24.9031
24.9031
24.9031
25.5498
25.5498
25.5498
25.5498
25.5498
25.5498
25.5498
25.5498
26.3366
26.3366
26.3366
26.3366
26.3366
26.3366
26.3366
26.3366
27.2211
27.2211
27.2211
27.2211
27.2211
27.2211
27.2211
27.2211
28.1569
28.1569
28.1569
28.1569
28.1569
28.1569
28.1569
28.1569
29.0948
29.0948
29.0948
29.0948
29.0948
29.0948
29.0948
29.0948
29.9843
29.9843
29.9843
29.9843
29.9843
29.9843
29.9843
29.9843
30.777
30.777
30.777
30.777
30.777
30.777
30.777
30.777
31.4291
31.4291
31.4291
31.4291
31.4291
31.4291
31.4291
31.4291
31.9046
31.9046
31.9046
31.9046
31.9046
31.9046
31.9046
31.9046
32.1776
32.1776
32.1776
32.1776
32.1776
32.1776
32.1776
32.1776
32.2339
32.2339
32.2339
32.2339
32.2339
32.2339
32.2339
32.2339
32.0715
32.0715
32.0715
32.0715
32.0715
32.0715
32.0715
32.0715
31.6997
31.6997
31.6997
31.6997
31.6997
31.6997
31.6997
31.6997
31.1378
31.1378
31.1378
31.1378
31.1378
31.1378
31.1378
31.1378
27.0215
27.0215
27.0215
27.0215
27.0215
27.0215
27.0215
27.0215
27.5418
27.5418
27.5418
27.5418
27.5418
27.5418
27.5418
27.5418
28.2228
28.2228
28.2228
28.2228
28.2228
28.2228
28.2228
28.2228
29.021
29.021
29.021
29.021
29.021
29.021
29.021
29.021
29.8887
29.8887
29.8887
29.8887
29.8887
29.8887
29.8887
29.8887
30.7748
30.7748
30.7748
30.7748
30.7748
30.7748
30.7748
30.7748
31.6269
31.6269
31.6269
31.6269
31.6269
31.6269
31.6269
31.6269
32.3941
32.3941
32.3941
32.3941
32.3941
32.3941
32.3941
32.3941
33.0301
33.0301
33.0301
33.0301
33.0301
33.0301
33.0301
33.0301
33.4962
33.4962
33.4962
33.4962
33.4962
33.4962
33.4962
33.4962
33.7639
33.7639
33.7639
33.7639
33.7639
33.7639
33.7639
33.7639
33.8166
33.8166
33.8166
33.8166
33.8166
33.8166
33.8166
33.8166
33.6504
33.6504
33.6504
33.6504
33.6504
33.6504
33.6504
33.6504
33.2728
33.2728
33.2728
33.2728
33.2728
33.2728
33.2728
33.2728
32.702
32.702
32.702
32.702
32.702
32.702
32.702
32.702
31.9635
31.9635
31.9635
31.9635
31.9635
31.9635
31.9635
31.9635
27.0215
27.0215
27.0215
27.0215
27.0215
27.0215
27.0215
27.0215
27.5418
27.5418
27.5418
27.5418
27.5418
27.5418
27.5418
27.5418
28.2228
28.2228
28.2228
28.2228
28.2228
28.2228
28.2228
28.2228
29.021
29.021
29.021
29.021
29.021
29.021
29.021
29.021
29.8887
29.8887
29.8887
29.8887
29.8887
29.8887
29.8887
29.8887
30.7748
30.7748
30.7748
30.7748
30.7748
30.7748
30.7748
30.7748
31.6269
31.6269
31.6269
31.6269
31.6269
31.6269
31.6269
31.6269
32.3941
32.3941
32.3941
32.3941
32.3941
32.3941
32.3941
32.3941
33.0301
33.0301
33.0301
33.0301
33.0301
33.0301
33.0301
33.0301
33.4962
33.4962
33.4962
33.4962
33.4962
33.4962
33.4962
33.4962
33.7639
33.7639
33.7639
33.7639
33.7639
33.7639
33.7639
33.7639
33.8166
33.8166
33.8166
33.8166
33.8166
33.8166
33.8166
33.8166
33.6504
33.6504
33.6504
33.6504
33.6504
33.6504
33.6504
33.6504
33.2728
33.2728
33.2728
33.2728
33.2728
33.2728
33.2728
33.2728
32.702
32.702
32.702
32.702
32.702
32.702
32.702
32.702
31.9635
31.9635
31.9635
31.9635
31.9635
31.9635
31.9635
31.9635
27.0215
27.0215
27.0215
27.0215
27.0215
27.0215
27.0215
27.0215
27.5418
27.5418
27.5418
27.5418
27.5418
27.5418
27.5418
27.5418
28.2228
28.2228
28.2228
28.2228
28.2228
28.2228
28.2228
28.2228
29.021
29.021
29.021
29.021
29.021
29.021
29.021
29.021
29.8887
29.8887
29.8887
29.8887
29.8887
29.8887
29.8887
29.8887
30.7748
30.7748
30.7748
30.7748
30.7748
30.7748
30.7748
30.7748
31.6269
31.6269
31.6269
31.6269
31.6269
31.6269
31.6269
31.6269
32.3941
32.3941
32.3941
32.3941
32.3941
32.3941
32.3941
32.3941
33.0301
33.0301
33.0301
33.0301
33.0301
33.0301
33.0301
33.0301
33.4962
33.4962
33.4962
33.4962
33.4962
33.4962
33.4962
33.4962
33.7639
33.7639
33.7639
33.7639
33.7639
33.7639
33.7639
33.7639
33.8166
33.8166
33.8166
33.8166
33.8166
33.8166
33.8166
33.8166
33.6504
33.6504
33.6504
33.6504
33.6504
33.6504
33.6504
33.6504
33.2728
33.2728
33.2728
33.2728
33.2728
33.2728
33.2728
33.2728
32.702
32.702
32.702
32.702
32.702
32.702
32.702
32.702
31.9635
31.9635
31.9635
31.9635
31.9635
31.9635
31.9635
31.9635
27.0215
27.0215
27.0215
27.0215
27.0215
27.0215
27.0215
27.0215
27.5418
27.5418
27.5418
27.5418
27.5418
27.5418
27.5418
27.5418
28.2228
28.2228
28.2228
28.2228
28.2228
28.2228
28.2228
28.2228
29.021
29.021
29.021
29.021
29.021
29.021
29.021
29.021
29.8887
29.8887
29.8887
29.8887
29.8887
29.8887
29.8887
29.8887
30.7748
30.7748
30.7748
30.7748
30.7748
30.7748
30.7748
30.7748
31.6269
31.6269
31.6269
31.6269
31.6269
31.6269
31.6269
31.6269
32.3941
32.3941
32.3941
32.3941
32.3941
32.3941
32.3941
32.3941
33.0301
33.0301
33.0301
33.0301
33.0301
33.0301
33.0301
33.0301
33.4962
33.4962
33.4962
33.4962
33.4962
33.4962
33.4962
33.4962
33.7639
33.7639
33.7639
33.7639
33.7639
33.7639
33.7639
33.7639
33.8166
33.8166
33.8166
33.8166
33.8166
33.8166
33.8166
33.8166
33.6504
33.6504
33.6504
33.6504
33.6504
33.6504
33.6504
33.6504
33.2728
33.2728
33.2728
33.2728
33.2728
33.2728
33.2728
33.2728
32.702
32.702
32.702
32.702
32.702
32.702
32.702
32.702
31.9635
31.9635
31.9635
31.9635
31.9635
31.9635
31.9635
31.9635
29.9056
29.9056
29.9056
29.9056
29.9056
29.9056
29.9056
29.9056
30.4253
30.4253
30.4253
30.4253
30.4253
30.4253
30.4253
30.4253
31.0855
31.0855
31.0855
31.0855
31.0855
31.0855
31.0855
31.0855
31.8377
31.8377
31.8377
31.8377
31.8377
31.8377
31.8377
31.8377
32.6298
32.6298
32.6298
32.6298
32.6298
32.6298
32.6298
32.6298
33.4078
33.4078
33.4078
33.4078
33.4078
33.4078
33.4078
33.4078
34.1186
34.1186
34.1186
34.1186
34.1186
34.1186
34.1186
34.1186
34.7131
34.7131
34.7131
34.7131
34.7131
34.7131
34.7131
34.7131
35.1495
35.1495
35.1495
35.1495
35.1495
35.1495
35.1495
35.1495
35.3961
35.3961
35.3961
35.3961
35.3961
35.3961
35.3961
35.3961
35.4333
35.4333
35.4333
35.4333
35.4333
35.4333
35.4333
35.4333
35.2544
35.2544
35.2544
35.2544
35.2544
35.2544
35.2544
35.2544
34.8649
34.8649
34.8649
34.8649
34.8649
34.8649
34.8649
34.8649
34.2811
34.2811
34.2811
34.2811
34.2811
34.2811
34.2811
34.2811
33.5275
33.5275
33.5275
33.5275
33.5275
33.5275
33.5275
33.5275
32.6343
32.6343
32.6343
32.6343
32.6343
32.6343
32.6343
32.6343
29.9056
29.9056
29.9056
29.9056
29.9056
29.9056
29.9056
29.9056
30.4253
30.4253
30.4253
30.4253
30.4253
30.4253
30.4253
30.4253
31.0855
31.0855
31.0855
31.0855
31.0855
31.0855
31.0855
31.0855
31.8377
31.8377
31.8377
31.8377
31.8377
31.8377
31.8377
31.8377
32.6298
32.6298
32.6298
32.6298
32.6298
32.6298
32.6298
32.6298
33.4078
33.4078
33.4078
33.4078
33.4078
33.4078
33.4078
33.4078
34.1186
34.1186
34.1186
34.1186
34.1186
34.1186
34.1186
34.1186
34.7131
34.7131
34.7131
34.7131
34.7131
34.7131
34.7131
34.7131
35.1495
35.1495
35.1495
35.1495
35.1495
35.1495
35.1495
35.1495
35.3961
35.3961
35.3961
35.3961
35.3961
35.3961
35.3961
35.3961
35.4333
35.4333
35.4333
35.4333
35.4333
35.4333
35.4333
35.4333
35.2544
35.2544
35.2544
35.2544
35.2544
35.2544
35.2544
35.2544
34.8649
34.8649
34.8649
34.8649
34.8649
34.8649
34.8649
34.8649
34.2811
34.2811
34.2811
34.2811
34.2811
34.2811
34.2811
34.2811
33.5275
33.5275
33.5275
33.5275
33.5275
33.5275
33.5275
33.5275
32.6343
32.6343
32.6343
32.6343
32.6343
32.6343
32.6343
32.6343
29.9056
29.9056
29.9056
29.9056
29.9056
29.9056
29.9056
29.9056
30.4253
30.4253
30.4253
30.4253
30.4253
30.4253
30.4253
30.4253
31.0855
31.0855
31.0855
31.0855
31.0855
31.0855
31.0855
31.0855
31.8377
31.8377
31.8377
31.8377
31.8377
31.8377
31.8377
31.8377
32.6298
32.6298
32.6298
32.6298
32.6298
32.6298
32.6298
32.6298
33.4078
33.4078
33.4078
33.4078
33.4078
33.4078
33.4078
33.4078
34.1186
34.1186
34.1186
34.1186
34.1186
34.1186
34.1186
34.1186
34.7131
34.7131
34.7131
34.7131
34.7131
34.7131
34.7131
34.7131
35.1495
35.1495
35.1495
35.1495
35.1495
35.1495
35.1495
35.1495
35.3961
35.3961
35.3961
35.3961
35.3961
35.3961
35.3961
35.3961
35.4333
35.4333
35.4333
35.4333
35.4333
35.4333
35.4333
35.4333
35.2544
35.2544
35.2544
35.2544
35.2544
35.2544
35.2544
35.2544
34.8649
34.8649
34.8649
34.8649
34.8649
34.8649
34.8649
34.8649
34.2811
34.2811
34.2811
34.2811
34.2811
34.2811
34.2811
34.2811
33.5275
33.5275
33.5275
33.5275
33.5275
33.5275
33.5275
33.5275
32.6343
32.6343
32.6343
32.6343
32.6343
32.6343
32.6343
32.6343
29.9056
29.9056
29.9056
29.9056
29.9056
29.9056
29.9056
29.9056
30.4253
30.4253
30.4253
30.4253
30.4253
30.4253
30.4253
30.4253
31.0855
31.0855
31.0855
31.0855
31.0855
31.0855
31.0855
31.0855
31.8377
31.8377
31.8377
31.8377
31.8377
31.8377
31.8377
31.8377
32.6298
32.6298
32.6298
32.6298
32.6298
32.6298
32.6298
32.6298
33.4078
33.4078
33.4078
33.4078
33.4078
33.4078
33.4078
33.4078
34.1186
34.1186
34.1186
34.1186
34.1186
34.1186
34.1186
34.1186
34.7131
34.7131
34.7131
34.7131
34.7131
34.7131
34.7131
34.7131
35.1495
35.1495
35.1495
35.1495
35.1495
35.1495
35.1495
35.1495
35.3961
35.3961
35.3961
35.3961
35.3961
35.3961
35.3961
35.3961
35.4333
35.4333
35.4333
35.4333
35.4333
35.4333
35.4333
35.4333
35.2544
35.2544
35.2544
35.2544
35.2544
35.2544
35.2544
35.2544
34.8649
34.8649
34.8649
34.8649
34.8649
34.8649
34.8649
34.8649
34.2811
34.2811
34.2811
34.2811
34.2811
34.2811
34.2811
34.2811
33.5275
33.5275
33.5275
33.5275
33.5275
33.5275
33.5275
33.5275
32.6343
32.6343
32.6343
32.6343
32.6343
32.6343
32.6343
32.6343
32.9452
32.9452
32.9452
32.9452
32.9452
32.9452
32.9452
32.9452
33.3935
33.3935
33.3935
33.3935
33.3935
33.3935
33.3935
33.3935
33.9604
33.9604
33.9604
33.9604
33.9604
33.9604
33.9604
33.9604
34.5939
34.5939
34.5939
34.5939
34.5939
34.5939
34.5939
34.5939
35.2396
35.2396
35.2396
35.2396
35.2396
35.2396
35.2396
35.2396
35.8431
35.8431
35.8431
35.8431
35.8431
35.8431
35.8431
35.8431
36.3532
36.3532
36.3532
36.3532
36.3532
36.3532
36.3532
36.3532
36.7253
36.7253
36.7253
36.7253
36.7253
36.7253
36.7253
36.7253
36.9241
36.9241
36.9241
36.9241
36.9241
36.9241
36.9241
36.9241
36.9265
36.9265
36.9265
36.9265
36.9265
36.9265
36.9265
36.9265
36.722
36.722
36.722
36.722
36.722
36.722
36.722
36.722
36.3131
36.3131
36.3131
36.3131
36.3131
36.3131
36.3131
36.3131
35.7133
35.7133
35.7133
35.7133
35.7133
35.7133
35.7133
35.7133
34.9453
34.9453
34.9453
34.9453
34.9453
34.9453
34.9453
34.9453
34.0378
34.0378
34.0378
34.0378
34.0378
34.0378
34.0378
34.0378
33.0226
33.0226
33.0226
33.0226
33.0226
33.0226
33.0226
33.0226
32.9452
32.9452
32.9452
32.9452
32.9452
32.9452
32.9452
32.9452
33.3935
33.3935
33.3935
33.3935
33.3935
33.3935
33.3935
33.3935
33.9604
33.9604
33.9604
33.9604
33.9604
33.9604
33.9604
33.9604
34.5939
34.5939
34.5939
34.5939
34.5939
34.5939
34.5939
34.5939
35.2396
35.2396
35.2396
35.2396
35.2396
35.2396
35.2396
35.2396
35.8431
35.8431
35.8431
35.8431
35.8431
35.8431
35.8431
35.8431
36.3532
36.3532
36.3532
36.3532
36.3532
36.3532
36.3532
36.3532
36.7253
36.7253
36.7253
36.7253
36.7253
36.7253
36.7253
36.7253
36.9241
36.9241
36.9241
36.9241
36.9241
36.9241
36.9241
36.9241
36.9265
36.9265
36.9265
36.9265
36.9265
36.9265
36.9265
36.9265
36.722
36.722
36.722
36.722
36.722
36.722
36.722
36.722
36.3131
36.3131
36.3131
36.3131
36.3131
36.3131
36.3131
36.3131
35.7133
35.7133
35.7133
35.7133
35.7133
35.7133
35.7133
35.7133
34.9453
34.9453
34.9453
34.9453
34.9453
34.9453
34.9453
34.9453
34.0378
34.0378
34.0378
34.0378
34.0378
34.0378
34.0378
34.0378
33.0226
33.0226
33.0226
33.0226
33.0226
33.0226
33.0226
33.0226
32.9452
32.9452
32.9452
32.9452
32.9452
32.9452
32.9452
32.9452
33.3935
33.3935
33.3935
33.3935
33.3935
33.3935
33.3935
33.3935
33.9604
33.9604
33.9604
33.9604
33.9604
33.9604
33.9604
33.9604
34.5939
34.5939
34.5939
34.5939
34.5939
34.5939
34.5939
34.5939
35.2396
35.2396
35.2396
35.2396
35.2396
35.2396
35.2396
35.2396
35.8431
35.8431
35.8431
35.8431
35.8431
35.8431
35.8431
35.8431
36.3532
36.3532
36.3532
36.3532
36.3532
36.3532
36.3532
36.3532
36.7253
36.7253
36.7253
36.7253
36.7253
36.7253
36.7253
36.7253
36.9241
36.9241
36.9241
36.9241
36.9241
36.9241
36.9241
36.9241
36.9265
36.9265
36.9265
36.9265
36.9265
36.9265
36.9265
36.9265
36.722
36.722
36.722
36.722
36.722
36.722
36.722
36.722
36.3131
36.3131
36.3131
36.3131
36.3131
36.3131
36.3131
36.3131
35.7133
35.7133
35.7133
35.7133
35.7133
35.7133
35.7133
35.7133
34.9453
34.9453
34.9453
34.9453
34.9453
34.9453
34.9453
34.9453
34.0378
34.0378
34.0378
34.0378
34.0378
34.0378
34.0378
34.0378
33.0226
33.0226
33.0226
33.0226
33.0226
33.0226
33.0226
33.0226
32.9452
32.9452
32.9452
32.9452
32.9452
32.9452
32.9452
32.9452
33.3935
33.3935
33.3935
33.3935
33.3935
33.3935
33.3935
33.3935
33.9604
33.9604
33.9604
33.9604
33.9604
33.9604
33.9604
33.9604
34.5939
34.5939
34.5939
34.5939
34.5939
34.5939
34.5939
34.5939
35.2396
35.2396
35.2396
35.2396
35.2396
35.2396
35.2396
35.2396
35.8431
35.8431
35.8431
35.8431
35.8431
35.8431
35.8431
35.8431
36.3532
36.3532
36.3532
36.3532
36.3532
36.3532
36.3532
36.3532
36.7253
36.7253
36.7253
36.7253
36.7253
36.7253
36.7253
36.7253
36.9241
36.9241
36.9241
36.9241
36.9241
36.9241
36.9241
36.9241
36.9265
36.9265
36.9265
36.9265
36.9265
36.9265
36.9265
36.9265
36.722
36.722
36.722
36.722
36.722
36.722
36.722
36.722
36.3131
36.3131
36.3131
36.3131
36.3131
36.3131
36.3131
36.3131
35.7133
35.7133
35.7133
35.7133
35.7133
35.7133
35.7133
35.7133
34.9453
34.9453
34.9453
34.9453
34.9453
34.9453
34.9453
34.9453
34.0378
34.0378
34.0378
34.0378
34.0378
34.0378
34.0378
34.0378
33.0226
33.0226
33.0226
33.0226
33.0226
33.0226
33.0226
33.0226
35.9562
35.9562
35.9562
35.9562
35.9562
35.9562
35.9562
35.9562
36.2478
36.2478
36.2478
36.2478
36.2478
36.2478
36.2478
36.2478
36.637
36.637
36.637
36.637
36.637
36.637
36.637
36.637
37.0707
37.0707
37.0707
37.0707
37.0707
37.0707
37.0707
37.0707
37.4951
37.4951
37.4951
37.4951
37.4951
37.4951
37.4951
37.4951
37.8581
37.8581
37.8581
37.8581
37.8581
37.8581
37.8581
37.8581
38.1132
38.1132
38.1132
38.1132
38.1132
38.1132
38.1132
38.1132
38.2222
38.2222
38.2222
38.2222
38.2222
38.2222
38.2222
38.2222
38.1579
38.1579
38.1579
38.1579
38.1579
38.1579
38.1579
38.1579
37.9057
37.9057
37.9057
37.9057
37.9057
37.9057
37.9057
37.9057
37.4635
37.4635
37.4635
37.4635
37.4635
37.4635
37.4635
37.4635
36.8412
36.8412
36.8412
36.8412
36.8412
36.8412
36.8412
36.8412
36.058
36.058
36.058
36.058
36.058
36.058
36.058
36.058
35.1403
35.1403
35.1403
35.1403
35.1403
35.1403
35.1403
35.1403
34.1179
34.1179
34.1179
34.1179
34.1179
34.1179
34.1179
34.1179
33.022
33.022
33.022
33.022
33.022
33.022
33.022
33.022
35.9562
35.9562
35.9562
35.9562
35.9562
35.9562
35.9562
35.9562
36.2478
36.2478
36.2478
36.2478
36.2478
36.2478
36.2478
36.2478
36.637
36.637
36.637
36.637
36.637
36.637
36.637
36.637
37.0707
37.0707
37.0707
37.0707
37.0707
37.0707
37.0707
37.0707
37.4951
37.4951
37.4951
37.4951
37.4951
37.4951
37.4951
37.4951
37.8581
37.8581
37.8581
37.8581
37.8581
37.8581
37.8581
37.8581
38.1132
38.1132
38.1132
38.1132
38.1132
38.1132
38.1132
38.1132
38.2222
38.2222
38.2222
38.2222
38.2222
38.2222
38.2222
38.2222
38.1579
38.1579
38.1579
38.1579
38.1579
38.1579
38.1579
38.1579
37.9057
37.9057
37.9057
37.9057
37.9057
37.9057
37.9057
37.9057
37.4635
37.4635
37.4635
37.4635
37.4635
37.4635
37.4635
37.4635
36.8412
36.8412
36.8412
36.8412
36.8412
36.8412
36.8412
36.8412
36.058
36.058
36.058
36.058
36.058
36.058
36.058
36.058
35.1403
35.1403
35.1403
35.1403
35.1403
35.1403
35.1403
35.1403
34.1179
34.1179
34.1179
34.1179
34.1179
34.1179
34.1179
34.1179
33.022
33.022
33.022
33.022
33.022
33.022
33.022
33.022
35.9562
35.9562
35.9562
35.9562
35.9562
35.9562
35.9562
35.9562
36.2478
36.2478
36.2478
36.2478
36.2478
36.2478
36.2478
36.2478
36.637
36.637
36.637
36.637
36.637
36.637
36.637
36.637
37.0707
37.0707
37.0707
37.0707
37.0707
37.0707
37.0707
37.0707
37.4951
37.4951
37.4951
37.4951
37.4951
37.4951
37.4951
37.4951
37.8581
37.8581
37.8581
37.8581
37.8581
37.8581
37.8581
37.8581
38.1132
38.1132
38.1132
38.1132
38.1132
38.1132
38.1132
38.1132
38.2222
38.2222
38.2222
38.2222
38.2222
38.2222
38.2222
38.2222
38.1579
38.1579
38.1579
38.1579
38.1579
38.1579
38.1579
38.1579
37.9057
37.9057
37.9057
37.9057
37.9057
37.9057
37.9057
37.9057
37.4635
37.4635
37.4635
37.4635
37.4635
37.4635
37.4635
37.4635
36.8412
36.8412
36.8412
36.8412
36.8412
36.8412
36.8412
36.8412
36.058
36.058
36.058
36.058
36.058
36.058
36.058
36.058
35.1403
35.1403
35.1403
35.1403
35.1403
35.1403
35.1403
35.1403
34.1179
34.1179
34.1179
34.1179
34.1179
34.1179
34.1179
34.1179
33.022
33.022
33.022
33.022
33.022
33.022
33.022
33.022
35.9562
35.9562
35.9562
35.9562
35.9562
35.9562
35.9562
35.9562
36.2478
36.2478
36.2478
36.2478
36.2478
36.2478
36.2478
36.2478
36.637
36.637
36.637
36.637
36.637
36.637
36.637
36.637
37.0707
37.0707
37.0707
37.0707
37.0707
37.0707
37.0707
37.0707
37.4951
37.4951
37.4951
37.4951
37.4951
37.4951
37.4951
37.4951
37.8581
37.8581
37.8581
37.8581
37.8581
37.8581
37.8581
37.8581
38.1132
38.1132
38.1132
38.1132
38.1132
38.1132
38.1132
38.1132
38.2222
38.2222
38.2222
38.2222
38.2222
38.2222
38.2222
38.2222
38.1579
38.1579
38.1579
38.1579
38.1579
38.1579
38.1579
38.1579
37.9057
37.9057
37.9057
37.9057
37.9057
37.9057
37.9057
37.9057
37.4635
37.4635
37.4635
37.4635
37.4635
37.4635
37.4635
37.4635
36.8412
36.8412
36.8412
36.8412
36.8412
36.8412
36.8412
36.8412
36.058
36.058
36.058
36.058
36.058
36.058
36.058
36.058
35.1403
35.1403
35.1403
35.1403
35.1403
35.1403
35.1403
35.1403
34.1179
34.1179
34.1179
34.1179
34.1179
34.1179
34.1179
34.1179
33.022
33.022
33.022
33.022
33.022
33.022
33.022
33.022
38.731
38.731
38.731
38.731
38.731
38.731
38.731
38.731
38.7749
38.7749
38.7749
38.7749
38.7749
38.7749
38.7749
38.7749
38.9004
38.9004
38.9004
38.9004
38.9004
38.9004
38.9004
38.9004
39.0563
39.0563
39.0563
39.0563
39.0563
39.0563
39.0563
39.0563
39.1917
39.1917
39.1917
39.1917
39.1917
39.1917
39.1917
39.1917
39.2597
39.2597
39.2597
39.2597
39.2597
39.2597
39.2597
39.2597
39.2204
39.2204
39.2204
39.2204
39.2204
39.2204
39.2204
39.2204
39.0429
39.0429
39.0429
39.0429
39.0429
39.0429
39.0429
39.0429
38.708
38.708
38.708
38.708
38.708
38.708
38.708
38.708
38.2087
38.2087
38.2087
38.2087
38.2087
38.2087
38.2087
38.2087
37.5495
37.5495
37.5495
37.5495
37.5495
37.5495
37.5495
37.5495
36.7447
36.7447
36.7447
36.7447
36.7447
36.7447
36.7447
36.7447
35.8167
35.8167
35.8167
35.8167
35.8167
35.8167
35.8167
35.8167
34.7921
34.7921
34.7921
34.7921
34.7921
34.7921
34.7921
34.7921
33.6998
33.6998
33.6998
33.6998
33.6998
33.6998
33.6998
33.6998
32.5676
32.5676
32.5676
32.5676
32.5676
32.5676
32.5676
32.5676
38.731
38.731
38.731
38.731
38.731
38.731
38.731
38.731
38.7749
38.7749
38.7749
38.7749
38.7749
38.7749
38.7749
38.7749
38.9004
38.9004
38.9004
38.9004
38.9004
38.9004
38.9004
38.9004
39.0563
39.0563
39.0563
39.0563
39.0563
39.0563
39.0563
39.0563
39.1917
39.1917
39.1917
39.1917
39.1917
39.1917
39.1917
39.1917
39.2597
39.2597
39.2597
39.2597
39.2597
39.2597
39.2597
39.2597
39.2204
39.2204
39.2204
39.2204
39.2204
39.2204
39.2204
39.2204
39.0429
39.0429
39.0429
39.0429
39.0429
39.0429
39.0429
39.0429
38.708
38.708
38.708
38.708
38.708
38.708
38.708
38.708
38.2087
38.2087
38.2087
38.2087
38.2087
38.2087
38.2087
38.2087
37.5495
37.5495
37.5495
37.5495
37.5495
37.5495
37.5495
37.5495
36.7447
36.7447
36.7447
36.7447
36.7447
36.7447
36.7447
36.7447
35.8167
35.8167
35.8167
35.8167
35.8167
35.8167
35.8167
35.8167
34.7921
34.7921
34.7921
34.7921
34.7921
34.7921
34.7921
34.7921
33.6998
33.6998
33.6998
33.6998
33.6998
33.6998
33.6998
33.6998
32.5676
32.5676
32.5676
32.5676
32.5676
32.5676
32.5676
32.5676
38.731
38.731
38.731
38.731
38.731
38.731
38.731
38.731
38.7749
38.7749
38.7749
38.7749
38.7749
38.7749
38.7749
38.7749
38.9004
38.9004
38.9004
38.9004
38.9004
38.9004
38.9004
38.9004
39.0563
39.0563
39.0563
39.0563
39.0563
39.0563
39.0563
39.0563
39.1917
39.1917
39.1917
39.1917
39.1917
39.1917
39.1917
39.1917
39.2597
39.2597
39.2597
39.2597
39.2597
39.2597
39.2597
39.2597
39.2204
39.2204
39.2204
39.2204
39.2204
39.2204
39.2204
39.2204
39.0429
39.0429
39.0429
39.0429
39.0429
39.0429
39.0429
39.0429
38.708
38.708
38.708
38.708
38.708
38.708
38.708
38.708
38.2087
38.2087
38.2087
38.2087
38.2087
38.2087
38.2087
38.2087
37.5495
37.5495
37.5495
37.5495
37.5495
37.5495
37.5495
37.5495
36.7447
36.7447
36.7447
36.7447
36.7447
36.7447
36.7447
36.7447
35.8167
35.8167
35.8167
35.8167
35.8167
35.8167
35.8167
35.8167
34.7921
34.7921
34.7921
34.7921
34.7921
34.7921
34.7921
34.7921
33.6998
33.6998
33.6998
33.6998
33.6998
33.6998
33.6998
33.6998
32.5676
32.5676
32.5676
32.5676
32.5676
32.5676
32.5676
32.5676
38.731
38.731
38.731
38.731
38.731
38.731
38.731
38.731
38.7749
38.7749
38.7749
38.7749
38.7749
38.7749
38.7749
38.7749
38.9004
38.9004
38.9004
38.9004
38.9004
38.9004
38.9004
38.9004
39.0563
39.0563
39.0563
39.0563
39.0563
39.0563
39.0563
39.0563
39.1917
39.1917
39.1917
39.1917
39.1917
39.1917
39.1917
39.1917
39.2597
39.2597
39.2597
39.2597
39.2597
39.2597
39.2597
39.2597
39.2204
39.2204
39.2204
39.2204
39.2204
39.2204
39.2204
39.2204
39.0429
39.0429
39.0429
39.0429
39.0429
39.0429
39.0429
39.0429
38.708
38.708
38.708
38.708
38.708
38.708
38.708
38.708
38.2087
38.2087
38.2087
38.2087
38.2087
38.2087
38.2087
38.2087
37.5495
37.5495
37.5495
37.5495
37.5495
37.5495
37.5495
37.5495
36.7447
36.7447
36.7447
36.7447
36.7447
36.7447
36.7447
36.7447
35.8167
35.8167
35.8167
35.8167
35.8167
35.8167
35.8167
35.8167
34.7921
34.7921
34.7921
34.7921
34.7921
34.7921
34.7921
34.7921
33.6998
33.6998
33.6998
33.6998
33.6998
33.6998
33.6998
33.6998
32.5676
32.5676
32.5676
32.5676
32.5676
32.5676
32.5676
32.5676
41.0689
41.0689
41.0689
41.0689
41.0689
41.0689
41.0689
41.0689
40.7818
40.7818
40.7818
40.7818
40.7818
40.7818
40.7818
40.7818
40.5697
40.5697
40.5697
40.5697
40.5697
40.5697
40.5697
40.5697
40.3856
40.3856
40.3856
40.3856
40.3856
40.3856
40.3856
40.3856
40.184
40.184
40.184
40.184
40.184
40.184
40.184
40.184
39.9245
39.9245
39.9245
39.9245
39.9245
39.9245
39.9245
39.9245
39.574
39.574
39.574
39.574
39.574
39.574
39.574
39.574
39.1091
39.1091
39.1091
39.1091
39.1091
39.1091
39.1091
39.1091
38.517
38.517
38.517
38.517
38.517
38.517
38.517
38.517
37.7962
37.7962
37.7962
37.7962
37.7962
37.7962
37.7962
37.7962
36.9547
36.9547
36.9547
36.9547
36.9547
36.9547
36.9547
36.9547
36.0089
36.0089
36.0089
36.0089
36.0089
36.0089
36.0089
36.0089
34.9809
34.9809
34.9809
34.9809
34.9809
34.9809
34.9809
34.9809
33.8953
33.8953
33.8953
33.8953
33.8953
33.8953
33.8953
33.8953
32.7773
32.7773
32.7773
32.7773
32.7773
32.7773
32.7773
32.7773
31.6505
31.6505
31.6505
31.6505
31.6505
31.6505
31.6505
31.6505
41.0689
41.0689
41.0689
41.0689
41.0689
41.0689
41.0689
41.0689
40.7818
40.7818
40.7818
40.7818
40.7818
40.7818
40.7818
40.7818
40.5697
40.5697
40.5697
40.5697
40.5697
40.5697
40.5697
40.5697
40.3856
40.3856
40.3856
40.3856
40.3856
40.3856
40.3856
40.3856
40.184
40.184
40.184
40.184
40.184
40.184
40.184
40.184
39.9245
39.9245
39.9245
39.9245
39.9245
39.9245
39.9245
39.9245
39.574
39.574
39.574
39.574
39.574
39.574
39.574
39.574
39.1091
39.1091
39.1091
39.1091
39.1091
39.1091
39.1091
39.1091
38.517
38.517
38.517
38.517
38.517
38.517
38.517
38.517
37.7962
37.7962
37.7962
37.7962
37.7962
37.7962
37.7962
37.7962
36.9547
36.9547
36.9547
36.9547
36.9547
36.9547
36.9547
36.9547
36.0089
36.0089
36.0089
36.0089
36.0089
36.0089
36.0089
36.0089
34.9809
34.9809
34.9809
34.9809
34.9809
34.9809
34.9809
34.9809
33.8953
33.8953
33.8953
33.8953
33.8953
33.8953
33.8953
33.8953
32.7773
32.7773
32.7773
32.7773
32.7773
32.7773
32.7773
32.7773
31.6505
31.6505
31.6505
31.6505
31.6505
31.6505
31.6505
31.6505
41.0689
41.0689
41.0689
41.0689
41.0689
41.0689
41.0689
41.0689
40.7818
40.7818
40.7818
40.7818
40.7818
40.7818
40.7818
40.7818
40.5697
40.5697
40.5697
40.5697
40.5697
40.5697
40.5697
40.5697
40.3856
40.3856
40.3856
40.3856
40.3856
40.3856
40.3856
40.3856
40.184
40.184
40.184
40.184
40.184
40.184
40.184
40.184
39.9245
39.9245
39.9245
39.9245
39.9245
39.9245
39.9245
39.9245
39.574
39.574
39.574
39.574
39.574
39.574
39.574
39.574
39.1091
39.1091
39.1091
39.1091
39.1091
39.1091
39.1091
39.1091
38.517
38.517
38.517
38.517
38.517
38.517
38.517
38.517
37.7962
37.7962
37.7962
37.7962
37.7962
37.7962
37.7962
37.7962
36.9547
36.9547
36.9547
36.9547
36.9547
36.9547
36.9547
36.9547
36.0089
36.0089
36.0089
36.0089
36.0089
36.0089
36.0089
36.0089
34.9809
34.9809
34.9809
34.9809
34.9809
34.9809
34.9809
34.9809
33.8953
33.8953
33.8953
33.8953
33.8953
33.8953
33.8953
33.8953
32.7773
32.7773
32.7773
32.7773
32.7773
32.7773
32.7773
32.7773
31.6505
31.6505
31.6505
31.6505
31.6505
31.6505
31.6505
31.6505
41.0689
41.0689
41.0689
41.0689
41.0689
41.0689
41.0689
41.0689
40.7818
40.7818
40.7818
40.7818
40.7818
40.7818
40.7818
40.7818
40.5697
40.5697
40.5697
40.5697
40.5697
40.5697
40.5697
40.5697
40.3856
40.3856
40.3856
40.3856
40.3856
40.3856
40.3856
40.3856
40.184
40.184
40.184
40.184
40.184
40.184
40.184
40.184
39.9245
39.9245
39.9245
39.9245
39.9245
39.9245
39.9245
39.9245
39.574
39.574
39.574
39.574
39.574
39.574
39.574
39.574
39.1091
39.1091
39.1091
39.1091
39.1091
39.1091
39.1091
39.1091
38.517
38.517
38.517
38.517
38.517
38.517
38.517
38.517
37.7962
37.7962
37.7962
37.7962
37.7962
37.7962
37.7962
37.7962
36.9547
36.9547
36.9547
36.9547
36.9547
36.9547
36.9547
36.9547
36.0089
36.0089
36.0089
36.0089
36.0089
36.0089
36.0089
36.0089
34.9809
34.9809
34.9809
34.9809
34.9809
34.9809
34.9809
34.9809
33.8953
33.8953
33.8953
33.8953
33.8953
33.8953
33.8953
33.8953
32.7773
32.7773
32.7773
32.7773
32.7773
32.7773
32.7773
32.7773
31.6505
31.6505
31.6505
31.6505
31.6505
31.6505
31.6505
31.6505
42.8112
42.8112
42.8112
42.8112
42.8112
42.8112
42.8112
42.8112
42.1317
42.1317
42.1317
42.1317
42.1317
42.1317
42.1317
42.1317
41.5334
41.5334
41.5334
41.5334
41.5334
41.5334
41.5334
41.5334
40.9749
40.9749
40.9749
40.9749
40.9749
40.9749
40.9749
40.9749
40.417
40.417
40.417
40.417
40.417
40.417
40.417
40.417
39.8256
39.8256
39.8256
39.8256
39.8256
39.8256
39.8256
39.8256
39.1739
39.1739
39.1739
39.1739
39.1739
39.1739
39.1739
39.1739
38.4438
38.4438
38.4438
38.4438
38.4438
38.4438
38.4438
38.4438
37.6269
37.6269
37.6269
37.6269
37.6269
37.6269
37.6269
37.6269
36.7242
36.7242
36.7242
36.7242
36.7242
36.7242
36.7242
36.7242
35.7447
35.7447
35.7447
35.7447
35.7447
35.7447
35.7447
35.7447
34.7036
34.7036
34.7036
34.7036
34.7036
34.7036
34.7036
34.7036
33.6203
33.6203
33.6203
33.6203
33.6203
33.6203
33.6203
33.6203
32.5156
32.5156
32.5156
32.5156
32.5156
32.5156
32.5156
32.5156
31.41
31.41
31.41
31.41
31.41
31.41
31.41
31.41
30.3218
30.3218
30.3218
30.3218
30.3218
30.3218
30.3218
30.3218
42.8112
42.8112
42.8112
42.8112
42.8112
42.8112
42.8112
42.8112
42.1317
42.1317
42.1317
42.1317
42.1317
42.1317
42.1317
42.1317
41.5334
41.5334
41.5334
41.5334
41.5334
41.5334
41.5334
41.5334
40.9749
40.9749
40.9749
40.9749
40.9749
40.9749
40.9749
40.9749
40.417
40.417
40.417
40.417
40.417
40.417
40.417
40.417
39.8256
39.8256
39.8256
39.8256
39.8256
39.8256
39.8256
39.8256
39.1739
39.1739
39.1739
39.1739
39.1739
39.1739
39.1739
39.1739
38.4438
38.4438
38.4438
38.4438
38.4438
38.4438
38.4438
38.4438
37.6269
37.6269
37.6269
37.6269
37.6269
37.6269
37.6269
37.6269
36.7242
36.7242
36.7242
36.7242
36.7242
36.7242
36.7242
36.7242
35.7447
35.7447
35.7447
35.7447
35.7447
35.7447
35.7447
35.7447
34.7036
34.7036
34.7036
34.7036
34.7036
34.7036
34.7036
34.7036
33.6203
33.6203
33.6203
33.6203
33.6203
33.6203
33.6203
33.6203
32.5156
32.5156
32.5156
32.5156
32.5156
32.5156
32.5156
32.5156
31.41
31.41
31.41
31.41
31.41
31.41
31.41
31.41
30.3218
30.3218
30.3218
30.3218
30.3218
30.3218
30.3218
30.3218
42.8112
42.8112
42.8112
42.8112
42.8112
42.8112
42.8112
42.8112
42.1317
42.1317
42.1317
42.1317
42.1317
42.1317
42.1317
42.1317
41.5334
41.5334
41.5334
41.5334
41.5334
41.5334
41.5334
41.5334
40.9749
40.9749
40.9749
40.9749
40.9749
40.9749
40.9749
40.9749
40.417
40.417
40.417
40.417
40.417
40.417
40.417
40.417
39.8256
39.8256
39.8256
39.8256
39.8256
39.8256
39.8256
39.8256
39.1739
39.1739
39.1739
39.1739
39.1739
39.1739
39.1739
39.1739
38.4438
38.4438
38.4438
38.4438
38.4438
38.4438
38.4438
38.4438
37.6269
37.6269
37.6269
37.6269
37.6269
37.6269
37.6269
37.6269
36.7242
36.7242
36.7242
36.7242
36.7242
36.7242
36.7242
36.7242
35.7447
35.7447
35.7447
35.7447
35.7447
35.7447
35.7447
35.7447
34.7036
34.7036
34.7036
34.7036
34.7036
34.7036
34.7036
34.7036
33.6203
33.6203
33.6203
33.6203
33.6203
33.6203
33.6203
33.6203
32.5156
32.5156
32.5156
32.5156
32.5156
32.5156
32.5156
32.5156
31.41
31.41
31.41
31.41
31.41
31.41
31.41
31.41
30.3218
30.3218
30.3218
30.3218
30.3218
30.3218
30.3218
30.3218
42.8112
42.8112
42.8112
42.8112
42.8112
42.8112
42.8112
42.8112
42.1317
42.1317
42.1317
42.1317
42.1317
42.1317
42.1317
42.1317
41.5334
41.5334
41.5334
41.5334
41.5334
41.5334
41.5334
41.5334
40.9749
40.9749
40.9749
40.9749
40.9749
40.9749
40.9749
40.9749
40.417
40.417
40.417
40.417
40.417
40.417
40.417
40.417
39.8256
39.8256
39.8256
39.8256
39.8256
39.8256
39.8256
39.8256
39.1739
39.1739
39.1739
39.1739
39.1739
39.1739
39.1739
39.1739
38.4438
38.4438
38.4438
38.4438
38.4438
38.4438
38.4438
38.4438
37.6269
37.6269
37.6269
37.6269
37.6269
37.6269
37.6269
37.6269
36.7242
36.7242
36.7242
36.7242
36.7242
36.7242
36.7242
36.7242
35.7447
35.7447
35.7447
35.7447
35.7447
35.7447
35.7447
35.7447
34.7036
34.7036
34.7036
34.7036
34.7036
34.7036
34.7036
34.7036
33.6203
33.6203
33.6203
33.6203
33.6203
33.6203
33.6203
33.6203
32.5156
32.5156
32.5156
32.5156
32.5156
32.5156
32.5156
32.5156
31.41
31.41
31.41
31.41
31.41
31.41
31.41
31.41
30.3218
30.3218
30.3218
30.3218
30.3218
30.3218
30.3218
30.3218
43.8719
43.8719
43.8719
43.8719
43.8719
43.8719
43.8719
43.8719
42.7712
42.7712
42.7712
42.7712
42.7712
42.7712
42.7712
42.7712
41.7719
41.7719
41.7719
41.7719
41.7719
41.7719
41.7719
41.7719
40.8382
40.8382
40.8382
40.8382
40.8382
40.8382
40.8382
40.8382
39.9366
39.9366
39.9366
39.9366
39.9366
39.9366
39.9366
39.9366
39.0378
39.0378
39.0378
39.0378
39.0378
39.0378
39.0378
39.0378
38.119
38.119
38.119
38.119
38.119
38.119
38.119
38.119
37.1653
37.1653
37.1653
37.1653
37.1653
37.1653
37.1653
37.1653
36.1695
36.1695
36.1695
36.1695
36.1695
36.1695
36.1695
36.1695
35.1325
35.1325
35.1325
35.1325
35.1325
35.1325
35.1325
35.1325
34.0615
34.0615
34.0615
34.0615
34.0615
34.0615
34.0615
34.0615
32.9686
32.9686
32.9686
32.9686
32.9686
32.9686
32.9686
32.9686
31.8689
31.8689
31.8689
31.8689
31.8689
31.8689
31.8689
31.8689
30.7782
30.7782
30.7782
30.7782
30.7782
30.7782
30.7782
30.7782
29.7119
29.7119
29.7119
29.7119
29.7119
29.7119
29.7119
29.7119
28.683
28.683
28.683
28.683
28.683
28.683
28.683
28.683
43.8719
43.8719
43.8719
43.8719
43.8719
43.8719
43.8719
43.8719
42.7712
42.7712
42.7712
42.7712
42.7712
42.7712
42.7712
42.7712
41.7719
41.7719
41.7719
41.7719
41.7719
41.7719
41.7719
41.7719
40.8382
40.8382
40.8382
40.8382
40.8382
40.8382
40.8382
40.8382
39.9366
39.9366
39.9366
39.9366
39.9366
39.9366
39.9366
39.9366
39.0378
39.0378
39.0378
39.0378
39.0378
39.0378
39.0378
39.0378
38.119
38.119
38.119
38.119
38.119
38.119
38.119
38.119
37.1653
37.1653
37.1653
37.1653
37.1653
37.1653
37.1653
37.1653
36.1695
36.1695
36.1695
36.1695
36.1695
36.1695
36.1695
36.1695
35.1325
35.1325
35.1325
35.1325
35.1325
35.1325
35.1325
35.1325
34.0615
34.0615
34.0615
34.0615
34.0615
34.0615
34.0615
34.0615
32.9686
32.9686
32.9686
32.9686
32.9686
32.9686
32.9686
32.9686
31.8689
31.8689
31.8689
31.8689
31.8689
31.8689
31.8689
31.8689
30.7782
30.7782
30.7782
30.7782
30.7782
30.7782
30.7782
30.7782
29.7119
29.7119
29.7119
29.7119
29.7119
29.7119
29.7119
29.7119
28.683
28.683
28.683
28.683
28.683
28.683
28.683
28.683
43.8719
43.8719
43.8719
43.8719
43.8719
43.8719
43.8719
43.8719
42.7712
42.7712
42.7712
42.7712
42.7712
42.7712
42.7712
42.7712
41.7719
41.7719
41.7719
41.7719
41.7719
41.7719
41.7719
41.7719
40.8382
40.8382
40.8382
40.8382
40.8382
40.8382
40.8382
40.8382
39.9366
39.9366
39.9366
39.9366
39.9366
39.9366
39.9366
39.9366
39.0378
39.0378
39.0378
39.0378
39.0378
39.0378
39.0378
39.0378
38.119
38.119
38.119
38.119
38.119
38.119
38.119
38.119
37.1653
37.1653
37.1653
37.1653
37.1653
37.1653
37.1653
37.1653
36.1695
36.1695
36.1695
36.1695
36.1695
36.1695
36.1695
36.1695
35.1325
35.1325
35.1325
35.1325
35.1325
35.1325
35.1325
35.1325
34.0615
34.0615
34.0615
34.0615
34.0615
34.0615
34.0615
34.0615
32.9686
32.9686
32.9686
32.9686
32.9686
32.9686
32.9686
32.9686
31.8689
31.8689
31.8689
31.8689
31.8689
31.8689
31.8689
31.8689
30.7782
30.7782
30.7782
30.7782
30.7782
30.7782
30.7782
30.7782
29.7119
29.7119
29.7119
29.7119
29.7119
29.7119
29.7119
29.7119
28.683
28.683
28.683
28.683
28.683
28.683
28.683
28.683
43.8719
43.8719
43.8719
43.8719
43.8719
43.8719
43.8719
43.8719
42.7712
42.7712
42.7712
42.7712
42.7712
42.7712
42.7712
42.7712
41.7719
41.7719
41.7719
41.7719
41.7719
41.7719
41.7719
41.7719
40.8382
40.8382
40.8382
40.8382
40.8382
40.8382
40.8382
40.8382
39.9366
39.9366
39.9366
39.9366
39.9366
39.9366
39.9366
39.9366
39.0378
39.0378
39.0378
39.0378
39.0378
39.0378
39.0378
39.0378
38.119
38.119
38.119
38.119
38.119
38.119
38.119
38.119
37.1653
37.1653
37.1653
37.1653
37.1653
37.1653
37.1653
37.1653
36.1695
36.1695
36.1695
36.1695
36.1695
36.1695
36.1695
36.1695
35.1325
35.1325
35.1325
35.1325
35.1325
35.1325
35.1325
35.1325
34.0615
34.0615
34.0615
34.0615
34.0615
34.0615
34.0615
34.0615
32.9686
32.9686
32.9686
32.9686
32.9686
32.9686
32.9686
32.9686
31.8689
31.8689
31.8689
31.8689
31.8689
31.8689
31.8689
31.8689
30.7782
30.7782
30.7782
30.7782
30.7782
30.7782
30.7782
30.7782
29.7119
29.7119
29.7119
29.7119
29.7119
29.7119
29.7119
29.7119
28.683
28.683
28.683
28.683
28.683
28.683
28.683
28.683
44.2516
44.2516
44.2516
44.2516
44.2516
44.2516
44.2516
44.2516
42.738
42.738
42.738
42.738
42.738
42.738
42.738
42.738
41.3585
41.3585
41.3585
41.3585
41.3585
41.3585
41.3585
41.3585
40.0816
40.0816
40.0816
40.0816
40.0816
40.0816
40.0816
40.0816
38.8773
38.8773
38.8773
38.8773
38.8773
38.8773
38.8773
38.8773
37.7187
37.7187
37.7187
37.7187
37.7187
37.7187
37.7187
37.7187
36.5847
36.5847
36.5847
36.5847
36.5847
36.5847
36.5847
36.5847
35.4603
35.4603
35.4603
35.4603
35.4603
35.4603
35.4603
35.4603
34.3374
34.3374
34.3374
34.3374
34.3374
34.3374
34.3374
34.3374
33.2143
33.2143
33.2143
33.2143
33.2143
33.2143
33.2143
33.2143
32.0946
32.0946
32.0946
32.0946
32.0946
32.0946
32.0946
32.0946
30.986
30.986
30.986
30.986
30.986
30.986
30.986
30.986
29.8984
29.8984
29.8984
29.8984
29.8984
29.8984
29.8984
29.8984
28.843
28.843
28.843
28.843
28.843
28.843
28.843
28.843
27.8299
27.8299
27.8299
27.8299
27.8299
27.8299
27.8299
27.8299
26.8679
26.8679
26.8679
26.8679
26.8679
26.8679
26.8679
26.8679
44.2516
44.2516
44.2516
44.2516
44.2516
44.2516
44.2516
44.2516
42.738
42.738
42.738
42.738
42.738
42.738
42.738
42.738
41.3585
41.3585
41.3585
41.3585
41.3585
41.3585
41.3585
41.3585
40.0816
40.0816
40.0816
40.0816
40.0816
40.0816
40.0816
40.0816
38.8773
38.8773
38.8773
38.8773
38.8773
38.8773
38.8773
38.8773
37.7187
37.7187
37.7187
37.7187
37.7187
37.7187
37.7187
37.7187
36.5847
36.5847
36.5847
36.5847
36.5847
36.5847
36.5847
36.5847
35.4603
35.4603
35.4603
35.4603
35.4603
35.4603
35.4603
35.4603
34.3374
34.3374
34.3374
34.3374
34.3374
34.3374
34.3374
34.3374
33.2143
33.2143
33.2143
33.2143
33.2143
33.2143
33.2143
33.2143
32.0946
32.0946
32.0946
32.0946
32.0946
32.0946
32.0946
32.0946
30.986
30.986
30.986
30.986
30.986
30.986
30.986
30.986
29.8984
29.8984
29.8984
29.8984
29.8984
29.8984
29.8984
29.8984
28.843
28.843
28.843
28.843
28.843
28.843
28.843
28.843
27.8299
27.8299
27.8299
27.8299
27.8299
27.8299
27.8299
27.8299
26.8679
26.8679
26.8679
26.8679
26.8679
26.8679
26.8679
26.8679
44.2516
44.2516
44.2516
44.2516
44.2516
44.2516
44.2516
44.2516
42.738
42.738
42.738
42.738
42.738
42.738
42.738
42.738
41.3585
41.3585
41.3585
41.3585
41.3585
41.3585
41.3585
41.3585
40.0816
40.0816
40.0816
40.0816
40.0816
40.0816
40.0816
40.0816
38.8773
38.8773
38.8773
38.8773
38.8773
38.8773
38.8773
38.8773
37.7187
37.7187
37.7187
37.7187
37.7187
37.7187
37.7187
37.7187
36.5847
36.5847
36.5847
36.5847
36.5847
36.5847
36.5847
36.5847
35.4603
35.4603
35.4603
35.4603
35.4603
35.4603
35.4603
35.4603
34.3374
34.3374
34.3374
34.3374
34.3374
34.3374
34.3374
34.3374
33.2143
33.2143
33.2143
33.2143
33.2143
33.2143
33.2143
33.2143
32.0946
32.0946
32.0946
32.0946
32.0946
32.0946
32.0946
32.0946
30.986
30.986
30.986
30.986
30.986
30.986
30.986
30.986
29.8984
29.8984
29.8984
29.8984
29.8984
29.8984
29.8984
29.8984
28.843
28.843
28.843
28.843
28.843
28.843
28.843
28.843
27.8299
27.8299
27.8299
27.8299
27.8299
27.8299
27.8299
27.8299
26.8679
26.8679
26.8679
26.8679
26.8679
26.8679
26.8679
26.8679
44.2516
44.2516
44.2516
44.2516
44.2516
44.2516
44.2516
44.2516
42.738
42.738
42.738
42.738
42.738
42.738
42.738
42.738
41.3585
41.3585
41.3585
41.3585
41.3585
41.3585
41.3585
41.3585
40.0816
40.0816
40.0816
40.0816
40.0816
40.0816
40.0816
40.0816
38.8773
38.8773
38.8773
38.8773
38.8773
38.8773
38.8773
38.8773
37.7187
37.7187
37.7187
37.7187
37.7187
37.7187
37.7187
37.7187
36.5847
36.5847
36.5847
36.5847
36.5847
36.5847
36.5847
36.5847
35.4603
35.4603
35.4603
35.4603
35.4603
35.4603
35.4603
35.4603
34.3374
34.3374
34.3374
34.3374
34.3374
34.3374
34.3374
34.3374
33.2143
33.2143
33.2143
33.2143
33.2143
33.2143
33.2143
33.2143
32.0946
32.0946
32.0946
32.0946
32.0946
32.0946
32.0946
32.0946
30.986
30.986
30.986
30.986
30.986
30.986
30.986
30.986
29.8984
29.8984
29.8984
29.8984
29.8984
29.8984
29.8984
29.8984
28.843
28.843
28.843
28.843
28.843
28.843
28.843
28.843
27.8299
27.8299
27.8299
27.8299
27.8299
27.8299
27.8299
27.8299
26.8679
26.8679
26.8679
26.8679
26.8679
26.8679
26.8679
26.8679
44.0332
44.0332
44.0332
44.0332
44.0332
44.0332
44.0332
44.0332
42.1492
42.1492
42.1492
42.1492
42.1492
42.1492
42.1492
42.1492
40.4403
40.4403
40.4403
40.4403
40.4403
40.4403
40.4403
40.4403
38.8773
38.8773
38.8773
38.8773
38.8773
38.8773
38.8773
38.8773
37.4309
37.4309
37.4309
37.4309
37.4309
37.4309
37.4309
37.4309
36.0743
36.0743
36.0743
36.0743
36.0743
36.0743
36.0743
36.0743
34.7851
34.7851
34.7851
34.7851
34.7851
34.7851
34.7851
34.7851
33.5461
33.5461
33.5461
33.5461
33.5461
33.5461
33.5461
33.5461
32.3463
32.3463
32.3463
32.3463
32.3463
32.3463
32.3463
32.3463
31.1797
31.1797
31.1797
31.1797
31.1797
31.1797
31.1797
31.1797
30.0456
30.0456
30.0456
30.0456
30.0456
30.0456
30.0456
30.0456
28.9468
28.9468
28.9468
28.9468
28.9468
28.9468
28.9468
28.9468
27.8884
27.8884
27.8884
27.8884
27.8884
27.8884
27.8884
27.8884
26.877
26.877
26.877
26.877
26.877
26.877
26.877
26.877
25.9189
25.9189
25.9189
25.9189
25.9189
25.9189
25.9189
25.9189
25.0192
25.0192
25.0192
25.0192
25.0192
25.0192
25.0192
25.0192
44.0332
44.0332
44.0332
44.0332
44.0332
44.0332
44.0332
44.0332
42.1492
42.1492
42.1492
42.1492
42.1492
42.1492
42.1492
42.1492
40.4403
40.4403
40.4403
40.4403
40.4403
40.4403
40.4403
40.4403
38.8773
38.8773
38.8773
38.8773
38.8773
38.8773
38.8773
38.8773
37.4309
37.4309
37.4309
37.4309
37.4309
37.4309
37.4309
37.4309
36.0743
36.0743
36.0743
36.0743
36.0743
36.0743
36.0743
36.0743
34.7851
34.7851
34.7851
34.7851
34.7851
34.7851
34.7851
34.7851
33.5461
33.5461
33.5461
33.5461
33.5461
33.5461
33.5461
33.5461
32.3463
32.3463
32.3463
32.3463
32.3463
32.3463
32.3463
32.3463
31.1797
31.1797
31.1797
31.1797
31.1797
31.1797
31.1797
31.1797
30.0456
30.0456
30.0456
30.0456
30.0456
30.0456
30.0456
30.0456
28.9468
28.9468
28.9468
28.9468
28.9468
28.9468
28.9468
28.9468
27.8884
27.8884
27.8884
27.8884
27.8884
27.8884
27.8884
27.8884
26.877
26.877
26.877
26.877
26.877
26.877
26.877
26.877
25.9189
25.9189
25.9189
25.9189
25.9189
25.9189
25.9189
25.9189
25.0192
25.0192
25.0192
25.0192
25.0192
25.0192
25.0192
25.0192
44.0332
44.0332
44.0332
44.0332
44.0332
44.0332
44.0332
44.0332
42.1492
42.1492
42.1492
42.1492
42.1492
42.1492
42.1492
42.1492
40.4403
40.4403
40.4403
40.4403
40.4403
40.4403
40.4403
40.4403
38.8773
38.8773
38.8773
38.8773
38.8773
38.8773
38.8773
38.8773
37.4309
37.4309
37.4309
37.4309
37.4309
37.4309
37.4309
37.4309
36.0743
36.0743
36.0743
36.0743
36.0743
36.0743
36.0743
36.0743
34.7851
34.7851
34.7851
34.7851
34.7851
34.7851
34.7851
34.7851
33.5461
33.5461
33.5461
33.5461
33.5461
33.5461
33.5461
33.5461
32.3463
32.3463
32.3463
32.3463
32.3463
32.3463
32.3463
32.3463
31.1797
31.1797
31.1797
31.1797
31.1797
31.1797
31.1797
31.1797
30.0456
30.0456
30.0456
30.0456
30.0456
30.0456
30.0456
30.0456
28.9468
28.9468
28.9468
28.9468
28.9468
28.9468
28.9468
28.9468
27.8884
27.8884
27.8884
27.8884
27.8884
27.8884
27.8884
27.8884
26.877
26.877
26.877
26.877
26.877
26.877
26.877
26.877
25.9189
25.9189
25.9189
25.9189
25.9189
25.9189
25.9189
25.9189
25.0192
25.0192
25.0192
25.0192
25.0192
25.0192
25.0192
25.0192
44.0332
44.0332
44.0332
44.0332
44.0332
44.0332
44.0332
44.0332
42.1492
42.1492
42.1492
42.1492
42.1492
42.1492
42.1492
42.1492
40.4403
40.4403
40.4403
40.4403
40.4403
40.4403
40.4403
40.4403
38.8773
38.8773
38.8773
38.8773
38.8773
38.8773
38.8773
38.8773
37.4309
37.4309
37.4309
37.4309
37.4309
37.4309
37.4309
37.4309
36.0743
36.0743
36.0743
36.0743
36.0743
36.0743
36.0743
36.0743
34.7851
34.7851
34.7851
34.7851
34.7851
34.7851
34.7851
34.7851
33.5461
33.5461
33.5461
33.5461
33.5461
33.5461
33.5461
33.5461
32.3463
32.3463
32.3463
32.3463
32.3463
32.3463
32.3463
32.3463
31.1797
31.1797
31.1797
31.1797
31.1797
31.1797
31.1797
31.1797
30.0456
30.0456
30.0456
30.0456
30.0456
30.0456
30.0456
30.0456
28.9468
28.9468
28.9468
28.9468
28.9468
28.9468
28.9468
28.9468
27.8884
27.8884
27.8884
27.8884
27.8884
27.8884
27.8884
27.8884
26.877
26.877
26.877
26.877
26.877
26.877
26.877
26.877
25.9189
25.9189
25.9189
25.9189
25.9189
25.9189
25.9189
25.9189
25.0192
25.0192
25.0192
25.0192
25.0192
25.0192
25.0192
25.0192
43.3611
43.3611
43.3611
43.3611
43.3611
43.3611
43.3611
43.3611
41.174
41.174
41.174
41.174
41.174
41.174
41.174
41.174
39.2066
39.2066
39.2066
39.2066
39.2066
39.2066
39.2066
39.2066
37.4289
37.4289
37.4289
37.4289
37.4289
37.4289
37.4289
37.4289
35.8101
35.8101
35.8101
35.8101
35.8101
35.8101
35.8101
35.8101
34.3211
34.3211
34.3211
34.3211
34.3211
34.3211
34.3211
34.3211
32.9362
32.9362
32.9362
32.9362
32.9362
32.9362
32.9362
32.9362
31.6345
31.6345
31.6345
31.6345
31.6345
31.6345
31.6345
31.6345
30.4005
30.4005
30.4005
30.4005
30.4005
30.4005
30.4005
30.4005
29.2239
29.2239
29.2239
29.2239
29.2239
29.2239
29.2239
29.2239
28.0992
28.0992
28.0992
28.0992
28.0992
28.0992
28.0992
28.0992
27.0246
27.0246
27.0246
27.0246
27.0246
27.0246
27.0246
27.0246
26.0012
26.0012
26.0012
26.0012
26.0012
26.0012
26.0012
26.0012
25.0319
25.0319
25.0319
25.0319
25.0319
25.0319
25.0319
25.0319
24.12
24.12
24.12
24.12
24.12
24.12
24.12
24.12
23.2685
23.2685
23.2685
23.2685
23.2685
23.2685
23.2685
23.2685
43.3611
43.3611
43.3611
43.3611
43.3611
43.3611
43.3611
43.3611
41.174
41.174
41.174
41.174
41.174
41.174
41.174
41.174
39.2066
39.2066
39.2066
39.2066
39.2066
39.2066
39.2066
39.2066
37.4289
37.4289
37.4289
37.4289
37.4289
37.4289
37.4289
37.4289
35.8101
35.8101
35.8101
35.8101
35.8101
35.8101
35.8101
35.8101
34.3211
34.3211
34.3211
34.3211
34.3211
34.3211
34.3211
34.3211
32.9362
32.9362
32.9362
32.9362
32.9362
32.9362
32.9362
32.9362
31.6345
31.6345
31.6345
31.6345
31.6345
31.6345
31.6345
31.6345
30.4005
30.4005
30.4005
30.4005
30.4005
30.4005
30.4005
30.4005
29.2239
29.2239
29.2239
29.2239
29.2239
29.2239
29.2239
29.2239
28.0992
28.0992
28.0992
28.0992
28.0992
28.0992
28.0992
28.0992
27.0246
27.0246
27.0246
27.0246
27.0246
27.0246
27.0246
27.0246
26.0012
26.0012
26.0012
26.0012
26.0012
26.0012
26.0012
26.0012
25.0319
25.0319
25.0319
25.0319
25.0319
25.0319
25.0319
25.0319
24.12
24.12
24.12
24.12
24.12
24.12
24.12
24.12
23.2685
23.2685
23.2685
23.2685
23.2685
23.2685
23.2685
23.2685
43.3611
43.3611
43.3611
43.3611
43.3611
43.3611
43.3611
43.3611
41.174
41.174
41.174
41.174
41.174
41.174
41.174
41.174
39.2066
39.2066
39.2066
39.2066
39.2066
39.2066
39.2066
39.2066
37.4289
37.4289
37.4289
37.4289
37.4289
37.4289
37.4289
37.4289
35.8101
35.8101
35.8101
35.8101
35.8101
35.8101
35.8101
35.8101
34.3211
34.3211
34.3211
34.3211
34.3211
34.3211
34.3211
34.3211
32.9362
32.9362
32.9362
32.9362
32.9362
32.9362
32.9362
32.9362
31.6345
31.6345
31.6345
31.6345
31.6345
31.6345
31.6345
31.6345
30.4005
30.4005
30.4005
30.4005
30.4005
30.4005
30.4005
30.4005
29.2239
29.2239
29.2239
29.2239
29.2239
29.2239
29.2239
29.2239
28.0992
28.0992
28.0992
28.0992
28.0992
28.0992
28.0992
28.0992
27.0246
27.0246
27.0246
27.0246
27.0246
27.0246
27.0246
27.0246
26.0012
26.0012
26.0012
26.0012
26.0012
26.0012
26.0012
26.0012
25.0319
25.0319
25.0319
25.0319
25.0319
25.0319
25.0319
25.0319
24.12
24.12
24.12
24.12
24.12
24.12
24.12
24.12
23.2685
23.2685
23.2685
23.2685
23.2685
23.2685
23.2685
23.2685
43.3611
43.3611
43.3611
43.3611
43.3611
43.3611
43.3611
43.3611
41.174
41.174
41.174
41.174
41.174
41.174
41.174
41.174
39.2066
39.2066
39.2066
39.2066
39.2066
39.2066
39.2066
39.2066
37.4289
37.4289
37.4289
37.4289
37.4289
37.4289
37.4289
37.4289
35.8101
35.8101
35.8101
35.8101
35.8101
35.8101
35.8101
35.8101
34.3211
34.3211
34.3211
34.3211
34.3211
34.3211
34.3211
34.3211
32.9362
32.9362
32.9362
32.9362
32.9362
32.9362
32.9362
32.9362
31.6345
31.6345
31.6345
31.6345
31.6345
31.6345
31.6345
31.6345
30.4005
30.4005
30.4005
30.4005
30.4005
30.4005
30.4005
30.4005
29.2239
29.2239
29.2239
29.2239
29.2239
29.2239
29.2239
29.2239
28.0992
28.0992
28.0992
28.0992
28.0992
28.0992
28.0992
28.0992
27.0246
27.0246
27.0246
27.0246
27.0246
27.0246
27.0246
27.0246
26.0012
26.0012
26.0012
26.0012
26.0012
26.0012
26.0012
26.0012
25.0319
25.0319
25.0319
25.0319
25.0319
25.0319
25.0319
25.0319
24.12
24.12
24.12
24.12
24.12
24.12
24.12
24.12
23.2685
23.2685
23.2685
23.2685
23.2685
23.2685
23.2685
23.2685
42.4111
42.4111
42.4111
42.4111
42.4111
42.4111
42.4111
42.4111
40.002
40.002
40.002
40.002
40.002
40.002
40.002
40.002
37.8551
37.8551
37.8551
37.8551
37.8551
37.8551
37.8551
37.8551
35.938
35.938
35.938
35.938
35.938
35.938
35.938
35.938
34.2161
34.2161
34.2161
34.2161
34.2161
34.2161
34.2161
34.2161
32.6562
32.6562
32.6562
32.6562
32.6562
32.6562
32.6562
32.6562
31.2283
31.2283
31.2283
31.2283
31.2283
31.2283
31.2283
31.2283
29.9069
29.9069
29.9069
29.9069
29.9069
29.9069
29.9069
29.9069
28.6718
28.6718
28.6718
28.6718
28.6718
28.6718
28.6718
28.6718
27.5081
27.5081
27.5081
27.5081
27.5081
27.5081
27.5081
27.5081
26.406
26.406
26.406
26.406
26.406
26.406
26.406
26.406
25.36
25.36
25.36
25.36
25.36
25.36
25.36
25.36
24.3681
24.3681
24.3681
24.3681
24.3681
24.3681
24.3681
24.3681
23.4303
23.4303
23.4303
23.4303
23.4303
23.4303
23.4303
23.4303
22.5485
22.5485
22.5485
22.5485
22.5485
22.5485
22.5485
22.5485
21.7247
21.7247
21.7247
21.7247
21.7247
21.7247
21.7247
21.7247
42.4111
42.4111
42.4111
42.4111
42.4111
42.4111
42.4111
42.4111
40.002
40.002
40.002
40.002
40.002
40.002
40.002
40.002
37.8551
37.8551
37.8551
37.8551
37.8551
37.8551
37.8551
37.8551
35.938
35.938
35.938
35.938
35.938
35.938
35.938
35.938
34.2161
34.2161
34.2161
34.2161
34.2161
34.2161
34.2161
34.2161
32.6562
32.6562
32.6562
32.6562
32.6562
32.6562
32.6562
32.6562
31.2283
31.2283
31.2283
31.2283
31.2283
31.2283
31.2283
31.2283
29.9069
29.9069
29.9069
29.9069
29.9069
29.9069
29.9069
29.9069
28.6718
28.6718
28.6718
28.6718
28.6718
28.6718
28.6718
28.6718
27.5081
27.5081
27.5081
27.5081
27.5081
27.5081
27.5081
27.5081
26.406
26.406
26.406
26.406
26.406
26.406
26.406
26.406
25.36
25.36
25.36
25.36
25.36
25.36
25.36
25.36
24.3681
24.3681
24.3681
24.3681
24.3681
24.3681
24.3681
24.3681
23.4303
23.4303
23.4303
23.4303
23.4303
23.4303
23.4303
23.4303
22.5485
22.5485
22.5485
22.5485
22.5485
22.5485
22.5485
22.5485
21.7247
21.7247
21.7247
21.7247
21.7247
21.7247
21.7247
21.7247
42.4111
42.4111
42.4111
42.4111
42.4111
42.4111
42.4111
42.4111
40.002
40.002
40.002
40.002
40.002
40.002
40.002
40.002
37.8551
37.8551
37.8551
37.8551
37.8551
37.8551
37.8551
37.8551
35.938
35.938
35.938
35.938
35.938
35.938
35.938
35.938
34.2161
34.2161
34.2161
34.2161
34.2161
34.2161
34.2161
34.2161
32.6562
32.6562
32.6562
32.6562
32.6562
32.6562
32.6562
32.6562
31.2283
31.2283
31.2283
31.2283
31.2283
31.2283
31.2283
31.2283
29.9069
29.9069
29.9069
29.9069
29.9069
29.9069
29.9069
29.9069
28.6718
28.6718
28.6718
28.6718
28.6718
28.6718
28.6718
28.6718
27.5081
27.5081
27.5081
27.5081
27.5081
27.5081
27.5081
27.5081
26.406
26.406
26.406
26.406
26.406
26.406
26.406
26.406
25.36
25.36
25.36
25.36
25.36
25.36
25.36
25.36
24.3681
24.3681
24.3681
24.3681
24.3681
24.3681
24.3681
24.3681
23.4303
23.4303
23.4303
23.4303
23.4303
23.4303
23.4303
23.4303
22.5485
22.5485
22.5485
22.5485
22.5485
22.5485
22.5485
22.5485
21.7247
21.7247
21.7247
21.7247
21.7247
21.7247
21.7247
21.7247
42.4111
42.4111
42.4111
42.4111
42.4111
42.4111
42.4111
42.4111
40.002
40.002
40.002
40.002
40.002
40.002
40.002
40.002
37.8551
37.8551
37.8551
37.8551
37.8551
37.8551
37.8551
37.8551
35.938
35.938
35.938
35.938
35.938
35.938
35.938
35.938
34.2161
34.2161
34.2161
34.2161
34.2161
34.2161
34.2161
34.2161
32.6562
32.6562
32.6562
32.6562
32.6562
32.6562
32.6562
32.6562
31.2283
31.2283
31.2283
31.2283
31.2283
31.2283
31.2283
31.2283
29.9069
29.9069
29.9069
29.9069
29.9069
29.9069
29.9069
29.9069
28.6718
28.6718
28.6718
28.6718
28.6718
28.6718
28.6718
28.6718
27.5081
27.5081
27.5081
27.5081
27.5081
27.5081
27.5081
27.5081
26.406
26.406
26.406
26.406
26.406
26.406
26.406
26.406
25.36
25.36
25.36
25.36
25.36
25.36
25.36
25.36
24.3681
24.3681
24.3681
24.3681
24.3681
24.3681
24.3681
24.3681
23.4303
23.4303
23.4303
23.4303
23.4303
23.4303
23.4303
23.4303
22.5485
22.5485
22.5485
22.5485
22.5485
22.5485
22.5485
22.5485
21.7247
21.7247
21.7247
21.7247
21.7247
21.7247
21.7247
21.7247
41.3624
41.3624
41.3624
41.3624
41.3624
41.3624
41.3624
41.3624
38.8149
38.8149
38.8149
38.8149
38.8149
38.8149
38.8149
38.8149
36.5667
36.5667
36.5667
36.5667
36.5667
36.5667
36.5667
36.5667
34.5809
34.5809
34.5809
34.5809
34.5809
34.5809
34.5809
34.5809
32.8183
32.8183
32.8183
32.8183
32.8183
32.8183
32.8183
32.8183
31.2406
31.2406
31.2406
31.2406
31.2406
31.2406
31.2406
31.2406
29.8129
29.8129
29.8129
29.8129
29.8129
29.8129
29.8129
29.8129
28.5047
28.5047
28.5047
28.5047
28.5047
28.5047
28.5047
28.5047
27.2915
27.2915
27.2915
27.2915
27.2915
27.2915
27.2915
27.2915
26.154
26.154
26.154
26.154
26.154
26.154
26.154
26.154
25.0789
25.0789
25.0789
25.0789
25.0789
25.0789
25.0789
25.0789
24.0578
24.0578
24.0578
24.0578
24.0578
24.0578
24.0578
24.0578
23.0863
23.0863
23.0863
23.0863
23.0863
23.0863
23.0863
23.0863
22.1634
22.1634
22.1634
22.1634
22.1634
22.1634
22.1634
22.1634
21.2903
21.2903
21.2903
21.2903
21.2903
21.2903
21.2903
21.2903
20.4691
20.4691
20.4691
20.4691
20.4691
20.4691
20.4691
20.4691
41.3624
41.3624
41.3624
41.3624
41.3624
41.3624
41.3624
41.3624
38.8149
38.8149
38.8149
38.8149
38.8149
38.8149
38.8149
38.8149
36.5667
36.5667
36.5667
36.5667
36.5667
36.5667
36.5667
36.5667
34.5809
34.5809
34.5809
34.5809
34.5809
34.5809
34.5809
34.5809
32.8183
32.8183
32.8183
32.8183
32.8183
32.8183
32.8183
32.8183
31.2406
31.2406
31.2406
31.2406
31.2406
31.2406
31.2406
31.2406
29.8129
29.8129
29.8129
29.8129
29.8129
29.8129
29.8129
29.8129
28.5047
28.5047
28.5047
28.5047
28.5047
28.5047
28.5047
28.5047
27.2915
27.2915
27.2915
27.2915
27.2915
27.2915
27.2915
27.2915
26.154
26.154
26.154
26.154
26.154
26.154
26.154
26.154
25.0789
25.0789
25.0789
25.0789
25.0789
25.0789
25.0789
25.0789
24.0578
24.0578
24.0578
24.0578
24.0578
24.0578
24.0578
24.0578
23.0863
23.0863
23.0863
23.0863
23.0863
23.0863
23.0863
23.0863
22.1634
22.1634
22.1634
22.1634
22.1634
22.1634
22.1634
22.1634
21.2903
21.2903
21.2903
21.2903
21.2903
21.2903
21.2903
21.2903
20.4691
20.4691
20.4691
20.4691
20.4691
20.4691
20.4691
20.4691
41.3624
41.3624
41.3624
41.3624
41.3624
41.3624
41.3624
41.3624
38.8149
38.8149
38.8149
38.8149
38.8149
38.8149
38.8149
38.8149
36.5667
36.5667
36.5667
36.5667
36.5667
36.5667
36.5667
36.5667
34.5809
34.5809
34.5809
34.5809
34.5809
34.5809
34.5809
34.5809
32.8183
32.8183
32.8183
32.8183
32.8183
32.8183
32.8183
32.8183
31.2406
31.2406
31.2406
31.2406
31.2406
31.2406
31.2406
31.2406
29.8129
29.8129
29.8129
29.8129
29.8129
29.8129
29.8129
29.8129
28.5047
28.5047
28.5047
28.5047
28.5047
28.5047
28.5047
28.5047
27.2915
27.2915
27.2915
27.2915
27.2915
27.2915
27.2915
27.2915
26.154
26.154
26.154
26.154
26.154
26.154
26.154
26.154
25.0789
25.0789
25.0789
25.0789
25.0789
25.0789
25.0789
25.0789
24.0578
24.0578
24.0578
24.0578
24.0578
24.0578
24.0578
24.0578
23.0863
23.0863
23.0863
23.0863
23.0863
23.0863
23.0863
23.0863
22.1634
22.1634
22.1634
22.1634
22.1634
22.1634
22.1634
22.1634
21.2903
21.2903
21.2903
21.2903
21.2903
21.2903
21.2903
21.2903
20.4691
20.4691
20.4691
20.4691
20.4691
20.4691
20.4691
20.4691
41.3624
41.3624
41.3624
41.3624
41.3624
41.3624
41.3624
41.3624
38.8149
38.8149
38.8149
38.8149
38.8149
38.8149
38.8149
38.8149
36.5667
36.5667
36.5667
36.5667
36.5667
36.5667
36.5667
36.5667
34.5809
34.5809
34.5809
34.5809
34.5809
34.5809
34.5809
34.5809
32.8183
32.8183
32.8183
32.8183
32.8183
32.8183
32.8183
32.8183
31.2406
31.2406
31.2406
31.2406
31.2406
31.2406
31.2406
31.2406
29.8129
29.8129
29.8129
29.8129
29.8129
29.8129
29.8129
29.8129
28.5047
28.5047
28.5047
28.5047
28.5047
28.5047
28.5047
28.5047
27.2915
27.2915
27.2915
27.2915
27.2915
27.2915
27.2915
27.2915
26.154
26.154
26.154
26.154
26.154
26.154
26.154
26.154
25.0789
25.0789
25.0789
25.0789
25.0789
25.0789
25.0789
25.0789
24.0578
24.0578
24.0578
24.0578
24.0578
24.0578
24.0578
24.0578
23.0863
23.0863
23.0863
23.0863
23.0863
23.0863
23.0863
23.0863
22.1634
22.1634
22.1634
22.1634
22.1634
22.1634
22.1634
22.1634
21.2903
21.2903
21.2903
21.2903
21.2903
21.2903
21.2903
21.2903
20.4691
20.4691
20.4691
20.4691
20.4691
20.4691
20.4691
20.4691
40.3746
40.3746
40.3746
40.3746
40.3746
40.3746
40.3746
40.3746
37.7678
37.7678
37.7678
37.7678
37.7678
37.7678
37.7678
37.7678
35.4895
35.4895
35.4895
35.4895
35.4895
35.4895
35.4895
35.4895
33.4977
33.4977
33.4977
33.4977
33.4977
33.4977
33.4977
33.4977
31.7476
31.7476
31.7476
31.7476
31.7476
31.7476
31.7476
31.7476
30.1957
30.1957
30.1957
30.1957
30.1957
30.1957
30.1957
30.1957
28.802
28.802
28.802
28.802
28.802
28.802
28.802
28.802
27.5314
27.5314
27.5314
27.5314
27.5314
27.5314
27.5314
27.5314
26.3548
26.3548
26.3548
26.3548
26.3548
26.3548
26.3548
26.3548
25.2495
25.2495
25.2495
25.2495
25.2495
25.2495
25.2495
25.2495
24.199
24.199
24.199
24.199
24.199
24.199
24.199
24.199
23.1928
23.1928
23.1928
23.1928
23.1928
23.1928
23.1928
23.1928
22.2256
22.2256
22.2256
22.2256
22.2256
22.2256
22.2256
22.2256
21.2962
21.2962
21.2962
21.2962
21.2962
21.2962
21.2962
21.2962
20.4062
20.4062
20.4062
20.4062
20.4062
20.4062
20.4062
20.4062
19.5595
19.5595
19.5595
19.5595
19.5595
19.5595
19.5595
19.5595
40.3746
40.3746
40.3746
40.3746
40.3746
40.3746
40.3746
40.3746
37.7678
37.7678
37.7678
37.7678
37.7678
37.7678
37.7678
37.7678
35.4895
35.4895
35.4895
35.4895
35.4895
35.4895
35.4895
35.4895
33.4977
33.4977
33.4977
33.4977
33.4977
33.4977
33.4977
33.4977
31.7476
31.7476
31.7476
31.7476
31.7476
31.7476
31.7476
31.7476
30.1957
30.1957
30.1957
30.1957
30.1957
30.1957
30.1957
30.1957
28.802
28.802
28.802
28.802
28.802
28.802
28.802
28.802
27.5314
27.5314
27.5314
27.5314
27.5314
27.5314
27.5314
27.5314
26.3548
26.3548
26.3548
26.3548
26.3548
26.3548
26.3548
26.3548
25.2495
25.2495
25.2495
25.2495
25.2495
25.2495
25.2495
25.2495
24.199
24.199
24.199
24.199
24.199
24.199
24.199
24.199
23.1928
23.1928
23.1928
23.1928
23.1928
23.1928
23.1928
23.1928
22.2256
22.2256
22.2256
22.2256
22.2256
22.2256
22.2256
22.2256
21.2962
21.2962
21.2962
21.2962
21.2962
21.2962
21.2962
21.2962
20.4062
20.4062
20.4062
20.4062
20.4062
20.4062
20.4062
20.4062
19.5595
19.5595
19.5595
19.5595
19.5595
19.5595
19.5595
19.5595
40.3746
40.3746
40.3746
40.3746
40.3746
40.3746
40.3746
40.3746
37.7678
37.7678
37.7678
37.7678
37.7678
37.7678
37.7678
37.7678
35.4895
35.4895
35.4895
35.4895
35.4895
35.4895
35.4895
35.4895
33.4977
33.4977
33.4977
33.4977
33.4977
33.4977
33.4977
33.4977
31.7476
31.7476
31.7476
31.7476
31.7476
31.7476
31.7476
31.7476
30.1957
30.1957
30.1957
30.1957
30.1957
30.1957
30.1957
30.1957
28.802
28.802
28.802
28.802
28.802
28.802
28.802
28.802
27.5314
27.5314
27.5314
27.5314
27.5314
27.5314
27.5314
27.5314
26.3548
26.3548
26.3548
26.3548
26.3548
26.3548
26.3548
26.3548
25.2495
25.2495
25.2495
25.2495
25.2495
25.2495
25.2495
25.2495
24.199
24.199
24.199
24.199
24.199
24.199
24.199
24.199
23.1928
23.1928
23.1928
23.1928
23.1928
23.1928
23.1928
23.1928
22.2256
22.2256
22.2256
22.2256
22.2256
22.2256
22.2256
22.2256
21.2962
21.2962
21.2962
21.2962
21.2962
21.2962
21.2962
21.2962
20.4062
20.4062
20.4062
20.4062
20.4062
20.4062
20.4062
20.4062
19.5595
19.5595
19.5595
19.5595
19.5595
19.5595
19.5595
19.5595
40.3746
40.3746
40.3746
40.3746
40.3746
40.3746
40.3746
40.3746
37.7678
37.7678
37.7678
37.7678
37.7678
37.7678
37.7678
37.7678
35.4895
35.4895
35.4895
35.4895
35.4895
35.4895
35.4895
35.4895
33.4977
33.4977
33.4977
33.4977
33.4977
33.4977
33.4977
33.4977
31.7476
31.7476
31.7476
31.7476
31.7476
31.7476
31.7476
31.7476
30.1957
30.1957
30.1957
30.1957
30.1957
30.1957
30.1957
30.1957
28.802
28.802
28.802
28.802
28.802
28.802
28.802
28.802
27.5314
27.5314
27.5314
27.5314
27.5314
27.5314
27.5314
27.5314
26.3548
26.3548
26.3548
26.3548
26.3548
26.3548
26.3548
26.3548
25.2495
25.2495
25.2495
25.2495
25.2495
25.2495
25.2495
25.2495
24.199
24.199
24.199
24.199
24.199
24.199
24.199
24.199
23.1928
23.1928
23.1928
23.1928
23.1928
23.1928
23.1928
23.1928
22.2256
22.2256
22.2256
22.2256
22.2256
22.2256
22.2256
22.2256
21.2962
21.2962
21.2962
21.2962
21.2962
21.2962
21.2962
21.2962
20.4062
20.4062
20.4062
20.4062
20.4062
20.4062
20.4062
20.4062
19.5595
19.5595
19.5595
19.5595
19.5595
19.5595
19.5595
19.5595
39.5762
39.5762
39.5762
39.5762
39.5762
39.5762
39.5762
39.5762
36.9808
36.9808
36.9808
36.9808
36.9808
36.9808
36.9808
36.9808
34.735
34.735
34.735
34.735
34.735
34.735
34.735
34.735
32.7909
32.7909
32.7909
32.7909
32.7909
32.7909
32.7909
32.7909
31.0983
31.0983
31.0983
31.0983
31.0983
31.0983
31.0983
31.0983
29.6084
29.6084
29.6084
29.6084
29.6084
29.6084
29.6084
29.6084
28.2761
28.2761
28.2761
28.2761
28.2761
28.2761
28.2761
28.2761
27.0615
27.0615
27.0615
27.0615
27.0615
27.0615
27.0615
27.0615
25.9313
25.9313
25.9313
25.9313
25.9313
25.9313
25.9313
25.9313
24.8594
24.8594
24.8594
24.8594
24.8594
24.8594
24.8594
24.8594
23.8268
23.8268
23.8268
23.8268
23.8268
23.8268
23.8268
23.8268
22.8217
22.8217
22.8217
22.8217
22.8217
22.8217
22.8217
22.8217
21.8385
21.8385
21.8385
21.8385
21.8385
21.8385
21.8385
21.8385
20.877
20.877
20.877
20.877
20.877
20.877
20.877
20.877
19.9412
19.9412
19.9412
19.9412
19.9412
19.9412
19.9412
19.9412
19.0374
19.0374
19.0374
19.0374
19.0374
19.0374
19.0374
19.0374
39.5762
39.5762
39.5762
39.5762
39.5762
39.5762
39.5762
39.5762
36.9808
36.9808
36.9808
36.9808
36.9808
36.9808
36.9808
36.9808
34.735
34.735
34.735
34.735
34.735
34.735
34.735
34.735
32.7909
32.7909
32.7909
32.7909
32.7909
32.7909
32.7909
32.7909
31.0983
31.0983
31.0983
31.0983
31.0983
31.0983
31.0983
31.0983
29.6084
29.6084
29.6084
29.6084
29.6084
29.6084
29.6084
29.6084
28.2761
28.2761
28.2761
28.2761
28.2761
28.2761
28.2761
28.2761
27.0615
27.0615
27.0615
27.0615
27.0615
27.0615
27.0615
27.0615
25.9313
25.9313
25.9313
25.9313
25.9313
25.9313
25.9313
25.9313
24.8594
24.8594
24.8594
24.8594
24.8594
24.8594
24.8594
24.8594
23.8268
23.8268
23.8268
23.8268
23.8268
23.8268
23.8268
23.8268
22.8217
22.8217
22.8217
22.8217
22.8217
22.8217
22.8217
22.8217
21.8385
21.8385
21.8385
21.8385
21.8385
21.8385
21.8385
21.8385
20.877
20.877
20.877
20.877
20.877
20.877
20.877
20.877
19.9412
19.9412
19.9412
19.9412
19.9412
19.9412
19.9412
19.9412
19.0374
19.0374
19.0374
19.0374
19.0374
19.0374
19.0374
19.0374
39.5762
39.5762
39.5762
39.5762
39.5762
39.5762
39.5762
39.5762
36.9808
36.9808
36.9808
36.9808
36.9808
36.9808
36.9808
36.9808
34.735
34.735
34.735
34.735
34.735
34.735
34.735
34.735
32.7909
32.7909
32.7909
32.7909
32.7909
32.7909
32.7909
32.7909
31.0983
31.0983
31.0983
31.0983
31.0983
31.0983
31.0983
31.0983
29.6084
29.6084
29.6084
29.6084
29.6084
29.6084
29.6084
29.6084
28.2761
28.2761
28.2761
28.2761
28.2761
28.2761
28.2761
28.2761
27.0615
27.0615
27.0615
27.0615
27.0615
27.0615
27.0615
27.0615
25.9313
25.9313
25.9313
25.9313
25.9313
25.9313
25.9313
25.9313
24.8594
24.8594
24.8594
24.8594
24.8594
24.8594
24.8594
24.8594
23.8268
23.8268
23.8268
23.8268
23.8268
23.8268
23.8268
23.8268
22.8217
22.8217
22.8217
22.8217
22.8217
22.8217
22.8217
22.8217
21.8385
21.8385
21.8385
21.8385
21.8385
21.8385
21.8385
21.8385
20.877
20.877
20.877
20.877
20.877
20.877
20.877
20.877
19.9412
19.9412
19.9412
19.9412
19.9412
19.9412
19.9412
19.9412
19.0374
19.0374
19.0374
19.0374
19.0374
19.0374
19.0374
19.0374
39.5762
39.5762
39.5762
39.5762
39.5762
39.5762
39.5762
39.5762
36.9808
36.9808
36.9808
36.9808
36.9808
36.9808
36.9808
36.9808
34.735
34.735
34.735
34.735
34.735
34.735
34.735
34.735
32.7909
32.7909
32.7909
32.7909
32.7909
32.7909
32.7909
32.7909
31.0983
31.0983
31.0983
31.0983
31.0983
31.0983
31.0983
31.0983
29.6084
29.6084
29.6084
29.6084
29.6084
29.6084
29.6084
29.6084
28.2761
28.2761
28.2761
28.2761
28.2761
28.2761
28.2761
28.2761
27.0615
27.0615
27.0615
27.0615
27.0615
27.0615
27.0615
27.0615
25.9313
25.9313
25.9313
25.9313
25.9313
25.9313
25.9313
25.9313
24.8594
24.8594
24.8594
24.8594
24.8594
24.8594
24.8594
24.8594
23.8268
23.8268
23.8268
23.8268
23.8268
23.8268
23.8268
23.8268
22.8217
22.8217
22.8217
22.8217
22.8217
22.8217
22.8217
22.8217
21.8385
21.8385
21.8385
21.8385
21.8385
21.8385
21.8385
21.8385
20.877
20.877
20.877
20.877
20.877
20.877
20.877
20.877
19.9412
19.9412
19.9412
19.9412
19.9412
19.9412
19.9412
19.9412
19.0374
19.0374
19.0374
19.0374
19.0374
19.0374
19.0374
19.0374
