8192
30.4129
30.4129
30.4129
30.4129
30.4129
30.4129
30.4129
30.4129
29.5571
29.5571
29.5571
29.5571
29.5571
29.5571
29.5571
29.5571
28.6052
28.6052
28.6052
28.6052
28.6052
28.6052
28.6052
28.6052
27.5925
27.5925
27.5925
27.5925
27.5925
27.5925
27.5925
27.5925
26.5527
26.5527
26.5527
26.5527
26.5527
26.5527
26.5527
26.5527
25.5167
25.5167
25.5167
25.5167
25.5167
25.5167
25.5167
25.5167
24.5116
24.5116
24.5116
24.5116
24.5116
24.5116
24.5116
24.5116
23.5601
23.5601
23.5601
23.5601
23.5601
23.5601
23.5601
23.5601
22.6808
22.6808
22.6808
22.6808
22.6808
22.6808
22.6808
22.6808
21.8877
21.8877
21.8877
21.8877
21.8877
21.8877
21.8877
21.8877
21.1909
21.1909
21.1909
21.1909
21.1909
21.1909
21.1909
21.1909
20.5969
20.5969
20.5969
20.5969
20.5969
20.5969
20.5969
20.5969
20.1086
20.1086
20.1086
20.1086
20.1086
20.1086
20.1086
20.1086
19.7259
19.7259
19.7259
19.7259
19.7259
19.7259
19.7259
19.7259
19.445
19.445
19.445
19.445
19.445
19.445
19.445
19.445
19.2574
19.2574
19.2574
19.2574
19.2574
19.2574
19.2574
19.2574
30.4129
30.4129
30.4129
30.4129
30.4129
30.4129
30.4129
30.4129
29.5571
29.5571
29.5571
29.5571
29.5571
29.5571
29.5571
29.5571
28.6052
28.6052
28.6052
28.6052
28.6052
28.6052
28.6052
28.6052
27.5925
27.5925
27.5925
27.5925
27.5925
27.5925
27.5925
27.5925
26.5527
26.5527
26.5527
26.5527
26.5527
26.5527
26.5527
26.5527
25.5167
25.5167
25.5167
25.5167
25.5167
25.5167
25.5167
25.5167
24.5116
24.5116
24.5116
24.5116
24.5116
24.5116
24.5116
24.5116
23.5601
23.5601
23.5601
23.5601
23.5601
23.5601
23.5601
23.5601
22.6808
22.6808
22.6808
22.6808
22.6808
22.6808
22.6808
22.6808
21.8877
21.8877
21.8877
21.8877
21.8877
21.8877
21.8877
21.8877
21.1909
21.1909
21.1909
21.1909
21.1909
21.1909
21.1909
21.1909
20.5969
20.5969
20.5969
20.5969
20.5969
20.5969
20.5969
20.5969
20.1086
20.1086
20.1086
20.1086
20.1086
20.1086
20.1086
20.1086
19.7259
19.7259
19.7259
19.7259
19.7259
19.7259
19.7259
19.7259
19.445
19.445
19.445
19.445
19.445
19.445
19.445
19.445
19.2574
19.2574
19.2574
19.2574
19.2574
19.2574
19.2574
19.2574
30.4129
30.4129
30.4129
30.4129
30.4129
30.4129
30.4129
30.4129
29.5571
29.5571
29.5571
29.5571
29.5571
29.5571
29.5571
29.5571
28.6052
28.6052
28.6052
28.6052
28.6052
28.6052
28.6052
28.6052
27.5925
27.5925
27.5925
27.5925
27.5925
27.5925
27.5925
27.5925
26.5527
26.5527
26.5527
26.5527
26.5527
26.5527
26.5527
26.5527
25.5167
25.5167
25.5167
25.5167
25.5167
25.5167
25.5167
25.5167
24.5116
24.5116
24.5116
24.5116
24.5116
24.5116
24.5116
24.5116
23.5601
23.5601
23.5601
23.5601
23.5601
23.5601
23.5601
23.5601
22.6808
22.6808
22.6808
22.6808
22.6808
22.6808
22.6808
22.6808
21.8877
21.8877
21.8877
21.8877
21.8877
21.8877
21.8877
21.8877
21.1909
21.1909
21.1909
21.1909
21.1909
21.1909
21.1909
21.1909
20.5969
20.5969
20.5969
20.5969
20.5969
20.5969
20.5969
20.5969
20.1086
20.1086
20.1086
20.1086
20.1086
20.1086
20.1086
20.1086
19.7259
19.7259
19.7259
19.7259
19.7259
19.7259
19.7259
19.7259
19.445
19.445
19.445
19.445
19.445
19.445
19.445
19.445
19.2574
19.2574
19.2574
19.2574
19.2574
19.2574
19.2574
19.2574
30.4129
30.4129
30.4129
30.4129
30.4129
30.4129
30.4129
30.4129
29.5571
29.5571
29.5571
29.5571
29.5571
29.5571
29.5571
29.5571
28.6052
28.6052
28.6052
28.6052
28.6052
28.6052
28.6052
28.6052
27.5925
27.5925
27.5925
27.5925
27.5925
27.5925
27.5925
27.5925
26.5527
26.5527
26.5527
26.5527
26.5527
26.5527
26.5527
26.5527
25.5167
25.5167
25.5167
25.5167
25.5167
25.5167
25.5167
25.5167
24.5116
24.5116
24.5116
24.5116
24.5116
24.5116
24.5116
24.5116
23.5601
23.5601
23.5601
23.5601
23.5601
23.5601
23.5601
23.5601
22.6808
22.6808
22.6808
22.6808
22.6808
22.6808
22.6808
22.6808
21.8877
21.8877
21.8877
21.8877
21.8877
21.8877
21.8877
21.8877
21.1909
21.1909
21.1909
21.1909
21.1909
21.1909
21.1909
21.1909
20.5969
20.5969
20.5969
20.5969
20.5969
20.5969
20.5969
20.5969
20.1086
20.1086
20.1086
20.1086
20.1086
20.1086
20.1086
20.1086
19.7259
19.7259
19.7259
19.7259
19.7259
19.7259
19.7259
19.7259
19.445
19.445
19.445
19.445
19.445
19.445
19.445
19.445
19.2574
19.2574
19.2574
19.2574
19.2574
19.2574
19.2574
19.2574
31.0886
31.0886
31.0886
31.0886
31.0886
31.0886
31.0886
31.0886
30.1109
30.1109
30.1109
30.1109
30.1109
30.1109
30.1109
30.1109
29.0646
29.0646
29.0646
29.0646
29.0646
29.0646
29.0646
29.0646
27.9821
27.9821
27.9821
27.9821
27.9821
27.9821
27.9821
27.9821
26.8934
26.8934
26.8934
26.8934
26.8934
26.8934
26.8934
26.8934
25.8246
25.8246
25.8246
25.8246
25.8246
25.8246
25.8246
25.8246
24.798
24.798
24.798
24.798
24.798
24.798
24.798
24.798
23.8315
23.8315
23.8315
23.8315
23.8315
23.8315
23.8315
23.8315
22.9394
22.9394
22.9394
22.9394
22.9394
22.9394
22.9394
22.9394
22.132
22.132
22.132
22.132
22.132
22.132
22.132
22.132
21.4167
21.4167
21.4167
21.4167
21.4167
21.4167
21.4167
21.4167
20.7975
20.7975
20.7975
20.7975
20.7975
20.7975
20.7975
20.7975
20.276
20.276
20.276
20.276
20.276
20.276
20.276
20.276
19.8513
19.8513
19.8513
19.8513
19.8513
19.8513
19.8513
19.8513
19.5197
19.5197
19.5197
19.5197
19.5197
19.5197
19.5197
19.5197
19.274
19.274
19.274
19.274
19.274
19.274
19.274
19.274
31.0886
31.0886
31.0886
31.0886
31.0886
31.0886
31.0886
31.0886
30.1109
30.1109
30.1109
30.1109
30.1109
30.1109
30.1109
30.1109
29.0646
29.0646
29.0646
29.0646
29.0646
29.0646
29.0646
29.0646
27.9821
27.9821
27.9821
27.9821
27.9821
27.9821
27.9821
27.9821
26.8934
26.8934
26.8934
26.8934
26.8934
26.8934
26.8934
26.8934
25.8246
25.8246
25.8246
25.8246
25.8246
25.8246
25.8246
25.8246
24.798
24.798
24.798
24.798
24.798
24.798
24.798
24.798
23.8315
23.8315
23.8315
23.8315
23.8315
23.8315
23.8315
23.8315
22.9394
22.9394
22.9394
22.9394
22.9394
22.9394
22.9394
22.9394
22.132
22.132
22.132
22.132
22.132
22.132
22.132
22.132
21.4167
21.4167
21.4167
21.4167
21.4167
21.4167
21.4167
21.4167
20.7975
20.7975
20.7975
20.7975
20.7975
20.7975
20.7975
20.7975
20.276
20.276
20.276
20.276
20.276
20.276
20.276
20.276
19.8513
19.8513
19.8513
19.8513
19.8513
19.8513
19.8513
19.8513
19.5197
19.5197
19.5197
19.5197
19.5197
19.5197
19.5197
19.5197
19.274
19.274
19.274
19.274
19.274
19.274
19.274
19.274
31.0886
31.0886
31.0886
31.0886
31.0886
31.0886
31.0886
31.0886
30.1109
30.1109
30.1109
30.1109
30.1109
30.1109
30.1109
30.1109
29.0646
29.0646
29.0646
29.0646
29.0646
29.0646
29.0646
29.0646
27.9821
27.9821
27.9821
27.9821
27.9821
27.9821
27.9821
27.9821
26.8934
26.8934
26.8934
26.8934
26.8934
26.8934
26.8934
26.8934
25.8246
25.8246
25.8246
25.8246
25.8246
25.8246
25.8246
25.8246
24.798
24.798
24.798
24.798
24.798
24.798
24.798
24.798
23.8315
23.8315
23.8315
23.8315
23.8315
23.8315
23.8315
23.8315
22.9394
22.9394
22.9394
22.9394
22.9394
22.9394
22.9394
22.9394
22.132
22.132
22.132
22.132
22.132
22.132
22.132
22.132
21.4167
21.4167
21.4167
21.4167
21.4167
21.4167
21.4167
21.4167
20.7975
20.7975
20.7975
20.7975
20.7975
20.7975
20.7975
20.7975
20.276
20.276
20.276
20.276
20.276
20.276
20.276
20.276
19.8513
19.8513
19.8513
19.8513
19.8513
19.8513
19.8513
19.8513
19.5197
19.5197
19.5197
19.5197
19.5197
19.5197
19.5197
19.5197
19.274
19.274
19.274
19.274
19.274
19.274
19.274
19.274
31.0886
31.0886
31.0886
31.0886
31.0886
31.0886
31.0886
31.0886
30.1109
30.1109
30.1109
30.1109
30.1109
30.1109
30.1109
30.1109
29.0646
29.0646
29.0646
29.0646
29.0646
29.0646
29.0646
29.0646
27.9821
27.9821
27.9821
27.9821
27.9821
27.9821
27.9821
27.9821
26.8934
26.8934
26.8934
26.8934
26.8934
26.8934
26.8934
26.8934
25.8246
25.8246
25.8246
25.8246
25.8246
25.8246
25.8246
25.8246
24.798
24.798
24.798
24.798
24.798
24.798
24.798
24.798
23.8315
23.8315
23.8315
23.8315
23.8315
23.8315
23.8315
23.8315
22.9394
22.9394
22.9394
22.9394
22.9394
22.9394
22.9394
22.9394
22.132
22.132
22.132
22.132
22.132
22.132
22.132
22.132
21.4167
21.4167
21.4167
21.4167
21.4167
21.4167
21.4167
21.4167
20.7975
20.7975
20.7975
20.7975
20.7975
20.7975
20.7975
20.7975
20.276
20.276
20.276
20.276
20.276
20.276
20.276
20.276
19.8513
19.8513
19.8513
19.8513
19.8513
19.8513
19.8513
19.8513
19.5197
19.5197
19.5197
19.5197
19.5197
19.5197
19.5197
19.5197
19.274
19.274
19.274
19.274
19.274
19.274
19.274
19.274
31.6344
31.6344
31.6344
31.6344
31.6344
31.6344
31.6344
31.6344
30.5609
30.5609
30.5609
30.5609
30.5609
30.5609
30.5609
30.5609
29.4456
29.4456
29.4456
29.4456
29.4456
29.4456
29.4456
29.4456
28.3171
28.3171
28.3171
28.3171
28.3171
28.3171
28.3171
28.3171
27.2005
27.2005
27.2005
27.2005
27.2005
27.2005
27.2005
27.2005
26.1169
26.1169
26.1169
26.1169
26.1169
26.1169
26.1169
26.1169
25.0833
25.0833
25.0833
25.0833
25.0833
25.0833
25.0833
25.0833
24.1132
24.1132
24.1132
24.1132
24.1132
24.1132
24.1132
24.1132
23.2164
23.2164
23.2164
23.2164
23.2164
23.2164
23.2164
23.2164
22.4
22.4
22.4
22.4
22.4
22.4
22.4
22.4
21.6685
21.6685
21.6685
21.6685
21.6685
21.6685
21.6685
21.6685
21.0243
21.0243
21.0243
21.0243
21.0243
21.0243
21.0243
21.0243
20.4677
20.4677
20.4677
20.4677
20.4677
20.4677
20.4677
20.4677
19.9975
19.9975
19.9975
19.9975
19.9975
19.9975
19.9975
19.9975
19.6104
19.6104
19.6104
19.6104
19.6104
19.6104
19.6104
19.6104
19.3012
19.3012
19.3012
19.3012
19.3012
19.3012
19.3012
19.3012
31.6344
31.6344
31.6344
31.6344
31.6344
31.6344
31.6344
31.6344
30.5609
30.5609
30.5609
30.5609
30.5609
30.5609
30.5609
30.5609
29.4456
29.4456
29.4456
29.4456
29.4456
29.4456
29.4456
29.4456
28.3171
28.3171
28.3171
28.3171
28.3171
28.3171
28.3171
28.3171
27.2005
27.2005
27.2005
27.2005
27.2005
27.2005
27.2005
27.2005
26.1169
26.1169
26.1169
26.1169
26.1169
26.1169
26.1169
26.1169
25.0833
25.0833
25.0833
25.0833
25.0833
25.0833
25.0833
25.0833
24.1132
24.1132
24.1132
24.1132
24.1132
24.1132
24.1132
24.1132
23.2164
23.2164
23.2164
23.2164
23.2164
23.2164
23.2164
23.2164
22.4
22.4
22.4
22.4
22.4
22.4
22.4
22.4
21.6685
21.6685
21.6685
21.6685
21.6685
21.6685
21.6685
21.6685
21.0243
21.0243
21.0243
21.0243
21.0243
21.0243
21.0243
21.0243
20.4677
20.4677
20.4677
20.4677
20.4677
20.4677
20.4677
20.4677
19.9975
19.9975
19.9975
19.9975
19.9975
19.9975
19.9975
19.9975
19.6104
19.6104
19.6104
19.6104
19.6104
19.6104
19.6104
19.6104
19.3012
19.3012
19.3012
19.3012
19.3012
19.3012
19.3012
19.3012
31.6344
31.6344
31.6344
31.6344
31.6344
31.6344
31.6344
31.6344
30.5609
30.5609
30.5609
30.5609
30.5609
30.5609
30.5609
30.5609
29.4456
29.4456
29.4456
29.4456
29.4456
29.4456
29.4456
29.4456
28.3171
28.3171
28.3171
28.3171
28.3171
28.3171
28.3171
28.3171
27.2005
27.2005
27.2005
27.2005
27.2005
27.2005
27.2005
27.2005
26.1169
26.1169
26.1169
26.1169
26.1169
26.1169
26.1169
26.1169
25.0833
25.0833
25.0833
25.0833
25.0833
25.0833
25.0833
25.0833
24.1132
24.1132
24.1132
24.1132
24.1132
24.1132
24.1132
24.1132
23.2164
23.2164
23.2164
23.2164
23.2164
23.2164
23.2164
23.2164
22.4
22.4
22.4
22.4
22.4
22.4
22.4
22.4
21.6685
21.6685
21.6685
21.6685
21.6685
21.6685
21.6685
21.6685
21.0243
21.0243
21.0243
21.0243
21.0243
21.0243
21.0243
21.0243
20.4677
20.4677
20.4677
20.4677
20.4677
20.4677
20.4677
20.4677
19.9975
19.9975
19.9975
19.9975
19.9975
19.9975
19.9975
19.9975
19.6104
19.6104
19.6104
19.6104
19.6104
19.6104
19.6104
19.6104
19.3012
19.3012
19.3012
19.3012
19.3012
19.3012
19.3012
19.3012
31.6344
31.6344
31.6344
31.6344
31.6344
31.6344
31.6344
31.6344
30.5609
30.5609
30.5609
30.5609
30.5609
30.5609
30.5609
30.5609
29.4456
29.4456
29.4456
29.4456
29.4456
29.4456
29.4456
29.4456
28.3171
28.3171
28.3171
28.3171
28.3171
28.3171
28.3171
28.3171
27.2005
27.2005
27.2005
27.2005
27.2005
27.2005
27.2005
27.2005
26.1169
26.1169
26.1169
26.1169
26.1169
26.1169
26.1169
26.1169
25.0833
25.0833
25.0833
25.0833
25.0833
25.0833
25.0833
25.0833
24.1132
24.1132
24.1132
24.1132
24.1132
24.1132
24.1132
24.1132
23.2164
23.2164
23.2164
23.2164
23.2164
23.2164
23.2164
23.2164
22.4
22.4
22.4
22.4
22.4
22.4
22.4
22.4
21.6685
21.6685
21.6685
21.6685
21.6685
21.6685
21.6685
21.6685
21.0243
21.0243
21.0243
21.0243
21.0243
21.0243
21.0243
21.0243
20.4677
20.4677
20.4677
20.4677
20.4677
20.4677
20.4677
20.4677
19.9975
19.9975
19.9975
19.9975
19.9975
19.9975
19.9975
19.9975
19.6104
19.6104
19.6104
19.6104
19.6104
19.6104
19.6104
19.6104
19.3012
19.3012
19.3012
19.3012
19.3012
19.3012
19.3012
19.3012
31.9323
31.9323
31.9323
31.9323
31.9323
31.9323
31.9323
31.9323
30.7974
30.7974
30.7974
30.7974
30.7974
30.7974
30.7974
30.7974
29.6458
29.6458
29.6458
29.6458
29.6458
29.6458
29.6458
29.6458
28.5014
28.5014
28.5014
28.5014
28.5014
28.5014
28.5014
28.5014
27.3838
27.3838
27.3838
27.3838
27.3838
27.3838
27.3838
27.3838
26.3087
26.3087
26.3087
26.3087
26.3087
26.3087
26.3087
26.3087
25.288
25.288
25.288
25.288
25.288
25.288
25.288
25.288
24.3305
24.3305
24.3305
24.3305
24.3305
24.3305
24.3305
24.3305
23.4422
23.4422
23.4422
23.4422
23.4422
23.4422
23.4422
23.4422
22.6269
22.6269
22.6269
22.6269
22.6269
22.6269
22.6269
22.6269
21.887
21.887
21.887
21.887
21.887
21.887
21.887
21.887
21.223
21.223
21.223
21.223
21.223
21.223
21.223
21.223
20.6347
20.6347
20.6347
20.6347
20.6347
20.6347
20.6347
20.6347
20.1208
20.1208
20.1208
20.1208
20.1208
20.1208
20.1208
20.1208
19.6791
19.6791
19.6791
19.6791
19.6791
19.6791
19.6791
19.6791
19.3068
19.3068
19.3068
19.3068
19.3068
19.3068
19.3068
19.3068
31.9323
31.9323
31.9323
31.9323
31.9323
31.9323
31.9323
31.9323
30.7974
30.7974
30.7974
30.7974
30.7974
30.7974
30.7974
30.7974
29.6458
29.6458
29.6458
29.6458
29.6458
29.6458
29.6458
29.6458
28.5014
28.5014
28.5014
28.5014
28.5014
28.5014
28.5014
28.5014
27.3838
27.3838
27.3838
27.3838
27.3838
27.3838
27.3838
27.3838
26.3087
26.3087
26.3087
26.3087
26.3087
26.3087
26.3087
26.3087
25.288
25.288
25.288
25.288
25.288
25.288
25.288
25.288
24.3305
24.3305
24.3305
24.3305
24.3305
24.3305
24.3305
24.3305
23.4422
23.4422
23.4422
23.4422
23.4422
23.4422
23.4422
23.4422
22.6269
22.6269
22.6269
22.6269
22.6269
22.6269
22.6269
22.6269
21.887
21.887
21.887
21.887
21.887
21.887
21.887
21.887
21.223
21.223
21.223
21.223
21.223
21.223
21.223
21.223
20.6347
20.6347
20.6347
20.6347
20.6347
20.6347
20.6347
20.6347
20.1208
20.1208
20.1208
20.1208
20.1208
20.1208
20.1208
20.1208
19.6791
19.6791
19.6791
19.6791
19.6791
19.6791
19.6791
19.6791
19.3068
19.3068
19.3068
19.3068
19.3068
19.3068
19.3068
19.3068
31.9323
31.9323
31.9323
31.9323
31.9323
31.9323
31.9323
31.9323
30.7974
30.7974
30.7974
30.7974
30.7974
30.7974
30.7974
30.7974
29.6458
29.6458
29.6458
29.6458
29.6458
29.6458
29.6458
29.6458
28.5014
28.5014
28.5014
28.5014
28.5014
28.5014
28.5014
28.5014
27.3838
27.3838
27.3838
27.3838
27.3838
27.3838
27.3838
27.3838
26.3087
26.3087
26.3087
26.3087
26.3087
26.3087
26.3087
26.3087
25.288
25.288
25.288
25.288
25.288
25.288
25.288
25.288
24.3305
24.3305
24.3305
24.3305
24.3305
24.3305
24.3305
24.3305
23.4422
23.4422
23.4422
23.4422
23.4422
23.4422
23.4422
23.4422
22.6269
22.6269
22.6269
22.6269
22.6269
22.6269
22.6269
22.6269
21.887
21.887
21.887
21.887
21.887
21.887
21.887
21.887
21.223
21.223
21.223
21.223
21.223
21.223
21.223
21.223
20.6347
20.6347
20.6347
20.6347
20.6347
20.6347
20.6347
20.6347
20.1208
20.1208
20.1208
20.1208
20.1208
20.1208
20.1208
20.1208
19.6791
19.6791
19.6791
19.6791
19.6791
19.6791
19.6791
19.6791
19.3068
19.3068
19.3068
19.3068
19.3068
19.3068
19.3068
19.3068
31.9323
31.9323
31.9323
31.9323
31.9323
31.9323
31.9323
31.9323
30.7974
30.7974
30.7974
30.7974
30.7974
30.7974
30.7974
30.7974
29.6458
29.6458
29.6458
29.6458
29.6458
29.6458
29.6458
29.6458
28.5014
28.5014
28.5014
28.5014
28.5014
28.5014
28.5014
28.5014
27.3838
27.3838
27.3838
27.3838
27.3838
27.3838
27.3838
27.3838
26.3087
26.3087
26.3087
26.3087
26.3087
26.3087
26.3087
26.3087
25.288
25.288
25.288
25.288
25.288
25.288
25.288
25.288
24.3305
24.3305
24.3305
24.3305
24.3305
24.3305
24.3305
24.3305
23.4422
23.4422
23.4422
23.4422
23.4422
23.4422
23.4422
23.4422
22.6269
22.6269
22.6269
22.6269
22.6269
22.6269
22.6269
22.6269
21.887
21.887
21.887
21.887
21.887
21.887
21.887
21.887
21.223
21.223
21.223
21.223
21.223
21.223
21.223
21.223
20.6347
20.6347
20.6347
20.6347
20.6347
20.6347
20.6347
20.6347
20.1208
20.1208
20.1208
20.1208
20.1208
20.1208
20.1208
20.1208
19.6791
19.6791
19.6791
19.6791
19.6791
19.6791
19.6791
19.6791
19.3068
19.3068
19.3068
19.3068
19.3068
19.3068
19.3068
19.3068
31.8823
31.8823
31.8823
31.8823
31.8823
31.8823
31.8823
31.8823
30.7256
30.7256
30.7256
30.7256
30.7256
30.7256
30.7256
30.7256
29.5745
29.5745
29.5745
29.5745
29.5745
29.5745
29.5745
29.5745
28.4475
28.4475
28.4475
28.4475
28.4475
28.4475
28.4475
28.4475
27.3587
27.3587
27.3587
27.3587
27.3587
27.3587
27.3587
27.3587
26.3183
26.3183
26.3183
26.3183
26.3183
26.3183
26.3183
26.3183
25.3333
25.3333
25.3333
25.3333
25.3333
25.3333
25.3333
25.3333
24.4082
24.4082
24.4082
24.4082
24.4082
24.4082
24.4082
24.4082
23.5453
23.5453
23.5453
23.5453
23.5453
23.5453
23.5453
23.5453
22.7457
22.7457
22.7457
22.7457
22.7457
22.7457
22.7457
22.7457
22.0096
22.0096
22.0096
22.0096
22.0096
22.0096
22.0096
22.0096
21.3363
21.3363
21.3363
21.3363
21.3363
21.3363
21.3363
21.3363
20.7252
20.7252
20.7252
20.7252
20.7252
20.7252
20.7252
20.7252
20.1755
20.1755
20.1755
20.1755
20.1755
20.1755
20.1755
20.1755
19.6864
19.6864
19.6864
19.6864
19.6864
19.6864
19.6864
19.6864
19.2577
19.2577
19.2577
19.2577
19.2577
19.2577
19.2577
19.2577
31.8823
31.8823
31.8823
31.8823
31.8823
31.8823
31.8823
31.8823
30.7256
30.7256
30.7256
30.7256
30.7256
30.7256
30.7256
30.7256
29.5745
29.5745
29.5745
29.5745
29.5745
29.5745
29.5745
29.5745
28.4475
28.4475
28.4475
28.4475
28.4475
28.4475
28.4475
28.4475
27.3587
27.3587
27.3587
27.3587
27.3587
27.3587
27.3587
27.3587
26.3183
26.3183
26.3183
26.3183
26.3183
26.3183
26.3183
26.3183
25.3333
25.3333
25.3333
25.3333
25.3333
25.3333
25.3333
25.3333
24.4082
24.4082
24.4082
24.4082
24.4082
24.4082
24.4082
24.4082
23.5453
23.5453
23.5453
23.5453
23.5453
23.5453
23.5453
23.5453
22.7457
22.7457
22.7457
22.7457
22.7457
22.7457
22.7457
22.7457
22.0096
22.0096
22.0096
22.0096
22.0096
22.0096
22.0096
22.0096
21.3363
21.3363
21.3363
21.3363
21.3363
21.3363
21.3363
21.3363
20.7252
20.7252
20.7252
20.7252
20.7252
20.7252
20.7252
20.7252
20.1755
20.1755
20.1755
20.1755
20.1755
20.1755
20.1755
20.1755
19.6864
19.6864
19.6864
19.6864
19.6864
19.6864
19.6864
19.6864
19.2577
19.2577
19.2577
19.2577
19.2577
19.2577
19.2577
19.2577
31.8823
31.8823
31.8823
31.8823
31.8823
31.8823
31.8823
31.8823
30.7256
30.7256
30.7256
30.7256
30.7256
30.7256
30.7256
30.7256
29.5745
29.5745
29.5745
29.5745
29.5745
29.5745
29.5745
29.5745
28.4475
28.4475
28.4475
28.4475
28.4475
28.4475
28.4475
28.4475
27.3587
27.3587
27.3587
27.3587
27.3587
27.3587
27.3587
27.3587
26.3183
26.3183
26.3183
26.3183
26.3183
26.3183
26.3183
26.3183
25.3333
25.3333
25.3333
25.3333
25.3333
25.3333
25.3333
25.3333
24.4082
24.4082
24.4082
24.4082
24.4082
24.4082
24.4082
24.4082
23.5453
23.5453
23.5453
23.5453
23.5453
23.5453
23.5453
23.5453
22.7457
22.7457
22.7457
22.7457
22.7457
22.7457
22.7457
22.7457
22.0096
22.0096
22.0096
22.0096
22.0096
22.0096
22.0096
22.0096
21.3363
21.3363
21.3363
21.3363
21.3363
21.3363
21.3363
21.3363
20.7252
20.7252
20.7252
20.7252
20.7252
20.7252
20.7252
20.7252
20.1755
20.1755
20.1755
20.1755
20.1755
20.1755
20.1755
20.1755
19.6864
19.6864
19.6864
19.6864
19.6864
19.6864
19.6864
19.6864
19.2577
19.2577
19.2577
19.2577
19.2577
19.2577
19.2577
19.2577
31.8823
31.8823
31.8823
31.8823
31.8823
31.8823
31.8823
31.8823
30.7256
30.7256
30.7256
30.7256
30.7256
30.7256
30.7256
30.7256
29.5745
29.5745
29.5745
29.5745
29.5745
29.5745
29.5745
29.5745
28.4475
28.4475
28.4475
28.4475
28.4475
28.4475
28.4475
28.4475
27.3587
27.3587
27.3587
27.3587
27.3587
27.3587
27.3587
27.3587
26.3183
26.3183
26.3183
26.3183
26.3183
26.3183
26.3183
26.3183
25.3333
25.3333
25.3333
25.3333
25.3333
25.3333
25.3333
25.3333
24.4082
24.4082
24.4082
24.4082
24.4082
24.4082
24.4082
24.4082
23.5453
23.5453
23.5453
23.5453
23.5453
23.5453
23.5453
23.5453
22.7457
22.7457
22.7457
22.7457
22.7457
22.7457
22.7457
22.7457
22.0096
22.0096
22.0096
22.0096
22.0096
22.0096
22.0096
22.0096
21.3363
21.3363
21.3363
21.3363
21.3363
21.3363
21.3363
21.3363
20.7252
20.7252
20.7252
20.7252
20.7252
20.7252
20.7252
20.7252
20.1755
20.1755
20.1755
20.1755
20.1755
20.1755
20.1755
20.1755
19.6864
19.6864
19.6864
19.6864
19.6864
19.6864
19.6864
19.6864
19.2577
19.2577
19.2577
19.2577
19.2577
19.2577
19.2577
19.2577
31.4211
31.4211
31.4211
31.4211
31.4211
31.4211
31.4211
31.4211
30.2819
30.2819
30.2819
30.2819
30.2819
30.2819
30.2819
30.2819
29.1673
29.1673
29.1673
29.1673
29.1673
29.1673
29.1673
29.1673
28.0899
28.0899
28.0899
28.0899
28.0899
28.0899
28.0899
28.0899
27.0586
27.0586
27.0586
27.0586
27.0586
27.0586
27.0586
27.0586
26.0785
26.0785
26.0785
26.0785
26.0785
26.0785
26.0785
26.0785
25.1521
25.1521
25.1521
25.1521
25.1521
25.1521
25.1521
25.1521
24.2799
24.2799
24.2799
24.2799
24.2799
24.2799
24.2799
24.2799
23.461
23.461
23.461
23.461
23.461
23.461
23.461
23.461
22.6941
22.6941
22.6941
22.6941
22.6941
22.6941
22.6941
22.6941
21.9775
21.9775
21.9775
21.9775
21.9775
21.9775
21.9775
21.9775
21.3097
21.3097
21.3097
21.3097
21.3097
21.3097
21.3097
21.3097
20.6899
20.6899
20.6899
20.6899
20.6899
20.6899
20.6899
20.6899
20.1179
20.1179
20.1179
20.1179
20.1179
20.1179
20.1179
20.1179
19.5946
19.5946
19.5946
19.5946
19.5946
19.5946
19.5946
19.5946
19.1225
19.1225
19.1225
19.1225
19.1225
19.1225
19.1225
19.1225
31.4211
31.4211
31.4211
31.4211
31.4211
31.4211
31.4211
31.4211
30.2819
30.2819
30.2819
30.2819
30.2819
30.2819
30.2819
30.2819
29.1673
29.1673
29.1673
29.1673
29.1673
29.1673
29.1673
29.1673
28.0899
28.0899
28.0899
28.0899
28.0899
28.0899
28.0899
28.0899
27.0586
27.0586
27.0586
27.0586
27.0586
27.0586
27.0586
27.0586
26.0785
26.0785
26.0785
26.0785
26.0785
26.0785
26.0785
26.0785
25.1521
25.1521
25.1521
25.1521
25.1521
25.1521
25.1521
25.1521
24.2799
24.2799
24.2799
24.2799
24.2799
24.2799
24.2799
24.2799
23.461
23.461
23.461
23.461
23.461
23.461
23.461
23.461
22.6941
22.6941
22.6941
22.6941
22.6941
22.6941
22.6941
22.6941
21.9775
21.9775
21.9775
21.9775
21.9775
21.9775
21.9775
21.9775
21.3097
21.3097
21.3097
21.3097
21.3097
21.3097
21.3097
21.3097
20.6899
20.6899
20.6899
20.6899
20.6899
20.6899
20.6899
20.6899
20.1179
20.1179
20.1179
20.1179
20.1179
20.1179
20.1179
20.1179
19.5946
19.5946
19.5946
19.5946
19.5946
19.5946
19.5946
19.5946
19.1225
19.1225
19.1225
19.1225
19.1225
19.1225
19.1225
19.1225
31.4211
31.4211
31.4211
31.4211
31.4211
31.4211
31.4211
31.4211
30.2819
30.2819
30.2819
30.2819
30.2819
30.2819
30.2819
30.2819
29.1673
29.1673
29.1673
29.1673
29.1673
29.1673
29.1673
29.1673
28.0899
28.0899
28.0899
28.0899
28.0899
28.0899
28.0899
28.0899
27.0586
27.0586
27.0586
27.0586
27.0586
27.0586
27.0586
27.0586
26.0785
26.0785
26.0785
26.0785
26.0785
26.0785
26.0785
26.0785
25.1521
25.1521
25.1521
25.1521
25.1521
25.1521
25.1521
25.1521
24.2799
24.2799
24.2799
24.2799
24.2799
24.2799
24.2799
24.2799
23.461
23.461
23.461
23.461
23.461
23.461
23.461
23.461
22.6941
22.6941
22.6941
22.6941
22.6941
22.6941
22.6941
22.6941
21.9775
21.9775
21.9775
21.9775
21.9775
21.9775
21.9775
21.9775
21.3097
21.3097
21.3097
21.3097
21.3097
21.3097
21.3097
21.3097
20.6899
20.6899
20.6899
20.6899
20.6899
20.6899
20.6899
20.6899
20.1179
20.1179
20.1179
20.1179
20.1179
20.1179
20.1179
20.1179
19.5946
19.5946
19.5946
19.5946
19.5946
19.5946
19.5946
19.5946
19.1225
19.1225
19.1225
19.1225
19.1225
19.1225
19.1225
19.1225
31.4211
31.4211
31.4211
31.4211
31.4211
31.4211
31.4211
31.4211
30.2819
30.2819
30.2819
30.2819
30.2819
30.2819
30.2819
30.2819
29.1673
29.1673
29.1673
29.1673
29.1673
29.1673
29.1673
29.1673
28.0899
28.0899
28.0899
28.0899
28.0899
28.0899
28.0899
28.0899
27.0586
27.0586
27.0586
27.0586
27.0586
27.0586
27.0586
27.0586
26.0785
26.0785
26.0785
26.0785
26.0785
26.0785
26.0785
26.0785
25.1521
25.1521
25.1521
25.1521
25.1521
25.1521
25.1521
25.1521
24.2799
24.2799
24.2799
24.2799
24.2799
24.2799
24.2799
24.2799
23.461
23.461
23.461
23.461
23.461
23.461
23.461
23.461
22.6941
22.6941
22.6941
22.6941
22.6941
22.6941
22.6941
22.6941
21.9775
21.9775
21.9775
21.9775
21.9775
21.9775
21.9775
21.9775
21.3097
21.3097
21.3097
21.3097
21.3097
21.3097
21.3097
21.3097
20.6899
20.6899
20.6899
20.6899
20.6899
20.6899
20.6899
20.6899
20.1179
20.1179
20.1179
20.1179
20.1179
20.1179
20.1179
20.1179
19.5946
19.5946
19.5946
19.5946
19.5946
19.5946
19.5946
19.5946
19.1225
19.1225
19.1225
19.1225
19.1225
19.1225
19.1225
19.1225
30.5352
30.5352
30.5352
30.5352
30.5352
30.5352
30.5352
30.5352
29.4475
29.4475
29.4475
29.4475
29.4475
29.4475
29.4475
29.4475
28.3991
28.3991
28.3991
28.3991
28.3991
28.3991
28.3991
28.3991
27.3977
27.3977
27.3977
27.3977
27.3977
27.3977
27.3977
27.3977
26.4472
26.4472
26.4472
26.4472
26.4472
26.4472
26.4472
26.4472
25.5482
25.5482
25.5482
25.5482
25.5482
25.5482
25.5482
25.5482
24.6995
24.6995
24.6995
24.6995
24.6995
24.6995
24.6995
24.6995
23.8982
23.8982
23.8982
23.8982
23.8982
23.8982
23.8982
23.8982
23.1408
23.1408
23.1408
23.1408
23.1408
23.1408
23.1408
23.1408
22.4236
22.4236
22.4236
22.4236
22.4236
22.4236
22.4236
22.4236
21.7437
21.7437
21.7437
21.7437
21.7437
21.7437
21.7437
21.7437
21.0987
21.0987
21.0987
21.0987
21.0987
21.0987
21.0987
21.0987
20.4879
20.4879
20.4879
20.4879
20.4879
20.4879
20.4879
20.4879
19.9117
19.9117
19.9117
19.9117
19.9117
19.9117
19.9117
19.9117
19.3727
19.3727
19.3727
19.3727
19.3727
19.3727
19.3727
19.3727
18.8758
18.8758
18.8758
18.8758
18.8758
18.8758
18.8758
18.8758
30.5352
30.5352
30.5352
30.5352
30.5352
30.5352
30.5352
30.5352
29.4475
29.4475
29.4475
29.4475
29.4475
29.4475
29.4475
29.4475
28.3991
28.3991
28.3991
28.3991
28.3991
28.3991
28.3991
28.3991
27.3977
27.3977
27.3977
27.3977
27.3977
27.3977
27.3977
27.3977
26.4472
26.4472
26.4472
26.4472
26.4472
26.4472
26.4472
26.4472
25.5482
25.5482
25.5482
25.5482
25.5482
25.5482
25.5482
25.5482
24.6995
24.6995
24.6995
24.6995
24.6995
24.6995
24.6995
24.6995
23.8982
23.8982
23.8982
23.8982
23.8982
23.8982
23.8982
23.8982
23.1408
23.1408
23.1408
23.1408
23.1408
23.1408
23.1408
23.1408
22.4236
22.4236
22.4236
22.4236
22.4236
22.4236
22.4236
22.4236
21.7437
21.7437
21.7437
21.7437
21.7437
21.7437
21.7437
21.7437
21.0987
21.0987
21.0987
21.0987
21.0987
21.0987
21.0987
21.0987
20.4879
20.4879
20.4879
20.4879
20.4879
20.4879
20.4879
20.4879
19.9117
19.9117
19.9117
19.9117
19.9117
19.9117
19.9117
19.9117
19.3727
19.3727
19.3727
19.3727
19.3727
19.3727
19.3727
19.3727
18.8758
18.8758
18.8758
18.8758
18.8758
18.8758
18.8758
18.8758
30.5352
30.5352
30.5352
30.5352
30.5352
30.5352
30.5352
30.5352
29.4475
29.4475
29.4475
29.4475
29.4475
29.4475
29.4475
29.4475
28.3991
28.3991
28.3991
28.3991
28.3991
28.3991
28.3991
28.3991
27.3977
27.3977
27.3977
27.3977
27.3977
27.3977
27.3977
27.3977
26.4472
26.4472
26.4472
26.4472
26.4472
26.4472
26.4472
26.4472
25.5482
25.5482
25.5482
25.5482
25.5482
25.5482
25.5482
25.5482
24.6995
24.6995
24.6995
24.6995
24.6995
24.6995
24.6995
24.6995
23.8982
23.8982
23.8982
23.8982
23.8982
23.8982
23.8982
23.8982
23.1408
23.1408
23.1408
23.1408
23.1408
23.1408
23.1408
23.1408
22.4236
22.4236
22.4236
22.4236
22.4236
22.4236
22.4236
22.4236
21.7437
21.7437
21.7437
21.7437
21.7437
21.7437
21.7437
21.7437
21.0987
21.0987
21.0987
21.0987
21.0987
21.0987
21.0987
21.0987
20.4879
20.4879
20.4879
20.4879
20.4879
20.4879
20.4879
20.4879
19.9117
19.9117
19.9117
19.9117
19.9117
19.9117
19.9117
19.9117
19.3727
19.3727
19.3727
19.3727
19.3727
19.3727
19.3727
19.3727
18.8758
18.8758
18.8758
18.8758
18.8758
18.8758
18.8758
18.8758
30.5352
30.5352
30.5352
30.5352
30.5352
30.5352
30.5352
30.5352
29.4475
29.4475
29.4475
29.4475
29.4475
29.4475
29.4475
29.4475
28.3991
28.3991
28.3991
28.3991
28.3991
28.3991
28.3991
28.3991
27.3977
27.3977
27.3977
27.3977
27.3977
27.3977
27.3977
27.3977
26.4472
26.4472
26.4472
26.4472
26.4472
26.4472
26.4472
26.4472
25.5482
25.5482
25.5482
25.5482
25.5482
25.5482
25.5482
25.5482
24.6995
24.6995
24.6995
24.6995
24.6995
24.6995
24.6995
24.6995
23.8982
23.8982
23.8982
23.8982
23.8982
23.8982
23.8982
23.8982
23.1408
23.1408
23.1408
23.1408
23.1408
23.1408
23.1408
23.1408
22.4236
22.4236
22.4236
22.4236
22.4236
22.4236
22.4236
22.4236
21.7437
21.7437
21.7437
21.7437
21.7437
21.7437
21.7437
21.7437
21.0987
21.0987
21.0987
21.0987
21.0987
21.0987
21.0987
21.0987
20.4879
20.4879
20.4879
20.4879
20.4879
20.4879
20.4879
20.4879
19.9117
19.9117
19.9117
19.9117
19.9117
19.9117
19.9117
19.9117
19.3727
19.3727
19.3727
19.3727
19.3727
19.3727
19.3727
19.3727
18.8758
18.8758
18.8758
18.8758
18.8758
18.8758
18.8758
18.8758
29.2658
29.2658
29.2658
29.2658
29.2658
29.2658
29.2658
29.2658
28.2531
28.2531
28.2531
28.2531
28.2531
28.2531
28.2531
28.2531
27.2906
27.2906
27.2906
27.2906
27.2906
27.2906
27.2906
27.2906
26.3815
26.3815
26.3815
26.3815
26.3815
26.3815
26.3815
26.3815
25.5257
25.5257
25.5257
25.5257
25.5257
25.5257
25.5257
25.5257
24.7206
24.7206
24.7206
24.7206
24.7206
24.7206
24.7206
24.7206
23.9617
23.9617
23.9617
23.9617
23.9617
23.9617
23.9617
23.9617
23.2436
23.2436
23.2436
23.2436
23.2436
23.2436
23.2436
23.2436
22.5607
22.5607
22.5607
22.5607
22.5607
22.5607
22.5607
22.5607
21.9076
21.9076
21.9076
21.9076
21.9076
21.9076
21.9076
21.9076
21.2802
21.2802
21.2802
21.2802
21.2802
21.2802
21.2802
21.2802
20.6756
20.6756
20.6756
20.6756
20.6756
20.6756
20.6756
20.6756
20.0928
20.0928
20.0928
20.0928
20.0928
20.0928
20.0928
20.0928
19.5331
19.5331
19.5331
19.5331
19.5331
19.5331
19.5331
19.5331
19.0001
19.0001
19.0001
19.0001
19.0001
19.0001
19.0001
19.0001
18.5009
18.5009
18.5009
18.5009
18.5009
18.5009
18.5009
18.5009
29.2658
29.2658
29.2658
29.2658
29.2658
29.2658
29.2658
29.2658
28.2531
28.2531
28.2531
28.2531
28.2531
28.2531
28.2531
28.2531
27.2906
27.2906
27.2906
27.2906
27.2906
27.2906
27.2906
27.2906
26.3815
26.3815
26.3815
26.3815
26.3815
26.3815
26.3815
26.3815
25.5257
25.5257
25.5257
25.5257
25.5257
25.5257
25.5257
25.5257
24.7206
24.7206
24.7206
24.7206
24.7206
24.7206
24.7206
24.7206
23.9617
23.9617
23.9617
23.9617
23.9617
23.9617
23.9617
23.9617
23.2436
23.2436
23.2436
23.2436
23.2436
23.2436
23.2436
23.2436
22.5607
22.5607
22.5607
22.5607
22.5607
22.5607
22.5607
22.5607
21.9076
21.9076
21.9076
21.9076
21.9076
21.9076
21.9076
21.9076
21.2802
21.2802
21.2802
21.2802
21.2802
21.2802
21.2802
21.2802
20.6756
20.6756
20.6756
20.6756
20.6756
20.6756
20.6756
20.6756
20.0928
20.0928
20.0928
20.0928
20.0928
20.0928
20.0928
20.0928
19.5331
19.5331
19.5331
19.5331
19.5331
19.5331
19.5331
19.5331
19.0001
19.0001
19.0001
19.0001
19.0001
19.0001
19.0001
19.0001
18.5009
18.5009
18.5009
18.5009
18.5009
18.5009
18.5009
18.5009
29.2658
29.2658
29.2658
29.2658
29.2658
29.2658
29.2658
29.2658
28.2531
28.2531
28.2531
28.2531
28.2531
28.2531
28.2531
28.2531
27.2906
27.2906
27.2906
27.2906
27.2906
27.2906
27.2906
27.2906
26.3815
26.3815
26.3815
26.3815
26.3815
26.3815
26.3815
26.3815
25.5257
25.5257
25.5257
25.5257
25.5257
25.5257
25.5257
25.5257
24.7206
24.7206
24.7206
24.7206
24.7206
24.7206
24.7206
24.7206
23.9617
23.9617
23.9617
23.9617
23.9617
23.9617
23.9617
23.9617
23.2436
23.2436
23.2436
23.2436
23.2436
23.2436
23.2436
23.2436
22.5607
22.5607
22.5607
22.5607
22.5607
22.5607
22.5607
22.5607
21.9076
21.9076
21.9076
21.9076
21.9076
21.9076
21.9076
21.9076
21.2802
21.2802
21.2802
21.2802
21.2802
21.2802
21.2802
21.2802
20.6756
20.6756
20.6756
20.6756
20.6756
20.6756
20.6756
20.6756
20.0928
20.0928
20.0928
20.0928
20.0928
20.0928
20.0928
20.0928
19.5331
19.5331
19.5331
19.5331
19.5331
19.5331
19.5331
19.5331
19.0001
19.0001
19.0001
19.0001
19.0001
19.0001
19.0001
19.0001
18.5009
18.5009
18.5009
18.5009
18.5009
18.5009
18.5009
18.5009
29.2658
29.2658
29.2658
29.2658
29.2658
29.2658
29.2658
29.2658
28.2531
28.2531
28.2531
28.2531
28.2531
28.2531
28.2531
28.2531
27.2906
27.2906
27.2906
27.2906
27.2906
27.2906
27.2906
27.2906
26.3815
26.3815
26.3815
26.3815
26.3815
26.3815
26.3815
26.3815
25.5257
25.5257
25.5257
25.5257
25.5257
25.5257
25.5257
25.5257
24.7206
24.7206
24.7206
24.7206
24.7206
24.7206
24.7206
24.7206
23.9617
23.9617
23.9617
23.9617
23.9617
23.9617
23.9617
23.9617
23.2436
23.2436
23.2436
23.2436
23.2436
23.2436
23.2436
23.2436
22.5607
22.5607
22.5607
22.5607
22.5607
22.5607
22.5607
22.5607
21.9076
21.9076
21.9076
21.9076
21.9076
21.9076
21.9076
21.9076
21.2802
21.2802
21.2802
21.2802
21.2802
21.2802
21.2802
21.2802
20.6756
20.6756
20.6756
20.6756
20.6756
20.6756
20.6756
20.6756
20.0928
20.0928
20.0928
20.0928
20.0928
20.0928
20.0928
20.0928
19.5331
19.5331
19.5331
19.5331
19.5331
19.5331
19.5331
19.5331
19.0001
19.0001
19.0001
19.0001
19.0001
19.0001
19.0001
19.0001
18.5009
18.5009
18.5009
18.5009
18.5009
18.5009
18.5009
18.5009
27.7017
27.7017
27.7017
27.7017
27.7017
27.7017
27.7017
27.7017
26.7746
26.7746
26.7746
26.7746
26.7746
26.7746
26.7746
26.7746
25.9048
25.9048
25.9048
25.9048
25.9048
25.9048
25.9048
25.9048
25.0923
25.0923
25.0923
25.0923
25.0923
25.0923
25.0923
25.0923
24.3341
24.3341
24.3341
24.3341
24.3341
24.3341
24.3341
24.3341
23.6251
23.6251
23.6251
23.6251
23.6251
23.6251
23.6251
23.6251
22.9589
22.9589
22.9589
22.9589
22.9589
22.9589
22.9589
22.9589
22.3284
22.3284
22.3284
22.3284
22.3284
22.3284
22.3284
22.3284
21.7264
21.7264
21.7264
21.7264
21.7264
21.7264
21.7264
21.7264
21.1465
21.1465
21.1465
21.1465
21.1465
21.1465
21.1465
21.1465
20.5835
20.5835
20.5835
20.5835
20.5835
20.5835
20.5835
20.5835
20.0342
20.0342
20.0342
20.0342
20.0342
20.0342
20.0342
20.0342
19.4975
19.4975
19.4975
19.4975
19.4975
19.4975
19.4975
19.4975
18.9747
18.9747
18.9747
18.9747
18.9747
18.9747
18.9747
18.9747
18.4702
18.4702
18.4702
18.4702
18.4702
18.4702
18.4702
18.4702
17.9923
17.9923
17.9923
17.9923
17.9923
17.9923
17.9923
17.9923
27.7017
27.7017
27.7017
27.7017
27.7017
27.7017
27.7017
27.7017
26.7746
26.7746
26.7746
26.7746
26.7746
26.7746
26.7746
26.7746
25.9048
25.9048
25.9048
25.9048
25.9048
25.9048
25.9048
25.9048
25.0923
25.0923
25.0923
25.0923
25.0923
25.0923
25.0923
25.0923
24.3341
24.3341
24.3341
24.3341
24.3341
24.3341
24.3341
24.3341
23.6251
23.6251
23.6251
23.6251
23.6251
23.6251
23.6251
23.6251
22.9589
22.9589
22.9589
22.9589
22.9589
22.9589
22.9589
22.9589
22.3284
22.3284
22.3284
22.3284
22.3284
22.3284
22.3284
22.3284
21.7264
21.7264
21.7264
21.7264
21.7264
21.7264
21.7264
21.7264
21.1465
21.1465
21.1465
21.1465
21.1465
21.1465
21.1465
21.1465
20.5835
20.5835
20.5835
20.5835
20.5835
20.5835
20.5835
20.5835
20.0342
20.0342
20.0342
20.0342
20.0342
20.0342
20.0342
20.0342
19.4975
19.4975
19.4975
19.4975
19.4975
19.4975
19.4975
19.4975
18.9747
18.9747
18.9747
18.9747
18.9747
18.9747
18.9747
18.9747
18.4702
18.4702
18.4702
18.4702
18.4702
18.4702
18.4702
18.4702
17.9923
17.9923
17.9923
17.9923
17.9923
17.9923
17.9923
17.9923
27.7017
27.7017
27.7017
27.7017
27.7017
27.7017
27.7017
27.7017
26.7746
26.7746
26.7746
26.7746
26.7746
26.7746
26.7746
26.7746
25.9048
25.9048
25.9048
25.9048
25.9048
25.9048
25.9048
25.9048
25.0923
25.0923
25.0923
25.0923
25.0923
25.0923
25.0923
25.0923
24.3341
24.3341
24.3341
24.3341
24.3341
24.3341
24.3341
24.3341
23.6251
23.6251
23.6251
23.6251
23.6251
23.6251
23.6251
23.6251
22.9589
22.9589
22.9589
22.9589
22.9589
22.9589
22.9589
22.9589
22.3284
22.3284
22.3284
22.3284
22.3284
22.3284
22.3284
22.3284
21.7264
21.7264
21.7264
21.7264
21.7264
21.7264
21.7264
21.7264
21.1465
21.1465
21.1465
21.1465
21.1465
21.1465
21.1465
21.1465
20.5835
20.5835
20.5835
20.5835
20.5835
20.5835
20.5835
20.5835
20.0342
20.0342
20.0342
20.0342
20.0342
20.0342
20.0342
20.0342
19.4975
19.4975
19.4975
19.4975
19.4975
19.4975
19.4975
19.4975
18.9747
18.9747
18.9747
18.9747
18.9747
18.9747
18.9747
18.9747
18.4702
18.4702
18.4702
18.4702
18.4702
18.4702
18.4702
18.4702
17.9923
17.9923
17.9923
17.9923
17.9923
17.9923
17.9923
17.9923
27.7017
27.7017
27.7017
27.7017
27.7017
27.7017
27.7017
27.7017
26.7746
26.7746
26.7746
26.7746
26.7746
26.7746
26.7746
26.7746
25.9048
25.9048
25.9048
25.9048
25.9048
25.9048
25.9048
25.9048
25.0923
25.0923
25.0923
25.0923
25.0923
25.0923
25.0923
25.0923
24.3341
24.3341
24.3341
24.3341
24.3341
24.3341
24.3341
24.3341
23.6251
23.6251
23.6251
23.6251
23.6251
23.6251
23.6251
23.6251
22.9589
22.9589
22.9589
22.9589
22.9589
22.9589
22.9589
22.9589
22.3284
22.3284
22.3284
22.3284
22.3284
22.3284
22.3284
22.3284
21.7264
21.7264
21.7264
21.7264
21.7264
21.7264
21.7264
21.7264
21.1465
21.1465
21.1465
21.1465
21.1465
21.1465
21.1465
21.1465
20.5835
20.5835
20.5835
20.5835
20.5835
20.5835
20.5835
20.5835
20.0342
20.0342
20.0342
20.0342
20.0342
20.0342
20.0342
20.0342
19.4975
19.4975
19.4975
19.4975
19.4975
19.4975
19.4975
19.4975
18.9747
18.9747
18.9747
18.9747
18.9747
18.9747
18.9747
18.9747
18.4702
18.4702
18.4702
18.4702
18.4702
18.4702
18.4702
18.4702
17.9923
17.9923
17.9923
17.9923
17.9923
17.9923
17.9923
17.9923
25.9633
25.9633
25.9633
25.9633
25.9633
25.9633
25.9633
25.9633
25.1193
25.1193
25.1193
25.1193
25.1193
25.1193
25.1193
25.1193
24.3365
24.3365
24.3365
24.3365
24.3365
24.3365
24.3365
24.3365
23.6128
23.6128
23.6128
23.6128
23.6128
23.6128
23.6128
23.6128
22.9436
22.9436
22.9436
22.9436
22.9436
22.9436
22.9436
22.9436
22.3227
22.3227
22.3227
22.3227
22.3227
22.3227
22.3227
22.3227
21.7425
21.7425
21.7425
21.7425
21.7425
21.7425
21.7425
21.7425
21.1951
21.1951
21.1951
21.1951
21.1951
21.1951
21.1951
21.1951
20.6726
20.6726
20.6726
20.6726
20.6726
20.6726
20.6726
20.6726
20.168
20.168
20.168
20.168
20.168
20.168
20.168
20.168
19.6758
19.6758
19.6758
19.6758
19.6758
19.6758
19.6758
19.6758
19.1919
19.1919
19.1919
19.1919
19.1919
19.1919
19.1919
19.1919
18.7153
18.7153
18.7153
18.7153
18.7153
18.7153
18.7153
18.7153
18.2469
18.2469
18.2469
18.2469
18.2469
18.2469
18.2469
18.2469
17.7913
17.7913
17.7913
17.7913
17.7913
17.7913
17.7913
17.7913
17.3569
17.3569
17.3569
17.3569
17.3569
17.3569
17.3569
17.3569
25.9633
25.9633
25.9633
25.9633
25.9633
25.9633
25.9633
25.9633
25.1193
25.1193
25.1193
25.1193
25.1193
25.1193
25.1193
25.1193
24.3365
24.3365
24.3365
24.3365
24.3365
24.3365
24.3365
24.3365
23.6128
23.6128
23.6128
23.6128
23.6128
23.6128
23.6128
23.6128
22.9436
22.9436
22.9436
22.9436
22.9436
22.9436
22.9436
22.9436
22.3227
22.3227
22.3227
22.3227
22.3227
22.3227
22.3227
22.3227
21.7425
21.7425
21.7425
21.7425
21.7425
21.7425
21.7425
21.7425
21.1951
21.1951
21.1951
21.1951
21.1951
21.1951
21.1951
21.1951
20.6726
20.6726
20.6726
20.6726
20.6726
20.6726
20.6726
20.6726
20.168
20.168
20.168
20.168
20.168
20.168
20.168
20.168
19.6758
19.6758
19.6758
19.6758
19.6758
19.6758
19.6758
19.6758
19.1919
19.1919
19.1919
19.1919
19.1919
19.1919
19.1919
19.1919
18.7153
18.7153
18.7153
18.7153
18.7153
18.7153
18.7153
18.7153
18.2469
18.2469
18.2469
18.2469
18.2469
18.2469
18.2469
18.2469
17.7913
17.7913
17.7913
17.7913
17.7913
17.7913
17.7913
17.7913
17.3569
17.3569
17.3569
17.3569
17.3569
17.3569
17.3569
17.3569
25.9633
25.9633
25.9633
25.9633
25.9633
25.9633
25.9633
25.9633
25.1193
25.1193
25.1193
25.1193
25.1193
25.1193
25.1193
25.1193
24.3365
24.3365
24.3365
24.3365
24.3365
24.3365
24.3365
24.3365
23.6128
23.6128
23.6128
23.6128
23.6128
23.6128
23.6128
23.6128
22.9436
22.9436
22.9436
22.9436
22.9436
22.9436
22.9436
22.9436
22.3227
22.3227
22.3227
22.3227
22.3227
22.3227
22.3227
22.3227
21.7425
21.7425
21.7425
21.7425
21.7425
21.7425
21.7425
21.7425
21.1951
21.1951
21.1951
21.1951
21.1951
21.1951
21.1951
21.1951
20.6726
20.6726
20.6726
20.6726
20.6726
20.6726
20.6726
20.6726
20.168
20.168
20.168
20.168
20.168
20.168
20.168
20.168
19.6758
19.6758
19.6758
19.6758
19.6758
19.6758
19.6758
19.6758
19.1919
19.1919
19.1919
19.1919
19.1919
19.1919
19.1919
19.1919
18.7153
18.7153
18.7153
18.7153
18.7153
18.7153
18.7153
18.7153
18.2469
18.2469
18.2469
18.2469
18.2469
18.2469
18.2469
18.2469
17.7913
17.7913
17.7913
17.7913
17.7913
17.7913
17.7913
17.7913
17.3569
17.3569
17.3569
17.3569
17.3569
17.3569
17.3569
17.3569
25.9633
25.9633
25.9633
25.9633
25.9633
25.9633
25.9633
25.9633
25.1193
25.1193
25.1193
25.1193
25.1193
25.1193
25.1193
25.1193
24.3365
24.3365
24.3365
24.3365
24.3365
24.3365
24.3365
24.3365
23.6128
23.6128
23.6128
23.6128
23.6128
23.6128
23.6128
23.6128
22.9436
22.9436
22.9436
22.9436
22.9436
22.9436
22.9436
22.9436
22.3227
22.3227
22.3227
22.3227
22.3227
22.3227
22.3227
22.3227
21.7425
21.7425
21.7425
21.7425
21.7425
21.7425
21.7425
21.7425
21.1951
21.1951
21.1951
21.1951
21.1951
21.1951
21.1951
21.1951
20.6726
20.6726
20.6726
20.6726
20.6726
20.6726
20.6726
20.6726
20.168
20.168
20.168
20.168
20.168
20.168
20.168
20.168
19.6758
19.6758
19.6758
19.6758
19.6758
19.6758
19.6758
19.6758
19.1919
19.1919
19.1919
19.1919
19.1919
19.1919
19.1919
19.1919
18.7153
18.7153
18.7153
18.7153
18.7153
18.7153
18.7153
18.7153
18.2469
18.2469
18.2469
18.2469
18.2469
18.2469
18.2469
18.2469
17.7913
17.7913
17.7913
17.7913
17.7913
17.7913
17.7913
17.7913
17.3569
17.3569
17.3569
17.3569
17.3569
17.3569
17.3569
17.3569
24.1814
24.1814
24.1814
24.1814
24.1814
24.1814
24.1814
24.1814
23.4071
23.4071
23.4071
23.4071
23.4071
23.4071
23.4071
23.4071
22.6953
22.6953
22.6953
22.6953
22.6953
22.6953
22.6953
22.6953
22.0429
22.0429
22.0429
22.0429
22.0429
22.0429
22.0429
22.0429
21.4451
21.4451
21.4451
21.4451
21.4451
21.4451
21.4451
21.4451
20.8952
20.8952
20.8952
20.8952
20.8952
20.8952
20.8952
20.8952
20.3858
20.3858
20.3858
20.3858
20.3858
20.3858
20.3858
20.3858
19.9091
19.9091
19.9091
19.9091
19.9091
19.9091
19.9091
19.9091
19.4573
19.4573
19.4573
19.4573
19.4573
19.4573
19.4573
19.4573
19.0231
19.0231
19.0231
19.0231
19.0231
19.0231
19.0231
19.0231
18.6009
18.6009
18.6009
18.6009
18.6009
18.6009
18.6009
18.6009
18.1865
18.1865
18.1865
18.1865
18.1865
18.1865
18.1865
18.1865
17.7782
17.7782
17.7782
17.7782
17.7782
17.7782
17.7782
17.7782
17.3768
17.3768
17.3768
17.3768
17.3768
17.3768
17.3768
17.3768
16.9858
16.9858
16.9858
16.9858
16.9858
16.9858
16.9858
16.9858
16.6132
16.6132
16.6132
16.6132
16.6132
16.6132
16.6132
16.6132
24.1814
24.1814
24.1814
24.1814
24.1814
24.1814
24.1814
24.1814
23.4071
23.4071
23.4071
23.4071
23.4071
23.4071
23.4071
23.4071
22.6953
22.6953
22.6953
22.6953
22.6953
22.6953
22.6953
22.6953
22.0429
22.0429
22.0429
22.0429
22.0429
22.0429
22.0429
22.0429
21.4451
21.4451
21.4451
21.4451
21.4451
21.4451
21.4451
21.4451
20.8952
20.8952
20.8952
20.8952
20.8952
20.8952
20.8952
20.8952
20.3858
20.3858
20.3858
20.3858
20.3858
20.3858
20.3858
20.3858
19.9091
19.9091
19.9091
19.9091
19.9091
19.9091
19.9091
19.9091
19.4573
19.4573
19.4573
19.4573
19.4573
19.4573
19.4573
19.4573
19.0231
19.0231
19.0231
19.0231
19.0231
19.0231
19.0231
19.0231
18.6009
18.6009
18.6009
18.6009
18.6009
18.6009
18.6009
18.6009
18.1865
18.1865
18.1865
18.1865
18.1865
18.1865
18.1865
18.1865
17.7782
17.7782
17.7782
17.7782
17.7782
17.7782
17.7782
17.7782
17.3768
17.3768
17.3768
17.3768
17.3768
17.3768
17.3768
17.3768
16.9858
16.9858
16.9858
16.9858
16.9858
16.9858
16.9858
16.9858
16.6132
16.6132
16.6132
16.6132
16.6132
16.6132
16.6132
16.6132
24.1814
24.1814
24.1814
24.1814
24.1814
24.1814
24.1814
24.1814
23.4071
23.4071
23.4071
23.4071
23.4071
23.4071
23.4071
23.4071
22.6953
22.6953
22.6953
22.6953
22.6953
22.6953
22.6953
22.6953
22.0429
22.0429
22.0429
22.0429
22.0429
22.0429
22.0429
22.0429
21.4451
21.4451
21.4451
21.4451
21.4451
21.4451
21.4451
21.4451
20.8952
20.8952
20.8952
20.8952
20.8952
20.8952
20.8952
20.8952
20.3858
20.3858
20.3858
20.3858
20.3858
20.3858
20.3858
20.3858
19.9091
19.9091
19.9091
19.9091
19.9091
19.9091
19.9091
19.9091
19.4573
19.4573
19.4573
19.4573
19.4573
19.4573
19.4573
19.4573
19.0231
19.0231
19.0231
19.0231
19.0231
19.0231
19.0231
19.0231
18.6009
18.6009
18.6009
18.6009
18.6009
18.6009
18.6009
18.6009
18.1865
18.1865
18.1865
18.1865
18.1865
18.1865
18.1865
18.1865
17.7782
17.7782
17.7782
17.7782
17.7782
17.7782
17.7782
17.7782
17.3768
17.3768
17.3768
17.3768
17.3768
17.3768
17.3768
17.3768
16.9858
16.9858
16.9858
16.9858
16.9858
16.9858
16.9858
16.9858
16.6132
16.6132
16.6132
16.6132
16.6132
16.6132
16.6132
16.6132
24.1814
24.1814
24.1814
24.1814
24.1814
24.1814
24.1814
24.1814
23.4071
23.4071
23.4071
23.4071
23.4071
23.4071
23.4071
23.4071
22.6953
22.6953
22.6953
22.6953
22.6953
22.6953
22.6953
22.6953
22.0429
22.0429
22.0429
22.0429
22.0429
22.0429
22.0429
22.0429
21.4451
21.4451
21.4451
21.4451
21.4451
21.4451
21.4451
21.4451
20.8952
20.8952
20.8952
20.8952
20.8952
20.8952
20.8952
20.8952
20.3858
20.3858
20.3858
20.3858
20.3858
20.3858
20.3858
20.3858
19.9091
19.9091
19.9091
19.9091
19.9091
19.9091
19.9091
19.9091
19.4573
19.4573
19.4573
19.4573
19.4573
19.4573
19.4573
19.4573
19.0231
19.0231
19.0231
19.0231
19.0231
19.0231
19.0231
19.0231
18.6009
18.6009
18.6009
18.6009
18.6009
18.6009
18.6009
18.6009
18.1865
18.1865
18.1865
18.1865
18.1865
18.1865
18.1865
18.1865
17.7782
17.7782
17.7782
17.7782
17.7782
17.7782
17.7782
17.7782
17.3768
17.3768
17.3768
17.3768
17.3768
17.3768
17.3768
17.3768
16.9858
16.9858
16.9858
16.9858
16.9858
16.9858
16.9858
16.9858
16.6132
16.6132
16.6132
16.6132
16.6132
16.6132
16.6132
16.6132
22.4795
22.4795
22.4795
22.4795
22.4795
22.4795
22.4795
22.4795
21.7535
21.7535
21.7535
21.7535
21.7535
21.7535
21.7535
21.7535
21.0894
21.0894
21.0894
21.0894
21.0894
21.0894
21.0894
21.0894
20.4843
20.4843
20.4843
20.4843
20.4843
20.4843
20.4843
20.4843
19.9337
19.9337
19.9337
19.9337
19.9337
19.9337
19.9337
19.9337
19.432
19.432
19.432
19.432
19.432
19.432
19.432
19.432
18.9725
18.9725
18.9725
18.9725
18.9725
18.9725
18.9725
18.9725
18.5481
18.5481
18.5481
18.5481
18.5481
18.5481
18.5481
18.5481
18.1518
18.1518
18.1518
18.1518
18.1518
18.1518
18.1518
18.1518
17.7769
17.7769
17.7769
17.7769
17.7769
17.7769
17.7769
17.7769
17.4177
17.4177
17.4177
17.4177
17.4177
17.4177
17.4177
17.4177
17.0703
17.0703
17.0703
17.0703
17.0703
17.0703
17.0703
17.0703
16.7323
16.7323
16.7323
16.7323
16.7323
16.7323
16.7323
16.7323
16.4037
16.4037
16.4037
16.4037
16.4037
16.4037
16.4037
16.4037
16.0872
16.0872
16.0872
16.0872
16.0872
16.0872
16.0872
16.0872
15.7887
15.7887
15.7887
15.7887
15.7887
15.7887
15.7887
15.7887
22.4795
22.4795
22.4795
22.4795
22.4795
22.4795
22.4795
22.4795
21.7535
21.7535
21.7535
21.7535
21.7535
21.7535
21.7535
21.7535
21.0894
21.0894
21.0894
21.0894
21.0894
21.0894
21.0894
21.0894
20.4843
20.4843
20.4843
20.4843
20.4843
20.4843
20.4843
20.4843
19.9337
19.9337
19.9337
19.9337
19.9337
19.9337
19.9337
19.9337
19.432
19.432
19.432
19.432
19.432
19.432
19.432
19.432
18.9725
18.9725
18.9725
18.9725
18.9725
18.9725
18.9725
18.9725
18.5481
18.5481
18.5481
18.5481
18.5481
18.5481
18.5481
18.5481
18.1518
18.1518
18.1518
18.1518
18.1518
18.1518
18.1518
18.1518
17.7769
17.7769
17.7769
17.7769
17.7769
17.7769
17.7769
17.7769
17.4177
17.4177
17.4177
17.4177
17.4177
17.4177
17.4177
17.4177
17.0703
17.0703
17.0703
17.0703
17.0703
17.0703
17.0703
17.0703
16.7323
16.7323
16.7323
16.7323
16.7323
16.7323
16.7323
16.7323
16.4037
16.4037
16.4037
16.4037
16.4037
16.4037
16.4037
16.4037
16.0872
16.0872
16.0872
16.0872
16.0872
16.0872
16.0872
16.0872
15.7887
15.7887
15.7887
15.7887
15.7887
15.7887
15.7887
15.7887
22.4795
22.4795
22.4795
22.4795
22.4795
22.4795
22.4795
22.4795
21.7535
21.7535
21.7535
21.7535
21.7535
21.7535
21.7535
21.7535
21.0894
21.0894
21.0894
21.0894
21.0894
21.0894
21.0894
21.0894
20.4843
20.4843
20.4843
20.4843
20.4843
20.4843
20.4843
20.4843
19.9337
19.9337
19.9337
19.9337
19.9337
19.9337
19.9337
19.9337
19.432
19.432
19.432
19.432
19.432
19.432
19.432
19.432
18.9725
18.9725
18.9725
18.9725
18.9725
18.9725
18.9725
18.9725
18.5481
18.5481
18.5481
18.5481
18.5481
18.5481
18.5481
18.5481
18.1518
18.1518
18.1518
18.1518
18.1518
18.1518
18.1518
18.1518
17.7769
17.7769
17.7769
17.7769
17.7769
17.7769
17.7769
17.7769
17.4177
17.4177
17.4177
17.4177
17.4177
17.4177
17.4177
17.4177
17.0703
17.0703
17.0703
17.0703
17.0703
17.0703
17.0703
17.0703
16.7323
16.7323
16.7323
16.7323
16.7323
16.7323
16.7323
16.7323
16.4037
16.4037
16.4037
16.4037
16.4037
16.4037
16.4037
16.4037
16.0872
16.0872
16.0872
16.0872
16.0872
16.0872
16.0872
16.0872
15.7887
15.7887
15.7887
15.7887
15.7887
15.7887
15.7887
15.7887
22.4795
22.4795
22.4795
22.4795
22.4795
22.4795
22.4795
22.4795
21.7535
21.7535
21.7535
21.7535
21.7535
21.7535
21.7535
21.7535
21.0894
21.0894
21.0894
21.0894
21.0894
21.0894
21.0894
21.0894
20.4843
20.4843
20.4843
20.4843
20.4843
20.4843
20.4843
20.4843
19.9337
19.9337
19.9337
19.9337
19.9337
19.9337
19.9337
19.9337
19.432
19.432
19.432
19.432
19.432
19.432
19.432
19.432
18.9725
18.9725
18.9725
18.9725
18.9725
18.9725
18.9725
18.9725
18.5481
18.5481
18.5481
18.5481
18.5481
18.5481
18.5481
18.5481
18.1518
18.1518
18.1518
18.1518
18.1518
18.1518
18.1518
18.1518
17.7769
17.7769
17.7769
17.7769
17.7769
17.7769
17.7769
17.7769
17.4177
17.4177
17.4177
17.4177
17.4177
17.4177
17.4177
17.4177
17.0703
17.0703
17.0703
17.0703
17.0703
17.0703
17.0703
17.0703
16.7323
16.7323
16.7323
16.7323
16.7323
16.7323
16.7323
16.7323
16.4037
16.4037
16.4037
16.4037
16.4037
16.4037
16.4037
16.4037
16.0872
16.0872
16.0872
16.0872
16.0872
16.0872
16.0872
16.0872
15.7887
15.7887
15.7887
15.7887
15.7887
15.7887
15.7887
15.7887
20.9604
20.9604
20.9604
20.9604
20.9604
20.9604
20.9604
20.9604
20.2567
20.2567
20.2567
20.2567
20.2567
20.2567
20.2567
20.2567
19.6129
19.6129
19.6129
19.6129
19.6129
19.6129
19.6129
19.6129
19.0274
19.0274
19.0274
19.0274
19.0274
19.0274
19.0274
19.0274
18.4971
18.4971
18.4971
18.4971
18.4971
18.4971
18.4971
18.4971
18.0177
18.0177
18.0177
18.0177
18.0177
18.0177
18.0177
18.0177
17.5839
17.5839
17.5839
17.5839
17.5839
17.5839
17.5839
17.5839
17.1902
17.1902
17.1902
17.1902
17.1902
17.1902
17.1902
17.1902
16.8305
16.8305
16.8305
16.8305
16.8305
16.8305
16.8305
16.8305
16.4992
16.4992
16.4992
16.4992
16.4992
16.4992
16.4992
16.4992
16.1913
16.1913
16.1913
16.1913
16.1913
16.1913
16.1913
16.1913
15.9026
15.9026
15.9026
15.9026
15.9026
15.9026
15.9026
15.9026
15.6306
15.6306
15.6306
15.6306
15.6306
15.6306
15.6306
15.6306
15.3744
15.3744
15.3744
15.3744
15.3744
15.3744
15.3744
15.3744
15.1351
15.1351
15.1351
15.1351
15.1351
15.1351
15.1351
15.1351
14.9165
14.9165
14.9165
14.9165
14.9165
14.9165
14.9165
14.9165
20.9604
20.9604
20.9604
20.9604
20.9604
20.9604
20.9604
20.9604
20.2567
20.2567
20.2567
20.2567
20.2567
20.2567
20.2567
20.2567
19.6129
19.6129
19.6129
19.6129
19.6129
19.6129
19.6129
19.6129
19.0274
19.0274
19.0274
19.0274
19.0274
19.0274
19.0274
19.0274
18.4971
18.4971
18.4971
18.4971
18.4971
18.4971
18.4971
18.4971
18.0177
18.0177
18.0177
18.0177
18.0177
18.0177
18.0177
18.0177
17.5839
17.5839
17.5839
17.5839
17.5839
17.5839
17.5839
17.5839
17.1902
17.1902
17.1902
17.1902
17.1902
17.1902
17.1902
17.1902
16.8305
16.8305
16.8305
16.8305
16.8305
16.8305
16.8305
16.8305
16.4992
16.4992
16.4992
16.4992
16.4992
16.4992
16.4992
16.4992
16.1913
16.1913
16.1913
16.1913
16.1913
16.1913
16.1913
16.1913
15.9026
15.9026
15.9026
15.9026
15.9026
15.9026
15.9026
15.9026
15.6306
15.6306
15.6306
15.6306
15.6306
15.6306
15.6306
15.6306
15.3744
15.3744
15.3744
15.3744
15.3744
15.3744
15.3744
15.3744
15.1351
15.1351
15.1351
15.1351
15.1351
15.1351
15.1351
15.1351
14.9165
14.9165
14.9165
14.9165
14.9165
14.9165
14.9165
14.9165
20.9604
20.9604
20.9604
20.9604
20.9604
20.9604
20.9604
20.9604
20.2567
20.2567
20.2567
20.2567
20.2567
20.2567
20.2567
20.2567
19.6129
19.6129
19.6129
19.6129
19.6129
19.6129
19.6129
19.6129
19.0274
19.0274
19.0274
19.0274
19.0274
19.0274
19.0274
19.0274
18.4971
18.4971
18.4971
18.4971
18.4971
18.4971
18.4971
18.4971
18.0177
18.0177
18.0177
18.0177
18.0177
18.0177
18.0177
18.0177
17.5839
17.5839
17.5839
17.5839
17.5839
17.5839
17.5839
17.5839
17.1902
17.1902
17.1902
17.1902
17.1902
17.1902
17.1902
17.1902
16.8305
16.8305
16.8305
16.8305
16.8305
16.8305
16.8305
16.8305
16.4992
16.4992
16.4992
16.4992
16.4992
16.4992
16.4992
16.4992
16.1913
16.1913
16.1913
16.1913
16.1913
16.1913
16.1913
16.1913
15.9026
15.9026
15.9026
15.9026
15.9026
15.9026
15.9026
15.9026
15.6306
15.6306
15.6306
15.6306
15.6306
15.6306
15.6306
15.6306
15.3744
15.3744
15.3744
15.3744
15.3744
15.3744
15.3744
15.3744
15.1351
15.1351
15.1351
15.1351
15.1351
15.1351
15.1351
15.1351
14.9165
14.9165
14.9165
14.9165
14.9165
14.9165
14.9165
14.9165
20.9604
20.9604
20.9604
20.9604
20.9604
20.9604
20.9604
20.9604
20.2567
20.2567
20.2567
20.2567
20.2567
20.2567
20.2567
20.2567
19.6129
19.6129
19.6129
19.6129
19.6129
19.6129
19.6129
19.6129
19.0274
19.0274
19.0274
19.0274
19.0274
19.0274
19.0274
19.0274
18.4971
18.4971
18.4971
18.4971
18.4971
18.4971
18.4971
18.4971
18.0177
18.0177
18.0177
18.0177
18.0177
18.0177
18.0177
18.0177
17.5839
17.5839
17.5839
17.5839
17.5839
17.5839
17.5839
17.5839
17.1902
17.1902
17.1902
17.1902
17.1902
17.1902
17.1902
17.1902
16.8305
16.8305
16.8305
16.8305
16.8305
16.8305
16.8305
16.8305
16.4992
16.4992
16.4992
16.4992
16.4992
16.4992
16.4992
16.4992
16.1913
16.1913
16.1913
16.1913
16.1913
16.1913
16.1913
16.1913
15.9026
15.9026
15.9026
15.9026
15.9026
15.9026
15.9026
15.9026
15.6306
15.6306
15.6306
15.6306
15.6306
15.6306
15.6306
15.6306
15.3744
15.3744
15.3744
15.3744
15.3744
15.3744
15.3744
15.3744
15.1351
15.1351
15.1351
15.1351
15.1351
15.1351
15.1351
15.1351
14.9165
14.9165
14.9165
14.9165
14.9165
14.9165
14.9165
14.9165
19.7023
19.7023
19.7023
19.7023
19.7023
19.7023
19.7023
19.7023
18.9921
18.9921
18.9921
18.9921
18.9921
18.9921
18.9921
18.9921
18.3396
18.3396
18.3396
18.3396
18.3396
18.3396
18.3396
18.3396
17.7449
17.7449
17.7449
17.7449
17.7449
17.7449
17.7449
17.7449
17.2068
17.2068
17.2068
17.2068
17.2068
17.2068
17.2068
17.2068
16.723
16.723
16.723
16.723
16.723
16.723
16.723
16.723
16.2902
16.2902
16.2902
16.2902
16.2902
16.2902
16.2902
16.2902
15.9044
15.9044
15.9044
15.9044
15.9044
15.9044
15.9044
15.9044
15.561
15.561
15.561
15.561
15.561
15.561
15.561
15.561
15.2555
15.2555
15.2555
15.2555
15.2555
15.2555
15.2555
15.2555
14.9835
14.9835
14.9835
14.9835
14.9835
14.9835
14.9835
14.9835
14.7415
14.7415
14.7415
14.7415
14.7415
14.7415
14.7415
14.7415
14.5263
14.5263
14.5263
14.5263
14.5263
14.5263
14.5263
14.5263
14.3362
14.3362
14.3362
14.3362
14.3362
14.3362
14.3362
14.3362
14.1709
14.1709
14.1709
14.1709
14.1709
14.1709
14.1709
14.1709
14.0318
14.0318
14.0318
14.0318
14.0318
14.0318
14.0318
14.0318
19.7023
19.7023
19.7023
19.7023
19.7023
19.7023
19.7023
19.7023
18.9921
18.9921
18.9921
18.9921
18.9921
18.9921
18.9921
18.9921
18.3396
18.3396
18.3396
18.3396
18.3396
18.3396
18.3396
18.3396
17.7449
17.7449
17.7449
17.7449
17.7449
17.7449
17.7449
17.7449
17.2068
17.2068
17.2068
17.2068
17.2068
17.2068
17.2068
17.2068
16.723
16.723
16.723
16.723
16.723
16.723
16.723
16.723
16.2902
16.2902
16.2902
16.2902
16.2902
16.2902
16.2902
16.2902
15.9044
15.9044
15.9044
15.9044
15.9044
15.9044
15.9044
15.9044
15.561
15.561
15.561
15.561
15.561
15.561
15.561
15.561
15.2555
15.2555
15.2555
15.2555
15.2555
15.2555
15.2555
15.2555
14.9835
14.9835
14.9835
14.9835
14.9835
14.9835
14.9835
14.9835
14.7415
14.7415
14.7415
14.7415
14.7415
14.7415
14.7415
14.7415
14.5263
14.5263
14.5263
14.5263
14.5263
14.5263
14.5263
14.5263
14.3362
14.3362
14.3362
14.3362
14.3362
14.3362
14.3362
14.3362
14.1709
14.1709
14.1709
14.1709
14.1709
14.1709
14.1709
14.1709
14.0318
14.0318
14.0318
14.0318
14.0318
14.0318
14.0318
14.0318
19.7023
19.7023
19.7023
19.7023
19.7023
19.7023
19.7023
19.7023
18.9921
18.9921
18.9921
18.9921
18.9921
18.9921
18.9921
18.9921
18.3396
18.3396
18.3396
18.3396
18.3396
18.3396
18.3396
18.3396
17.7449
17.7449
17.7449
17.7449
17.7449
17.7449
17.7449
17.7449
17.2068
17.2068
17.2068
17.2068
17.2068
17.2068
17.2068
17.2068
16.723
16.723
16.723
16.723
16.723
16.723
16.723
16.723
16.2902
16.2902
16.2902
16.2902
16.2902
16.2902
16.2902
16.2902
15.9044
15.9044
15.9044
15.9044
15.9044
15.9044
15.9044
15.9044
15.561
15.561
15.561
15.561
15.561
15.561
15.561
15.561
15.2555
15.2555
15.2555
15.2555
15.2555
15.2555
15.2555
15.2555
14.9835
14.9835
14.9835
14.9835
14.9835
14.9835
14.9835
14.9835
14.7415
14.7415
14.7415
14.7415
14.7415
14.7415
14.7415
14.7415
14.5263
14.5263
14.5263
14.5263
14.5263
14.5263
14.5263
14.5263
14.3362
14.3362
14.3362
14.3362
14.3362
14.3362
14.3362
14.3362
14.1709
14.1709
14.1709
14.1709
14.1709
14.1709
14.1709
14.1709
14.0318
14.0318
14.0318
14.0318
14.0318
14.0318
14.0318
14.0318
19.7023
19.7023
19.7023
19.7023
19.7023
19.7023
19.7023
19.7023
18.9921
18.9921
18.9921
18.9921
18.9921
18.9921
18.9921
18.9921
18.3396
18.3396
18.3396
18.3396
18.3396
18.3396
18.3396
18.3396
17.7449
17.7449
17.7449
17.7449
17.7449
17.7449
17.7449
17.7449
17.2068
17.2068
17.2068
17.2068
17.2068
17.2068
17.2068
17.2068
16.723
16.723
16.723
16.723
16.723
16.723
16.723
16.723
16.2902
16.2902
16.2902
16.2902
16.2902
16.2902
16.2902
16.2902
15.9044
15.9044
15.9044
15.9044
15.9044
15.9044
15.9044
15.9044
15.561
15.561
15.561
15.561
15.561
15.561
15.561
15.561
15.2555
15.2555
15.2555
15.2555
15.2555
15.2555
15.2555
15.2555
14.9835
14.9835
14.9835
14.9835
14.9835
14.9835
14.9835
14.9835
14.7415
14.7415
14.7415
14.7415
14.7415
14.7415
14.7415
14.7415
14.5263
14.5263
14.5263
14.5263
14.5263
14.5263
14.5263
14.5263
14.3362
14.3362
14.3362
14.3362
14.3362
14.3362
14.3362
14.3362
14.1709
14.1709
14.1709
14.1709
14.1709
14.1709
14.1709
14.1709
14.0318
14.0318
14.0318
14.0318
14.0318
14.0318
14.0318
14.0318
18.7604
18.7604
18.7604
18.7604
18.7604
18.7604
18.7604
18.7604
18.0134
18.0134
18.0134
18.0134
18.0134
18.0134
18.0134
18.0134
17.3221
17.3221
17.3221
17.3221
17.3221
17.3221
17.3221
17.3221
16.6891
16.6891
16.6891
16.6891
16.6891
16.6891
16.6891
16.6891
16.1155
16.1155
16.1155
16.1155
16.1155
16.1155
16.1155
16.1155
15.6014
15.6014
15.6014
15.6014
15.6014
15.6014
15.6014
15.6014
15.1454
15.1454
15.1454
15.1454
15.1454
15.1454
15.1454
15.1454
14.7453
14.7453
14.7453
14.7453
14.7453
14.7453
14.7453
14.7453
14.3979
14.3979
14.3979
14.3979
14.3979
14.3979
14.3979
14.3979
14.0999
14.0999
14.0999
14.0999
14.0999
14.0999
14.0999
14.0999
13.8476
13.8476
13.8476
13.8476
13.8476
13.8476
13.8476
13.8476
13.6376
13.6376
13.6376
13.6376
13.6376
13.6376
13.6376
13.6376
13.4667
13.4667
13.4667
13.4667
13.4667
13.4667
13.4667
13.4667
13.3325
13.3325
13.3325
13.3325
13.3325
13.3325
13.3325
13.3325
13.2331
13.2331
13.2331
13.2331
13.2331
13.2331
13.2331
13.2331
13.1677
13.1677
13.1677
13.1677
13.1677
13.1677
13.1677
13.1677
18.7604
18.7604
18.7604
18.7604
18.7604
18.7604
18.7604
18.7604
18.0134
18.0134
18.0134
18.0134
18.0134
18.0134
18.0134
18.0134
17.3221
17.3221
17.3221
17.3221
17.3221
17.3221
17.3221
17.3221
16.6891
16.6891
16.6891
16.6891
16.6891
16.6891
16.6891
16.6891
16.1155
16.1155
16.1155
16.1155
16.1155
16.1155
16.1155
16.1155
15.6014
15.6014
15.6014
15.6014
15.6014
15.6014
15.6014
15.6014
15.1454
15.1454
15.1454
15.1454
15.1454
15.1454
15.1454
15.1454
14.7453
14.7453
14.7453
14.7453
14.7453
14.7453
14.7453
14.7453
14.3979
14.3979
14.3979
14.3979
14.3979
14.3979
14.3979
14.3979
14.0999
14.0999
14.0999
14.0999
14.0999
14.0999
14.0999
14.0999
13.8476
13.8476
13.8476
13.8476
13.8476
13.8476
13.8476
13.8476
13.6376
13.6376
13.6376
13.6376
13.6376
13.6376
13.6376
13.6376
13.4667
13.4667
13.4667
13.4667
13.4667
13.4667
13.4667
13.4667
13.3325
13.3325
13.3325
13.3325
13.3325
13.3325
13.3325
13.3325
13.2331
13.2331
13.2331
13.2331
13.2331
13.2331
13.2331
13.2331
13.1677
13.1677
13.1677
13.1677
13.1677
13.1677
13.1677
13.1677
18.7604
18.7604
18.7604
18.7604
18.7604
18.7604
18.7604
18.7604
18.0134
18.0134
18.0134
18.0134
18.0134
18.0134
18.0134
18.0134
17.3221
17.3221
17.3221
17.3221
17.3221
17.3221
17.3221
17.3221
16.6891
16.6891
16.6891
16.6891
16.6891
16.6891
16.6891
16.6891
16.1155
16.1155
16.1155
16.1155
16.1155
16.1155
16.1155
16.1155
15.6014
15.6014
15.6014
15.6014
15.6014
15.6014
15.6014
15.6014
15.1454
15.1454
15.1454
15.1454
15.1454
15.1454
15.1454
15.1454
14.7453
14.7453
14.7453
14.7453
14.7453
14.7453
14.7453
14.7453
14.3979
14.3979
14.3979
14.3979
14.3979
14.3979
14.3979
14.3979
14.0999
14.0999
14.0999
14.0999
14.0999
14.0999
14.0999
14.0999
13.8476
13.8476
13.8476
13.8476
13.8476
13.8476
13.8476
13.8476
13.6376
13.6376
13.6376
13.6376
13.6376
13.6376
13.6376
13.6376
13.4667
13.4667
13.4667
13.4667
13.4667
13.4667
13.4667
13.4667
13.3325
13.3325
13.3325
13.3325
13.3325
13.3325
13.3325
13.3325
13.2331
13.2331
13.2331
13.2331
13.2331
13.2331
13.2331
13.2331
13.1677
13.1677
13.1677
13.1677
13.1677
13.1677
13.1677
13.1677
18.7604
18.7604
18.7604
18.7604
18.7604
18.7604
18.7604
18.7604
18.0134
18.0134
18.0134
18.0134
18.0134
18.0134
18.0134
18.0134
17.3221
17.3221
17.3221
17.3221
17.3221
17.3221
17.3221
17.3221
16.6891
16.6891
16.6891
16.6891
16.6891
16.6891
16.6891
16.6891
16.1155
16.1155
16.1155
16.1155
16.1155
16.1155
16.1155
16.1155
15.6014
15.6014
15.6014
15.6014
15.6014
15.6014
15.6014
15.6014
15.1454
15.1454
15.1454
15.1454
15.1454
15.1454
15.1454
15.1454
14.7453
14.7453
14.7453
14.7453
14.7453
14.7453
14.7453
14.7453
14.3979
14.3979
14.3979
14.3979
14.3979
14.3979
14.3979
14.3979
14.0999
14.0999
14.0999
14.0999
14.0999
14.0999
14.0999
14.0999
13.8476
13.8476
13.8476
13.8476
13.8476
13.8476
13.8476
13.8476
13.6376
13.6376
13.6376
13.6376
13.6376
13.6376
13.6376
13.6376
13.4667
13.4667
13.4667
13.4667
13.4667
13.4667
13.4667
13.4667
13.3325
13.3325
13.3325
13.3325
13.3325
13.3325
13.3325
13.3325
13.2331
13.2331
13.2331
13.2331
13.2331
13.2331
13.2331
13.2331
13.1677
13.1677
13.1677
13.1677
13.1677
13.1677
13.1677
13.1677
18.1734
18.1734
18.1734
18.1734
18.1734
18.1734
18.1734
18.1734
17.3573
17.3573
17.3573
17.3573
17.3573
17.3573
17.3573
17.3573
16.5958
16.5958
16.5958
16.5958
16.5958
16.5958
16.5958
16.5958
15.8949
15.8949
15.8949
15.8949
15.8949
15.8949
15.8949
15.8949
15.2584
15.2584
15.2584
15.2584
15.2584
15.2584
15.2584
15.2584
14.6888
14.6888
14.6888
14.6888
14.6888
14.6888
14.6888
14.6888
14.1867
14.1867
14.1867
14.1867
14.1867
14.1867
14.1867
14.1867
13.7513
13.7513
13.7513
13.7513
13.7513
13.7513
13.7513
13.7513
13.3809
13.3809
13.3809
13.3809
13.3809
13.3809
13.3809
13.3809
13.0727
13.0727
13.0727
13.0727
13.0727
13.0727
13.0727
13.0727
12.8238
12.8238
12.8238
12.8238
12.8238
12.8238
12.8238
12.8238
12.6307
12.6307
12.6307
12.6307
12.6307
12.6307
12.6307
12.6307
12.4902
12.4902
12.4902
12.4902
12.4902
12.4902
12.4902
12.4902
12.3991
12.3991
12.3991
12.3991
12.3991
12.3991
12.3991
12.3991
12.3543
12.3543
12.3543
12.3543
12.3543
12.3543
12.3543
12.3543
12.3527
12.3527
12.3527
12.3527
12.3527
12.3527
12.3527
12.3527
18.1734
18.1734
18.1734
18.1734
18.1734
18.1734
18.1734
18.1734
17.3573
17.3573
17.3573
17.3573
17.3573
17.3573
17.3573
17.3573
16.5958
16.5958
16.5958
16.5958
16.5958
16.5958
16.5958
16.5958
15.8949
15.8949
15.8949
15.8949
15.8949
15.8949
15.8949
15.8949
15.2584
15.2584
15.2584
15.2584
15.2584
15.2584
15.2584
15.2584
14.6888
14.6888
14.6888
14.6888
14.6888
14.6888
14.6888
14.6888
14.1867
14.1867
14.1867
14.1867
14.1867
14.1867
14.1867
14.1867
13.7513
13.7513
13.7513
13.7513
13.7513
13.7513
13.7513
13.7513
13.3809
13.3809
13.3809
13.3809
13.3809
13.3809
13.3809
13.3809
13.0727
13.0727
13.0727
13.0727
13.0727
13.0727
13.0727
13.0727
12.8238
12.8238
12.8238
12.8238
12.8238
12.8238
12.8238
12.8238
12.6307
12.6307
12.6307
12.6307
12.6307
12.6307
12.6307
12.6307
12.4902
12.4902
12.4902
12.4902
12.4902
12.4902
12.4902
12.4902
12.3991
12.3991
12.3991
12.3991
12.3991
12.3991
12.3991
12.3991
12.3543
12.3543
12.3543
12.3543
12.3543
12.3543
12.3543
12.3543
12.3527
12.3527
12.3527
12.3527
12.3527
12.3527
12.3527
12.3527
18.1734
18.1734
18.1734
18.1734
18.1734
18.1734
18.1734
18.1734
17.3573
17.3573
17.3573
17.3573
17.3573
17.3573
17.3573
17.3573
16.5958
16.5958
16.5958
16.5958
16.5958
16.5958
16.5958
16.5958
15.8949
15.8949
15.8949
15.8949
15.8949
15.8949
15.8949
15.8949
15.2584
15.2584
15.2584
15.2584
15.2584
15.2584
15.2584
15.2584
14.6888
14.6888
14.6888
14.6888
14.6888
14.6888
14.6888
14.6888
14.1867
14.1867
14.1867
14.1867
14.1867
14.1867
14.1867
14.1867
13.7513
13.7513
13.7513
13.7513
13.7513
13.7513
13.7513
13.7513
13.3809
13.3809
13.3809
13.3809
13.3809
13.3809
13.3809
13.3809
13.0727
13.0727
13.0727
13.0727
13.0727
13.0727
13.0727
13.0727
12.8238
12.8238
12.8238
12.8238
12.8238
12.8238
12.8238
12.8238
12.6307
12.6307
12.6307
12.6307
12.6307
12.6307
12.6307
12.6307
12.4902
12.4902
12.4902
12.4902
12.4902
12.4902
12.4902
12.4902
12.3991
12.3991
12.3991
12.3991
12.3991
12.3991
12.3991
12.3991
12.3543
12.3543
12.3543
12.3543
12.3543
12.3543
12.3543
12.3543
12.3527
12.3527
12.3527
12.3527
12.3527
12.3527
12.3527
12.3527
18.1734
18.1734
18.1734
18.1734
18.1734
18.1734
18.1734
18.1734
17.3573
17.3573
17.3573
17.3573
17.3573
17.3573
17.3573
17.3573
16.5958
16.5958
16.5958
16.5958
16.5958
16.5958
16.5958
16.5958
15.8949
15.8949
15.8949
15.8949
15.8949
15.8949
15.8949
15.8949
15.2584
15.2584
15.2584
15.2584
15.2584
15.2584
15.2584
15.2584
14.6888
14.6888
14.6888
14.6888
14.6888
14.6888
14.6888
14.6888
14.1867
14.1867
14.1867
14.1867
14.1867
14.1867
14.1867
14.1867
13.7513
13.7513
13.7513
13.7513
13.7513
13.7513
13.7513
13.7513
13.3809
13.3809
13.3809
13.3809
13.3809
13.3809
13.3809
13.3809
13.0727
13.0727
13.0727
13.0727
13.0727
13.0727
13.0727
13.0727
12.8238
12.8238
12.8238
12.8238
12.8238
12.8238
12.8238
12.8238
12.6307
12.6307
12.6307
12.6307
12.6307
12.6307
12.6307
12.6307
12.4902
12.4902
12.4902
12.4902
12.4902
12.4902
12.4902
12.4902
12.3991
12.3991
12.3991
12.3991
12.3991
12.3991
12.3991
12.3991
12.3543
12.3543
12.3543
12.3543
12.3543
12.3543
12.3543
12.3543
12.3527
12.3527
12.3527
12.3527
12.3527
12.3527
12.3527
12.3527
