8192
39.7745
39.7745
39.7745
39.7745
39.7745
39.7745
39.7745
39.7745
37.8852
37.8852
37.8852
37.8852
37.8852
37.8852
37.8852
37.8852
36.1853
36.1853
36.1853
36.1853
36.1853
36.1853
36.1853
36.1853
34.7142
34.7142
34.7142
34.7142
34.7142
34.7142
34.7142
34.7142
33.5032
33.5032
33.5032
33.5032
33.5032
33.5032
33.5032
33.5032
32.5753
32.5753
32.5753
32.5753
32.5753
32.5753
32.5753
32.5753
31.946
31.946
31.946
31.946
31.946
31.946
31.946
31.946
31.6244
31.6244
31.6244
31.6244
31.6244
31.6244
31.6244
31.6244
31.6133
31.6133
31.6133
31.6133
31.6133
31.6133
31.6133
31.6133
31.9092
31.9092
31.9092
31.9092
31.9092
31.9092
31.9092
31.9092
32.5016
32.5016
32.5016
32.5016
32.5016
32.5016
32.5016
32.5016
33.3707
33.3707
33.3707
33.3707
33.3707
33.3707
33.3707
33.3707
34.4852
34.4852
34.4852
34.4852
34.4852
34.4852
34.4852
34.4852
35.7991
35.7991
35.7991
35.7991
35.7991
35.7991
35.7991
35.7991
37.2497
37.2497
37.2497
37.2497
37.2497
37.2497
37.2497
37.2497
38.7563
38.7563
38.7563
38.7563
38.7563
38.7563
38.7563
38.7563
39.7745
39.7745
39.7745
39.7745
39.7745
39.7745
39.7745
39.7745
37.8852
37.8852
37.8852
37.8852
37.8852
37.8852
37.8852
37.8852
36.1853
36.1853
36.1853
36.1853
36.1853
36.1853
36.1853
36.1853
34.7142
34.7142
34.7142
34.7142
34.7142
34.7142
34.7142
34.7142
33.5032
33.5032
33.5032
33.5032
33.5032
33.5032
33.5032
33.5032
32.5753
32.5753
32.5753
32.5753
32.5753
32.5753
32.5753
32.5753
31.946
31.946
31.946
31.946
31.946
31.946
31.946
31.946
31.6244
31.6244
31.6244
31.6244
31.6244
31.6244
31.6244
31.6244
31.6133
31.6133
31.6133
31.6133
31.6133
31.6133
31.6133
31.6133
31.9092
31.9092
31.9092
31.9092
31.9092
31.9092
31.9092
31.9092
32.5016
32.5016
32.5016
32.5016
32.5016
32.5016
32.5016
32.5016
33.3707
33.3707
33.3707
33.3707
33.3707
33.3707
33.3707
33.3707
34.4852
34.4852
34.4852
34.4852
34.4852
34.4852
34.4852
34.4852
35.7991
35.7991
35.7991
35.7991
35.7991
35.7991
35.7991
35.7991
37.2497
37.2497
37.2497
37.2497
37.2497
37.2497
37.2497
37.2497
38.7563
38.7563
38.7563
38.7563
38.7563
38.7563
38.7563
38.7563
39.7745
39.7745
39.7745
39.7745
39.7745
39.7745
39.7745
39.7745
37.8852
37.8852
37.8852
37.8852
37.8852
37.8852
37.8852
37.8852
36.1853
36.1853
36.1853
36.1853
36.1853
36.1853
36.1853
36.1853
34.7142
34.7142
34.7142
34.7142
34.7142
34.7142
34.7142
34.7142
33.5032
33.5032
33.5032
33.5032
33.5032
33.5032
33.5032
33.5032
32.5753
32.5753
32.5753
32.5753
32.5753
32.5753
32.5753
32.5753
31.946
31.946
31.946
31.946
31.946
31.946
31.946
31.946
31.6244
31.6244
31.6244
31.6244
31.6244
31.6244
31.6244
31.6244
31.6133
31.6133
31.6133
31.6133
31.6133
31.6133
31.6133
31.6133
31.9092
31.9092
31.9092
31.9092
31.9092
31.9092
31.9092
31.9092
32.5016
32.5016
32.5016
32.5016
32.5016
32.5016
32.5016
32.5016
33.3707
33.3707
33.3707
33.3707
33.3707
33.3707
33.3707
33.3707
34.4852
34.4852
34.4852
34.4852
34.4852
34.4852
34.4852
34.4852
35.7991
35.7991
35.7991
35.7991
35.7991
35.7991
35.7991
35.7991
37.2497
37.2497
37.2497
37.2497
37.2497
37.2497
37.2497
37.2497
38.7563
38.7563
38.7563
38.7563
38.7563
38.7563
38.7563
38.7563
39.7745
39.7745
39.7745
39.7745
39.7745
39.7745
39.7745
39.7745
37.8852
37.8852
37.8852
37.8852
37.8852
37.8852
37.8852
37.8852
36.1853
36.1853
36.1853
36.1853
36.1853
36.1853
36.1853
36.1853
34.7142
34.7142
34.7142
34.7142
34.7142
34.7142
34.7142
34.7142
33.5032
33.5032
33.5032
33.5032
33.5032
33.5032
33.5032
33.5032
32.5753
32.5753
32.5753
32.5753
32.5753
32.5753
32.5753
32.5753
31.946
31.946
31.946
31.946
31.946
31.946
31.946
31.946
31.6244
31.6244
31.6244
31.6244
31.6244
31.6244
31.6244
31.6244
31.6133
31.6133
31.6133
31.6133
31.6133
31.6133
31.6133
31.6133
31.9092
31.9092
31.9092
31.9092
31.9092
31.9092
31.9092
31.9092
32.5016
32.5016
32.5016
32.5016
32.5016
32.5016
32.5016
32.5016
33.3707
33.3707
33.3707
33.3707
33.3707
33.3707
33.3707
33.3707
34.4852
34.4852
34.4852
34.4852
34.4852
34.4852
34.4852
34.4852
35.7991
35.7991
35.7991
35.7991
35.7991
35.7991
35.7991
35.7991
37.2497
37.2497
37.2497
37.2497
37.2497
37.2497
37.2497
37.2497
38.7563
38.7563
38.7563
38.7563
38.7563
38.7563
38.7563
38.7563
42.9597
42.9597
42.9597
42.9597
42.9597
42.9597
42.9597
42.9597
40.7935
40.7935
40.7935
40.7935
40.7935
40.7935
40.7935
40.7935
38.8277
38.8277
38.8277
38.8277
38.8277
38.8277
38.8277
38.8277
37.1135
37.1135
37.1135
37.1135
37.1135
37.1135
37.1135
37.1135
35.6913
35.6913
35.6913
35.6913
35.6913
35.6913
35.6913
35.6913
34.5904
34.5904
34.5904
34.5904
34.5904
34.5904
34.5904
34.5904
33.8308
33.8308
33.8308
33.8308
33.8308
33.8308
33.8308
33.8308
33.4241
33.4241
33.4241
33.4241
33.4241
33.4241
33.4241
33.4241
33.3748
33.3748
33.3748
33.3748
33.3748
33.3748
33.3748
33.3748
33.68
33.68
33.68
33.68
33.68
33.68
33.68
33.68
34.3292
34.3292
34.3292
34.3292
34.3292
34.3292
34.3292
34.3292
35.3013
35.3013
35.3013
35.3013
35.3013
35.3013
35.3013
35.3013
36.562
36.562
36.562
36.562
36.562
36.562
36.562
36.562
38.0593
38.0593
38.0593
38.0593
38.0593
38.0593
38.0593
38.0593
39.721
39.721
39.721
39.721
39.721
39.721
39.721
39.721
41.4518
41.4518
41.4518
41.4518
41.4518
41.4518
41.4518
41.4518
42.9597
42.9597
42.9597
42.9597
42.9597
42.9597
42.9597
42.9597
40.7935
40.7935
40.7935
40.7935
40.7935
40.7935
40.7935
40.7935
38.8277
38.8277
38.8277
38.8277
38.8277
38.8277
38.8277
38.8277
37.1135
37.1135
37.1135
37.1135
37.1135
37.1135
37.1135
37.1135
35.6913
35.6913
35.6913
35.6913
35.6913
35.6913
35.6913
35.6913
34.5904
34.5904
34.5904
34.5904
34.5904
34.5904
34.5904
34.5904
33.8308
33.8308
33.8308
33.8308
33.8308
33.8308
33.8308
33.8308
33.4241
33.4241
33.4241
33.4241
33.4241
33.4241
33.4241
33.4241
33.3748
33.3748
33.3748
33.3748
33.3748
33.3748
33.3748
33.3748
33.68
33.68
33.68
33.68
33.68
33.68
33.68
33.68
34.3292
34.3292
34.3292
34.3292
34.3292
34.3292
34.3292
34.3292
35.3013
35.3013
35.3013
35.3013
35.3013
35.3013
35.3013
35.3013
36.562
36.562
36.562
36.562
36.562
36.562
36.562
36.562
38.0593
38.0593
38.0593
38.0593
38.0593
38.0593
38.0593
38.0593
39.721
39.721
39.721
39.721
39.721
39.721
39.721
39.721
41.4518
41.4518
41.4518
41.4518
41.4518
41.4518
41.4518
41.4518
42.9597
42.9597
42.9597
42.9597
42.9597
42.9597
42.9597
42.9597
40.7935
40.7935
40.7935
40.7935
40.7935
40.7935
40.7935
40.7935
38.8277
38.8277
38.8277
38.8277
38.8277
38.8277
38.8277
38.8277
37.1135
37.1135
37.1135
37.1135
37.1135
37.1135
37.1135
37.1135
35.6913
35.6913
35.6913
35.6913
35.6913
35.6913
35.6913
35.6913
34.5904
34.5904
34.5904
34.5904
34.5904
34.5904
34.5904
34.5904
33.8308
33.8308
33.8308
33.8308
33.8308
33.8308
33.8308
33.8308
33.4241
33.4241
33.4241
33.4241
33.4241
33.4241
33.4241
33.4241
33.3748
33.3748
33.3748
33.3748
33.3748
33.3748
33.3748
33.3748
33.68
33.68
33.68
33.68
33.68
33.68
33.68
33.68
34.3292
34.3292
34.3292
34.3292
34.3292
34.3292
34.3292
34.3292
35.3013
35.3013
35.3013
35.3013
35.3013
35.3013
35.3013
35.3013
36.562
36.562
36.562
36.562
36.562
36.562
36.562
36.562
38.0593
38.0593
38.0593
38.0593
38.0593
38.0593
38.0593
38.0593
39.721
39.721
39.721
39.721
39.721
39.721
39.721
39.721
41.4518
41.4518
41.4518
41.4518
41.4518
41.4518
41.4518
41.4518
42.9597
42.9597
42.9597
42.9597
42.9597
42.9597
42.9597
42.9597
40.7935
40.7935
40.7935
40.7935
40.7935
40.7935
40.7935
40.7935
38.8277
38.8277
38.8277
38.8277
38.8277
38.8277
38.8277
38.8277
37.1135
37.1135
37.1135
37.1135
37.1135
37.1135
37.1135
37.1135
35.6913
35.6913
35.6913
35.6913
35.6913
35.6913
35.6913
35.6913
34.5904
34.5904
34.5904
34.5904
34.5904
34.5904
34.5904
34.5904
33.8308
33.8308
33.8308
33.8308
33.8308
33.8308
33.8308
33.8308
33.4241
33.4241
33.4241
33.4241
33.4241
33.4241
33.4241
33.4241
33.3748
33.3748
33.3748
33.3748
33.3748
33.3748
33.3748
33.3748
33.68
33.68
33.68
33.68
33.68
33.68
33.68
33.68
34.3292
34.3292
34.3292
34.3292
34.3292
34.3292
34.3292
34.3292
35.3013
35.3013
35.3013
35.3013
35.3013
35.3013
35.3013
35.3013
36.562
36.562
36.562
36.562
36.562
36.562
36.562
36.562
38.0593
38.0593
38.0593
38.0593
38.0593
38.0593
38.0593
38.0593
39.721
39.721
39.721
39.721
39.721
39.721
39.721
39.721
41.4518
41.4518
41.4518
41.4518
41.4518
41.4518
41.4518
41.4518
47.6476
47.6476
47.6476
47.6476
47.6476
47.6476
47.6476
47.6476
45.1421
45.1421
45.1421
45.1421
45.1421
45.1421
45.1421
45.1421
42.8423
42.8423
42.8423
42.8423
42.8423
42.8423
42.8423
42.8423
40.8157
40.8157
40.8157
40.8157
40.8157
40.8157
40.8157
40.8157
39.1151
39.1151
39.1151
39.1151
39.1151
39.1151
39.1151
39.1151
37.7791
37.7791
37.7791
37.7791
37.7791
37.7791
37.7791
37.7791
36.8332
36.8332
36.8332
36.8332
36.8332
36.8332
36.8332
36.8332
36.2925
36.2925
36.2925
36.2925
36.2925
36.2925
36.2925
36.2925
36.1627
36.1627
36.1627
36.1627
36.1627
36.1627
36.1627
36.1627
36.4414
36.4414
36.4414
36.4414
36.4414
36.4414
36.4414
36.4414
37.1166
37.1166
37.1166
37.1166
37.1166
37.1166
37.1166
37.1166
38.1648
38.1648
38.1648
38.1648
38.1648
38.1648
38.1648
38.1648
39.5466
39.5466
39.5466
39.5466
39.5466
39.5466
39.5466
39.5466
41.2023
41.2023
41.2023
41.2023
41.2023
41.2023
41.2023
41.2023
43.0473
43.0473
43.0473
43.0473
43.0473
43.0473
43.0473
43.0473
44.97
44.97
44.97
44.97
44.97
44.97
44.97
44.97
47.6476
47.6476
47.6476
47.6476
47.6476
47.6476
47.6476
47.6476
45.1421
45.1421
45.1421
45.1421
45.1421
45.1421
45.1421
45.1421
42.8423
42.8423
42.8423
42.8423
42.8423
42.8423
42.8423
42.8423
40.8157
40.8157
40.8157
40.8157
40.8157
40.8157
40.8157
40.8157
39.1151
39.1151
39.1151
39.1151
39.1151
39.1151
39.1151
39.1151
37.7791
37.7791
37.7791
37.7791
37.7791
37.7791
37.7791
37.7791
36.8332
36.8332
36.8332
36.8332
36.8332
36.8332
36.8332
36.8332
36.2925
36.2925
36.2925
36.2925
36.2925
36.2925
36.2925
36.2925
36.1627
36.1627
36.1627
36.1627
36.1627
36.1627
36.1627
36.1627
36.4414
36.4414
36.4414
36.4414
36.4414
36.4414
36.4414
36.4414
37.1166
37.1166
37.1166
37.1166
37.1166
37.1166
37.1166
37.1166
38.1648
38.1648
38.1648
38.1648
38.1648
38.1648
38.1648
38.1648
39.5466
39.5466
39.5466
39.5466
39.5466
39.5466
39.5466
39.5466
41.2023
41.2023
41.2023
41.2023
41.2023
41.2023
41.2023
41.2023
43.0473
43.0473
43.0473
43.0473
43.0473
43.0473
43.0473
43.0473
44.97
44.97
44.97
44.97
44.97
44.97
44.97
44.97
47.6476
47.6476
47.6476
47.6476
47.6476
47.6476
47.6476
47.6476
45.1421
45.1421
45.1421
45.1421
45.1421
45.1421
45.1421
45.1421
42.8423
42.8423
42.8423
42.8423
42.8423
42.8423
42.8423
42.8423
40.8157
40.8157
40.8157
40.8157
40.8157
40.8157
40.8157
40.8157
39.1151
39.1151
39.1151
39.1151
39.1151
39.1151
39.1151
39.1151
37.7791
37.7791
37.7791
37.7791
37.7791
37.7791
37.7791
37.7791
36.8332
36.8332
36.8332
36.8332
36.8332
36.8332
36.8332
36.8332
36.2925
36.2925
36.2925
36.2925
36.2925
36.2925
36.2925
36.2925
36.1627
36.1627
36.1627
36.1627
36.1627
36.1627
36.1627
36.1627
36.4414
36.4414
36.4414
36.4414
36.4414
36.4414
36.4414
36.4414
37.1166
37.1166
37.1166
37.1166
37.1166
37.1166
37.1166
37.1166
38.1648
38.1648
38.1648
38.1648
38.1648
38.1648
38.1648
38.1648
39.5466
39.5466
39.5466
39.5466
39.5466
39.5466
39.5466
39.5466
41.2023
41.2023
41.2023
41.2023
41.2023
41.2023
41.2023
41.2023
43.0473
43.0473
43.0473
43.0473
43.0473
43.0473
43.0473
43.0473
44.97
44.97
44.97
44.97
44.97
44.97
44.97
44.97
47.6476
47.6476
47.6476
47.6476
47.6476
47.6476
47.6476
47.6476
45.1421
45.1421
45.1421
45.1421
45.1421
45.1421
45.1421
45.1421
42.8423
42.8423
42.8423
42.8423
42.8423
42.8423
42.8423
42.8423
40.8157
40.8157
40.8157
40.8157
40.8157
40.8157
40.8157
40.8157
39.1151
39.1151
39.1151
39.1151
39.1151
39.1151
39.1151
39.1151
37.7791
37.7791
37.7791
37.7791
37.7791
37.7791
37.7791
37.7791
36.8332
36.8332
36.8332
36.8332
36.8332
36.8332
36.8332
36.8332
36.2925
36.2925
36.2925
36.2925
36.2925
36.2925
36.2925
36.2925
36.1627
36.1627
36.1627
36.1627
36.1627
36.1627
36.1627
36.1627
36.4414
36.4414
36.4414
36.4414
36.4414
36.4414
36.4414
36.4414
37.1166
37.1166
37.1166
37.1166
37.1166
37.1166
37.1166
37.1166
38.1648
38.1648
38.1648
38.1648
38.1648
38.1648
38.1648
38.1648
39.5466
39.5466
39.5466
39.5466
39.5466
39.5466
39.5466
39.5466
41.2023
41.2023
41.2023
41.2023
41.2023
41.2023
41.2023
41.2023
43.0473
43.0473
43.0473
43.0473
43.0473
43.0473
43.0473
43.0473
44.97
44.97
44.97
44.97
44.97
44.97
44.97
44.97
54.1113
54.1113
54.1113
54.1113
54.1113
54.1113
54.1113
54.1113
51.1959
51.1959
51.1959
51.1959
51.1959
51.1959
51.1959
51.1959
48.4806
48.4806
48.4806
48.4806
48.4806
48.4806
48.4806
48.4806
46.0554
46.0554
46.0554
46.0554
46.0554
46.0554
46.0554
46.0554
43.991
43.991
43.991
43.991
43.991
43.991
43.991
43.991
42.3387
42.3387
42.3387
42.3387
42.3387
42.3387
42.3387
42.3387
41.1323
41.1323
41.1323
41.1323
41.1323
41.1323
41.1323
41.1323
40.3912
40.3912
40.3912
40.3912
40.3912
40.3912
40.3912
40.3912
40.1228
40.1228
40.1228
40.1228
40.1228
40.1228
40.1228
40.1228
40.3239
40.3239
40.3239
40.3239
40.3239
40.3239
40.3239
40.3239
40.98
40.98
40.98
40.98
40.98
40.98
40.98
40.98
42.0627
42.0627
42.0627
42.0627
42.0627
42.0627
42.0627
42.0627
43.5253
43.5253
43.5253
43.5253
43.5253
43.5253
43.5253
43.5253
45.2974
45.2974
45.2974
45.2974
45.2974
45.2974
45.2974
45.2974
47.2795
47.2795
47.2795
47.2795
47.2795
47.2795
47.2795
47.2795
49.3403
49.3403
49.3403
49.3403
49.3403
49.3403
49.3403
49.3403
54.1113
54.1113
54.1113
54.1113
54.1113
54.1113
54.1113
54.1113
51.1959
51.1959
51.1959
51.1959
51.1959
51.1959
51.1959
51.1959
48.4806
48.4806
48.4806
48.4806
48.4806
48.4806
48.4806
48.4806
46.0554
46.0554
46.0554
46.0554
46.0554
46.0554
46.0554
46.0554
43.991
43.991
43.991
43.991
43.991
43.991
43.991
43.991
42.3387
42.3387
42.3387
42.3387
42.3387
42.3387
42.3387
42.3387
41.1323
41.1323
41.1323
41.1323
41.1323
41.1323
41.1323
41.1323
40.3912
40.3912
40.3912
40.3912
40.3912
40.3912
40.3912
40.3912
40.1228
40.1228
40.1228
40.1228
40.1228
40.1228
40.1228
40.1228
40.3239
40.3239
40.3239
40.3239
40.3239
40.3239
40.3239
40.3239
40.98
40.98
40.98
40.98
40.98
40.98
40.98
40.98
42.0627
42.0627
42.0627
42.0627
42.0627
42.0627
42.0627
42.0627
43.5253
43.5253
43.5253
43.5253
43.5253
43.5253
43.5253
43.5253
45.2974
45.2974
45.2974
45.2974
45.2974
45.2974
45.2974
45.2974
47.2795
47.2795
47.2795
47.2795
47.2795
47.2795
47.2795
47.2795
49.3403
49.3403
49.3403
49.3403
49.3403
49.3403
49.3403
49.3403
54.1113
54.1113
54.1113
54.1113
54.1113
54.1113
54.1113
54.1113
51.1959
51.1959
51.1959
51.1959
51.1959
51.1959
51.1959
51.1959
48.4806
48.4806
48.4806
48.4806
48.4806
48.4806
48.4806
48.4806
46.0554
46.0554
46.0554
46.0554
46.0554
46.0554
46.0554
46.0554
43.991
43.991
43.991
43.991
43.991
43.991
43.991
43.991
42.3387
42.3387
42.3387
42.3387
42.3387
42.3387
42.3387
42.3387
41.1323
41.1323
41.1323
41.1323
41.1323
41.1323
41.1323
41.1323
40.3912
40.3912
40.3912
40.3912
40.3912
40.3912
40.3912
40.3912
40.1228
40.1228
40.1228
40.1228
40.1228
40.1228
40.1228
40.1228
40.3239
40.3239
40.3239
40.3239
40.3239
40.3239
40.3239
40.3239
40.98
40.98
40.98
40.98
40.98
40.98
40.98
40.98
42.0627
42.0627
42.0627
42.0627
42.0627
42.0627
42.0627
42.0627
43.5253
43.5253
43.5253
43.5253
43.5253
43.5253
43.5253
43.5253
45.2974
45.2974
45.2974
45.2974
45.2974
45.2974
45.2974
45.2974
47.2795
47.2795
47.2795
47.2795
47.2795
47.2795
47.2795
47.2795
49.3403
49.3403
49.3403
49.3403
49.3403
49.3403
49.3403
49.3403
54.1113
54.1113
54.1113
54.1113
54.1113
54.1113
54.1113
54.1113
51.1959
51.1959
51.1959
51.1959
51.1959
51.1959
51.1959
51.1959
48.4806
48.4806
48.4806
48.4806
48.4806
48.4806
48.4806
48.4806
46.0554
46.0554
46.0554
46.0554
46.0554
46.0554
46.0554
46.0554
43.991
43.991
43.991
43.991
43.991
43.991
43.991
43.991
42.3387
42.3387
42.3387
42.3387
42.3387
42.3387
42.3387
42.3387
41.1323
41.1323
41.1323
41.1323
41.1323
41.1323
41.1323
41.1323
40.3912
40.3912
40.3912
40.3912
40.3912
40.3912
40.3912
40.3912
40.1228
40.1228
40.1228
40.1228
40.1228
40.1228
40.1228
40.1228
40.3239
40.3239
40.3239
40.3239
40.3239
40.3239
40.3239
40.3239
40.98
40.98
40.98
40.98
40.98
40.98
40.98
40.98
42.0627
42.0627
42.0627
42.0627
42.0627
42.0627
42.0627
42.0627
43.5253
43.5253
43.5253
43.5253
43.5253
43.5253
43.5253
43.5253
45.2974
45.2974
45.2974
45.2974
45.2974
45.2974
45.2974
45.2974
47.2795
47.2795
47.2795
47.2795
47.2795
47.2795
47.2795
47.2795
49.3403
49.3403
49.3403
49.3403
49.3403
49.3403
49.3403
49.3403
62.5586
62.5586
62.5586
62.5586
62.5586
62.5586
62.5586
62.5586
59.1619
59.1619
59.1619
59.1619
59.1619
59.1619
59.1619
59.1619
55.9411
55.9411
55.9411
55.9411
55.9411
55.9411
55.9411
55.9411
53.0178
53.0178
53.0178
53.0178
53.0178
53.0178
53.0178
53.0178
50.4869
50.4869
50.4869
50.4869
50.4869
50.4869
50.4869
50.4869
48.4179
48.4179
48.4179
48.4179
48.4179
48.4179
48.4179
48.4179
46.8565
46.8565
46.8565
46.8565
46.8565
46.8565
46.8565
46.8565
45.8284
45.8284
45.8284
45.8284
45.8284
45.8284
45.8284
45.8284
45.3429
45.3429
45.3429
45.3429
45.3429
45.3429
45.3429
45.3429
45.3953
45.3953
45.3953
45.3953
45.3953
45.3953
45.3953
45.3953
45.9668
45.9668
45.9668
45.9668
45.9668
45.9668
45.9668
45.9668
47.0217
47.0217
47.0217
47.0217
47.0217
47.0217
47.0217
47.0217
48.5031
48.5031
48.5031
48.5031
48.5031
48.5031
48.5031
48.5031
50.3266
50.3266
50.3266
50.3266
50.3266
50.3266
50.3266
50.3266
52.3747
52.3747
52.3747
52.3747
52.3747
52.3747
52.3747
52.3747
54.4943
54.4943
54.4943
54.4943
54.4943
54.4943
54.4943
54.4943
62.5586
62.5586
62.5586
62.5586
62.5586
62.5586
62.5586
62.5586
59.1619
59.1619
59.1619
59.1619
59.1619
59.1619
59.1619
59.1619
55.9411
55.9411
55.9411
55.9411
55.9411
55.9411
55.9411
55.9411
53.0178
53.0178
53.0178
53.0178
53.0178
53.0178
53.0178
53.0178
50.4869
50.4869
50.4869
50.4869
50.4869
50.4869
50.4869
50.4869
48.4179
48.4179
48.4179
48.4179
48.4179
48.4179
48.4179
48.4179
46.8565
46.8565
46.8565
46.8565
46.8565
46.8565
46.8565
46.8565
45.8284
45.8284
45.8284
45.8284
45.8284
45.8284
45.8284
45.8284
45.3429
45.3429
45.3429
45.3429
45.3429
45.3429
45.3429
45.3429
45.3953
45.3953
45.3953
45.3953
45.3953
45.3953
45.3953
45.3953
45.9668
45.9668
45.9668
45.9668
45.9668
45.9668
45.9668
45.9668
47.0217
47.0217
47.0217
47.0217
47.0217
47.0217
47.0217
47.0217
48.5031
48.5031
48.5031
48.5031
48.5031
48.5031
48.5031
48.5031
50.3266
50.3266
50.3266
50.3266
50.3266
50.3266
50.3266
50.3266
52.3747
52.3747
52.3747
52.3747
52.3747
52.3747
52.3747
52.3747
54.4943
54.4943
54.4943
54.4943
54.4943
54.4943
54.4943
54.4943
62.5586
62.5586
62.5586
62.5586
62.5586
62.5586
62.5586
62.5586
59.1619
59.1619
59.1619
59.1619
59.1619
59.1619
59.1619
59.1619
55.9411
55.9411
55.9411
55.9411
55.9411
55.9411
55.9411
55.9411
53.0178
53.0178
53.0178
53.0178
53.0178
53.0178
53.0178
53.0178
50.4869
50.4869
50.4869
50.4869
50.4869
50.4869
50.4869
50.4869
48.4179
48.4179
48.4179
48.4179
48.4179
48.4179
48.4179
48.4179
46.8565
46.8565
46.8565
46.8565
46.8565
46.8565
46.8565
46.8565
45.8284
45.8284
45.8284
45.8284
45.8284
45.8284
45.8284
45.8284
45.3429
45.3429
45.3429
45.3429
45.3429
45.3429
45.3429
45.3429
45.3953
45.3953
45.3953
45.3953
45.3953
45.3953
45.3953
45.3953
45.9668
45.9668
45.9668
45.9668
45.9668
45.9668
45.9668
45.9668
47.0217
47.0217
47.0217
47.0217
47.0217
47.0217
47.0217
47.0217
48.5031
48.5031
48.5031
48.5031
48.5031
48.5031
48.5031
48.5031
50.3266
50.3266
50.3266
50.3266
50.3266
50.3266
50.3266
50.3266
52.3747
52.3747
52.3747
52.3747
52.3747
52.3747
52.3747
52.3747
54.4943
54.4943
54.4943
54.4943
54.4943
54.4943
54.4943
54.4943
62.5586
62.5586
62.5586
62.5586
62.5586
62.5586
62.5586
62.5586
59.1619
59.1619
59.1619
59.1619
59.1619
59.1619
59.1619
59.1619
55.9411
55.9411
55.9411
55.9411
55.9411
55.9411
55.9411
55.9411
53.0178
53.0178
53.0178
53.0178
53.0178
53.0178
53.0178
53.0178
50.4869
50.4869
50.4869
50.4869
50.4869
50.4869
50.4869
50.4869
48.4179
48.4179
48.4179
48.4179
48.4179
48.4179
48.4179
48.4179
46.8565
46.8565
46.8565
46.8565
46.8565
46.8565
46.8565
46.8565
45.8284
45.8284
45.8284
45.8284
45.8284
45.8284
45.8284
45.8284
45.3429
45.3429
45.3429
45.3429
45.3429
45.3429
45.3429
45.3429
45.3953
45.3953
45.3953
45.3953
45.3953
45.3953
45.3953
45.3953
45.9668
45.9668
45.9668
45.9668
45.9668
45.9668
45.9668
45.9668
47.0217
47.0217
47.0217
47.0217
47.0217
47.0217
47.0217
47.0217
48.5031
48.5031
48.5031
48.5031
48.5031
48.5031
48.5031
48.5031
50.3266
50.3266
50.3266
50.3266
50.3266
50.3266
50.3266
50.3266
52.3747
52.3747
52.3747
52.3747
52.3747
52.3747
52.3747
52.3747
54.4943
54.4943
54.4943
54.4943
54.4943
54.4943
54.4943
54.4943
73.0595
73.0595
73.0595
73.0595
73.0595
73.0595
73.0595
73.0595
69.1223
69.1223
69.1223
69.1223
69.1223
69.1223
69.1223
69.1223
65.3101
65.3101
65.3101
65.3101
65.3101
65.3101
65.3101
65.3101
61.7836
61.7836
61.7836
61.7836
61.7836
61.7836
61.7836
61.7836
58.6724
58.6724
58.6724
58.6724
58.6724
58.6724
58.6724
58.6724
56.0707
56.0707
56.0707
56.0707
56.0707
56.0707
56.0707
56.0707
54.0413
54.0413
54.0413
54.0413
54.0413
54.0413
54.0413
54.0413
52.6187
52.6187
52.6187
52.6187
52.6187
52.6187
52.6187
52.6187
51.8156
51.8156
51.8156
51.8156
51.8156
51.8156
51.8156
51.8156
51.625
51.625
51.625
51.625
51.625
51.625
51.625
51.625
52.0219
52.0219
52.0219
52.0219
52.0219
52.0219
52.0219
52.0219
52.961
52.961
52.961
52.961
52.961
52.961
52.961
52.961
54.3721
54.3721
54.3721
54.3721
54.3721
54.3721
54.3721
54.3721
56.1539
56.1539
56.1539
56.1539
56.1539
56.1539
56.1539
56.1539
58.1687
58.1687
58.1687
58.1687
58.1687
58.1687
58.1687
58.1687
60.2387
60.2387
60.2387
60.2387
60.2387
60.2387
60.2387
60.2387
73.0595
73.0595
73.0595
73.0595
73.0595
73.0595
73.0595
73.0595
69.1223
69.1223
69.1223
69.1223
69.1223
69.1223
69.1223
69.1223
65.3101
65.3101
65.3101
65.3101
65.3101
65.3101
65.3101
65.3101
61.7836
61.7836
61.7836
61.7836
61.7836
61.7836
61.7836
61.7836
58.6724
58.6724
58.6724
58.6724
58.6724
58.6724
58.6724
58.6724
56.0707
56.0707
56.0707
56.0707
56.0707
56.0707
56.0707
56.0707
54.0413
54.0413
54.0413
54.0413
54.0413
54.0413
54.0413
54.0413
52.6187
52.6187
52.6187
52.6187
52.6187
52.6187
52.6187
52.6187
51.8156
51.8156
51.8156
51.8156
51.8156
51.8156
51.8156
51.8156
51.625
51.625
51.625
51.625
51.625
51.625
51.625
51.625
52.0219
52.0219
52.0219
52.0219
52.0219
52.0219
52.0219
52.0219
52.961
52.961
52.961
52.961
52.961
52.961
52.961
52.961
54.3721
54.3721
54.3721
54.3721
54.3721
54.3721
54.3721
54.3721
56.1539
56.1539
56.1539
56.1539
56.1539
56.1539
56.1539
56.1539
58.1687
58.1687
58.1687
58.1687
58.1687
58.1687
58.1687
58.1687
60.2387
60.2387
60.2387
60.2387
60.2387
60.2387
60.2387
60.2387
73.0595
73.0595
73.0595
73.0595
73.0595
73.0595
73.0595
73.0595
69.1223
69.1223
69.1223
69.1223
69.1223
69.1223
69.1223
69.1223
65.3101
65.3101
65.3101
65.3101
65.3101
65.3101
65.3101
65.3101
61.7836
61.7836
61.7836
61.7836
61.7836
61.7836
61.7836
61.7836
58.6724
58.6724
58.6724
58.6724
58.6724
58.6724
58.6724
58.6724
56.0707
56.0707
56.0707
56.0707
56.0707
56.0707
56.0707
56.0707
54.0413
54.0413
54.0413
54.0413
54.0413
54.0413
54.0413
54.0413
52.6187
52.6187
52.6187
52.6187
52.6187
52.6187
52.6187
52.6187
51.8156
51.8156
51.8156
51.8156
51.8156
51.8156
51.8156
51.8156
51.625
51.625
51.625
51.625
51.625
51.625
51.625
51.625
52.0219
52.0219
52.0219
52.0219
52.0219
52.0219
52.0219
52.0219
52.961
52.961
52.961
52.961
52.961
52.961
52.961
52.961
54.3721
54.3721
54.3721
54.3721
54.3721
54.3721
54.3721
54.3721
56.1539
56.1539
56.1539
56.1539
56.1539
56.1539
56.1539
56.1539
58.1687
58.1687
58.1687
58.1687
58.1687
58.1687
58.1687
58.1687
60.2387
60.2387
60.2387
60.2387
60.2387
60.2387
60.2387
60.2387
73.0595
73.0595
73.0595
73.0595
73.0595
73.0595
73.0595
73.0595
69.1223
69.1223
69.1223
69.1223
69.1223
69.1223
69.1223
69.1223
65.3101
65.3101
65.3101
65.3101
65.3101
65.3101
65.3101
65.3101
61.7836
61.7836
61.7836
61.7836
61.7836
61.7836
61.7836
61.7836
58.6724
58.6724
58.6724
58.6724
58.6724
58.6724
58.6724
58.6724
56.0707
56.0707
56.0707
56.0707
56.0707
56.0707
56.0707
56.0707
54.0413
54.0413
54.0413
54.0413
54.0413
54.0413
54.0413
54.0413
52.6187
52.6187
52.6187
52.6187
52.6187
52.6187
52.6187
52.6187
51.8156
51.8156
51.8156
51.8156
51.8156
51.8156
51.8156
51.8156
51.625
51.625
51.625
51.625
51.625
51.625
51.625
51.625
52.0219
52.0219
52.0219
52.0219
52.0219
52.0219
52.0219
52.0219
52.961
52.961
52.961
52.961
52.961
52.961
52.961
52.961
54.3721
54.3721
54.3721
54.3721
54.3721
54.3721
54.3721
54.3721
56.1539
56.1539
56.1539
56.1539
56.1539
56.1539
56.1539
56.1539
58.1687
58.1687
58.1687
58.1687
58.1687
58.1687
58.1687
58.1687
60.2387
60.2387
60.2387
60.2387
60.2387
60.2387
60.2387
60.2387
85.4305
85.4305
85.4305
85.4305
85.4305
85.4305
85.4305
85.4305
80.9251
80.9251
80.9251
80.9251
80.9251
80.9251
80.9251
80.9251
76.4551
76.4551
76.4551
76.4551
76.4551
76.4551
76.4551
76.4551
72.232
72.232
72.232
72.232
72.232
72.232
72.232
72.232
68.4288
68.4288
68.4288
68.4288
68.4288
68.4288
68.4288
68.4288
65.1738
65.1738
65.1738
65.1738
65.1738
65.1738
65.1738
65.1738
62.5527
62.5527
62.5527
62.5527
62.5527
62.5527
62.5527
62.5527
60.6137
60.6137
60.6137
60.6137
60.6137
60.6137
60.6137
60.6137
59.3739
59.3739
59.3739
59.3739
59.3739
59.3739
59.3739
59.3739
58.8245
58.8245
58.8245
58.8245
58.8245
58.8245
58.8245
58.8245
58.9334
58.9334
58.9334
58.9334
58.9334
58.9334
58.9334
58.9334
59.6434
59.6434
59.6434
59.6434
59.6434
59.6434
59.6434
59.6434
60.8686
60.8686
60.8686
60.8686
60.8686
60.8686
60.8686
60.8686
62.489
62.489
62.489
62.489
62.489
62.489
62.489
62.489
64.3443
64.3443
64.3443
64.3443
64.3443
64.3443
64.3443
64.3443
66.2344
66.2344
66.2344
66.2344
66.2344
66.2344
66.2344
66.2344
85.4305
85.4305
85.4305
85.4305
85.4305
85.4305
85.4305
85.4305
80.9251
80.9251
80.9251
80.9251
80.9251
80.9251
80.9251
80.9251
76.4551
76.4551
76.4551
76.4551
76.4551
76.4551
76.4551
76.4551
72.232
72.232
72.232
72.232
72.232
72.232
72.232
72.232
68.4288
68.4288
68.4288
68.4288
68.4288
68.4288
68.4288
68.4288
65.1738
65.1738
65.1738
65.1738
65.1738
65.1738
65.1738
65.1738
62.5527
62.5527
62.5527
62.5527
62.5527
62.5527
62.5527
62.5527
60.6137
60.6137
60.6137
60.6137
60.6137
60.6137
60.6137
60.6137
59.3739
59.3739
59.3739
59.3739
59.3739
59.3739
59.3739
59.3739
58.8245
58.8245
58.8245
58.8245
58.8245
58.8245
58.8245
58.8245
58.9334
58.9334
58.9334
58.9334
58.9334
58.9334
58.9334
58.9334
59.6434
59.6434
59.6434
59.6434
59.6434
59.6434
59.6434
59.6434
60.8686
60.8686
60.8686
60.8686
60.8686
60.8686
60.8686
60.8686
62.489
62.489
62.489
62.489
62.489
62.489
62.489
62.489
64.3443
64.3443
64.3443
64.3443
64.3443
64.3443
64.3443
64.3443
66.2344
66.2344
66.2344
66.2344
66.2344
66.2344
66.2344
66.2344
85.4305
85.4305
85.4305
85.4305
85.4305
85.4305
85.4305
85.4305
80.9251
80.9251
80.9251
80.9251
80.9251
80.9251
80.9251
80.9251
76.4551
76.4551
76.4551
76.4551
76.4551
76.4551
76.4551
76.4551
72.232
72.232
72.232
72.232
72.232
72.232
72.232
72.232
68.4288
68.4288
68.4288
68.4288
68.4288
68.4288
68.4288
68.4288
65.1738
65.1738
65.1738
65.1738
65.1738
65.1738
65.1738
65.1738
62.5527
62.5527
62.5527
62.5527
62.5527
62.5527
62.5527
62.5527
60.6137
60.6137
60.6137
60.6137
60.6137
60.6137
60.6137
60.6137
59.3739
59.3739
59.3739
59.3739
59.3739
59.3739
59.3739
59.3739
58.8245
58.8245
58.8245
58.8245
58.8245
58.8245
58.8245
58.8245
58.9334
58.9334
58.9334
58.9334
58.9334
58.9334
58.9334
58.9334
59.6434
59.6434
59.6434
59.6434
59.6434
59.6434
59.6434
59.6434
60.8686
60.8686
60.8686
60.8686
60.8686
60.8686
60.8686
60.8686
62.489
62.489
62.489
62.489
62.489
62.489
62.489
62.489
64.3443
64.3443
64.3443
64.3443
64.3443
64.3443
64.3443
64.3443
66.2344
66.2344
66.2344
66.2344
66.2344
66.2344
66.2344
66.2344
85.4305
85.4305
85.4305
85.4305
85.4305
85.4305
85.4305
85.4305
80.9251
80.9251
80.9251
80.9251
80.9251
80.9251
80.9251
80.9251
76.4551
76.4551
76.4551
76.4551
76.4551
76.4551
76.4551
76.4551
72.232
72.232
72.232
72.232
72.232
72.232
72.232
72.232
68.4288
68.4288
68.4288
68.4288
68.4288
68.4288
68.4288
68.4288
65.1738
65.1738
65.1738
65.1738
65.1738
65.1738
65.1738
65.1738
62.5527
62.5527
62.5527
62.5527
62.5527
62.5527
62.5527
62.5527
60.6137
60.6137
60.6137
60.6137
60.6137
60.6137
60.6137
60.6137
59.3739
59.3739
59.3739
59.3739
59.3739
59.3739
59.3739
59.3739
58.8245
58.8245
58.8245
58.8245
58.8245
58.8245
58.8245
58.8245
58.9334
58.9334
58.9334
58.9334
58.9334
58.9334
58.9334
58.9334
59.6434
59.6434
59.6434
59.6434
59.6434
59.6434
59.6434
59.6434
60.8686
60.8686
60.8686
60.8686
60.8686
60.8686
60.8686
60.8686
62.489
62.489
62.489
62.489
62.489
62.489
62.489
62.489
64.3443
64.3443
64.3443
64.3443
64.3443
64.3443
64.3443
64.3443
66.2344
66.2344
66.2344
66.2344
66.2344
66.2344
66.2344
66.2344
99.11
99.11
99.11
99.11
99.11
99.11
99.11
99.11
94.0592
94.0592
94.0592
94.0592
94.0592
94.0592
94.0592
94.0592
88.9085
88.9085
88.9085
88.9085
88.9085
88.9085
88.9085
88.9085
83.9286
83.9286
83.9286
83.9286
83.9286
83.9286
83.9286
83.9286
79.3462
79.3462
79.3462
79.3462
79.3462
79.3462
79.3462
79.3462
75.3325
75.3325
75.3325
75.3325
75.3325
75.3325
75.3325
75.3325
72.0035
72.0035
72.0035
72.0035
72.0035
72.0035
72.0035
72.0035
69.4264
69.4264
69.4264
69.4264
69.4264
69.4264
69.4264
69.4264
67.6258
67.6258
67.6258
67.6258
67.6258
67.6258
67.6258
67.6258
66.5922
66.5922
66.5922
66.5922
66.5922
66.5922
66.5922
66.5922
66.2859
66.2859
66.2859
66.2859
66.2859
66.2859
66.2859
66.2859
66.6375
66.6375
66.6375
66.6375
66.6375
66.6375
66.6375
66.6375
67.5442
67.5442
67.5442
67.5442
67.5442
67.5442
67.5442
67.5442
68.8668
68.8668
68.8668
68.8668
68.8668
68.8668
68.8668
68.8668
70.4247
70.4247
70.4247
70.4247
70.4247
70.4247
70.4247
70.4247
71.9957
71.9957
71.9957
71.9957
71.9957
71.9957
71.9957
71.9957
99.11
99.11
99.11
99.11
99.11
99.11
99.11
99.11
94.0592
94.0592
94.0592
94.0592
94.0592
94.0592
94.0592
94.0592
88.9085
88.9085
88.9085
88.9085
88.9085
88.9085
88.9085
88.9085
83.9286
83.9286
83.9286
83.9286
83.9286
83.9286
83.9286
83.9286
79.3462
79.3462
79.3462
79.3462
79.3462
79.3462
79.3462
79.3462
75.3325
75.3325
75.3325
75.3325
75.3325
75.3325
75.3325
75.3325
72.0035
72.0035
72.0035
72.0035
72.0035
72.0035
72.0035
72.0035
69.4264
69.4264
69.4264
69.4264
69.4264
69.4264
69.4264
69.4264
67.6258
67.6258
67.6258
67.6258
67.6258
67.6258
67.6258
67.6258
66.5922
66.5922
66.5922
66.5922
66.5922
66.5922
66.5922
66.5922
66.2859
66.2859
66.2859
66.2859
66.2859
66.2859
66.2859
66.2859
66.6375
66.6375
66.6375
66.6375
66.6375
66.6375
66.6375
66.6375
67.5442
67.5442
67.5442
67.5442
67.5442
67.5442
67.5442
67.5442
68.8668
68.8668
68.8668
68.8668
68.8668
68.8668
68.8668
68.8668
70.4247
70.4247
70.4247
70.4247
70.4247
70.4247
70.4247
70.4247
71.9957
71.9957
71.9957
71.9957
71.9957
71.9957
71.9957
71.9957
99.11
99.11
99.11
99.11
99.11
99.11
99.11
99.11
94.0592
94.0592
94.0592
94.0592
94.0592
94.0592
94.0592
94.0592
88.9085
88.9085
88.9085
88.9085
88.9085
88.9085
88.9085
88.9085
83.9286
83.9286
83.9286
83.9286
83.9286
83.9286
83.9286
83.9286
79.3462
79.3462
79.3462
79.3462
79.3462
79.3462
79.3462
79.3462
75.3325
75.3325
75.3325
75.3325
75.3325
75.3325
75.3325
75.3325
72.0035
72.0035
72.0035
72.0035
72.0035
72.0035
72.0035
72.0035
69.4264
69.4264
69.4264
69.4264
69.4264
69.4264
69.4264
69.4264
67.6258
67.6258
67.6258
67.6258
67.6258
67.6258
67.6258
67.6258
66.5922
66.5922
66.5922
66.5922
66.5922
66.5922
66.5922
66.5922
66.2859
66.2859
66.2859
66.2859
66.2859
66.2859
66.2859
66.2859
66.6375
66.6375
66.6375
66.6375
66.6375
66.6375
66.6375
66.6375
67.5442
67.5442
67.5442
67.5442
67.5442
67.5442
67.5442
67.5442
68.8668
68.8668
68.8668
68.8668
68.8668
68.8668
68.8668
68.8668
70.4247
70.4247
70.4247
70.4247
70.4247
70.4247
70.4247
70.4247
71.9957
71.9957
71.9957
71.9957
71.9957
71.9957
71.9957
71.9957
99.11
99.11
99.11
99.11
99.11
99.11
99.11
99.11
94.0592
94.0592
94.0592
94.0592
94.0592
94.0592
94.0592
94.0592
88.9085
88.9085
88.9085
88.9085
88.9085
88.9085
88.9085
88.9085
83.9286
83.9286
83.9286
83.9286
83.9286
83.9286
83.9286
83.9286
79.3462
79.3462
79.3462
79.3462
79.3462
79.3462
79.3462
79.3462
75.3325
75.3325
75.3325
75.3325
75.3325
75.3325
75.3325
75.3325
72.0035
72.0035
72.0035
72.0035
72.0035
72.0035
72.0035
72.0035
69.4264
69.4264
69.4264
69.4264
69.4264
69.4264
69.4264
69.4264
67.6258
67.6258
67.6258
67.6258
67.6258
67.6258
67.6258
67.6258
66.5922
66.5922
66.5922
66.5922
66.5922
66.5922
66.5922
66.5922
66.2859
66.2859
66.2859
66.2859
66.2859
66.2859
66.2859
66.2859
66.6375
66.6375
66.6375
66.6375
66.6375
66.6375
66.6375
66.6375
67.5442
67.5442
67.5442
67.5442
67.5442
67.5442
67.5442
67.5442
68.8668
68.8668
68.8668
68.8668
68.8668
68.8668
68.8668
68.8668
70.4247
70.4247
70.4247
70.4247
70.4247
70.4247
70.4247
70.4247
71.9957
71.9957
71.9957
71.9957
71.9957
71.9957
71.9957
71.9957
113.083
113.083
113.083
113.083
113.083
113.083
113.083
113.083
107.576
107.576
107.576
107.576
107.576
107.576
107.576
107.576
101.786
101.786
101.786
101.786
101.786
101.786
101.786
101.786
96.0493
96.0493
96.0493
96.0493
96.0493
96.0493
96.0493
96.0493
90.6526
90.6526
90.6526
90.6526
90.6526
90.6526
90.6526
90.6526
85.8179
85.8179
85.8179
85.8179
85.8179
85.8179
85.8179
85.8179
81.6995
81.6995
81.6995
81.6995
81.6995
81.6995
81.6995
81.6995
78.3886
78.3886
78.3886
78.3886
78.3886
78.3886
78.3886
78.3886
75.9214
75.9214
75.9214
75.9214
75.9214
75.9214
75.9214
75.9214
74.2909
74.2909
74.2909
74.2909
74.2909
74.2909
74.2909
74.2909
73.4504
73.4504
73.4504
73.4504
73.4504
73.4504
73.4504
73.4504
73.3191
73.3191
73.3191
73.3191
73.3191
73.3191
73.3191
73.3191
73.7793
73.7793
73.7793
73.7793
73.7793
73.7793
73.7793
73.7793
74.6742
74.6742
74.6742
74.6742
74.6742
74.6742
74.6742
74.6742
75.8059
75.8059
75.8059
75.8059
75.8059
75.8059
75.8059
75.8059
76.9369
76.9369
76.9369
76.9369
76.9369
76.9369
76.9369
76.9369
113.083
113.083
113.083
113.083
113.083
113.083
113.083
113.083
107.576
107.576
107.576
107.576
107.576
107.576
107.576
107.576
101.786
101.786
101.786
101.786
101.786
101.786
101.786
101.786
96.0493
96.0493
96.0493
96.0493
96.0493
96.0493
96.0493
96.0493
90.6526
90.6526
90.6526
90.6526
90.6526
90.6526
90.6526
90.6526
85.8179
85.8179
85.8179
85.8179
85.8179
85.8179
85.8179
85.8179
81.6995
81.6995
81.6995
81.6995
81.6995
81.6995
81.6995
81.6995
78.3886
78.3886
78.3886
78.3886
78.3886
78.3886
78.3886
78.3886
75.9214
75.9214
75.9214
75.9214
75.9214
75.9214
75.9214
75.9214
74.2909
74.2909
74.2909
74.2909
74.2909
74.2909
74.2909
74.2909
73.4504
73.4504
73.4504
73.4504
73.4504
73.4504
73.4504
73.4504
73.3191
73.3191
73.3191
73.3191
73.3191
73.3191
73.3191
73.3191
73.7793
73.7793
73.7793
73.7793
73.7793
73.7793
73.7793
73.7793
74.6742
74.6742
74.6742
74.6742
74.6742
74.6742
74.6742
74.6742
75.8059
75.8059
75.8059
75.8059
75.8059
75.8059
75.8059
75.8059
76.9369
76.9369
76.9369
76.9369
76.9369
76.9369
76.9369
76.9369
113.083
113.083
113.083
113.083
113.083
113.083
113.083
113.083
107.576
107.576
107.576
107.576
107.576
107.576
107.576
107.576
101.786
101.786
101.786
101.786
101.786
101.786
101.786
101.786
96.0493
96.0493
96.0493
96.0493
96.0493
96.0493
96.0493
96.0493
90.6526
90.6526
90.6526
90.6526
90.6526
90.6526
90.6526
90.6526
85.8179
85.8179
85.8179
85.8179
85.8179
85.8179
85.8179
85.8179
81.6995
81.6995
81.6995
81.6995
81.6995
81.6995
81.6995
81.6995
78.3886
78.3886
78.3886
78.3886
78.3886
78.3886
78.3886
78.3886
75.9214
75.9214
75.9214
75.9214
75.9214
75.9214
75.9214
75.9214
74.2909
74.2909
74.2909
74.2909
74.2909
74.2909
74.2909
74.2909
73.4504
73.4504
73.4504
73.4504
73.4504
73.4504
73.4504
73.4504
73.3191
73.3191
73.3191
73.3191
73.3191
73.3191
73.3191
73.3191
73.7793
73.7793
73.7793
73.7793
73.7793
73.7793
73.7793
73.7793
74.6742
74.6742
74.6742
74.6742
74.6742
74.6742
74.6742
74.6742
75.8059
75.8059
75.8059
75.8059
75.8059
75.8059
75.8059
75.8059
76.9369
76.9369
76.9369
76.9369
76.9369
76.9369
76.9369
76.9369
113.083
113.083
113.083
113.083
113.083
113.083
113.083
113.083
107.576
107.576
107.576
107.576
107.576
107.576
107.576
107.576
101.786
101.786
101.786
101.786
101.786
101.786
101.786
101.786
96.0493
96.0493
96.0493
96.0493
96.0493
96.0493
96.0493
96.0493
90.6526
90.6526
90.6526
90.6526
90.6526
90.6526
90.6526
90.6526
85.8179
85.8179
85.8179
85.8179
85.8179
85.8179
85.8179
85.8179
81.6995
81.6995
81.6995
81.6995
81.6995
81.6995
81.6995
81.6995
78.3886
78.3886
78.3886
78.3886
78.3886
78.3886
78.3886
78.3886
75.9214
75.9214
75.9214
75.9214
75.9214
75.9214
75.9214
75.9214
74.2909
74.2909
74.2909
74.2909
74.2909
74.2909
74.2909
74.2909
73.4504
73.4504
73.4504
73.4504
73.4504
73.4504
73.4504
73.4504
73.3191
73.3191
73.3191
73.3191
73.3191
73.3191
73.3191
73.3191
73.7793
73.7793
73.7793
73.7793
73.7793
73.7793
73.7793
73.7793
74.6742
74.6742
74.6742
74.6742
74.6742
74.6742
74.6742
74.6742
75.8059
75.8059
75.8059
75.8059
75.8059
75.8059
75.8059
75.8059
76.9369
76.9369
76.9369
76.9369
76.9369
76.9369
76.9369
76.9369
125.933
125.933
125.933
125.933
125.933
125.933
125.933
125.933
120.126
120.126
120.126
120.126
120.126
120.126
120.126
120.126
113.818
113.818
113.818
113.818
113.818
113.818
113.818
113.818
107.405
107.405
107.405
107.405
107.405
107.405
107.405
107.405
101.238
101.238
101.238
101.238
101.238
101.238
101.238
101.238
95.594
95.594
95.594
95.594
95.594
95.594
95.594
95.594
90.6702
90.6702
90.6702
90.6702
90.6702
90.6702
90.6702
90.6702
86.5866
86.5866
86.5866
86.5866
86.5866
86.5866
86.5866
86.5866
83.3969
83.3969
83.3969
83.3969
83.3969
83.3969
83.3969
83.3969
81.0982
81.0982
81.0982
81.0982
81.0982
81.0982
81.0982
81.0982
79.6419
79.6419
79.6419
79.6419
79.6419
79.6419
79.6419
79.6419
78.9379
78.9379
78.9379
78.9379
78.9379
78.9379
78.9379
78.9379
78.8575
78.8575
78.8575
78.8575
78.8575
78.8575
78.8575
78.8575
79.2303
79.2303
79.2303
79.2303
79.2303
79.2303
79.2303
79.2303
79.8473
79.8473
79.8473
79.8473
79.8473
79.8473
79.8473
79.8473
80.4625
80.4625
80.4625
80.4625
80.4625
80.4625
80.4625
80.4625
125.933
125.933
125.933
125.933
125.933
125.933
125.933
125.933
120.126
120.126
120.126
120.126
120.126
120.126
120.126
120.126
113.818
113.818
113.818
113.818
113.818
113.818
113.818
113.818
107.405
107.405
107.405
107.405
107.405
107.405
107.405
107.405
101.238
101.238
101.238
101.238
101.238
101.238
101.238
101.238
95.594
95.594
95.594
95.594
95.594
95.594
95.594
95.594
90.6702
90.6702
90.6702
90.6702
90.6702
90.6702
90.6702
90.6702
86.5866
86.5866
86.5866
86.5866
86.5866
86.5866
86.5866
86.5866
83.3969
83.3969
83.3969
83.3969
83.3969
83.3969
83.3969
83.3969
81.0982
81.0982
81.0982
81.0982
81.0982
81.0982
81.0982
81.0982
79.6419
79.6419
79.6419
79.6419
79.6419
79.6419
79.6419
79.6419
78.9379
78.9379
78.9379
78.9379
78.9379
78.9379
78.9379
78.9379
78.8575
78.8575
78.8575
78.8575
78.8575
78.8575
78.8575
78.8575
79.2303
79.2303
79.2303
79.2303
79.2303
79.2303
79.2303
79.2303
79.8473
79.8473
79.8473
79.8473
79.8473
79.8473
79.8473
79.8473
80.4625
80.4625
80.4625
80.4625
80.4625
80.4625
80.4625
80.4625
125.933
125.933
125.933
125.933
125.933
125.933
125.933
125.933
120.126
120.126
120.126
120.126
120.126
120.126
120.126
120.126
113.818
113.818
113.818
113.818
113.818
113.818
113.818
113.818
107.405
107.405
107.405
107.405
107.405
107.405
107.405
107.405
101.238
101.238
101.238
101.238
101.238
101.238
101.238
101.238
95.594
95.594
95.594
95.594
95.594
95.594
95.594
95.594
90.6702
90.6702
90.6702
90.6702
90.6702
90.6702
90.6702
90.6702
86.5866
86.5866
86.5866
86.5866
86.5866
86.5866
86.5866
86.5866
83.3969
83.3969
83.3969
83.3969
83.3969
83.3969
83.3969
83.3969
81.0982
81.0982
81.0982
81.0982
81.0982
81.0982
81.0982
81.0982
79.6419
79.6419
79.6419
79.6419
79.6419
79.6419
79.6419
79.6419
78.9379
78.9379
78.9379
78.9379
78.9379
78.9379
78.9379
78.9379
78.8575
78.8575
78.8575
78.8575
78.8575
78.8575
78.8575
78.8575
79.2303
79.2303
79.2303
79.2303
79.2303
79.2303
79.2303
79.2303
79.8473
79.8473
79.8473
79.8473
79.8473
79.8473
79.8473
79.8473
80.4625
80.4625
80.4625
80.4625
80.4625
80.4625
80.4625
80.4625
125.933
125.933
125.933
125.933
125.933
125.933
125.933
125.933
120.126
120.126
120.126
120.126
120.126
120.126
120.126
120.126
113.818
113.818
113.818
113.818
113.818
113.818
113.818
113.818
107.405
107.405
107.405
107.405
107.405
107.405
107.405
107.405
101.238
101.238
101.238
101.238
101.238
101.238
101.238
101.238
95.594
95.594
95.594
95.594
95.594
95.594
95.594
95.594
90.6702
90.6702
90.6702
90.6702
90.6702
90.6702
90.6702
90.6702
86.5866
86.5866
86.5866
86.5866
86.5866
86.5866
86.5866
86.5866
83.3969
83.3969
83.3969
83.3969
83.3969
83.3969
83.3969
83.3969
81.0982
81.0982
81.0982
81.0982
81.0982
81.0982
81.0982
81.0982
79.6419
79.6419
79.6419
79.6419
79.6419
79.6419
79.6419
79.6419
78.9379
78.9379
78.9379
78.9379
78.9379
78.9379
78.9379
78.9379
78.8575
78.8575
78.8575
78.8575
78.8575
78.8575
78.8575
78.8575
79.2303
79.2303
79.2303
79.2303
79.2303
79.2303
79.2303
79.2303
79.8473
79.8473
79.8473
79.8473
79.8473
79.8473
79.8473
79.8473
80.4625
80.4625
80.4625
80.4625
80.4625
80.4625
80.4625
80.4625
136.065
136.065
136.065
136.065
136.065
136.065
136.065
136.065
130.168
130.168
130.168
130.168
130.168
130.168
130.168
130.168
123.535
123.535
123.535
123.535
123.535
123.535
123.535
123.535
116.616
116.616
116.616
116.616
116.616
116.616
116.616
116.616
109.817
109.817
109.817
109.817
109.817
109.817
109.817
109.817
103.469
103.469
103.469
103.469
103.469
103.469
103.469
103.469
97.8136
97.8136
97.8136
97.8136
97.8136
97.8136
97.8136
97.8136
93.0035
93.0035
93.0035
93.0035
93.0035
93.0035
93.0035
93.0035
89.1125
89.1125
89.1125
89.1125
89.1125
89.1125
89.1125
89.1125
86.1466
86.1466
86.1466
86.1466
86.1466
86.1466
86.1466
86.1466
84.059
84.059
84.059
84.059
84.059
84.059
84.059
84.059
82.756
82.756
82.756
82.756
82.756
82.756
82.756
82.756
82.1024
82.1024
82.1024
82.1024
82.1024
82.1024
82.1024
82.1024
81.9222
81.9222
81.9222
81.9222
81.9222
81.9222
81.9222
81.9222
82.0015
82.0015
82.0015
82.0015
82.0015
82.0015
82.0015
82.0015
82.0943
82.0943
82.0943
82.0943
82.0943
82.0943
82.0943
82.0943
136.065
136.065
136.065
136.065
136.065
136.065
136.065
136.065
130.168
130.168
130.168
130.168
130.168
130.168
130.168
130.168
123.535
123.535
123.535
123.535
123.535
123.535
123.535
123.535
116.616
116.616
116.616
116.616
116.616
116.616
116.616
116.616
109.817
109.817
109.817
109.817
109.817
109.817
109.817
109.817
103.469
103.469
103.469
103.469
103.469
103.469
103.469
103.469
97.8136
97.8136
97.8136
97.8136
97.8136
97.8136
97.8136
97.8136
93.0035
93.0035
93.0035
93.0035
93.0035
93.0035
93.0035
93.0035
89.1125
89.1125
89.1125
89.1125
89.1125
89.1125
89.1125
89.1125
86.1466
86.1466
86.1466
86.1466
86.1466
86.1466
86.1466
86.1466
84.059
84.059
84.059
84.059
84.059
84.059
84.059
84.059
82.756
82.756
82.756
82.756
82.756
82.756
82.756
82.756
82.1024
82.1024
82.1024
82.1024
82.1024
82.1024
82.1024
82.1024
81.9222
81.9222
81.9222
81.9222
81.9222
81.9222
81.9222
81.9222
82.0015
82.0015
82.0015
82.0015
82.0015
82.0015
82.0015
82.0015
82.0943
82.0943
82.0943
82.0943
82.0943
82.0943
82.0943
82.0943
136.065
136.065
136.065
136.065
136.065
136.065
136.065
136.065
130.168
130.168
130.168
130.168
130.168
130.168
130.168
130.168
123.535
123.535
123.535
123.535
123.535
123.535
123.535
123.535
116.616
116.616
116.616
116.616
116.616
116.616
116.616
116.616
109.817
109.817
109.817
109.817
109.817
109.817
109.817
109.817
103.469
103.469
103.469
103.469
103.469
103.469
103.469
103.469
97.8136
97.8136
97.8136
97.8136
97.8136
97.8136
97.8136
97.8136
93.0035
93.0035
93.0035
93.0035
93.0035
93.0035
93.0035
93.0035
89.1125
89.1125
89.1125
89.1125
89.1125
89.1125
89.1125
89.1125
86.1466
86.1466
86.1466
86.1466
86.1466
86.1466
86.1466
86.1466
84.059
84.059
84.059
84.059
84.059
84.059
84.059
84.059
82.756
82.756
82.756
82.756
82.756
82.756
82.756
82.756
82.1024
82.1024
82.1024
82.1024
82.1024
82.1024
82.1024
82.1024
81.9222
81.9222
81.9222
81.9222
81.9222
81.9222
81.9222
81.9222
82.0015
82.0015
82.0015
82.0015
82.0015
82.0015
82.0015
82.0015
82.0943
82.0943
82.0943
82.0943
82.0943
82.0943
82.0943
82.0943
136.065
136.065
136.065
136.065
136.065
136.065
136.065
136.065
130.168
130.168
130.168
130.168
130.168
130.168
130.168
130.168
123.535
123.535
123.535
123.535
123.535
123.535
123.535
123.535
116.616
116.616
116.616
116.616
116.616
116.616
116.616
116.616
109.817
109.817
109.817
109.817
109.817
109.817
109.817
109.817
103.469
103.469
103.469
103.469
103.469
103.469
103.469
103.469
97.8136
97.8136
97.8136
97.8136
97.8136
97.8136
97.8136
97.8136
93.0035
93.0035
93.0035
93.0035
93.0035
93.0035
93.0035
93.0035
89.1125
89.1125
89.1125
89.1125
89.1125
89.1125
89.1125
89.1125
86.1466
86.1466
86.1466
86.1466
86.1466
86.1466
86.1466
86.1466
84.059
84.059
84.059
84.059
84.059
84.059
84.059
84.059
82.756
82.756
82.756
82.756
82.756
82.756
82.756
82.756
82.1024
82.1024
82.1024
82.1024
82.1024
82.1024
82.1024
82.1024
81.9222
81.9222
81.9222
81.9222
81.9222
81.9222
81.9222
81.9222
82.0015
82.0015
82.0015
82.0015
82.0015
82.0015
82.0015
82.0015
82.0943
82.0943
82.0943
82.0943
82.0943
82.0943
82.0943
82.0943
142.076
142.076
142.076
142.076
142.076
142.076
142.076
142.076
136.318
136.318
136.318
136.318
136.318
136.318
136.318
136.318
129.605
129.605
129.605
129.605
129.605
129.605
129.605
129.605
122.421
122.421
122.421
122.421
122.421
122.421
122.421
122.421
115.213
115.213
115.213
115.213
115.213
115.213
115.213
115.213
108.36
108.36
108.36
108.36
108.36
108.36
108.36
108.36
102.144
102.144
102.144
102.144
102.144
102.144
102.144
102.144
96.7482
96.7482
96.7482
96.7482
96.7482
96.7482
96.7482
96.7482
92.2674
92.2674
92.2674
92.2674
92.2674
92.2674
92.2674
92.2674
88.7221
88.7221
88.7221
88.7221
88.7221
88.7221
88.7221
88.7221
86.0707
86.0707
86.0707
86.0707
86.0707
86.0707
86.0707
86.0707
84.2218
84.2218
84.2218
84.2218
84.2218
84.2218
84.2218
84.2218
83.0401
83.0401
83.0401
83.0401
83.0401
83.0401
83.0401
83.0401
82.3517
82.3517
82.3517
82.3517
82.3517
82.3517
82.3517
82.3517
81.9458
81.9458
81.9458
81.9458
81.9458
81.9458
81.9458
81.9458
81.5844
81.5844
81.5844
81.5844
81.5844
81.5844
81.5844
81.5844
142.076
142.076
142.076
142.076
142.076
142.076
142.076
142.076
136.318
136.318
136.318
136.318
136.318
136.318
136.318
136.318
129.605
129.605
129.605
129.605
129.605
129.605
129.605
129.605
122.421
122.421
122.421
122.421
122.421
122.421
122.421
122.421
115.213
115.213
115.213
115.213
115.213
115.213
115.213
115.213
108.36
108.36
108.36
108.36
108.36
108.36
108.36
108.36
102.144
102.144
102.144
102.144
102.144
102.144
102.144
102.144
96.7482
96.7482
96.7482
96.7482
96.7482
96.7482
96.7482
96.7482
92.2674
92.2674
92.2674
92.2674
92.2674
92.2674
92.2674
92.2674
88.7221
88.7221
88.7221
88.7221
88.7221
88.7221
88.7221
88.7221
86.0707
86.0707
86.0707
86.0707
86.0707
86.0707
86.0707
86.0707
84.2218
84.2218
84.2218
84.2218
84.2218
84.2218
84.2218
84.2218
83.0401
83.0401
83.0401
83.0401
83.0401
83.0401
83.0401
83.0401
82.3517
82.3517
82.3517
82.3517
82.3517
82.3517
82.3517
82.3517
81.9458
81.9458
81.9458
81.9458
81.9458
81.9458
81.9458
81.9458
81.5844
81.5844
81.5844
81.5844
81.5844
81.5844
81.5844
81.5844
142.076
142.076
142.076
142.076
142.076
142.076
142.076
142.076
136.318
136.318
136.318
136.318
136.318
136.318
136.318
136.318
129.605
129.605
129.605
129.605
129.605
129.605
129.605
129.605
122.421
122.421
122.421
122.421
122.421
122.421
122.421
122.421
115.213
115.213
115.213
115.213
115.213
115.213
115.213
115.213
108.36
108.36
108.36
108.36
108.36
108.36
108.36
108.36
102.144
102.144
102.144
102.144
102.144
102.144
102.144
102.144
96.7482
96.7482
96.7482
96.7482
96.7482
96.7482
96.7482
96.7482
92.2674
92.2674
92.2674
92.2674
92.2674
92.2674
92.2674
92.2674
88.7221
88.7221
88.7221
88.7221
88.7221
88.7221
88.7221
88.7221
86.0707
86.0707
86.0707
86.0707
86.0707
86.0707
86.0707
86.0707
84.2218
84.2218
84.2218
84.2218
84.2218
84.2218
84.2218
84.2218
83.0401
83.0401
83.0401
83.0401
83.0401
83.0401
83.0401
83.0401
82.3517
82.3517
82.3517
82.3517
82.3517
82.3517
82.3517
82.3517
81.9458
81.9458
81.9458
81.9458
81.9458
81.9458
81.9458
81.9458
81.5844
81.5844
81.5844
81.5844
81.5844
81.5844
81.5844
81.5844
142.076
142.076
142.076
142.076
142.076
142.076
142.076
142.076
136.318
136.318
136.318
136.318
136.318
136.318
136.318
136.318
129.605
129.605
129.605
129.605
129.605
129.605
129.605
129.605
122.421
122.421
122.421
122.421
122.421
122.421
122.421
122.421
115.213
115.213
115.213
115.213
115.213
115.213
115.213
115.213
108.36
108.36
108.36
108.36
108.36
108.36
108.36
108.36
102.144
102.144
102.144
102.144
102.144
102.144
102.144
102.144
96.7482
96.7482
96.7482
96.7482
96.7482
96.7482
96.7482
96.7482
92.2674
92.2674
92.2674
92.2674
92.2674
92.2674
92.2674
92.2674
88.7221
88.7221
88.7221
88.7221
88.7221
88.7221
88.7221
88.7221
86.0707
86.0707
86.0707
86.0707
86.0707
86.0707
86.0707
86.0707
84.2218
84.2218
84.2218
84.2218
84.2218
84.2218
84.2218
84.2218
83.0401
83.0401
83.0401
83.0401
83.0401
83.0401
83.0401
83.0401
82.3517
82.3517
82.3517
82.3517
82.3517
82.3517
82.3517
82.3517
81.9458
81.9458
81.9458
81.9458
81.9458
81.9458
81.9458
81.9458
81.5844
81.5844
81.5844
81.5844
81.5844
81.5844
81.5844
81.5844
143.143
143.143
143.143
143.143
143.143
143.143
143.143
143.143
137.731
137.731
137.731
137.731
137.731
137.731
137.731
137.731
131.193
131.193
131.193
131.193
131.193
131.193
131.193
131.193
124.018
124.018
124.018
124.018
124.018
124.018
124.018
124.018
116.683
116.683
116.683
116.683
116.683
116.683
116.683
116.683
109.592
109.592
109.592
109.592
109.592
109.592
109.592
109.592
103.06
103.06
103.06
103.06
103.06
103.06
103.06
103.06
97.2964
97.2964
97.2964
97.2964
97.2964
97.2964
97.2964
97.2964
92.4175
92.4175
92.4175
92.4175
92.4175
92.4175
92.4175
92.4175
88.4578
88.4578
88.4578
88.4578
88.4578
88.4578
88.4578
88.4578
85.3861
85.3861
85.3861
85.3861
85.3861
85.3861
85.3861
85.3861
83.118
83.118
83.118
83.118
83.118
83.118
83.118
83.118
81.5258
81.5258
81.5258
81.5258
81.5258
81.5258
81.5258
81.5258
80.4432
80.4432
80.4432
80.4432
80.4432
80.4432
80.4432
80.4432
79.6707
79.6707
79.6707
79.6707
79.6707
79.6707
79.6707
79.6707
78.983
78.983
78.983
78.983
78.983
78.983
78.983
78.983
143.143
143.143
143.143
143.143
143.143
143.143
143.143
143.143
137.731
137.731
137.731
137.731
137.731
137.731
137.731
137.731
131.193
131.193
131.193
131.193
131.193
131.193
131.193
131.193
124.018
124.018
124.018
124.018
124.018
124.018
124.018
124.018
116.683
116.683
116.683
116.683
116.683
116.683
116.683
116.683
109.592
109.592
109.592
109.592
109.592
109.592
109.592
109.592
103.06
103.06
103.06
103.06
103.06
103.06
103.06
103.06
97.2964
97.2964
97.2964
97.2964
97.2964
97.2964
97.2964
97.2964
92.4175
92.4175
92.4175
92.4175
92.4175
92.4175
92.4175
92.4175
88.4578
88.4578
88.4578
88.4578
88.4578
88.4578
88.4578
88.4578
85.3861
85.3861
85.3861
85.3861
85.3861
85.3861
85.3861
85.3861
83.118
83.118
83.118
83.118
83.118
83.118
83.118
83.118
81.5258
81.5258
81.5258
81.5258
81.5258
81.5258
81.5258
81.5258
80.4432
80.4432
80.4432
80.4432
80.4432
80.4432
80.4432
80.4432
79.6707
79.6707
79.6707
79.6707
79.6707
79.6707
79.6707
79.6707
78.983
78.983
78.983
78.983
78.983
78.983
78.983
78.983
143.143
143.143
143.143
143.143
143.143
143.143
143.143
143.143
137.731
137.731
137.731
137.731
137.731
137.731
137.731
137.731
131.193
131.193
131.193
131.193
131.193
131.193
131.193
131.193
124.018
124.018
124.018
124.018
124.018
124.018
124.018
124.018
116.683
116.683
116.683
116.683
116.683
116.683
116.683
116.683
109.592
109.592
109.592
109.592
109.592
109.592
109.592
109.592
103.06
103.06
103.06
103.06
103.06
103.06
103.06
103.06
97.2964
97.2964
97.2964
97.2964
97.2964
97.2964
97.2964
97.2964
92.4175
92.4175
92.4175
92.4175
92.4175
92.4175
92.4175
92.4175
88.4578
88.4578
88.4578
88.4578
88.4578
88.4578
88.4578
88.4578
85.3861
85.3861
85.3861
85.3861
85.3861
85.3861
85.3861
85.3861
83.118
83.118
83.118
83.118
83.118
83.118
83.118
83.118
81.5258
81.5258
81.5258
81.5258
81.5258
81.5258
81.5258
81.5258
80.4432
80.4432
80.4432
80.4432
80.4432
80.4432
80.4432
80.4432
79.6707
79.6707
79.6707
79.6707
79.6707
79.6707
79.6707
79.6707
78.983
78.983
78.983
78.983
78.983
78.983
78.983
78.983
143.143
143.143
143.143
143.143
143.143
143.143
143.143
143.143
137.731
137.731
137.731
137.731
137.731
137.731
137.731
137.731
131.193
131.193
131.193
131.193
131.193
131.193
131.193
131.193
124.018
124.018
124.018
124.018
124.018
124.018
124.018
124.018
116.683
116.683
116.683
116.683
116.683
116.683
116.683
116.683
109.592
109.592
109.592
109.592
109.592
109.592
109.592
109.592
103.06
103.06
103.06
103.06
103.06
103.06
103.06
103.06
97.2964
97.2964
97.2964
97.2964
97.2964
97.2964
97.2964
97.2964
92.4175
92.4175
92.4175
92.4175
92.4175
92.4175
92.4175
92.4175
88.4578
88.4578
88.4578
88.4578
88.4578
88.4578
88.4578
88.4578
85.3861
85.3861
85.3861
85.3861
85.3861
85.3861
85.3861
85.3861
83.118
83.118
83.118
83.118
83.118
83.118
83.118
83.118
81.5258
81.5258
81.5258
81.5258
81.5258
81.5258
81.5258
81.5258
80.4432
80.4432
80.4432
80.4432
80.4432
80.4432
80.4432
80.4432
79.6707
79.6707
79.6707
79.6707
79.6707
79.6707
79.6707
79.6707
78.983
78.983
78.983
78.983
78.983
78.983
78.983
78.983
139.262
139.262
139.262
139.262
139.262
139.262
139.262
139.262
134.351
134.351
134.351
134.351
134.351
134.351
134.351
134.351
128.206
128.206
128.206
128.206
128.206
128.206
128.206
128.206
121.306
121.306
121.306
121.306
121.306
121.306
121.306
121.306
114.126
114.126
114.126
114.126
114.126
114.126
114.126
114.126
107.086
107.086
107.086
107.086
107.086
107.086
107.086
107.086
100.515
100.515
100.515
100.515
100.515
100.515
100.515
100.515
94.6422
94.6422
94.6422
94.6422
94.6422
94.6422
94.6422
94.6422
89.6009
89.6009
89.6009
89.6009
89.6009
89.6009
89.6009
89.6009
85.4386
85.4386
85.4386
85.4386
85.4386
85.4386
85.4386
85.4386
82.1374
82.1374
82.1374
82.1374
82.1374
82.1374
82.1374
82.1374
79.6245
79.6245
79.6245
79.6245
79.6245
79.6245
79.6245
79.6245
77.7838
77.7838
77.7838
77.7838
77.7838
77.7838
77.7838
77.7838
76.4627
76.4627
76.4627
76.4627
76.4627
76.4627
76.4627
76.4627
75.4784
75.4784
75.4784
75.4784
75.4784
75.4784
75.4784
75.4784
74.6245
74.6245
74.6245
74.6245
74.6245
74.6245
74.6245
74.6245
139.262
139.262
139.262
139.262
139.262
139.262
139.262
139.262
134.351
134.351
134.351
134.351
134.351
134.351
134.351
134.351
128.206
128.206
128.206
128.206
128.206
128.206
128.206
128.206
121.306
121.306
121.306
121.306
121.306
121.306
121.306
121.306
114.126
114.126
114.126
114.126
114.126
114.126
114.126
114.126
107.086
107.086
107.086
107.086
107.086
107.086
107.086
107.086
100.515
100.515
100.515
100.515
100.515
100.515
100.515
100.515
94.6422
94.6422
94.6422
94.6422
94.6422
94.6422
94.6422
94.6422
89.6009
89.6009
89.6009
89.6009
89.6009
89.6009
89.6009
89.6009
85.4386
85.4386
85.4386
85.4386
85.4386
85.4386
85.4386
85.4386
82.1374
82.1374
82.1374
82.1374
82.1374
82.1374
82.1374
82.1374
79.6245
79.6245
79.6245
79.6245
79.6245
79.6245
79.6245
79.6245
77.7838
77.7838
77.7838
77.7838
77.7838
77.7838
77.7838
77.7838
76.4627
76.4627
76.4627
76.4627
76.4627
76.4627
76.4627
76.4627
75.4784
75.4784
75.4784
75.4784
75.4784
75.4784
75.4784
75.4784
74.6245
74.6245
74.6245
74.6245
74.6245
74.6245
74.6245
74.6245
139.262
139.262
139.262
139.262
139.262
139.262
139.262
139.262
134.351
134.351
134.351
134.351
134.351
134.351
134.351
134.351
128.206
128.206
128.206
128.206
128.206
128.206
128.206
128.206
121.306
121.306
121.306
121.306
121.306
121.306
121.306
121.306
114.126
114.126
114.126
114.126
114.126
114.126
114.126
114.126
107.086
107.086
107.086
107.086
107.086
107.086
107.086
107.086
100.515
100.515
100.515
100.515
100.515
100.515
100.515
100.515
94.6422
94.6422
94.6422
94.6422
94.6422
94.6422
94.6422
94.6422
89.6009
89.6009
89.6009
89.6009
89.6009
89.6009
89.6009
89.6009
85.4386
85.4386
85.4386
85.4386
85.4386
85.4386
85.4386
85.4386
82.1374
82.1374
82.1374
82.1374
82.1374
82.1374
82.1374
82.1374
79.6245
79.6245
79.6245
79.6245
79.6245
79.6245
79.6245
79.6245
77.7838
77.7838
77.7838
77.7838
77.7838
77.7838
77.7838
77.7838
76.4627
76.4627
76.4627
76.4627
76.4627
76.4627
76.4627
76.4627
75.4784
75.4784
75.4784
75.4784
75.4784
75.4784
75.4784
75.4784
74.6245
74.6245
74.6245
74.6245
74.6245
74.6245
74.6245
74.6245
139.262
139.262
139.262
139.262
139.262
139.262
139.262
139.262
134.351
134.351
134.351
134.351
134.351
134.351
134.351
134.351
128.206
128.206
128.206
128.206
128.206
128.206
128.206
128.206
121.306
121.306
121.306
121.306
121.306
121.306
121.306
121.306
114.126
114.126
114.126
114.126
114.126
114.126
114.126
114.126
107.086
107.086
107.086
107.086
107.086
107.086
107.086
107.086
100.515
100.515
100.515
100.515
100.515
100.515
100.515
100.515
94.6422
94.6422
94.6422
94.6422
94.6422
94.6422
94.6422
94.6422
89.6009
89.6009
89.6009
89.6009
89.6009
89.6009
89.6009
89.6009
85.4386
85.4386
85.4386
85.4386
85.4386
85.4386
85.4386
85.4386
82.1374
82.1374
82.1374
82.1374
82.1374
82.1374
82.1374
82.1374
79.6245
79.6245
79.6245
79.6245
79.6245
79.6245
79.6245
79.6245
77.7838
77.7838
77.7838
77.7838
77.7838
77.7838
77.7838
77.7838
76.4627
76.4627
76.4627
76.4627
76.4627
76.4627
76.4627
76.4627
75.4784
75.4784
75.4784
75.4784
75.4784
75.4784
75.4784
75.4784
74.6245
74.6245
74.6245
74.6245
74.6245
74.6245
74.6245
74.6245
131.229
131.229
131.229
131.229
131.229
131.229
131.229
131.229
126.901
126.901
126.901
126.901
126.901
126.901
126.901
126.901
121.305
121.305
121.305
121.305
121.305
121.305
121.305
121.305
114.887
114.887
114.887
114.887
114.887
114.887
114.887
114.887
108.105
108.105
108.105
108.105
108.105
108.105
108.105
108.105
101.372
101.372
101.372
101.372
101.372
101.372
101.372
101.372
95.0207
95.0207
95.0207
95.0207
95.0207
95.0207
95.0207
95.0207
89.2874
89.2874
89.2874
89.2874
89.2874
89.2874
89.2874
89.2874
84.316
84.316
84.316
84.316
84.316
84.316
84.316
84.316
80.1666
80.1666
80.1666
80.1666
80.1666
80.1666
80.1666
80.1666
76.8334
76.8334
76.8334
76.8334
76.8334
76.8334
76.8334
76.8334
74.258
74.258
74.258
74.258
74.258
74.258
74.258
74.258
72.3389
72.3389
72.3389
72.3389
72.3389
72.3389
72.3389
72.3389
70.9416
70.9416
70.9416
70.9416
70.9416
70.9416
70.9416
70.9416
69.9033
69.9033
69.9033
69.9033
69.9033
69.9033
69.9033
69.9033
69.0388
69.0388
69.0388
69.0388
69.0388
69.0388
69.0388
69.0388
131.229
131.229
131.229
131.229
131.229
131.229
131.229
131.229
126.901
126.901
126.901
126.901
126.901
126.901
126.901
126.901
121.305
121.305
121.305
121.305
121.305
121.305
121.305
121.305
114.887
114.887
114.887
114.887
114.887
114.887
114.887
114.887
108.105
108.105
108.105
108.105
108.105
108.105
108.105
108.105
101.372
101.372
101.372
101.372
101.372
101.372
101.372
101.372
95.0207
95.0207
95.0207
95.0207
95.0207
95.0207
95.0207
95.0207
89.2874
89.2874
89.2874
89.2874
89.2874
89.2874
89.2874
89.2874
84.316
84.316
84.316
84.316
84.316
84.316
84.316
84.316
80.1666
80.1666
80.1666
80.1666
80.1666
80.1666
80.1666
80.1666
76.8334
76.8334
76.8334
76.8334
76.8334
76.8334
76.8334
76.8334
74.258
74.258
74.258
74.258
74.258
74.258
74.258
74.258
72.3389
72.3389
72.3389
72.3389
72.3389
72.3389
72.3389
72.3389
70.9416
70.9416
70.9416
70.9416
70.9416
70.9416
70.9416
70.9416
69.9033
69.9033
69.9033
69.9033
69.9033
69.9033
69.9033
69.9033
69.0388
69.0388
69.0388
69.0388
69.0388
69.0388
69.0388
69.0388
131.229
131.229
131.229
131.229
131.229
131.229
131.229
131.229
126.901
126.901
126.901
126.901
126.901
126.901
126.901
126.901
121.305
121.305
121.305
121.305
121.305
121.305
121.305
121.305
114.887
114.887
114.887
114.887
114.887
114.887
114.887
114.887
108.105
108.105
108.105
108.105
108.105
108.105
108.105
108.105
101.372
101.372
101.372
101.372
101.372
101.372
101.372
101.372
95.0207
95.0207
95.0207
95.0207
95.0207
95.0207
95.0207
95.0207
89.2874
89.2874
89.2874
89.2874
89.2874
89.2874
89.2874
89.2874
84.316
84.316
84.316
84.316
84.316
84.316
84.316
84.316
80.1666
80.1666
80.1666
80.1666
80.1666
80.1666
80.1666
80.1666
76.8334
76.8334
76.8334
76.8334
76.8334
76.8334
76.8334
76.8334
74.258
74.258
74.258
74.258
74.258
74.258
74.258
74.258
72.3389
72.3389
72.3389
72.3389
72.3389
72.3389
72.3389
72.3389
70.9416
70.9416
70.9416
70.9416
70.9416
70.9416
70.9416
70.9416
69.9033
69.9033
69.9033
69.9033
69.9033
69.9033
69.9033
69.9033
69.0388
69.0388
69.0388
69.0388
69.0388
69.0388
69.0388
69.0388
131.229
131.229
131.229
131.229
131.229
131.229
131.229
131.229
126.901
126.901
126.901
126.901
126.901
126.901
126.901
126.901
121.305
121.305
121.305
121.305
121.305
121.305
121.305
121.305
114.887
114.887
114.887
114.887
114.887
114.887
114.887
114.887
108.105
108.105
108.105
108.105
108.105
108.105
108.105
108.105
101.372
101.372
101.372
101.372
101.372
101.372
101.372
101.372
95.0207
95.0207
95.0207
95.0207
95.0207
95.0207
95.0207
95.0207
89.2874
89.2874
89.2874
89.2874
89.2874
89.2874
89.2874
89.2874
84.316
84.316
84.316
84.316
84.316
84.316
84.316
84.316
80.1666
80.1666
80.1666
80.1666
80.1666
80.1666
80.1666
80.1666
76.8334
76.8334
76.8334
76.8334
76.8334
76.8334
76.8334
76.8334
74.258
74.258
74.258
74.258
74.258
74.258
74.258
74.258
72.3389
72.3389
72.3389
72.3389
72.3389
72.3389
72.3389
72.3389
70.9416
70.9416
70.9416
70.9416
70.9416
70.9416
70.9416
70.9416
69.9033
69.9033
69.9033
69.9033
69.9033
69.9033
69.9033
69.9033
69.0388
69.0388
69.0388
69.0388
69.0388
69.0388
69.0388
69.0388
120.373
120.373
120.373
120.373
120.373
120.373
120.373
120.373
116.644
116.644
116.644
116.644
116.644
116.644
116.644
116.644
111.675
111.675
111.675
111.675
111.675
111.675
111.675
111.675
105.87
105.87
105.87
105.87
105.87
105.87
105.87
105.87
99.6518
99.6518
99.6518
99.6518
99.6518
99.6518
99.6518
99.6518
93.4139
93.4139
93.4139
93.4139
93.4139
93.4139
93.4139
93.4139
87.4784
87.4784
87.4784
87.4784
87.4784
87.4784
87.4784
87.4784
82.0805
82.0805
82.0805
82.0805
82.0805
82.0805
82.0805
82.0805
77.3675
77.3675
77.3675
77.3675
77.3675
77.3675
77.3675
77.3675
73.4093
73.4093
73.4093
73.4093
73.4093
73.4093
73.4093
73.4093
70.2115
70.2115
70.2115
70.2115
70.2115
70.2115
70.2115
70.2115
67.7286
67.7286
67.7286
67.7286
67.7286
67.7286
67.7286
67.7286
65.8771
65.8771
65.8771
65.8771
65.8771
65.8771
65.8771
65.8771
64.541
64.541
64.541
64.541
64.541
64.541
64.541
64.541
63.5788
63.5788
63.5788
63.5788
63.5788
63.5788
63.5788
63.5788
62.8285
62.8285
62.8285
62.8285
62.8285
62.8285
62.8285
62.8285
120.373
120.373
120.373
120.373
120.373
120.373
120.373
120.373
116.644
116.644
116.644
116.644
116.644
116.644
116.644
116.644
111.675
111.675
111.675
111.675
111.675
111.675
111.675
111.675
105.87
105.87
105.87
105.87
105.87
105.87
105.87
105.87
99.6518
99.6518
99.6518
99.6518
99.6518
99.6518
99.6518
99.6518
93.4139
93.4139
93.4139
93.4139
93.4139
93.4139
93.4139
93.4139
87.4784
87.4784
87.4784
87.4784
87.4784
87.4784
87.4784
87.4784
82.0805
82.0805
82.0805
82.0805
82.0805
82.0805
82.0805
82.0805
77.3675
77.3675
77.3675
77.3675
77.3675
77.3675
77.3675
77.3675
73.4093
73.4093
73.4093
73.4093
73.4093
73.4093
73.4093
73.4093
70.2115
70.2115
70.2115
70.2115
70.2115
70.2115
70.2115
70.2115
67.7286
67.7286
67.7286
67.7286
67.7286
67.7286
67.7286
67.7286
65.8771
65.8771
65.8771
65.8771
65.8771
65.8771
65.8771
65.8771
64.541
64.541
64.541
64.541
64.541
64.541
64.541
64.541
63.5788
63.5788
63.5788
63.5788
63.5788
63.5788
63.5788
63.5788
62.8285
62.8285
62.8285
62.8285
62.8285
62.8285
62.8285
62.8285
120.373
120.373
120.373
120.373
120.373
120.373
120.373
120.373
116.644
116.644
116.644
116.644
116.644
116.644
116.644
116.644
111.675
111.675
111.675
111.675
111.675
111.675
111.675
111.675
105.87
105.87
105.87
105.87
105.87
105.87
105.87
105.87
99.6518
99.6518
99.6518
99.6518
99.6518
99.6518
99.6518
99.6518
93.4139
93.4139
93.4139
93.4139
93.4139
93.4139
93.4139
93.4139
87.4784
87.4784
87.4784
87.4784
87.4784
87.4784
87.4784
87.4784
82.0805
82.0805
82.0805
82.0805
82.0805
82.0805
82.0805
82.0805
77.3675
77.3675
77.3675
77.3675
77.3675
77.3675
77.3675
77.3675
73.4093
73.4093
73.4093
73.4093
73.4093
73.4093
73.4093
73.4093
70.2115
70.2115
70.2115
70.2115
70.2115
70.2115
70.2115
70.2115
67.7286
67.7286
67.7286
67.7286
67.7286
67.7286
67.7286
67.7286
65.8771
65.8771
65.8771
65.8771
65.8771
65.8771
65.8771
65.8771
64.541
64.541
64.541
64.541
64.541
64.541
64.541
64.541
63.5788
63.5788
63.5788
63.5788
63.5788
63.5788
63.5788
63.5788
62.8285
62.8285
62.8285
62.8285
62.8285
62.8285
62.8285
62.8285
120.373
120.373
120.373
120.373
120.373
120.373
120.373
120.373
116.644
116.644
116.644
116.644
116.644
116.644
116.644
116.644
111.675
111.675
111.675
111.675
111.675
111.675
111.675
111.675
105.87
105.87
105.87
105.87
105.87
105.87
105.87
105.87
99.6518
99.6518
99.6518
99.6518
99.6518
99.6518
99.6518
99.6518
93.4139
93.4139
93.4139
93.4139
93.4139
93.4139
93.4139
93.4139
87.4784
87.4784
87.4784
87.4784
87.4784
87.4784
87.4784
87.4784
82.0805
82.0805
82.0805
82.0805
82.0805
82.0805
82.0805
82.0805
77.3675
77.3675
77.3675
77.3675
77.3675
77.3675
77.3675
77.3675
73.4093
73.4093
73.4093
73.4093
73.4093
73.4093
73.4093
73.4093
70.2115
70.2115
70.2115
70.2115
70.2115
70.2115
70.2115
70.2115
67.7286
67.7286
67.7286
67.7286
67.7286
67.7286
67.7286
67.7286
65.8771
65.8771
65.8771
65.8771
65.8771
65.8771
65.8771
65.8771
64.541
64.541
64.541
64.541
64.541
64.541
64.541
64.541
63.5788
63.5788
63.5788
63.5788
63.5788
63.5788
63.5788
63.5788
62.8285
62.8285
62.8285
62.8285
62.8285
62.8285
62.8285
62.8285
