8192
11.6338
11.6338
11.6338
11.6338
11.6338
11.6338
11.6338
11.6338
11.1898
11.1898
11.1898
11.1898
11.1898
11.1898
11.1898
11.1898
10.7947
10.7947
10.7947
10.7947
10.7947
10.7947
10.7947
10.7947
10.464
10.464
10.464
10.464
10.464
10.464
10.464
10.464
10.212
10.212
10.212
10.212
10.212
10.212
10.212
10.212
10.0512
10.0512
10.0512
10.0512
10.0512
10.0512
10.0512
10.0512
9.99148
9.99148
9.99148
9.99148
9.99148
9.99148
9.99148
9.99148
10.04
10.04
10.04
10.04
10.04
10.04
10.04
10.04
10.2009
10.2009
10.2009
10.2009
10.2009
10.2009
10.2009
10.2009
10.4744
10.4744
10.4744
10.4744
10.4744
10.4744
10.4744
10.4744
10.8555
10.8555
10.8555
10.8555
10.8555
10.8555
10.8555
10.8555
11.3328
11.3328
11.3328
11.3328
11.3328
11.3328
11.3328
11.3328
11.8857
11.8857
11.8857
11.8857
11.8857
11.8857
11.8857
11.8857
12.4837
12.4837
12.4837
12.4837
12.4837
12.4837
12.4837
12.4837
13.085
13.085
13.085
13.085
13.085
13.085
13.085
13.085
13.6389
13.6389
13.6389
13.6389
13.6389
13.6389
13.6389
13.6389
11.6338
11.6338
11.6338
11.6338
11.6338
11.6338
11.6338
11.6338
11.1898
11.1898
11.1898
11.1898
11.1898
11.1898
11.1898
11.1898
10.7947
10.7947
10.7947
10.7947
10.7947
10.7947
10.7947
10.7947
10.464
10.464
10.464
10.464
10.464
10.464
10.464
10.464
10.212
10.212
10.212
10.212
10.212
10.212
10.212
10.212
10.0512
10.0512
10.0512
10.0512
10.0512
10.0512
10.0512
10.0512
9.99148
9.99148
9.99148
9.99148
9.99148
9.99148
9.99148
9.99148
10.04
10.04
10.04
10.04
10.04
10.04
10.04
10.04
10.2009
10.2009
10.2009
10.2009
10.2009
10.2009
10.2009
10.2009
10.4744
10.4744
10.4744
10.4744
10.4744
10.4744
10.4744
10.4744
10.8555
10.8555
10.8555
10.8555
10.8555
10.8555
10.8555
10.8555
11.3328
11.3328
11.3328
11.3328
11.3328
11.3328
11.3328
11.3328
11.8857
11.8857
11.8857
11.8857
11.8857
11.8857
11.8857
11.8857
12.4837
12.4837
12.4837
12.4837
12.4837
12.4837
12.4837
12.4837
13.085
13.085
13.085
13.085
13.085
13.085
13.085
13.085
13.6389
13.6389
13.6389
13.6389
13.6389
13.6389
13.6389
13.6389
11.6338
11.6338
11.6338
11.6338
11.6338
11.6338
11.6338
11.6338
11.1898
11.1898
11.1898
11.1898
11.1898
11.1898
11.1898
11.1898
10.7947
10.7947
10.7947
10.7947
10.7947
10.7947
10.7947
10.7947
10.464
10.464
10.464
10.464
10.464
10.464
10.464
10.464
10.212
10.212
10.212
10.212
10.212
10.212
10.212
10.212
10.0512
10.0512
10.0512
10.0512
10.0512
10.0512
10.0512
10.0512
9.99148
9.99148
9.99148
9.99148
9.99148
9.99148
9.99148
9.99148
10.04
10.04
10.04
10.04
10.04
10.04
10.04
10.04
10.2009
10.2009
10.2009
10.2009
10.2009
10.2009
10.2009
10.2009
10.4744
10.4744
10.4744
10.4744
10.4744
10.4744
10.4744
10.4744
10.8555
10.8555
10.8555
10.8555
10.8555
10.8555
10.8555
10.8555
11.3328
11.3328
11.3328
11.3328
11.3328
11.3328
11.3328
11.3328
11.8857
11.8857
11.8857
11.8857
11.8857
11.8857
11.8857
11.8857
12.4837
12.4837
12.4837
12.4837
12.4837
12.4837
12.4837
12.4837
13.085
13.085
13.085
13.085
13.085
13.085
13.085
13.085
13.6389
13.6389
13.6389
13.6389
13.6389
13.6389
13.6389
13.6389
11.6338
11.6338
11.6338
11.6338
11.6338
11.6338
11.6338
11.6338
11.1898
11.1898
11.1898
11.1898
11.1898
11.1898
11.1898
11.1898
10.7947
10.7947
10.7947
10.7947
10.7947
10.7947
10.7947
10.7947
10.464
10.464
10.464
10.464
10.464
10.464
10.464
10.464
10.212
10.212
10.212
10.212
10.212
10.212
10.212
10.212
10.0512
10.0512
10.0512
10.0512
10.0512
10.0512
10.0512
10.0512
9.99148
9.99148
9.99148
9.99148
9.99148
9.99148
9.99148
9.99148
10.04
10.04
10.04
10.04
10.04
10.04
10.04
10.04
10.2009
10.2009
10.2009
10.2009
10.2009
10.2009
10.2009
10.2009
10.4744
10.4744
10.4744
10.4744
10.4744
10.4744
10.4744
10.4744
10.8555
10.8555
10.8555
10.8555
10.8555
10.8555
10.8555
10.8555
11.3328
11.3328
11.3328
11.3328
11.3328
11.3328
11.3328
11.3328
11.8857
11.8857
11.8857
11.8857
11.8857
11.8857
11.8857
11.8857
12.4837
12.4837
12.4837
12.4837
12.4837
12.4837
12.4837
12.4837
13.085
13.085
13.085
13.085
13.085
13.085
13.085
13.085
13.6389
13.6389
13.6389
13.6389
13.6389
13.6389
13.6389
13.6389
11.1
11.1
11.1
11.1
11.1
11.1
11.1
11.1
10.6394
10.6394
10.6394
10.6394
10.6394
10.6394
10.6394
10.6394
10.2424
10.2424
10.2424
10.2424
10.2424
10.2424
10.2424
10.2424
9.92374
9.92374
9.92374
9.92374
9.92374
9.92374
9.92374
9.92374
9.69622
9.69622
9.69622
9.69622
9.69622
9.69622
9.69622
9.69622
9.57075
9.57075
9.57075
9.57075
9.57075
9.57075
9.57075
9.57075
9.55652
9.55652
9.55652
9.55652
9.55652
9.55652
9.55652
9.55652
9.66055
9.66055
9.66055
9.66055
9.66055
9.66055
9.66055
9.66055
9.88767
9.88767
9.88767
9.88767
9.88767
9.88767
9.88767
9.88767
10.2396
10.2396
10.2396
10.2396
10.2396
10.2396
10.2396
10.2396
10.7134
10.7134
10.7134
10.7134
10.7134
10.7134
10.7134
10.7134
11.2997
11.2997
11.2997
11.2997
11.2997
11.2997
11.2997
11.2997
11.9797
11.9797
11.9797
11.9797
11.9797
11.9797
11.9797
11.9797
12.7231
12.7231
12.7231
12.7231
12.7231
12.7231
12.7231
12.7231
13.487
13.487
13.487
13.487
13.487
13.487
13.487
13.487
14.2163
14.2163
14.2163
14.2163
14.2163
14.2163
14.2163
14.2163
11.1
11.1
11.1
11.1
11.1
11.1
11.1
11.1
10.6394
10.6394
10.6394
10.6394
10.6394
10.6394
10.6394
10.6394
10.2424
10.2424
10.2424
10.2424
10.2424
10.2424
10.2424
10.2424
9.92374
9.92374
9.92374
9.92374
9.92374
9.92374
9.92374
9.92374
9.69622
9.69622
9.69622
9.69622
9.69622
9.69622
9.69622
9.69622
9.57075
9.57075
9.57075
9.57075
9.57075
9.57075
9.57075
9.57075
9.55652
9.55652
9.55652
9.55652
9.55652
9.55652
9.55652
9.55652
9.66055
9.66055
9.66055
9.66055
9.66055
9.66055
9.66055
9.66055
9.88767
9.88767
9.88767
9.88767
9.88767
9.88767
9.88767
9.88767
10.2396
10.2396
10.2396
10.2396
10.2396
10.2396
10.2396
10.2396
10.7134
10.7134
10.7134
10.7134
10.7134
10.7134
10.7134
10.7134
11.2997
11.2997
11.2997
11.2997
11.2997
11.2997
11.2997
11.2997
11.9797
11.9797
11.9797
11.9797
11.9797
11.9797
11.9797
11.9797
12.7231
12.7231
12.7231
12.7231
12.7231
12.7231
12.7231
12.7231
13.487
13.487
13.487
13.487
13.487
13.487
13.487
13.487
14.2163
14.2163
14.2163
14.2163
14.2163
14.2163
14.2163
14.2163
11.1
11.1
11.1
11.1
11.1
11.1
11.1
11.1
10.6394
10.6394
10.6394
10.6394
10.6394
10.6394
10.6394
10.6394
10.2424
10.2424
10.2424
10.2424
10.2424
10.2424
10.2424
10.2424
9.92374
9.92374
9.92374
9.92374
9.92374
9.92374
9.92374
9.92374
9.69622
9.69622
9.69622
9.69622
9.69622
9.69622
9.69622
9.69622
9.57075
9.57075
9.57075
9.57075
9.57075
9.57075
9.57075
9.57075
9.55652
9.55652
9.55652
9.55652
9.55652
9.55652
9.55652
9.55652
9.66055
9.66055
9.66055
9.66055
9.66055
9.66055
9.66055
9.66055
9.88767
9.88767
9.88767
9.88767
9.88767
9.88767
9.88767
9.88767
10.2396
10.2396
10.2396
10.2396
10.2396
10.2396
10.2396
10.2396
10.7134
10.7134
10.7134
10.7134
10.7134
10.7134
10.7134
10.7134
11.2997
11.2997
11.2997
11.2997
11.2997
11.2997
11.2997
11.2997
11.9797
11.9797
11.9797
11.9797
11.9797
11.9797
11.9797
11.9797
12.7231
12.7231
12.7231
12.7231
12.7231
12.7231
12.7231
12.7231
13.487
13.487
13.487
13.487
13.487
13.487
13.487
13.487
14.2163
14.2163
14.2163
14.2163
14.2163
14.2163
14.2163
14.2163
11.1
11.1
11.1
11.1
11.1
11.1
11.1
11.1
10.6394
10.6394
10.6394
10.6394
10.6394
10.6394
10.6394
10.6394
10.2424
10.2424
10.2424
10.2424
10.2424
10.2424
10.2424
10.2424
9.92374
9.92374
9.92374
9.92374
9.92374
9.92374
9.92374
9.92374
9.69622
9.69622
9.69622
9.69622
9.69622
9.69622
9.69622
9.69622
9.57075
9.57075
9.57075
9.57075
9.57075
9.57075
9.57075
9.57075
9.55652
9.55652
9.55652
9.55652
9.55652
9.55652
9.55652
9.55652
9.66055
9.66055
9.66055
9.66055
9.66055
9.66055
9.66055
9.66055
9.88767
9.88767
9.88767
9.88767
9.88767
9.88767
9.88767
9.88767
10.2396
10.2396
10.2396
10.2396
10.2396
10.2396
10.2396
10.2396
10.7134
10.7134
10.7134
10.7134
10.7134
10.7134
10.7134
10.7134
11.2997
11.2997
11.2997
11.2997
11.2997
11.2997
11.2997
11.2997
11.9797
11.9797
11.9797
11.9797
11.9797
11.9797
11.9797
11.9797
12.7231
12.7231
12.7231
12.7231
12.7231
12.7231
12.7231
12.7231
13.487
13.487
13.487
13.487
13.487
13.487
13.487
13.487
14.2163
14.2163
14.2163
14.2163
14.2163
14.2163
14.2163
14.2163
10.6319
10.6319
10.6319
10.6319
10.6319
10.6319
10.6319
10.6319
10.1532
10.1532
10.1532
10.1532
10.1532
10.1532
10.1532
10.1532
9.75011
9.75011
9.75011
9.75011
9.75011
9.75011
9.75011
9.75011
9.43626
9.43626
9.43626
9.43626
9.43626
9.43626
9.43626
9.43626
9.22329
9.22329
9.22329
9.22329
9.22329
9.22329
9.22329
9.22329
9.1211
9.1211
9.1211
9.1211
9.1211
9.1211
9.1211
9.1211
9.13825
9.13825
9.13825
9.13825
9.13825
9.13825
9.13825
9.13825
9.28213
9.28213
9.28213
9.28213
9.28213
9.28213
9.28213
9.28213
9.5587
9.5587
9.5587
9.5587
9.5587
9.5587
9.5587
9.5587
9.97165
9.97165
9.97165
9.97165
9.97165
9.97165
9.97165
9.97165
10.5208
10.5208
10.5208
10.5208
10.5208
10.5208
10.5208
10.5208
11.1996
11.1996
11.1996
11.1996
11.1996
11.1996
11.1996
11.1996
11.9925
11.9925
11.9925
11.9925
11.9925
11.9925
11.9925
11.9925
12.8711
12.8711
12.8711
12.8711
12.8711
12.8711
12.8711
12.8711
13.7927
13.7927
13.7927
13.7927
13.7927
13.7927
13.7927
13.7927
14.6999
14.6999
14.6999
14.6999
14.6999
14.6999
14.6999
14.6999
10.6319
10.6319
10.6319
10.6319
10.6319
10.6319
10.6319
10.6319
10.1532
10.1532
10.1532
10.1532
10.1532
10.1532
10.1532
10.1532
9.75011
9.75011
9.75011
9.75011
9.75011
9.75011
9.75011
9.75011
9.43626
9.43626
9.43626
9.43626
9.43626
9.43626
9.43626
9.43626
9.22329
9.22329
9.22329
9.22329
9.22329
9.22329
9.22329
9.22329
9.1211
9.1211
9.1211
9.1211
9.1211
9.1211
9.1211
9.1211
9.13825
9.13825
9.13825
9.13825
9.13825
9.13825
9.13825
9.13825
9.28213
9.28213
9.28213
9.28213
9.28213
9.28213
9.28213
9.28213
9.5587
9.5587
9.5587
9.5587
9.5587
9.5587
9.5587
9.5587
9.97165
9.97165
9.97165
9.97165
9.97165
9.97165
9.97165
9.97165
10.5208
10.5208
10.5208
10.5208
10.5208
10.5208
10.5208
10.5208
11.1996
11.1996
11.1996
11.1996
11.1996
11.1996
11.1996
11.1996
11.9925
11.9925
11.9925
11.9925
11.9925
11.9925
11.9925
11.9925
12.8711
12.8711
12.8711
12.8711
12.8711
12.8711
12.8711
12.8711
13.7927
13.7927
13.7927
13.7927
13.7927
13.7927
13.7927
13.7927
14.6999
14.6999
14.6999
14.6999
14.6999
14.6999
14.6999
14.6999
10.6319
10.6319
10.6319
10.6319
10.6319
10.6319
10.6319
10.6319
10.1532
10.1532
10.1532
10.1532
10.1532
10.1532
10.1532
10.1532
9.75011
9.75011
9.75011
9.75011
9.75011
9.75011
9.75011
9.75011
9.43626
9.43626
9.43626
9.43626
9.43626
9.43626
9.43626
9.43626
9.22329
9.22329
9.22329
9.22329
9.22329
9.22329
9.22329
9.22329
9.1211
9.1211
9.1211
9.1211
9.1211
9.1211
9.1211
9.1211
9.13825
9.13825
9.13825
9.13825
9.13825
9.13825
9.13825
9.13825
9.28213
9.28213
9.28213
9.28213
9.28213
9.28213
9.28213
9.28213
9.5587
9.5587
9.5587
9.5587
9.5587
9.5587
9.5587
9.5587
9.97165
9.97165
9.97165
9.97165
9.97165
9.97165
9.97165
9.97165
10.5208
10.5208
10.5208
10.5208
10.5208
10.5208
10.5208
10.5208
11.1996
11.1996
11.1996
11.1996
11.1996
11.1996
11.1996
11.1996
11.9925
11.9925
11.9925
11.9925
11.9925
11.9925
11.9925
11.9925
12.8711
12.8711
12.8711
12.8711
12.8711
12.8711
12.8711
12.8711
13.7927
13.7927
13.7927
13.7927
13.7927
13.7927
13.7927
13.7927
14.6999
14.6999
14.6999
14.6999
14.6999
14.6999
14.6999
14.6999
10.6319
10.6319
10.6319
10.6319
10.6319
10.6319
10.6319
10.6319
10.1532
10.1532
10.1532
10.1532
10.1532
10.1532
10.1532
10.1532
9.75011
9.75011
9.75011
9.75011
9.75011
9.75011
9.75011
9.75011
9.43626
9.43626
9.43626
9.43626
9.43626
9.43626
9.43626
9.43626
9.22329
9.22329
9.22329
9.22329
9.22329
9.22329
9.22329
9.22329
9.1211
9.1211
9.1211
9.1211
9.1211
9.1211
9.1211
9.1211
9.13825
9.13825
9.13825
9.13825
9.13825
9.13825
9.13825
9.13825
9.28213
9.28213
9.28213
9.28213
9.28213
9.28213
9.28213
9.28213
9.5587
9.5587
9.5587
9.5587
9.5587
9.5587
9.5587
9.5587
9.97165
9.97165
9.97165
9.97165
9.97165
9.97165
9.97165
9.97165
10.5208
10.5208
10.5208
10.5208
10.5208
10.5208
10.5208
10.5208
11.1996
11.1996
11.1996
11.1996
11.1996
11.1996
11.1996
11.1996
11.9925
11.9925
11.9925
11.9925
11.9925
11.9925
11.9925
11.9925
12.8711
12.8711
12.8711
12.8711
12.8711
12.8711
12.8711
12.8711
13.7927
13.7927
13.7927
13.7927
13.7927
13.7927
13.7927
13.7927
14.6999
14.6999
14.6999
14.6999
14.6999
14.6999
14.6999
14.6999
10.2383
10.2383
10.2383
10.2383
10.2383
10.2383
10.2383
10.2383
9.74035
9.74035
9.74035
9.74035
9.74035
9.74035
9.74035
9.74035
9.32726
9.32726
9.32726
9.32726
9.32726
9.32726
9.32726
9.32726
9.0119
9.0119
9.0119
9.0119
9.0119
9.0119
9.0119
9.0119
8.80483
8.80483
8.80483
8.80483
8.80483
8.80483
8.80483
8.80483
8.71506
8.71506
8.71506
8.71506
8.71506
8.71506
8.71506
8.71506
8.75089
8.75089
8.75089
8.75089
8.75089
8.75089
8.75089
8.75089
8.92018
8.92018
8.92018
8.92018
8.92018
8.92018
8.92018
8.92018
9.23019
9.23019
9.23019
9.23019
9.23019
9.23019
9.23019
9.23019
9.6868
9.6868
9.6868
9.6868
9.6868
9.6868
9.6868
9.6868
10.2929
10.2929
10.2929
10.2929
10.2929
10.2929
10.2929
10.2929
11.0459
11.0459
11.0459
11.0459
11.0459
11.0459
11.0459
11.0459
11.9337
11.9337
11.9337
11.9337
11.9337
11.9337
11.9337
11.9337
12.932
12.932
12.932
12.932
12.932
12.932
12.932
12.932
13.9998
13.9998
13.9998
13.9998
13.9998
13.9998
13.9998
13.9998
15.0795
15.0795
15.0795
15.0795
15.0795
15.0795
15.0795
15.0795
10.2383
10.2383
10.2383
10.2383
10.2383
10.2383
10.2383
10.2383
9.74035
9.74035
9.74035
9.74035
9.74035
9.74035
9.74035
9.74035
9.32726
9.32726
9.32726
9.32726
9.32726
9.32726
9.32726
9.32726
9.0119
9.0119
9.0119
9.0119
9.0119
9.0119
9.0119
9.0119
8.80483
8.80483
8.80483
8.80483
8.80483
8.80483
8.80483
8.80483
8.71506
8.71506
8.71506
8.71506
8.71506
8.71506
8.71506
8.71506
8.75089
8.75089
8.75089
8.75089
8.75089
8.75089
8.75089
8.75089
8.92018
8.92018
8.92018
8.92018
8.92018
8.92018
8.92018
8.92018
9.23019
9.23019
9.23019
9.23019
9.23019
9.23019
9.23019
9.23019
9.6868
9.6868
9.6868
9.6868
9.6868
9.6868
9.6868
9.6868
10.2929
10.2929
10.2929
10.2929
10.2929
10.2929
10.2929
10.2929
11.0459
11.0459
11.0459
11.0459
11.0459
11.0459
11.0459
11.0459
11.9337
11.9337
11.9337
11.9337
11.9337
11.9337
11.9337
11.9337
12.932
12.932
12.932
12.932
12.932
12.932
12.932
12.932
13.9998
13.9998
13.9998
13.9998
13.9998
13.9998
13.9998
13.9998
15.0795
15.0795
15.0795
15.0795
15.0795
15.0795
15.0795
15.0795
10.2383
10.2383
10.2383
10.2383
10.2383
10.2383
10.2383
10.2383
9.74035
9.74035
9.74035
9.74035
9.74035
9.74035
9.74035
9.74035
9.32726
9.32726
9.32726
9.32726
9.32726
9.32726
9.32726
9.32726
9.0119
9.0119
9.0119
9.0119
9.0119
9.0119
9.0119
9.0119
8.80483
8.80483
8.80483
8.80483
8.80483
8.80483
8.80483
8.80483
8.71506
8.71506
8.71506
8.71506
8.71506
8.71506
8.71506
8.71506
8.75089
8.75089
8.75089
8.75089
8.75089
8.75089
8.75089
8.75089
8.92018
8.92018
8.92018
8.92018
8.92018
8.92018
8.92018
8.92018
9.23019
9.23019
9.23019
9.23019
9.23019
9.23019
9.23019
9.23019
9.6868
9.6868
9.6868
9.6868
9.6868
9.6868
9.6868
9.6868
10.2929
10.2929
10.2929
10.2929
10.2929
10.2929
10.2929
10.2929
11.0459
11.0459
11.0459
11.0459
11.0459
11.0459
11.0459
11.0459
11.9337
11.9337
11.9337
11.9337
11.9337
11.9337
11.9337
11.9337
12.932
12.932
12.932
12.932
12.932
12.932
12.932
12.932
13.9998
13.9998
13.9998
13.9998
13.9998
13.9998
13.9998
13.9998
15.0795
15.0795
15.0795
15.0795
15.0795
15.0795
15.0795
15.0795
10.2383
10.2383
10.2383
10.2383
10.2383
10.2383
10.2383
10.2383
9.74035
9.74035
9.74035
9.74035
9.74035
9.74035
9.74035
9.74035
9.32726
9.32726
9.32726
9.32726
9.32726
9.32726
9.32726
9.32726
9.0119
9.0119
9.0119
9.0119
9.0119
9.0119
9.0119
9.0119
8.80483
8.80483
8.80483
8.80483
8.80483
8.80483
8.80483
8.80483
8.71506
8.71506
8.71506
8.71506
8.71506
8.71506
8.71506
8.71506
8.75089
8.75089
8.75089
8.75089
8.75089
8.75089
8.75089
8.75089
8.92018
8.92018
8.92018
8.92018
8.92018
8.92018
8.92018
8.92018
9.23019
9.23019
9.23019
9.23019
9.23019
9.23019
9.23019
9.23019
9.6868
9.6868
9.6868
9.6868
9.6868
9.6868
9.6868
9.6868
10.2929
10.2929
10.2929
10.2929
10.2929
10.2929
10.2929
10.2929
11.0459
11.0459
11.0459
11.0459
11.0459
11.0459
11.0459
11.0459
11.9337
11.9337
11.9337
11.9337
11.9337
11.9337
11.9337
11.9337
12.932
12.932
12.932
12.932
12.932
12.932
12.932
12.932
13.9998
13.9998
13.9998
13.9998
13.9998
13.9998
13.9998
13.9998
15.0795
15.0795
15.0795
15.0795
15.0795
15.0795
15.0795
15.0795
9.92686
9.92686
9.92686
9.92686
9.92686
9.92686
9.92686
9.92686
9.40819
9.40819
9.40819
9.40819
9.40819
9.40819
9.40819
9.40819
8.98157
8.98157
8.98157
8.98157
8.98157
8.98157
8.98157
8.98157
8.65907
8.65907
8.65907
8.65907
8.65907
8.65907
8.65907
8.65907
8.45025
8.45025
8.45025
8.45025
8.45025
8.45025
8.45025
8.45025
8.36349
8.36349
8.36349
8.36349
8.36349
8.36349
8.36349
8.36349
8.40687
8.40687
8.40687
8.40687
8.40687
8.40687
8.40687
8.40687
8.58872
8.58872
8.58872
8.58872
8.58872
8.58872
8.58872
8.58872
8.91761
8.91761
8.91761
8.91761
8.91761
8.91761
8.91761
8.91761
9.40163
9.40163
9.40163
9.40163
9.40163
9.40163
9.40163
9.40163
10.0468
10.0468
10.0468
10.0468
10.0468
10.0468
10.0468
10.0468
10.8547
10.8547
10.8547
10.8547
10.8547
10.8547
10.8547
10.8547
11.8178
11.8178
11.8178
11.8178
11.8178
11.8178
11.8178
11.8178
12.9165
12.9165
12.9165
12.9165
12.9165
12.9165
12.9165
12.9165
14.1138
14.1138
14.1138
14.1138
14.1138
14.1138
14.1138
14.1138
15.3533
15.3533
15.3533
15.3533
15.3533
15.3533
15.3533
15.3533
9.92686
9.92686
9.92686
9.92686
9.92686
9.92686
9.92686
9.92686
9.40819
9.40819
9.40819
9.40819
9.40819
9.40819
9.40819
9.40819
8.98157
8.98157
8.98157
8.98157
8.98157
8.98157
8.98157
8.98157
8.65907
8.65907
8.65907
8.65907
8.65907
8.65907
8.65907
8.65907
8.45025
8.45025
8.45025
8.45025
8.45025
8.45025
8.45025
8.45025
8.36349
8.36349
8.36349
8.36349
8.36349
8.36349
8.36349
8.36349
8.40687
8.40687
8.40687
8.40687
8.40687
8.40687
8.40687
8.40687
8.58872
8.58872
8.58872
8.58872
8.58872
8.58872
8.58872
8.58872
8.91761
8.91761
8.91761
8.91761
8.91761
8.91761
8.91761
8.91761
9.40163
9.40163
9.40163
9.40163
9.40163
9.40163
9.40163
9.40163
10.0468
10.0468
10.0468
10.0468
10.0468
10.0468
10.0468
10.0468
10.8547
10.8547
10.8547
10.8547
10.8547
10.8547
10.8547
10.8547
11.8178
11.8178
11.8178
11.8178
11.8178
11.8178
11.8178
11.8178
12.9165
12.9165
12.9165
12.9165
12.9165
12.9165
12.9165
12.9165
14.1138
14.1138
14.1138
14.1138
14.1138
14.1138
14.1138
14.1138
15.3533
15.3533
15.3533
15.3533
15.3533
15.3533
15.3533
15.3533
9.92686
9.92686
9.92686
9.92686
9.92686
9.92686
9.92686
9.92686
9.40819
9.40819
9.40819
9.40819
9.40819
9.40819
9.40819
9.40819
8.98157
8.98157
8.98157
8.98157
8.98157
8.98157
8.98157
8.98157
8.65907
8.65907
8.65907
8.65907
8.65907
8.65907
8.65907
8.65907
8.45025
8.45025
8.45025
8.45025
8.45025
8.45025
8.45025
8.45025
8.36349
8.36349
8.36349
8.36349
8.36349
8.36349
8.36349
8.36349
8.40687
8.40687
8.40687
8.40687
8.40687
8.40687
8.40687
8.40687
8.58872
8.58872
8.58872
8.58872
8.58872
8.58872
8.58872
8.58872
8.91761
8.91761
8.91761
8.91761
8.91761
8.91761
8.91761
8.91761
9.40163
9.40163
9.40163
9.40163
9.40163
9.40163
9.40163
9.40163
10.0468
10.0468
10.0468
10.0468
10.0468
10.0468
10.0468
10.0468
10.8547
10.8547
10.8547
10.8547
10.8547
10.8547
10.8547
10.8547
11.8178
11.8178
11.8178
11.8178
11.8178
11.8178
11.8178
11.8178
12.9165
12.9165
12.9165
12.9165
12.9165
12.9165
12.9165
12.9165
14.1138
14.1138
14.1138
14.1138
14.1138
14.1138
14.1138
14.1138
15.3533
15.3533
15.3533
15.3533
15.3533
15.3533
15.3533
15.3533
9.92686
9.92686
9.92686
9.92686
9.92686
9.92686
9.92686
9.92686
9.40819
9.40819
9.40819
9.40819
9.40819
9.40819
9.40819
9.40819
8.98157
8.98157
8.98157
8.98157
8.98157
8.98157
8.98157
8.98157
8.65907
8.65907
8.65907
8.65907
8.65907
8.65907
8.65907
8.65907
8.45025
8.45025
8.45025
8.45025
8.45025
8.45025
8.45025
8.45025
8.36349
8.36349
8.36349
8.36349
8.36349
8.36349
8.36349
8.36349
8.40687
8.40687
8.40687
8.40687
8.40687
8.40687
8.40687
8.40687
8.58872
8.58872
8.58872
8.58872
8.58872
8.58872
8.58872
8.58872
8.91761
8.91761
8.91761
8.91761
8.91761
8.91761
8.91761
8.91761
9.40163
9.40163
9.40163
9.40163
9.40163
9.40163
9.40163
9.40163
10.0468
10.0468
10.0468
10.0468
10.0468
10.0468
10.0468
10.0468
10.8547
10.8547
10.8547
10.8547
10.8547
10.8547
10.8547
10.8547
11.8178
11.8178
11.8178
11.8178
11.8178
11.8178
11.8178
11.8178
12.9165
12.9165
12.9165
12.9165
12.9165
12.9165
12.9165
12.9165
14.1138
14.1138
14.1138
14.1138
14.1138
14.1138
14.1138
14.1138
15.3533
15.3533
15.3533
15.3533
15.3533
15.3533
15.3533
15.3533
9.70406
9.70406
9.70406
9.70406
9.70406
9.70406
9.70406
9.70406
9.16304
9.16304
9.16304
9.16304
9.16304
9.16304
9.16304
9.16304
8.71945
8.71945
8.71945
8.71945
8.71945
8.71945
8.71945
8.71945
8.38463
8.38463
8.38463
8.38463
8.38463
8.38463
8.38463
8.38463
8.16739
8.16739
8.16739
8.16739
8.16739
8.16739
8.16739
8.16739
8.07551
8.07551
8.07551
8.07551
8.07551
8.07551
8.07551
8.07551
8.1169
8.1169
8.1169
8.1169
8.1169
8.1169
8.1169
8.1169
8.30033
8.30033
8.30033
8.30033
8.30033
8.30033
8.30033
8.30033
8.63546
8.63546
8.63546
8.63546
8.63546
8.63546
8.63546
8.63546
9.13244
9.13244
9.13244
9.13244
9.13244
9.13244
9.13244
9.13244
9.8003
9.8003
9.8003
9.8003
9.8003
9.8003
9.8003
9.8003
10.6445
10.6445
10.6445
10.6445
10.6445
10.6445
10.6445
10.6445
11.6629
11.6629
11.6629
11.6629
11.6629
11.6629
11.6629
11.6629
12.841
12.841
12.841
12.841
12.841
12.841
12.841
12.841
14.1473
14.1473
14.1473
14.1473
14.1473
14.1473
14.1473
14.1473
15.5289
15.5289
15.5289
15.5289
15.5289
15.5289
15.5289
15.5289
9.70406
9.70406
9.70406
9.70406
9.70406
9.70406
9.70406
9.70406
9.16304
9.16304
9.16304
9.16304
9.16304
9.16304
9.16304
9.16304
8.71945
8.71945
8.71945
8.71945
8.71945
8.71945
8.71945
8.71945
8.38463
8.38463
8.38463
8.38463
8.38463
8.38463
8.38463
8.38463
8.16739
8.16739
8.16739
8.16739
8.16739
8.16739
8.16739
8.16739
8.07551
8.07551
8.07551
8.07551
8.07551
8.07551
8.07551
8.07551
8.1169
8.1169
8.1169
8.1169
8.1169
8.1169
8.1169
8.1169
8.30033
8.30033
8.30033
8.30033
8.30033
8.30033
8.30033
8.30033
8.63546
8.63546
8.63546
8.63546
8.63546
8.63546
8.63546
8.63546
9.13244
9.13244
9.13244
9.13244
9.13244
9.13244
9.13244
9.13244
9.8003
9.8003
9.8003
9.8003
9.8003
9.8003
9.8003
9.8003
10.6445
10.6445
10.6445
10.6445
10.6445
10.6445
10.6445
10.6445
11.6629
11.6629
11.6629
11.6629
11.6629
11.6629
11.6629
11.6629
12.841
12.841
12.841
12.841
12.841
12.841
12.841
12.841
14.1473
14.1473
14.1473
14.1473
14.1473
14.1473
14.1473
14.1473
15.5289
15.5289
15.5289
15.5289
15.5289
15.5289
15.5289
15.5289
9.70406
9.70406
9.70406
9.70406
9.70406
9.70406
9.70406
9.70406
9.16304
9.16304
9.16304
9.16304
9.16304
9.16304
9.16304
9.16304
8.71945
8.71945
8.71945
8.71945
8.71945
8.71945
8.71945
8.71945
8.38463
8.38463
8.38463
8.38463
8.38463
8.38463
8.38463
8.38463
8.16739
8.16739
8.16739
8.16739
8.16739
8.16739
8.16739
8.16739
8.07551
8.07551
8.07551
8.07551
8.07551
8.07551
8.07551
8.07551
8.1169
8.1169
8.1169
8.1169
8.1169
8.1169
8.1169
8.1169
8.30033
8.30033
8.30033
8.30033
8.30033
8.30033
8.30033
8.30033
8.63546
8.63546
8.63546
8.63546
8.63546
8.63546
8.63546
8.63546
9.13244
9.13244
9.13244
9.13244
9.13244
9.13244
9.13244
9.13244
9.8003
9.8003
9.8003
9.8003
9.8003
9.8003
9.8003
9.8003
10.6445
10.6445
10.6445
10.6445
10.6445
10.6445
10.6445
10.6445
11.6629
11.6629
11.6629
11.6629
11.6629
11.6629
11.6629
11.6629
12.841
12.841
12.841
12.841
12.841
12.841
12.841
12.841
14.1473
14.1473
14.1473
14.1473
14.1473
14.1473
14.1473
14.1473
15.5289
15.5289
15.5289
15.5289
15.5289
15.5289
15.5289
15.5289
9.70406
9.70406
9.70406
9.70406
9.70406
9.70406
9.70406
9.70406
9.16304
9.16304
9.16304
9.16304
9.16304
9.16304
9.16304
9.16304
8.71945
8.71945
8.71945
8.71945
8.71945
8.71945
8.71945
8.71945
8.38463
8.38463
8.38463
8.38463
8.38463
8.38463
8.38463
8.38463
8.16739
8.16739
8.16739
8.16739
8.16739
8.16739
8.16739
8.16739
8.07551
8.07551
8.07551
8.07551
8.07551
8.07551
8.07551
8.07551
8.1169
8.1169
8.1169
8.1169
8.1169
8.1169
8.1169
8.1169
8.30033
8.30033
8.30033
8.30033
8.30033
8.30033
8.30033
8.30033
8.63546
8.63546
8.63546
8.63546
8.63546
8.63546
8.63546
8.63546
9.13244
9.13244
9.13244
9.13244
9.13244
9.13244
9.13244
9.13244
9.8003
9.8003
9.8003
9.8003
9.8003
9.8003
9.8003
9.8003
10.6445
10.6445
10.6445
10.6445
10.6445
10.6445
10.6445
10.6445
11.6629
11.6629
11.6629
11.6629
11.6629
11.6629
11.6629
11.6629
12.841
12.841
12.841
12.841
12.841
12.841
12.841
12.841
14.1473
14.1473
14.1473
14.1473
14.1473
14.1473
14.1473
14.1473
15.5289
15.5289
15.5289
15.5289
15.5289
15.5289
15.5289
15.5289
9.57635
9.57635
9.57635
9.57635
9.57635
9.57635
9.57635
9.57635
9.01105
9.01105
9.01105
9.01105
9.01105
9.01105
9.01105
9.01105
8.54695
8.54695
8.54695
8.54695
8.54695
8.54695
8.54695
8.54695
8.19493
8.19493
8.19493
8.19493
8.19493
8.19493
8.19493
8.19493
7.9632
7.9632
7.9632
7.9632
7.9632
7.9632
7.9632
7.9632
7.85914
7.85914
7.85914
7.85914
7.85914
7.85914
7.85914
7.85914
7.89053
7.89053
7.89053
7.89053
7.89053
7.89053
7.89053
7.89053
8.06631
8.06631
8.06631
8.06631
8.06631
8.06631
8.06631
8.06631
8.39711
8.39711
8.39711
8.39711
8.39711
8.39711
8.39711
8.39711
8.89475
8.89475
8.89475
8.89475
8.89475
8.89475
8.89475
8.89475
9.57095
9.57095
9.57095
9.57095
9.57095
9.57095
9.57095
9.57095
10.435
10.435
10.435
10.435
10.435
10.435
10.435
10.435
11.4897
11.4897
11.4897
11.4897
11.4897
11.4897
11.4897
11.4897
12.7264
12.7264
12.7264
12.7264
12.7264
12.7264
12.7264
12.7264
14.1197
14.1197
14.1197
14.1197
14.1197
14.1197
14.1197
14.1197
15.6218
15.6218
15.6218
15.6218
15.6218
15.6218
15.6218
15.6218
9.57635
9.57635
9.57635
9.57635
9.57635
9.57635
9.57635
9.57635
9.01105
9.01105
9.01105
9.01105
9.01105
9.01105
9.01105
9.01105
8.54695
8.54695
8.54695
8.54695
8.54695
8.54695
8.54695
8.54695
8.19493
8.19493
8.19493
8.19493
8.19493
8.19493
8.19493
8.19493
7.9632
7.9632
7.9632
7.9632
7.9632
7.9632
7.9632
7.9632
7.85914
7.85914
7.85914
7.85914
7.85914
7.85914
7.85914
7.85914
7.89053
7.89053
7.89053
7.89053
7.89053
7.89053
7.89053
7.89053
8.06631
8.06631
8.06631
8.06631
8.06631
8.06631
8.06631
8.06631
8.39711
8.39711
8.39711
8.39711
8.39711
8.39711
8.39711
8.39711
8.89475
8.89475
8.89475
8.89475
8.89475
8.89475
8.89475
8.89475
9.57095
9.57095
9.57095
9.57095
9.57095
9.57095
9.57095
9.57095
10.435
10.435
10.435
10.435
10.435
10.435
10.435
10.435
11.4897
11.4897
11.4897
11.4897
11.4897
11.4897
11.4897
11.4897
12.7264
12.7264
12.7264
12.7264
12.7264
12.7264
12.7264
12.7264
14.1197
14.1197
14.1197
14.1197
14.1197
14.1197
14.1197
14.1197
15.6218
15.6218
15.6218
15.6218
15.6218
15.6218
15.6218
15.6218
9.57635
9.57635
9.57635
9.57635
9.57635
9.57635
9.57635
9.57635
9.01105
9.01105
9.01105
9.01105
9.01105
9.01105
9.01105
9.01105
8.54695
8.54695
8.54695
8.54695
8.54695
8.54695
8.54695
8.54695
8.19493
8.19493
8.19493
8.19493
8.19493
8.19493
8.19493
8.19493
7.9632
7.9632
7.9632
7.9632
7.9632
7.9632
7.9632
7.9632
7.85914
7.85914
7.85914
7.85914
7.85914
7.85914
7.85914
7.85914
7.89053
7.89053
7.89053
7.89053
7.89053
7.89053
7.89053
7.89053
8.06631
8.06631
8.06631
8.06631
8.06631
8.06631
8.06631
8.06631
8.39711
8.39711
8.39711
8.39711
8.39711
8.39711
8.39711
8.39711
8.89475
8.89475
8.89475
8.89475
8.89475
8.89475
8.89475
8.89475
9.57095
9.57095
9.57095
9.57095
9.57095
9.57095
9.57095
9.57095
10.435
10.435
10.435
10.435
10.435
10.435
10.435
10.435
11.4897
11.4897
11.4897
11.4897
11.4897
11.4897
11.4897
11.4897
12.7264
12.7264
12.7264
12.7264
12.7264
12.7264
12.7264
12.7264
14.1197
14.1197
14.1197
14.1197
14.1197
14.1197
14.1197
14.1197
15.6218
15.6218
15.6218
15.6218
15.6218
15.6218
15.6218
15.6218
9.57635
9.57635
9.57635
9.57635
9.57635
9.57635
9.57635
9.57635
9.01105
9.01105
9.01105
9.01105
9.01105
9.01105
9.01105
9.01105
8.54695
8.54695
8.54695
8.54695
8.54695
8.54695
8.54695
8.54695
8.19493
8.19493
8.19493
8.19493
8.19493
8.19493
8.19493
8.19493
7.9632
7.9632
7.9632
7.9632
7.9632
7.9632
7.9632
7.9632
7.85914
7.85914
7.85914
7.85914
7.85914
7.85914
7.85914
7.85914
7.89053
7.89053
7.89053
7.89053
7.89053
7.89053
7.89053
7.89053
8.06631
8.06631
8.06631
8.06631
8.06631
8.06631
8.06631
8.06631
8.39711
8.39711
8.39711
8.39711
8.39711
8.39711
8.39711
8.39711
8.89475
8.89475
8.89475
8.89475
8.89475
8.89475
8.89475
8.89475
9.57095
9.57095
9.57095
9.57095
9.57095
9.57095
9.57095
9.57095
10.435
10.435
10.435
10.435
10.435
10.435
10.435
10.435
11.4897
11.4897
11.4897
11.4897
11.4897
11.4897
11.4897
11.4897
12.7264
12.7264
12.7264
12.7264
12.7264
12.7264
12.7264
12.7264
14.1197
14.1197
14.1197
14.1197
14.1197
14.1197
14.1197
14.1197
15.6218
15.6218
15.6218
15.6218
15.6218
15.6218
15.6218
15.6218
9.55077
9.55077
9.55077
9.55077
9.55077
9.55077
9.55077
9.55077
8.95885
8.95885
8.95885
8.95885
8.95885
8.95885
8.95885
8.95885
8.47048
8.47048
8.47048
8.47048
8.47048
8.47048
8.47048
8.47048
8.0964
8.0964
8.0964
8.0964
8.0964
8.0964
8.0964
8.0964
7.84455
7.84455
7.84455
7.84455
7.84455
7.84455
7.84455
7.84455
7.72203
7.72203
7.72203
7.72203
7.72203
7.72203
7.72203
7.72203
7.73642
7.73642
7.73642
7.73642
7.73642
7.73642
7.73642
7.73642
7.89694
7.89694
7.89694
7.89694
7.89694
7.89694
7.89694
7.89694
8.21483
8.21483
8.21483
8.21483
8.21483
8.21483
8.21483
8.21483
8.70312
8.70312
8.70312
8.70312
8.70312
8.70312
8.70312
8.70312
9.37592
9.37592
9.37592
9.37592
9.37592
9.37592
9.37592
9.37592
10.2458
10.2458
10.2458
10.2458
10.2458
10.2458
10.2458
10.2458
11.3202
11.3202
11.3202
11.3202
11.3202
11.3202
11.3202
11.3202
12.5964
12.5964
12.5964
12.5964
12.5964
12.5964
12.5964
12.5964
14.0552
14.0552
14.0552
14.0552
14.0552
14.0552
14.0552
14.0552
15.6552
15.6552
15.6552
15.6552
15.6552
15.6552
15.6552
15.6552
9.55077
9.55077
9.55077
9.55077
9.55077
9.55077
9.55077
9.55077
8.95885
8.95885
8.95885
8.95885
8.95885
8.95885
8.95885
8.95885
8.47048
8.47048
8.47048
8.47048
8.47048
8.47048
8.47048
8.47048
8.0964
8.0964
8.0964
8.0964
8.0964
8.0964
8.0964
8.0964
7.84455
7.84455
7.84455
7.84455
7.84455
7.84455
7.84455
7.84455
7.72203
7.72203
7.72203
7.72203
7.72203
7.72203
7.72203
7.72203
7.73642
7.73642
7.73642
7.73642
7.73642
7.73642
7.73642
7.73642
7.89694
7.89694
7.89694
7.89694
7.89694
7.89694
7.89694
7.89694
8.21483
8.21483
8.21483
8.21483
8.21483
8.21483
8.21483
8.21483
8.70312
8.70312
8.70312
8.70312
8.70312
8.70312
8.70312
8.70312
9.37592
9.37592
9.37592
9.37592
9.37592
9.37592
9.37592
9.37592
10.2458
10.2458
10.2458
10.2458
10.2458
10.2458
10.2458
10.2458
11.3202
11.3202
11.3202
11.3202
11.3202
11.3202
11.3202
11.3202
12.5964
12.5964
12.5964
12.5964
12.5964
12.5964
12.5964
12.5964
14.0552
14.0552
14.0552
14.0552
14.0552
14.0552
14.0552
14.0552
15.6552
15.6552
15.6552
15.6552
15.6552
15.6552
15.6552
15.6552
9.55077
9.55077
9.55077
9.55077
9.55077
9.55077
9.55077
9.55077
8.95885
8.95885
8.95885
8.95885
8.95885
8.95885
8.95885
8.95885
8.47048
8.47048
8.47048
8.47048
8.47048
8.47048
8.47048
8.47048
8.0964
8.0964
8.0964
8.0964
8.0964
8.0964
8.0964
8.0964
7.84455
7.84455
7.84455
7.84455
7.84455
7.84455
7.84455
7.84455
7.72203
7.72203
7.72203
7.72203
7.72203
7.72203
7.72203
7.72203
7.73642
7.73642
7.73642
7.73642
7.73642
7.73642
7.73642
7.73642
7.89694
7.89694
7.89694
7.89694
7.89694
7.89694
7.89694
7.89694
8.21483
8.21483
8.21483
8.21483
8.21483
8.21483
8.21483
8.21483
8.70312
8.70312
8.70312
8.70312
8.70312
8.70312
8.70312
8.70312
9.37592
9.37592
9.37592
9.37592
9.37592
9.37592
9.37592
9.37592
10.2458
10.2458
10.2458
10.2458
10.2458
10.2458
10.2458
10.2458
11.3202
11.3202
11.3202
11.3202
11.3202
11.3202
11.3202
11.3202
12.5964
12.5964
12.5964
12.5964
12.5964
12.5964
12.5964
12.5964
14.0552
14.0552
14.0552
14.0552
14.0552
14.0552
14.0552
14.0552
15.6552
15.6552
15.6552
15.6552
15.6552
15.6552
15.6552
15.6552
9.55077
9.55077
9.55077
9.55077
9.55077
9.55077
9.55077
9.55077
8.95885
8.95885
8.95885
8.95885
8.95885
8.95885
8.95885
8.95885
8.47048
8.47048
8.47048
8.47048
8.47048
8.47048
8.47048
8.47048
8.0964
8.0964
8.0964
8.0964
8.0964
8.0964
8.0964
8.0964
7.84455
7.84455
7.84455
7.84455
7.84455
7.84455
7.84455
7.84455
7.72203
7.72203
7.72203
7.72203
7.72203
7.72203
7.72203
7.72203
7.73642
7.73642
7.73642
7.73642
7.73642
7.73642
7.73642
7.73642
7.89694
7.89694
7.89694
7.89694
7.89694
7.89694
7.89694
7.89694
8.21483
8.21483
8.21483
8.21483
8.21483
8.21483
8.21483
8.21483
8.70312
8.70312
8.70312
8.70312
8.70312
8.70312
8.70312
8.70312
9.37592
9.37592
9.37592
9.37592
9.37592
9.37592
9.37592
9.37592
10.2458
10.2458
10.2458
10.2458
10.2458
10.2458
10.2458
10.2458
11.3202
11.3202
11.3202
11.3202
11.3202
11.3202
11.3202
11.3202
12.5964
12.5964
12.5964
12.5964
12.5964
12.5964
12.5964
12.5964
14.0552
14.0552
14.0552
14.0552
14.0552
14.0552
14.0552
14.0552
15.6552
15.6552
15.6552
15.6552
15.6552
15.6552
15.6552
15.6552
9.63591
9.63591
9.63591
9.63591
9.63591
9.63591
9.63591
9.63591
9.01442
9.01442
9.01442
9.01442
9.01442
9.01442
9.01442
9.01442
8.49766
8.49766
8.49766
8.49766
8.49766
8.49766
8.49766
8.49766
8.09651
8.09651
8.09651
8.09651
8.09651
8.09651
8.09651
8.09651
7.81899
7.81899
7.81899
7.81899
7.81899
7.81899
7.81899
7.81899
7.67212
7.67212
7.67212
7.67212
7.67212
7.67212
7.67212
7.67212
7.66344
7.66344
7.66344
7.66344
7.66344
7.66344
7.66344
7.66344
7.8023
7.8023
7.8023
7.8023
7.8023
7.8023
7.8023
7.8023
8.10027
8.10027
8.10027
8.10027
8.10027
8.10027
8.10027
8.10027
8.57149
8.57149
8.57149
8.57149
8.57149
8.57149
8.57149
8.57149
9.2317
9.2317
9.2317
9.2317
9.2317
9.2317
9.2317
9.2317
10.0963
10.0963
10.0963
10.0963
10.0963
10.0963
10.0963
10.0963
11.1769
11.1769
11.1769
11.1769
11.1769
11.1769
11.1769
11.1769
12.4762
12.4762
12.4762
12.4762
12.4762
12.4762
12.4762
12.4762
13.9814
13.9814
13.9814
13.9814
13.9814
13.9814
13.9814
13.9814
15.6577
15.6577
15.6577
15.6577
15.6577
15.6577
15.6577
15.6577
9.63591
9.63591
9.63591
9.63591
9.63591
9.63591
9.63591
9.63591
9.01442
9.01442
9.01442
9.01442
9.01442
9.01442
9.01442
9.01442
8.49766
8.49766
8.49766
8.49766
8.49766
8.49766
8.49766
8.49766
8.09651
8.09651
8.09651
8.09651
8.09651
8.09651
8.09651
8.09651
7.81899
7.81899
7.81899
7.81899
7.81899
7.81899
7.81899
7.81899
7.67212
7.67212
7.67212
7.67212
7.67212
7.67212
7.67212
7.67212
7.66344
7.66344
7.66344
7.66344
7.66344
7.66344
7.66344
7.66344
7.8023
7.8023
7.8023
7.8023
7.8023
7.8023
7.8023
7.8023
8.10027
8.10027
8.10027
8.10027
8.10027
8.10027
8.10027
8.10027
8.57149
8.57149
8.57149
8.57149
8.57149
8.57149
8.57149
8.57149
9.2317
9.2317
9.2317
9.2317
9.2317
9.2317
9.2317
9.2317
10.0963
10.0963
10.0963
10.0963
10.0963
10.0963
10.0963
10.0963
11.1769
11.1769
11.1769
11.1769
11.1769
11.1769
11.1769
11.1769
12.4762
12.4762
12.4762
12.4762
12.4762
12.4762
12.4762
12.4762
13.9814
13.9814
13.9814
13.9814
13.9814
13.9814
13.9814
13.9814
15.6577
15.6577
15.6577
15.6577
15.6577
15.6577
15.6577
15.6577
9.63591
9.63591
9.63591
9.63591
9.63591
9.63591
9.63591
9.63591
9.01442
9.01442
9.01442
9.01442
9.01442
9.01442
9.01442
9.01442
8.49766
8.49766
8.49766
8.49766
8.49766
8.49766
8.49766
8.49766
8.09651
8.09651
8.09651
8.09651
8.09651
8.09651
8.09651
8.09651
7.81899
7.81899
7.81899
7.81899
7.81899
7.81899
7.81899
7.81899
7.67212
7.67212
7.67212
7.67212
7.67212
7.67212
7.67212
7.67212
7.66344
7.66344
7.66344
7.66344
7.66344
7.66344
7.66344
7.66344
7.8023
7.8023
7.8023
7.8023
7.8023
7.8023
7.8023
7.8023
8.10027
8.10027
8.10027
8.10027
8.10027
8.10027
8.10027
8.10027
8.57149
8.57149
8.57149
8.57149
8.57149
8.57149
8.57149
8.57149
9.2317
9.2317
9.2317
9.2317
9.2317
9.2317
9.2317
9.2317
10.0963
10.0963
10.0963
10.0963
10.0963
10.0963
10.0963
10.0963
11.1769
11.1769
11.1769
11.1769
11.1769
11.1769
11.1769
11.1769
12.4762
12.4762
12.4762
12.4762
12.4762
12.4762
12.4762
12.4762
13.9814
13.9814
13.9814
13.9814
13.9814
13.9814
13.9814
13.9814
15.6577
15.6577
15.6577
15.6577
15.6577
15.6577
15.6577
15.6577
9.63591
9.63591
9.63591
9.63591
9.63591
9.63591
9.63591
9.63591
9.01442
9.01442
9.01442
9.01442
9.01442
9.01442
9.01442
9.01442
8.49766
8.49766
8.49766
8.49766
8.49766
8.49766
8.49766
8.49766
8.09651
8.09651
8.09651
8.09651
8.09651
8.09651
8.09651
8.09651
7.81899
7.81899
7.81899
7.81899
7.81899
7.81899
7.81899
7.81899
7.67212
7.67212
7.67212
7.67212
7.67212
7.67212
7.67212
7.67212
7.66344
7.66344
7.66344
7.66344
7.66344
7.66344
7.66344
7.66344
7.8023
7.8023
7.8023
7.8023
7.8023
7.8023
7.8023
7.8023
8.10027
8.10027
8.10027
8.10027
8.10027
8.10027
8.10027
8.10027
8.57149
8.57149
8.57149
8.57149
8.57149
8.57149
8.57149
8.57149
9.2317
9.2317
9.2317
9.2317
9.2317
9.2317
9.2317
9.2317
10.0963
10.0963
10.0963
10.0963
10.0963
10.0963
10.0963
10.0963
11.1769
11.1769
11.1769
11.1769
11.1769
11.1769
11.1769
11.1769
12.4762
12.4762
12.4762
12.4762
12.4762
12.4762
12.4762
12.4762
13.9814
13.9814
13.9814
13.9814
13.9814
13.9814
13.9814
13.9814
15.6577
15.6577
15.6577
15.6577
15.6577
15.6577
15.6577
15.6577
9.84232
9.84232
9.84232
9.84232
9.84232
9.84232
9.84232
9.84232
9.18794
9.18794
9.18794
9.18794
9.18794
9.18794
9.18794
9.18794
8.63817
8.63817
8.63817
8.63817
8.63817
8.63817
8.63817
8.63817
8.20459
8.20459
8.20459
8.20459
8.20459
8.20459
8.20459
8.20459
7.89565
7.89565
7.89565
7.89565
7.89565
7.89565
7.89565
7.89565
7.71857
7.71857
7.71857
7.71857
7.71857
7.71857
7.71857
7.71857
7.68113
7.68113
7.68113
7.68113
7.68113
7.68113
7.68113
7.68113
7.79268
7.79268
7.79268
7.79268
7.79268
7.79268
7.79268
7.79268
8.06516
8.06516
8.06516
8.06516
8.06516
8.06516
8.06516
8.06516
8.51327
8.51327
8.51327
8.51327
8.51327
8.51327
8.51327
8.51327
9.15406
9.15406
9.15406
9.15406
9.15406
9.15406
9.15406
9.15406
10.0053
10.0053
10.0053
10.0053
10.0053
10.0053
10.0053
10.0053
11.082
11.082
11.082
11.082
11.082
11.082
11.082
11.082
12.3917
12.3917
12.3917
12.3917
12.3917
12.3917
12.3917
12.3917
13.9276
13.9276
13.9276
13.9276
13.9276
13.9276
13.9276
13.9276
15.6613
15.6613
15.6613
15.6613
15.6613
15.6613
15.6613
15.6613
9.84232
9.84232
9.84232
9.84232
9.84232
9.84232
9.84232
9.84232
9.18794
9.18794
9.18794
9.18794
9.18794
9.18794
9.18794
9.18794
8.63817
8.63817
8.63817
8.63817
8.63817
8.63817
8.63817
8.63817
8.20459
8.20459
8.20459
8.20459
8.20459
8.20459
8.20459
8.20459
7.89565
7.89565
7.89565
7.89565
7.89565
7.89565
7.89565
7.89565
7.71857
7.71857
7.71857
7.71857
7.71857
7.71857
7.71857
7.71857
7.68113
7.68113
7.68113
7.68113
7.68113
7.68113
7.68113
7.68113
7.79268
7.79268
7.79268
7.79268
7.79268
7.79268
7.79268
7.79268
8.06516
8.06516
8.06516
8.06516
8.06516
8.06516
8.06516
8.06516
8.51327
8.51327
8.51327
8.51327
8.51327
8.51327
8.51327
8.51327
9.15406
9.15406
9.15406
9.15406
9.15406
9.15406
9.15406
9.15406
10.0053
10.0053
10.0053
10.0053
10.0053
10.0053
10.0053
10.0053
11.082
11.082
11.082
11.082
11.082
11.082
11.082
11.082
12.3917
12.3917
12.3917
12.3917
12.3917
12.3917
12.3917
12.3917
13.9276
13.9276
13.9276
13.9276
13.9276
13.9276
13.9276
13.9276
15.6613
15.6613
15.6613
15.6613
15.6613
15.6613
15.6613
15.6613
9.84232
9.84232
9.84232
9.84232
9.84232
9.84232
9.84232
9.84232
9.18794
9.18794
9.18794
9.18794
9.18794
9.18794
9.18794
9.18794
8.63817
8.63817
8.63817
8.63817
8.63817
8.63817
8.63817
8.63817
8.20459
8.20459
8.20459
8.20459
8.20459
8.20459
8.20459
8.20459
7.89565
7.89565
7.89565
7.89565
7.89565
7.89565
7.89565
7.89565
7.71857
7.71857
7.71857
7.71857
7.71857
7.71857
7.71857
7.71857
7.68113
7.68113
7.68113
7.68113
7.68113
7.68113
7.68113
7.68113
7.79268
7.79268
7.79268
7.79268
7.79268
7.79268
7.79268
7.79268
8.06516
8.06516
8.06516
8.06516
8.06516
8.06516
8.06516
8.06516
8.51327
8.51327
8.51327
8.51327
8.51327
8.51327
8.51327
8.51327
9.15406
9.15406
9.15406
9.15406
9.15406
9.15406
9.15406
9.15406
10.0053
10.0053
10.0053
10.0053
10.0053
10.0053
10.0053
10.0053
11.082
11.082
11.082
11.082
11.082
11.082
11.082
11.082
12.3917
12.3917
12.3917
12.3917
12.3917
12.3917
12.3917
12.3917
13.9276
13.9276
13.9276
13.9276
13.9276
13.9276
13.9276
13.9276
15.6613
15.6613
15.6613
15.6613
15.6613
15.6613
15.6613
15.6613
9.84232
9.84232
9.84232
9.84232
9.84232
9.84232
9.84232
9.84232
9.18794
9.18794
9.18794
9.18794
9.18794
9.18794
9.18794
9.18794
8.63817
8.63817
8.63817
8.63817
8.63817
8.63817
8.63817
8.63817
8.20459
8.20459
8.20459
8.20459
8.20459
8.20459
8.20459
8.20459
7.89565
7.89565
7.89565
7.89565
7.89565
7.89565
7.89565
7.89565
7.71857
7.71857
7.71857
7.71857
7.71857
7.71857
7.71857
7.71857
7.68113
7.68113
7.68113
7.68113
7.68113
7.68113
7.68113
7.68113
7.79268
7.79268
7.79268
7.79268
7.79268
7.79268
7.79268
7.79268
8.06516
8.06516
8.06516
8.06516
8.06516
8.06516
8.06516
8.06516
8.51327
8.51327
8.51327
8.51327
8.51327
8.51327
8.51327
8.51327
9.15406
9.15406
9.15406
9.15406
9.15406
9.15406
9.15406
9.15406
10.0053
10.0053
10.0053
10.0053
10.0053
10.0053
10.0053
10.0053
11.082
11.082
11.082
11.082
11.082
11.082
11.082
11.082
12.3917
12.3917
12.3917
12.3917
12.3917
12.3917
12.3917
12.3917
13.9276
13.9276
13.9276
13.9276
13.9276
13.9276
13.9276
13.9276
15.6613
15.6613
15.6613
15.6613
15.6613
15.6613
15.6613
15.6613
10.1836
10.1836
10.1836
10.1836
10.1836
10.1836
10.1836
10.1836
9.49259
9.49259
9.49259
9.49259
9.49259
9.49259
9.49259
9.49259
8.90473
8.90473
8.90473
8.90473
8.90473
8.90473
8.90473
8.90473
8.43276
8.43276
8.43276
8.43276
8.43276
8.43276
8.43276
8.43276
8.08607
8.08607
8.08607
8.08607
8.08607
8.08607
8.08607
8.08607
7.87267
7.87267
7.87267
7.87267
7.87267
7.87267
7.87267
7.87267
7.80069
7.80069
7.80069
7.80069
7.80069
7.80069
7.80069
7.80069
7.87968
7.87968
7.87968
7.87968
7.87968
7.87968
7.87968
7.87968
8.12179
8.12179
8.12179
8.12179
8.12179
8.12179
8.12179
8.12179
8.54217
8.54217
8.54217
8.54217
8.54217
8.54217
8.54217
8.54217
9.15887
9.15887
9.15887
9.15887
9.15887
9.15887
9.15887
9.15887
9.99122
9.99122
9.99122
9.99122
9.99122
9.99122
9.99122
9.99122
11.0572
11.0572
11.0572
11.0572
11.0572
11.0572
11.0572
11.0572
12.3684
12.3684
12.3684
12.3684
12.3684
12.3684
12.3684
12.3684
13.9235
13.9235
13.9235
13.9235
13.9235
13.9235
13.9235
13.9235
15.7001
15.7001
15.7001
15.7001
15.7001
15.7001
15.7001
15.7001
10.1836
10.1836
10.1836
10.1836
10.1836
10.1836
10.1836
10.1836
9.49259
9.49259
9.49259
9.49259
9.49259
9.49259
9.49259
9.49259
8.90473
8.90473
8.90473
8.90473
8.90473
8.90473
8.90473
8.90473
8.43276
8.43276
8.43276
8.43276
8.43276
8.43276
8.43276
8.43276
8.08607
8.08607
8.08607
8.08607
8.08607
8.08607
8.08607
8.08607
7.87267
7.87267
7.87267
7.87267
7.87267
7.87267
7.87267
7.87267
7.80069
7.80069
7.80069
7.80069
7.80069
7.80069
7.80069
7.80069
7.87968
7.87968
7.87968
7.87968
7.87968
7.87968
7.87968
7.87968
8.12179
8.12179
8.12179
8.12179
8.12179
8.12179
8.12179
8.12179
8.54217
8.54217
8.54217
8.54217
8.54217
8.54217
8.54217
8.54217
9.15887
9.15887
9.15887
9.15887
9.15887
9.15887
9.15887
9.15887
9.99122
9.99122
9.99122
9.99122
9.99122
9.99122
9.99122
9.99122
11.0572
11.0572
11.0572
11.0572
11.0572
11.0572
11.0572
11.0572
12.3684
12.3684
12.3684
12.3684
12.3684
12.3684
12.3684
12.3684
13.9235
13.9235
13.9235
13.9235
13.9235
13.9235
13.9235
13.9235
15.7001
15.7001
15.7001
15.7001
15.7001
15.7001
15.7001
15.7001
10.1836
10.1836
10.1836
10.1836
10.1836
10.1836
10.1836
10.1836
9.49259
9.49259
9.49259
9.49259
9.49259
9.49259
9.49259
9.49259
8.90473
8.90473
8.90473
8.90473
8.90473
8.90473
8.90473
8.90473
8.43276
8.43276
8.43276
8.43276
8.43276
8.43276
8.43276
8.43276
8.08607
8.08607
8.08607
8.08607
8.08607
8.08607
8.08607
8.08607
7.87267
7.87267
7.87267
7.87267
7.87267
7.87267
7.87267
7.87267
7.80069
7.80069
7.80069
7.80069
7.80069
7.80069
7.80069
7.80069
7.87968
7.87968
7.87968
7.87968
7.87968
7.87968
7.87968
7.87968
8.12179
8.12179
8.12179
8.12179
8.12179
8.12179
8.12179
8.12179
8.54217
8.54217
8.54217
8.54217
8.54217
8.54217
8.54217
8.54217
9.15887
9.15887
9.15887
9.15887
9.15887
9.15887
9.15887
9.15887
9.99122
9.99122
9.99122
9.99122
9.99122
9.99122
9.99122
9.99122
11.0572
11.0572
11.0572
11.0572
11.0572
11.0572
11.0572
11.0572
12.3684
12.3684
12.3684
12.3684
12.3684
12.3684
12.3684
12.3684
13.9235
13.9235
13.9235
13.9235
13.9235
13.9235
13.9235
13.9235
15.7001
15.7001
15.7001
15.7001
15.7001
15.7001
15.7001
15.7001
10.1836
10.1836
10.1836
10.1836
10.1836
10.1836
10.1836
10.1836
9.49259
9.49259
9.49259
9.49259
9.49259
9.49259
9.49259
9.49259
8.90473
8.90473
8.90473
8.90473
8.90473
8.90473
8.90473
8.90473
8.43276
8.43276
8.43276
8.43276
8.43276
8.43276
8.43276
8.43276
8.08607
8.08607
8.08607
8.08607
8.08607
8.08607
8.08607
8.08607
7.87267
7.87267
7.87267
7.87267
7.87267
7.87267
7.87267
7.87267
7.80069
7.80069
7.80069
7.80069
7.80069
7.80069
7.80069
7.80069
7.87968
7.87968
7.87968
7.87968
7.87968
7.87968
7.87968
7.87968
8.12179
8.12179
8.12179
8.12179
8.12179
8.12179
8.12179
8.12179
8.54217
8.54217
8.54217
8.54217
8.54217
8.54217
8.54217
8.54217
9.15887
9.15887
9.15887
9.15887
9.15887
9.15887
9.15887
9.15887
9.99122
9.99122
9.99122
9.99122
9.99122
9.99122
9.99122
9.99122
11.0572
11.0572
11.0572
11.0572
11.0572
11.0572
11.0572
11.0572
12.3684
12.3684
12.3684
12.3684
12.3684
12.3684
12.3684
12.3684
13.9235
13.9235
13.9235
13.9235
13.9235
13.9235
13.9235
13.9235
15.7001
15.7001
15.7001
15.7001
15.7001
15.7001
15.7001
15.7001
10.6769
10.6769
10.6769
10.6769
10.6769
10.6769
10.6769
10.6769
9.94549
9.94549
9.94549
9.94549
9.94549
9.94549
9.94549
9.94549
9.31387
9.31387
9.31387
9.31387
9.31387
9.31387
9.31387
9.31387
8.7968
8.7968
8.7968
8.7968
8.7968
8.7968
8.7968
8.7968
8.40531
8.40531
8.40531
8.40531
8.40531
8.40531
8.40531
8.40531
8.14872
8.14872
8.14872
8.14872
8.14872
8.14872
8.14872
8.14872
8.03591
8.03591
8.03591
8.03591
8.03591
8.03591
8.03591
8.03591
8.07693
8.07693
8.07693
8.07693
8.07693
8.07693
8.07693
8.07693
8.28414
8.28414
8.28414
8.28414
8.28414
8.28414
8.28414
8.28414
8.67304
8.67304
8.67304
8.67304
8.67304
8.67304
8.67304
8.67304
9.26227
9.26227
9.26227
9.26227
9.26227
9.26227
9.26227
9.26227
10.0725
10.0725
10.0725
10.0725
10.0725
10.0725
10.0725
10.0725
11.124
11.124
11.124
11.124
11.124
11.124
11.124
11.124
12.4317
12.4317
12.4317
12.4317
12.4317
12.4317
12.4317
12.4317
13.9989
13.9989
13.9989
13.9989
13.9989
13.9989
13.9989
13.9989
15.8086
15.8086
15.8086
15.8086
15.8086
15.8086
15.8086
15.8086
10.6769
10.6769
10.6769
10.6769
10.6769
10.6769
10.6769
10.6769
9.94549
9.94549
9.94549
9.94549
9.94549
9.94549
9.94549
9.94549
9.31387
9.31387
9.31387
9.31387
9.31387
9.31387
9.31387
9.31387
8.7968
8.7968
8.7968
8.7968
8.7968
8.7968
8.7968
8.7968
8.40531
8.40531
8.40531
8.40531
8.40531
8.40531
8.40531
8.40531
8.14872
8.14872
8.14872
8.14872
8.14872
8.14872
8.14872
8.14872
8.03591
8.03591
8.03591
8.03591
8.03591
8.03591
8.03591
8.03591
8.07693
8.07693
8.07693
8.07693
8.07693
8.07693
8.07693
8.07693
8.28414
8.28414
8.28414
8.28414
8.28414
8.28414
8.28414
8.28414
8.67304
8.67304
8.67304
8.67304
8.67304
8.67304
8.67304
8.67304
9.26227
9.26227
9.26227
9.26227
9.26227
9.26227
9.26227
9.26227
10.0725
10.0725
10.0725
10.0725
10.0725
10.0725
10.0725
10.0725
11.124
11.124
11.124
11.124
11.124
11.124
11.124
11.124
12.4317
12.4317
12.4317
12.4317
12.4317
12.4317
12.4317
12.4317
13.9989
13.9989
13.9989
13.9989
13.9989
13.9989
13.9989
13.9989
15.8086
15.8086
15.8086
15.8086
15.8086
15.8086
15.8086
15.8086
10.6769
10.6769
10.6769
10.6769
10.6769
10.6769
10.6769
10.6769
9.94549
9.94549
9.94549
9.94549
9.94549
9.94549
9.94549
9.94549
9.31387
9.31387
9.31387
9.31387
9.31387
9.31387
9.31387
9.31387
8.7968
8.7968
8.7968
8.7968
8.7968
8.7968
8.7968
8.7968
8.40531
8.40531
8.40531
8.40531
8.40531
8.40531
8.40531
8.40531
8.14872
8.14872
8.14872
8.14872
8.14872
8.14872
8.14872
8.14872
8.03591
8.03591
8.03591
8.03591
8.03591
8.03591
8.03591
8.03591
8.07693
8.07693
8.07693
8.07693
8.07693
8.07693
8.07693
8.07693
8.28414
8.28414
8.28414
8.28414
8.28414
8.28414
8.28414
8.28414
8.67304
8.67304
8.67304
8.67304
8.67304
8.67304
8.67304
8.67304
9.26227
9.26227
9.26227
9.26227
9.26227
9.26227
9.26227
9.26227
10.0725
10.0725
10.0725
10.0725
10.0725
10.0725
10.0725
10.0725
11.124
11.124
11.124
11.124
11.124
11.124
11.124
11.124
12.4317
12.4317
12.4317
12.4317
12.4317
12.4317
12.4317
12.4317
13.9989
13.9989
13.9989
13.9989
13.9989
13.9989
13.9989
13.9989
15.8086
15.8086
15.8086
15.8086
15.8086
15.8086
15.8086
15.8086
10.6769
10.6769
10.6769
10.6769
10.6769
10.6769
10.6769
10.6769
9.94549
9.94549
9.94549
9.94549
9.94549
9.94549
9.94549
9.94549
9.31387
9.31387
9.31387
9.31387
9.31387
9.31387
9.31387
9.31387
8.7968
8.7968
8.7968
8.7968
8.7968
8.7968
8.7968
8.7968
8.40531
8.40531
8.40531
8.40531
8.40531
8.40531
8.40531
8.40531
8.14872
8.14872
8.14872
8.14872
8.14872
8.14872
8.14872
8.14872
8.03591
8.03591
8.03591
8.03591
8.03591
8.03591
8.03591
8.03591
8.07693
8.07693
8.07693
8.07693
8.07693
8.07693
8.07693
8.07693
8.28414
8.28414
8.28414
8.28414
8.28414
8.28414
8.28414
8.28414
8.67304
8.67304
8.67304
8.67304
8.67304
8.67304
8.67304
8.67304
9.26227
9.26227
9.26227
9.26227
9.26227
9.26227
9.26227
9.26227
10.0725
10.0725
10.0725
10.0725
10.0725
10.0725
10.0725
10.0725
11.124
11.124
11.124
11.124
11.124
11.124
11.124
11.124
12.4317
12.4317
12.4317
12.4317
12.4317
12.4317
12.4317
12.4317
13.9989
13.9989
13.9989
13.9989
13.9989
13.9989
13.9989
13.9989
15.8086
15.8086
15.8086
15.8086
15.8086
15.8086
15.8086
15.8086
11.3442
11.3442
11.3442
11.3442
11.3442
11.3442
11.3442
11.3442
10.5685
10.5685
10.5685
10.5685
10.5685
10.5685
10.5685
10.5685
9.88707
9.88707
9.88707
9.88707
9.88707
9.88707
9.88707
9.88707
9.31732
9.31732
9.31732
9.31732
9.31732
9.31732
9.31732
9.31732
8.8729
8.8729
8.8729
8.8729
8.8729
8.8729
8.8729
8.8729
8.56508
8.56508
8.56508
8.56508
8.56508
8.56508
8.56508
8.56508
8.40423
8.40423
8.40423
8.40423
8.40423
8.40423
8.40423
8.40423
8.40116
8.40116
8.40116
8.40116
8.40116
8.40116
8.40116
8.40116
8.56869
8.56869
8.56869
8.56869
8.56869
8.56869
8.56869
8.56869
8.9226
8.9226
8.9226
8.9226
8.9226
8.9226
8.9226
8.9226
9.48198
9.48198
9.48198
9.48198
9.48198
9.48198
9.48198
9.48198
10.2685
10.2685
10.2685
10.2685
10.2685
10.2685
10.2685
10.2685
11.3042
11.3042
11.3042
11.3042
11.3042
11.3042
11.3042
11.3042
12.6067
12.6067
12.6067
12.6067
12.6067
12.6067
12.6067
12.6067
14.1832
14.1832
14.1832
14.1832
14.1832
14.1832
14.1832
14.1832
16.0211
16.0211
16.0211
16.0211
16.0211
16.0211
16.0211
16.0211
11.3442
11.3442
11.3442
11.3442
11.3442
11.3442
11.3442
11.3442
10.5685
10.5685
10.5685
10.5685
10.5685
10.5685
10.5685
10.5685
9.88707
9.88707
9.88707
9.88707
9.88707
9.88707
9.88707
9.88707
9.31732
9.31732
9.31732
9.31732
9.31732
9.31732
9.31732
9.31732
8.8729
8.8729
8.8729
8.8729
8.8729
8.8729
8.8729
8.8729
8.56508
8.56508
8.56508
8.56508
8.56508
8.56508
8.56508
8.56508
8.40423
8.40423
8.40423
8.40423
8.40423
8.40423
8.40423
8.40423
8.40116
8.40116
8.40116
8.40116
8.40116
8.40116
8.40116
8.40116
8.56869
8.56869
8.56869
8.56869
8.56869
8.56869
8.56869
8.56869
8.9226
8.9226
8.9226
8.9226
8.9226
8.9226
8.9226
8.9226
9.48198
9.48198
9.48198
9.48198
9.48198
9.48198
9.48198
9.48198
10.2685
10.2685
10.2685
10.2685
10.2685
10.2685
10.2685
10.2685
11.3042
11.3042
11.3042
11.3042
11.3042
11.3042
11.3042
11.3042
12.6067
12.6067
12.6067
12.6067
12.6067
12.6067
12.6067
12.6067
14.1832
14.1832
14.1832
14.1832
14.1832
14.1832
14.1832
14.1832
16.0211
16.0211
16.0211
16.0211
16.0211
16.0211
16.0211
16.0211
11.3442
11.3442
11.3442
11.3442
11.3442
11.3442
11.3442
11.3442
10.5685
10.5685
10.5685
10.5685
10.5685
10.5685
10.5685
10.5685
9.88707
9.88707
9.88707
9.88707
9.88707
9.88707
9.88707
9.88707
9.31732
9.31732
9.31732
9.31732
9.31732
9.31732
9.31732
9.31732
8.8729
8.8729
8.8729
8.8729
8.8729
8.8729
8.8729
8.8729
8.56508
8.56508
8.56508
8.56508
8.56508
8.56508
8.56508
8.56508
8.40423
8.40423
8.40423
8.40423
8.40423
8.40423
8.40423
8.40423
8.40116
8.40116
8.40116
8.40116
8.40116
8.40116
8.40116
8.40116
8.56869
8.56869
8.56869
8.56869
8.56869
8.56869
8.56869
8.56869
8.9226
8.9226
8.9226
8.9226
8.9226
8.9226
8.9226
8.9226
9.48198
9.48198
9.48198
9.48198
9.48198
9.48198
9.48198
9.48198
10.2685
10.2685
10.2685
10.2685
10.2685
10.2685
10.2685
10.2685
11.3042
11.3042
11.3042
11.3042
11.3042
11.3042
11.3042
11.3042
12.6067
12.6067
12.6067
12.6067
12.6067
12.6067
12.6067
12.6067
14.1832
14.1832
14.1832
14.1832
14.1832
14.1832
14.1832
14.1832
16.0211
16.0211
16.0211
16.0211
16.0211
16.0211
16.0211
16.0211
11.3442
11.3442
11.3442
11.3442
11.3442
11.3442
11.3442
11.3442
10.5685
10.5685
10.5685
10.5685
10.5685
10.5685
10.5685
10.5685
9.88707
9.88707
9.88707
9.88707
9.88707
9.88707
9.88707
9.88707
9.31732
9.31732
9.31732
9.31732
9.31732
9.31732
9.31732
9.31732
8.8729
8.8729
8.8729
8.8729
8.8729
8.8729
8.8729
8.8729
8.56508
8.56508
8.56508
8.56508
8.56508
8.56508
8.56508
8.56508
8.40423
8.40423
8.40423
8.40423
8.40423
8.40423
8.40423
8.40423
8.40116
8.40116
8.40116
8.40116
8.40116
8.40116
8.40116
8.40116
8.56869
8.56869
8.56869
8.56869
8.56869
8.56869
8.56869
8.56869
8.9226
8.9226
8.9226
8.9226
8.9226
8.9226
8.9226
8.9226
9.48198
9.48198
9.48198
9.48198
9.48198
9.48198
9.48198
9.48198
10.2685
10.2685
10.2685
10.2685
10.2685
10.2685
10.2685
10.2685
11.3042
11.3042
11.3042
11.3042
11.3042
11.3042
11.3042
11.3042
12.6067
12.6067
12.6067
12.6067
12.6067
12.6067
12.6067
12.6067
14.1832
14.1832
14.1832
14.1832
14.1832
14.1832
14.1832
14.1832
16.0211
16.0211
16.0211
16.0211
16.0211
16.0211
16.0211
16.0211
12.2126
12.2126
12.2126
12.2126
12.2126
12.2126
12.2126
12.2126
11.3892
11.3892
11.3892
11.3892
11.3892
11.3892
11.3892
11.3892
10.6516
10.6516
10.6516
10.6516
10.6516
10.6516
10.6516
10.6516
10.0207
10.0207
10.0207
10.0207
10.0207
10.0207
10.0207
10.0207
9.51392
9.51392
9.51392
9.51392
9.51392
9.51392
9.51392
9.51392
9.14548
9.14548
9.14548
9.14548
9.14548
9.14548
9.14548
9.14548
8.92789
8.92789
8.92789
8.92789
8.92789
8.92789
8.92789
8.92789
8.87339
8.87339
8.87339
8.87339
8.87339
8.87339
8.87339
8.87339
8.99556
8.99556
8.99556
8.99556
8.99556
8.99556
8.99556
8.99556
9.31063
9.31063
9.31063
9.31063
9.31063
9.31063
9.31063
9.31063
9.83809
9.83809
9.83809
9.83809
9.83809
9.83809
9.83809
9.83809
10.6004
10.6004
10.6004
10.6004
10.6004
10.6004
10.6004
10.6004
11.6207
11.6207
11.6207
11.6207
11.6207
11.6207
11.6207
11.6207
12.9192
12.9192
12.9192
12.9192
12.9192
12.9192
12.9192
12.9192
14.506
14.506
14.506
14.506
14.506
14.506
14.506
14.506
16.3721
16.3721
16.3721
16.3721
16.3721
16.3721
16.3721
16.3721
12.2126
12.2126
12.2126
12.2126
12.2126
12.2126
12.2126
12.2126
11.3892
11.3892
11.3892
11.3892
11.3892
11.3892
11.3892
11.3892
10.6516
10.6516
10.6516
10.6516
10.6516
10.6516
10.6516
10.6516
10.0207
10.0207
10.0207
10.0207
10.0207
10.0207
10.0207
10.0207
9.51392
9.51392
9.51392
9.51392
9.51392
9.51392
9.51392
9.51392
9.14548
9.14548
9.14548
9.14548
9.14548
9.14548
9.14548
9.14548
8.92789
8.92789
8.92789
8.92789
8.92789
8.92789
8.92789
8.92789
8.87339
8.87339
8.87339
8.87339
8.87339
8.87339
8.87339
8.87339
8.99556
8.99556
8.99556
8.99556
8.99556
8.99556
8.99556
8.99556
9.31063
9.31063
9.31063
9.31063
9.31063
9.31063
9.31063
9.31063
9.83809
9.83809
9.83809
9.83809
9.83809
9.83809
9.83809
9.83809
10.6004
10.6004
10.6004
10.6004
10.6004
10.6004
10.6004
10.6004
11.6207
11.6207
11.6207
11.6207
11.6207
11.6207
11.6207
11.6207
12.9192
12.9192
12.9192
12.9192
12.9192
12.9192
12.9192
12.9192
14.506
14.506
14.506
14.506
14.506
14.506
14.506
14.506
16.3721
16.3721
16.3721
16.3721
16.3721
16.3721
16.3721
16.3721
12.2126
12.2126
12.2126
12.2126
12.2126
12.2126
12.2126
12.2126
11.3892
11.3892
11.3892
11.3892
11.3892
11.3892
11.3892
11.3892
10.6516
10.6516
10.6516
10.6516
10.6516
10.6516
10.6516
10.6516
10.0207
10.0207
10.0207
10.0207
10.0207
10.0207
10.0207
10.0207
9.51392
9.51392
9.51392
9.51392
9.51392
9.51392
9.51392
9.51392
9.14548
9.14548
9.14548
9.14548
9.14548
9.14548
9.14548
9.14548
8.92789
8.92789
8.92789
8.92789
8.92789
8.92789
8.92789
8.92789
8.87339
8.87339
8.87339
8.87339
8.87339
8.87339
8.87339
8.87339
8.99556
8.99556
8.99556
8.99556
8.99556
8.99556
8.99556
8.99556
9.31063
9.31063
9.31063
9.31063
9.31063
9.31063
9.31063
9.31063
9.83809
9.83809
9.83809
9.83809
9.83809
9.83809
9.83809
9.83809
10.6004
10.6004
10.6004
10.6004
10.6004
10.6004
10.6004
10.6004
11.6207
11.6207
11.6207
11.6207
11.6207
11.6207
11.6207
11.6207
12.9192
12.9192
12.9192
12.9192
12.9192
12.9192
12.9192
12.9192
14.506
14.506
14.506
14.506
14.506
14.506
14.506
14.506
16.3721
16.3721
16.3721
16.3721
16.3721
16.3721
16.3721
16.3721
12.2126
12.2126
12.2126
12.2126
12.2126
12.2126
12.2126
12.2126
11.3892
11.3892
11.3892
11.3892
11.3892
11.3892
11.3892
11.3892
10.6516
10.6516
10.6516
10.6516
10.6516
10.6516
10.6516
10.6516
10.0207
10.0207
10.0207
10.0207
10.0207
10.0207
10.0207
10.0207
9.51392
9.51392
9.51392
9.51392
9.51392
9.51392
9.51392
9.51392
9.14548
9.14548
9.14548
9.14548
9.14548
9.14548
9.14548
9.14548
8.92789
8.92789
8.92789
8.92789
8.92789
8.92789
8.92789
8.92789
8.87339
8.87339
8.87339
8.87339
8.87339
8.87339
8.87339
8.87339
8.99556
8.99556
8.99556
8.99556
8.99556
8.99556
8.99556
8.99556
9.31063
9.31063
9.31063
9.31063
9.31063
9.31063
9.31063
9.31063
9.83809
9.83809
9.83809
9.83809
9.83809
9.83809
9.83809
9.83809
10.6004
10.6004
10.6004
10.6004
10.6004
10.6004
10.6004
10.6004
11.6207
11.6207
11.6207
11.6207
11.6207
11.6207
11.6207
11.6207
12.9192
12.9192
12.9192
12.9192
12.9192
12.9192
12.9192
12.9192
14.506
14.506
14.506
14.506
14.506
14.506
14.506
14.506
16.3721
16.3721
16.3721
16.3721
16.3721
16.3721
16.3721
16.3721
13.315
13.315
13.315
13.315
13.315
13.315
13.315
13.315
12.4419
12.4419
12.4419
12.4419
12.4419
12.4419
12.4419
12.4419
11.6419
11.6419
11.6419
11.6419
11.6419
11.6419
11.6419
11.6419
10.9406
10.9406
10.9406
10.9406
10.9406
10.9406
10.9406
10.9406
10.3604
10.3604
10.3604
10.3604
10.3604
10.3604
10.3604
10.3604
9.91995
9.91995
9.91995
9.91995
9.91995
9.91995
9.91995
9.91995
9.635
9.635
9.635
9.635
9.635
9.635
9.635
9.635
9.51989
9.51989
9.51989
9.51989
9.51989
9.51989
9.51989
9.51989
9.58957
9.58957
9.58957
9.58957
9.58957
9.58957
9.58957
9.58957
9.86096
9.86096
9.86096
9.86096
9.86096
9.86096
9.86096
9.86096
10.354
10.354
10.354
10.354
10.354
10.354
10.354
10.354
11.0918
11.0918
11.0918
11.0918
11.0918
11.0918
11.0918
11.0918
12.0987
12.0987
12.0987
12.0987
12.0987
12.0987
12.0987
12.0987
13.3965
13.3965
13.3965
13.3965
13.3965
13.3965
13.3965
13.3965
14.9976
14.9976
14.9976
14.9976
14.9976
14.9976
14.9976
14.9976
16.8961
16.8961
16.8961
16.8961
16.8961
16.8961
16.8961
16.8961
13.315
13.315
13.315
13.315
13.315
13.315
13.315
13.315
12.4419
12.4419
12.4419
12.4419
12.4419
12.4419
12.4419
12.4419
11.6419
11.6419
11.6419
11.6419
11.6419
11.6419
11.6419
11.6419
10.9406
10.9406
10.9406
10.9406
10.9406
10.9406
10.9406
10.9406
10.3604
10.3604
10.3604
10.3604
10.3604
10.3604
10.3604
10.3604
9.91995
9.91995
9.91995
9.91995
9.91995
9.91995
9.91995
9.91995
9.635
9.635
9.635
9.635
9.635
9.635
9.635
9.635
9.51989
9.51989
9.51989
9.51989
9.51989
9.51989
9.51989
9.51989
9.58957
9.58957
9.58957
9.58957
9.58957
9.58957
9.58957
9.58957
9.86096
9.86096
9.86096
9.86096
9.86096
9.86096
9.86096
9.86096
10.354
10.354
10.354
10.354
10.354
10.354
10.354
10.354
11.0918
11.0918
11.0918
11.0918
11.0918
11.0918
11.0918
11.0918
12.0987
12.0987
12.0987
12.0987
12.0987
12.0987
12.0987
12.0987
13.3965
13.3965
13.3965
13.3965
13.3965
13.3965
13.3965
13.3965
14.9976
14.9976
14.9976
14.9976
14.9976
14.9976
14.9976
14.9976
16.8961
16.8961
16.8961
16.8961
16.8961
16.8961
16.8961
16.8961
13.315
13.315
13.315
13.315
13.315
13.315
13.315
13.315
12.4419
12.4419
12.4419
12.4419
12.4419
12.4419
12.4419
12.4419
11.6419
11.6419
11.6419
11.6419
11.6419
11.6419
11.6419
11.6419
10.9406
10.9406
10.9406
10.9406
10.9406
10.9406
10.9406
10.9406
10.3604
10.3604
10.3604
10.3604
10.3604
10.3604
10.3604
10.3604
9.91995
9.91995
9.91995
9.91995
9.91995
9.91995
9.91995
9.91995
9.635
9.635
9.635
9.635
9.635
9.635
9.635
9.635
9.51989
9.51989
9.51989
9.51989
9.51989
9.51989
9.51989
9.51989
9.58957
9.58957
9.58957
9.58957
9.58957
9.58957
9.58957
9.58957
9.86096
9.86096
9.86096
9.86096
9.86096
9.86096
9.86096
9.86096
10.354
10.354
10.354
10.354
10.354
10.354
10.354
10.354
11.0918
11.0918
11.0918
11.0918
11.0918
11.0918
11.0918
11.0918
12.0987
12.0987
12.0987
12.0987
12.0987
12.0987
12.0987
12.0987
13.3965
13.3965
13.3965
13.3965
13.3965
13.3965
13.3965
13.3965
14.9976
14.9976
14.9976
14.9976
14.9976
14.9976
14.9976
14.9976
16.8961
16.8961
16.8961
16.8961
16.8961
16.8961
16.8961
16.8961
13.315
13.315
13.315
13.315
13.315
13.315
13.315
13.315
12.4419
12.4419
12.4419
12.4419
12.4419
12.4419
12.4419
12.4419
11.6419
11.6419
11.6419
11.6419
11.6419
11.6419
11.6419
11.6419
10.9406
10.9406
10.9406
10.9406
10.9406
10.9406
10.9406
10.9406
10.3604
10.3604
10.3604
10.3604
10.3604
10.3604
10.3604
10.3604
9.91995
9.91995
9.91995
9.91995
9.91995
9.91995
9.91995
9.91995
9.635
9.635
9.635
9.635
9.635
9.635
9.635
9.635
9.51989
9.51989
9.51989
9.51989
9.51989
9.51989
9.51989
9.51989
9.58957
9.58957
9.58957
9.58957
9.58957
9.58957
9.58957
9.58957
9.86096
9.86096
9.86096
9.86096
9.86096
9.86096
9.86096
9.86096
10.354
10.354
10.354
10.354
10.354
10.354
10.354
10.354
11.0918
11.0918
11.0918
11.0918
11.0918
11.0918
11.0918
11.0918
12.0987
12.0987
12.0987
12.0987
12.0987
12.0987
12.0987
12.0987
13.3965
13.3965
13.3965
13.3965
13.3965
13.3965
13.3965
13.3965
14.9976
14.9976
14.9976
14.9976
14.9976
14.9976
14.9976
14.9976
16.8961
16.8961
16.8961
16.8961
16.8961
16.8961
16.8961
16.8961
14.6911
14.6911
14.6911
14.6911
14.6911
14.6911
14.6911
14.6911
13.7682
13.7682
13.7682
13.7682
13.7682
13.7682
13.7682
13.7682
12.9
12.9
12.9
12.9
12.9
12.9
12.9
12.9
12.1184
12.1184
12.1184
12.1184
12.1184
12.1184
12.1184
12.1184
11.4522
11.4522
11.4522
11.4522
11.4522
11.4522
11.4522
11.4522
10.9262
10.9262
10.9262
10.9262
10.9262
10.9262
10.9262
10.9262
10.5607
10.5607
10.5607
10.5607
10.5607
10.5607
10.5607
10.5607
10.3734
10.3734
10.3734
10.3734
10.3734
10.3734
10.3734
10.3734
10.3814
10.3814
10.3814
10.3814
10.3814
10.3814
10.3814
10.3814
10.6025
10.6025
10.6025
10.6025
10.6025
10.6025
10.6025
10.6025
11.0577
11.0577
11.0577
11.0577
11.0577
11.0577
11.0577
11.0577
11.7705
11.7705
11.7705
11.7705
11.7705
11.7705
11.7705
11.7705
12.7661
12.7661
12.7661
12.7661
12.7661
12.7661
12.7661
12.7661
14.0677
14.0677
14.0677
14.0677
14.0677
14.0677
14.0677
14.0677
15.6897
15.6897
15.6897
15.6897
15.6897
15.6897
15.6897
15.6897
17.6282
17.6282
17.6282
17.6282
17.6282
17.6282
17.6282
17.6282
14.6911
14.6911
14.6911
14.6911
14.6911
14.6911
14.6911
14.6911
13.7682
13.7682
13.7682
13.7682
13.7682
13.7682
13.7682
13.7682
12.9
12.9
12.9
12.9
12.9
12.9
12.9
12.9
12.1184
12.1184
12.1184
12.1184
12.1184
12.1184
12.1184
12.1184
11.4522
11.4522
11.4522
11.4522
11.4522
11.4522
11.4522
11.4522
10.9262
10.9262
10.9262
10.9262
10.9262
10.9262
10.9262
10.9262
10.5607
10.5607
10.5607
10.5607
10.5607
10.5607
10.5607
10.5607
10.3734
10.3734
10.3734
10.3734
10.3734
10.3734
10.3734
10.3734
10.3814
10.3814
10.3814
10.3814
10.3814
10.3814
10.3814
10.3814
10.6025
10.6025
10.6025
10.6025
10.6025
10.6025
10.6025
10.6025
11.0577
11.0577
11.0577
11.0577
11.0577
11.0577
11.0577
11.0577
11.7705
11.7705
11.7705
11.7705
11.7705
11.7705
11.7705
11.7705
12.7661
12.7661
12.7661
12.7661
12.7661
12.7661
12.7661
12.7661
14.0677
14.0677
14.0677
14.0677
14.0677
14.0677
14.0677
14.0677
15.6897
15.6897
15.6897
15.6897
15.6897
15.6897
15.6897
15.6897
17.6282
17.6282
17.6282
17.6282
17.6282
17.6282
17.6282
17.6282
14.6911
14.6911
14.6911
14.6911
14.6911
14.6911
14.6911
14.6911
13.7682
13.7682
13.7682
13.7682
13.7682
13.7682
13.7682
13.7682
12.9
12.9
12.9
12.9
12.9
12.9
12.9
12.9
12.1184
12.1184
12.1184
12.1184
12.1184
12.1184
12.1184
12.1184
11.4522
11.4522
11.4522
11.4522
11.4522
11.4522
11.4522
11.4522
10.9262
10.9262
10.9262
10.9262
10.9262
10.9262
10.9262
10.9262
10.5607
10.5607
10.5607
10.5607
10.5607
10.5607
10.5607
10.5607
10.3734
10.3734
10.3734
10.3734
10.3734
10.3734
10.3734
10.3734
10.3814
10.3814
10.3814
10.3814
10.3814
10.3814
10.3814
10.3814
10.6025
10.6025
10.6025
10.6025
10.6025
10.6025
10.6025
10.6025
11.0577
11.0577
11.0577
11.0577
11.0577
11.0577
11.0577
11.0577
11.7705
11.7705
11.7705
11.7705
11.7705
11.7705
11.7705
11.7705
12.7661
12.7661
12.7661
12.7661
12.7661
12.7661
12.7661
12.7661
14.0677
14.0677
14.0677
14.0677
14.0677
14.0677
14.0677
14.0677
15.6897
15.6897
15.6897
15.6897
15.6897
15.6897
15.6897
15.6897
17.6282
17.6282
17.6282
17.6282
17.6282
17.6282
17.6282
17.6282
14.6911
14.6911
14.6911
14.6911
14.6911
14.6911
14.6911
14.6911
13.7682
13.7682
13.7682
13.7682
13.7682
13.7682
13.7682
13.7682
12.9
12.9
12.9
12.9
12.9
12.9
12.9
12.9
12.1184
12.1184
12.1184
12.1184
12.1184
12.1184
12.1184
12.1184
11.4522
11.4522
11.4522
11.4522
11.4522
11.4522
11.4522
11.4522
10.9262
10.9262
10.9262
10.9262
10.9262
10.9262
10.9262
10.9262
10.5607
10.5607
10.5607
10.5607
10.5607
10.5607
10.5607
10.5607
10.3734
10.3734
10.3734
10.3734
10.3734
10.3734
10.3734
10.3734
10.3814
10.3814
10.3814
10.3814
10.3814
10.3814
10.3814
10.3814
10.6025
10.6025
10.6025
10.6025
10.6025
10.6025
10.6025
10.6025
11.0577
11.0577
11.0577
11.0577
11.0577
11.0577
11.0577
11.0577
11.7705
11.7705
11.7705
11.7705
11.7705
11.7705
11.7705
11.7705
12.7661
12.7661
12.7661
12.7661
12.7661
12.7661
12.7661
12.7661
14.0677
14.0677
14.0677
14.0677
14.0677
14.0677
14.0677
14.0677
15.6897
15.6897
15.6897
15.6897
15.6897
15.6897
15.6897
15.6897
17.6282
17.6282
17.6282
17.6282
17.6282
17.6282
17.6282
17.6282
