8192
14.089
14.089
14.089
14.089
14.089
14.089
14.089
14.089
14.3813
14.3813
14.3813
14.3813
14.3813
14.3813
14.3813
14.3813
14.4721
14.4721
14.4721
14.4721
14.4721
14.4721
14.4721
14.4721
14.3366
14.3366
14.3366
14.3366
14.3366
14.3366
14.3366
14.3366
13.9748
13.9748
13.9748
13.9748
13.9748
13.9748
13.9748
13.9748
13.4122
13.4122
13.4122
13.4122
13.4122
13.4122
13.4122
13.4122
12.6955
12.6955
12.6955
12.6955
12.6955
12.6955
12.6955
12.6955
11.8841
11.8841
11.8841
11.8841
11.8841
11.8841
11.8841
11.8841
11.041
11.041
11.041
11.041
11.041
11.041
11.041
11.041
10.2237
10.2237
10.2237
10.2237
10.2237
10.2237
10.2237
10.2237
9.47937
9.47937
9.47937
9.47937
9.47937
9.47937
9.47937
9.47937
8.84262
8.84262
8.84262
8.84262
8.84262
8.84262
8.84262
8.84262
8.3366
8.3366
8.3366
8.3366
8.3366
8.3366
8.3366
8.3366
7.9756
7.9756
7.9756
7.9756
7.9756
7.9756
7.9756
7.9756
7.76859
7.76859
7.76859
7.76859
7.76859
7.76859
7.76859
7.76859
7.72213
7.72213
7.72213
7.72213
7.72213
7.72213
7.72213
7.72213
14.089
14.089
14.089
14.089
14.089
14.089
14.089
14.089
14.3813
14.3813
14.3813
14.3813
14.3813
14.3813
14.3813
14.3813
14.4721
14.4721
14.4721
14.4721
14.4721
14.4721
14.4721
14.4721
14.3366
14.3366
14.3366
14.3366
14.3366
14.3366
14.3366
14.3366
13.9748
13.9748
13.9748
13.9748
13.9748
13.9748
13.9748
13.9748
13.4122
13.4122
13.4122
13.4122
13.4122
13.4122
13.4122
13.4122
12.6955
12.6955
12.6955
12.6955
12.6955
12.6955
12.6955
12.6955
11.8841
11.8841
11.8841
11.8841
11.8841
11.8841
11.8841
11.8841
11.041
11.041
11.041
11.041
11.041
11.041
11.041
11.041
10.2237
10.2237
10.2237
10.2237
10.2237
10.2237
10.2237
10.2237
9.47937
9.47937
9.47937
9.47937
9.47937
9.47937
9.47937
9.47937
8.84262
8.84262
8.84262
8.84262
8.84262
8.84262
8.84262
8.84262
8.3366
8.3366
8.3366
8.3366
8.3366
8.3366
8.3366
8.3366
7.9756
7.9756
7.9756
7.9756
7.9756
7.9756
7.9756
7.9756
7.76859
7.76859
7.76859
7.76859
7.76859
7.76859
7.76859
7.76859
7.72213
7.72213
7.72213
7.72213
7.72213
7.72213
7.72213
7.72213
14.089
14.089
14.089
14.089
14.089
14.089
14.089
14.089
14.3813
14.3813
14.3813
14.3813
14.3813
14.3813
14.3813
14.3813
14.4721
14.4721
14.4721
14.4721
14.4721
14.4721
14.4721
14.4721
14.3366
14.3366
14.3366
14.3366
14.3366
14.3366
14.3366
14.3366
13.9748
13.9748
13.9748
13.9748
13.9748
13.9748
13.9748
13.9748
13.4122
13.4122
13.4122
13.4122
13.4122
13.4122
13.4122
13.4122
12.6955
12.6955
12.6955
12.6955
12.6955
12.6955
12.6955
12.6955
11.8841
11.8841
11.8841
11.8841
11.8841
11.8841
11.8841
11.8841
11.041
11.041
11.041
11.041
11.041
11.041
11.041
11.041
10.2237
10.2237
10.2237
10.2237
10.2237
10.2237
10.2237
10.2237
9.47937
9.47937
9.47937
9.47937
9.47937
9.47937
9.47937
9.47937
8.84262
8.84262
8.84262
8.84262
8.84262
8.84262
8.84262
8.84262
8.3366
8.3366
8.3366
8.3366
8.3366
8.3366
8.3366
8.3366
7.9756
7.9756
7.9756
7.9756
7.9756
7.9756
7.9756
7.9756
7.76859
7.76859
7.76859
7.76859
7.76859
7.76859
7.76859
7.76859
7.72213
7.72213
7.72213
7.72213
7.72213
7.72213
7.72213
7.72213
14.089
14.089
14.089
14.089
14.089
14.089
14.089
14.089
14.3813
14.3813
14.3813
14.3813
14.3813
14.3813
14.3813
14.3813
14.4721
14.4721
14.4721
14.4721
14.4721
14.4721
14.4721
14.4721
14.3366
14.3366
14.3366
14.3366
14.3366
14.3366
14.3366
14.3366
13.9748
13.9748
13.9748
13.9748
13.9748
13.9748
13.9748
13.9748
13.4122
13.4122
13.4122
13.4122
13.4122
13.4122
13.4122
13.4122
12.6955
12.6955
12.6955
12.6955
12.6955
12.6955
12.6955
12.6955
11.8841
11.8841
11.8841
11.8841
11.8841
11.8841
11.8841
11.8841
11.041
11.041
11.041
11.041
11.041
11.041
11.041
11.041
10.2237
10.2237
10.2237
10.2237
10.2237
10.2237
10.2237
10.2237
9.47937
9.47937
9.47937
9.47937
9.47937
9.47937
9.47937
9.47937
8.84262
8.84262
8.84262
8.84262
8.84262
8.84262
8.84262
8.84262
8.3366
8.3366
8.3366
8.3366
8.3366
8.3366
8.3366
8.3366
7.9756
7.9756
7.9756
7.9756
7.9756
7.9756
7.9756
7.9756
7.76859
7.76859
7.76859
7.76859
7.76859
7.76859
7.76859
7.76859
7.72213
7.72213
7.72213
7.72213
7.72213
7.72213
7.72213
7.72213
14.8478
14.8478
14.8478
14.8478
14.8478
14.8478
14.8478
14.8478
15.3179
15.3179
15.3179
15.3179
15.3179
15.3179
15.3179
15.3179
15.5721
15.5721
15.5721
15.5721
15.5721
15.5721
15.5721
15.5721
15.575
15.575
15.575
15.575
15.575
15.575
15.575
15.575
15.3188
15.3188
15.3188
15.3188
15.3188
15.3188
15.3188
15.3188
14.8243
14.8243
14.8243
14.8243
14.8243
14.8243
14.8243
14.8243
14.1386
14.1386
14.1386
14.1386
14.1386
14.1386
14.1386
14.1386
13.3257
13.3257
13.3257
13.3257
13.3257
13.3257
13.3257
13.3257
12.4558
12.4558
12.4558
12.4558
12.4558
12.4558
12.4558
12.4558
11.5955
11.5955
11.5955
11.5955
11.5955
11.5955
11.5955
11.5955
10.8009
10.8009
10.8009
10.8009
10.8009
10.8009
10.8009
10.8009
10.1146
10.1146
10.1146
10.1146
10.1146
10.1146
10.1146
10.1146
9.56602
9.56602
9.56602
9.56602
9.56602
9.56602
9.56602
9.56602
9.17436
9.17436
9.17436
9.17436
9.17436
9.17436
9.17436
9.17436
8.95203
8.95203
8.95203
8.95203
8.95203
8.95203
8.95203
8.95203
8.90803
8.90803
8.90803
8.90803
8.90803
8.90803
8.90803
8.90803
14.8478
14.8478
14.8478
14.8478
14.8478
14.8478
14.8478
14.8478
15.3179
15.3179
15.3179
15.3179
15.3179
15.3179
15.3179
15.3179
15.5721
15.5721
15.5721
15.5721
15.5721
15.5721
15.5721
15.5721
15.575
15.575
15.575
15.575
15.575
15.575
15.575
15.575
15.3188
15.3188
15.3188
15.3188
15.3188
15.3188
15.3188
15.3188
14.8243
14.8243
14.8243
14.8243
14.8243
14.8243
14.8243
14.8243
14.1386
14.1386
14.1386
14.1386
14.1386
14.1386
14.1386
14.1386
13.3257
13.3257
13.3257
13.3257
13.3257
13.3257
13.3257
13.3257
12.4558
12.4558
12.4558
12.4558
12.4558
12.4558
12.4558
12.4558
11.5955
11.5955
11.5955
11.5955
11.5955
11.5955
11.5955
11.5955
10.8009
10.8009
10.8009
10.8009
10.8009
10.8009
10.8009
10.8009
10.1146
10.1146
10.1146
10.1146
10.1146
10.1146
10.1146
10.1146
9.56602
9.56602
9.56602
9.56602
9.56602
9.56602
9.56602
9.56602
9.17436
9.17436
9.17436
9.17436
9.17436
9.17436
9.17436
9.17436
8.95203
8.95203
8.95203
8.95203
8.95203
8.95203
8.95203
8.95203
8.90803
8.90803
8.90803
8.90803
8.90803
8.90803
8.90803
8.90803
14.8478
14.8478
14.8478
14.8478
14.8478
14.8478
14.8478
14.8478
15.3179
15.3179
15.3179
15.3179
15.3179
15.3179
15.3179
15.3179
15.5721
15.5721
15.5721
15.5721
15.5721
15.5721
15.5721
15.5721
15.575
15.575
15.575
15.575
15.575
15.575
15.575
15.575
15.3188
15.3188
15.3188
15.3188
15.3188
15.3188
15.3188
15.3188
14.8243
14.8243
14.8243
14.8243
14.8243
14.8243
14.8243
14.8243
14.1386
14.1386
14.1386
14.1386
14.1386
14.1386
14.1386
14.1386
13.3257
13.3257
13.3257
13.3257
13.3257
13.3257
13.3257
13.3257
12.4558
12.4558
12.4558
12.4558
12.4558
12.4558
12.4558
12.4558
11.5955
11.5955
11.5955
11.5955
11.5955
11.5955
11.5955
11.5955
10.8009
10.8009
10.8009
10.8009
10.8009
10.8009
10.8009
10.8009
10.1146
10.1146
10.1146
10.1146
10.1146
10.1146
10.1146
10.1146
9.56602
9.56602
9.56602
9.56602
9.56602
9.56602
9.56602
9.56602
9.17436
9.17436
9.17436
9.17436
9.17436
9.17436
9.17436
9.17436
8.95203
8.95203
8.95203
8.95203
8.95203
8.95203
8.95203
8.95203
8.90803
8.90803
8.90803
8.90803
8.90803
8.90803
8.90803
8.90803
14.8478
14.8478
14.8478
14.8478
14.8478
14.8478
14.8478
14.8478
15.3179
15.3179
15.3179
15.3179
15.3179
15.3179
15.3179
15.3179
15.5721
15.5721
15.5721
15.5721
15.5721
15.5721
15.5721
15.5721
15.575
15.575
15.575
15.575
15.575
15.575
15.575
15.575
15.3188
15.3188
15.3188
15.3188
15.3188
15.3188
15.3188
15.3188
14.8243
14.8243
14.8243
14.8243
14.8243
14.8243
14.8243
14.8243
14.1386
14.1386
14.1386
14.1386
14.1386
14.1386
14.1386
14.1386
13.3257
13.3257
13.3257
13.3257
13.3257
13.3257
13.3257
13.3257
12.4558
12.4558
12.4558
12.4558
12.4558
12.4558
12.4558
12.4558
11.5955
11.5955
11.5955
11.5955
11.5955
11.5955
11.5955
11.5955
10.8009
10.8009
10.8009
10.8009
10.8009
10.8009
10.8009
10.8009
10.1146
10.1146
10.1146
10.1146
10.1146
10.1146
10.1146
10.1146
9.56602
9.56602
9.56602
9.56602
9.56602
9.56602
9.56602
9.56602
9.17436
9.17436
9.17436
9.17436
9.17436
9.17436
9.17436
9.17436
8.95203
8.95203
8.95203
8.95203
8.95203
8.95203
8.95203
8.95203
8.90803
8.90803
8.90803
8.90803
8.90803
8.90803
8.90803
8.90803
15.5235
15.5235
15.5235
15.5235
15.5235
15.5235
15.5235
15.5235
16.1911
16.1911
16.1911
16.1911
16.1911
16.1911
16.1911
16.1911
16.6361
16.6361
16.6361
16.6361
16.6361
16.6361
16.6361
16.6361
16.8113
16.8113
16.8113
16.8113
16.8113
16.8113
16.8113
16.8113
16.6973
16.6973
16.6973
16.6973
16.6973
16.6973
16.6973
16.6973
16.3078
16.3078
16.3078
16.3078
16.3078
16.3078
16.3078
16.3078
15.6871
15.6871
15.6871
15.6871
15.6871
15.6871
15.6871
15.6871
14.9015
14.9015
14.9015
14.9015
14.9015
14.9015
14.9015
14.9015
14.0278
14.0278
14.0278
14.0278
14.0278
14.0278
14.0278
14.0278
13.1415
13.1415
13.1415
13.1415
13.1415
13.1415
13.1415
13.1415
12.3085
12.3085
12.3085
12.3085
12.3085
12.3085
12.3085
12.3085
11.5805
11.5805
11.5805
11.5805
11.5805
11.5805
11.5805
11.5805
10.9951
10.9951
10.9951
10.9951
10.9951
10.9951
10.9951
10.9951
10.5776
10.5776
10.5776
10.5776
10.5776
10.5776
10.5776
10.5776
10.3453
10.3453
10.3453
10.3453
10.3453
10.3453
10.3453
10.3453
10.3105
10.3105
10.3105
10.3105
10.3105
10.3105
10.3105
10.3105
15.5235
15.5235
15.5235
15.5235
15.5235
15.5235
15.5235
15.5235
16.1911
16.1911
16.1911
16.1911
16.1911
16.1911
16.1911
16.1911
16.6361
16.6361
16.6361
16.6361
16.6361
16.6361
16.6361
16.6361
16.8113
16.8113
16.8113
16.8113
16.8113
16.8113
16.8113
16.8113
16.6973
16.6973
16.6973
16.6973
16.6973
16.6973
16.6973
16.6973
16.3078
16.3078
16.3078
16.3078
16.3078
16.3078
16.3078
16.3078
15.6871
15.6871
15.6871
15.6871
15.6871
15.6871
15.6871
15.6871
14.9015
14.9015
14.9015
14.9015
14.9015
14.9015
14.9015
14.9015
14.0278
14.0278
14.0278
14.0278
14.0278
14.0278
14.0278
14.0278
13.1415
13.1415
13.1415
13.1415
13.1415
13.1415
13.1415
13.1415
12.3085
12.3085
12.3085
12.3085
12.3085
12.3085
12.3085
12.3085
11.5805
11.5805
11.5805
11.5805
11.5805
11.5805
11.5805
11.5805
10.9951
10.9951
10.9951
10.9951
10.9951
10.9951
10.9951
10.9951
10.5776
10.5776
10.5776
10.5776
10.5776
10.5776
10.5776
10.5776
10.3453
10.3453
10.3453
10.3453
10.3453
10.3453
10.3453
10.3453
10.3105
10.3105
10.3105
10.3105
10.3105
10.3105
10.3105
10.3105
15.5235
15.5235
15.5235
15.5235
15.5235
15.5235
15.5235
15.5235
16.1911
16.1911
16.1911
16.1911
16.1911
16.1911
16.1911
16.1911
16.6361
16.6361
16.6361
16.6361
16.6361
16.6361
16.6361
16.6361
16.8113
16.8113
16.8113
16.8113
16.8113
16.8113
16.8113
16.8113
16.6973
16.6973
16.6973
16.6973
16.6973
16.6973
16.6973
16.6973
16.3078
16.3078
16.3078
16.3078
16.3078
16.3078
16.3078
16.3078
15.6871
15.6871
15.6871
15.6871
15.6871
15.6871
15.6871
15.6871
14.9015
14.9015
14.9015
14.9015
14.9015
14.9015
14.9015
14.9015
14.0278
14.0278
14.0278
14.0278
14.0278
14.0278
14.0278
14.0278
13.1415
13.1415
13.1415
13.1415
13.1415
13.1415
13.1415
13.1415
12.3085
12.3085
12.3085
12.3085
12.3085
12.3085
12.3085
12.3085
11.5805
11.5805
11.5805
11.5805
11.5805
11.5805
11.5805
11.5805
10.9951
10.9951
10.9951
10.9951
10.9951
10.9951
10.9951
10.9951
10.5776
10.5776
10.5776
10.5776
10.5776
10.5776
10.5776
10.5776
10.3453
10.3453
10.3453
10.3453
10.3453
10.3453
10.3453
10.3453
10.3105
10.3105
10.3105
10.3105
10.3105
10.3105
10.3105
10.3105
15.5235
15.5235
15.5235
15.5235
15.5235
15.5235
15.5235
15.5235
16.1911
16.1911
16.1911
16.1911
16.1911
16.1911
16.1911
16.1911
16.6361
16.6361
16.6361
16.6361
16.6361
16.6361
16.6361
16.6361
16.8113
16.8113
16.8113
16.8113
16.8113
16.8113
16.8113
16.8113
16.6973
16.6973
16.6973
16.6973
16.6973
16.6973
16.6973
16.6973
16.3078
16.3078
16.3078
16.3078
16.3078
16.3078
16.3078
16.3078
15.6871
15.6871
15.6871
15.6871
15.6871
15.6871
15.6871
15.6871
14.9015
14.9015
14.9015
14.9015
14.9015
14.9015
14.9015
14.9015
14.0278
14.0278
14.0278
14.0278
14.0278
14.0278
14.0278
14.0278
13.1415
13.1415
13.1415
13.1415
13.1415
13.1415
13.1415
13.1415
12.3085
12.3085
12.3085
12.3085
12.3085
12.3085
12.3085
12.3085
11.5805
11.5805
11.5805
11.5805
11.5805
11.5805
11.5805
11.5805
10.9951
10.9951
10.9951
10.9951
10.9951
10.9951
10.9951
10.9951
10.5776
10.5776
10.5776
10.5776
10.5776
10.5776
10.5776
10.5776
10.3453
10.3453
10.3453
10.3453
10.3453
10.3453
10.3453
10.3453
10.3105
10.3105
10.3105
10.3105
10.3105
10.3105
10.3105
10.3105
16.0979
16.0979
16.0979
16.0979
16.0979
16.0979
16.0979
16.0979
16.9744
16.9744
16.9744
16.9744
16.9744
16.9744
16.9744
16.9744
17.6313
17.6313
17.6313
17.6313
17.6313
17.6313
17.6313
17.6313
18.0074
18.0074
18.0074
18.0074
18.0074
18.0074
18.0074
18.0074
18.07
18.07
18.07
18.07
18.07
18.07
18.07
18.07
17.8221
17.8221
17.8221
17.8221
17.8221
17.8221
17.8221
17.8221
17.3021
17.3021
17.3021
17.3021
17.3021
17.3021
17.3021
17.3021
16.5759
16.5759
16.5759
16.5759
16.5759
16.5759
16.5759
16.5759
15.725
15.725
15.725
15.725
15.725
15.725
15.725
15.725
14.8335
14.8335
14.8335
14.8335
14.8335
14.8335
14.8335
14.8335
13.9773
13.9773
13.9773
13.9773
13.9773
13.9773
13.9773
13.9773
13.2186
13.2186
13.2186
13.2186
13.2186
13.2186
13.2186
13.2186
12.6042
12.6042
12.6042
12.6042
12.6042
12.6042
12.6042
12.6042
12.167
12.167
12.167
12.167
12.167
12.167
12.167
12.167
11.9304
11.9304
11.9304
11.9304
11.9304
11.9304
11.9304
11.9304
11.9115
11.9115
11.9115
11.9115
11.9115
11.9115
11.9115
11.9115
16.0979
16.0979
16.0979
16.0979
16.0979
16.0979
16.0979
16.0979
16.9744
16.9744
16.9744
16.9744
16.9744
16.9744
16.9744
16.9744
17.6313
17.6313
17.6313
17.6313
17.6313
17.6313
17.6313
17.6313
18.0074
18.0074
18.0074
18.0074
18.0074
18.0074
18.0074
18.0074
18.07
18.07
18.07
18.07
18.07
18.07
18.07
18.07
17.8221
17.8221
17.8221
17.8221
17.8221
17.8221
17.8221
17.8221
17.3021
17.3021
17.3021
17.3021
17.3021
17.3021
17.3021
17.3021
16.5759
16.5759
16.5759
16.5759
16.5759
16.5759
16.5759
16.5759
15.725
15.725
15.725
15.725
15.725
15.725
15.725
15.725
14.8335
14.8335
14.8335
14.8335
14.8335
14.8335
14.8335
14.8335
13.9773
13.9773
13.9773
13.9773
13.9773
13.9773
13.9773
13.9773
13.2186
13.2186
13.2186
13.2186
13.2186
13.2186
13.2186
13.2186
12.6042
12.6042
12.6042
12.6042
12.6042
12.6042
12.6042
12.6042
12.167
12.167
12.167
12.167
12.167
12.167
12.167
12.167
11.9304
11.9304
11.9304
11.9304
11.9304
11.9304
11.9304
11.9304
11.9115
11.9115
11.9115
11.9115
11.9115
11.9115
11.9115
11.9115
16.0979
16.0979
16.0979
16.0979
16.0979
16.0979
16.0979
16.0979
16.9744
16.9744
16.9744
16.9744
16.9744
16.9744
16.9744
16.9744
17.6313
17.6313
17.6313
17.6313
17.6313
17.6313
17.6313
17.6313
18.0074
18.0074
18.0074
18.0074
18.0074
18.0074
18.0074
18.0074
18.07
18.07
18.07
18.07
18.07
18.07
18.07
18.07
17.8221
17.8221
17.8221
17.8221
17.8221
17.8221
17.8221
17.8221
17.3021
17.3021
17.3021
17.3021
17.3021
17.3021
17.3021
17.3021
16.5759
16.5759
16.5759
16.5759
16.5759
16.5759
16.5759
16.5759
15.725
15.725
15.725
15.725
15.725
15.725
15.725
15.725
14.8335
14.8335
14.8335
14.8335
14.8335
14.8335
14.8335
14.8335
13.9773
13.9773
13.9773
13.9773
13.9773
13.9773
13.9773
13.9773
13.2186
13.2186
13.2186
13.2186
13.2186
13.2186
13.2186
13.2186
12.6042
12.6042
12.6042
12.6042
12.6042
12.6042
12.6042
12.6042
12.167
12.167
12.167
12.167
12.167
12.167
12.167
12.167
11.9304
11.9304
11.9304
11.9304
11.9304
11.9304
11.9304
11.9304
11.9115
11.9115
11.9115
11.9115
11.9115
11.9115
11.9115
11.9115
16.0979
16.0979
16.0979
16.0979
16.0979
16.0979
16.0979
16.0979
16.9744
16.9744
16.9744
16.9744
16.9744
16.9744
16.9744
16.9744
17.6313
17.6313
17.6313
17.6313
17.6313
17.6313
17.6313
17.6313
18.0074
18.0074
18.0074
18.0074
18.0074
18.0074
18.0074
18.0074
18.07
18.07
18.07
18.07
18.07
18.07
18.07
18.07
17.8221
17.8221
17.8221
17.8221
17.8221
17.8221
17.8221
17.8221
17.3021
17.3021
17.3021
17.3021
17.3021
17.3021
17.3021
17.3021
16.5759
16.5759
16.5759
16.5759
16.5759
16.5759
16.5759
16.5759
15.725
15.725
15.725
15.725
15.725
15.725
15.725
15.725
14.8335
14.8335
14.8335
14.8335
14.8335
14.8335
14.8335
14.8335
13.9773
13.9773
13.9773
13.9773
13.9773
13.9773
13.9773
13.9773
13.2186
13.2186
13.2186
13.2186
13.2186
13.2186
13.2186
13.2186
12.6042
12.6042
12.6042
12.6042
12.6042
12.6042
12.6042
12.6042
12.167
12.167
12.167
12.167
12.167
12.167
12.167
12.167
11.9304
11.9304
11.9304
11.9304
11.9304
11.9304
11.9304
11.9304
11.9115
11.9115
11.9115
11.9115
11.9115
11.9115
11.9115
11.9115
16.5607
16.5607
16.5607
16.5607
16.5607
16.5607
16.5607
16.5607
17.6489
17.6489
17.6489
17.6489
17.6489
17.6489
17.6489
17.6489
18.5296
18.5296
18.5296
18.5296
18.5296
18.5296
18.5296
18.5296
19.1276
19.1276
19.1276
19.1276
19.1276
19.1276
19.1276
19.1276
19.395
19.395
19.395
19.395
19.395
19.395
19.395
19.395
19.3215
19.3215
19.3215
19.3215
19.3215
19.3215
19.3215
19.3215
18.9361
18.9361
18.9361
18.9361
18.9361
18.9361
18.9361
18.9361
18.3013
18.3013
18.3013
18.3013
18.3013
18.3013
18.3013
18.3013
17.5011
17.5011
17.5011
17.5011
17.5011
17.5011
17.5011
17.5011
16.6268
16.6268
16.6268
16.6268
16.6268
16.6268
16.6268
16.6268
15.7644
15.7644
15.7644
15.7644
15.7644
15.7644
15.7644
15.7644
14.987
14.987
14.987
14.987
14.987
14.987
14.987
14.987
14.3518
14.3518
14.3518
14.3518
14.3518
14.3518
14.3518
14.3518
13.9007
13.9007
13.9007
13.9007
13.9007
13.9007
13.9007
13.9007
13.6644
13.6644
13.6644
13.6644
13.6644
13.6644
13.6644
13.6644
13.6658
13.6658
13.6658
13.6658
13.6658
13.6658
13.6658
13.6658
16.5607
16.5607
16.5607
16.5607
16.5607
16.5607
16.5607
16.5607
17.6489
17.6489
17.6489
17.6489
17.6489
17.6489
17.6489
17.6489
18.5296
18.5296
18.5296
18.5296
18.5296
18.5296
18.5296
18.5296
19.1276
19.1276
19.1276
19.1276
19.1276
19.1276
19.1276
19.1276
19.395
19.395
19.395
19.395
19.395
19.395
19.395
19.395
19.3215
19.3215
19.3215
19.3215
19.3215
19.3215
19.3215
19.3215
18.9361
18.9361
18.9361
18.9361
18.9361
18.9361
18.9361
18.9361
18.3013
18.3013
18.3013
18.3013
18.3013
18.3013
18.3013
18.3013
17.5011
17.5011
17.5011
17.5011
17.5011
17.5011
17.5011
17.5011
16.6268
16.6268
16.6268
16.6268
16.6268
16.6268
16.6268
16.6268
15.7644
15.7644
15.7644
15.7644
15.7644
15.7644
15.7644
15.7644
14.987
14.987
14.987
14.987
14.987
14.987
14.987
14.987
14.3518
14.3518
14.3518
14.3518
14.3518
14.3518
14.3518
14.3518
13.9007
13.9007
13.9007
13.9007
13.9007
13.9007
13.9007
13.9007
13.6644
13.6644
13.6644
13.6644
13.6644
13.6644
13.6644
13.6644
13.6658
13.6658
13.6658
13.6658
13.6658
13.6658
13.6658
13.6658
16.5607
16.5607
16.5607
16.5607
16.5607
16.5607
16.5607
16.5607
17.6489
17.6489
17.6489
17.6489
17.6489
17.6489
17.6489
17.6489
18.5296
18.5296
18.5296
18.5296
18.5296
18.5296
18.5296
18.5296
19.1276
19.1276
19.1276
19.1276
19.1276
19.1276
19.1276
19.1276
19.395
19.395
19.395
19.395
19.395
19.395
19.395
19.395
19.3215
19.3215
19.3215
19.3215
19.3215
19.3215
19.3215
19.3215
18.9361
18.9361
18.9361
18.9361
18.9361
18.9361
18.9361
18.9361
18.3013
18.3013
18.3013
18.3013
18.3013
18.3013
18.3013
18.3013
17.5011
17.5011
17.5011
17.5011
17.5011
17.5011
17.5011
17.5011
16.6268
16.6268
16.6268
16.6268
16.6268
16.6268
16.6268
16.6268
15.7644
15.7644
15.7644
15.7644
15.7644
15.7644
15.7644
15.7644
14.987
14.987
14.987
14.987
14.987
14.987
14.987
14.987
14.3518
14.3518
14.3518
14.3518
14.3518
14.3518
14.3518
14.3518
13.9007
13.9007
13.9007
13.9007
13.9007
13.9007
13.9007
13.9007
13.6644
13.6644
13.6644
13.6644
13.6644
13.6644
13.6644
13.6644
13.6658
13.6658
13.6658
13.6658
13.6658
13.6658
13.6658
13.6658
16.5607
16.5607
16.5607
16.5607
16.5607
16.5607
16.5607
16.5607
17.6489
17.6489
17.6489
17.6489
17.6489
17.6489
17.6489
17.6489
18.5296
18.5296
18.5296
18.5296
18.5296
18.5296
18.5296
18.5296
19.1276
19.1276
19.1276
19.1276
19.1276
19.1276
19.1276
19.1276
19.395
19.395
19.395
19.395
19.395
19.395
19.395
19.395
19.3215
19.3215
19.3215
19.3215
19.3215
19.3215
19.3215
19.3215
18.9361
18.9361
18.9361
18.9361
18.9361
18.9361
18.9361
18.9361
18.3013
18.3013
18.3013
18.3013
18.3013
18.3013
18.3013
18.3013
17.5011
17.5011
17.5011
17.5011
17.5011
17.5011
17.5011
17.5011
16.6268
16.6268
16.6268
16.6268
16.6268
16.6268
16.6268
16.6268
15.7644
15.7644
15.7644
15.7644
15.7644
15.7644
15.7644
15.7644
14.987
14.987
14.987
14.987
14.987
14.987
14.987
14.987
14.3518
14.3518
14.3518
14.3518
14.3518
14.3518
14.3518
14.3518
13.9007
13.9007
13.9007
13.9007
13.9007
13.9007
13.9007
13.9007
13.6644
13.6644
13.6644
13.6644
13.6644
13.6644
13.6644
13.6644
13.6658
13.6658
13.6658
13.6658
13.6658
13.6658
13.6658
13.6658
16.9118
16.9118
16.9118
16.9118
16.9118
16.9118
16.9118
16.9118
18.2053
18.2053
18.2053
18.2053
18.2053
18.2053
18.2053
18.2053
19.3119
19.3119
19.3119
19.3119
19.3119
19.3119
19.3119
19.3119
20.143
20.143
20.143
20.143
20.143
20.143
20.143
20.143
20.6347
20.6347
20.6347
20.6347
20.6347
20.6347
20.6347
20.6347
20.7609
20.7609
20.7609
20.7609
20.7609
20.7609
20.7609
20.7609
20.5383
20.5383
20.5383
20.5383
20.5383
20.5383
20.5383
20.5383
20.023
20.023
20.023
20.023
20.023
20.023
20.023
20.023
19.2989
19.2989
19.2989
19.2989
19.2989
19.2989
19.2989
19.2989
18.4625
18.4625
18.4625
18.4625
18.4625
18.4625
18.4625
18.4625
17.6095
17.6095
17.6095
17.6095
17.6095
17.6095
17.6095
17.6095
16.824
16.824
16.824
16.824
16.824
16.824
16.824
16.824
16.1742
16.1742
16.1742
16.1742
16.1742
16.1742
16.1742
16.1742
15.7123
15.7123
15.7123
15.7123
15.7123
15.7123
15.7123
15.7123
15.4771
15.4771
15.4771
15.4771
15.4771
15.4771
15.4771
15.4771
15.4983
15.4983
15.4983
15.4983
15.4983
15.4983
15.4983
15.4983
16.9118
16.9118
16.9118
16.9118
16.9118
16.9118
16.9118
16.9118
18.2053
18.2053
18.2053
18.2053
18.2053
18.2053
18.2053
18.2053
19.3119
19.3119
19.3119
19.3119
19.3119
19.3119
19.3119
19.3119
20.143
20.143
20.143
20.143
20.143
20.143
20.143
20.143
20.6347
20.6347
20.6347
20.6347
20.6347
20.6347
20.6347
20.6347
20.7609
20.7609
20.7609
20.7609
20.7609
20.7609
20.7609
20.7609
20.5383
20.5383
20.5383
20.5383
20.5383
20.5383
20.5383
20.5383
20.023
20.023
20.023
20.023
20.023
20.023
20.023
20.023
19.2989
19.2989
19.2989
19.2989
19.2989
19.2989
19.2989
19.2989
18.4625
18.4625
18.4625
18.4625
18.4625
18.4625
18.4625
18.4625
17.6095
17.6095
17.6095
17.6095
17.6095
17.6095
17.6095
17.6095
16.824
16.824
16.824
16.824
16.824
16.824
16.824
16.824
16.1742
16.1742
16.1742
16.1742
16.1742
16.1742
16.1742
16.1742
15.7123
15.7123
15.7123
15.7123
15.7123
15.7123
15.7123
15.7123
15.4771
15.4771
15.4771
15.4771
15.4771
15.4771
15.4771
15.4771
15.4983
15.4983
15.4983
15.4983
15.4983
15.4983
15.4983
15.4983
16.9118
16.9118
16.9118
16.9118
16.9118
16.9118
16.9118
16.9118
18.2053
18.2053
18.2053
18.2053
18.2053
18.2053
18.2053
18.2053
19.3119
19.3119
19.3119
19.3119
19.3119
19.3119
19.3119
19.3119
20.143
20.143
20.143
20.143
20.143
20.143
20.143
20.143
20.6347
20.6347
20.6347
20.6347
20.6347
20.6347
20.6347
20.6347
20.7609
20.7609
20.7609
20.7609
20.7609
20.7609
20.7609
20.7609
20.5383
20.5383
20.5383
20.5383
20.5383
20.5383
20.5383
20.5383
20.023
20.023
20.023
20.023
20.023
20.023
20.023
20.023
19.2989
19.2989
19.2989
19.2989
19.2989
19.2989
19.2989
19.2989
18.4625
18.4625
18.4625
18.4625
18.4625
18.4625
18.4625
18.4625
17.6095
17.6095
17.6095
17.6095
17.6095
17.6095
17.6095
17.6095
16.824
16.824
16.824
16.824
16.824
16.824
16.824
16.824
16.1742
16.1742
16.1742
16.1742
16.1742
16.1742
16.1742
16.1742
15.7123
15.7123
15.7123
15.7123
15.7123
15.7123
15.7123
15.7123
15.4771
15.4771
15.4771
15.4771
15.4771
15.4771
15.4771
15.4771
15.4983
15.4983
15.4983
15.4983
15.4983
15.4983
15.4983
15.4983
16.9118
16.9118
16.9118
16.9118
16.9118
16.9118
16.9118
16.9118
18.2053
18.2053
18.2053
18.2053
18.2053
18.2053
18.2053
18.2053
19.3119
19.3119
19.3119
19.3119
19.3119
19.3119
19.3119
19.3119
20.143
20.143
20.143
20.143
20.143
20.143
20.143
20.143
20.6347
20.6347
20.6347
20.6347
20.6347
20.6347
20.6347
20.6347
20.7609
20.7609
20.7609
20.7609
20.7609
20.7609
20.7609
20.7609
20.5383
20.5383
20.5383
20.5383
20.5383
20.5383
20.5383
20.5383
20.023
20.023
20.023
20.023
20.023
20.023
20.023
20.023
19.2989
19.2989
19.2989
19.2989
19.2989
19.2989
19.2989
19.2989
18.4625
18.4625
18.4625
18.4625
18.4625
18.4625
18.4625
18.4625
17.6095
17.6095
17.6095
17.6095
17.6095
17.6095
17.6095
17.6095
16.824
16.824
16.824
16.824
16.824
16.824
16.824
16.824
16.1742
16.1742
16.1742
16.1742
16.1742
16.1742
16.1742
16.1742
15.7123
15.7123
15.7123
15.7123
15.7123
15.7123
15.7123
15.7123
15.4771
15.4771
15.4771
15.4771
15.4771
15.4771
15.4771
15.4771
15.4983
15.4983
15.4983
15.4983
15.4983
15.4983
15.4983
15.4983
17.1614
17.1614
17.1614
17.1614
17.1614
17.1614
17.1614
17.1614
18.6459
18.6459
18.6459
18.6459
18.6459
18.6459
18.6459
18.6459
19.971
19.971
19.971
19.971
19.971
19.971
19.971
19.971
21.0359
21.0359
21.0359
21.0359
21.0359
21.0359
21.0359
21.0359
21.7604
21.7604
21.7604
21.7604
21.7604
21.7604
21.7604
21.7604
22.1015
22.1015
22.1015
22.1015
22.1015
22.1015
22.1015
22.1015
22.0611
22.0611
22.0611
22.0611
22.0611
22.0611
22.0611
22.0611
21.6858
21.6858
21.6858
21.6858
21.6858
21.6858
21.6858
21.6858
21.0566
21.0566
21.0566
21.0566
21.0566
21.0566
21.0566
21.0566
20.2737
20.2737
20.2737
20.2737
20.2737
20.2737
20.2737
20.2737
19.4408
19.4408
19.4408
19.4408
19.4408
19.4408
19.4408
19.4408
18.6531
18.6531
18.6531
18.6531
18.6531
18.6531
18.6531
18.6531
17.9902
17.9902
17.9902
17.9902
17.9902
17.9902
17.9902
17.9902
17.5148
17.5148
17.5148
17.5148
17.5148
17.5148
17.5148
17.5148
17.2749
17.2749
17.2749
17.2749
17.2749
17.2749
17.2749
17.2749
17.3074
17.3074
17.3074
17.3074
17.3074
17.3074
17.3074
17.3074
17.1614
17.1614
17.1614
17.1614
17.1614
17.1614
17.1614
17.1614
18.6459
18.6459
18.6459
18.6459
18.6459
18.6459
18.6459
18.6459
19.971
19.971
19.971
19.971
19.971
19.971
19.971
19.971
21.0359
21.0359
21.0359
21.0359
21.0359
21.0359
21.0359
21.0359
21.7604
21.7604
21.7604
21.7604
21.7604
21.7604
21.7604
21.7604
22.1015
22.1015
22.1015
22.1015
22.1015
22.1015
22.1015
22.1015
22.0611
22.0611
22.0611
22.0611
22.0611
22.0611
22.0611
22.0611
21.6858
21.6858
21.6858
21.6858
21.6858
21.6858
21.6858
21.6858
21.0566
21.0566
21.0566
21.0566
21.0566
21.0566
21.0566
21.0566
20.2737
20.2737
20.2737
20.2737
20.2737
20.2737
20.2737
20.2737
19.4408
19.4408
19.4408
19.4408
19.4408
19.4408
19.4408
19.4408
18.6531
18.6531
18.6531
18.6531
18.6531
18.6531
18.6531
18.6531
17.9902
17.9902
17.9902
17.9902
17.9902
17.9902
17.9902
17.9902
17.5148
17.5148
17.5148
17.5148
17.5148
17.5148
17.5148
17.5148
17.2749
17.2749
17.2749
17.2749
17.2749
17.2749
17.2749
17.2749
17.3074
17.3074
17.3074
17.3074
17.3074
17.3074
17.3074
17.3074
17.1614
17.1614
17.1614
17.1614
17.1614
17.1614
17.1614
17.1614
18.6459
18.6459
18.6459
18.6459
18.6459
18.6459
18.6459
18.6459
19.971
19.971
19.971
19.971
19.971
19.971
19.971
19.971
21.0359
21.0359
21.0359
21.0359
21.0359
21.0359
21.0359
21.0359
21.7604
21.7604
21.7604
21.7604
21.7604
21.7604
21.7604
21.7604
22.1015
22.1015
22.1015
22.1015
22.1015
22.1015
22.1015
22.1015
22.0611
22.0611
22.0611
22.0611
22.0611
22.0611
22.0611
22.0611
21.6858
21.6858
21.6858
21.6858
21.6858
21.6858
21.6858
21.6858
21.0566
21.0566
21.0566
21.0566
21.0566
21.0566
21.0566
21.0566
20.2737
20.2737
20.2737
20.2737
20.2737
20.2737
20.2737
20.2737
19.4408
19.4408
19.4408
19.4408
19.4408
19.4408
19.4408
19.4408
18.6531
18.6531
18.6531
18.6531
18.6531
18.6531
18.6531
18.6531
17.9902
17.9902
17.9902
17.9902
17.9902
17.9902
17.9902
17.9902
17.5148
17.5148
17.5148
17.5148
17.5148
17.5148
17.5148
17.5148
17.2749
17.2749
17.2749
17.2749
17.2749
17.2749
17.2749
17.2749
17.3074
17.3074
17.3074
17.3074
17.3074
17.3074
17.3074
17.3074
17.1614
17.1614
17.1614
17.1614
17.1614
17.1614
17.1614
17.1614
18.6459
18.6459
18.6459
18.6459
18.6459
18.6459
18.6459
18.6459
19.971
19.971
19.971
19.971
19.971
19.971
19.971
19.971
21.0359
21.0359
21.0359
21.0359
21.0359
21.0359
21.0359
21.0359
21.7604
21.7604
21.7604
21.7604
21.7604
21.7604
21.7604
21.7604
22.1015
22.1015
22.1015
22.1015
22.1015
22.1015
22.1015
22.1015
22.0611
22.0611
22.0611
22.0611
22.0611
22.0611
22.0611
22.0611
21.6858
21.6858
21.6858
21.6858
21.6858
21.6858
21.6858
21.6858
21.0566
21.0566
21.0566
21.0566
21.0566
21.0566
21.0566
21.0566
20.2737
20.2737
20.2737
20.2737
20.2737
20.2737
20.2737
20.2737
19.4408
19.4408
19.4408
19.4408
19.4408
19.4408
19.4408
19.4408
18.6531
18.6531
18.6531
18.6531
18.6531
18.6531
18.6531
18.6531
17.9902
17.9902
17.9902
17.9902
17.9902
17.9902
17.9902
17.9902
17.5148
17.5148
17.5148
17.5148
17.5148
17.5148
17.5148
17.5148
17.2749
17.2749
17.2749
17.2749
17.2749
17.2749
17.2749
17.2749
17.3074
17.3074
17.3074
17.3074
17.3074
17.3074
17.3074
17.3074
17.3291
17.3291
17.3291
17.3291
17.3291
17.3291
17.3291
17.3291
18.9848
18.9848
18.9848
18.9848
18.9848
18.9848
18.9848
18.9848
20.5131
20.5131
20.5131
20.5131
20.5131
20.5131
20.5131
20.5131
21.8025
21.8025
21.8025
21.8025
21.8025
21.8025
21.8025
21.8025
22.7575
22.7575
22.7575
22.7575
22.7575
22.7575
22.7575
22.7575
23.317
23.317
23.317
23.317
23.317
23.317
23.317
23.317
23.4668
23.4668
23.4668
23.4668
23.4668
23.4668
23.4668
23.4668
23.2415
23.2415
23.2415
23.2415
23.2415
23.2415
23.2415
23.2415
22.7166
22.7166
22.7166
22.7166
22.7166
22.7166
22.7166
22.7166
21.9939
21.9939
21.9939
21.9939
21.9939
21.9939
21.9939
21.9939
21.1841
21.1841
21.1841
21.1841
21.1841
21.1841
21.1841
21.1841
20.3926
20.3926
20.3926
20.3926
20.3926
20.3926
20.3926
20.3926
19.7103
19.7103
19.7103
19.7103
19.7103
19.7103
19.7103
19.7103
19.2108
19.2108
19.2108
19.2108
19.2108
19.2108
19.2108
19.2108
18.9515
18.9515
18.9515
18.9515
18.9515
18.9515
18.9515
18.9515
18.9768
18.9768
18.9768
18.9768
18.9768
18.9768
18.9768
18.9768
17.3291
17.3291
17.3291
17.3291
17.3291
17.3291
17.3291
17.3291
18.9848
18.9848
18.9848
18.9848
18.9848
18.9848
18.9848
18.9848
20.5131
20.5131
20.5131
20.5131
20.5131
20.5131
20.5131
20.5131
21.8025
21.8025
21.8025
21.8025
21.8025
21.8025
21.8025
21.8025
22.7575
22.7575
22.7575
22.7575
22.7575
22.7575
22.7575
22.7575
23.317
23.317
23.317
23.317
23.317
23.317
23.317
23.317
23.4668
23.4668
23.4668
23.4668
23.4668
23.4668
23.4668
23.4668
23.2415
23.2415
23.2415
23.2415
23.2415
23.2415
23.2415
23.2415
22.7166
22.7166
22.7166
22.7166
22.7166
22.7166
22.7166
22.7166
21.9939
21.9939
21.9939
21.9939
21.9939
21.9939
21.9939
21.9939
21.1841
21.1841
21.1841
21.1841
21.1841
21.1841
21.1841
21.1841
20.3926
20.3926
20.3926
20.3926
20.3926
20.3926
20.3926
20.3926
19.7103
19.7103
19.7103
19.7103
19.7103
19.7103
19.7103
19.7103
19.2108
19.2108
19.2108
19.2108
19.2108
19.2108
19.2108
19.2108
18.9515
18.9515
18.9515
18.9515
18.9515
18.9515
18.9515
18.9515
18.9768
18.9768
18.9768
18.9768
18.9768
18.9768
18.9768
18.9768
17.3291
17.3291
17.3291
17.3291
17.3291
17.3291
17.3291
17.3291
18.9848
18.9848
18.9848
18.9848
18.9848
18.9848
18.9848
18.9848
20.5131
20.5131
20.5131
20.5131
20.5131
20.5131
20.5131
20.5131
21.8025
21.8025
21.8025
21.8025
21.8025
21.8025
21.8025
21.8025
22.7575
22.7575
22.7575
22.7575
22.7575
22.7575
22.7575
22.7575
23.317
23.317
23.317
23.317
23.317
23.317
23.317
23.317
23.4668
23.4668
23.4668
23.4668
23.4668
23.4668
23.4668
23.4668
23.2415
23.2415
23.2415
23.2415
23.2415
23.2415
23.2415
23.2415
22.7166
22.7166
22.7166
22.7166
22.7166
22.7166
22.7166
22.7166
21.9939
21.9939
21.9939
21.9939
21.9939
21.9939
21.9939
21.9939
21.1841
21.1841
21.1841
21.1841
21.1841
21.1841
21.1841
21.1841
20.3926
20.3926
20.3926
20.3926
20.3926
20.3926
20.3926
20.3926
19.7103
19.7103
19.7103
19.7103
19.7103
19.7103
19.7103
19.7103
19.2108
19.2108
19.2108
19.2108
19.2108
19.2108
19.2108
19.2108
18.9515
18.9515
18.9515
18.9515
18.9515
18.9515
18.9515
18.9515
18.9768
18.9768
18.9768
18.9768
18.9768
18.9768
18.9768
18.9768
17.3291
17.3291
17.3291
17.3291
17.3291
17.3291
17.3291
17.3291
18.9848
18.9848
18.9848
18.9848
18.9848
18.9848
18.9848
18.9848
20.5131
20.5131
20.5131
20.5131
20.5131
20.5131
20.5131
20.5131
21.8025
21.8025
21.8025
21.8025
21.8025
21.8025
21.8025
21.8025
22.7575
22.7575
22.7575
22.7575
22.7575
22.7575
22.7575
22.7575
23.317
23.317
23.317
23.317
23.317
23.317
23.317
23.317
23.4668
23.4668
23.4668
23.4668
23.4668
23.4668
23.4668
23.4668
23.2415
23.2415
23.2415
23.2415
23.2415
23.2415
23.2415
23.2415
22.7166
22.7166
22.7166
22.7166
22.7166
22.7166
22.7166
22.7166
21.9939
21.9939
21.9939
21.9939
21.9939
21.9939
21.9939
21.9939
21.1841
21.1841
21.1841
21.1841
21.1841
21.1841
21.1841
21.1841
20.3926
20.3926
20.3926
20.3926
20.3926
20.3926
20.3926
20.3926
19.7103
19.7103
19.7103
19.7103
19.7103
19.7103
19.7103
19.7103
19.2108
19.2108
19.2108
19.2108
19.2108
19.2108
19.2108
19.2108
18.9515
18.9515
18.9515
18.9515
18.9515
18.9515
18.9515
18.9515
18.9768
18.9768
18.9768
18.9768
18.9768
18.9768
18.9768
18.9768
17.4428
17.4428
17.4428
17.4428
17.4428
17.4428
17.4428
17.4428
19.2468
19.2468
19.2468
19.2468
19.2468
19.2468
19.2468
19.2468
20.9576
20.9576
20.9576
20.9576
20.9576
20.9576
20.9576
20.9576
22.4545
22.4545
22.4545
22.4545
22.4545
22.4545
22.4545
22.4545
23.6277
23.6277
23.6277
23.6277
23.6277
23.6277
23.6277
23.6277
24.3983
24.3983
24.3983
24.3983
24.3983
24.3983
24.3983
24.3983
24.7345
24.7345
24.7345
24.7345
24.7345
24.7345
24.7345
24.7345
24.6572
24.6572
24.6572
24.6572
24.6572
24.6572
24.6572
24.6572
24.2348
24.2348
24.2348
24.2348
24.2348
24.2348
24.2348
24.2348
23.5684
23.5684
23.5684
23.5684
23.5684
23.5684
23.5684
23.5684
22.7745
22.7745
22.7745
22.7745
22.7745
22.7745
22.7745
22.7745
21.968
21.968
21.968
21.968
21.968
21.968
21.968
21.968
21.251
21.251
21.251
21.251
21.251
21.251
21.251
21.251
20.7078
20.7078
20.7078
20.7078
20.7078
20.7078
20.7078
20.7078
20.405
20.405
20.405
20.405
20.405
20.405
20.405
20.405
20.3946
20.3946
20.3946
20.3946
20.3946
20.3946
20.3946
20.3946
17.4428
17.4428
17.4428
17.4428
17.4428
17.4428
17.4428
17.4428
19.2468
19.2468
19.2468
19.2468
19.2468
19.2468
19.2468
19.2468
20.9576
20.9576
20.9576
20.9576
20.9576
20.9576
20.9576
20.9576
22.4545
22.4545
22.4545
22.4545
22.4545
22.4545
22.4545
22.4545
23.6277
23.6277
23.6277
23.6277
23.6277
23.6277
23.6277
23.6277
24.3983
24.3983
24.3983
24.3983
24.3983
24.3983
24.3983
24.3983
24.7345
24.7345
24.7345
24.7345
24.7345
24.7345
24.7345
24.7345
24.6572
24.6572
24.6572
24.6572
24.6572
24.6572
24.6572
24.6572
24.2348
24.2348
24.2348
24.2348
24.2348
24.2348
24.2348
24.2348
23.5684
23.5684
23.5684
23.5684
23.5684
23.5684
23.5684
23.5684
22.7745
22.7745
22.7745
22.7745
22.7745
22.7745
22.7745
22.7745
21.968
21.968
21.968
21.968
21.968
21.968
21.968
21.968
21.251
21.251
21.251
21.251
21.251
21.251
21.251
21.251
20.7078
20.7078
20.7078
20.7078
20.7078
20.7078
20.7078
20.7078
20.405
20.405
20.405
20.405
20.405
20.405
20.405
20.405
20.3946
20.3946
20.3946
20.3946
20.3946
20.3946
20.3946
20.3946
17.4428
17.4428
17.4428
17.4428
17.4428
17.4428
17.4428
17.4428
19.2468
19.2468
19.2468
19.2468
19.2468
19.2468
19.2468
19.2468
20.9576
20.9576
20.9576
20.9576
20.9576
20.9576
20.9576
20.9576
22.4545
22.4545
22.4545
22.4545
22.4545
22.4545
22.4545
22.4545
23.6277
23.6277
23.6277
23.6277
23.6277
23.6277
23.6277
23.6277
24.3983
24.3983
24.3983
24.3983
24.3983
24.3983
24.3983
24.3983
24.7345
24.7345
24.7345
24.7345
24.7345
24.7345
24.7345
24.7345
24.6572
24.6572
24.6572
24.6572
24.6572
24.6572
24.6572
24.6572
24.2348
24.2348
24.2348
24.2348
24.2348
24.2348
24.2348
24.2348
23.5684
23.5684
23.5684
23.5684
23.5684
23.5684
23.5684
23.5684
22.7745
22.7745
22.7745
22.7745
22.7745
22.7745
22.7745
22.7745
21.968
21.968
21.968
21.968
21.968
21.968
21.968
21.968
21.251
21.251
21.251
21.251
21.251
21.251
21.251
21.251
20.7078
20.7078
20.7078
20.7078
20.7078
20.7078
20.7078
20.7078
20.405
20.405
20.405
20.405
20.405
20.405
20.405
20.405
20.3946
20.3946
20.3946
20.3946
20.3946
20.3946
20.3946
20.3946
17.4428
17.4428
17.4428
17.4428
17.4428
17.4428
17.4428
17.4428
19.2468
19.2468
19.2468
19.2468
19.2468
19.2468
19.2468
19.2468
20.9576
20.9576
20.9576
20.9576
20.9576
20.9576
20.9576
20.9576
22.4545
22.4545
22.4545
22.4545
22.4545
22.4545
22.4545
22.4545
23.6277
23.6277
23.6277
23.6277
23.6277
23.6277
23.6277
23.6277
24.3983
24.3983
24.3983
24.3983
24.3983
24.3983
24.3983
24.3983
24.7345
24.7345
24.7345
24.7345
24.7345
24.7345
24.7345
24.7345
24.6572
24.6572
24.6572
24.6572
24.6572
24.6572
24.6572
24.6572
24.2348
24.2348
24.2348
24.2348
24.2348
24.2348
24.2348
24.2348
23.5684
23.5684
23.5684
23.5684
23.5684
23.5684
23.5684
23.5684
22.7745
22.7745
22.7745
22.7745
22.7745
22.7745
22.7745
22.7745
21.968
21.968
21.968
21.968
21.968
21.968
21.968
21.968
21.251
21.251
21.251
21.251
21.251
21.251
21.251
21.251
20.7078
20.7078
20.7078
20.7078
20.7078
20.7078
20.7078
20.7078
20.405
20.405
20.405
20.405
20.405
20.405
20.405
20.405
20.3946
20.3946
20.3946
20.3946
20.3946
20.3946
20.3946
20.3946
17.5364
17.5364
17.5364
17.5364
17.5364
17.5364
17.5364
17.5364
19.4658
19.4658
19.4658
19.4658
19.4658
19.4658
19.4658
19.4658
21.3359
21.3359
21.3359
21.3359
21.3359
21.3359
21.3359
21.3359
23.0184
23.0184
23.0184
23.0184
23.0184
23.0184
23.0184
23.0184
24.3902
24.3902
24.3902
24.3902
24.3902
24.3902
24.3902
24.3902
25.3551
25.3551
25.3551
25.3551
25.3551
25.3551
25.3551
25.3551
25.8634
25.8634
25.8634
25.8634
25.8634
25.8634
25.8634
25.8634
25.9212
25.9212
25.9212
25.9212
25.9212
25.9212
25.9212
25.9212
25.5877
25.5877
25.5877
25.5877
25.5877
25.5877
25.5877
25.5877
24.9628
24.9628
24.9628
24.9628
24.9628
24.9628
24.9628
24.9628
24.1674
24.1674
24.1674
24.1674
24.1674
24.1674
24.1674
24.1674
23.3253
23.3253
23.3253
23.3253
23.3253
23.3253
23.3253
23.3253
22.5495
22.5495
22.5495
22.5495
22.5495
22.5495
22.5495
22.5495
21.9346
21.9346
21.9346
21.9346
21.9346
21.9346
21.9346
21.9346
21.5563
21.5563
21.5563
21.5563
21.5563
21.5563
21.5563
21.5563
21.4735
21.4735
21.4735
21.4735
21.4735
21.4735
21.4735
21.4735
17.5364
17.5364
17.5364
17.5364
17.5364
17.5364
17.5364
17.5364
19.4658
19.4658
19.4658
19.4658
19.4658
19.4658
19.4658
19.4658
21.3359
21.3359
21.3359
21.3359
21.3359
21.3359
21.3359
21.3359
23.0184
23.0184
23.0184
23.0184
23.0184
23.0184
23.0184
23.0184
24.3902
24.3902
24.3902
24.3902
24.3902
24.3902
24.3902
24.3902
25.3551
25.3551
25.3551
25.3551
25.3551
25.3551
25.3551
25.3551
25.8634
25.8634
25.8634
25.8634
25.8634
25.8634
25.8634
25.8634
25.9212
25.9212
25.9212
25.9212
25.9212
25.9212
25.9212
25.9212
25.5877
25.5877
25.5877
25.5877
25.5877
25.5877
25.5877
25.5877
24.9628
24.9628
24.9628
24.9628
24.9628
24.9628
24.9628
24.9628
24.1674
24.1674
24.1674
24.1674
24.1674
24.1674
24.1674
24.1674
23.3253
23.3253
23.3253
23.3253
23.3253
23.3253
23.3253
23.3253
22.5495
22.5495
22.5495
22.5495
22.5495
22.5495
22.5495
22.5495
21.9346
21.9346
21.9346
21.9346
21.9346
21.9346
21.9346
21.9346
21.5563
21.5563
21.5563
21.5563
21.5563
21.5563
21.5563
21.5563
21.4735
21.4735
21.4735
21.4735
21.4735
21.4735
21.4735
21.4735
17.5364
17.5364
17.5364
17.5364
17.5364
17.5364
17.5364
17.5364
19.4658
19.4658
19.4658
19.4658
19.4658
19.4658
19.4658
19.4658
21.3359
21.3359
21.3359
21.3359
21.3359
21.3359
21.3359
21.3359
23.0184
23.0184
23.0184
23.0184
23.0184
23.0184
23.0184
23.0184
24.3902
24.3902
24.3902
24.3902
24.3902
24.3902
24.3902
24.3902
25.3551
25.3551
25.3551
25.3551
25.3551
25.3551
25.3551
25.3551
25.8634
25.8634
25.8634
25.8634
25.8634
25.8634
25.8634
25.8634
25.9212
25.9212
25.9212
25.9212
25.9212
25.9212
25.9212
25.9212
25.5877
25.5877
25.5877
25.5877
25.5877
25.5877
25.5877
25.5877
24.9628
24.9628
24.9628
24.9628
24.9628
24.9628
24.9628
24.9628
24.1674
24.1674
24.1674
24.1674
24.1674
24.1674
24.1674
24.1674
23.3253
23.3253
23.3253
23.3253
23.3253
23.3253
23.3253
23.3253
22.5495
22.5495
22.5495
22.5495
22.5495
22.5495
22.5495
22.5495
21.9346
21.9346
21.9346
21.9346
21.9346
21.9346
21.9346
21.9346
21.5563
21.5563
21.5563
21.5563
21.5563
21.5563
21.5563
21.5563
21.4735
21.4735
21.4735
21.4735
21.4735
21.4735
21.4735
21.4735
17.5364
17.5364
17.5364
17.5364
17.5364
17.5364
17.5364
17.5364
19.4658
19.4658
19.4658
19.4658
19.4658
19.4658
19.4658
19.4658
21.3359
21.3359
21.3359
21.3359
21.3359
21.3359
21.3359
21.3359
23.0184
23.0184
23.0184
23.0184
23.0184
23.0184
23.0184
23.0184
24.3902
24.3902
24.3902
24.3902
24.3902
24.3902
24.3902
24.3902
25.3551
25.3551
25.3551
25.3551
25.3551
25.3551
25.3551
25.3551
25.8634
25.8634
25.8634
25.8634
25.8634
25.8634
25.8634
25.8634
25.9212
25.9212
25.9212
25.9212
25.9212
25.9212
25.9212
25.9212
25.5877
25.5877
25.5877
25.5877
25.5877
25.5877
25.5877
25.5877
24.9628
24.9628
24.9628
24.9628
24.9628
24.9628
24.9628
24.9628
24.1674
24.1674
24.1674
24.1674
24.1674
24.1674
24.1674
24.1674
23.3253
23.3253
23.3253
23.3253
23.3253
23.3253
23.3253
23.3253
22.5495
22.5495
22.5495
22.5495
22.5495
22.5495
22.5495
22.5495
21.9346
21.9346
21.9346
21.9346
21.9346
21.9346
21.9346
21.9346
21.5563
21.5563
21.5563
21.5563
21.5563
21.5563
21.5563
21.5563
21.4735
21.4735
21.4735
21.4735
21.4735
21.4735
21.4735
21.4735
17.6473
17.6473
17.6473
17.6473
17.6473
17.6473
17.6473
17.6473
19.6815
19.6815
19.6815
19.6815
19.6815
19.6815
19.6815
19.6815
21.6883
21.6883
21.6883
21.6883
21.6883
21.6883
21.6883
21.6883
23.533
23.533
23.533
23.533
23.533
23.533
23.533
23.533
25.0799
25.0799
25.0799
25.0799
25.0799
25.0799
25.0799
25.0799
26.2164
26.2164
26.2164
26.2164
26.2164
26.2164
26.2164
26.2164
26.8745
26.8745
26.8745
26.8745
26.8745
26.8745
26.8745
26.8745
27.045
27.045
27.045
27.045
27.045
27.045
27.045
27.045
26.7777
26.7777
26.7777
26.7777
26.7777
26.7777
26.7777
26.7777
26.1698
26.1698
26.1698
26.1698
26.1698
26.1698
26.1698
26.1698
25.3465
25.3465
25.3465
25.3465
25.3465
25.3465
25.3465
25.3465
24.4404
24.4404
24.4404
24.4404
24.4404
24.4404
24.4404
24.4404
23.5749
23.5749
23.5749
23.5749
23.5749
23.5749
23.5749
23.5749
22.855
22.855
22.855
22.855
22.855
22.855
22.855
22.855
22.3647
22.3647
22.3647
22.3647
22.3647
22.3647
22.3647
22.3647
22.1692
22.1692
22.1692
22.1692
22.1692
22.1692
22.1692
22.1692
17.6473
17.6473
17.6473
17.6473
17.6473
17.6473
17.6473
17.6473
19.6815
19.6815
19.6815
19.6815
19.6815
19.6815
19.6815
19.6815
21.6883
21.6883
21.6883
21.6883
21.6883
21.6883
21.6883
21.6883
23.533
23.533
23.533
23.533
23.533
23.533
23.533
23.533
25.0799
25.0799
25.0799
25.0799
25.0799
25.0799
25.0799
25.0799
26.2164
26.2164
26.2164
26.2164
26.2164
26.2164
26.2164
26.2164
26.8745
26.8745
26.8745
26.8745
26.8745
26.8745
26.8745
26.8745
27.045
27.045
27.045
27.045
27.045
27.045
27.045
27.045
26.7777
26.7777
26.7777
26.7777
26.7777
26.7777
26.7777
26.7777
26.1698
26.1698
26.1698
26.1698
26.1698
26.1698
26.1698
26.1698
25.3465
25.3465
25.3465
25.3465
25.3465
25.3465
25.3465
25.3465
24.4404
24.4404
24.4404
24.4404
24.4404
24.4404
24.4404
24.4404
23.5749
23.5749
23.5749
23.5749
23.5749
23.5749
23.5749
23.5749
22.855
22.855
22.855
22.855
22.855
22.855
22.855
22.855
22.3647
22.3647
22.3647
22.3647
22.3647
22.3647
22.3647
22.3647
22.1692
22.1692
22.1692
22.1692
22.1692
22.1692
22.1692
22.1692
17.6473
17.6473
17.6473
17.6473
17.6473
17.6473
17.6473
17.6473
19.6815
19.6815
19.6815
19.6815
19.6815
19.6815
19.6815
19.6815
21.6883
21.6883
21.6883
21.6883
21.6883
21.6883
21.6883
21.6883
23.533
23.533
23.533
23.533
23.533
23.533
23.533
23.533
25.0799
25.0799
25.0799
25.0799
25.0799
25.0799
25.0799
25.0799
26.2164
26.2164
26.2164
26.2164
26.2164
26.2164
26.2164
26.2164
26.8745
26.8745
26.8745
26.8745
26.8745
26.8745
26.8745
26.8745
27.045
27.045
27.045
27.045
27.045
27.045
27.045
27.045
26.7777
26.7777
26.7777
26.7777
26.7777
26.7777
26.7777
26.7777
26.1698
26.1698
26.1698
26.1698
26.1698
26.1698
26.1698
26.1698
25.3465
25.3465
25.3465
25.3465
25.3465
25.3465
25.3465
25.3465
24.4404
24.4404
24.4404
24.4404
24.4404
24.4404
24.4404
24.4404
23.5749
23.5749
23.5749
23.5749
23.5749
23.5749
23.5749
23.5749
22.855
22.855
22.855
22.855
22.855
22.855
22.855
22.855
22.3647
22.3647
22.3647
22.3647
22.3647
22.3647
22.3647
22.3647
22.1692
22.1692
22.1692
22.1692
22.1692
22.1692
22.1692
22.1692
17.6473
17.6473
17.6473
17.6473
17.6473
17.6473
17.6473
17.6473
19.6815
19.6815
19.6815
19.6815
19.6815
19.6815
19.6815
19.6815
21.6883
21.6883
21.6883
21.6883
21.6883
21.6883
21.6883
21.6883
23.533
23.533
23.533
23.533
23.533
23.533
23.533
23.533
25.0799
25.0799
25.0799
25.0799
25.0799
25.0799
25.0799
25.0799
26.2164
26.2164
26.2164
26.2164
26.2164
26.2164
26.2164
26.2164
26.8745
26.8745
26.8745
26.8745
26.8745
26.8745
26.8745
26.8745
27.045
27.045
27.045
27.045
27.045
27.045
27.045
27.045
26.7777
26.7777
26.7777
26.7777
26.7777
26.7777
26.7777
26.7777
26.1698
26.1698
26.1698
26.1698
26.1698
26.1698
26.1698
26.1698
25.3465
25.3465
25.3465
25.3465
25.3465
25.3465
25.3465
25.3465
24.4404
24.4404
24.4404
24.4404
24.4404
24.4404
24.4404
24.4404
23.5749
23.5749
23.5749
23.5749
23.5749
23.5749
23.5749
23.5749
22.855
22.855
22.855
22.855
22.855
22.855
22.855
22.855
22.3647
22.3647
22.3647
22.3647
22.3647
22.3647
22.3647
22.3647
22.1692
22.1692
22.1692
22.1692
22.1692
22.1692
22.1692
22.1692
17.8149
17.8149
17.8149
17.8149
17.8149
17.8149
17.8149
17.8149
19.9376
19.9376
19.9376
19.9376
19.9376
19.9376
19.9376
19.9376
22.0617
22.0617
22.0617
22.0617
22.0617
22.0617
22.0617
22.0617
24.0465
24.0465
24.0465
24.0465
24.0465
24.0465
24.0465
24.0465
25.7447
25.7447
25.7447
25.7447
25.7447
25.7447
25.7447
25.7447
27.0273
27.0273
27.0273
27.0273
27.0273
27.0273
27.0273
27.0273
27.8084
27.8084
27.8084
27.8084
27.8084
27.8084
27.8084
27.8084
28.0635
28.0635
28.0635
28.0635
28.0635
28.0635
28.0635
28.0635
27.8327
27.8327
27.8327
27.8327
27.8327
27.8327
27.8327
27.8327
27.2107
27.2107
27.2107
27.2107
27.2107
27.2107
27.2107
27.2107
26.3271
26.3271
26.3271
26.3271
26.3271
26.3271
26.3271
26.3271
25.3234
25.3234
25.3234
25.3234
25.3234
25.3234
25.3234
25.3234
24.3339
24.3339
24.3339
24.3339
24.3339
24.3339
24.3339
24.3339
23.4736
23.4736
23.4736
23.4736
23.4736
23.4736
23.4736
23.4736
22.8345
22.8345
22.8345
22.8345
22.8345
22.8345
22.8345
22.8345
22.4875
22.4875
22.4875
22.4875
22.4875
22.4875
22.4875
22.4875
17.8149
17.8149
17.8149
17.8149
17.8149
17.8149
17.8149
17.8149
19.9376
19.9376
19.9376
19.9376
19.9376
19.9376
19.9376
19.9376
22.0617
22.0617
22.0617
22.0617
22.0617
22.0617
22.0617
22.0617
24.0465
24.0465
24.0465
24.0465
24.0465
24.0465
24.0465
24.0465
25.7447
25.7447
25.7447
25.7447
25.7447
25.7447
25.7447
25.7447
27.0273
27.0273
27.0273
27.0273
27.0273
27.0273
27.0273
27.0273
27.8084
27.8084
27.8084
27.8084
27.8084
27.8084
27.8084
27.8084
28.0635
28.0635
28.0635
28.0635
28.0635
28.0635
28.0635
28.0635
27.8327
27.8327
27.8327
27.8327
27.8327
27.8327
27.8327
27.8327
27.2107
27.2107
27.2107
27.2107
27.2107
27.2107
27.2107
27.2107
26.3271
26.3271
26.3271
26.3271
26.3271
26.3271
26.3271
26.3271
25.3234
25.3234
25.3234
25.3234
25.3234
25.3234
25.3234
25.3234
24.3339
24.3339
24.3339
24.3339
24.3339
24.3339
24.3339
24.3339
23.4736
23.4736
23.4736
23.4736
23.4736
23.4736
23.4736
23.4736
22.8345
22.8345
22.8345
22.8345
22.8345
22.8345
22.8345
22.8345
22.4875
22.4875
22.4875
22.4875
22.4875
22.4875
22.4875
22.4875
17.8149
17.8149
17.8149
17.8149
17.8149
17.8149
17.8149
17.8149
19.9376
19.9376
19.9376
19.9376
19.9376
19.9376
19.9376
19.9376
22.0617
22.0617
22.0617
22.0617
22.0617
22.0617
22.0617
22.0617
24.0465
24.0465
24.0465
24.0465
24.0465
24.0465
24.0465
24.0465
25.7447
25.7447
25.7447
25.7447
25.7447
25.7447
25.7447
25.7447
27.0273
27.0273
27.0273
27.0273
27.0273
27.0273
27.0273
27.0273
27.8084
27.8084
27.8084
27.8084
27.8084
27.8084
27.8084
27.8084
28.0635
28.0635
28.0635
28.0635
28.0635
28.0635
28.0635
28.0635
27.8327
27.8327
27.8327
27.8327
27.8327
27.8327
27.8327
27.8327
27.2107
27.2107
27.2107
27.2107
27.2107
27.2107
27.2107
27.2107
26.3271
26.3271
26.3271
26.3271
26.3271
26.3271
26.3271
26.3271
25.3234
25.3234
25.3234
25.3234
25.3234
25.3234
25.3234
25.3234
24.3339
24.3339
24.3339
24.3339
24.3339
24.3339
24.3339
24.3339
23.4736
23.4736
23.4736
23.4736
23.4736
23.4736
23.4736
23.4736
22.8345
22.8345
22.8345
22.8345
22.8345
22.8345
22.8345
22.8345
22.4875
22.4875
22.4875
22.4875
22.4875
22.4875
22.4875
22.4875
17.8149
17.8149
17.8149
17.8149
17.8149
17.8149
17.8149
17.8149
19.9376
19.9376
19.9376
19.9376
19.9376
19.9376
19.9376
19.9376
22.0617
22.0617
22.0617
22.0617
22.0617
22.0617
22.0617
22.0617
24.0465
24.0465
24.0465
24.0465
24.0465
24.0465
24.0465
24.0465
25.7447
25.7447
25.7447
25.7447
25.7447
25.7447
25.7447
25.7447
27.0273
27.0273
27.0273
27.0273
27.0273
27.0273
27.0273
27.0273
27.8084
27.8084
27.8084
27.8084
27.8084
27.8084
27.8084
27.8084
28.0635
28.0635
28.0635
28.0635
28.0635
28.0635
28.0635
28.0635
27.8327
27.8327
27.8327
27.8327
27.8327
27.8327
27.8327
27.8327
27.2107
27.2107
27.2107
27.2107
27.2107
27.2107
27.2107
27.2107
26.3271
26.3271
26.3271
26.3271
26.3271
26.3271
26.3271
26.3271
25.3234
25.3234
25.3234
25.3234
25.3234
25.3234
25.3234
25.3234
24.3339
24.3339
24.3339
24.3339
24.3339
24.3339
24.3339
24.3339
23.4736
23.4736
23.4736
23.4736
23.4736
23.4736
23.4736
23.4736
22.8345
22.8345
22.8345
22.8345
22.8345
22.8345
22.8345
22.8345
22.4875
22.4875
22.4875
22.4875
22.4875
22.4875
22.4875
22.4875
18.0791
18.0791
18.0791
18.0791
18.0791
18.0791
18.0791
18.0791
20.2794
20.2794
20.2794
20.2794
20.2794
20.2794
20.2794
20.2794
22.5064
22.5064
22.5064
22.5064
22.5064
22.5064
22.5064
22.5064
24.6134
24.6134
24.6134
24.6134
24.6134
24.6134
24.6134
24.6134
26.4415
26.4415
26.4415
26.4415
26.4415
26.4415
26.4415
26.4415
27.8453
27.8453
27.8453
27.8453
27.8453
27.8453
27.8453
27.8453
28.7217
28.7217
28.7217
28.7217
28.7217
28.7217
28.7217
28.7217
29.0309
29.0309
29.0309
29.0309
29.0309
29.0309
29.0309
29.0309
28.8035
28.8035
28.8035
28.8035
28.8035
28.8035
28.8035
28.8035
28.1327
28.1327
28.1327
28.1327
28.1327
28.1327
28.1327
28.1327
27.1533
27.1533
27.1533
27.1533
27.1533
27.1533
27.1533
27.1533
26.0165
26.0165
26.0165
26.0165
26.0165
26.0165
26.0165
26.0165
24.8682
24.8682
24.8682
24.8682
24.8682
24.8682
24.8682
24.8682
23.8338
23.8338
23.8338
23.8338
23.8338
23.8338
23.8338
23.8338
23.0131
23.0131
23.0131
23.0131
23.0131
23.0131
23.0131
23.0131
22.4816
22.4816
22.4816
22.4816
22.4816
22.4816
22.4816
22.4816
18.0791
18.0791
18.0791
18.0791
18.0791
18.0791
18.0791
18.0791
20.2794
20.2794
20.2794
20.2794
20.2794
20.2794
20.2794
20.2794
22.5064
22.5064
22.5064
22.5064
22.5064
22.5064
22.5064
22.5064
24.6134
24.6134
24.6134
24.6134
24.6134
24.6134
24.6134
24.6134
26.4415
26.4415
26.4415
26.4415
26.4415
26.4415
26.4415
26.4415
27.8453
27.8453
27.8453
27.8453
27.8453
27.8453
27.8453
27.8453
28.7217
28.7217
28.7217
28.7217
28.7217
28.7217
28.7217
28.7217
29.0309
29.0309
29.0309
29.0309
29.0309
29.0309
29.0309
29.0309
28.8035
28.8035
28.8035
28.8035
28.8035
28.8035
28.8035
28.8035
28.1327
28.1327
28.1327
28.1327
28.1327
28.1327
28.1327
28.1327
27.1533
27.1533
27.1533
27.1533
27.1533
27.1533
27.1533
27.1533
26.0165
26.0165
26.0165
26.0165
26.0165
26.0165
26.0165
26.0165
24.8682
24.8682
24.8682
24.8682
24.8682
24.8682
24.8682
24.8682
23.8338
23.8338
23.8338
23.8338
23.8338
23.8338
23.8338
23.8338
23.0131
23.0131
23.0131
23.0131
23.0131
23.0131
23.0131
23.0131
22.4816
22.4816
22.4816
22.4816
22.4816
22.4816
22.4816
22.4816
18.0791
18.0791
18.0791
18.0791
18.0791
18.0791
18.0791
18.0791
20.2794
20.2794
20.2794
20.2794
20.2794
20.2794
20.2794
20.2794
22.5064
22.5064
22.5064
22.5064
22.5064
22.5064
22.5064
22.5064
24.6134
24.6134
24.6134
24.6134
24.6134
24.6134
24.6134
24.6134
26.4415
26.4415
26.4415
26.4415
26.4415
26.4415
26.4415
26.4415
27.8453
27.8453
27.8453
27.8453
27.8453
27.8453
27.8453
27.8453
28.7217
28.7217
28.7217
28.7217
28.7217
28.7217
28.7217
28.7217
29.0309
29.0309
29.0309
29.0309
29.0309
29.0309
29.0309
29.0309
28.8035
28.8035
28.8035
28.8035
28.8035
28.8035
28.8035
28.8035
28.1327
28.1327
28.1327
28.1327
28.1327
28.1327
28.1327
28.1327
27.1533
27.1533
27.1533
27.1533
27.1533
27.1533
27.1533
27.1533
26.0165
26.0165
26.0165
26.0165
26.0165
26.0165
26.0165
26.0165
24.8682
24.8682
24.8682
24.8682
24.8682
24.8682
24.8682
24.8682
23.8338
23.8338
23.8338
23.8338
23.8338
23.8338
23.8338
23.8338
23.0131
23.0131
23.0131
23.0131
23.0131
23.0131
23.0131
23.0131
22.4816
22.4816
22.4816
22.4816
22.4816
22.4816
22.4816
22.4816
18.0791
18.0791
18.0791
18.0791
18.0791
18.0791
18.0791
18.0791
20.2794
20.2794
20.2794
20.2794
20.2794
20.2794
20.2794
20.2794
22.5064
22.5064
22.5064
22.5064
22.5064
22.5064
22.5064
22.5064
24.6134
24.6134
24.6134
24.6134
24.6134
24.6134
24.6134
24.6134
26.4415
26.4415
26.4415
26.4415
26.4415
26.4415
26.4415
26.4415
27.8453
27.8453
27.8453
27.8453
27.8453
27.8453
27.8453
27.8453
28.7217
28.7217
28.7217
28.7217
28.7217
28.7217
28.7217
28.7217
29.0309
29.0309
29.0309
29.0309
29.0309
29.0309
29.0309
29.0309
28.8035
28.8035
28.8035
28.8035
28.8035
28.8035
28.8035
28.8035
28.1327
28.1327
28.1327
28.1327
28.1327
28.1327
28.1327
28.1327
27.1533
27.1533
27.1533
27.1533
27.1533
27.1533
27.1533
27.1533
26.0165
26.0165
26.0165
26.0165
26.0165
26.0165
26.0165
26.0165
24.8682
24.8682
24.8682
24.8682
24.8682
24.8682
24.8682
24.8682
23.8338
23.8338
23.8338
23.8338
23.8338
23.8338
23.8338
23.8338
23.0131
23.0131
23.0131
23.0131
23.0131
23.0131
23.0131
23.0131
22.4816
22.4816
22.4816
22.4816
22.4816
22.4816
22.4816
22.4816
18.4798
18.4798
18.4798
18.4798
18.4798
18.4798
18.4798
18.4798
20.7531
20.7531
20.7531
20.7531
20.7531
20.7531
20.7531
20.7531
23.0746
23.0746
23.0746
23.0746
23.0746
23.0746
23.0746
23.0746
25.2914
25.2914
25.2914
25.2914
25.2914
25.2914
25.2914
25.2914
27.2325
27.2325
27.2325
27.2325
27.2325
27.2325
27.2325
27.2325
28.7363
28.7363
28.7363
28.7363
28.7363
28.7363
28.7363
28.7363
29.6823
29.6823
29.6823
29.6823
29.6823
29.6823
29.6823
29.6823
30.0155
30.0155
30.0155
30.0155
30.0155
30.0155
30.0155
30.0155
29.7584
29.7584
29.7584
29.7584
29.7584
29.7584
29.7584
29.7584
29.0034
29.0034
29.0034
29.0034
29.0034
29.0034
29.0034
29.0034
27.8922
27.8922
27.8922
27.8922
27.8922
27.8922
27.8922
27.8922
26.5874
26.5874
26.5874
26.5874
26.5874
26.5874
26.5874
26.5874
25.2475
25.2475
25.2475
25.2475
25.2475
25.2475
25.2475
25.2475
24.0092
24.0092
24.0092
24.0092
24.0092
24.0092
24.0092
24.0092
22.98
22.98
22.98
22.98
22.98
22.98
22.98
22.98
22.2392
22.2392
22.2392
22.2392
22.2392
22.2392
22.2392
22.2392
18.4798
18.4798
18.4798
18.4798
18.4798
18.4798
18.4798
18.4798
20.7531
20.7531
20.7531
20.7531
20.7531
20.7531
20.7531
20.7531
23.0746
23.0746
23.0746
23.0746
23.0746
23.0746
23.0746
23.0746
25.2914
25.2914
25.2914
25.2914
25.2914
25.2914
25.2914
25.2914
27.2325
27.2325
27.2325
27.2325
27.2325
27.2325
27.2325
27.2325
28.7363
28.7363
28.7363
28.7363
28.7363
28.7363
28.7363
28.7363
29.6823
29.6823
29.6823
29.6823
29.6823
29.6823
29.6823
29.6823
30.0155
30.0155
30.0155
30.0155
30.0155
30.0155
30.0155
30.0155
29.7584
29.7584
29.7584
29.7584
29.7584
29.7584
29.7584
29.7584
29.0034
29.0034
29.0034
29.0034
29.0034
29.0034
29.0034
29.0034
27.8922
27.8922
27.8922
27.8922
27.8922
27.8922
27.8922
27.8922
26.5874
26.5874
26.5874
26.5874
26.5874
26.5874
26.5874
26.5874
25.2475
25.2475
25.2475
25.2475
25.2475
25.2475
25.2475
25.2475
24.0092
24.0092
24.0092
24.0092
24.0092
24.0092
24.0092
24.0092
22.98
22.98
22.98
22.98
22.98
22.98
22.98
22.98
22.2392
22.2392
22.2392
22.2392
22.2392
22.2392
22.2392
22.2392
18.4798
18.4798
18.4798
18.4798
18.4798
18.4798
18.4798
18.4798
20.7531
20.7531
20.7531
20.7531
20.7531
20.7531
20.7531
20.7531
23.0746
23.0746
23.0746
23.0746
23.0746
23.0746
23.0746
23.0746
25.2914
25.2914
25.2914
25.2914
25.2914
25.2914
25.2914
25.2914
27.2325
27.2325
27.2325
27.2325
27.2325
27.2325
27.2325
27.2325
28.7363
28.7363
28.7363
28.7363
28.7363
28.7363
28.7363
28.7363
29.6823
29.6823
29.6823
29.6823
29.6823
29.6823
29.6823
29.6823
30.0155
30.0155
30.0155
30.0155
30.0155
30.0155
30.0155
30.0155
29.7584
29.7584
29.7584
29.7584
29.7584
29.7584
29.7584
29.7584
29.0034
29.0034
29.0034
29.0034
29.0034
29.0034
29.0034
29.0034
27.8922
27.8922
27.8922
27.8922
27.8922
27.8922
27.8922
27.8922
26.5874
26.5874
26.5874
26.5874
26.5874
26.5874
26.5874
26.5874
25.2475
25.2475
25.2475
25.2475
25.2475
25.2475
25.2475
25.2475
24.0092
24.0092
24.0092
24.0092
24.0092
24.0092
24.0092
24.0092
22.98
22.98
22.98
22.98
22.98
22.98
22.98
22.98
22.2392
22.2392
22.2392
22.2392
22.2392
22.2392
22.2392
22.2392
18.4798
18.4798
18.4798
18.4798
18.4798
18.4798
18.4798
18.4798
20.7531
20.7531
20.7531
20.7531
20.7531
20.7531
20.7531
20.7531
23.0746
23.0746
23.0746
23.0746
23.0746
23.0746
23.0746
23.0746
25.2914
25.2914
25.2914
25.2914
25.2914
25.2914
25.2914
25.2914
27.2325
27.2325
27.2325
27.2325
27.2325
27.2325
27.2325
27.2325
28.7363
28.7363
28.7363
28.7363
28.7363
28.7363
28.7363
28.7363
29.6823
29.6823
29.6823
29.6823
29.6823
29.6823
29.6823
29.6823
30.0155
30.0155
30.0155
30.0155
30.0155
30.0155
30.0155
30.0155
29.7584
29.7584
29.7584
29.7584
29.7584
29.7584
29.7584
29.7584
29.0034
29.0034
29.0034
29.0034
29.0034
29.0034
29.0034
29.0034
27.8922
27.8922
27.8922
27.8922
27.8922
27.8922
27.8922
27.8922
26.5874
26.5874
26.5874
26.5874
26.5874
26.5874
26.5874
26.5874
25.2475
25.2475
25.2475
25.2475
25.2475
25.2475
25.2475
25.2475
24.0092
24.0092
24.0092
24.0092
24.0092
24.0092
24.0092
24.0092
22.98
22.98
22.98
22.98
22.98
22.98
22.98
22.98
22.2392
22.2392
22.2392
22.2392
22.2392
22.2392
22.2392
22.2392
19.0567
19.0567
19.0567
19.0567
19.0567
19.0567
19.0567
19.0567
21.404
21.404
21.404
21.404
21.404
21.404
21.404
21.404
23.8183
23.8183
23.8183
23.8183
23.8183
23.8183
23.8183
23.8183
26.1392
26.1392
26.1392
26.1392
26.1392
26.1392
26.1392
26.1392
28.1827
28.1827
28.1827
28.1827
28.1827
28.1827
28.1827
28.1827
29.7705
29.7705
29.7705
29.7705
29.7705
29.7705
29.7705
29.7705
30.7642
30.7642
30.7642
30.7642
30.7642
30.7642
30.7642
30.7642
31.0946
31.0946
31.0946
31.0946
31.0946
31.0946
31.0946
31.0946
30.7764
30.7764
30.7764
30.7764
30.7764
30.7764
30.7764
30.7764
29.9034
29.9034
29.9034
29.9034
29.9034
29.9034
29.9034
29.9034
28.6258
28.6258
28.6258
28.6258
28.6258
28.6258
28.6258
28.6258
27.12
27.12
27.12
27.12
27.12
27.12
27.12
27.12
25.5588
25.5588
25.5588
25.5588
25.5588
25.5588
25.5588
25.5588
24.0912
24.0912
24.0912
24.0912
24.0912
24.0912
24.0912
24.0912
22.8326
22.8326
22.8326
22.8326
22.8326
22.8326
22.8326
22.8326
21.8663
21.8663
21.8663
21.8663
21.8663
21.8663
21.8663
21.8663
19.0567
19.0567
19.0567
19.0567
19.0567
19.0567
19.0567
19.0567
21.404
21.404
21.404
21.404
21.404
21.404
21.404
21.404
23.8183
23.8183
23.8183
23.8183
23.8183
23.8183
23.8183
23.8183
26.1392
26.1392
26.1392
26.1392
26.1392
26.1392
26.1392
26.1392
28.1827
28.1827
28.1827
28.1827
28.1827
28.1827
28.1827
28.1827
29.7705
29.7705
29.7705
29.7705
29.7705
29.7705
29.7705
29.7705
30.7642
30.7642
30.7642
30.7642
30.7642
30.7642
30.7642
30.7642
31.0946
31.0946
31.0946
31.0946
31.0946
31.0946
31.0946
31.0946
30.7764
30.7764
30.7764
30.7764
30.7764
30.7764
30.7764
30.7764
29.9034
29.9034
29.9034
29.9034
29.9034
29.9034
29.9034
29.9034
28.6258
28.6258
28.6258
28.6258
28.6258
28.6258
28.6258
28.6258
27.12
27.12
27.12
27.12
27.12
27.12
27.12
27.12
25.5588
25.5588
25.5588
25.5588
25.5588
25.5588
25.5588
25.5588
24.0912
24.0912
24.0912
24.0912
24.0912
24.0912
24.0912
24.0912
22.8326
22.8326
22.8326
22.8326
22.8326
22.8326
22.8326
22.8326
21.8663
21.8663
21.8663
21.8663
21.8663
21.8663
21.8663
21.8663
19.0567
19.0567
19.0567
19.0567
19.0567
19.0567
19.0567
19.0567
21.404
21.404
21.404
21.404
21.404
21.404
21.404
21.404
23.8183
23.8183
23.8183
23.8183
23.8183
23.8183
23.8183
23.8183
26.1392
26.1392
26.1392
26.1392
26.1392
26.1392
26.1392
26.1392
28.1827
28.1827
28.1827
28.1827
28.1827
28.1827
28.1827
28.1827
29.7705
29.7705
29.7705
29.7705
29.7705
29.7705
29.7705
29.7705
30.7642
30.7642
30.7642
30.7642
30.7642
30.7642
30.7642
30.7642
31.0946
31.0946
31.0946
31.0946
31.0946
31.0946
31.0946
31.0946
30.7764
30.7764
30.7764
30.7764
30.7764
30.7764
30.7764
30.7764
29.9034
29.9034
29.9034
29.9034
29.9034
29.9034
29.9034
29.9034
28.6258
28.6258
28.6258
28.6258
28.6258
28.6258
28.6258
28.6258
27.12
27.12
27.12
27.12
27.12
27.12
27.12
27.12
25.5588
25.5588
25.5588
25.5588
25.5588
25.5588
25.5588
25.5588
24.0912
24.0912
24.0912
24.0912
24.0912
24.0912
24.0912
24.0912
22.8326
22.8326
22.8326
22.8326
22.8326
22.8326
22.8326
22.8326
21.8663
21.8663
21.8663
21.8663
21.8663
21.8663
21.8663
21.8663
19.0567
19.0567
19.0567
19.0567
19.0567
19.0567
19.0567
19.0567
21.404
21.404
21.404
21.404
21.404
21.404
21.404
21.404
23.8183
23.8183
23.8183
23.8183
23.8183
23.8183
23.8183
23.8183
26.1392
26.1392
26.1392
26.1392
26.1392
26.1392
26.1392
26.1392
28.1827
28.1827
28.1827
28.1827
28.1827
28.1827
28.1827
28.1827
29.7705
29.7705
29.7705
29.7705
29.7705
29.7705
29.7705
29.7705
30.7642
30.7642
30.7642
30.7642
30.7642
30.7642
30.7642
30.7642
31.0946
31.0946
31.0946
31.0946
31.0946
31.0946
31.0946
31.0946
30.7764
30.7764
30.7764
30.7764
30.7764
30.7764
30.7764
30.7764
29.9034
29.9034
29.9034
29.9034
29.9034
29.9034
29.9034
29.9034
28.6258
28.6258
28.6258
28.6258
28.6258
28.6258
28.6258
28.6258
27.12
27.12
27.12
27.12
27.12
27.12
27.12
27.12
25.5588
25.5588
25.5588
25.5588
25.5588
25.5588
25.5588
25.5588
24.0912
24.0912
24.0912
24.0912
24.0912
24.0912
24.0912
24.0912
22.8326
22.8326
22.8326
22.8326
22.8326
22.8326
22.8326
22.8326
21.8663
21.8663
21.8663
21.8663
21.8663
21.8663
21.8663
21.8663
19.8494
19.8494
19.8494
19.8494
19.8494
19.8494
19.8494
19.8494
22.2776
22.2776
22.2776
22.2776
22.2776
22.2776
22.2776
22.2776
24.7892
24.7892
24.7892
24.7892
24.7892
24.7892
24.7892
24.7892
27.2149
27.2149
27.2149
27.2149
27.2149
27.2149
27.2149
27.2149
29.3569
29.3569
29.3569
29.3569
29.3569
29.3569
29.3569
29.3569
31.019
31.019
31.019
31.019
31.019
31.019
31.019
31.019
32.0443
32.0443
32.0443
32.0443
32.0443
32.0443
32.0443
32.0443
32.3493
32.3493
32.3493
32.3493
32.3493
32.3493
32.3493
32.3493
31.9421
31.9421
31.9421
31.9421
31.9421
31.9421
31.9421
31.9421
30.9196
30.9196
30.9196
30.9196
30.9196
30.9196
30.9196
30.9196
29.4432
29.4432
29.4432
29.4432
29.4432
29.4432
29.4432
29.4432
27.7055
27.7055
27.7055
27.7055
27.7055
27.7055
27.7055
27.7055
25.8959
25.8959
25.8959
25.8959
25.8959
25.8959
25.8959
25.8959
24.177
24.177
24.177
24.177
24.177
24.177
24.177
24.177
22.6732
22.6732
22.6732
22.6732
22.6732
22.6732
22.6732
22.6732
21.471
21.471
21.471
21.471
21.471
21.471
21.471
21.471
19.8494
19.8494
19.8494
19.8494
19.8494
19.8494
19.8494
19.8494
22.2776
22.2776
22.2776
22.2776
22.2776
22.2776
22.2776
22.2776
24.7892
24.7892
24.7892
24.7892
24.7892
24.7892
24.7892
24.7892
27.2149
27.2149
27.2149
27.2149
27.2149
27.2149
27.2149
27.2149
29.3569
29.3569
29.3569
29.3569
29.3569
29.3569
29.3569
29.3569
31.019
31.019
31.019
31.019
31.019
31.019
31.019
31.019
32.0443
32.0443
32.0443
32.0443
32.0443
32.0443
32.0443
32.0443
32.3493
32.3493
32.3493
32.3493
32.3493
32.3493
32.3493
32.3493
31.9421
31.9421
31.9421
31.9421
31.9421
31.9421
31.9421
31.9421
30.9196
30.9196
30.9196
30.9196
30.9196
30.9196
30.9196
30.9196
29.4432
29.4432
29.4432
29.4432
29.4432
29.4432
29.4432
29.4432
27.7055
27.7055
27.7055
27.7055
27.7055
27.7055
27.7055
27.7055
25.8959
25.8959
25.8959
25.8959
25.8959
25.8959
25.8959
25.8959
24.177
24.177
24.177
24.177
24.177
24.177
24.177
24.177
22.6732
22.6732
22.6732
22.6732
22.6732
22.6732
22.6732
22.6732
21.471
21.471
21.471
21.471
21.471
21.471
21.471
21.471
19.8494
19.8494
19.8494
19.8494
19.8494
19.8494
19.8494
19.8494
22.2776
22.2776
22.2776
22.2776
22.2776
22.2776
22.2776
22.2776
24.7892
24.7892
24.7892
24.7892
24.7892
24.7892
24.7892
24.7892
27.2149
27.2149
27.2149
27.2149
27.2149
27.2149
27.2149
27.2149
29.3569
29.3569
29.3569
29.3569
29.3569
29.3569
29.3569
29.3569
31.019
31.019
31.019
31.019
31.019
31.019
31.019
31.019
32.0443
32.0443
32.0443
32.0443
32.0443
32.0443
32.0443
32.0443
32.3493
32.3493
32.3493
32.3493
32.3493
32.3493
32.3493
32.3493
31.9421
31.9421
31.9421
31.9421
31.9421
31.9421
31.9421
31.9421
30.9196
30.9196
30.9196
30.9196
30.9196
30.9196
30.9196
30.9196
29.4432
29.4432
29.4432
29.4432
29.4432
29.4432
29.4432
29.4432
27.7055
27.7055
27.7055
27.7055
27.7055
27.7055
27.7055
27.7055
25.8959
25.8959
25.8959
25.8959
25.8959
25.8959
25.8959
25.8959
24.177
24.177
24.177
24.177
24.177
24.177
24.177
24.177
22.6732
22.6732
22.6732
22.6732
22.6732
22.6732
22.6732
22.6732
21.471
21.471
21.471
21.471
21.471
21.471
21.471
21.471
19.8494
19.8494
19.8494
19.8494
19.8494
19.8494
19.8494
19.8494
22.2776
22.2776
22.2776
22.2776
22.2776
22.2776
22.2776
22.2776
24.7892
24.7892
24.7892
24.7892
24.7892
24.7892
24.7892
24.7892
27.2149
27.2149
27.2149
27.2149
27.2149
27.2149
27.2149
27.2149
29.3569
29.3569
29.3569
29.3569
29.3569
29.3569
29.3569
29.3569
31.019
31.019
31.019
31.019
31.019
31.019
31.019
31.019
32.0443
32.0443
32.0443
32.0443
32.0443
32.0443
32.0443
32.0443
32.3493
32.3493
32.3493
32.3493
32.3493
32.3493
32.3493
32.3493
31.9421
31.9421
31.9421
31.9421
31.9421
31.9421
31.9421
31.9421
30.9196
30.9196
30.9196
30.9196
30.9196
30.9196
30.9196
30.9196
29.4432
29.4432
29.4432
29.4432
29.4432
29.4432
29.4432
29.4432
27.7055
27.7055
27.7055
27.7055
27.7055
27.7055
27.7055
27.7055
25.8959
25.8959
25.8959
25.8959
25.8959
25.8959
25.8959
25.8959
24.177
24.177
24.177
24.177
24.177
24.177
24.177
24.177
22.6732
22.6732
22.6732
22.6732
22.6732
22.6732
22.6732
22.6732
21.471
21.471
21.471
21.471
21.471
21.471
21.471
21.471
