8192
7.84283
7.84283
7.84283
7.84283
7.84283
7.84283
7.84283
7.84283
8.13871
8.13871
8.13871
8.13871
8.13871
8.13871
8.13871
8.13871
8.61932
8.61932
8.61932
8.61932
8.61932
8.61932
8.61932
8.61932
9.29459
9.29459
9.29459
9.29459
9.29459
9.29459
9.29459
9.29459
10.1724
10.1724
10.1724
10.1724
10.1724
10.1724
10.1724
10.1724
11.2549
11.2549
11.2549
11.2549
11.2549
11.2549
11.2549
11.2549
12.5334
12.5334
12.5334
12.5334
12.5334
12.5334
12.5334
12.5334
13.9841
13.9841
13.9841
13.9841
13.9841
13.9841
13.9841
13.9841
15.5644
15.5644
15.5644
15.5644
15.5644
15.5644
15.5644
15.5644
17.2127
17.2127
17.2127
17.2127
17.2127
17.2127
17.2127
17.2127
18.8527
18.8527
18.8527
18.8527
18.8527
18.8527
18.8527
18.8527
20.4028
20.4028
20.4028
20.4028
20.4028
20.4028
20.4028
20.4028
21.7879
21.7879
21.7879
21.7879
21.7879
21.7879
21.7879
21.7879
22.9534
22.9534
22.9534
22.9534
22.9534
22.9534
22.9534
22.9534
23.8741
23.8741
23.8741
23.8741
23.8741
23.8741
23.8741
23.8741
24.5592
24.5592
24.5592
24.5592
24.5592
24.5592
24.5592
24.5592
7.84283
7.84283
7.84283
7.84283
7.84283
7.84283
7.84283
7.84283
8.13871
8.13871
8.13871
8.13871
8.13871
8.13871
8.13871
8.13871
8.61932
8.61932
8.61932
8.61932
8.61932
8.61932
8.61932
8.61932
9.29459
9.29459
9.29459
9.29459
9.29459
9.29459
9.29459
9.29459
10.1724
10.1724
10.1724
10.1724
10.1724
10.1724
10.1724
10.1724
11.2549
11.2549
11.2549
11.2549
11.2549
11.2549
11.2549
11.2549
12.5334
12.5334
12.5334
12.5334
12.5334
12.5334
12.5334
12.5334
13.9841
13.9841
13.9841
13.9841
13.9841
13.9841
13.9841
13.9841
15.5644
15.5644
15.5644
15.5644
15.5644
15.5644
15.5644
15.5644
17.2127
17.2127
17.2127
17.2127
17.2127
17.2127
17.2127
17.2127
18.8527
18.8527
18.8527
18.8527
18.8527
18.8527
18.8527
18.8527
20.4028
20.4028
20.4028
20.4028
20.4028
20.4028
20.4028
20.4028
21.7879
21.7879
21.7879
21.7879
21.7879
21.7879
21.7879
21.7879
22.9534
22.9534
22.9534
22.9534
22.9534
22.9534
22.9534
22.9534
23.8741
23.8741
23.8741
23.8741
23.8741
23.8741
23.8741
23.8741
24.5592
24.5592
24.5592
24.5592
24.5592
24.5592
24.5592
24.5592
7.84283
7.84283
7.84283
7.84283
7.84283
7.84283
7.84283
7.84283
8.13871
8.13871
8.13871
8.13871
8.13871
8.13871
8.13871
8.13871
8.61932
8.61932
8.61932
8.61932
8.61932
8.61932
8.61932
8.61932
9.29459
9.29459
9.29459
9.29459
9.29459
9.29459
9.29459
9.29459
10.1724
10.1724
10.1724
10.1724
10.1724
10.1724
10.1724
10.1724
11.2549
11.2549
11.2549
11.2549
11.2549
11.2549
11.2549
11.2549
12.5334
12.5334
12.5334
12.5334
12.5334
12.5334
12.5334
12.5334
13.9841
13.9841
13.9841
13.9841
13.9841
13.9841
13.9841
13.9841
15.5644
15.5644
15.5644
15.5644
15.5644
15.5644
15.5644
15.5644
17.2127
17.2127
17.2127
17.2127
17.2127
17.2127
17.2127
17.2127
18.8527
18.8527
18.8527
18.8527
18.8527
18.8527
18.8527
18.8527
20.4028
20.4028
20.4028
20.4028
20.4028
20.4028
20.4028
20.4028
21.7879
21.7879
21.7879
21.7879
21.7879
21.7879
21.7879
21.7879
22.9534
22.9534
22.9534
22.9534
22.9534
22.9534
22.9534
22.9534
23.8741
23.8741
23.8741
23.8741
23.8741
23.8741
23.8741
23.8741
24.5592
24.5592
24.5592
24.5592
24.5592
24.5592
24.5592
24.5592
7.84283
7.84283
7.84283
7.84283
7.84283
7.84283
7.84283
7.84283
8.13871
8.13871
8.13871
8.13871
8.13871
8.13871
8.13871
8.13871
8.61932
8.61932
8.61932
8.61932
8.61932
8.61932
8.61932
8.61932
9.29459
9.29459
9.29459
9.29459
9.29459
9.29459
9.29459
9.29459
10.1724
10.1724
10.1724
10.1724
10.1724
10.1724
10.1724
10.1724
11.2549
11.2549
11.2549
11.2549
11.2549
11.2549
11.2549
11.2549
12.5334
12.5334
12.5334
12.5334
12.5334
12.5334
12.5334
12.5334
13.9841
13.9841
13.9841
13.9841
13.9841
13.9841
13.9841
13.9841
15.5644
15.5644
15.5644
15.5644
15.5644
15.5644
15.5644
15.5644
17.2127
17.2127
17.2127
17.2127
17.2127
17.2127
17.2127
17.2127
18.8527
18.8527
18.8527
18.8527
18.8527
18.8527
18.8527
18.8527
20.4028
20.4028
20.4028
20.4028
20.4028
20.4028
20.4028
20.4028
21.7879
21.7879
21.7879
21.7879
21.7879
21.7879
21.7879
21.7879
22.9534
22.9534
22.9534
22.9534
22.9534
22.9534
22.9534
22.9534
23.8741
23.8741
23.8741
23.8741
23.8741
23.8741
23.8741
23.8741
24.5592
24.5592
24.5592
24.5592
24.5592
24.5592
24.5592
24.5592
9.05073
9.05073
9.05073
9.05073
9.05073
9.05073
9.05073
9.05073
9.38919
9.38919
9.38919
9.38919
9.38919
9.38919
9.38919
9.38919
9.93352
9.93352
9.93352
9.93352
9.93352
9.93352
9.93352
9.93352
10.6932
10.6932
10.6932
10.6932
10.6932
10.6932
10.6932
10.6932
11.6743
11.6743
11.6743
11.6743
11.6743
11.6743
11.6743
11.6743
12.8754
12.8754
12.8754
12.8754
12.8754
12.8754
12.8754
12.8754
14.2814
14.2814
14.2814
14.2814
14.2814
14.2814
14.2814
14.2814
15.8597
15.8597
15.8597
15.8597
15.8597
15.8597
15.8597
15.8597
17.5557
17.5557
17.5557
17.5557
17.5557
17.5557
17.5557
17.5557
19.2945
19.2945
19.2945
19.2945
19.2945
19.2945
19.2945
19.2945
20.9867
20.9867
20.9867
20.9867
20.9867
20.9867
20.9867
20.9867
22.5392
22.5392
22.5392
22.5392
22.5392
22.5392
22.5392
22.5392
23.8705
23.8705
23.8705
23.8705
23.8705
23.8705
23.8705
23.8705
24.9247
24.9247
24.9247
24.9247
24.9247
24.9247
24.9247
24.9247
25.6818
25.6818
25.6818
25.6818
25.6818
25.6818
25.6818
25.6818
26.1604
26.1604
26.1604
26.1604
26.1604
26.1604
26.1604
26.1604
9.05073
9.05073
9.05073
9.05073
9.05073
9.05073
9.05073
9.05073
9.38919
9.38919
9.38919
9.38919
9.38919
9.38919
9.38919
9.38919
9.93352
9.93352
9.93352
9.93352
9.93352
9.93352
9.93352
9.93352
10.6932
10.6932
10.6932
10.6932
10.6932
10.6932
10.6932
10.6932
11.6743
11.6743
11.6743
11.6743
11.6743
11.6743
11.6743
11.6743
12.8754
12.8754
12.8754
12.8754
12.8754
12.8754
12.8754
12.8754
14.2814
14.2814
14.2814
14.2814
14.2814
14.2814
14.2814
14.2814
15.8597
15.8597
15.8597
15.8597
15.8597
15.8597
15.8597
15.8597
17.5557
17.5557
17.5557
17.5557
17.5557
17.5557
17.5557
17.5557
19.2945
19.2945
19.2945
19.2945
19.2945
19.2945
19.2945
19.2945
20.9867
20.9867
20.9867
20.9867
20.9867
20.9867
20.9867
20.9867
22.5392
22.5392
22.5392
22.5392
22.5392
22.5392
22.5392
22.5392
23.8705
23.8705
23.8705
23.8705
23.8705
23.8705
23.8705
23.8705
24.9247
24.9247
24.9247
24.9247
24.9247
24.9247
24.9247
24.9247
25.6818
25.6818
25.6818
25.6818
25.6818
25.6818
25.6818
25.6818
26.1604
26.1604
26.1604
26.1604
26.1604
26.1604
26.1604
26.1604
9.05073
9.05073
9.05073
9.05073
9.05073
9.05073
9.05073
9.05073
9.38919
9.38919
9.38919
9.38919
9.38919
9.38919
9.38919
9.38919
9.93352
9.93352
9.93352
9.93352
9.93352
9.93352
9.93352
9.93352
10.6932
10.6932
10.6932
10.6932
10.6932
10.6932
10.6932
10.6932
11.6743
11.6743
11.6743
11.6743
11.6743
11.6743
11.6743
11.6743
12.8754
12.8754
12.8754
12.8754
12.8754
12.8754
12.8754
12.8754
14.2814
14.2814
14.2814
14.2814
14.2814
14.2814
14.2814
14.2814
15.8597
15.8597
15.8597
15.8597
15.8597
15.8597
15.8597
15.8597
17.5557
17.5557
17.5557
17.5557
17.5557
17.5557
17.5557
17.5557
19.2945
19.2945
19.2945
19.2945
19.2945
19.2945
19.2945
19.2945
20.9867
20.9867
20.9867
20.9867
20.9867
20.9867
20.9867
20.9867
22.5392
22.5392
22.5392
22.5392
22.5392
22.5392
22.5392
22.5392
23.8705
23.8705
23.8705
23.8705
23.8705
23.8705
23.8705
23.8705
24.9247
24.9247
24.9247
24.9247
24.9247
24.9247
24.9247
24.9247
25.6818
25.6818
25.6818
25.6818
25.6818
25.6818
25.6818
25.6818
26.1604
26.1604
26.1604
26.1604
26.1604
26.1604
26.1604
26.1604
9.05073
9.05073
9.05073
9.05073
9.05073
9.05073
9.05073
9.05073
9.38919
9.38919
9.38919
9.38919
9.38919
9.38919
9.38919
9.38919
9.93352
9.93352
9.93352
9.93352
9.93352
9.93352
9.93352
9.93352
10.6932
10.6932
10.6932
10.6932
10.6932
10.6932
10.6932
10.6932
11.6743
11.6743
11.6743
11.6743
11.6743
11.6743
11.6743
11.6743
12.8754
12.8754
12.8754
12.8754
12.8754
12.8754
12.8754
12.8754
14.2814
14.2814
14.2814
14.2814
14.2814
14.2814
14.2814
14.2814
15.8597
15.8597
15.8597
15.8597
15.8597
15.8597
15.8597
15.8597
17.5557
17.5557
17.5557
17.5557
17.5557
17.5557
17.5557
17.5557
19.2945
19.2945
19.2945
19.2945
19.2945
19.2945
19.2945
19.2945
20.9867
20.9867
20.9867
20.9867
20.9867
20.9867
20.9867
20.9867
22.5392
22.5392
22.5392
22.5392
22.5392
22.5392
22.5392
22.5392
23.8705
23.8705
23.8705
23.8705
23.8705
23.8705
23.8705
23.8705
24.9247
24.9247
24.9247
24.9247
24.9247
24.9247
24.9247
24.9247
25.6818
25.6818
25.6818
25.6818
25.6818
25.6818
25.6818
25.6818
26.1604
26.1604
26.1604
26.1604
26.1604
26.1604
26.1604
26.1604
10.4843
10.4843
10.4843
10.4843
10.4843
10.4843
10.4843
10.4843
10.8775
10.8775
10.8775
10.8775
10.8775
10.8775
10.8775
10.8775
11.5013
11.5013
11.5013
11.5013
11.5013
11.5013
11.5013
11.5013
12.365
12.365
12.365
12.365
12.365
12.365
12.365
12.365
13.4731
13.4731
13.4731
13.4731
13.4731
13.4731
13.4731
13.4731
14.8199
14.8199
14.8199
14.8199
14.8199
14.8199
14.8199
14.8199
16.3838
16.3838
16.3838
16.3838
16.3838
16.3838
16.3838
16.3838
18.1214
18.1214
18.1214
18.1214
18.1214
18.1214
18.1214
18.1214
19.9652
19.9652
19.9652
19.9652
19.9652
19.9652
19.9652
19.9652
21.8244
21.8244
21.8244
21.8244
21.8244
21.8244
21.8244
21.8244
23.5939
23.5939
23.5939
23.5939
23.5939
23.5939
23.5939
23.5939
25.1675
25.1675
25.1675
25.1675
25.1675
25.1675
25.1675
25.1675
26.4555
26.4555
26.4555
26.4555
26.4555
26.4555
26.4555
26.4555
27.4005
27.4005
27.4005
27.4005
27.4005
27.4005
27.4005
27.4005
27.988
27.988
27.988
27.988
27.988
27.988
27.988
27.988
28.2477
28.2477
28.2477
28.2477
28.2477
28.2477
28.2477
28.2477
10.4843
10.4843
10.4843
10.4843
10.4843
10.4843
10.4843
10.4843
10.8775
10.8775
10.8775
10.8775
10.8775
10.8775
10.8775
10.8775
11.5013
11.5013
11.5013
11.5013
11.5013
11.5013
11.5013
11.5013
12.365
12.365
12.365
12.365
12.365
12.365
12.365
12.365
13.4731
13.4731
13.4731
13.4731
13.4731
13.4731
13.4731
13.4731
14.8199
14.8199
14.8199
14.8199
14.8199
14.8199
14.8199
14.8199
16.3838
16.3838
16.3838
16.3838
16.3838
16.3838
16.3838
16.3838
18.1214
18.1214
18.1214
18.1214
18.1214
18.1214
18.1214
18.1214
19.9652
19.9652
19.9652
19.9652
19.9652
19.9652
19.9652
19.9652
21.8244
21.8244
21.8244
21.8244
21.8244
21.8244
21.8244
21.8244
23.5939
23.5939
23.5939
23.5939
23.5939
23.5939
23.5939
23.5939
25.1675
25.1675
25.1675
25.1675
25.1675
25.1675
25.1675
25.1675
26.4555
26.4555
26.4555
26.4555
26.4555
26.4555
26.4555
26.4555
27.4005
27.4005
27.4005
27.4005
27.4005
27.4005
27.4005
27.4005
27.988
27.988
27.988
27.988
27.988
27.988
27.988
27.988
28.2477
28.2477
28.2477
28.2477
28.2477
28.2477
28.2477
28.2477
10.4843
10.4843
10.4843
10.4843
10.4843
10.4843
10.4843
10.4843
10.8775
10.8775
10.8775
10.8775
10.8775
10.8775
10.8775
10.8775
11.5013
11.5013
11.5013
11.5013
11.5013
11.5013
11.5013
11.5013
12.365
12.365
12.365
12.365
12.365
12.365
12.365
12.365
13.4731
13.4731
13.4731
13.4731
13.4731
13.4731
13.4731
13.4731
14.8199
14.8199
14.8199
14.8199
14.8199
14.8199
14.8199
14.8199
16.3838
16.3838
16.3838
16.3838
16.3838
16.3838
16.3838
16.3838
18.1214
18.1214
18.1214
18.1214
18.1214
18.1214
18.1214
18.1214
19.9652
19.9652
19.9652
19.9652
19.9652
19.9652
19.9652
19.9652
21.8244
21.8244
21.8244
21.8244
21.8244
21.8244
21.8244
21.8244
23.5939
23.5939
23.5939
23.5939
23.5939
23.5939
23.5939
23.5939
25.1675
25.1675
25.1675
25.1675
25.1675
25.1675
25.1675
25.1675
26.4555
26.4555
26.4555
26.4555
26.4555
26.4555
26.4555
26.4555
27.4005
27.4005
27.4005
27.4005
27.4005
27.4005
27.4005
27.4005
27.988
27.988
27.988
27.988
27.988
27.988
27.988
27.988
28.2477
28.2477
28.2477
28.2477
28.2477
28.2477
28.2477
28.2477
10.4843
10.4843
10.4843
10.4843
10.4843
10.4843
10.4843
10.4843
10.8775
10.8775
10.8775
10.8775
10.8775
10.8775
10.8775
10.8775
11.5013
11.5013
11.5013
11.5013
11.5013
11.5013
11.5013
11.5013
12.365
12.365
12.365
12.365
12.365
12.365
12.365
12.365
13.4731
13.4731
13.4731
13.4731
13.4731
13.4731
13.4731
13.4731
14.8199
14.8199
14.8199
14.8199
14.8199
14.8199
14.8199
14.8199
16.3838
16.3838
16.3838
16.3838
16.3838
16.3838
16.3838
16.3838
18.1214
18.1214
18.1214
18.1214
18.1214
18.1214
18.1214
18.1214
19.9652
19.9652
19.9652
19.9652
19.9652
19.9652
19.9652
19.9652
21.8244
21.8244
21.8244
21.8244
21.8244
21.8244
21.8244
21.8244
23.5939
23.5939
23.5939
23.5939
23.5939
23.5939
23.5939
23.5939
25.1675
25.1675
25.1675
25.1675
25.1675
25.1675
25.1675
25.1675
26.4555
26.4555
26.4555
26.4555
26.4555
26.4555
26.4555
26.4555
27.4005
27.4005
27.4005
27.4005
27.4005
27.4005
27.4005
27.4005
27.988
27.988
27.988
27.988
27.988
27.988
27.988
27.988
28.2477
28.2477
28.2477
28.2477
28.2477
28.2477
28.2477
28.2477
12.1248
12.1248
12.1248
12.1248
12.1248
12.1248
12.1248
12.1248
12.5838
12.5838
12.5838
12.5838
12.5838
12.5838
12.5838
12.5838
13.301
13.301
13.301
13.301
13.301
13.301
13.301
13.301
14.2865
14.2865
14.2865
14.2865
14.2865
14.2865
14.2865
14.2865
15.5431
15.5431
15.5431
15.5431
15.5431
15.5431
15.5431
15.5431
17.0611
17.0611
17.0611
17.0611
17.0611
17.0611
17.0611
17.0611
18.8118
18.8118
18.8118
18.8118
18.8118
18.8118
18.8118
18.8118
20.7403
20.7403
20.7403
20.7403
20.7403
20.7403
20.7403
20.7403
22.7642
22.7642
22.7642
22.7642
22.7642
22.7642
22.7642
22.7642
24.7753
24.7753
24.7753
24.7753
24.7753
24.7753
24.7753
24.7753
26.6504
26.6504
26.6504
26.6504
26.6504
26.6504
26.6504
26.6504
28.2679
28.2679
28.2679
28.2679
28.2679
28.2679
28.2679
28.2679
29.528
29.528
29.528
29.528
29.528
29.528
29.528
29.528
30.3707
30.3707
30.3707
30.3707
30.3707
30.3707
30.3707
30.3707
30.7871
30.7871
30.7871
30.7871
30.7871
30.7871
30.7871
30.7871
30.8192
30.8192
30.8192
30.8192
30.8192
30.8192
30.8192
30.8192
12.1248
12.1248
12.1248
12.1248
12.1248
12.1248
12.1248
12.1248
12.5838
12.5838
12.5838
12.5838
12.5838
12.5838
12.5838
12.5838
13.301
13.301
13.301
13.301
13.301
13.301
13.301
13.301
14.2865
14.2865
14.2865
14.2865
14.2865
14.2865
14.2865
14.2865
15.5431
15.5431
15.5431
15.5431
15.5431
15.5431
15.5431
15.5431
17.0611
17.0611
17.0611
17.0611
17.0611
17.0611
17.0611
17.0611
18.8118
18.8118
18.8118
18.8118
18.8118
18.8118
18.8118
18.8118
20.7403
20.7403
20.7403
20.7403
20.7403
20.7403
20.7403
20.7403
22.7642
22.7642
22.7642
22.7642
22.7642
22.7642
22.7642
22.7642
24.7753
24.7753
24.7753
24.7753
24.7753
24.7753
24.7753
24.7753
26.6504
26.6504
26.6504
26.6504
26.6504
26.6504
26.6504
26.6504
28.2679
28.2679
28.2679
28.2679
28.2679
28.2679
28.2679
28.2679
29.528
29.528
29.528
29.528
29.528
29.528
29.528
29.528
30.3707
30.3707
30.3707
30.3707
30.3707
30.3707
30.3707
30.3707
30.7871
30.7871
30.7871
30.7871
30.7871
30.7871
30.7871
30.7871
30.8192
30.8192
30.8192
30.8192
30.8192
30.8192
30.8192
30.8192
12.1248
12.1248
12.1248
12.1248
12.1248
12.1248
12.1248
12.1248
12.5838
12.5838
12.5838
12.5838
12.5838
12.5838
12.5838
12.5838
13.301
13.301
13.301
13.301
13.301
13.301
13.301
13.301
14.2865
14.2865
14.2865
14.2865
14.2865
14.2865
14.2865
14.2865
15.5431
15.5431
15.5431
15.5431
15.5431
15.5431
15.5431
15.5431
17.0611
17.0611
17.0611
17.0611
17.0611
17.0611
17.0611
17.0611
18.8118
18.8118
18.8118
18.8118
18.8118
18.8118
18.8118
18.8118
20.7403
20.7403
20.7403
20.7403
20.7403
20.7403
20.7403
20.7403
22.7642
22.7642
22.7642
22.7642
22.7642
22.7642
22.7642
22.7642
24.7753
24.7753
24.7753
24.7753
24.7753
24.7753
24.7753
24.7753
26.6504
26.6504
26.6504
26.6504
26.6504
26.6504
26.6504
26.6504
28.2679
28.2679
28.2679
28.2679
28.2679
28.2679
28.2679
28.2679
29.528
29.528
29.528
29.528
29.528
29.528
29.528
29.528
30.3707
30.3707
30.3707
30.3707
30.3707
30.3707
30.3707
30.3707
30.7871
30.7871
30.7871
30.7871
30.7871
30.7871
30.7871
30.7871
30.8192
30.8192
30.8192
30.8192
30.8192
30.8192
30.8192
30.8192
12.1248
12.1248
12.1248
12.1248
12.1248
12.1248
12.1248
12.1248
12.5838
12.5838
12.5838
12.5838
12.5838
12.5838
12.5838
12.5838
13.301
13.301
13.301
13.301
13.301
13.301
13.301
13.301
14.2865
14.2865
14.2865
14.2865
14.2865
14.2865
14.2865
14.2865
15.5431
15.5431
15.5431
15.5431
15.5431
15.5431
15.5431
15.5431
17.0611
17.0611
17.0611
17.0611
17.0611
17.0611
17.0611
17.0611
18.8118
18.8118
18.8118
18.8118
18.8118
18.8118
18.8118
18.8118
20.7403
20.7403
20.7403
20.7403
20.7403
20.7403
20.7403
20.7403
22.7642
22.7642
22.7642
22.7642
22.7642
22.7642
22.7642
22.7642
24.7753
24.7753
24.7753
24.7753
24.7753
24.7753
24.7753
24.7753
26.6504
26.6504
26.6504
26.6504
26.6504
26.6504
26.6504
26.6504
28.2679
28.2679
28.2679
28.2679
28.2679
28.2679
28.2679
28.2679
29.528
29.528
29.528
29.528
29.528
29.528
29.528
29.528
30.3707
30.3707
30.3707
30.3707
30.3707
30.3707
30.3707
30.3707
30.7871
30.7871
30.7871
30.7871
30.7871
30.7871
30.7871
30.7871
30.8192
30.8192
30.8192
30.8192
30.8192
30.8192
30.8192
30.8192
13.9238
13.9238
13.9238
13.9238
13.9238
13.9238
13.9238
13.9238
14.4555
14.4555
14.4555
14.4555
14.4555
14.4555
14.4555
14.4555
15.2755
15.2755
15.2755
15.2755
15.2755
15.2755
15.2755
15.2755
16.3949
16.3949
16.3949
16.3949
16.3949
16.3949
16.3949
16.3949
17.8156
17.8156
17.8156
17.8156
17.8156
17.8156
17.8156
17.8156
19.5246
19.5246
19.5246
19.5246
19.5246
19.5246
19.5246
19.5246
21.4854
21.4854
21.4854
21.4854
21.4854
21.4854
21.4854
21.4854
23.6322
23.6322
23.6322
23.6322
23.6322
23.6322
23.6322
23.6322
25.8668
25.8668
25.8668
25.8668
25.8668
25.8668
25.8668
25.8668
28.062
28.062
28.062
28.062
28.062
28.062
28.062
28.062
30.0747
30.0747
30.0747
30.0747
30.0747
30.0747
30.0747
30.0747
31.7652
31.7652
31.7652
31.7652
31.7652
31.7652
31.7652
31.7652
33.0212
33.0212
33.0212
33.0212
33.0212
33.0212
33.0212
33.0212
33.7785
33.7785
33.7785
33.7785
33.7785
33.7785
33.7785
33.7785
34.0324
34.0324
34.0324
34.0324
34.0324
34.0324
34.0324
34.0324
33.8372
33.8372
33.8372
33.8372
33.8372
33.8372
33.8372
33.8372
13.9238
13.9238
13.9238
13.9238
13.9238
13.9238
13.9238
13.9238
14.4555
14.4555
14.4555
14.4555
14.4555
14.4555
14.4555
14.4555
15.2755
15.2755
15.2755
15.2755
15.2755
15.2755
15.2755
15.2755
16.3949
16.3949
16.3949
16.3949
16.3949
16.3949
16.3949
16.3949
17.8156
17.8156
17.8156
17.8156
17.8156
17.8156
17.8156
17.8156
19.5246
19.5246
19.5246
19.5246
19.5246
19.5246
19.5246
19.5246
21.4854
21.4854
21.4854
21.4854
21.4854
21.4854
21.4854
21.4854
23.6322
23.6322
23.6322
23.6322
23.6322
23.6322
23.6322
23.6322
25.8668
25.8668
25.8668
25.8668
25.8668
25.8668
25.8668
25.8668
28.062
28.062
28.062
28.062
28.062
28.062
28.062
28.062
30.0747
30.0747
30.0747
30.0747
30.0747
30.0747
30.0747
30.0747
31.7652
31.7652
31.7652
31.7652
31.7652
31.7652
31.7652
31.7652
33.0212
33.0212
33.0212
33.0212
33.0212
33.0212
33.0212
33.0212
33.7785
33.7785
33.7785
33.7785
33.7785
33.7785
33.7785
33.7785
34.0324
34.0324
34.0324
34.0324
34.0324
34.0324
34.0324
34.0324
33.8372
33.8372
33.8372
33.8372
33.8372
33.8372
33.8372
33.8372
13.9238
13.9238
13.9238
13.9238
13.9238
13.9238
13.9238
13.9238
14.4555
14.4555
14.4555
14.4555
14.4555
14.4555
14.4555
14.4555
15.2755
15.2755
15.2755
15.2755
15.2755
15.2755
15.2755
15.2755
16.3949
16.3949
16.3949
16.3949
16.3949
16.3949
16.3949
16.3949
17.8156
17.8156
17.8156
17.8156
17.8156
17.8156
17.8156
17.8156
19.5246
19.5246
19.5246
19.5246
19.5246
19.5246
19.5246
19.5246
21.4854
21.4854
21.4854
21.4854
21.4854
21.4854
21.4854
21.4854
23.6322
23.6322
23.6322
23.6322
23.6322
23.6322
23.6322
23.6322
25.8668
25.8668
25.8668
25.8668
25.8668
25.8668
25.8668
25.8668
28.062
28.062
28.062
28.062
28.062
28.062
28.062
28.062
30.0747
30.0747
30.0747
30.0747
30.0747
30.0747
30.0747
30.0747
31.7652
31.7652
31.7652
31.7652
31.7652
31.7652
31.7652
31.7652
33.0212
33.0212
33.0212
33.0212
33.0212
33.0212
33.0212
33.0212
33.7785
33.7785
33.7785
33.7785
33.7785
33.7785
33.7785
33.7785
34.0324
34.0324
34.0324
34.0324
34.0324
34.0324
34.0324
34.0324
33.8372
33.8372
33.8372
33.8372
33.8372
33.8372
33.8372
33.8372
13.9238
13.9238
13.9238
13.9238
13.9238
13.9238
13.9238
13.9238
14.4555
14.4555
14.4555
14.4555
14.4555
14.4555
14.4555
14.4555
15.2755
15.2755
15.2755
15.2755
15.2755
15.2755
15.2755
15.2755
16.3949
16.3949
16.3949
16.3949
16.3949
16.3949
16.3949
16.3949
17.8156
17.8156
17.8156
17.8156
17.8156
17.8156
17.8156
17.8156
19.5246
19.5246
19.5246
19.5246
19.5246
19.5246
19.5246
19.5246
21.4854
21.4854
21.4854
21.4854
21.4854
21.4854
21.4854
21.4854
23.6322
23.6322
23.6322
23.6322
23.6322
23.6322
23.6322
23.6322
25.8668
25.8668
25.8668
25.8668
25.8668
25.8668
25.8668
25.8668
28.062
28.062
28.062
28.062
28.062
28.062
28.062
28.062
30.0747
30.0747
30.0747
30.0747
30.0747
30.0747
30.0747
30.0747
31.7652
31.7652
31.7652
31.7652
31.7652
31.7652
31.7652
31.7652
33.0212
33.0212
33.0212
33.0212
33.0212
33.0212
33.0212
33.0212
33.7785
33.7785
33.7785
33.7785
33.7785
33.7785
33.7785
33.7785
34.0324
34.0324
34.0324
34.0324
34.0324
34.0324
34.0324
34.0324
33.8372
33.8372
33.8372
33.8372
33.8372
33.8372
33.8372
33.8372
15.8001
15.8001
15.8001
15.8001
15.8001
15.8001
15.8001
15.8001
16.4035
16.4035
16.4035
16.4035
16.4035
16.4035
16.4035
16.4035
17.3266
17.3266
17.3266
17.3266
17.3266
17.3266
17.3266
17.3266
18.5818
18.5818
18.5818
18.5818
18.5818
18.5818
18.5818
18.5818
20.1713
20.1713
20.1713
20.1713
20.1713
20.1713
20.1713
20.1713
22.0792
22.0792
22.0792
22.0792
22.0792
22.0792
22.0792
22.0792
24.2632
24.2632
24.2632
24.2632
24.2632
24.2632
24.2632
24.2632
26.6468
26.6468
26.6468
26.6468
26.6468
26.6468
26.6468
26.6468
29.1166
29.1166
29.1166
29.1166
29.1166
29.1166
29.1166
29.1166
31.5263
31.5263
31.5263
31.5263
31.5263
31.5263
31.5263
31.5263
33.7113
33.7113
33.7113
33.7113
33.7113
33.7113
33.7113
33.7113
35.5119
35.5119
35.5119
35.5119
35.5119
35.5119
35.5119
35.5119
36.8003
36.8003
36.8003
36.8003
36.8003
36.8003
36.8003
36.8003
37.5044
37.5044
37.5044
37.5044
37.5044
37.5044
37.5044
37.5044
37.6214
37.6214
37.6214
37.6214
37.6214
37.6214
37.6214
37.6214
37.2167
37.2167
37.2167
37.2167
37.2167
37.2167
37.2167
37.2167
15.8001
15.8001
15.8001
15.8001
15.8001
15.8001
15.8001
15.8001
16.4035
16.4035
16.4035
16.4035
16.4035
16.4035
16.4035
16.4035
17.3266
17.3266
17.3266
17.3266
17.3266
17.3266
17.3266
17.3266
18.5818
18.5818
18.5818
18.5818
18.5818
18.5818
18.5818
18.5818
20.1713
20.1713
20.1713
20.1713
20.1713
20.1713
20.1713
20.1713
22.0792
22.0792
22.0792
22.0792
22.0792
22.0792
22.0792
22.0792
24.2632
24.2632
24.2632
24.2632
24.2632
24.2632
24.2632
24.2632
26.6468
26.6468
26.6468
26.6468
26.6468
26.6468
26.6468
26.6468
29.1166
29.1166
29.1166
29.1166
29.1166
29.1166
29.1166
29.1166
31.5263
31.5263
31.5263
31.5263
31.5263
31.5263
31.5263
31.5263
33.7113
33.7113
33.7113
33.7113
33.7113
33.7113
33.7113
33.7113
35.5119
35.5119
35.5119
35.5119
35.5119
35.5119
35.5119
35.5119
36.8003
36.8003
36.8003
36.8003
36.8003
36.8003
36.8003
36.8003
37.5044
37.5044
37.5044
37.5044
37.5044
37.5044
37.5044
37.5044
37.6214
37.6214
37.6214
37.6214
37.6214
37.6214
37.6214
37.6214
37.2167
37.2167
37.2167
37.2167
37.2167
37.2167
37.2167
37.2167
15.8001
15.8001
15.8001
15.8001
15.8001
15.8001
15.8001
15.8001
16.4035
16.4035
16.4035
16.4035
16.4035
16.4035
16.4035
16.4035
17.3266
17.3266
17.3266
17.3266
17.3266
17.3266
17.3266
17.3266
18.5818
18.5818
18.5818
18.5818
18.5818
18.5818
18.5818
18.5818
20.1713
20.1713
20.1713
20.1713
20.1713
20.1713
20.1713
20.1713
22.0792
22.0792
22.0792
22.0792
22.0792
22.0792
22.0792
22.0792
24.2632
24.2632
24.2632
24.2632
24.2632
24.2632
24.2632
24.2632
26.6468
26.6468
26.6468
26.6468
26.6468
26.6468
26.6468
26.6468
29.1166
29.1166
29.1166
29.1166
29.1166
29.1166
29.1166
29.1166
31.5263
31.5263
31.5263
31.5263
31.5263
31.5263
31.5263
31.5263
33.7113
33.7113
33.7113
33.7113
33.7113
33.7113
33.7113
33.7113
35.5119
35.5119
35.5119
35.5119
35.5119
35.5119
35.5119
35.5119
36.8003
36.8003
36.8003
36.8003
36.8003
36.8003
36.8003
36.8003
37.5044
37.5044
37.5044
37.5044
37.5044
37.5044
37.5044
37.5044
37.6214
37.6214
37.6214
37.6214
37.6214
37.6214
37.6214
37.6214
37.2167
37.2167
37.2167
37.2167
37.2167
37.2167
37.2167
37.2167
15.8001
15.8001
15.8001
15.8001
15.8001
15.8001
15.8001
15.8001
16.4035
16.4035
16.4035
16.4035
16.4035
16.4035
16.4035
16.4035
17.3266
17.3266
17.3266
17.3266
17.3266
17.3266
17.3266
17.3266
18.5818
18.5818
18.5818
18.5818
18.5818
18.5818
18.5818
18.5818
20.1713
20.1713
20.1713
20.1713
20.1713
20.1713
20.1713
20.1713
22.0792
22.0792
22.0792
22.0792
22.0792
22.0792
22.0792
22.0792
24.2632
24.2632
24.2632
24.2632
24.2632
24.2632
24.2632
24.2632
26.6468
26.6468
26.6468
26.6468
26.6468
26.6468
26.6468
26.6468
29.1166
29.1166
29.1166
29.1166
29.1166
29.1166
29.1166
29.1166
31.5263
31.5263
31.5263
31.5263
31.5263
31.5263
31.5263
31.5263
33.7113
33.7113
33.7113
33.7113
33.7113
33.7113
33.7113
33.7113
35.5119
35.5119
35.5119
35.5119
35.5119
35.5119
35.5119
35.5119
36.8003
36.8003
36.8003
36.8003
36.8003
36.8003
36.8003
36.8003
37.5044
37.5044
37.5044
37.5044
37.5044
37.5044
37.5044
37.5044
37.6214
37.6214
37.6214
37.6214
37.6214
37.6214
37.6214
37.6214
37.2167
37.2167
37.2167
37.2167
37.2167
37.2167
37.2167
37.2167
17.6425
17.6425
17.6425
17.6425
17.6425
17.6425
17.6425
17.6425
18.3058
18.3058
18.3058
18.3058
18.3058
18.3058
18.3058
18.3058
19.319
19.319
19.319
19.319
19.319
19.319
19.319
19.319
20.6973
20.6973
20.6973
20.6973
20.6973
20.6973
20.6973
20.6973
22.4438
22.4438
22.4438
22.4438
22.4438
22.4438
22.4438
22.4438
24.5419
24.5419
24.5419
24.5419
24.5419
24.5419
24.5419
24.5419
26.9452
26.9452
26.9452
26.9452
26.9452
26.9452
26.9452
26.9452
29.5692
29.5692
29.5692
29.5692
29.5692
29.5692
29.5692
29.5692
32.2873
32.2873
32.2873
32.2873
32.2873
32.2873
32.2873
32.2873
34.9356
34.9356
34.9356
34.9356
34.9356
34.9356
34.9356
34.9356
37.3284
37.3284
37.3284
37.3284
37.3284
37.3284
37.3284
37.3284
39.284
39.284
39.284
39.284
39.284
39.284
39.284
39.284
40.6556
40.6556
40.6556
40.6556
40.6556
40.6556
40.6556
40.6556
41.359
41.359
41.359
41.359
41.359
41.359
41.359
41.359
41.3886
41.3886
41.3886
41.3886
41.3886
41.3886
41.3886
41.3886
40.8165
40.8165
40.8165
40.8165
40.8165
40.8165
40.8165
40.8165
17.6425
17.6425
17.6425
17.6425
17.6425
17.6425
17.6425
17.6425
18.3058
18.3058
18.3058
18.3058
18.3058
18.3058
18.3058
18.3058
19.319
19.319
19.319
19.319
19.319
19.319
19.319
19.319
20.6973
20.6973
20.6973
20.6973
20.6973
20.6973
20.6973
20.6973
22.4438
22.4438
22.4438
22.4438
22.4438
22.4438
22.4438
22.4438
24.5419
24.5419
24.5419
24.5419
24.5419
24.5419
24.5419
24.5419
26.9452
26.9452
26.9452
26.9452
26.9452
26.9452
26.9452
26.9452
29.5692
29.5692
29.5692
29.5692
29.5692
29.5692
29.5692
29.5692
32.2873
32.2873
32.2873
32.2873
32.2873
32.2873
32.2873
32.2873
34.9356
34.9356
34.9356
34.9356
34.9356
34.9356
34.9356
34.9356
37.3284
37.3284
37.3284
37.3284
37.3284
37.3284
37.3284
37.3284
39.284
39.284
39.284
39.284
39.284
39.284
39.284
39.284
40.6556
40.6556
40.6556
40.6556
40.6556
40.6556
40.6556
40.6556
41.359
41.359
41.359
41.359
41.359
41.359
41.359
41.359
41.3886
41.3886
41.3886
41.3886
41.3886
41.3886
41.3886
41.3886
40.8165
40.8165
40.8165
40.8165
40.8165
40.8165
40.8165
40.8165
17.6425
17.6425
17.6425
17.6425
17.6425
17.6425
17.6425
17.6425
18.3058
18.3058
18.3058
18.3058
18.3058
18.3058
18.3058
18.3058
19.319
19.319
19.319
19.319
19.319
19.319
19.319
19.319
20.6973
20.6973
20.6973
20.6973
20.6973
20.6973
20.6973
20.6973
22.4438
22.4438
22.4438
22.4438
22.4438
22.4438
22.4438
22.4438
24.5419
24.5419
24.5419
24.5419
24.5419
24.5419
24.5419
24.5419
26.9452
26.9452
26.9452
26.9452
26.9452
26.9452
26.9452
26.9452
29.5692
29.5692
29.5692
29.5692
29.5692
29.5692
29.5692
29.5692
32.2873
32.2873
32.2873
32.2873
32.2873
32.2873
32.2873
32.2873
34.9356
34.9356
34.9356
34.9356
34.9356
34.9356
34.9356
34.9356
37.3284
37.3284
37.3284
37.3284
37.3284
37.3284
37.3284
37.3284
39.284
39.284
39.284
39.284
39.284
39.284
39.284
39.284
40.6556
40.6556
40.6556
40.6556
40.6556
40.6556
40.6556
40.6556
41.359
41.359
41.359
41.359
41.359
41.359
41.359
41.359
41.3886
41.3886
41.3886
41.3886
41.3886
41.3886
41.3886
41.3886
40.8165
40.8165
40.8165
40.8165
40.8165
40.8165
40.8165
40.8165
17.6425
17.6425
17.6425
17.6425
17.6425
17.6425
17.6425
17.6425
18.3058
18.3058
18.3058
18.3058
18.3058
18.3058
18.3058
18.3058
19.319
19.319
19.319
19.319
19.319
19.319
19.319
19.319
20.6973
20.6973
20.6973
20.6973
20.6973
20.6973
20.6973
20.6973
22.4438
22.4438
22.4438
22.4438
22.4438
22.4438
22.4438
22.4438
24.5419
24.5419
24.5419
24.5419
24.5419
24.5419
24.5419
24.5419
26.9452
26.9452
26.9452
26.9452
26.9452
26.9452
26.9452
26.9452
29.5692
29.5692
29.5692
29.5692
29.5692
29.5692
29.5692
29.5692
32.2873
32.2873
32.2873
32.2873
32.2873
32.2873
32.2873
32.2873
34.9356
34.9356
34.9356
34.9356
34.9356
34.9356
34.9356
34.9356
37.3284
37.3284
37.3284
37.3284
37.3284
37.3284
37.3284
37.3284
39.284
39.284
39.284
39.284
39.284
39.284
39.284
39.284
40.6556
40.6556
40.6556
40.6556
40.6556
40.6556
40.6556
40.6556
41.359
41.359
41.359
41.359
41.359
41.359
41.359
41.359
41.3886
41.3886
41.3886
41.3886
41.3886
41.3886
41.3886
41.3886
40.8165
40.8165
40.8165
40.8165
40.8165
40.8165
40.8165
40.8165
19.3232
19.3232
19.3232
19.3232
19.3232
19.3232
19.3232
19.3232
20.0211
20.0211
20.0211
20.0211
20.0211
20.0211
20.0211
20.0211
21.096
21.096
21.096
21.096
21.096
21.096
21.096
21.096
22.5666
22.5666
22.5666
22.5666
22.5666
22.5666
22.5666
22.5666
24.4388
24.4388
24.4388
24.4388
24.4388
24.4388
24.4388
24.4388
26.6971
26.6971
26.6971
26.6971
26.6971
26.6971
26.6971
26.6971
29.2943
29.2943
29.2943
29.2943
29.2943
29.2943
29.2943
29.2943
32.1418
32.1418
32.1418
32.1418
32.1418
32.1418
32.1418
32.1418
35.1042
35.1042
35.1042
35.1042
35.1042
35.1042
35.1042
35.1042
38.0036
38.0036
38.0036
38.0036
38.0036
38.0036
38.0036
38.0036
40.6352
40.6352
40.6352
40.6352
40.6352
40.6352
40.6352
40.6352
42.7949
42.7949
42.7949
42.7949
42.7949
42.7949
42.7949
42.7949
44.3138
44.3138
44.3138
44.3138
44.3138
44.3138
44.3138
44.3138
45.0902
45.0902
45.0902
45.0902
45.0902
45.0902
45.0902
45.0902
45.1085
45.1085
45.1085
45.1085
45.1085
45.1085
45.1085
45.1085
44.4413
44.4413
44.4413
44.4413
44.4413
44.4413
44.4413
44.4413
19.3232
19.3232
19.3232
19.3232
19.3232
19.3232
19.3232
19.3232
20.0211
20.0211
20.0211
20.0211
20.0211
20.0211
20.0211
20.0211
21.096
21.096
21.096
21.096
21.096
21.096
21.096
21.096
22.5666
22.5666
22.5666
22.5666
22.5666
22.5666
22.5666
22.5666
24.4388
24.4388
24.4388
24.4388
24.4388
24.4388
24.4388
24.4388
26.6971
26.6971
26.6971
26.6971
26.6971
26.6971
26.6971
26.6971
29.2943
29.2943
29.2943
29.2943
29.2943
29.2943
29.2943
29.2943
32.1418
32.1418
32.1418
32.1418
32.1418
32.1418
32.1418
32.1418
35.1042
35.1042
35.1042
35.1042
35.1042
35.1042
35.1042
35.1042
38.0036
38.0036
38.0036
38.0036
38.0036
38.0036
38.0036
38.0036
40.6352
40.6352
40.6352
40.6352
40.6352
40.6352
40.6352
40.6352
42.7949
42.7949
42.7949
42.7949
42.7949
42.7949
42.7949
42.7949
44.3138
44.3138
44.3138
44.3138
44.3138
44.3138
44.3138
44.3138
45.0902
45.0902
45.0902
45.0902
45.0902
45.0902
45.0902
45.0902
45.1085
45.1085
45.1085
45.1085
45.1085
45.1085
45.1085
45.1085
44.4413
44.4413
44.4413
44.4413
44.4413
44.4413
44.4413
44.4413
19.3232
19.3232
19.3232
19.3232
19.3232
19.3232
19.3232
19.3232
20.0211
20.0211
20.0211
20.0211
20.0211
20.0211
20.0211
20.0211
21.096
21.096
21.096
21.096
21.096
21.096
21.096
21.096
22.5666
22.5666
22.5666
22.5666
22.5666
22.5666
22.5666
22.5666
24.4388
24.4388
24.4388
24.4388
24.4388
24.4388
24.4388
24.4388
26.6971
26.6971
26.6971
26.6971
26.6971
26.6971
26.6971
26.6971
29.2943
29.2943
29.2943
29.2943
29.2943
29.2943
29.2943
29.2943
32.1418
32.1418
32.1418
32.1418
32.1418
32.1418
32.1418
32.1418
35.1042
35.1042
35.1042
35.1042
35.1042
35.1042
35.1042
35.1042
38.0036
38.0036
38.0036
38.0036
38.0036
38.0036
38.0036
38.0036
40.6352
40.6352
40.6352
40.6352
40.6352
40.6352
40.6352
40.6352
42.7949
42.7949
42.7949
42.7949
42.7949
42.7949
42.7949
42.7949
44.3138
44.3138
44.3138
44.3138
44.3138
44.3138
44.3138
44.3138
45.0902
45.0902
45.0902
45.0902
45.0902
45.0902
45.0902
45.0902
45.1085
45.1085
45.1085
45.1085
45.1085
45.1085
45.1085
45.1085
44.4413
44.4413
44.4413
44.4413
44.4413
44.4413
44.4413
44.4413
19.3232
19.3232
19.3232
19.3232
19.3232
19.3232
19.3232
19.3232
20.0211
20.0211
20.0211
20.0211
20.0211
20.0211
20.0211
20.0211
21.096
21.096
21.096
21.096
21.096
21.096
21.096
21.096
22.5666
22.5666
22.5666
22.5666
22.5666
22.5666
22.5666
22.5666
24.4388
24.4388
24.4388
24.4388
24.4388
24.4388
24.4388
24.4388
26.6971
26.6971
26.6971
26.6971
26.6971
26.6971
26.6971
26.6971
29.2943
29.2943
29.2943
29.2943
29.2943
29.2943
29.2943
29.2943
32.1418
32.1418
32.1418
32.1418
32.1418
32.1418
32.1418
32.1418
35.1042
35.1042
35.1042
35.1042
35.1042
35.1042
35.1042
35.1042
38.0036
38.0036
38.0036
38.0036
38.0036
38.0036
38.0036
38.0036
40.6352
40.6352
40.6352
40.6352
40.6352
40.6352
40.6352
40.6352
42.7949
42.7949
42.7949
42.7949
42.7949
42.7949
42.7949
42.7949
44.3138
44.3138
44.3138
44.3138
44.3138
44.3138
44.3138
44.3138
45.0902
45.0902
45.0902
45.0902
45.0902
45.0902
45.0902
45.0902
45.1085
45.1085
45.1085
45.1085
45.1085
45.1085
45.1085
45.1085
44.4413
44.4413
44.4413
44.4413
44.4413
44.4413
44.4413
44.4413
20.7187
20.7187
20.7187
20.7187
20.7187
20.7187
20.7187
20.7187
21.4125
21.4125
21.4125
21.4125
21.4125
21.4125
21.4125
21.4125
22.5057
22.5057
22.5057
22.5057
22.5057
22.5057
22.5057
22.5057
24.0208
24.0208
24.0208
24.0208
24.0208
24.0208
24.0208
24.0208
25.9675
25.9675
25.9675
25.9675
25.9675
25.9675
25.9675
25.9675
28.3341
28.3341
28.3341
28.3341
28.3341
28.3341
28.3341
28.3341
31.0766
31.0766
31.0766
31.0766
31.0766
31.0766
31.0766
31.0766
34.1072
34.1072
34.1072
34.1072
34.1072
34.1072
34.1072
34.1072
37.2881
37.2881
37.2881
37.2881
37.2881
37.2881
37.2881
37.2881
40.4331
40.4331
40.4331
40.4331
40.4331
40.4331
40.4331
40.4331
43.323
43.323
43.323
43.323
43.323
43.323
43.323
43.323
45.7331
45.7331
45.7331
45.7331
45.7331
45.7331
45.7331
45.7331
47.4706
47.4706
47.4706
47.4706
47.4706
47.4706
47.4706
47.4706
48.41
48.41
48.41
48.41
48.41
48.41
48.41
48.41
48.5178
48.5178
48.5178
48.5178
48.5178
48.5178
48.5178
48.5178
47.8575
47.8575
47.8575
47.8575
47.8575
47.8575
47.8575
47.8575
20.7187
20.7187
20.7187
20.7187
20.7187
20.7187
20.7187
20.7187
21.4125
21.4125
21.4125
21.4125
21.4125
21.4125
21.4125
21.4125
22.5057
22.5057
22.5057
22.5057
22.5057
22.5057
22.5057
22.5057
24.0208
24.0208
24.0208
24.0208
24.0208
24.0208
24.0208
24.0208
25.9675
25.9675
25.9675
25.9675
25.9675
25.9675
25.9675
25.9675
28.3341
28.3341
28.3341
28.3341
28.3341
28.3341
28.3341
28.3341
31.0766
31.0766
31.0766
31.0766
31.0766
31.0766
31.0766
31.0766
34.1072
34.1072
34.1072
34.1072
34.1072
34.1072
34.1072
34.1072
37.2881
37.2881
37.2881
37.2881
37.2881
37.2881
37.2881
37.2881
40.4331
40.4331
40.4331
40.4331
40.4331
40.4331
40.4331
40.4331
43.323
43.323
43.323
43.323
43.323
43.323
43.323
43.323
45.7331
45.7331
45.7331
45.7331
45.7331
45.7331
45.7331
45.7331
47.4706
47.4706
47.4706
47.4706
47.4706
47.4706
47.4706
47.4706
48.41
48.41
48.41
48.41
48.41
48.41
48.41
48.41
48.5178
48.5178
48.5178
48.5178
48.5178
48.5178
48.5178
48.5178
47.8575
47.8575
47.8575
47.8575
47.8575
47.8575
47.8575
47.8575
20.7187
20.7187
20.7187
20.7187
20.7187
20.7187
20.7187
20.7187
21.4125
21.4125
21.4125
21.4125
21.4125
21.4125
21.4125
21.4125
22.5057
22.5057
22.5057
22.5057
22.5057
22.5057
22.5057
22.5057
24.0208
24.0208
24.0208
24.0208
24.0208
24.0208
24.0208
24.0208
25.9675
25.9675
25.9675
25.9675
25.9675
25.9675
25.9675
25.9675
28.3341
28.3341
28.3341
28.3341
28.3341
28.3341
28.3341
28.3341
31.0766
31.0766
31.0766
31.0766
31.0766
31.0766
31.0766
31.0766
34.1072
34.1072
34.1072
34.1072
34.1072
34.1072
34.1072
34.1072
37.2881
37.2881
37.2881
37.2881
37.2881
37.2881
37.2881
37.2881
40.4331
40.4331
40.4331
40.4331
40.4331
40.4331
40.4331
40.4331
43.323
43.323
43.323
43.323
43.323
43.323
43.323
43.323
45.7331
45.7331
45.7331
45.7331
45.7331
45.7331
45.7331
45.7331
47.4706
47.4706
47.4706
47.4706
47.4706
47.4706
47.4706
47.4706
48.41
48.41
48.41
48.41
48.41
48.41
48.41
48.41
48.5178
48.5178
48.5178
48.5178
48.5178
48.5178
48.5178
48.5178
47.8575
47.8575
47.8575
47.8575
47.8575
47.8575
47.8575
47.8575
20.7187
20.7187
20.7187
20.7187
20.7187
20.7187
20.7187
20.7187
21.4125
21.4125
21.4125
21.4125
21.4125
21.4125
21.4125
21.4125
22.5057
22.5057
22.5057
22.5057
22.5057
22.5057
22.5057
22.5057
24.0208
24.0208
24.0208
24.0208
24.0208
24.0208
24.0208
24.0208
25.9675
25.9675
25.9675
25.9675
25.9675
25.9675
25.9675
25.9675
28.3341
28.3341
28.3341
28.3341
28.3341
28.3341
28.3341
28.3341
31.0766
31.0766
31.0766
31.0766
31.0766
31.0766
31.0766
31.0766
34.1072
34.1072
34.1072
34.1072
34.1072
34.1072
34.1072
34.1072
37.2881
37.2881
37.2881
37.2881
37.2881
37.2881
37.2881
37.2881
40.4331
40.4331
40.4331
40.4331
40.4331
40.4331
40.4331
40.4331
43.323
43.323
43.323
43.323
43.323
43.323
43.323
43.323
45.7331
45.7331
45.7331
45.7331
45.7331
45.7331
45.7331
45.7331
47.4706
47.4706
47.4706
47.4706
47.4706
47.4706
47.4706
47.4706
48.41
48.41
48.41
48.41
48.41
48.41
48.41
48.41
48.5178
48.5178
48.5178
48.5178
48.5178
48.5178
48.5178
48.5178
47.8575
47.8575
47.8575
47.8575
47.8575
47.8575
47.8575
47.8575
21.7335
21.7335
21.7335
21.7335
21.7335
21.7335
21.7335
21.7335
22.3755
22.3755
22.3755
22.3755
22.3755
22.3755
22.3755
22.3755
23.4327
23.4327
23.4327
23.4327
23.4327
23.4327
23.4327
23.4327
24.9315
24.9315
24.9315
24.9315
24.9315
24.9315
24.9315
24.9315
26.8864
26.8864
26.8864
26.8864
26.8864
26.8864
26.8864
26.8864
29.2918
29.2918
29.2918
29.2918
29.2918
29.2918
29.2918
29.2918
32.1105
32.1105
32.1105
32.1105
32.1105
32.1105
32.1105
32.1105
35.2616
35.2616
35.2616
35.2616
35.2616
35.2616
35.2616
35.2616
38.6118
38.6118
38.6118
38.6118
38.6118
38.6118
38.6118
38.6118
41.9749
41.9749
41.9749
41.9749
41.9749
41.9749
41.9749
41.9749
45.124
45.124
45.124
45.124
45.124
45.124
45.124
45.124
47.8185
47.8185
47.8185
47.8185
47.8185
47.8185
47.8185
47.8185
49.8416
49.8416
49.8416
49.8416
49.8416
49.8416
49.8416
49.8416
51.0398
51.0398
51.0398
51.0398
51.0398
51.0398
51.0398
51.0398
51.3527
51.3527
51.3527
51.3527
51.3527
51.3527
51.3527
51.3527
50.8241
50.8241
50.8241
50.8241
50.8241
50.8241
50.8241
50.8241
21.7335
21.7335
21.7335
21.7335
21.7335
21.7335
21.7335
21.7335
22.3755
22.3755
22.3755
22.3755
22.3755
22.3755
22.3755
22.3755
23.4327
23.4327
23.4327
23.4327
23.4327
23.4327
23.4327
23.4327
24.9315
24.9315
24.9315
24.9315
24.9315
24.9315
24.9315
24.9315
26.8864
26.8864
26.8864
26.8864
26.8864
26.8864
26.8864
26.8864
29.2918
29.2918
29.2918
29.2918
29.2918
29.2918
29.2918
29.2918
32.1105
32.1105
32.1105
32.1105
32.1105
32.1105
32.1105
32.1105
35.2616
35.2616
35.2616
35.2616
35.2616
35.2616
35.2616
35.2616
38.6118
38.6118
38.6118
38.6118
38.6118
38.6118
38.6118
38.6118
41.9749
41.9749
41.9749
41.9749
41.9749
41.9749
41.9749
41.9749
45.124
45.124
45.124
45.124
45.124
45.124
45.124
45.124
47.8185
47.8185
47.8185
47.8185
47.8185
47.8185
47.8185
47.8185
49.8416
49.8416
49.8416
49.8416
49.8416
49.8416
49.8416
49.8416
51.0398
51.0398
51.0398
51.0398
51.0398
51.0398
51.0398
51.0398
51.3527
51.3527
51.3527
51.3527
51.3527
51.3527
51.3527
51.3527
50.8241
50.8241
50.8241
50.8241
50.8241
50.8241
50.8241
50.8241
21.7335
21.7335
21.7335
21.7335
21.7335
21.7335
21.7335
21.7335
22.3755
22.3755
22.3755
22.3755
22.3755
22.3755
22.3755
22.3755
23.4327
23.4327
23.4327
23.4327
23.4327
23.4327
23.4327
23.4327
24.9315
24.9315
24.9315
24.9315
24.9315
24.9315
24.9315
24.9315
26.8864
26.8864
26.8864
26.8864
26.8864
26.8864
26.8864
26.8864
29.2918
29.2918
29.2918
29.2918
29.2918
29.2918
29.2918
29.2918
32.1105
32.1105
32.1105
32.1105
32.1105
32.1105
32.1105
32.1105
35.2616
35.2616
35.2616
35.2616
35.2616
35.2616
35.2616
35.2616
38.6118
38.6118
38.6118
38.6118
38.6118
38.6118
38.6118
38.6118
41.9749
41.9749
41.9749
41.9749
41.9749
41.9749
41.9749
41.9749
45.124
45.124
45.124
45.124
45.124
45.124
45.124
45.124
47.8185
47.8185
47.8185
47.8185
47.8185
47.8185
47.8185
47.8185
49.8416
49.8416
49.8416
49.8416
49.8416
49.8416
49.8416
49.8416
51.0398
51.0398
51.0398
51.0398
51.0398
51.0398
51.0398
51.0398
51.3527
51.3527
51.3527
51.3527
51.3527
51.3527
51.3527
51.3527
50.8241
50.8241
50.8241
50.8241
50.8241
50.8241
50.8241
50.8241
21.7335
21.7335
21.7335
21.7335
21.7335
21.7335
21.7335
21.7335
22.3755
22.3755
22.3755
22.3755
22.3755
22.3755
22.3755
22.3755
23.4327
23.4327
23.4327
23.4327
23.4327
23.4327
23.4327
23.4327
24.9315
24.9315
24.9315
24.9315
24.9315
24.9315
24.9315
24.9315
26.8864
26.8864
26.8864
26.8864
26.8864
26.8864
26.8864
26.8864
29.2918
29.2918
29.2918
29.2918
29.2918
29.2918
29.2918
29.2918
32.1105
32.1105
32.1105
32.1105
32.1105
32.1105
32.1105
32.1105
35.2616
35.2616
35.2616
35.2616
35.2616
35.2616
35.2616
35.2616
38.6118
38.6118
38.6118
38.6118
38.6118
38.6118
38.6118
38.6118
41.9749
41.9749
41.9749
41.9749
41.9749
41.9749
41.9749
41.9749
45.124
45.124
45.124
45.124
45.124
45.124
45.124
45.124
47.8185
47.8185
47.8185
47.8185
47.8185
47.8185
47.8185
47.8185
49.8416
49.8416
49.8416
49.8416
49.8416
49.8416
49.8416
49.8416
51.0398
51.0398
51.0398
51.0398
51.0398
51.0398
51.0398
51.0398
51.3527
51.3527
51.3527
51.3527
51.3527
51.3527
51.3527
51.3527
50.8241
50.8241
50.8241
50.8241
50.8241
50.8241
50.8241
50.8241
22.32
22.32
22.32
22.32
22.32
22.32
22.32
22.32
22.8591
22.8591
22.8591
22.8591
22.8591
22.8591
22.8591
22.8591
23.8225
23.8225
23.8225
23.8225
23.8225
23.8225
23.8225
23.8225
25.2397
25.2397
25.2397
25.2397
25.2397
25.2397
25.2397
25.2397
27.1303
27.1303
27.1303
27.1303
27.1303
27.1303
27.1303
27.1303
29.4961
29.4961
29.4961
29.4961
29.4961
29.4961
29.4961
29.4961
32.3099
32.3099
32.3099
32.3099
32.3099
32.3099
32.3099
32.3099
35.5028
35.5028
35.5028
35.5028
35.5028
35.5028
35.5028
35.5028
38.9535
38.9535
38.9535
38.9535
38.9535
38.9535
38.9535
38.9535
42.4843
42.4843
42.4843
42.4843
42.4843
42.4843
42.4843
42.4843
45.8701
45.8701
45.8701
45.8701
45.8701
45.8701
45.8701
45.8701
48.8612
48.8612
48.8612
48.8612
48.8612
48.8612
48.8612
48.8612
51.2201
51.2201
51.2201
51.2201
51.2201
51.2201
51.2201
51.2201
52.7635
52.7635
52.7635
52.7635
52.7635
52.7635
52.7635
52.7635
53.3969
53.3969
53.3969
53.3969
53.3969
53.3969
53.3969
53.3969
53.1328
53.1328
53.1328
53.1328
53.1328
53.1328
53.1328
53.1328
22.32
22.32
22.32
22.32
22.32
22.32
22.32
22.32
22.8591
22.8591
22.8591
22.8591
22.8591
22.8591
22.8591
22.8591
23.8225
23.8225
23.8225
23.8225
23.8225
23.8225
23.8225
23.8225
25.2397
25.2397
25.2397
25.2397
25.2397
25.2397
25.2397
25.2397
27.1303
27.1303
27.1303
27.1303
27.1303
27.1303
27.1303
27.1303
29.4961
29.4961
29.4961
29.4961
29.4961
29.4961
29.4961
29.4961
32.3099
32.3099
32.3099
32.3099
32.3099
32.3099
32.3099
32.3099
35.5028
35.5028
35.5028
35.5028
35.5028
35.5028
35.5028
35.5028
38.9535
38.9535
38.9535
38.9535
38.9535
38.9535
38.9535
38.9535
42.4843
42.4843
42.4843
42.4843
42.4843
42.4843
42.4843
42.4843
45.8701
45.8701
45.8701
45.8701
45.8701
45.8701
45.8701
45.8701
48.8612
48.8612
48.8612
48.8612
48.8612
48.8612
48.8612
48.8612
51.2201
51.2201
51.2201
51.2201
51.2201
51.2201
51.2201
51.2201
52.7635
52.7635
52.7635
52.7635
52.7635
52.7635
52.7635
52.7635
53.3969
53.3969
53.3969
53.3969
53.3969
53.3969
53.3969
53.3969
53.1328
53.1328
53.1328
53.1328
53.1328
53.1328
53.1328
53.1328
22.32
22.32
22.32
22.32
22.32
22.32
22.32
22.32
22.8591
22.8591
22.8591
22.8591
22.8591
22.8591
22.8591
22.8591
23.8225
23.8225
23.8225
23.8225
23.8225
23.8225
23.8225
23.8225
25.2397
25.2397
25.2397
25.2397
25.2397
25.2397
25.2397
25.2397
27.1303
27.1303
27.1303
27.1303
27.1303
27.1303
27.1303
27.1303
29.4961
29.4961
29.4961
29.4961
29.4961
29.4961
29.4961
29.4961
32.3099
32.3099
32.3099
32.3099
32.3099
32.3099
32.3099
32.3099
35.5028
35.5028
35.5028
35.5028
35.5028
35.5028
35.5028
35.5028
38.9535
38.9535
38.9535
38.9535
38.9535
38.9535
38.9535
38.9535
42.4843
42.4843
42.4843
42.4843
42.4843
42.4843
42.4843
42.4843
45.8701
45.8701
45.8701
45.8701
45.8701
45.8701
45.8701
45.8701
48.8612
48.8612
48.8612
48.8612
48.8612
48.8612
48.8612
48.8612
51.2201
51.2201
51.2201
51.2201
51.2201
51.2201
51.2201
51.2201
52.7635
52.7635
52.7635
52.7635
52.7635
52.7635
52.7635
52.7635
53.3969
53.3969
53.3969
53.3969
53.3969
53.3969
53.3969
53.3969
53.1328
53.1328
53.1328
53.1328
53.1328
53.1328
53.1328
53.1328
22.32
22.32
22.32
22.32
22.32
22.32
22.32
22.32
22.8591
22.8591
22.8591
22.8591
22.8591
22.8591
22.8591
22.8591
23.8225
23.8225
23.8225
23.8225
23.8225
23.8225
23.8225
23.8225
25.2397
25.2397
25.2397
25.2397
25.2397
25.2397
25.2397
25.2397
27.1303
27.1303
27.1303
27.1303
27.1303
27.1303
27.1303
27.1303
29.4961
29.4961
29.4961
29.4961
29.4961
29.4961
29.4961
29.4961
32.3099
32.3099
32.3099
32.3099
32.3099
32.3099
32.3099
32.3099
35.5028
35.5028
35.5028
35.5028
35.5028
35.5028
35.5028
35.5028
38.9535
38.9535
38.9535
38.9535
38.9535
38.9535
38.9535
38.9535
42.4843
42.4843
42.4843
42.4843
42.4843
42.4843
42.4843
42.4843
45.8701
45.8701
45.8701
45.8701
45.8701
45.8701
45.8701
45.8701
48.8612
48.8612
48.8612
48.8612
48.8612
48.8612
48.8612
48.8612
51.2201
51.2201
51.2201
51.2201
51.2201
51.2201
51.2201
51.2201
52.7635
52.7635
52.7635
52.7635
52.7635
52.7635
52.7635
52.7635
53.3969
53.3969
53.3969
53.3969
53.3969
53.3969
53.3969
53.3969
53.1328
53.1328
53.1328
53.1328
53.1328
53.1328
53.1328
53.1328
22.4869
22.4869
22.4869
22.4869
22.4869
22.4869
22.4869
22.4869
22.8763
22.8763
22.8763
22.8763
22.8763
22.8763
22.8763
22.8763
23.6929
23.6929
23.6929
23.6929
23.6929
23.6929
23.6929
23.6929
24.9683
24.9683
24.9683
24.9683
24.9683
24.9683
24.9683
24.9683
26.7263
26.7263
26.7263
26.7263
26.7263
26.7263
26.7263
26.7263
28.9764
28.9764
28.9764
28.9764
28.9764
28.9764
28.9764
28.9764
31.7033
31.7033
31.7033
31.7033
31.7033
31.7033
31.7033
31.7033
34.8538
34.8538
34.8538
34.8538
34.8538
34.8538
34.8538
34.8538
38.3247
38.3247
38.3247
38.3247
38.3247
38.3247
38.3247
38.3247
41.9554
41.9554
41.9554
41.9554
41.9554
41.9554
41.9554
41.9554
45.5317
45.5317
45.5317
45.5317
45.5317
45.5317
45.5317
45.5317
48.8044
48.8044
48.8044
48.8044
48.8044
48.8044
48.8044
48.8044
51.5219
51.5219
51.5219
51.5219
51.5219
51.5219
51.5219
51.5219
53.4722
53.4722
53.4722
53.4722
53.4722
53.4722
53.4722
53.4722
54.5233
54.5233
54.5233
54.5233
54.5233
54.5233
54.5233
54.5233
54.6482
54.6482
54.6482
54.6482
54.6482
54.6482
54.6482
54.6482
22.4869
22.4869
22.4869
22.4869
22.4869
22.4869
22.4869
22.4869
22.8763
22.8763
22.8763
22.8763
22.8763
22.8763
22.8763
22.8763
23.6929
23.6929
23.6929
23.6929
23.6929
23.6929
23.6929
23.6929
24.9683
24.9683
24.9683
24.9683
24.9683
24.9683
24.9683
24.9683
26.7263
26.7263
26.7263
26.7263
26.7263
26.7263
26.7263
26.7263
28.9764
28.9764
28.9764
28.9764
28.9764
28.9764
28.9764
28.9764
31.7033
31.7033
31.7033
31.7033
31.7033
31.7033
31.7033
31.7033
34.8538
34.8538
34.8538
34.8538
34.8538
34.8538
34.8538
34.8538
38.3247
38.3247
38.3247
38.3247
38.3247
38.3247
38.3247
38.3247
41.9554
41.9554
41.9554
41.9554
41.9554
41.9554
41.9554
41.9554
45.5317
45.5317
45.5317
45.5317
45.5317
45.5317
45.5317
45.5317
48.8044
48.8044
48.8044
48.8044
48.8044
48.8044
48.8044
48.8044
51.5219
51.5219
51.5219
51.5219
51.5219
51.5219
51.5219
51.5219
53.4722
53.4722
53.4722
53.4722
53.4722
53.4722
53.4722
53.4722
54.5233
54.5233
54.5233
54.5233
54.5233
54.5233
54.5233
54.5233
54.6482
54.6482
54.6482
54.6482
54.6482
54.6482
54.6482
54.6482
22.4869
22.4869
22.4869
22.4869
22.4869
22.4869
22.4869
22.4869
22.8763
22.8763
22.8763
22.8763
22.8763
22.8763
22.8763
22.8763
23.6929
23.6929
23.6929
23.6929
23.6929
23.6929
23.6929
23.6929
24.9683
24.9683
24.9683
24.9683
24.9683
24.9683
24.9683
24.9683
26.7263
26.7263
26.7263
26.7263
26.7263
26.7263
26.7263
26.7263
28.9764
28.9764
28.9764
28.9764
28.9764
28.9764
28.9764
28.9764
31.7033
31.7033
31.7033
31.7033
31.7033
31.7033
31.7033
31.7033
34.8538
34.8538
34.8538
34.8538
34.8538
34.8538
34.8538
34.8538
38.3247
38.3247
38.3247
38.3247
38.3247
38.3247
38.3247
38.3247
41.9554
41.9554
41.9554
41.9554
41.9554
41.9554
41.9554
41.9554
45.5317
45.5317
45.5317
45.5317
45.5317
45.5317
45.5317
45.5317
48.8044
48.8044
48.8044
48.8044
48.8044
48.8044
48.8044
48.8044
51.5219
51.5219
51.5219
51.5219
51.5219
51.5219
51.5219
51.5219
53.4722
53.4722
53.4722
53.4722
53.4722
53.4722
53.4722
53.4722
54.5233
54.5233
54.5233
54.5233
54.5233
54.5233
54.5233
54.5233
54.6482
54.6482
54.6482
54.6482
54.6482
54.6482
54.6482
54.6482
22.4869
22.4869
22.4869
22.4869
22.4869
22.4869
22.4869
22.4869
22.8763
22.8763
22.8763
22.8763
22.8763
22.8763
22.8763
22.8763
23.6929
23.6929
23.6929
23.6929
23.6929
23.6929
23.6929
23.6929
24.9683
24.9683
24.9683
24.9683
24.9683
24.9683
24.9683
24.9683
26.7263
26.7263
26.7263
26.7263
26.7263
26.7263
26.7263
26.7263
28.9764
28.9764
28.9764
28.9764
28.9764
28.9764
28.9764
28.9764
31.7033
31.7033
31.7033
31.7033
31.7033
31.7033
31.7033
31.7033
34.8538
34.8538
34.8538
34.8538
34.8538
34.8538
34.8538
34.8538
38.3247
38.3247
38.3247
38.3247
38.3247
38.3247
38.3247
38.3247
41.9554
41.9554
41.9554
41.9554
41.9554
41.9554
41.9554
41.9554
45.5317
45.5317
45.5317
45.5317
45.5317
45.5317
45.5317
45.5317
48.8044
48.8044
48.8044
48.8044
48.8044
48.8044
48.8044
48.8044
51.5219
51.5219
51.5219
51.5219
51.5219
51.5219
51.5219
51.5219
53.4722
53.4722
53.4722
53.4722
53.4722
53.4722
53.4722
53.4722
54.5233
54.5233
54.5233
54.5233
54.5233
54.5233
54.5233
54.5233
54.6482
54.6482
54.6482
54.6482
54.6482
54.6482
54.6482
54.6482
22.2954
22.2954
22.2954
22.2954
22.2954
22.2954
22.2954
22.2954
22.4983
22.4983
22.4983
22.4983
22.4983
22.4983
22.4983
22.4983
23.1269
23.1269
23.1269
23.1269
23.1269
23.1269
23.1269
23.1269
24.2132
24.2132
24.2132
24.2132
24.2132
24.2132
24.2132
24.2132
25.7839
25.7839
25.7839
25.7839
25.7839
25.7839
25.7839
25.7839
27.8553
27.8553
27.8553
27.8553
27.8553
27.8553
27.8553
27.8553
30.4239
30.4239
30.4239
30.4239
30.4239
30.4239
30.4239
30.4239
33.4541
33.4541
33.4541
33.4541
33.4541
33.4541
33.4541
33.4541
36.8646
36.8646
36.8646
36.8646
36.8646
36.8646
36.8646
36.8646
40.5185
40.5185
40.5185
40.5185
40.5185
40.5185
40.5185
40.5185
44.2215
44.2215
44.2215
44.2215
44.2215
44.2215
44.2215
44.2215
47.7345
47.7345
47.7345
47.7345
47.7345
47.7345
47.7345
47.7345
50.8007
50.8007
50.8007
50.8007
50.8007
50.8007
50.8007
50.8007
53.1861
53.1861
53.1861
53.1861
53.1861
53.1861
53.1861
53.1861
54.7206
54.7206
54.7206
54.7206
54.7206
54.7206
54.7206
54.7206
55.3318
55.3318
55.3318
55.3318
55.3318
55.3318
55.3318
55.3318
22.2954
22.2954
22.2954
22.2954
22.2954
22.2954
22.2954
22.2954
22.4983
22.4983
22.4983
22.4983
22.4983
22.4983
22.4983
22.4983
23.1269
23.1269
23.1269
23.1269
23.1269
23.1269
23.1269
23.1269
24.2132
24.2132
24.2132
24.2132
24.2132
24.2132
24.2132
24.2132
25.7839
25.7839
25.7839
25.7839
25.7839
25.7839
25.7839
25.7839
27.8553
27.8553
27.8553
27.8553
27.8553
27.8553
27.8553
27.8553
30.4239
30.4239
30.4239
30.4239
30.4239
30.4239
30.4239
30.4239
33.4541
33.4541
33.4541
33.4541
33.4541
33.4541
33.4541
33.4541
36.8646
36.8646
36.8646
36.8646
36.8646
36.8646
36.8646
36.8646
40.5185
40.5185
40.5185
40.5185
40.5185
40.5185
40.5185
40.5185
44.2215
44.2215
44.2215
44.2215
44.2215
44.2215
44.2215
44.2215
47.7345
47.7345
47.7345
47.7345
47.7345
47.7345
47.7345
47.7345
50.8007
50.8007
50.8007
50.8007
50.8007
50.8007
50.8007
50.8007
53.1861
53.1861
53.1861
53.1861
53.1861
53.1861
53.1861
53.1861
54.7206
54.7206
54.7206
54.7206
54.7206
54.7206
54.7206
54.7206
55.3318
55.3318
55.3318
55.3318
55.3318
55.3318
55.3318
55.3318
22.2954
22.2954
22.2954
22.2954
22.2954
22.2954
22.2954
22.2954
22.4983
22.4983
22.4983
22.4983
22.4983
22.4983
22.4983
22.4983
23.1269
23.1269
23.1269
23.1269
23.1269
23.1269
23.1269
23.1269
24.2132
24.2132
24.2132
24.2132
24.2132
24.2132
24.2132
24.2132
25.7839
25.7839
25.7839
25.7839
25.7839
25.7839
25.7839
25.7839
27.8553
27.8553
27.8553
27.8553
27.8553
27.8553
27.8553
27.8553
30.4239
30.4239
30.4239
30.4239
30.4239
30.4239
30.4239
30.4239
33.4541
33.4541
33.4541
33.4541
33.4541
33.4541
33.4541
33.4541
36.8646
36.8646
36.8646
36.8646
36.8646
36.8646
36.8646
36.8646
40.5185
40.5185
40.5185
40.5185
40.5185
40.5185
40.5185
40.5185
44.2215
44.2215
44.2215
44.2215
44.2215
44.2215
44.2215
44.2215
47.7345
47.7345
47.7345
47.7345
47.7345
47.7345
47.7345
47.7345
50.8007
50.8007
50.8007
50.8007
50.8007
50.8007
50.8007
50.8007
53.1861
53.1861
53.1861
53.1861
53.1861
53.1861
53.1861
53.1861
54.7206
54.7206
54.7206
54.7206
54.7206
54.7206
54.7206
54.7206
55.3318
55.3318
55.3318
55.3318
55.3318
55.3318
55.3318
55.3318
22.2954
22.2954
22.2954
22.2954
22.2954
22.2954
22.2954
22.2954
22.4983
22.4983
22.4983
22.4983
22.4983
22.4983
22.4983
22.4983
23.1269
23.1269
23.1269
23.1269
23.1269
23.1269
23.1269
23.1269
24.2132
24.2132
24.2132
24.2132
24.2132
24.2132
24.2132
24.2132
25.7839
25.7839
25.7839
25.7839
25.7839
25.7839
25.7839
25.7839
27.8553
27.8553
27.8553
27.8553
27.8553
27.8553
27.8553
27.8553
30.4239
30.4239
30.4239
30.4239
30.4239
30.4239
30.4239
30.4239
33.4541
33.4541
33.4541
33.4541
33.4541
33.4541
33.4541
33.4541
36.8646
36.8646
36.8646
36.8646
36.8646
36.8646
36.8646
36.8646
40.5185
40.5185
40.5185
40.5185
40.5185
40.5185
40.5185
40.5185
44.2215
44.2215
44.2215
44.2215
44.2215
44.2215
44.2215
44.2215
47.7345
47.7345
47.7345
47.7345
47.7345
47.7345
47.7345
47.7345
50.8007
50.8007
50.8007
50.8007
50.8007
50.8007
50.8007
50.8007
53.1861
53.1861
53.1861
53.1861
53.1861
53.1861
53.1861
53.1861
54.7206
54.7206
54.7206
54.7206
54.7206
54.7206
54.7206
54.7206
55.3318
55.3318
55.3318
55.3318
55.3318
55.3318
55.3318
55.3318
21.844
21.844
21.844
21.844
21.844
21.844
21.844
21.844
21.8366
21.8366
21.8366
21.8366
21.8366
21.8366
21.8366
21.8366
22.2515
22.2515
22.2515
22.2515
22.2515
22.2515
22.2515
22.2515
23.119
23.119
23.119
23.119
23.119
23.119
23.119
23.119
24.467
24.467
24.467
24.467
24.467
24.467
24.467
24.467
26.3164
26.3164
26.3164
26.3164
26.3164
26.3164
26.3164
26.3164
28.6744
28.6744
28.6744
28.6744
28.6744
28.6744
28.6744
28.6744
31.5225
31.5225
31.5225
31.5225
31.5225
31.5225
31.5225
31.5225
34.8028
34.8028
34.8028
34.8028
34.8028
34.8028
34.8028
34.8028
38.4058
38.4058
38.4058
38.4058
38.4058
38.4058
38.4058
38.4058
42.1637
42.1637
42.1637
42.1637
42.1637
42.1637
42.1637
42.1637
45.8567
45.8567
45.8567
45.8567
45.8567
45.8567
45.8567
45.8567
49.2331
49.2331
49.2331
49.2331
49.2331
49.2331
49.2331
49.2331
52.0447
52.0447
52.0447
52.0447
52.0447
52.0447
52.0447
52.0447
54.0892
54.0892
54.0892
54.0892
54.0892
54.0892
54.0892
54.0892
55.2479
55.2479
55.2479
55.2479
55.2479
55.2479
55.2479
55.2479
21.844
21.844
21.844
21.844
21.844
21.844
21.844
21.844
21.8366
21.8366
21.8366
21.8366
21.8366
21.8366
21.8366
21.8366
22.2515
22.2515
22.2515
22.2515
22.2515
22.2515
22.2515
22.2515
23.119
23.119
23.119
23.119
23.119
23.119
23.119
23.119
24.467
24.467
24.467
24.467
24.467
24.467
24.467
24.467
26.3164
26.3164
26.3164
26.3164
26.3164
26.3164
26.3164
26.3164
28.6744
28.6744
28.6744
28.6744
28.6744
28.6744
28.6744
28.6744
31.5225
31.5225
31.5225
31.5225
31.5225
31.5225
31.5225
31.5225
34.8028
34.8028
34.8028
34.8028
34.8028
34.8028
34.8028
34.8028
38.4058
38.4058
38.4058
38.4058
38.4058
38.4058
38.4058
38.4058
42.1637
42.1637
42.1637
42.1637
42.1637
42.1637
42.1637
42.1637
45.8567
45.8567
45.8567
45.8567
45.8567
45.8567
45.8567
45.8567
49.2331
49.2331
49.2331
49.2331
49.2331
49.2331
49.2331
49.2331
52.0447
52.0447
52.0447
52.0447
52.0447
52.0447
52.0447
52.0447
54.0892
54.0892
54.0892
54.0892
54.0892
54.0892
54.0892
54.0892
55.2479
55.2479
55.2479
55.2479
55.2479
55.2479
55.2479
55.2479
21.844
21.844
21.844
21.844
21.844
21.844
21.844
21.844
21.8366
21.8366
21.8366
21.8366
21.8366
21.8366
21.8366
21.8366
22.2515
22.2515
22.2515
22.2515
22.2515
22.2515
22.2515
22.2515
23.119
23.119
23.119
23.119
23.119
23.119
23.119
23.119
24.467
24.467
24.467
24.467
24.467
24.467
24.467
24.467
26.3164
26.3164
26.3164
26.3164
26.3164
26.3164
26.3164
26.3164
28.6744
28.6744
28.6744
28.6744
28.6744
28.6744
28.6744
28.6744
31.5225
31.5225
31.5225
31.5225
31.5225
31.5225
31.5225
31.5225
34.8028
34.8028
34.8028
34.8028
34.8028
34.8028
34.8028
34.8028
38.4058
38.4058
38.4058
38.4058
38.4058
38.4058
38.4058
38.4058
42.1637
42.1637
42.1637
42.1637
42.1637
42.1637
42.1637
42.1637
45.8567
45.8567
45.8567
45.8567
45.8567
45.8567
45.8567
45.8567
49.2331
49.2331
49.2331
49.2331
49.2331
49.2331
49.2331
49.2331
52.0447
52.0447
52.0447
52.0447
52.0447
52.0447
52.0447
52.0447
54.0892
54.0892
54.0892
54.0892
54.0892
54.0892
54.0892
54.0892
55.2479
55.2479
55.2479
55.2479
55.2479
55.2479
55.2479
55.2479
21.844
21.844
21.844
21.844
21.844
21.844
21.844
21.844
21.8366
21.8366
21.8366
21.8366
21.8366
21.8366
21.8366
21.8366
22.2515
22.2515
22.2515
22.2515
22.2515
22.2515
22.2515
22.2515
23.119
23.119
23.119
23.119
23.119
23.119
23.119
23.119
24.467
24.467
24.467
24.467
24.467
24.467
24.467
24.467
26.3164
26.3164
26.3164
26.3164
26.3164
26.3164
26.3164
26.3164
28.6744
28.6744
28.6744
28.6744
28.6744
28.6744
28.6744
28.6744
31.5225
31.5225
31.5225
31.5225
31.5225
31.5225
31.5225
31.5225
34.8028
34.8028
34.8028
34.8028
34.8028
34.8028
34.8028
34.8028
38.4058
38.4058
38.4058
38.4058
38.4058
38.4058
38.4058
38.4058
42.1637
42.1637
42.1637
42.1637
42.1637
42.1637
42.1637
42.1637
45.8567
45.8567
45.8567
45.8567
45.8567
45.8567
45.8567
45.8567
49.2331
49.2331
49.2331
49.2331
49.2331
49.2331
49.2331
49.2331
52.0447
52.0447
52.0447
52.0447
52.0447
52.0447
52.0447
52.0447
54.0892
54.0892
54.0892
54.0892
54.0892
54.0892
54.0892
54.0892
55.2479
55.2479
55.2479
55.2479
55.2479
55.2479
55.2479
55.2479
21.249
21.249
21.249
21.249
21.249
21.249
21.249
21.249
21.0203
21.0203
21.0203
21.0203
21.0203
21.0203
21.0203
21.0203
21.2109
21.2109
21.2109
21.2109
21.2109
21.2109
21.2109
21.2109
21.8478
21.8478
21.8478
21.8478
21.8478
21.8478
21.8478
21.8478
22.9574
22.9574
22.9574
22.9574
22.9574
22.9574
22.9574
22.9574
24.5636
24.5636
24.5636
24.5636
24.5636
24.5636
24.5636
24.5636
26.6814
26.6814
26.6814
26.6814
26.6814
26.6814
26.6814
26.6814
29.3073
29.3073
29.3073
29.3073
29.3073
29.3073
29.3073
29.3073
32.406
32.406
32.406
32.406
32.406
32.406
32.406
32.406
35.8961
35.8961
35.8961
35.8961
35.8961
35.8961
35.8961
35.8961
39.6405
39.6405
39.6405
39.6405
39.6405
39.6405
39.6405
39.6405
43.4453
43.4453
43.4453
43.4453
43.4453
43.4453
43.4453
43.4453
47.0734
47.0734
47.0734
47.0734
47.0734
47.0734
47.0734
47.0734
50.2729
50.2729
50.2729
50.2729
50.2729
50.2729
50.2729
50.2729
52.8166
52.8166
52.8166
52.8166
52.8166
52.8166
52.8166
52.8166
54.5442
54.5442
54.5442
54.5442
54.5442
54.5442
54.5442
54.5442
21.249
21.249
21.249
21.249
21.249
21.249
21.249
21.249
21.0203
21.0203
21.0203
21.0203
21.0203
21.0203
21.0203
21.0203
21.2109
21.2109
21.2109
21.2109
21.2109
21.2109
21.2109
21.2109
21.8478
21.8478
21.8478
21.8478
21.8478
21.8478
21.8478
21.8478
22.9574
22.9574
22.9574
22.9574
22.9574
22.9574
22.9574
22.9574
24.5636
24.5636
24.5636
24.5636
24.5636
24.5636
24.5636
24.5636
26.6814
26.6814
26.6814
26.6814
26.6814
26.6814
26.6814
26.6814
29.3073
29.3073
29.3073
29.3073
29.3073
29.3073
29.3073
29.3073
32.406
32.406
32.406
32.406
32.406
32.406
32.406
32.406
35.8961
35.8961
35.8961
35.8961
35.8961
35.8961
35.8961
35.8961
39.6405
39.6405
39.6405
39.6405
39.6405
39.6405
39.6405
39.6405
43.4453
43.4453
43.4453
43.4453
43.4453
43.4453
43.4453
43.4453
47.0734
47.0734
47.0734
47.0734
47.0734
47.0734
47.0734
47.0734
50.2729
50.2729
50.2729
50.2729
50.2729
50.2729
50.2729
50.2729
52.8166
52.8166
52.8166
52.8166
52.8166
52.8166
52.8166
52.8166
54.5442
54.5442
54.5442
54.5442
54.5442
54.5442
54.5442
54.5442
21.249
21.249
21.249
21.249
21.249
21.249
21.249
21.249
21.0203
21.0203
21.0203
21.0203
21.0203
21.0203
21.0203
21.0203
21.2109
21.2109
21.2109
21.2109
21.2109
21.2109
21.2109
21.2109
21.8478
21.8478
21.8478
21.8478
21.8478
21.8478
21.8478
21.8478
22.9574
22.9574
22.9574
22.9574
22.9574
22.9574
22.9574
22.9574
24.5636
24.5636
24.5636
24.5636
24.5636
24.5636
24.5636
24.5636
26.6814
26.6814
26.6814
26.6814
26.6814
26.6814
26.6814
26.6814
29.3073
29.3073
29.3073
29.3073
29.3073
29.3073
29.3073
29.3073
32.406
32.406
32.406
32.406
32.406
32.406
32.406
32.406
35.8961
35.8961
35.8961
35.8961
35.8961
35.8961
35.8961
35.8961
39.6405
39.6405
39.6405
39.6405
39.6405
39.6405
39.6405
39.6405
43.4453
43.4453
43.4453
43.4453
43.4453
43.4453
43.4453
43.4453
47.0734
47.0734
47.0734
47.0734
47.0734
47.0734
47.0734
47.0734
50.2729
50.2729
50.2729
50.2729
50.2729
50.2729
50.2729
50.2729
52.8166
52.8166
52.8166
52.8166
52.8166
52.8166
52.8166
52.8166
54.5442
54.5442
54.5442
54.5442
54.5442
54.5442
54.5442
54.5442
21.249
21.249
21.249
21.249
21.249
21.249
21.249
21.249
21.0203
21.0203
21.0203
21.0203
21.0203
21.0203
21.0203
21.0203
21.2109
21.2109
21.2109
21.2109
21.2109
21.2109
21.2109
21.2109
21.8478
21.8478
21.8478
21.8478
21.8478
21.8478
21.8478
21.8478
22.9574
22.9574
22.9574
22.9574
22.9574
22.9574
22.9574
22.9574
24.5636
24.5636
24.5636
24.5636
24.5636
24.5636
24.5636
24.5636
26.6814
26.6814
26.6814
26.6814
26.6814
26.6814
26.6814
26.6814
29.3073
29.3073
29.3073
29.3073
29.3073
29.3073
29.3073
29.3073
32.406
32.406
32.406
32.406
32.406
32.406
32.406
32.406
35.8961
35.8961
35.8961
35.8961
35.8961
35.8961
35.8961
35.8961
39.6405
39.6405
39.6405
39.6405
39.6405
39.6405
39.6405
39.6405
43.4453
43.4453
43.4453
43.4453
43.4453
43.4453
43.4453
43.4453
47.0734
47.0734
47.0734
47.0734
47.0734
47.0734
47.0734
47.0734
50.2729
50.2729
50.2729
50.2729
50.2729
50.2729
50.2729
50.2729
52.8166
52.8166
52.8166
52.8166
52.8166
52.8166
52.8166
52.8166
54.5442
54.5442
54.5442
54.5442
54.5442
54.5442
54.5442
54.5442
20.6264
20.6264
20.6264
20.6264
20.6264
20.6264
20.6264
20.6264
20.1752
20.1752
20.1752
20.1752
20.1752
20.1752
20.1752
20.1752
20.1429
20.1429
20.1429
20.1429
20.1429
20.1429
20.1429
20.1429
20.5516
20.5516
20.5516
20.5516
20.5516
20.5516
20.5516
20.5516
21.4243
21.4243
21.4243
21.4243
21.4243
21.4243
21.4243
21.4243
22.7851
22.7851
22.7851
22.7851
22.7851
22.7851
22.7851
22.7851
24.6544
24.6544
24.6544
24.6544
24.6544
24.6544
24.6544
24.6544
27.0406
27.0406
27.0406
27.0406
27.0406
27.0406
27.0406
27.0406
29.9279
29.9279
29.9279
29.9279
29.9279
29.9279
29.9279
29.9279
33.2618
33.2618
33.2618
33.2618
33.2618
33.2618
33.2618
33.2618
36.9366
36.9366
36.9366
36.9366
36.9366
36.9366
36.9366
36.9366
40.7886
40.7886
40.7886
40.7886
40.7886
40.7886
40.7886
40.7886
44.6025
44.6025
44.6025
44.6025
44.6025
44.6025
44.6025
44.6025
48.1325
48.1325
48.1325
48.1325
48.1325
48.1325
48.1325
48.1325
51.1369
51.1369
51.1369
51.1369
51.1369
51.1369
51.1369
51.1369
53.4203
53.4203
53.4203
53.4203
53.4203
53.4203
53.4203
53.4203
20.6264
20.6264
20.6264
20.6264
20.6264
20.6264
20.6264
20.6264
20.1752
20.1752
20.1752
20.1752
20.1752
20.1752
20.1752
20.1752
20.1429
20.1429
20.1429
20.1429
20.1429
20.1429
20.1429
20.1429
20.5516
20.5516
20.5516
20.5516
20.5516
20.5516
20.5516
20.5516
21.4243
21.4243
21.4243
21.4243
21.4243
21.4243
21.4243
21.4243
22.7851
22.7851
22.7851
22.7851
22.7851
22.7851
22.7851
22.7851
24.6544
24.6544
24.6544
24.6544
24.6544
24.6544
24.6544
24.6544
27.0406
27.0406
27.0406
27.0406
27.0406
27.0406
27.0406
27.0406
29.9279
29.9279
29.9279
29.9279
29.9279
29.9279
29.9279
29.9279
33.2618
33.2618
33.2618
33.2618
33.2618
33.2618
33.2618
33.2618
36.9366
36.9366
36.9366
36.9366
36.9366
36.9366
36.9366
36.9366
40.7886
40.7886
40.7886
40.7886
40.7886
40.7886
40.7886
40.7886
44.6025
44.6025
44.6025
44.6025
44.6025
44.6025
44.6025
44.6025
48.1325
48.1325
48.1325
48.1325
48.1325
48.1325
48.1325
48.1325
51.1369
51.1369
51.1369
51.1369
51.1369
51.1369
51.1369
51.1369
53.4203
53.4203
53.4203
53.4203
53.4203
53.4203
53.4203
53.4203
20.6264
20.6264
20.6264
20.6264
20.6264
20.6264
20.6264
20.6264
20.1752
20.1752
20.1752
20.1752
20.1752
20.1752
20.1752
20.1752
20.1429
20.1429
20.1429
20.1429
20.1429
20.1429
20.1429
20.1429
20.5516
20.5516
20.5516
20.5516
20.5516
20.5516
20.5516
20.5516
21.4243
21.4243
21.4243
21.4243
21.4243
21.4243
21.4243
21.4243
22.7851
22.7851
22.7851
22.7851
22.7851
22.7851
22.7851
22.7851
24.6544
24.6544
24.6544
24.6544
24.6544
24.6544
24.6544
24.6544
27.0406
27.0406
27.0406
27.0406
27.0406
27.0406
27.0406
27.0406
29.9279
29.9279
29.9279
29.9279
29.9279
29.9279
29.9279
29.9279
33.2618
33.2618
33.2618
33.2618
33.2618
33.2618
33.2618
33.2618
36.9366
36.9366
36.9366
36.9366
36.9366
36.9366
36.9366
36.9366
40.7886
40.7886
40.7886
40.7886
40.7886
40.7886
40.7886
40.7886
44.6025
44.6025
44.6025
44.6025
44.6025
44.6025
44.6025
44.6025
48.1325
48.1325
48.1325
48.1325
48.1325
48.1325
48.1325
48.1325
51.1369
51.1369
51.1369
51.1369
51.1369
51.1369
51.1369
51.1369
53.4203
53.4203
53.4203
53.4203
53.4203
53.4203
53.4203
53.4203
20.6264
20.6264
20.6264
20.6264
20.6264
20.6264
20.6264
20.6264
20.1752
20.1752
20.1752
20.1752
20.1752
20.1752
20.1752
20.1752
20.1429
20.1429
20.1429
20.1429
20.1429
20.1429
20.1429
20.1429
20.5516
20.5516
20.5516
20.5516
20.5516
20.5516
20.5516
20.5516
21.4243
21.4243
21.4243
21.4243
21.4243
21.4243
21.4243
21.4243
22.7851
22.7851
22.7851
22.7851
22.7851
22.7851
22.7851
22.7851
24.6544
24.6544
24.6544
24.6544
24.6544
24.6544
24.6544
24.6544
27.0406
27.0406
27.0406
27.0406
27.0406
27.0406
27.0406
27.0406
29.9279
29.9279
29.9279
29.9279
29.9279
29.9279
29.9279
29.9279
33.2618
33.2618
33.2618
33.2618
33.2618
33.2618
33.2618
33.2618
36.9366
36.9366
36.9366
36.9366
36.9366
36.9366
36.9366
36.9366
40.7886
40.7886
40.7886
40.7886
40.7886
40.7886
40.7886
40.7886
44.6025
44.6025
44.6025
44.6025
44.6025
44.6025
44.6025
44.6025
48.1325
48.1325
48.1325
48.1325
48.1325
48.1325
48.1325
48.1325
51.1369
51.1369
51.1369
51.1369
51.1369
51.1369
51.1369
51.1369
53.4203
53.4203
53.4203
53.4203
53.4203
53.4203
53.4203
53.4203
