8192
58.311
58.311
58.311
58.311
58.311
58.311
58.311
58.311
62.3701
62.3701
62.3701
62.3701
62.3701
62.3701
62.3701
62.3701
66.186
66.186
66.186
66.186
66.186
66.186
66.186
66.186
69.692
69.692
69.692
69.692
69.692
69.692
69.692
69.692
72.8847
72.8847
72.8847
72.8847
72.8847
72.8847
72.8847
72.8847
75.8284
75.8284
75.8284
75.8284
75.8284
75.8284
75.8284
75.8284
78.6519
78.6519
78.6519
78.6519
78.6519
78.6519
78.6519
78.6519
81.5381
81.5381
81.5381
81.5381
81.5381
81.5381
81.5381
81.5381
84.7055
84.7055
84.7055
84.7055
84.7055
84.7055
84.7055
84.7055
88.3958
88.3958
88.3958
88.3958
88.3958
88.3958
88.3958
88.3958
92.8549
92.8549
92.8549
92.8549
92.8549
92.8549
92.8549
92.8549
98.32
98.32
98.32
98.32
98.32
98.32
98.32
98.32
105.003
105.003
105.003
105.003
105.003
105.003
105.003
105.003
113.065
113.065
113.065
113.065
113.065
113.065
113.065
113.065
122.584
122.584
122.584
122.584
122.584
122.584
122.584
122.584
133.508
133.508
133.508
133.508
133.508
133.508
133.508
133.508
58.311
58.311
58.311
58.311
58.311
58.311
58.311
58.311
62.3701
62.3701
62.3701
62.3701
62.3701
62.3701
62.3701
62.3701
66.186
66.186
66.186
66.186
66.186
66.186
66.186
66.186
69.692
69.692
69.692
69.692
69.692
69.692
69.692
69.692
72.8847
72.8847
72.8847
72.8847
72.8847
72.8847
72.8847
72.8847
75.8284
75.8284
75.8284
75.8284
75.8284
75.8284
75.8284
75.8284
78.6519
78.6519
78.6519
78.6519
78.6519
78.6519
78.6519
78.6519
81.5381
81.5381
81.5381
81.5381
81.5381
81.5381
81.5381
81.5381
84.7055
84.7055
84.7055
84.7055
84.7055
84.7055
84.7055
84.7055
88.3958
88.3958
88.3958
88.3958
88.3958
88.3958
88.3958
88.3958
92.8549
92.8549
92.8549
92.8549
92.8549
92.8549
92.8549
92.8549
98.32
98.32
98.32
98.32
98.32
98.32
98.32
98.32
105.003
105.003
105.003
105.003
105.003
105.003
105.003
105.003
113.065
113.065
113.065
113.065
113.065
113.065
113.065
113.065
122.584
122.584
122.584
122.584
122.584
122.584
122.584
122.584
133.508
133.508
133.508
133.508
133.508
133.508
133.508
133.508
58.311
58.311
58.311
58.311
58.311
58.311
58.311
58.311
62.3701
62.3701
62.3701
62.3701
62.3701
62.3701
62.3701
62.3701
66.186
66.186
66.186
66.186
66.186
66.186
66.186
66.186
69.692
69.692
69.692
69.692
69.692
69.692
69.692
69.692
72.8847
72.8847
72.8847
72.8847
72.8847
72.8847
72.8847
72.8847
75.8284
75.8284
75.8284
75.8284
75.8284
75.8284
75.8284
75.8284
78.6519
78.6519
78.6519
78.6519
78.6519
78.6519
78.6519
78.6519
81.5381
81.5381
81.5381
81.5381
81.5381
81.5381
81.5381
81.5381
84.7055
84.7055
84.7055
84.7055
84.7055
84.7055
84.7055
84.7055
88.3958
88.3958
88.3958
88.3958
88.3958
88.3958
88.3958
88.3958
92.8549
92.8549
92.8549
92.8549
92.8549
92.8549
92.8549
92.8549
98.32
98.32
98.32
98.32
98.32
98.32
98.32
98.32
105.003
105.003
105.003
105.003
105.003
105.003
105.003
105.003
113.065
113.065
113.065
113.065
113.065
113.065
113.065
113.065
122.584
122.584
122.584
122.584
122.584
122.584
122.584
122.584
133.508
133.508
133.508
133.508
133.508
133.508
133.508
133.508
58.311
58.311
58.311
58.311
58.311
58.311
58.311
58.311
62.3701
62.3701
62.3701
62.3701
62.3701
62.3701
62.3701
62.3701
66.186
66.186
66.186
66.186
66.186
66.186
66.186
66.186
69.692
69.692
69.692
69.692
69.692
69.692
69.692
69.692
72.8847
72.8847
72.8847
72.8847
72.8847
72.8847
72.8847
72.8847
75.8284
75.8284
75.8284
75.8284
75.8284
75.8284
75.8284
75.8284
78.6519
78.6519
78.6519
78.6519
78.6519
78.6519
78.6519
78.6519
81.5381
81.5381
81.5381
81.5381
81.5381
81.5381
81.5381
81.5381
84.7055
84.7055
84.7055
84.7055
84.7055
84.7055
84.7055
84.7055
88.3958
88.3958
88.3958
88.3958
88.3958
88.3958
88.3958
88.3958
92.8549
92.8549
92.8549
92.8549
92.8549
92.8549
92.8549
92.8549
98.32
98.32
98.32
98.32
98.32
98.32
98.32
98.32
105.003
105.003
105.003
105.003
105.003
105.003
105.003
105.003
113.065
113.065
113.065
113.065
113.065
113.065
113.065
113.065
122.584
122.584
122.584
122.584
122.584
122.584
122.584
122.584
133.508
133.508
133.508
133.508
133.508
133.508
133.508
133.508
55.314
55.314
55.314
55.314
55.314
55.314
55.314
55.314
59.1423
59.1423
59.1423
59.1423
59.1423
59.1423
59.1423
59.1423
62.7658
62.7658
62.7658
62.7658
62.7658
62.7658
62.7658
62.7658
66.1203
66.1203
66.1203
66.1203
66.1203
66.1203
66.1203
66.1203
69.1993
69.1993
69.1993
69.1993
69.1993
69.1993
69.1993
69.1993
72.0614
72.0614
72.0614
72.0614
72.0614
72.0614
72.0614
72.0614
74.8266
74.8266
74.8266
74.8266
74.8266
74.8266
74.8266
74.8266
77.6689
77.6689
77.6689
77.6689
77.6689
77.6689
77.6689
77.6689
80.7992
80.7992
80.7992
80.7992
80.7992
80.7992
80.7992
80.7992
84.4531
84.4531
84.4531
84.4531
84.4531
84.4531
84.4531
84.4531
88.8764
88.8764
88.8764
88.8764
88.8764
88.8764
88.8764
88.8764
94.3107
94.3107
94.3107
94.3107
94.3107
94.3107
94.3107
94.3107
100.98
100.98
100.98
100.98
100.98
100.98
100.98
100.98
109.066
109.066
109.066
109.066
109.066
109.066
109.066
109.066
118.678
118.678
118.678
118.678
118.678
118.678
118.678
118.678
129.806
129.806
129.806
129.806
129.806
129.806
129.806
129.806
55.314
55.314
55.314
55.314
55.314
55.314
55.314
55.314
59.1423
59.1423
59.1423
59.1423
59.1423
59.1423
59.1423
59.1423
62.7658
62.7658
62.7658
62.7658
62.7658
62.7658
62.7658
62.7658
66.1203
66.1203
66.1203
66.1203
66.1203
66.1203
66.1203
66.1203
69.1993
69.1993
69.1993
69.1993
69.1993
69.1993
69.1993
69.1993
72.0614
72.0614
72.0614
72.0614
72.0614
72.0614
72.0614
72.0614
74.8266
74.8266
74.8266
74.8266
74.8266
74.8266
74.8266
74.8266
77.6689
77.6689
77.6689
77.6689
77.6689
77.6689
77.6689
77.6689
80.7992
80.7992
80.7992
80.7992
80.7992
80.7992
80.7992
80.7992
84.4531
84.4531
84.4531
84.4531
84.4531
84.4531
84.4531
84.4531
88.8764
88.8764
88.8764
88.8764
88.8764
88.8764
88.8764
88.8764
94.3107
94.3107
94.3107
94.3107
94.3107
94.3107
94.3107
94.3107
100.98
100.98
100.98
100.98
100.98
100.98
100.98
100.98
109.066
109.066
109.066
109.066
109.066
109.066
109.066
109.066
118.678
118.678
118.678
118.678
118.678
118.678
118.678
118.678
129.806
129.806
129.806
129.806
129.806
129.806
129.806
129.806
55.314
55.314
55.314
55.314
55.314
55.314
55.314
55.314
59.1423
59.1423
59.1423
59.1423
59.1423
59.1423
59.1423
59.1423
62.7658
62.7658
62.7658
62.7658
62.7658
62.7658
62.7658
62.7658
66.1203
66.1203
66.1203
66.1203
66.1203
66.1203
66.1203
66.1203
69.1993
69.1993
69.1993
69.1993
69.1993
69.1993
69.1993
69.1993
72.0614
72.0614
72.0614
72.0614
72.0614
72.0614
72.0614
72.0614
74.8266
74.8266
74.8266
74.8266
74.8266
74.8266
74.8266
74.8266
77.6689
77.6689
77.6689
77.6689
77.6689
77.6689
77.6689
77.6689
80.7992
80.7992
80.7992
80.7992
80.7992
80.7992
80.7992
80.7992
84.4531
84.4531
84.4531
84.4531
84.4531
84.4531
84.4531
84.4531
88.8764
88.8764
88.8764
88.8764
88.8764
88.8764
88.8764
88.8764
94.3107
94.3107
94.3107
94.3107
94.3107
94.3107
94.3107
94.3107
100.98
100.98
100.98
100.98
100.98
100.98
100.98
100.98
109.066
109.066
109.066
109.066
109.066
109.066
109.066
109.066
118.678
118.678
118.678
118.678
118.678
118.678
118.678
118.678
129.806
129.806
129.806
129.806
129.806
129.806
129.806
129.806
55.314
55.314
55.314
55.314
55.314
55.314
55.314
55.314
59.1423
59.1423
59.1423
59.1423
59.1423
59.1423
59.1423
59.1423
62.7658
62.7658
62.7658
62.7658
62.7658
62.7658
62.7658
62.7658
66.1203
66.1203
66.1203
66.1203
66.1203
66.1203
66.1203
66.1203
69.1993
69.1993
69.1993
69.1993
69.1993
69.1993
69.1993
69.1993
72.0614
72.0614
72.0614
72.0614
72.0614
72.0614
72.0614
72.0614
74.8266
74.8266
74.8266
74.8266
74.8266
74.8266
74.8266
74.8266
77.6689
77.6689
77.6689
77.6689
77.6689
77.6689
77.6689
77.6689
80.7992
80.7992
80.7992
80.7992
80.7992
80.7992
80.7992
80.7992
84.4531
84.4531
84.4531
84.4531
84.4531
84.4531
84.4531
84.4531
88.8764
88.8764
88.8764
88.8764
88.8764
88.8764
88.8764
88.8764
94.3107
94.3107
94.3107
94.3107
94.3107
94.3107
94.3107
94.3107
100.98
100.98
100.98
100.98
100.98
100.98
100.98
100.98
109.066
109.066
109.066
109.066
109.066
109.066
109.066
109.066
118.678
118.678
118.678
118.678
118.678
118.678
118.678
118.678
129.806
129.806
129.806
129.806
129.806
129.806
129.806
129.806
53.1783
53.1783
53.1783
53.1783
53.1783
53.1783
53.1783
53.1783
56.8551
56.8551
56.8551
56.8551
56.8551
56.8551
56.8551
56.8551
60.3635
60.3635
60.3635
60.3635
60.3635
60.3635
60.3635
60.3635
63.6377
63.6377
63.6377
63.6377
63.6377
63.6377
63.6377
63.6377
66.6653
66.6653
66.6653
66.6653
66.6653
66.6653
66.6653
66.6653
69.4966
69.4966
69.4966
69.4966
69.4966
69.4966
69.4966
69.4966
72.2419
72.2419
72.2419
72.2419
72.2419
72.2419
72.2419
72.2419
75.0644
75.0644
75.0644
75.0644
75.0644
75.0644
75.0644
75.0644
78.1671
78.1671
78.1671
78.1671
78.1671
78.1671
78.1671
78.1671
81.779
81.779
81.779
81.779
81.779
81.779
81.779
81.779
86.144
86.144
86.144
86.144
86.144
86.144
86.144
86.144
91.5052
91.5052
91.5052
91.5052
91.5052
91.5052
91.5052
91.5052
98.0945
98.0945
98.0945
98.0945
98.0945
98.0945
98.0945
98.0945
106.109
106.109
106.109
106.109
106.109
106.109
106.109
106.109
115.682
115.682
115.682
115.682
115.682
115.682
115.682
115.682
126.837
126.837
126.837
126.837
126.837
126.837
126.837
126.837
53.1783
53.1783
53.1783
53.1783
53.1783
53.1783
53.1783
53.1783
56.8551
56.8551
56.8551
56.8551
56.8551
56.8551
56.8551
56.8551
60.3635
60.3635
60.3635
60.3635
60.3635
60.3635
60.3635
60.3635
63.6377
63.6377
63.6377
63.6377
63.6377
63.6377
63.6377
63.6377
66.6653
66.6653
66.6653
66.6653
66.6653
66.6653
66.6653
66.6653
69.4966
69.4966
69.4966
69.4966
69.4966
69.4966
69.4966
69.4966
72.2419
72.2419
72.2419
72.2419
72.2419
72.2419
72.2419
72.2419
75.0644
75.0644
75.0644
75.0644
75.0644
75.0644
75.0644
75.0644
78.1671
78.1671
78.1671
78.1671
78.1671
78.1671
78.1671
78.1671
81.779
81.779
81.779
81.779
81.779
81.779
81.779
81.779
86.144
86.144
86.144
86.144
86.144
86.144
86.144
86.144
91.5052
91.5052
91.5052
91.5052
91.5052
91.5052
91.5052
91.5052
98.0945
98.0945
98.0945
98.0945
98.0945
98.0945
98.0945
98.0945
106.109
106.109
106.109
106.109
106.109
106.109
106.109
106.109
115.682
115.682
115.682
115.682
115.682
115.682
115.682
115.682
126.837
126.837
126.837
126.837
126.837
126.837
126.837
126.837
53.1783
53.1783
53.1783
53.1783
53.1783
53.1783
53.1783
53.1783
56.8551
56.8551
56.8551
56.8551
56.8551
56.8551
56.8551
56.8551
60.3635
60.3635
60.3635
60.3635
60.3635
60.3635
60.3635
60.3635
63.6377
63.6377
63.6377
63.6377
63.6377
63.6377
63.6377
63.6377
66.6653
66.6653
66.6653
66.6653
66.6653
66.6653
66.6653
66.6653
69.4966
69.4966
69.4966
69.4966
69.4966
69.4966
69.4966
69.4966
72.2419
72.2419
72.2419
72.2419
72.2419
72.2419
72.2419
72.2419
75.0644
75.0644
75.0644
75.0644
75.0644
75.0644
75.0644
75.0644
78.1671
78.1671
78.1671
78.1671
78.1671
78.1671
78.1671
78.1671
81.779
81.779
81.779
81.779
81.779
81.779
81.779
81.779
86.144
86.144
86.144
86.144
86.144
86.144
86.144
86.144
91.5052
91.5052
91.5052
91.5052
91.5052
91.5052
91.5052
91.5052
98.0945
98.0945
98.0945
98.0945
98.0945
98.0945
98.0945
98.0945
106.109
106.109
106.109
106.109
106.109
106.109
106.109
106.109
115.682
115.682
115.682
115.682
115.682
115.682
115.682
115.682
126.837
126.837
126.837
126.837
126.837
126.837
126.837
126.837
53.1783
53.1783
53.1783
53.1783
53.1783
53.1783
53.1783
53.1783
56.8551
56.8551
56.8551
56.8551
56.8551
56.8551
56.8551
56.8551
60.3635
60.3635
60.3635
60.3635
60.3635
60.3635
60.3635
60.3635
63.6377
63.6377
63.6377
63.6377
63.6377
63.6377
63.6377
63.6377
66.6653
66.6653
66.6653
66.6653
66.6653
66.6653
66.6653
66.6653
69.4966
69.4966
69.4966
69.4966
69.4966
69.4966
69.4966
69.4966
72.2419
72.2419
72.2419
72.2419
72.2419
72.2419
72.2419
72.2419
75.0644
75.0644
75.0644
75.0644
75.0644
75.0644
75.0644
75.0644
78.1671
78.1671
78.1671
78.1671
78.1671
78.1671
78.1671
78.1671
81.779
81.779
81.779
81.779
81.779
81.779
81.779
81.779
86.144
86.144
86.144
86.144
86.144
86.144
86.144
86.144
91.5052
91.5052
91.5052
91.5052
91.5052
91.5052
91.5052
91.5052
98.0945
98.0945
98.0945
98.0945
98.0945
98.0945
98.0945
98.0945
106.109
106.109
106.109
106.109
106.109
106.109
106.109
106.109
115.682
115.682
115.682
115.682
115.682
115.682
115.682
115.682
126.837
126.837
126.837
126.837
126.837
126.837
126.837
126.837
51.8651
51.8651
51.8651
51.8651
51.8651
51.8651
51.8651
51.8651
55.4654
55.4654
55.4654
55.4654
55.4654
55.4654
55.4654
55.4654
58.9321
58.9321
58.9321
58.9321
58.9321
58.9321
58.9321
58.9321
62.1941
62.1941
62.1941
62.1941
62.1941
62.1941
62.1941
62.1941
65.2318
65.2318
65.2318
65.2318
65.2318
65.2318
65.2318
65.2318
68.0833
68.0833
68.0833
68.0833
68.0833
68.0833
68.0833
68.0833
70.8471
70.8471
70.8471
70.8471
70.8471
70.8471
70.8471
70.8471
73.6756
73.6756
73.6756
73.6756
73.6756
73.6756
73.6756
73.6756
76.7618
76.7618
76.7618
76.7618
76.7618
76.7618
76.7618
76.7618
80.3281
80.3281
80.3281
80.3281
80.3281
80.3281
80.3281
80.3281
84.6138
84.6138
84.6138
84.6138
84.6138
84.6138
84.6138
84.6138
89.8621
89.8621
89.8621
89.8621
89.8621
89.8621
89.8621
89.8621
96.3069
96.3069
96.3069
96.3069
96.3069
96.3069
96.3069
96.3069
104.154
104.154
104.154
104.154
104.154
104.154
104.154
104.154
113.554
113.554
113.554
113.554
113.554
113.554
113.554
113.554
124.555
124.555
124.555
124.555
124.555
124.555
124.555
124.555
51.8651
51.8651
51.8651
51.8651
51.8651
51.8651
51.8651
51.8651
55.4654
55.4654
55.4654
55.4654
55.4654
55.4654
55.4654
55.4654
58.9321
58.9321
58.9321
58.9321
58.9321
58.9321
58.9321
58.9321
62.1941
62.1941
62.1941
62.1941
62.1941
62.1941
62.1941
62.1941
65.2318
65.2318
65.2318
65.2318
65.2318
65.2318
65.2318
65.2318
68.0833
68.0833
68.0833
68.0833
68.0833
68.0833
68.0833
68.0833
70.8471
70.8471
70.8471
70.8471
70.8471
70.8471
70.8471
70.8471
73.6756
73.6756
73.6756
73.6756
73.6756
73.6756
73.6756
73.6756
76.7618
76.7618
76.7618
76.7618
76.7618
76.7618
76.7618
76.7618
80.3281
80.3281
80.3281
80.3281
80.3281
80.3281
80.3281
80.3281
84.6138
84.6138
84.6138
84.6138
84.6138
84.6138
84.6138
84.6138
89.8621
89.8621
89.8621
89.8621
89.8621
89.8621
89.8621
89.8621
96.3069
96.3069
96.3069
96.3069
96.3069
96.3069
96.3069
96.3069
104.154
104.154
104.154
104.154
104.154
104.154
104.154
104.154
113.554
113.554
113.554
113.554
113.554
113.554
113.554
113.554
124.555
124.555
124.555
124.555
124.555
124.555
124.555
124.555
51.8651
51.8651
51.8651
51.8651
51.8651
51.8651
51.8651
51.8651
55.4654
55.4654
55.4654
55.4654
55.4654
55.4654
55.4654
55.4654
58.9321
58.9321
58.9321
58.9321
58.9321
58.9321
58.9321
58.9321
62.1941
62.1941
62.1941
62.1941
62.1941
62.1941
62.1941
62.1941
65.2318
65.2318
65.2318
65.2318
65.2318
65.2318
65.2318
65.2318
68.0833
68.0833
68.0833
68.0833
68.0833
68.0833
68.0833
68.0833
70.8471
70.8471
70.8471
70.8471
70.8471
70.8471
70.8471
70.8471
73.6756
73.6756
73.6756
73.6756
73.6756
73.6756
73.6756
73.6756
76.7618
76.7618
76.7618
76.7618
76.7618
76.7618
76.7618
76.7618
80.3281
80.3281
80.3281
80.3281
80.3281
80.3281
80.3281
80.3281
84.6138
84.6138
84.6138
84.6138
84.6138
84.6138
84.6138
84.6138
89.8621
89.8621
89.8621
89.8621
89.8621
89.8621
89.8621
89.8621
96.3069
96.3069
96.3069
96.3069
96.3069
96.3069
96.3069
96.3069
104.154
104.154
104.154
104.154
104.154
104.154
104.154
104.154
113.554
113.554
113.554
113.554
113.554
113.554
113.554
113.554
124.555
124.555
124.555
124.555
124.555
124.555
124.555
124.555
51.8651
51.8651
51.8651
51.8651
51.8651
51.8651
51.8651
51.8651
55.4654
55.4654
55.4654
55.4654
55.4654
55.4654
55.4654
55.4654
58.9321
58.9321
58.9321
58.9321
58.9321
58.9321
58.9321
58.9321
62.1941
62.1941
62.1941
62.1941
62.1941
62.1941
62.1941
62.1941
65.2318
65.2318
65.2318
65.2318
65.2318
65.2318
65.2318
65.2318
68.0833
68.0833
68.0833
68.0833
68.0833
68.0833
68.0833
68.0833
70.8471
70.8471
70.8471
70.8471
70.8471
70.8471
70.8471
70.8471
73.6756
73.6756
73.6756
73.6756
73.6756
73.6756
73.6756
73.6756
76.7618
76.7618
76.7618
76.7618
76.7618
76.7618
76.7618
76.7618
80.3281
80.3281
80.3281
80.3281
80.3281
80.3281
80.3281
80.3281
84.6138
84.6138
84.6138
84.6138
84.6138
84.6138
84.6138
84.6138
89.8621
89.8621
89.8621
89.8621
89.8621
89.8621
89.8621
89.8621
96.3069
96.3069
96.3069
96.3069
96.3069
96.3069
96.3069
96.3069
104.154
104.154
104.154
104.154
104.154
104.154
104.154
104.154
113.554
113.554
113.554
113.554
113.554
113.554
113.554
113.554
124.555
124.555
124.555
124.555
124.555
124.555
124.555
124.555
51.3123
51.3123
51.3123
51.3123
51.3123
51.3123
51.3123
51.3123
54.9064
54.9064
54.9064
54.9064
54.9064
54.9064
54.9064
54.9064
58.4003
58.4003
58.4003
58.4003
58.4003
58.4003
58.4003
58.4003
61.7159
61.7159
61.7159
61.7159
61.7159
61.7159
61.7159
61.7159
64.8214
64.8214
64.8214
64.8214
64.8214
64.8214
64.8214
64.8214
67.7417
67.7417
67.7417
67.7417
67.7417
67.7417
67.7417
67.7417
70.5614
70.5614
70.5614
70.5614
70.5614
70.5614
70.5614
70.5614
73.4191
73.4191
73.4191
73.4191
73.4191
73.4191
73.4191
73.4191
76.4975
76.4975
76.4975
76.4975
76.4975
76.4975
76.4975
76.4975
80.0109
80.0109
80.0109
80.0109
80.0109
80.0109
80.0109
80.0109
84.1924
84.1924
84.1924
84.1924
84.1924
84.1924
84.1924
84.1924
89.2809
89.2809
89.2809
89.2809
89.2809
89.2809
89.2809
89.2809
95.5094
95.5094
95.5094
95.5094
95.5094
95.5094
95.5094
95.5094
103.086
103.086
103.086
103.086
103.086
103.086
103.086
103.086
112.167
112.167
112.167
112.167
112.167
112.167
112.167
112.167
122.82
122.82
122.82
122.82
122.82
122.82
122.82
122.82
51.3123
51.3123
51.3123
51.3123
51.3123
51.3123
51.3123
51.3123
54.9064
54.9064
54.9064
54.9064
54.9064
54.9064
54.9064
54.9064
58.4003
58.4003
58.4003
58.4003
58.4003
58.4003
58.4003
58.4003
61.7159
61.7159
61.7159
61.7159
61.7159
61.7159
61.7159
61.7159
64.8214
64.8214
64.8214
64.8214
64.8214
64.8214
64.8214
64.8214
67.7417
67.7417
67.7417
67.7417
67.7417
67.7417
67.7417
67.7417
70.5614
70.5614
70.5614
70.5614
70.5614
70.5614
70.5614
70.5614
73.4191
73.4191
73.4191
73.4191
73.4191
73.4191
73.4191
73.4191
76.4975
76.4975
76.4975
76.4975
76.4975
76.4975
76.4975
76.4975
80.0109
80.0109
80.0109
80.0109
80.0109
80.0109
80.0109
80.0109
84.1924
84.1924
84.1924
84.1924
84.1924
84.1924
84.1924
84.1924
89.2809
89.2809
89.2809
89.2809
89.2809
89.2809
89.2809
89.2809
95.5094
95.5094
95.5094
95.5094
95.5094
95.5094
95.5094
95.5094
103.086
103.086
103.086
103.086
103.086
103.086
103.086
103.086
112.167
112.167
112.167
112.167
112.167
112.167
112.167
112.167
122.82
122.82
122.82
122.82
122.82
122.82
122.82
122.82
51.3123
51.3123
51.3123
51.3123
51.3123
51.3123
51.3123
51.3123
54.9064
54.9064
54.9064
54.9064
54.9064
54.9064
54.9064
54.9064
58.4003
58.4003
58.4003
58.4003
58.4003
58.4003
58.4003
58.4003
61.7159
61.7159
61.7159
61.7159
61.7159
61.7159
61.7159
61.7159
64.8214
64.8214
64.8214
64.8214
64.8214
64.8214
64.8214
64.8214
67.7417
67.7417
67.7417
67.7417
67.7417
67.7417
67.7417
67.7417
70.5614
70.5614
70.5614
70.5614
70.5614
70.5614
70.5614
70.5614
73.4191
73.4191
73.4191
73.4191
73.4191
73.4191
73.4191
73.4191
76.4975
76.4975
76.4975
76.4975
76.4975
76.4975
76.4975
76.4975
80.0109
80.0109
80.0109
80.0109
80.0109
80.0109
80.0109
80.0109
84.1924
84.1924
84.1924
84.1924
84.1924
84.1924
84.1924
84.1924
89.2809
89.2809
89.2809
89.2809
89.2809
89.2809
89.2809
89.2809
95.5094
95.5094
95.5094
95.5094
95.5094
95.5094
95.5094
95.5094
103.086
103.086
103.086
103.086
103.086
103.086
103.086
103.086
112.167
112.167
112.167
112.167
112.167
112.167
112.167
112.167
122.82
122.82
122.82
122.82
122.82
122.82
122.82
122.82
51.3123
51.3123
51.3123
51.3123
51.3123
51.3123
51.3123
51.3123
54.9064
54.9064
54.9064
54.9064
54.9064
54.9064
54.9064
54.9064
58.4003
58.4003
58.4003
58.4003
58.4003
58.4003
58.4003
58.4003
61.7159
61.7159
61.7159
61.7159
61.7159
61.7159
61.7159
61.7159
64.8214
64.8214
64.8214
64.8214
64.8214
64.8214
64.8214
64.8214
67.7417
67.7417
67.7417
67.7417
67.7417
67.7417
67.7417
67.7417
70.5614
70.5614
70.5614
70.5614
70.5614
70.5614
70.5614
70.5614
73.4191
73.4191
73.4191
73.4191
73.4191
73.4191
73.4191
73.4191
76.4975
76.4975
76.4975
76.4975
76.4975
76.4975
76.4975
76.4975
80.0109
80.0109
80.0109
80.0109
80.0109
80.0109
80.0109
80.0109
84.1924
84.1924
84.1924
84.1924
84.1924
84.1924
84.1924
84.1924
89.2809
89.2809
89.2809
89.2809
89.2809
89.2809
89.2809
89.2809
95.5094
95.5094
95.5094
95.5094
95.5094
95.5094
95.5094
95.5094
103.086
103.086
103.086
103.086
103.086
103.086
103.086
103.086
112.167
112.167
112.167
112.167
112.167
112.167
112.167
112.167
122.82
122.82
122.82
122.82
122.82
122.82
122.82
122.82
51.4444
51.4444
51.4444
51.4444
51.4444
51.4444
51.4444
51.4444
55.096
55.096
55.096
55.096
55.096
55.096
55.096
55.096
58.681
58.681
58.681
58.681
58.681
58.681
58.681
58.681
62.1107
62.1107
62.1107
62.1107
62.1107
62.1107
62.1107
62.1107
65.3388
65.3388
65.3388
65.3388
65.3388
65.3388
65.3388
65.3388
68.3732
68.3732
68.3732
68.3732
68.3732
68.3732
68.3732
68.3732
71.2814
71.2814
71.2814
71.2814
71.2814
71.2814
71.2814
71.2814
74.1871
74.1871
74.1871
74.1871
74.1871
74.1871
74.1871
74.1871
77.2605
77.2605
77.2605
77.2605
77.2605
77.2605
77.2605
77.2605
80.7048
80.7048
80.7048
80.7048
80.7048
80.7048
80.7048
80.7048
84.7456
84.7456
84.7456
84.7456
84.7456
84.7456
84.7456
84.7456
89.6151
89.6151
89.6151
89.6151
89.6151
89.6151
89.6151
89.6151
95.5402
95.5402
95.5402
95.5402
95.5402
95.5402
95.5402
95.5402
102.725
102.725
102.725
102.725
102.725
102.725
102.725
102.725
111.326
111.326
111.326
111.326
111.326
111.326
111.326
111.326
121.416
121.416
121.416
121.416
121.416
121.416
121.416
121.416
51.4444
51.4444
51.4444
51.4444
51.4444
51.4444
51.4444
51.4444
55.096
55.096
55.096
55.096
55.096
55.096
55.096
55.096
58.681
58.681
58.681
58.681
58.681
58.681
58.681
58.681
62.1107
62.1107
62.1107
62.1107
62.1107
62.1107
62.1107
62.1107
65.3388
65.3388
65.3388
65.3388
65.3388
65.3388
65.3388
65.3388
68.3732
68.3732
68.3732
68.3732
68.3732
68.3732
68.3732
68.3732
71.2814
71.2814
71.2814
71.2814
71.2814
71.2814
71.2814
71.2814
74.1871
74.1871
74.1871
74.1871
74.1871
74.1871
74.1871
74.1871
77.2605
77.2605
77.2605
77.2605
77.2605
77.2605
77.2605
77.2605
80.7048
80.7048
80.7048
80.7048
80.7048
80.7048
80.7048
80.7048
84.7456
84.7456
84.7456
84.7456
84.7456
84.7456
84.7456
84.7456
89.6151
89.6151
89.6151
89.6151
89.6151
89.6151
89.6151
89.6151
95.5402
95.5402
95.5402
95.5402
95.5402
95.5402
95.5402
95.5402
102.725
102.725
102.725
102.725
102.725
102.725
102.725
102.725
111.326
111.326
111.326
111.326
111.326
111.326
111.326
111.326
121.416
121.416
121.416
121.416
121.416
121.416
121.416
121.416
51.4444
51.4444
51.4444
51.4444
51.4444
51.4444
51.4444
51.4444
55.096
55.096
55.096
55.096
55.096
55.096
55.096
55.096
58.681
58.681
58.681
58.681
58.681
58.681
58.681
58.681
62.1107
62.1107
62.1107
62.1107
62.1107
62.1107
62.1107
62.1107
65.3388
65.3388
65.3388
65.3388
65.3388
65.3388
65.3388
65.3388
68.3732
68.3732
68.3732
68.3732
68.3732
68.3732
68.3732
68.3732
71.2814
71.2814
71.2814
71.2814
71.2814
71.2814
71.2814
71.2814
74.1871
74.1871
74.1871
74.1871
74.1871
74.1871
74.1871
74.1871
77.2605
77.2605
77.2605
77.2605
77.2605
77.2605
77.2605
77.2605
80.7048
80.7048
80.7048
80.7048
80.7048
80.7048
80.7048
80.7048
84.7456
84.7456
84.7456
84.7456
84.7456
84.7456
84.7456
84.7456
89.6151
89.6151
89.6151
89.6151
89.6151
89.6151
89.6151
89.6151
95.5402
95.5402
95.5402
95.5402
95.5402
95.5402
95.5402
95.5402
102.725
102.725
102.725
102.725
102.725
102.725
102.725
102.725
111.326
111.326
111.326
111.326
111.326
111.326
111.326
111.326
121.416
121.416
121.416
121.416
121.416
121.416
121.416
121.416
51.4444
51.4444
51.4444
51.4444
51.4444
51.4444
51.4444
51.4444
55.096
55.096
55.096
55.096
55.096
55.096
55.096
55.096
58.681
58.681
58.681
58.681
58.681
58.681
58.681
58.681
62.1107
62.1107
62.1107
62.1107
62.1107
62.1107
62.1107
62.1107
65.3388
65.3388
65.3388
65.3388
65.3388
65.3388
65.3388
65.3388
68.3732
68.3732
68.3732
68.3732
68.3732
68.3732
68.3732
68.3732
71.2814
71.2814
71.2814
71.2814
71.2814
71.2814
71.2814
71.2814
74.1871
74.1871
74.1871
74.1871
74.1871
74.1871
74.1871
74.1871
77.2605
77.2605
77.2605
77.2605
77.2605
77.2605
77.2605
77.2605
80.7048
80.7048
80.7048
80.7048
80.7048
80.7048
80.7048
80.7048
84.7456
84.7456
84.7456
84.7456
84.7456
84.7456
84.7456
84.7456
89.6151
89.6151
89.6151
89.6151
89.6151
89.6151
89.6151
89.6151
95.5402
95.5402
95.5402
95.5402
95.5402
95.5402
95.5402
95.5402
102.725
102.725
102.725
102.725
102.725
102.725
102.725
102.725
111.326
111.326
111.326
111.326
111.326
111.326
111.326
111.326
121.416
121.416
121.416
121.416
121.416
121.416
121.416
121.416
52.1751
52.1751
52.1751
52.1751
52.1751
52.1751
52.1751
52.1751
55.9409
55.9409
55.9409
55.9409
55.9409
55.9409
55.9409
55.9409
59.6741
59.6741
59.6741
59.6741
59.6741
59.6741
59.6741
59.6741
63.2726
63.2726
63.2726
63.2726
63.2726
63.2726
63.2726
63.2726
66.6719
66.6719
66.6719
66.6719
66.6719
66.6719
66.6719
66.6719
69.8597
69.8597
69.8597
69.8597
69.8597
69.8597
69.8597
69.8597
72.8835
72.8835
72.8835
72.8835
72.8835
72.8835
72.8835
72.8835
75.8477
75.8477
75.8477
75.8477
75.8477
75.8477
75.8477
75.8477
78.9073
78.9073
78.9073
78.9073
78.9073
78.9073
78.9073
78.9073
82.2544
82.2544
82.2544
82.2544
82.2544
82.2544
82.2544
82.2544
86.1025
86.1025
86.1025
86.1025
86.1025
86.1025
86.1025
86.1025
90.6756
90.6756
90.6756
90.6756
90.6756
90.6756
90.6756
90.6756
96.1906
96.1906
96.1906
96.1906
96.1906
96.1906
96.1906
96.1906
102.842
102.842
102.842
102.842
102.842
102.842
102.842
102.842
110.781
110.781
110.781
110.781
110.781
110.781
110.781
110.781
120.08
120.08
120.08
120.08
120.08
120.08
120.08
120.08
52.1751
52.1751
52.1751
52.1751
52.1751
52.1751
52.1751
52.1751
55.9409
55.9409
55.9409
55.9409
55.9409
55.9409
55.9409
55.9409
59.6741
59.6741
59.6741
59.6741
59.6741
59.6741
59.6741
59.6741
63.2726
63.2726
63.2726
63.2726
63.2726
63.2726
63.2726
63.2726
66.6719
66.6719
66.6719
66.6719
66.6719
66.6719
66.6719
66.6719
69.8597
69.8597
69.8597
69.8597
69.8597
69.8597
69.8597
69.8597
72.8835
72.8835
72.8835
72.8835
72.8835
72.8835
72.8835
72.8835
75.8477
75.8477
75.8477
75.8477
75.8477
75.8477
75.8477
75.8477
78.9073
78.9073
78.9073
78.9073
78.9073
78.9073
78.9073
78.9073
82.2544
82.2544
82.2544
82.2544
82.2544
82.2544
82.2544
82.2544
86.1025
86.1025
86.1025
86.1025
86.1025
86.1025
86.1025
86.1025
90.6756
90.6756
90.6756
90.6756
90.6756
90.6756
90.6756
90.6756
96.1906
96.1906
96.1906
96.1906
96.1906
96.1906
96.1906
96.1906
102.842
102.842
102.842
102.842
102.842
102.842
102.842
102.842
110.781
110.781
110.781
110.781
110.781
110.781
110.781
110.781
120.08
120.08
120.08
120.08
120.08
120.08
120.08
120.08
52.1751
52.1751
52.1751
52.1751
52.1751
52.1751
52.1751
52.1751
55.9409
55.9409
55.9409
55.9409
55.9409
55.9409
55.9409
55.9409
59.6741
59.6741
59.6741
59.6741
59.6741
59.6741
59.6741
59.6741
63.2726
63.2726
63.2726
63.2726
63.2726
63.2726
63.2726
63.2726
66.6719
66.6719
66.6719
66.6719
66.6719
66.6719
66.6719
66.6719
69.8597
69.8597
69.8597
69.8597
69.8597
69.8597
69.8597
69.8597
72.8835
72.8835
72.8835
72.8835
72.8835
72.8835
72.8835
72.8835
75.8477
75.8477
75.8477
75.8477
75.8477
75.8477
75.8477
75.8477
78.9073
78.9073
78.9073
78.9073
78.9073
78.9073
78.9073
78.9073
82.2544
82.2544
82.2544
82.2544
82.2544
82.2544
82.2544
82.2544
86.1025
86.1025
86.1025
86.1025
86.1025
86.1025
86.1025
86.1025
90.6756
90.6756
90.6756
90.6756
90.6756
90.6756
90.6756
90.6756
96.1906
96.1906
96.1906
96.1906
96.1906
96.1906
96.1906
96.1906
102.842
102.842
102.842
102.842
102.842
102.842
102.842
102.842
110.781
110.781
110.781
110.781
110.781
110.781
110.781
110.781
120.08
120.08
120.08
120.08
120.08
120.08
120.08
120.08
52.1751
52.1751
52.1751
52.1751
52.1751
52.1751
52.1751
52.1751
55.9409
55.9409
55.9409
55.9409
55.9409
55.9409
55.9409
55.9409
59.6741
59.6741
59.6741
59.6741
59.6741
59.6741
59.6741
59.6741
63.2726
63.2726
63.2726
63.2726
63.2726
63.2726
63.2726
63.2726
66.6719
66.6719
66.6719
66.6719
66.6719
66.6719
66.6719
66.6719
69.8597
69.8597
69.8597
69.8597
69.8597
69.8597
69.8597
69.8597
72.8835
72.8835
72.8835
72.8835
72.8835
72.8835
72.8835
72.8835
75.8477
75.8477
75.8477
75.8477
75.8477
75.8477
75.8477
75.8477
78.9073
78.9073
78.9073
78.9073
78.9073
78.9073
78.9073
78.9073
82.2544
82.2544
82.2544
82.2544
82.2544
82.2544
82.2544
82.2544
86.1025
86.1025
86.1025
86.1025
86.1025
86.1025
86.1025
86.1025
90.6756
90.6756
90.6756
90.6756
90.6756
90.6756
90.6756
90.6756
96.1906
96.1906
96.1906
96.1906
96.1906
96.1906
96.1906
96.1906
102.842
102.842
102.842
102.842
102.842
102.842
102.842
102.842
110.781
110.781
110.781
110.781
110.781
110.781
110.781
110.781
120.08
120.08
120.08
120.08
120.08
120.08
120.08
120.08
53.4081
53.4081
53.4081
53.4081
53.4081
53.4081
53.4081
53.4081
57.3363
57.3363
57.3363
57.3363
57.3363
57.3363
57.3363
57.3363
61.2662
61.2662
61.2662
61.2662
61.2662
61.2662
61.2662
61.2662
65.0797
65.0797
65.0797
65.0797
65.0797
65.0797
65.0797
65.0797
68.6909
68.6909
68.6909
68.6909
68.6909
68.6909
68.6909
68.6909
72.0632
72.0632
72.0632
72.0632
72.0632
72.0632
72.0632
72.0632
75.2192
75.2192
75.2192
75.2192
75.2192
75.2192
75.2192
75.2192
78.2417
78.2417
78.2417
78.2417
78.2417
78.2417
78.2417
78.2417
81.2668
81.2668
81.2668
81.2668
81.2668
81.2668
81.2668
81.2668
84.4709
84.4709
84.4709
84.4709
84.4709
84.4709
84.4709
84.4709
88.057
88.057
88.057
88.057
88.057
88.057
88.057
88.057
92.2365
92.2365
92.2365
92.2365
92.2365
92.2365
92.2365
92.2365
97.2144
97.2144
97.2144
97.2144
97.2144
97.2144
97.2144
97.2144
103.175
103.175
103.175
103.175
103.175
103.175
103.175
103.175
110.257
110.257
110.257
110.257
110.257
110.257
110.257
110.257
118.529
118.529
118.529
118.529
118.529
118.529
118.529
118.529
53.4081
53.4081
53.4081
53.4081
53.4081
53.4081
53.4081
53.4081
57.3363
57.3363
57.3363
57.3363
57.3363
57.3363
57.3363
57.3363
61.2662
61.2662
61.2662
61.2662
61.2662
61.2662
61.2662
61.2662
65.0797
65.0797
65.0797
65.0797
65.0797
65.0797
65.0797
65.0797
68.6909
68.6909
68.6909
68.6909
68.6909
68.6909
68.6909
68.6909
72.0632
72.0632
72.0632
72.0632
72.0632
72.0632
72.0632
72.0632
75.2192
75.2192
75.2192
75.2192
75.2192
75.2192
75.2192
75.2192
78.2417
78.2417
78.2417
78.2417
78.2417
78.2417
78.2417
78.2417
81.2668
81.2668
81.2668
81.2668
81.2668
81.2668
81.2668
81.2668
84.4709
84.4709
84.4709
84.4709
84.4709
84.4709
84.4709
84.4709
88.057
88.057
88.057
88.057
88.057
88.057
88.057
88.057
92.2365
92.2365
92.2365
92.2365
92.2365
92.2365
92.2365
92.2365
97.2144
97.2144
97.2144
97.2144
97.2144
97.2144
97.2144
97.2144
103.175
103.175
103.175
103.175
103.175
103.175
103.175
103.175
110.257
110.257
110.257
110.257
110.257
110.257
110.257
110.257
118.529
118.529
118.529
118.529
118.529
118.529
118.529
118.529
53.4081
53.4081
53.4081
53.4081
53.4081
53.4081
53.4081
53.4081
57.3363
57.3363
57.3363
57.3363
57.3363
57.3363
57.3363
57.3363
61.2662
61.2662
61.2662
61.2662
61.2662
61.2662
61.2662
61.2662
65.0797
65.0797
65.0797
65.0797
65.0797
65.0797
65.0797
65.0797
68.6909
68.6909
68.6909
68.6909
68.6909
68.6909
68.6909
68.6909
72.0632
72.0632
72.0632
72.0632
72.0632
72.0632
72.0632
72.0632
75.2192
75.2192
75.2192
75.2192
75.2192
75.2192
75.2192
75.2192
78.2417
78.2417
78.2417
78.2417
78.2417
78.2417
78.2417
78.2417
81.2668
81.2668
81.2668
81.2668
81.2668
81.2668
81.2668
81.2668
84.4709
84.4709
84.4709
84.4709
84.4709
84.4709
84.4709
84.4709
88.057
88.057
88.057
88.057
88.057
88.057
88.057
88.057
92.2365
92.2365
92.2365
92.2365
92.2365
92.2365
92.2365
92.2365
97.2144
97.2144
97.2144
97.2144
97.2144
97.2144
97.2144
97.2144
103.175
103.175
103.175
103.175
103.175
103.175
103.175
103.175
110.257
110.257
110.257
110.257
110.257
110.257
110.257
110.257
118.529
118.529
118.529
118.529
118.529
118.529
118.529
118.529
53.4081
53.4081
53.4081
53.4081
53.4081
53.4081
53.4081
53.4081
57.3363
57.3363
57.3363
57.3363
57.3363
57.3363
57.3363
57.3363
61.2662
61.2662
61.2662
61.2662
61.2662
61.2662
61.2662
61.2662
65.0797
65.0797
65.0797
65.0797
65.0797
65.0797
65.0797
65.0797
68.6909
68.6909
68.6909
68.6909
68.6909
68.6909
68.6909
68.6909
72.0632
72.0632
72.0632
72.0632
72.0632
72.0632
72.0632
72.0632
75.2192
75.2192
75.2192
75.2192
75.2192
75.2192
75.2192
75.2192
78.2417
78.2417
78.2417
78.2417
78.2417
78.2417
78.2417
78.2417
81.2668
81.2668
81.2668
81.2668
81.2668
81.2668
81.2668
81.2668
84.4709
84.4709
84.4709
84.4709
84.4709
84.4709
84.4709
84.4709
88.057
88.057
88.057
88.057
88.057
88.057
88.057
88.057
92.2365
92.2365
92.2365
92.2365
92.2365
92.2365
92.2365
92.2365
97.2144
97.2144
97.2144
97.2144
97.2144
97.2144
97.2144
97.2144
103.175
103.175
103.175
103.175
103.175
103.175
103.175
103.175
110.257
110.257
110.257
110.257
110.257
110.257
110.257
110.257
118.529
118.529
118.529
118.529
118.529
118.529
118.529
118.529
55.0394
55.0394
55.0394
55.0394
55.0394
55.0394
55.0394
55.0394
59.1667
59.1667
59.1667
59.1667
59.1667
59.1667
59.1667
59.1667
63.3305
63.3305
63.3305
63.3305
63.3305
63.3305
63.3305
63.3305
67.3942
67.3942
67.3942
67.3942
67.3942
67.3942
67.3942
67.3942
71.2461
71.2461
71.2461
71.2461
71.2461
71.2461
71.2461
71.2461
74.8221
74.8221
74.8221
74.8221
74.8221
74.8221
74.8221
74.8221
78.1147
78.1147
78.1147
78.1147
78.1147
78.1147
78.1147
78.1147
81.1809
81.1809
81.1809
81.1809
81.1809
81.1809
81.1809
81.1809
84.1345
84.1345
84.1345
84.1345
84.1345
84.1345
84.1345
84.1345
87.1353
87.1353
87.1353
87.1353
87.1353
87.1353
87.1353
87.1353
90.3716
90.3716
90.3716
90.3716
90.3716
90.3716
90.3716
90.3716
94.0427
94.0427
94.0427
94.0427
94.0427
94.0427
94.0427
94.0427
98.3429
98.3429
98.3429
98.3429
98.3429
98.3429
98.3429
98.3429
103.443
103.443
103.443
103.443
103.443
103.443
103.443
103.443
109.471
109.471
109.471
109.471
109.471
109.471
109.471
109.471
116.493
116.493
116.493
116.493
116.493
116.493
116.493
116.493
55.0394
55.0394
55.0394
55.0394
55.0394
55.0394
55.0394
55.0394
59.1667
59.1667
59.1667
59.1667
59.1667
59.1667
59.1667
59.1667
63.3305
63.3305
63.3305
63.3305
63.3305
63.3305
63.3305
63.3305
67.3942
67.3942
67.3942
67.3942
67.3942
67.3942
67.3942
67.3942
71.2461
71.2461
71.2461
71.2461
71.2461
71.2461
71.2461
71.2461
74.8221
74.8221
74.8221
74.8221
74.8221
74.8221
74.8221
74.8221
78.1147
78.1147
78.1147
78.1147
78.1147
78.1147
78.1147
78.1147
81.1809
81.1809
81.1809
81.1809
81.1809
81.1809
81.1809
81.1809
84.1345
84.1345
84.1345
84.1345
84.1345
84.1345
84.1345
84.1345
87.1353
87.1353
87.1353
87.1353
87.1353
87.1353
87.1353
87.1353
90.3716
90.3716
90.3716
90.3716
90.3716
90.3716
90.3716
90.3716
94.0427
94.0427
94.0427
94.0427
94.0427
94.0427
94.0427
94.0427
98.3429
98.3429
98.3429
98.3429
98.3429
98.3429
98.3429
98.3429
103.443
103.443
103.443
103.443
103.443
103.443
103.443
103.443
109.471
109.471
109.471
109.471
109.471
109.471
109.471
109.471
116.493
116.493
116.493
116.493
116.493
116.493
116.493
116.493
55.0394
55.0394
55.0394
55.0394
55.0394
55.0394
55.0394
55.0394
59.1667
59.1667
59.1667
59.1667
59.1667
59.1667
59.1667
59.1667
63.3305
63.3305
63.3305
63.3305
63.3305
63.3305
63.3305
63.3305
67.3942
67.3942
67.3942
67.3942
67.3942
67.3942
67.3942
67.3942
71.2461
71.2461
71.2461
71.2461
71.2461
71.2461
71.2461
71.2461
74.8221
74.8221
74.8221
74.8221
74.8221
74.8221
74.8221
74.8221
78.1147
78.1147
78.1147
78.1147
78.1147
78.1147
78.1147
78.1147
81.1809
81.1809
81.1809
81.1809
81.1809
81.1809
81.1809
81.1809
84.1345
84.1345
84.1345
84.1345
84.1345
84.1345
84.1345
84.1345
87.1353
87.1353
87.1353
87.1353
87.1353
87.1353
87.1353
87.1353
90.3716
90.3716
90.3716
90.3716
90.3716
90.3716
90.3716
90.3716
94.0427
94.0427
94.0427
94.0427
94.0427
94.0427
94.0427
94.0427
98.3429
98.3429
98.3429
98.3429
98.3429
98.3429
98.3429
98.3429
103.443
103.443
103.443
103.443
103.443
103.443
103.443
103.443
109.471
109.471
109.471
109.471
109.471
109.471
109.471
109.471
116.493
116.493
116.493
116.493
116.493
116.493
116.493
116.493
55.0394
55.0394
55.0394
55.0394
55.0394
55.0394
55.0394
55.0394
59.1667
59.1667
59.1667
59.1667
59.1667
59.1667
59.1667
59.1667
63.3305
63.3305
63.3305
63.3305
63.3305
63.3305
63.3305
63.3305
67.3942
67.3942
67.3942
67.3942
67.3942
67.3942
67.3942
67.3942
71.2461
71.2461
71.2461
71.2461
71.2461
71.2461
71.2461
71.2461
74.8221
74.8221
74.8221
74.8221
74.8221
74.8221
74.8221
74.8221
78.1147
78.1147
78.1147
78.1147
78.1147
78.1147
78.1147
78.1147
81.1809
81.1809
81.1809
81.1809
81.1809
81.1809
81.1809
81.1809
84.1345
84.1345
84.1345
84.1345
84.1345
84.1345
84.1345
84.1345
87.1353
87.1353
87.1353
87.1353
87.1353
87.1353
87.1353
87.1353
90.3716
90.3716
90.3716
90.3716
90.3716
90.3716
90.3716
90.3716
94.0427
94.0427
94.0427
94.0427
94.0427
94.0427
94.0427
94.0427
98.3429
98.3429
98.3429
98.3429
98.3429
98.3429
98.3429
98.3429
103.443
103.443
103.443
103.443
103.443
103.443
103.443
103.443
109.471
109.471
109.471
109.471
109.471
109.471
109.471
109.471
116.493
116.493
116.493
116.493
116.493
116.493
116.493
116.493
56.9596
56.9596
56.9596
56.9596
56.9596
56.9596
56.9596
56.9596
61.3096
61.3096
61.3096
61.3096
61.3096
61.3096
61.3096
61.3096
65.7308
65.7308
65.7308
65.7308
65.7308
65.7308
65.7308
65.7308
70.0643
70.0643
70.0643
70.0643
70.0643
70.0643
70.0643
70.0643
74.1715
74.1715
74.1715
74.1715
74.1715
74.1715
74.1715
74.1715
77.9539
77.9539
77.9539
77.9539
77.9539
77.9539
77.9539
77.9539
81.3724
81.3724
81.3724
81.3724
81.3724
81.3724
81.3724
81.3724
84.4524
84.4524
84.4524
84.4524
84.4524
84.4524
84.4524
84.4524
87.2823
87.2823
87.2823
87.2823
87.2823
87.2823
87.2823
87.2823
90.0025
90.0025
90.0025
90.0025
90.0025
90.0025
90.0025
90.0025
92.7874
92.7874
92.7874
92.7874
92.7874
92.7874
92.7874
92.7874
95.8257
95.8257
95.8257
95.8257
95.8257
95.8257
95.8257
95.8257
99.3019
99.3019
99.3019
99.3019
99.3019
99.3019
99.3019
99.3019
103.378
103.378
103.378
103.378
103.378
103.378
103.378
103.378
108.176
108.176
108.176
108.176
108.176
108.176
108.176
108.176
113.757
113.757
113.757
113.757
113.757
113.757
113.757
113.757
56.9596
56.9596
56.9596
56.9596
56.9596
56.9596
56.9596
56.9596
61.3096
61.3096
61.3096
61.3096
61.3096
61.3096
61.3096
61.3096
65.7308
65.7308
65.7308
65.7308
65.7308
65.7308
65.7308
65.7308
70.0643
70.0643
70.0643
70.0643
70.0643
70.0643
70.0643
70.0643
74.1715
74.1715
74.1715
74.1715
74.1715
74.1715
74.1715
74.1715
77.9539
77.9539
77.9539
77.9539
77.9539
77.9539
77.9539
77.9539
81.3724
81.3724
81.3724
81.3724
81.3724
81.3724
81.3724
81.3724
84.4524
84.4524
84.4524
84.4524
84.4524
84.4524
84.4524
84.4524
87.2823
87.2823
87.2823
87.2823
87.2823
87.2823
87.2823
87.2823
90.0025
90.0025
90.0025
90.0025
90.0025
90.0025
90.0025
90.0025
92.7874
92.7874
92.7874
92.7874
92.7874
92.7874
92.7874
92.7874
95.8257
95.8257
95.8257
95.8257
95.8257
95.8257
95.8257
95.8257
99.3019
99.3019
99.3019
99.3019
99.3019
99.3019
99.3019
99.3019
103.378
103.378
103.378
103.378
103.378
103.378
103.378
103.378
108.176
108.176
108.176
108.176
108.176
108.176
108.176
108.176
113.757
113.757
113.757
113.757
113.757
113.757
113.757
113.757
56.9596
56.9596
56.9596
56.9596
56.9596
56.9596
56.9596
56.9596
61.3096
61.3096
61.3096
61.3096
61.3096
61.3096
61.3096
61.3096
65.7308
65.7308
65.7308
65.7308
65.7308
65.7308
65.7308
65.7308
70.0643
70.0643
70.0643
70.0643
70.0643
70.0643
70.0643
70.0643
74.1715
74.1715
74.1715
74.1715
74.1715
74.1715
74.1715
74.1715
77.9539
77.9539
77.9539
77.9539
77.9539
77.9539
77.9539
77.9539
81.3724
81.3724
81.3724
81.3724
81.3724
81.3724
81.3724
81.3724
84.4524
84.4524
84.4524
84.4524
84.4524
84.4524
84.4524
84.4524
87.2823
87.2823
87.2823
87.2823
87.2823
87.2823
87.2823
87.2823
90.0025
90.0025
90.0025
90.0025
90.0025
90.0025
90.0025
90.0025
92.7874
92.7874
92.7874
92.7874
92.7874
92.7874
92.7874
92.7874
95.8257
95.8257
95.8257
95.8257
95.8257
95.8257
95.8257
95.8257
99.3019
99.3019
99.3019
99.3019
99.3019
99.3019
99.3019
99.3019
103.378
103.378
103.378
103.378
103.378
103.378
103.378
103.378
108.176
108.176
108.176
108.176
108.176
108.176
108.176
108.176
113.757
113.757
113.757
113.757
113.757
113.757
113.757
113.757
56.9596
56.9596
56.9596
56.9596
56.9596
56.9596
56.9596
56.9596
61.3096
61.3096
61.3096
61.3096
61.3096
61.3096
61.3096
61.3096
65.7308
65.7308
65.7308
65.7308
65.7308
65.7308
65.7308
65.7308
70.0643
70.0643
70.0643
70.0643
70.0643
70.0643
70.0643
70.0643
74.1715
74.1715
74.1715
74.1715
74.1715
74.1715
74.1715
74.1715
77.9539
77.9539
77.9539
77.9539
77.9539
77.9539
77.9539
77.9539
81.3724
81.3724
81.3724
81.3724
81.3724
81.3724
81.3724
81.3724
84.4524
84.4524
84.4524
84.4524
84.4524
84.4524
84.4524
84.4524
87.2823
87.2823
87.2823
87.2823
87.2823
87.2823
87.2823
87.2823
90.0025
90.0025
90.0025
90.0025
90.0025
90.0025
90.0025
90.0025
92.7874
92.7874
92.7874
92.7874
92.7874
92.7874
92.7874
92.7874
95.8257
95.8257
95.8257
95.8257
95.8257
95.8257
95.8257
95.8257
99.3019
99.3019
99.3019
99.3019
99.3019
99.3019
99.3019
99.3019
103.378
103.378
103.378
103.378
103.378
103.378
103.378
103.378
108.176
108.176
108.176
108.176
108.176
108.176
108.176
108.176
113.757
113.757
113.757
113.757
113.757
113.757
113.757
113.757
59.0625
59.0625
59.0625
59.0625
59.0625
59.0625
59.0625
59.0625
63.6434
63.6434
63.6434
63.6434
63.6434
63.6434
63.6434
63.6434
68.3273
68.3273
68.3273
68.3273
68.3273
68.3273
68.3273
68.3273
72.933
72.933
72.933
72.933
72.933
72.933
72.933
72.933
77.2907
77.2907
77.2907
77.2907
77.2907
77.2907
77.2907
77.2907
81.2658
81.2658
81.2658
81.2658
81.2658
81.2658
81.2658
81.2658
84.781
84.781
84.781
84.781
84.781
84.781
84.781
84.781
87.8275
87.8275
87.8275
87.8275
87.8275
87.8275
87.8275
87.8275
90.4665
90.4665
90.4665
90.4665
90.4665
90.4665
90.4665
90.4665
92.8185
92.8185
92.8185
92.8185
92.8185
92.8185
92.8185
92.8185
95.0444
95.0444
95.0444
95.0444
95.0444
95.0444
95.0444
95.0444
97.3256
97.3256
97.3256
97.3256
97.3256
97.3256
97.3256
97.3256
99.8427
99.8427
99.8427
99.8427
99.8427
99.8427
99.8427
99.8427
102.754
102.754
102.754
102.754
102.754
102.754
102.754
102.754
106.182
106.182
106.182
106.182
106.182
106.182
106.182
106.182
110.192
110.192
110.192
110.192
110.192
110.192
110.192
110.192
59.0625
59.0625
59.0625
59.0625
59.0625
59.0625
59.0625
59.0625
63.6434
63.6434
63.6434
63.6434
63.6434
63.6434
63.6434
63.6434
68.3273
68.3273
68.3273
68.3273
68.3273
68.3273
68.3273
68.3273
72.933
72.933
72.933
72.933
72.933
72.933
72.933
72.933
77.2907
77.2907
77.2907
77.2907
77.2907
77.2907
77.2907
77.2907
81.2658
81.2658
81.2658
81.2658
81.2658
81.2658
81.2658
81.2658
84.781
84.781
84.781
84.781
84.781
84.781
84.781
84.781
87.8275
87.8275
87.8275
87.8275
87.8275
87.8275
87.8275
87.8275
90.4665
90.4665
90.4665
90.4665
90.4665
90.4665
90.4665
90.4665
92.8185
92.8185
92.8185
92.8185
92.8185
92.8185
92.8185
92.8185
95.0444
95.0444
95.0444
95.0444
95.0444
95.0444
95.0444
95.0444
97.3256
97.3256
97.3256
97.3256
97.3256
97.3256
97.3256
97.3256
99.8427
99.8427
99.8427
99.8427
99.8427
99.8427
99.8427
99.8427
102.754
102.754
102.754
102.754
102.754
102.754
102.754
102.754
106.182
106.182
106.182
106.182
106.182
106.182
106.182
106.182
110.192
110.192
110.192
110.192
110.192
110.192
110.192
110.192
59.0625
59.0625
59.0625
59.0625
59.0625
59.0625
59.0625
59.0625
63.6434
63.6434
63.6434
63.6434
63.6434
63.6434
63.6434
63.6434
68.3273
68.3273
68.3273
68.3273
68.3273
68.3273
68.3273
68.3273
72.933
72.933
72.933
72.933
72.933
72.933
72.933
72.933
77.2907
77.2907
77.2907
77.2907
77.2907
77.2907
77.2907
77.2907
81.2658
81.2658
81.2658
81.2658
81.2658
81.2658
81.2658
81.2658
84.781
84.781
84.781
84.781
84.781
84.781
84.781
84.781
87.8275
87.8275
87.8275
87.8275
87.8275
87.8275
87.8275
87.8275
90.4665
90.4665
90.4665
90.4665
90.4665
90.4665
90.4665
90.4665
92.8185
92.8185
92.8185
92.8185
92.8185
92.8185
92.8185
92.8185
95.0444
95.0444
95.0444
95.0444
95.0444
95.0444
95.0444
95.0444
97.3256
97.3256
97.3256
97.3256
97.3256
97.3256
97.3256
97.3256
99.8427
99.8427
99.8427
99.8427
99.8427
99.8427
99.8427
99.8427
102.754
102.754
102.754
102.754
102.754
102.754
102.754
102.754
106.182
106.182
106.182
106.182
106.182
106.182
106.182
106.182
110.192
110.192
110.192
110.192
110.192
110.192
110.192
110.192
59.0625
59.0625
59.0625
59.0625
59.0625
59.0625
59.0625
59.0625
63.6434
63.6434
63.6434
63.6434
63.6434
63.6434
63.6434
63.6434
68.3273
68.3273
68.3273
68.3273
68.3273
68.3273
68.3273
68.3273
72.933
72.933
72.933
72.933
72.933
72.933
72.933
72.933
77.2907
77.2907
77.2907
77.2907
77.2907
77.2907
77.2907
77.2907
81.2658
81.2658
81.2658
81.2658
81.2658
81.2658
81.2658
81.2658
84.781
84.781
84.781
84.781
84.781
84.781
84.781
84.781
87.8275
87.8275
87.8275
87.8275
87.8275
87.8275
87.8275
87.8275
90.4665
90.4665
90.4665
90.4665
90.4665
90.4665
90.4665
90.4665
92.8185
92.8185
92.8185
92.8185
92.8185
92.8185
92.8185
92.8185
95.0444
95.0444
95.0444
95.0444
95.0444
95.0444
95.0444
95.0444
97.3256
97.3256
97.3256
97.3256
97.3256
97.3256
97.3256
97.3256
99.8427
99.8427
99.8427
99.8427
99.8427
99.8427
99.8427
99.8427
102.754
102.754
102.754
102.754
102.754
102.754
102.754
102.754
106.182
106.182
106.182
106.182
106.182
106.182
106.182
106.182
110.192
110.192
110.192
110.192
110.192
110.192
110.192
110.192
61.2525
61.2525
61.2525
61.2525
61.2525
61.2525
61.2525
61.2525
66.0558
66.0558
66.0558
66.0558
66.0558
66.0558
66.0558
66.0558
70.9905
70.9905
70.9905
70.9905
70.9905
70.9905
70.9905
70.9905
75.8506
75.8506
75.8506
75.8506
75.8506
75.8506
75.8506
75.8506
80.4338
80.4338
80.4338
80.4338
80.4338
80.4338
80.4338
80.4338
84.5665
84.5665
84.5665
84.5665
84.5665
84.5665
84.5665
84.5665
88.1312
88.1312
88.1312
88.1312
88.1312
88.1312
88.1312
88.1312
91.0832
91.0832
91.0832
91.0832
91.0832
91.0832
91.0832
91.0832
93.4541
93.4541
93.4541
93.4541
93.4541
93.4541
93.4541
93.4541
95.3448
95.3448
95.3448
95.3448
95.3448
95.3448
95.3448
95.3448
96.9076
96.9076
96.9076
96.9076
96.9076
96.9076
96.9076
96.9076
98.3221
98.3221
98.3221
98.3221
98.3221
98.3221
98.3221
98.3221
99.7706
99.7706
99.7706
99.7706
99.7706
99.7706
99.7706
99.7706
101.418
101.418
101.418
101.418
101.418
101.418
101.418
101.418
103.393
103.393
103.393
103.393
103.393
103.393
103.393
103.393
105.776
105.776
105.776
105.776
105.776
105.776
105.776
105.776
61.2525
61.2525
61.2525
61.2525
61.2525
61.2525
61.2525
61.2525
66.0558
66.0558
66.0558
66.0558
66.0558
66.0558
66.0558
66.0558
70.9905
70.9905
70.9905
70.9905
70.9905
70.9905
70.9905
70.9905
75.8506
75.8506
75.8506
75.8506
75.8506
75.8506
75.8506
75.8506
80.4338
80.4338
80.4338
80.4338
80.4338
80.4338
80.4338
80.4338
84.5665
84.5665
84.5665
84.5665
84.5665
84.5665
84.5665
84.5665
88.1312
88.1312
88.1312
88.1312
88.1312
88.1312
88.1312
88.1312
91.0832
91.0832
91.0832
91.0832
91.0832
91.0832
91.0832
91.0832
93.4541
93.4541
93.4541
93.4541
93.4541
93.4541
93.4541
93.4541
95.3448
95.3448
95.3448
95.3448
95.3448
95.3448
95.3448
95.3448
96.9076
96.9076
96.9076
96.9076
96.9076
96.9076
96.9076
96.9076
98.3221
98.3221
98.3221
98.3221
98.3221
98.3221
98.3221
98.3221
99.7706
99.7706
99.7706
99.7706
99.7706
99.7706
99.7706
99.7706
101.418
101.418
101.418
101.418
101.418
101.418
101.418
101.418
103.393
103.393
103.393
103.393
103.393
103.393
103.393
103.393
105.776
105.776
105.776
105.776
105.776
105.776
105.776
105.776
61.2525
61.2525
61.2525
61.2525
61.2525
61.2525
61.2525
61.2525
66.0558
66.0558
66.0558
66.0558
66.0558
66.0558
66.0558
66.0558
70.9905
70.9905
70.9905
70.9905
70.9905
70.9905
70.9905
70.9905
75.8506
75.8506
75.8506
75.8506
75.8506
75.8506
75.8506
75.8506
80.4338
80.4338
80.4338
80.4338
80.4338
80.4338
80.4338
80.4338
84.5665
84.5665
84.5665
84.5665
84.5665
84.5665
84.5665
84.5665
88.1312
88.1312
88.1312
88.1312
88.1312
88.1312
88.1312
88.1312
91.0832
91.0832
91.0832
91.0832
91.0832
91.0832
91.0832
91.0832
93.4541
93.4541
93.4541
93.4541
93.4541
93.4541
93.4541
93.4541
95.3448
95.3448
95.3448
95.3448
95.3448
95.3448
95.3448
95.3448
96.9076
96.9076
96.9076
96.9076
96.9076
96.9076
96.9076
96.9076
98.3221
98.3221
98.3221
98.3221
98.3221
98.3221
98.3221
98.3221
99.7706
99.7706
99.7706
99.7706
99.7706
99.7706
99.7706
99.7706
101.418
101.418
101.418
101.418
101.418
101.418
101.418
101.418
103.393
103.393
103.393
103.393
103.393
103.393
103.393
103.393
105.776
105.776
105.776
105.776
105.776
105.776
105.776
105.776
61.2525
61.2525
61.2525
61.2525
61.2525
61.2525
61.2525
61.2525
66.0558
66.0558
66.0558
66.0558
66.0558
66.0558
66.0558
66.0558
70.9905
70.9905
70.9905
70.9905
70.9905
70.9905
70.9905
70.9905
75.8506
75.8506
75.8506
75.8506
75.8506
75.8506
75.8506
75.8506
80.4338
80.4338
80.4338
80.4338
80.4338
80.4338
80.4338
80.4338
84.5665
84.5665
84.5665
84.5665
84.5665
84.5665
84.5665
84.5665
88.1312
88.1312
88.1312
88.1312
88.1312
88.1312
88.1312
88.1312
91.0832
91.0832
91.0832
91.0832
91.0832
91.0832
91.0832
91.0832
93.4541
93.4541
93.4541
93.4541
93.4541
93.4541
93.4541
93.4541
95.3448
95.3448
95.3448
95.3448
95.3448
95.3448
95.3448
95.3448
96.9076
96.9076
96.9076
96.9076
96.9076
96.9076
96.9076
96.9076
98.3221
98.3221
98.3221
98.3221
98.3221
98.3221
98.3221
98.3221
99.7706
99.7706
99.7706
99.7706
99.7706
99.7706
99.7706
99.7706
101.418
101.418
101.418
101.418
101.418
101.418
101.418
101.418
103.393
103.393
103.393
103.393
103.393
103.393
103.393
103.393
105.776
105.776
105.776
105.776
105.776
105.776
105.776
105.776
63.4573
63.4573
63.4573
63.4573
63.4573
63.4573
63.4573
63.4573
68.4591
68.4591
68.4591
68.4591
68.4591
68.4591
68.4591
68.4591
73.6139
73.6139
73.6139
73.6139
73.6139
73.6139
73.6139
73.6139
78.6912
78.6912
78.6912
78.6912
78.6912
78.6912
78.6912
78.6912
83.4546
83.4546
83.4546
83.4546
83.4546
83.4546
83.4546
83.4546
87.6912
87.6912
87.6912
87.6912
87.6912
87.6912
87.6912
87.6912
91.242
91.242
91.242
91.242
91.242
91.242
91.242
91.242
94.0253
94.0253
94.0253
94.0253
94.0253
94.0253
94.0253
94.0253
96.0452
96.0452
96.0452
96.0452
96.0452
96.0452
96.0452
96.0452
97.3863
97.3863
97.3863
97.3863
97.3863
97.3863
97.3863
97.3863
98.1966
98.1966
98.1966
98.1966
98.1966
98.1966
98.1966
98.1966
98.6597
98.6597
98.6597
98.6597
98.6597
98.6597
98.6597
98.6597
98.9707
98.9707
98.9707
98.9707
98.9707
98.9707
98.9707
98.9707
99.3083
99.3083
99.3083
99.3083
99.3083
99.3083
99.3083
99.3083
99.8199
99.8199
99.8199
99.8199
99.8199
99.8199
99.8199
99.8199
100.605
100.605
100.605
100.605
100.605
100.605
100.605
100.605
63.4573
63.4573
63.4573
63.4573
63.4573
63.4573
63.4573
63.4573
68.4591
68.4591
68.4591
68.4591
68.4591
68.4591
68.4591
68.4591
73.6139
73.6139
73.6139
73.6139
73.6139
73.6139
73.6139
73.6139
78.6912
78.6912
78.6912
78.6912
78.6912
78.6912
78.6912
78.6912
83.4546
83.4546
83.4546
83.4546
83.4546
83.4546
83.4546
83.4546
87.6912
87.6912
87.6912
87.6912
87.6912
87.6912
87.6912
87.6912
91.242
91.242
91.242
91.242
91.242
91.242
91.242
91.242
94.0253
94.0253
94.0253
94.0253
94.0253
94.0253
94.0253
94.0253
96.0452
96.0452
96.0452
96.0452
96.0452
96.0452
96.0452
96.0452
97.3863
97.3863
97.3863
97.3863
97.3863
97.3863
97.3863
97.3863
98.1966
98.1966
98.1966
98.1966
98.1966
98.1966
98.1966
98.1966
98.6597
98.6597
98.6597
98.6597
98.6597
98.6597
98.6597
98.6597
98.9707
98.9707
98.9707
98.9707
98.9707
98.9707
98.9707
98.9707
99.3083
99.3083
99.3083
99.3083
99.3083
99.3083
99.3083
99.3083
99.8199
99.8199
99.8199
99.8199
99.8199
99.8199
99.8199
99.8199
100.605
100.605
100.605
100.605
100.605
100.605
100.605
100.605
63.4573
63.4573
63.4573
63.4573
63.4573
63.4573
63.4573
63.4573
68.4591
68.4591
68.4591
68.4591
68.4591
68.4591
68.4591
68.4591
73.6139
73.6139
73.6139
73.6139
73.6139
73.6139
73.6139
73.6139
78.6912
78.6912
78.6912
78.6912
78.6912
78.6912
78.6912
78.6912
83.4546
83.4546
83.4546
83.4546
83.4546
83.4546
83.4546
83.4546
87.6912
87.6912
87.6912
87.6912
87.6912
87.6912
87.6912
87.6912
91.242
91.242
91.242
91.242
91.242
91.242
91.242
91.242
94.0253
94.0253
94.0253
94.0253
94.0253
94.0253
94.0253
94.0253
96.0452
96.0452
96.0452
96.0452
96.0452
96.0452
96.0452
96.0452
97.3863
97.3863
97.3863
97.3863
97.3863
97.3863
97.3863
97.3863
98.1966
98.1966
98.1966
98.1966
98.1966
98.1966
98.1966
98.1966
98.6597
98.6597
98.6597
98.6597
98.6597
98.6597
98.6597
98.6597
98.9707
98.9707
98.9707
98.9707
98.9707
98.9707
98.9707
98.9707
99.3083
99.3083
99.3083
99.3083
99.3083
99.3083
99.3083
99.3083
99.8199
99.8199
99.8199
99.8199
99.8199
99.8199
99.8199
99.8199
100.605
100.605
100.605
100.605
100.605
100.605
100.605
100.605
63.4573
63.4573
63.4573
63.4573
63.4573
63.4573
63.4573
63.4573
68.4591
68.4591
68.4591
68.4591
68.4591
68.4591
68.4591
68.4591
73.6139
73.6139
73.6139
73.6139
73.6139
73.6139
73.6139
73.6139
78.6912
78.6912
78.6912
78.6912
78.6912
78.6912
78.6912
78.6912
83.4546
83.4546
83.4546
83.4546
83.4546
83.4546
83.4546
83.4546
87.6912
87.6912
87.6912
87.6912
87.6912
87.6912
87.6912
87.6912
91.242
91.242
91.242
91.242
91.242
91.242
91.242
91.242
94.0253
94.0253
94.0253
94.0253
94.0253
94.0253
94.0253
94.0253
96.0452
96.0452
96.0452
96.0452
96.0452
96.0452
96.0452
96.0452
97.3863
97.3863
97.3863
97.3863
97.3863
97.3863
97.3863
97.3863
98.1966
98.1966
98.1966
98.1966
98.1966
98.1966
98.1966
98.1966
98.6597
98.6597
98.6597
98.6597
98.6597
98.6597
98.6597
98.6597
98.9707
98.9707
98.9707
98.9707
98.9707
98.9707
98.9707
98.9707
99.3083
99.3083
99.3083
99.3083
99.3083
99.3083
99.3083
99.3083
99.8199
99.8199
99.8199
99.8199
99.8199
99.8199
99.8199
99.8199
100.605
100.605
100.605
100.605
100.605
100.605
100.605
100.605
65.6378
65.6378
65.6378
65.6378
65.6378
65.6378
65.6378
65.6378
70.8006
70.8006
70.8006
70.8006
70.8006
70.8006
70.8006
70.8006
76.1293
76.1293
76.1293
76.1293
76.1293
76.1293
76.1293
76.1293
81.3689
81.3689
81.3689
81.3689
81.3689
81.3689
81.3689
81.3689
86.25
86.25
86.25
86.25
86.25
86.25
86.25
86.25
90.5202
90.5202
90.5202
90.5202
90.5202
90.5202
90.5202
90.5202
93.9812
93.9812
93.9812
93.9812
93.9812
93.9812
93.9812
93.9812
96.5155
96.5155
96.5155
96.5155
96.5155
96.5155
96.5155
96.5155
98.1034
98.1034
98.1034
98.1034
98.1034
98.1034
98.1034
98.1034
98.8176
98.8176
98.8176
98.8176
98.8176
98.8176
98.8176
98.8176
98.8087
98.8087
98.8087
98.8087
98.8087
98.8087
98.8087
98.8087
98.2731
98.2731
98.2731
98.2731
98.2731
98.2731
98.2731
98.2731
97.4253
97.4253
97.4253
97.4253
97.4253
97.4253
97.4253
97.4253
96.469
96.469
96.469
96.469
96.469
96.469
96.469
96.469
95.5751
95.5751
95.5751
95.5751
95.5751
95.5751
95.5751
95.5751
94.87
94.87
94.87
94.87
94.87
94.87
94.87
94.87
65.6378
65.6378
65.6378
65.6378
65.6378
65.6378
65.6378
65.6378
70.8006
70.8006
70.8006
70.8006
70.8006
70.8006
70.8006
70.8006
76.1293
76.1293
76.1293
76.1293
76.1293
76.1293
76.1293
76.1293
81.3689
81.3689
81.3689
81.3689
81.3689
81.3689
81.3689
81.3689
86.25
86.25
86.25
86.25
86.25
86.25
86.25
86.25
90.5202
90.5202
90.5202
90.5202
90.5202
90.5202
90.5202
90.5202
93.9812
93.9812
93.9812
93.9812
93.9812
93.9812
93.9812
93.9812
96.5155
96.5155
96.5155
96.5155
96.5155
96.5155
96.5155
96.5155
98.1034
98.1034
98.1034
98.1034
98.1034
98.1034
98.1034
98.1034
98.8176
98.8176
98.8176
98.8176
98.8176
98.8176
98.8176
98.8176
98.8087
98.8087
98.8087
98.8087
98.8087
98.8087
98.8087
98.8087
98.2731
98.2731
98.2731
98.2731
98.2731
98.2731
98.2731
98.2731
97.4253
97.4253
97.4253
97.4253
97.4253
97.4253
97.4253
97.4253
96.469
96.469
96.469
96.469
96.469
96.469
96.469
96.469
95.5751
95.5751
95.5751
95.5751
95.5751
95.5751
95.5751
95.5751
94.87
94.87
94.87
94.87
94.87
94.87
94.87
94.87
65.6378
65.6378
65.6378
65.6378
65.6378
65.6378
65.6378
65.6378
70.8006
70.8006
70.8006
70.8006
70.8006
70.8006
70.8006
70.8006
76.1293
76.1293
76.1293
76.1293
76.1293
76.1293
76.1293
76.1293
81.3689
81.3689
81.3689
81.3689
81.3689
81.3689
81.3689
81.3689
86.25
86.25
86.25
86.25
86.25
86.25
86.25
86.25
90.5202
90.5202
90.5202
90.5202
90.5202
90.5202
90.5202
90.5202
93.9812
93.9812
93.9812
93.9812
93.9812
93.9812
93.9812
93.9812
96.5155
96.5155
96.5155
96.5155
96.5155
96.5155
96.5155
96.5155
98.1034
98.1034
98.1034
98.1034
98.1034
98.1034
98.1034
98.1034
98.8176
98.8176
98.8176
98.8176
98.8176
98.8176
98.8176
98.8176
98.8087
98.8087
98.8087
98.8087
98.8087
98.8087
98.8087
98.8087
98.2731
98.2731
98.2731
98.2731
98.2731
98.2731
98.2731
98.2731
97.4253
97.4253
97.4253
97.4253
97.4253
97.4253
97.4253
97.4253
96.469
96.469
96.469
96.469
96.469
96.469
96.469
96.469
95.5751
95.5751
95.5751
95.5751
95.5751
95.5751
95.5751
95.5751
94.87
94.87
94.87
94.87
94.87
94.87
94.87
94.87
65.6378
65.6378
65.6378
65.6378
65.6378
65.6378
65.6378
65.6378
70.8006
70.8006
70.8006
70.8006
70.8006
70.8006
70.8006
70.8006
76.1293
76.1293
76.1293
76.1293
76.1293
76.1293
76.1293
76.1293
81.3689
81.3689
81.3689
81.3689
81.3689
81.3689
81.3689
81.3689
86.25
86.25
86.25
86.25
86.25
86.25
86.25
86.25
90.5202
90.5202
90.5202
90.5202
90.5202
90.5202
90.5202
90.5202
93.9812
93.9812
93.9812
93.9812
93.9812
93.9812
93.9812
93.9812
96.5155
96.5155
96.5155
96.5155
96.5155
96.5155
96.5155
96.5155
98.1034
98.1034
98.1034
98.1034
98.1034
98.1034
98.1034
98.1034
98.8176
98.8176
98.8176
98.8176
98.8176
98.8176
98.8176
98.8176
98.8087
98.8087
98.8087
98.8087
98.8087
98.8087
98.8087
98.8087
98.2731
98.2731
98.2731
98.2731
98.2731
98.2731
98.2731
98.2731
97.4253
97.4253
97.4253
97.4253
97.4253
97.4253
97.4253
97.4253
96.469
96.469
96.469
96.469
96.469
96.469
96.469
96.469
95.5751
95.5751
95.5751
95.5751
95.5751
95.5751
95.5751
95.5751
94.87
94.87
94.87
94.87
94.87
94.87
94.87
94.87
67.7941
67.7941
67.7941
67.7941
67.7941
67.7941
67.7941
67.7941
73.0708
73.0708
73.0708
73.0708
73.0708
73.0708
73.0708
73.0708
78.5157
78.5157
78.5157
78.5157
78.5157
78.5157
78.5157
78.5157
83.8507
83.8507
83.8507
83.8507
83.8507
83.8507
83.8507
83.8507
88.7736
88.7736
88.7736
88.7736
88.7736
88.7736
88.7736
88.7736
92.9963
92.9963
92.9963
92.9963
92.9963
92.9963
92.9963
92.9963
96.2838
96.2838
96.2838
96.2838
96.2838
96.2838
96.2838
96.2838
98.4884
98.4884
98.4884
98.4884
98.4884
98.4884
98.4884
98.4884
99.5704
99.5704
99.5704
99.5704
99.5704
99.5704
99.5704
99.5704
99.5987
99.5987
99.5987
99.5987
99.5987
99.5987
99.5987
99.5987
98.7327
98.7327
98.7327
98.7327
98.7327
98.7327
98.7327
98.7327
97.1897
97.1897
97.1897
97.1897
97.1897
97.1897
97.1897
97.1897
95.2117
95.2117
95.2117
95.2117
95.2117
95.2117
95.2117
95.2117
93.0323
93.0323
93.0323
93.0323
93.0323
93.0323
93.0323
93.0323
90.8521
90.8521
90.8521
90.8521
90.8521
90.8521
90.8521
90.8521
88.8244
88.8244
88.8244
88.8244
88.8244
88.8244
88.8244
88.8244
67.7941
67.7941
67.7941
67.7941
67.7941
67.7941
67.7941
67.7941
73.0708
73.0708
73.0708
73.0708
73.0708
73.0708
73.0708
73.0708
78.5157
78.5157
78.5157
78.5157
78.5157
78.5157
78.5157
78.5157
83.8507
83.8507
83.8507
83.8507
83.8507
83.8507
83.8507
83.8507
88.7736
88.7736
88.7736
88.7736
88.7736
88.7736
88.7736
88.7736
92.9963
92.9963
92.9963
92.9963
92.9963
92.9963
92.9963
92.9963
96.2838
96.2838
96.2838
96.2838
96.2838
96.2838
96.2838
96.2838
98.4884
98.4884
98.4884
98.4884
98.4884
98.4884
98.4884
98.4884
99.5704
99.5704
99.5704
99.5704
99.5704
99.5704
99.5704
99.5704
99.5987
99.5987
99.5987
99.5987
99.5987
99.5987
99.5987
99.5987
98.7327
98.7327
98.7327
98.7327
98.7327
98.7327
98.7327
98.7327
97.1897
97.1897
97.1897
97.1897
97.1897
97.1897
97.1897
97.1897
95.2117
95.2117
95.2117
95.2117
95.2117
95.2117
95.2117
95.2117
93.0323
93.0323
93.0323
93.0323
93.0323
93.0323
93.0323
93.0323
90.8521
90.8521
90.8521
90.8521
90.8521
90.8521
90.8521
90.8521
88.8244
88.8244
88.8244
88.8244
88.8244
88.8244
88.8244
88.8244
67.7941
67.7941
67.7941
67.7941
67.7941
67.7941
67.7941
67.7941
73.0708
73.0708
73.0708
73.0708
73.0708
73.0708
73.0708
73.0708
78.5157
78.5157
78.5157
78.5157
78.5157
78.5157
78.5157
78.5157
83.8507
83.8507
83.8507
83.8507
83.8507
83.8507
83.8507
83.8507
88.7736
88.7736
88.7736
88.7736
88.7736
88.7736
88.7736
88.7736
92.9963
92.9963
92.9963
92.9963
92.9963
92.9963
92.9963
92.9963
96.2838
96.2838
96.2838
96.2838
96.2838
96.2838
96.2838
96.2838
98.4884
98.4884
98.4884
98.4884
98.4884
98.4884
98.4884
98.4884
99.5704
99.5704
99.5704
99.5704
99.5704
99.5704
99.5704
99.5704
99.5987
99.5987
99.5987
99.5987
99.5987
99.5987
99.5987
99.5987
98.7327
98.7327
98.7327
98.7327
98.7327
98.7327
98.7327
98.7327
97.1897
97.1897
97.1897
97.1897
97.1897
97.1897
97.1897
97.1897
95.2117
95.2117
95.2117
95.2117
95.2117
95.2117
95.2117
95.2117
93.0323
93.0323
93.0323
93.0323
93.0323
93.0323
93.0323
93.0323
90.8521
90.8521
90.8521
90.8521
90.8521
90.8521
90.8521
90.8521
88.8244
88.8244
88.8244
88.8244
88.8244
88.8244
88.8244
88.8244
67.7941
67.7941
67.7941
67.7941
67.7941
67.7941
67.7941
67.7941
73.0708
73.0708
73.0708
73.0708
73.0708
73.0708
73.0708
73.0708
78.5157
78.5157
78.5157
78.5157
78.5157
78.5157
78.5157
78.5157
83.8507
83.8507
83.8507
83.8507
83.8507
83.8507
83.8507
83.8507
88.7736
88.7736
88.7736
88.7736
88.7736
88.7736
88.7736
88.7736
92.9963
92.9963
92.9963
92.9963
92.9963
92.9963
92.9963
92.9963
96.2838
96.2838
96.2838
96.2838
96.2838
96.2838
96.2838
96.2838
98.4884
98.4884
98.4884
98.4884
98.4884
98.4884
98.4884
98.4884
99.5704
99.5704
99.5704
99.5704
99.5704
99.5704
99.5704
99.5704
99.5987
99.5987
99.5987
99.5987
99.5987
99.5987
99.5987
99.5987
98.7327
98.7327
98.7327
98.7327
98.7327
98.7327
98.7327
98.7327
97.1897
97.1897
97.1897
97.1897
97.1897
97.1897
97.1897
97.1897
95.2117
95.2117
95.2117
95.2117
95.2117
95.2117
95.2117
95.2117
93.0323
93.0323
93.0323
93.0323
93.0323
93.0323
93.0323
93.0323
90.8521
90.8521
90.8521
90.8521
90.8521
90.8521
90.8521
90.8521
88.8244
88.8244
88.8244
88.8244
88.8244
88.8244
88.8244
88.8244
69.9659
69.9659
69.9659
69.9659
69.9659
69.9659
69.9659
69.9659
75.3059
75.3059
75.3059
75.3059
75.3059
75.3059
75.3059
75.3059
80.8041
80.8041
80.8041
80.8041
80.8041
80.8041
80.8041
80.8041
86.1603
86.1603
86.1603
86.1603
86.1603
86.1603
86.1603
86.1603
91.0433
91.0433
91.0433
91.0433
91.0433
91.0433
91.0433
91.0433
95.1327
95.1327
95.1327
95.1327
95.1327
95.1327
95.1327
95.1327
98.162
98.162
98.162
98.162
98.162
98.162
98.162
98.162
99.96
99.96
99.96
99.96
99.96
99.96
99.96
99.96
100.475
100.475
100.475
100.475
100.475
100.475
100.475
100.475
99.7783
99.7783
99.7783
99.7783
99.7783
99.7783
99.7783
99.7783
98.046
98.046
98.046
98.046
98.046
98.046
98.046
98.046
95.5237
95.5237
95.5237
95.5237
95.5237
95.5237
95.5237
95.5237
92.4859
92.4859
92.4859
92.4859
92.4859
92.4859
92.4859
92.4859
89.1988
89.1988
89.1988
89.1988
89.1988
89.1988
89.1988
89.1988
85.8928
85.8928
85.8928
85.8928
85.8928
85.8928
85.8928
85.8928
82.7475
82.7475
82.7475
82.7475
82.7475
82.7475
82.7475
82.7475
69.9659
69.9659
69.9659
69.9659
69.9659
69.9659
69.9659
69.9659
75.3059
75.3059
75.3059
75.3059
75.3059
75.3059
75.3059
75.3059
80.8041
80.8041
80.8041
80.8041
80.8041
80.8041
80.8041
80.8041
86.1603
86.1603
86.1603
86.1603
86.1603
86.1603
86.1603
86.1603
91.0433
91.0433
91.0433
91.0433
91.0433
91.0433
91.0433
91.0433
95.1327
95.1327
95.1327
95.1327
95.1327
95.1327
95.1327
95.1327
98.162
98.162
98.162
98.162
98.162
98.162
98.162
98.162
99.96
99.96
99.96
99.96
99.96
99.96
99.96
99.96
100.475
100.475
100.475
100.475
100.475
100.475
100.475
100.475
99.7783
99.7783
99.7783
99.7783
99.7783
99.7783
99.7783
99.7783
98.046
98.046
98.046
98.046
98.046
98.046
98.046
98.046
95.5237
95.5237
95.5237
95.5237
95.5237
95.5237
95.5237
95.5237
92.4859
92.4859
92.4859
92.4859
92.4859
92.4859
92.4859
92.4859
89.1988
89.1988
89.1988
89.1988
89.1988
89.1988
89.1988
89.1988
85.8928
85.8928
85.8928
85.8928
85.8928
85.8928
85.8928
85.8928
82.7475
82.7475
82.7475
82.7475
82.7475
82.7475
82.7475
82.7475
69.9659
69.9659
69.9659
69.9659
69.9659
69.9659
69.9659
69.9659
75.3059
75.3059
75.3059
75.3059
75.3059
75.3059
75.3059
75.3059
80.8041
80.8041
80.8041
80.8041
80.8041
80.8041
80.8041
80.8041
86.1603
86.1603
86.1603
86.1603
86.1603
86.1603
86.1603
86.1603
91.0433
91.0433
91.0433
91.0433
91.0433
91.0433
91.0433
91.0433
95.1327
95.1327
95.1327
95.1327
95.1327
95.1327
95.1327
95.1327
98.162
98.162
98.162
98.162
98.162
98.162
98.162
98.162
99.96
99.96
99.96
99.96
99.96
99.96
99.96
99.96
100.475
100.475
100.475
100.475
100.475
100.475
100.475
100.475
99.7783
99.7783
99.7783
99.7783
99.7783
99.7783
99.7783
99.7783
98.046
98.046
98.046
98.046
98.046
98.046
98.046
98.046
95.5237
95.5237
95.5237
95.5237
95.5237
95.5237
95.5237
95.5237
92.4859
92.4859
92.4859
92.4859
92.4859
92.4859
92.4859
92.4859
89.1988
89.1988
89.1988
89.1988
89.1988
89.1988
89.1988
89.1988
85.8928
85.8928
85.8928
85.8928
85.8928
85.8928
85.8928
85.8928
82.7475
82.7475
82.7475
82.7475
82.7475
82.7475
82.7475
82.7475
69.9659
69.9659
69.9659
69.9659
69.9659
69.9659
69.9659
69.9659
75.3059
75.3059
75.3059
75.3059
75.3059
75.3059
75.3059
75.3059
80.8041
80.8041
80.8041
80.8041
80.8041
80.8041
80.8041
80.8041
86.1603
86.1603
86.1603
86.1603
86.1603
86.1603
86.1603
86.1603
91.0433
91.0433
91.0433
91.0433
91.0433
91.0433
91.0433
91.0433
95.1327
95.1327
95.1327
95.1327
95.1327
95.1327
95.1327
95.1327
98.162
98.162
98.162
98.162
98.162
98.162
98.162
98.162
99.96
99.96
99.96
99.96
99.96
99.96
99.96
99.96
100.475
100.475
100.475
100.475
100.475
100.475
100.475
100.475
99.7783
99.7783
99.7783
99.7783
99.7783
99.7783
99.7783
99.7783
98.046
98.046
98.046
98.046
98.046
98.046
98.046
98.046
95.5237
95.5237
95.5237
95.5237
95.5237
95.5237
95.5237
95.5237
92.4859
92.4859
92.4859
92.4859
92.4859
92.4859
92.4859
92.4859
89.1988
89.1988
89.1988
89.1988
89.1988
89.1988
89.1988
89.1988
85.8928
85.8928
85.8928
85.8928
85.8928
85.8928
85.8928
85.8928
82.7475
82.7475
82.7475
82.7475
82.7475
82.7475
82.7475
82.7475
