8192
145.594
145.594
145.594
145.594
145.594
145.594
145.594
145.594
158.357
158.357
158.357
158.357
158.357
158.357
158.357
158.357
171.028
171.028
171.028
171.028
171.028
171.028
171.028
171.028
182.568
182.568
182.568
182.568
182.568
182.568
182.568
182.568
191.753
191.753
191.753
191.753
191.753
191.753
191.753
191.753
197.345
197.345
197.345
197.345
197.345
197.345
197.345
197.345
198.332
198.332
198.332
198.332
198.332
198.332
198.332
198.332
194.168
194.168
194.168
194.168
194.168
194.168
194.168
194.168
184.938
184.938
184.938
184.938
184.938
184.938
184.938
184.938
171.375
171.375
171.375
171.375
171.375
171.375
171.375
171.375
154.724
154.724
154.724
154.724
154.724
154.724
154.724
154.724
136.473
136.473
136.473
136.473
136.473
136.473
136.473
136.473
118.071
118.071
118.071
118.071
118.071
118.071
118.071
118.071
100.702
100.702
100.702
100.702
100.702
100.702
100.702
100.702
85.1643
85.1643
85.1643
85.1643
85.1643
85.1643
85.1643
85.1643
71.8714
71.8714
71.8714
71.8714
71.8714
71.8714
71.8714
71.8714
145.594
145.594
145.594
145.594
145.594
145.594
145.594
145.594
158.357
158.357
158.357
158.357
158.357
158.357
158.357
158.357
171.028
171.028
171.028
171.028
171.028
171.028
171.028
171.028
182.568
182.568
182.568
182.568
182.568
182.568
182.568
182.568
191.753
191.753
191.753
191.753
191.753
191.753
191.753
191.753
197.345
197.345
197.345
197.345
197.345
197.345
197.345
197.345
198.332
198.332
198.332
198.332
198.332
198.332
198.332
198.332
194.168
194.168
194.168
194.168
194.168
194.168
194.168
194.168
184.938
184.938
184.938
184.938
184.938
184.938
184.938
184.938
171.375
171.375
171.375
171.375
171.375
171.375
171.375
171.375
154.724
154.724
154.724
154.724
154.724
154.724
154.724
154.724
136.473
136.473
136.473
136.473
136.473
136.473
136.473
136.473
118.071
118.071
118.071
118.071
118.071
118.071
118.071
118.071
100.702
100.702
100.702
100.702
100.702
100.702
100.702
100.702
85.1643
85.1643
85.1643
85.1643
85.1643
85.1643
85.1643
85.1643
71.8714
71.8714
71.8714
71.8714
71.8714
71.8714
71.8714
71.8714
145.594
145.594
145.594
145.594
145.594
145.594
145.594
145.594
158.357
158.357
158.357
158.357
158.357
158.357
158.357
158.357
171.028
171.028
171.028
171.028
171.028
171.028
171.028
171.028
182.568
182.568
182.568
182.568
182.568
182.568
182.568
182.568
191.753
191.753
191.753
191.753
191.753
191.753
191.753
191.753
197.345
197.345
197.345
197.345
197.345
197.345
197.345
197.345
198.332
198.332
198.332
198.332
198.332
198.332
198.332
198.332
194.168
194.168
194.168
194.168
194.168
194.168
194.168
194.168
184.938
184.938
184.938
184.938
184.938
184.938
184.938
184.938
171.375
171.375
171.375
171.375
171.375
171.375
171.375
171.375
154.724
154.724
154.724
154.724
154.724
154.724
154.724
154.724
136.473
136.473
136.473
136.473
136.473
136.473
136.473
136.473
118.071
118.071
118.071
118.071
118.071
118.071
118.071
118.071
100.702
100.702
100.702
100.702
100.702
100.702
100.702
100.702
85.1643
85.1643
85.1643
85.1643
85.1643
85.1643
85.1643
85.1643
71.8714
71.8714
71.8714
71.8714
71.8714
71.8714
71.8714
71.8714
145.594
145.594
145.594
145.594
145.594
145.594
145.594
145.594
158.357
158.357
158.357
158.357
158.357
158.357
158.357
158.357
171.028
171.028
171.028
171.028
171.028
171.028
171.028
171.028
182.568
182.568
182.568
182.568
182.568
182.568
182.568
182.568
191.753
191.753
191.753
191.753
191.753
191.753
191.753
191.753
197.345
197.345
197.345
197.345
197.345
197.345
197.345
197.345
198.332
198.332
198.332
198.332
198.332
198.332
198.332
198.332
194.168
194.168
194.168
194.168
194.168
194.168
194.168
194.168
184.938
184.938
184.938
184.938
184.938
184.938
184.938
184.938
171.375
171.375
171.375
171.375
171.375
171.375
171.375
171.375
154.724
154.724
154.724
154.724
154.724
154.724
154.724
154.724
136.473
136.473
136.473
136.473
136.473
136.473
136.473
136.473
118.071
118.071
118.071
118.071
118.071
118.071
118.071
118.071
100.702
100.702
100.702
100.702
100.702
100.702
100.702
100.702
85.1643
85.1643
85.1643
85.1643
85.1643
85.1643
85.1643
85.1643
71.8714
71.8714
71.8714
71.8714
71.8714
71.8714
71.8714
71.8714
142.256
142.256
142.256
142.256
142.256
142.256
142.256
142.256
155.596
155.596
155.596
155.596
155.596
155.596
155.596
155.596
169.1
169.1
169.1
169.1
169.1
169.1
169.1
169.1
181.747
181.747
181.747
181.747
181.747
181.747
181.747
181.747
192.289
192.289
192.289
192.289
192.289
192.289
192.289
192.289
199.414
199.414
199.414
199.414
199.414
199.414
199.414
199.414
201.98
201.98
201.98
201.98
201.98
201.98
201.98
201.98
199.281
199.281
199.281
199.281
199.281
199.281
199.281
199.281
191.24
191.24
191.24
191.24
191.24
191.24
191.24
191.24
178.473
178.473
178.473
178.473
178.473
178.473
178.473
178.473
162.169
162.169
162.169
162.169
162.169
162.169
162.169
162.169
143.841
143.841
143.841
143.841
143.841
143.841
143.841
143.841
125.021
125.021
125.021
125.021
125.021
125.021
125.021
125.021
107.006
107.006
107.006
107.006
107.006
107.006
107.006
107.006
90.7107
90.7107
90.7107
90.7107
90.7107
90.7107
90.7107
90.7107
76.6444
76.6444
76.6444
76.6444
76.6444
76.6444
76.6444
76.6444
142.256
142.256
142.256
142.256
142.256
142.256
142.256
142.256
155.596
155.596
155.596
155.596
155.596
155.596
155.596
155.596
169.1
169.1
169.1
169.1
169.1
169.1
169.1
169.1
181.747
181.747
181.747
181.747
181.747
181.747
181.747
181.747
192.289
192.289
192.289
192.289
192.289
192.289
192.289
192.289
199.414
199.414
199.414
199.414
199.414
199.414
199.414
199.414
201.98
201.98
201.98
201.98
201.98
201.98
201.98
201.98
199.281
199.281
199.281
199.281
199.281
199.281
199.281
199.281
191.24
191.24
191.24
191.24
191.24
191.24
191.24
191.24
178.473
178.473
178.473
178.473
178.473
178.473
178.473
178.473
162.169
162.169
162.169
162.169
162.169
162.169
162.169
162.169
143.841
143.841
143.841
143.841
143.841
143.841
143.841
143.841
125.021
125.021
125.021
125.021
125.021
125.021
125.021
125.021
107.006
107.006
107.006
107.006
107.006
107.006
107.006
107.006
90.7107
90.7107
90.7107
90.7107
90.7107
90.7107
90.7107
90.7107
76.6444
76.6444
76.6444
76.6444
76.6444
76.6444
76.6444
76.6444
142.256
142.256
142.256
142.256
142.256
142.256
142.256
142.256
155.596
155.596
155.596
155.596
155.596
155.596
155.596
155.596
169.1
169.1
169.1
169.1
169.1
169.1
169.1
169.1
181.747
181.747
181.747
181.747
181.747
181.747
181.747
181.747
192.289
192.289
192.289
192.289
192.289
192.289
192.289
192.289
199.414
199.414
199.414
199.414
199.414
199.414
199.414
199.414
201.98
201.98
201.98
201.98
201.98
201.98
201.98
201.98
199.281
199.281
199.281
199.281
199.281
199.281
199.281
199.281
191.24
191.24
191.24
191.24
191.24
191.24
191.24
191.24
178.473
178.473
178.473
178.473
178.473
178.473
178.473
178.473
162.169
162.169
162.169
162.169
162.169
162.169
162.169
162.169
143.841
143.841
143.841
143.841
143.841
143.841
143.841
143.841
125.021
125.021
125.021
125.021
125.021
125.021
125.021
125.021
107.006
107.006
107.006
107.006
107.006
107.006
107.006
107.006
90.7107
90.7107
90.7107
90.7107
90.7107
90.7107
90.7107
90.7107
76.6444
76.6444
76.6444
76.6444
76.6444
76.6444
76.6444
76.6444
142.256
142.256
142.256
142.256
142.256
142.256
142.256
142.256
155.596
155.596
155.596
155.596
155.596
155.596
155.596
155.596
169.1
169.1
169.1
169.1
169.1
169.1
169.1
169.1
181.747
181.747
181.747
181.747
181.747
181.747
181.747
181.747
192.289
192.289
192.289
192.289
192.289
192.289
192.289
192.289
199.414
199.414
199.414
199.414
199.414
199.414
199.414
199.414
201.98
201.98
201.98
201.98
201.98
201.98
201.98
201.98
199.281
199.281
199.281
199.281
199.281
199.281
199.281
199.281
191.24
191.24
191.24
191.24
191.24
191.24
191.24
191.24
178.473
178.473
178.473
178.473
178.473
178.473
178.473
178.473
162.169
162.169
162.169
162.169
162.169
162.169
162.169
162.169
143.841
143.841
143.841
143.841
143.841
143.841
143.841
143.841
125.021
125.021
125.021
125.021
125.021
125.021
125.021
125.021
107.006
107.006
107.006
107.006
107.006
107.006
107.006
107.006
90.7107
90.7107
90.7107
90.7107
90.7107
90.7107
90.7107
90.7107
76.6444
76.6444
76.6444
76.6444
76.6444
76.6444
76.6444
76.6444
139.428
139.428
139.428
139.428
139.428
139.428
139.428
139.428
153.075
153.075
153.075
153.075
153.075
153.075
153.075
153.075
167.107
167.107
167.107
167.107
167.107
167.107
167.107
167.107
180.541
180.541
180.541
180.541
180.541
180.541
180.541
180.541
192.141
192.141
192.141
192.141
192.141
192.141
192.141
192.141
200.554
200.554
200.554
200.554
200.554
200.554
200.554
200.554
204.55
204.55
204.55
204.55
204.55
204.55
204.55
204.55
203.284
203.284
203.284
203.284
203.284
203.284
203.284
203.284
196.524
196.524
196.524
196.524
196.524
196.524
196.524
196.524
184.745
184.745
184.745
184.745
184.745
184.745
184.745
184.745
169.047
169.047
169.047
169.047
169.047
169.047
169.047
169.047
150.919
150.919
150.919
150.919
150.919
150.919
150.919
150.919
131.939
131.939
131.939
131.939
131.939
131.939
131.939
131.939
113.491
113.491
113.491
113.491
113.491
113.491
113.491
113.491
96.5968
96.5968
96.5968
96.5968
96.5968
96.5968
96.5968
96.5968
81.8623
81.8623
81.8623
81.8623
81.8623
81.8623
81.8623
81.8623
139.428
139.428
139.428
139.428
139.428
139.428
139.428
139.428
153.075
153.075
153.075
153.075
153.075
153.075
153.075
153.075
167.107
167.107
167.107
167.107
167.107
167.107
167.107
167.107
180.541
180.541
180.541
180.541
180.541
180.541
180.541
180.541
192.141
192.141
192.141
192.141
192.141
192.141
192.141
192.141
200.554
200.554
200.554
200.554
200.554
200.554
200.554
200.554
204.55
204.55
204.55
204.55
204.55
204.55
204.55
204.55
203.284
203.284
203.284
203.284
203.284
203.284
203.284
203.284
196.524
196.524
196.524
196.524
196.524
196.524
196.524
196.524
184.745
184.745
184.745
184.745
184.745
184.745
184.745
184.745
169.047
169.047
169.047
169.047
169.047
169.047
169.047
169.047
150.919
150.919
150.919
150.919
150.919
150.919
150.919
150.919
131.939
131.939
131.939
131.939
131.939
131.939
131.939
131.939
113.491
113.491
113.491
113.491
113.491
113.491
113.491
113.491
96.5968
96.5968
96.5968
96.5968
96.5968
96.5968
96.5968
96.5968
81.8623
81.8623
81.8623
81.8623
81.8623
81.8623
81.8623
81.8623
139.428
139.428
139.428
139.428
139.428
139.428
139.428
139.428
153.075
153.075
153.075
153.075
153.075
153.075
153.075
153.075
167.107
167.107
167.107
167.107
167.107
167.107
167.107
167.107
180.541
180.541
180.541
180.541
180.541
180.541
180.541
180.541
192.141
192.141
192.141
192.141
192.141
192.141
192.141
192.141
200.554
200.554
200.554
200.554
200.554
200.554
200.554
200.554
204.55
204.55
204.55
204.55
204.55
204.55
204.55
204.55
203.284
203.284
203.284
203.284
203.284
203.284
203.284
203.284
196.524
196.524
196.524
196.524
196.524
196.524
196.524
196.524
184.745
184.745
184.745
184.745
184.745
184.745
184.745
184.745
169.047
169.047
169.047
169.047
169.047
169.047
169.047
169.047
150.919
150.919
150.919
150.919
150.919
150.919
150.919
150.919
131.939
131.939
131.939
131.939
131.939
131.939
131.939
131.939
113.491
113.491
113.491
113.491
113.491
113.491
113.491
113.491
96.5968
96.5968
96.5968
96.5968
96.5968
96.5968
96.5968
96.5968
81.8623
81.8623
81.8623
81.8623
81.8623
81.8623
81.8623
81.8623
139.428
139.428
139.428
139.428
139.428
139.428
139.428
139.428
153.075
153.075
153.075
153.075
153.075
153.075
153.075
153.075
167.107
167.107
167.107
167.107
167.107
167.107
167.107
167.107
180.541
180.541
180.541
180.541
180.541
180.541
180.541
180.541
192.141
192.141
192.141
192.141
192.141
192.141
192.141
192.141
200.554
200.554
200.554
200.554
200.554
200.554
200.554
200.554
204.55
204.55
204.55
204.55
204.55
204.55
204.55
204.55
203.284
203.284
203.284
203.284
203.284
203.284
203.284
203.284
196.524
196.524
196.524
196.524
196.524
196.524
196.524
196.524
184.745
184.745
184.745
184.745
184.745
184.745
184.745
184.745
169.047
169.047
169.047
169.047
169.047
169.047
169.047
169.047
150.919
150.919
150.919
150.919
150.919
150.919
150.919
150.919
131.939
131.939
131.939
131.939
131.939
131.939
131.939
131.939
113.491
113.491
113.491
113.491
113.491
113.491
113.491
113.491
96.5968
96.5968
96.5968
96.5968
96.5968
96.5968
96.5968
96.5968
81.8623
81.8623
81.8623
81.8623
81.8623
81.8623
81.8623
81.8623
137.051
137.051
137.051
137.051
137.051
137.051
137.051
137.051
150.712
150.712
150.712
150.712
150.712
150.712
150.712
150.712
164.926
164.926
164.926
164.926
164.926
164.926
164.926
164.926
178.769
178.769
178.769
178.769
178.769
178.769
178.769
178.769
191.045
191.045
191.045
191.045
191.045
191.045
191.045
191.045
200.409
200.409
200.409
200.409
200.409
200.409
200.409
200.409
205.584
205.584
205.584
205.584
205.584
205.584
205.584
205.584
205.628
205.628
205.628
205.628
205.628
205.628
205.628
205.628
200.17
200.17
200.17
200.17
200.17
200.17
200.17
200.17
189.538
189.538
189.538
189.538
189.538
189.538
189.538
189.538
174.707
174.707
174.707
174.707
174.707
174.707
174.707
174.707
157.101
157.101
157.101
157.101
157.101
157.101
157.101
157.101
138.29
138.29
138.29
138.29
138.29
138.29
138.29
138.29
119.71
119.71
119.71
119.71
119.71
119.71
119.71
119.71
102.465
102.465
102.465
102.465
102.465
102.465
102.465
102.465
87.25
87.25
87.25
87.25
87.25
87.25
87.25
87.25
137.051
137.051
137.051
137.051
137.051
137.051
137.051
137.051
150.712
150.712
150.712
150.712
150.712
150.712
150.712
150.712
164.926
164.926
164.926
164.926
164.926
164.926
164.926
164.926
178.769
178.769
178.769
178.769
178.769
178.769
178.769
178.769
191.045
191.045
191.045
191.045
191.045
191.045
191.045
191.045
200.409
200.409
200.409
200.409
200.409
200.409
200.409
200.409
205.584
205.584
205.584
205.584
205.584
205.584
205.584
205.584
205.628
205.628
205.628
205.628
205.628
205.628
205.628
205.628
200.17
200.17
200.17
200.17
200.17
200.17
200.17
200.17
189.538
189.538
189.538
189.538
189.538
189.538
189.538
189.538
174.707
174.707
174.707
174.707
174.707
174.707
174.707
174.707
157.101
157.101
157.101
157.101
157.101
157.101
157.101
157.101
138.29
138.29
138.29
138.29
138.29
138.29
138.29
138.29
119.71
119.71
119.71
119.71
119.71
119.71
119.71
119.71
102.465
102.465
102.465
102.465
102.465
102.465
102.465
102.465
87.25
87.25
87.25
87.25
87.25
87.25
87.25
87.25
137.051
137.051
137.051
137.051
137.051
137.051
137.051
137.051
150.712
150.712
150.712
150.712
150.712
150.712
150.712
150.712
164.926
164.926
164.926
164.926
164.926
164.926
164.926
164.926
178.769
178.769
178.769
178.769
178.769
178.769
178.769
178.769
191.045
191.045
191.045
191.045
191.045
191.045
191.045
191.045
200.409
200.409
200.409
200.409
200.409
200.409
200.409
200.409
205.584
205.584
205.584
205.584
205.584
205.584
205.584
205.584
205.628
205.628
205.628
205.628
205.628
205.628
205.628
205.628
200.17
200.17
200.17
200.17
200.17
200.17
200.17
200.17
189.538
189.538
189.538
189.538
189.538
189.538
189.538
189.538
174.707
174.707
174.707
174.707
174.707
174.707
174.707
174.707
157.101
157.101
157.101
157.101
157.101
157.101
157.101
157.101
138.29
138.29
138.29
138.29
138.29
138.29
138.29
138.29
119.71
119.71
119.71
119.71
119.71
119.71
119.71
119.71
102.465
102.465
102.465
102.465
102.465
102.465
102.465
102.465
87.25
87.25
87.25
87.25
87.25
87.25
87.25
87.25
137.051
137.051
137.051
137.051
137.051
137.051
137.051
137.051
150.712
150.712
150.712
150.712
150.712
150.712
150.712
150.712
164.926
164.926
164.926
164.926
164.926
164.926
164.926
164.926
178.769
178.769
178.769
178.769
178.769
178.769
178.769
178.769
191.045
191.045
191.045
191.045
191.045
191.045
191.045
191.045
200.409
200.409
200.409
200.409
200.409
200.409
200.409
200.409
205.584
205.584
205.584
205.584
205.584
205.584
205.584
205.584
205.628
205.628
205.628
205.628
205.628
205.628
205.628
205.628
200.17
200.17
200.17
200.17
200.17
200.17
200.17
200.17
189.538
189.538
189.538
189.538
189.538
189.538
189.538
189.538
174.707
174.707
174.707
174.707
174.707
174.707
174.707
174.707
157.101
157.101
157.101
157.101
157.101
157.101
157.101
157.101
138.29
138.29
138.29
138.29
138.29
138.29
138.29
138.29
119.71
119.71
119.71
119.71
119.71
119.71
119.71
119.71
102.465
102.465
102.465
102.465
102.465
102.465
102.465
102.465
87.25
87.25
87.25
87.25
87.25
87.25
87.25
87.25
134.966
134.966
134.966
134.966
134.966
134.966
134.966
134.966
148.322
148.322
148.322
148.322
148.322
148.322
148.322
148.322
162.337
162.337
162.337
162.337
162.337
162.337
162.337
162.337
176.16
176.16
176.16
176.16
176.16
176.16
176.16
176.16
188.666
188.666
188.666
188.666
188.666
188.666
188.666
188.666
198.559
198.559
198.559
198.559
198.559
198.559
198.559
198.559
204.572
204.572
204.572
204.572
204.572
204.572
204.572
204.572
205.712
205.712
205.712
205.712
205.712
205.712
205.712
205.712
201.501
201.501
201.501
201.501
201.501
201.501
201.501
201.501
192.124
192.124
192.124
192.124
192.124
192.124
192.124
192.124
178.413
178.413
178.413
178.413
178.413
178.413
178.413
178.413
161.675
161.675
161.675
161.675
161.675
161.675
161.675
161.675
143.424
143.424
143.424
143.424
143.424
143.424
143.424
143.424
125.095
125.095
125.095
125.095
125.095
125.095
125.095
125.095
107.839
107.839
107.839
107.839
107.839
107.839
107.839
107.839
92.4239
92.4239
92.4239
92.4239
92.4239
92.4239
92.4239
92.4239
134.966
134.966
134.966
134.966
134.966
134.966
134.966
134.966
148.322
148.322
148.322
148.322
148.322
148.322
148.322
148.322
162.337
162.337
162.337
162.337
162.337
162.337
162.337
162.337
176.16
176.16
176.16
176.16
176.16
176.16
176.16
176.16
188.666
188.666
188.666
188.666
188.666
188.666
188.666
188.666
198.559
198.559
198.559
198.559
198.559
198.559
198.559
198.559
204.572
204.572
204.572
204.572
204.572
204.572
204.572
204.572
205.712
205.712
205.712
205.712
205.712
205.712
205.712
205.712
201.501
201.501
201.501
201.501
201.501
201.501
201.501
201.501
192.124
192.124
192.124
192.124
192.124
192.124
192.124
192.124
178.413
178.413
178.413
178.413
178.413
178.413
178.413
178.413
161.675
161.675
161.675
161.675
161.675
161.675
161.675
161.675
143.424
143.424
143.424
143.424
143.424
143.424
143.424
143.424
125.095
125.095
125.095
125.095
125.095
125.095
125.095
125.095
107.839
107.839
107.839
107.839
107.839
107.839
107.839
107.839
92.4239
92.4239
92.4239
92.4239
92.4239
92.4239
92.4239
92.4239
134.966
134.966
134.966
134.966
134.966
134.966
134.966
134.966
148.322
148.322
148.322
148.322
148.322
148.322
148.322
148.322
162.337
162.337
162.337
162.337
162.337
162.337
162.337
162.337
176.16
176.16
176.16
176.16
176.16
176.16
176.16
176.16
188.666
188.666
188.666
188.666
188.666
188.666
188.666
188.666
198.559
198.559
198.559
198.559
198.559
198.559
198.559
198.559
204.572
204.572
204.572
204.572
204.572
204.572
204.572
204.572
205.712
205.712
205.712
205.712
205.712
205.712
205.712
205.712
201.501
201.501
201.501
201.501
201.501
201.501
201.501
201.501
192.124
192.124
192.124
192.124
192.124
192.124
192.124
192.124
178.413
178.413
178.413
178.413
178.413
178.413
178.413
178.413
161.675
161.675
161.675
161.675
161.675
161.675
161.675
161.675
143.424
143.424
143.424
143.424
143.424
143.424
143.424
143.424
125.095
125.095
125.095
125.095
125.095
125.095
125.095
125.095
107.839
107.839
107.839
107.839
107.839
107.839
107.839
107.839
92.4239
92.4239
92.4239
92.4239
92.4239
92.4239
92.4239
92.4239
134.966
134.966
134.966
134.966
134.966
134.966
134.966
134.966
148.322
148.322
148.322
148.322
148.322
148.322
148.322
148.322
162.337
162.337
162.337
162.337
162.337
162.337
162.337
162.337
176.16
176.16
176.16
176.16
176.16
176.16
176.16
176.16
188.666
188.666
188.666
188.666
188.666
188.666
188.666
188.666
198.559
198.559
198.559
198.559
198.559
198.559
198.559
198.559
204.572
204.572
204.572
204.572
204.572
204.572
204.572
204.572
205.712
205.712
205.712
205.712
205.712
205.712
205.712
205.712
201.501
201.501
201.501
201.501
201.501
201.501
201.501
201.501
192.124
192.124
192.124
192.124
192.124
192.124
192.124
192.124
178.413
178.413
178.413
178.413
178.413
178.413
178.413
178.413
161.675
161.675
161.675
161.675
161.675
161.675
161.675
161.675
143.424
143.424
143.424
143.424
143.424
143.424
143.424
143.424
125.095
125.095
125.095
125.095
125.095
125.095
125.095
125.095
107.839
107.839
107.839
107.839
107.839
107.839
107.839
107.839
92.4239
92.4239
92.4239
92.4239
92.4239
92.4239
92.4239
92.4239
132.94
132.94
132.94
132.94
132.94
132.94
132.94
132.94
145.651
145.651
145.651
145.651
145.651
145.651
145.651
145.651
159.061
159.061
159.061
159.061
159.061
159.061
159.061
159.061
172.406
172.406
172.406
172.406
172.406
172.406
172.406
172.406
184.654
184.654
184.654
184.654
184.654
184.654
184.654
184.654
194.602
194.602
194.602
194.602
194.602
194.602
194.602
194.602
201.041
201.041
201.041
201.041
201.041
201.041
201.041
201.041
202.983
202.983
202.983
202.983
202.983
202.983
202.983
202.983
199.887
199.887
199.887
199.887
199.887
199.887
199.887
199.887
191.814
191.814
191.814
191.814
191.814
191.814
191.814
191.814
179.437
179.437
179.437
179.437
179.437
179.437
179.437
179.437
163.913
163.913
163.913
163.913
163.913
163.913
163.913
163.913
146.643
146.643
146.643
146.643
146.643
146.643
146.643
146.643
129.009
129.009
129.009
129.009
129.009
129.009
129.009
129.009
112.161
112.161
112.161
112.161
112.161
112.161
112.161
112.161
96.911
96.911
96.911
96.911
96.911
96.911
96.911
96.911
132.94
132.94
132.94
132.94
132.94
132.94
132.94
132.94
145.651
145.651
145.651
145.651
145.651
145.651
145.651
145.651
159.061
159.061
159.061
159.061
159.061
159.061
159.061
159.061
172.406
172.406
172.406
172.406
172.406
172.406
172.406
172.406
184.654
184.654
184.654
184.654
184.654
184.654
184.654
184.654
194.602
194.602
194.602
194.602
194.602
194.602
194.602
194.602
201.041
201.041
201.041
201.041
201.041
201.041
201.041
201.041
202.983
202.983
202.983
202.983
202.983
202.983
202.983
202.983
199.887
199.887
199.887
199.887
199.887
199.887
199.887
199.887
191.814
191.814
191.814
191.814
191.814
191.814
191.814
191.814
179.437
179.437
179.437
179.437
179.437
179.437
179.437
179.437
163.913
163.913
163.913
163.913
163.913
163.913
163.913
163.913
146.643
146.643
146.643
146.643
146.643
146.643
146.643
146.643
129.009
129.009
129.009
129.009
129.009
129.009
129.009
129.009
112.161
112.161
112.161
112.161
112.161
112.161
112.161
112.161
96.911
96.911
96.911
96.911
96.911
96.911
96.911
96.911
132.94
132.94
132.94
132.94
132.94
132.94
132.94
132.94
145.651
145.651
145.651
145.651
145.651
145.651
145.651
145.651
159.061
159.061
159.061
159.061
159.061
159.061
159.061
159.061
172.406
172.406
172.406
172.406
172.406
172.406
172.406
172.406
184.654
184.654
184.654
184.654
184.654
184.654
184.654
184.654
194.602
194.602
194.602
194.602
194.602
194.602
194.602
194.602
201.041
201.041
201.041
201.041
201.041
201.041
201.041
201.041
202.983
202.983
202.983
202.983
202.983
202.983
202.983
202.983
199.887
199.887
199.887
199.887
199.887
199.887
199.887
199.887
191.814
191.814
191.814
191.814
191.814
191.814
191.814
191.814
179.437
179.437
179.437
179.437
179.437
179.437
179.437
179.437
163.913
163.913
163.913
163.913
163.913
163.913
163.913
163.913
146.643
146.643
146.643
146.643
146.643
146.643
146.643
146.643
129.009
129.009
129.009
129.009
129.009
129.009
129.009
129.009
112.161
112.161
112.161
112.161
112.161
112.161
112.161
112.161
96.911
96.911
96.911
96.911
96.911
96.911
96.911
96.911
132.94
132.94
132.94
132.94
132.94
132.94
132.94
132.94
145.651
145.651
145.651
145.651
145.651
145.651
145.651
145.651
159.061
159.061
159.061
159.061
159.061
159.061
159.061
159.061
172.406
172.406
172.406
172.406
172.406
172.406
172.406
172.406
184.654
184.654
184.654
184.654
184.654
184.654
184.654
184.654
194.602
194.602
194.602
194.602
194.602
194.602
194.602
194.602
201.041
201.041
201.041
201.041
201.041
201.041
201.041
201.041
202.983
202.983
202.983
202.983
202.983
202.983
202.983
202.983
199.887
199.887
199.887
199.887
199.887
199.887
199.887
199.887
191.814
191.814
191.814
191.814
191.814
191.814
191.814
191.814
179.437
179.437
179.437
179.437
179.437
179.437
179.437
179.437
163.913
163.913
163.913
163.913
163.913
163.913
163.913
163.913
146.643
146.643
146.643
146.643
146.643
146.643
146.643
146.643
129.009
129.009
129.009
129.009
129.009
129.009
129.009
129.009
112.161
112.161
112.161
112.161
112.161
112.161
112.161
112.161
96.911
96.911
96.911
96.911
96.911
96.911
96.911
96.911
130.696
130.696
130.696
130.696
130.696
130.696
130.696
130.696
142.418
142.418
142.418
142.418
142.418
142.418
142.418
142.418
154.817
154.817
154.817
154.817
154.817
154.817
154.817
154.817
167.221
167.221
167.221
167.221
167.221
167.221
167.221
167.221
178.718
178.718
178.718
178.718
178.718
178.718
178.718
178.718
188.229
188.229
188.229
188.229
188.229
188.229
188.229
188.229
194.651
194.651
194.651
194.651
194.651
194.651
194.651
194.651
197.052
197.052
197.052
197.052
197.052
197.052
197.052
197.052
194.875
194.875
194.875
194.875
194.875
194.875
194.875
194.875
188.083
188.083
188.083
188.083
188.083
188.083
188.083
188.083
177.196
177.196
177.196
177.196
177.196
177.196
177.196
177.196
163.192
163.192
163.192
163.192
163.192
163.192
163.192
163.192
147.314
147.314
147.314
147.314
147.314
147.314
147.314
147.314
130.834
130.834
130.834
130.834
130.834
130.834
130.834
130.834
114.857
114.857
114.857
114.857
114.857
114.857
114.857
114.857
100.197
100.197
100.197
100.197
100.197
100.197
100.197
100.197
130.696
130.696
130.696
130.696
130.696
130.696
130.696
130.696
142.418
142.418
142.418
142.418
142.418
142.418
142.418
142.418
154.817
154.817
154.817
154.817
154.817
154.817
154.817
154.817
167.221
167.221
167.221
167.221
167.221
167.221
167.221
167.221
178.718
178.718
178.718
178.718
178.718
178.718
178.718
178.718
188.229
188.229
188.229
188.229
188.229
188.229
188.229
188.229
194.651
194.651
194.651
194.651
194.651
194.651
194.651
194.651
197.052
197.052
197.052
197.052
197.052
197.052
197.052
197.052
194.875
194.875
194.875
194.875
194.875
194.875
194.875
194.875
188.083
188.083
188.083
188.083
188.083
188.083
188.083
188.083
177.196
177.196
177.196
177.196
177.196
177.196
177.196
177.196
163.192
163.192
163.192
163.192
163.192
163.192
163.192
163.192
147.314
147.314
147.314
147.314
147.314
147.314
147.314
147.314
130.834
130.834
130.834
130.834
130.834
130.834
130.834
130.834
114.857
114.857
114.857
114.857
114.857
114.857
114.857
114.857
100.197
100.197
100.197
100.197
100.197
100.197
100.197
100.197
130.696
130.696
130.696
130.696
130.696
130.696
130.696
130.696
142.418
142.418
142.418
142.418
142.418
142.418
142.418
142.418
154.817
154.817
154.817
154.817
154.817
154.817
154.817
154.817
167.221
167.221
167.221
167.221
167.221
167.221
167.221
167.221
178.718
178.718
178.718
178.718
178.718
178.718
178.718
178.718
188.229
188.229
188.229
188.229
188.229
188.229
188.229
188.229
194.651
194.651
194.651
194.651
194.651
194.651
194.651
194.651
197.052
197.052
197.052
197.052
197.052
197.052
197.052
197.052
194.875
194.875
194.875
194.875
194.875
194.875
194.875
194.875
188.083
188.083
188.083
188.083
188.083
188.083
188.083
188.083
177.196
177.196
177.196
177.196
177.196
177.196
177.196
177.196
163.192
163.192
163.192
163.192
163.192
163.192
163.192
163.192
147.314
147.314
147.314
147.314
147.314
147.314
147.314
147.314
130.834
130.834
130.834
130.834
130.834
130.834
130.834
130.834
114.857
114.857
114.857
114.857
114.857
114.857
114.857
114.857
100.197
100.197
100.197
100.197
100.197
100.197
100.197
100.197
130.696
130.696
130.696
130.696
130.696
130.696
130.696
130.696
142.418
142.418
142.418
142.418
142.418
142.418
142.418
142.418
154.817
154.817
154.817
154.817
154.817
154.817
154.817
154.817
167.221
167.221
167.221
167.221
167.221
167.221
167.221
167.221
178.718
178.718
178.718
178.718
178.718
178.718
178.718
178.718
188.229
188.229
188.229
188.229
188.229
188.229
188.229
188.229
194.651
194.651
194.651
194.651
194.651
194.651
194.651
194.651
197.052
197.052
197.052
197.052
197.052
197.052
197.052
197.052
194.875
194.875
194.875
194.875
194.875
194.875
194.875
194.875
188.083
188.083
188.083
188.083
188.083
188.083
188.083
188.083
177.196
177.196
177.196
177.196
177.196
177.196
177.196
177.196
163.192
163.192
163.192
163.192
163.192
163.192
163.192
163.192
147.314
147.314
147.314
147.314
147.314
147.314
147.314
147.314
130.834
130.834
130.834
130.834
130.834
130.834
130.834
130.834
114.857
114.857
114.857
114.857
114.857
114.857
114.857
114.857
100.197
100.197
100.197
100.197
100.197
100.197
100.197
100.197
127.956
127.956
127.956
127.956
127.956
127.956
127.956
127.956
138.359
138.359
138.359
138.359
138.359
138.359
138.359
138.359
149.37
149.37
149.37
149.37
149.37
149.37
149.37
149.37
160.412
160.412
160.412
160.412
160.412
160.412
160.412
160.412
170.706
170.706
170.706
170.706
170.706
170.706
170.706
170.706
179.323
179.323
179.323
179.323
179.323
179.323
179.323
179.323
185.301
185.301
185.301
185.301
185.301
185.301
185.301
185.301
187.809
187.809
187.809
187.809
187.809
187.809
187.809
187.809
186.313
186.313
186.313
186.313
186.313
186.313
186.313
186.313
180.714
180.714
180.714
180.714
180.714
180.714
180.714
180.714
171.39
171.39
171.39
171.39
171.39
171.39
171.39
171.39
159.133
159.133
159.133
159.133
159.133
159.133
159.133
159.133
144.994
144.994
144.994
144.994
144.994
144.994
144.994
144.994
130.092
130.092
130.092
130.092
130.092
130.092
130.092
130.092
115.435
115.435
115.435
115.435
115.435
115.435
115.435
115.435
101.803
101.803
101.803
101.803
101.803
101.803
101.803
101.803
127.956
127.956
127.956
127.956
127.956
127.956
127.956
127.956
138.359
138.359
138.359
138.359
138.359
138.359
138.359
138.359
149.37
149.37
149.37
149.37
149.37
149.37
149.37
149.37
160.412
160.412
160.412
160.412
160.412
160.412
160.412
160.412
170.706
170.706
170.706
170.706
170.706
170.706
170.706
170.706
179.323
179.323
179.323
179.323
179.323
179.323
179.323
179.323
185.301
185.301
185.301
185.301
185.301
185.301
185.301
185.301
187.809
187.809
187.809
187.809
187.809
187.809
187.809
187.809
186.313
186.313
186.313
186.313
186.313
186.313
186.313
186.313
180.714
180.714
180.714
180.714
180.714
180.714
180.714
180.714
171.39
171.39
171.39
171.39
171.39
171.39
171.39
171.39
159.133
159.133
159.133
159.133
159.133
159.133
159.133
159.133
144.994
144.994
144.994
144.994
144.994
144.994
144.994
144.994
130.092
130.092
130.092
130.092
130.092
130.092
130.092
130.092
115.435
115.435
115.435
115.435
115.435
115.435
115.435
115.435
101.803
101.803
101.803
101.803
101.803
101.803
101.803
101.803
127.956
127.956
127.956
127.956
127.956
127.956
127.956
127.956
138.359
138.359
138.359
138.359
138.359
138.359
138.359
138.359
149.37
149.37
149.37
149.37
149.37
149.37
149.37
149.37
160.412
160.412
160.412
160.412
160.412
160.412
160.412
160.412
170.706
170.706
170.706
170.706
170.706
170.706
170.706
170.706
179.323
179.323
179.323
179.323
179.323
179.323
179.323
179.323
185.301
185.301
185.301
185.301
185.301
185.301
185.301
185.301
187.809
187.809
187.809
187.809
187.809
187.809
187.809
187.809
186.313
186.313
186.313
186.313
186.313
186.313
186.313
186.313
180.714
180.714
180.714
180.714
180.714
180.714
180.714
180.714
171.39
171.39
171.39
171.39
171.39
171.39
171.39
171.39
159.133
159.133
159.133
159.133
159.133
159.133
159.133
159.133
144.994
144.994
144.994
144.994
144.994
144.994
144.994
144.994
130.092
130.092
130.092
130.092
130.092
130.092
130.092
130.092
115.435
115.435
115.435
115.435
115.435
115.435
115.435
115.435
101.803
101.803
101.803
101.803
101.803
101.803
101.803
101.803
127.956
127.956
127.956
127.956
127.956
127.956
127.956
127.956
138.359
138.359
138.359
138.359
138.359
138.359
138.359
138.359
149.37
149.37
149.37
149.37
149.37
149.37
149.37
149.37
160.412
160.412
160.412
160.412
160.412
160.412
160.412
160.412
170.706
170.706
170.706
170.706
170.706
170.706
170.706
170.706
179.323
179.323
179.323
179.323
179.323
179.323
179.323
179.323
185.301
185.301
185.301
185.301
185.301
185.301
185.301
185.301
187.809
187.809
187.809
187.809
187.809
187.809
187.809
187.809
186.313
186.313
186.313
186.313
186.313
186.313
186.313
186.313
180.714
180.714
180.714
180.714
180.714
180.714
180.714
180.714
171.39
171.39
171.39
171.39
171.39
171.39
171.39
171.39
159.133
159.133
159.133
159.133
159.133
159.133
159.133
159.133
144.994
144.994
144.994
144.994
144.994
144.994
144.994
144.994
130.092
130.092
130.092
130.092
130.092
130.092
130.092
130.092
115.435
115.435
115.435
115.435
115.435
115.435
115.435
115.435
101.803
101.803
101.803
101.803
101.803
101.803
101.803
101.803
124.48
124.48
124.48
124.48
124.48
124.48
124.48
124.48
133.281
133.281
133.281
133.281
133.281
133.281
133.281
133.281
142.59
142.59
142.59
142.59
142.59
142.59
142.59
142.59
151.932
151.932
151.932
151.932
151.932
151.932
151.932
151.932
160.661
160.661
160.661
160.661
160.661
160.661
160.661
160.661
168.014
168.014
168.014
168.014
168.014
168.014
168.014
168.014
173.19
173.19
173.19
173.19
173.19
173.19
173.19
173.19
175.486
175.486
175.486
175.486
175.486
175.486
175.486
175.486
174.426
174.426
174.426
174.426
174.426
174.426
174.426
174.426
169.881
169.881
169.881
169.881
169.881
169.881
169.881
169.881
162.107
162.107
162.107
162.107
162.107
162.107
162.107
162.107
151.714
151.714
151.714
151.714
151.714
151.714
151.714
151.714
139.55
139.55
139.55
139.55
139.55
139.55
139.55
139.55
126.551
126.551
126.551
126.551
126.551
126.551
126.551
126.551
113.591
113.591
113.591
113.591
113.591
113.591
113.591
113.591
101.381
101.381
101.381
101.381
101.381
101.381
101.381
101.381
124.48
124.48
124.48
124.48
124.48
124.48
124.48
124.48
133.281
133.281
133.281
133.281
133.281
133.281
133.281
133.281
142.59
142.59
142.59
142.59
142.59
142.59
142.59
142.59
151.932
151.932
151.932
151.932
151.932
151.932
151.932
151.932
160.661
160.661
160.661
160.661
160.661
160.661
160.661
160.661
168.014
168.014
168.014
168.014
168.014
168.014
168.014
168.014
173.19
173.19
173.19
173.19
173.19
173.19
173.19
173.19
175.486
175.486
175.486
175.486
175.486
175.486
175.486
175.486
174.426
174.426
174.426
174.426
174.426
174.426
174.426
174.426
169.881
169.881
169.881
169.881
169.881
169.881
169.881
169.881
162.107
162.107
162.107
162.107
162.107
162.107
162.107
162.107
151.714
151.714
151.714
151.714
151.714
151.714
151.714
151.714
139.55
139.55
139.55
139.55
139.55
139.55
139.55
139.55
126.551
126.551
126.551
126.551
126.551
126.551
126.551
126.551
113.591
113.591
113.591
113.591
113.591
113.591
113.591
113.591
101.381
101.381
101.381
101.381
101.381
101.381
101.381
101.381
124.48
124.48
124.48
124.48
124.48
124.48
124.48
124.48
133.281
133.281
133.281
133.281
133.281
133.281
133.281
133.281
142.59
142.59
142.59
142.59
142.59
142.59
142.59
142.59
151.932
151.932
151.932
151.932
151.932
151.932
151.932
151.932
160.661
160.661
160.661
160.661
160.661
160.661
160.661
160.661
168.014
168.014
168.014
168.014
168.014
168.014
168.014
168.014
173.19
173.19
173.19
173.19
173.19
173.19
173.19
173.19
175.486
175.486
175.486
175.486
175.486
175.486
175.486
175.486
174.426
174.426
174.426
174.426
174.426
174.426
174.426
174.426
169.881
169.881
169.881
169.881
169.881
169.881
169.881
169.881
162.107
162.107
162.107
162.107
162.107
162.107
162.107
162.107
151.714
151.714
151.714
151.714
151.714
151.714
151.714
151.714
139.55
139.55
139.55
139.55
139.55
139.55
139.55
139.55
126.551
126.551
126.551
126.551
126.551
126.551
126.551
126.551
113.591
113.591
113.591
113.591
113.591
113.591
113.591
113.591
101.381
101.381
101.381
101.381
101.381
101.381
101.381
101.381
124.48
124.48
124.48
124.48
124.48
124.48
124.48
124.48
133.281
133.281
133.281
133.281
133.281
133.281
133.281
133.281
142.59
142.59
142.59
142.59
142.59
142.59
142.59
142.59
151.932
151.932
151.932
151.932
151.932
151.932
151.932
151.932
160.661
160.661
160.661
160.661
160.661
160.661
160.661
160.661
168.014
168.014
168.014
168.014
168.014
168.014
168.014
168.014
173.19
173.19
173.19
173.19
173.19
173.19
173.19
173.19
175.486
175.486
175.486
175.486
175.486
175.486
175.486
175.486
174.426
174.426
174.426
174.426
174.426
174.426
174.426
174.426
169.881
169.881
169.881
169.881
169.881
169.881
169.881
169.881
162.107
162.107
162.107
162.107
162.107
162.107
162.107
162.107
151.714
151.714
151.714
151.714
151.714
151.714
151.714
151.714
139.55
139.55
139.55
139.55
139.55
139.55
139.55
139.55
126.551
126.551
126.551
126.551
126.551
126.551
126.551
126.551
113.591
113.591
113.591
113.591
113.591
113.591
113.591
113.591
101.381
101.381
101.381
101.381
101.381
101.381
101.381
101.381
120.105
120.105
120.105
120.105
120.105
120.105
120.105
120.105
127.099
127.099
127.099
127.099
127.099
127.099
127.099
127.099
134.496
134.496
134.496
134.496
134.496
134.496
134.496
134.496
141.917
141.917
141.917
141.917
141.917
141.917
141.917
141.917
148.852
148.852
148.852
148.852
148.852
148.852
148.852
148.852
154.699
154.699
154.699
154.699
154.699
154.699
154.699
154.699
158.826
158.826
158.826
158.826
158.826
158.826
158.826
158.826
160.666
160.666
160.666
160.666
160.666
160.666
160.666
160.666
159.823
159.823
159.823
159.823
159.823
159.823
159.823
159.823
156.161
156.161
156.161
156.161
156.161
156.161
156.161
156.161
149.841
149.841
149.841
149.841
149.841
149.841
149.841
149.841
141.309
141.309
141.309
141.309
141.309
141.309
141.309
141.309
131.214
131.214
131.214
131.214
131.214
131.214
131.214
131.214
120.3
120.3
120.3
120.3
120.3
120.3
120.3
120.3
109.287
109.287
109.287
109.287
109.287
109.287
109.287
109.287
98.7892
98.7892
98.7892
98.7892
98.7892
98.7892
98.7892
98.7892
120.105
120.105
120.105
120.105
120.105
120.105
120.105
120.105
127.099
127.099
127.099
127.099
127.099
127.099
127.099
127.099
134.496
134.496
134.496
134.496
134.496
134.496
134.496
134.496
141.917
141.917
141.917
141.917
141.917
141.917
141.917
141.917
148.852
148.852
148.852
148.852
148.852
148.852
148.852
148.852
154.699
154.699
154.699
154.699
154.699
154.699
154.699
154.699
158.826
158.826
158.826
158.826
158.826
158.826
158.826
158.826
160.666
160.666
160.666
160.666
160.666
160.666
160.666
160.666
159.823
159.823
159.823
159.823
159.823
159.823
159.823
159.823
156.161
156.161
156.161
156.161
156.161
156.161
156.161
156.161
149.841
149.841
149.841
149.841
149.841
149.841
149.841
149.841
141.309
141.309
141.309
141.309
141.309
141.309
141.309
141.309
131.214
131.214
131.214
131.214
131.214
131.214
131.214
131.214
120.3
120.3
120.3
120.3
120.3
120.3
120.3
120.3
109.287
109.287
109.287
109.287
109.287
109.287
109.287
109.287
98.7892
98.7892
98.7892
98.7892
98.7892
98.7892
98.7892
98.7892
120.105
120.105
120.105
120.105
120.105
120.105
120.105
120.105
127.099
127.099
127.099
127.099
127.099
127.099
127.099
127.099
134.496
134.496
134.496
134.496
134.496
134.496
134.496
134.496
141.917
141.917
141.917
141.917
141.917
141.917
141.917
141.917
148.852
148.852
148.852
148.852
148.852
148.852
148.852
148.852
154.699
154.699
154.699
154.699
154.699
154.699
154.699
154.699
158.826
158.826
158.826
158.826
158.826
158.826
158.826
158.826
160.666
160.666
160.666
160.666
160.666
160.666
160.666
160.666
159.823
159.823
159.823
159.823
159.823
159.823
159.823
159.823
156.161
156.161
156.161
156.161
156.161
156.161
156.161
156.161
149.841
149.841
149.841
149.841
149.841
149.841
149.841
149.841
141.309
141.309
141.309
141.309
141.309
141.309
141.309
141.309
131.214
131.214
131.214
131.214
131.214
131.214
131.214
131.214
120.3
120.3
120.3
120.3
120.3
120.3
120.3
120.3
109.287
109.287
109.287
109.287
109.287
109.287
109.287
109.287
98.7892
98.7892
98.7892
98.7892
98.7892
98.7892
98.7892
98.7892
120.105
120.105
120.105
120.105
120.105
120.105
120.105
120.105
127.099
127.099
127.099
127.099
127.099
127.099
127.099
127.099
134.496
134.496
134.496
134.496
134.496
134.496
134.496
134.496
141.917
141.917
141.917
141.917
141.917
141.917
141.917
141.917
148.852
148.852
148.852
148.852
148.852
148.852
148.852
148.852
154.699
154.699
154.699
154.699
154.699
154.699
154.699
154.699
158.826
158.826
158.826
158.826
158.826
158.826
158.826
158.826
160.666
160.666
160.666
160.666
160.666
160.666
160.666
160.666
159.823
159.823
159.823
159.823
159.823
159.823
159.823
159.823
156.161
156.161
156.161
156.161
156.161
156.161
156.161
156.161
149.841
149.841
149.841
149.841
149.841
149.841
149.841
149.841
141.309
141.309
141.309
141.309
141.309
141.309
141.309
141.309
131.214
131.214
131.214
131.214
131.214
131.214
131.214
131.214
120.3
120.3
120.3
120.3
120.3
120.3
120.3
120.3
109.287
109.287
109.287
109.287
109.287
109.287
109.287
109.287
98.7892
98.7892
98.7892
98.7892
98.7892
98.7892
98.7892
98.7892
114.783
114.783
114.783
114.783
114.783
114.783
114.783
114.783
119.868
119.868
119.868
119.868
119.868
119.868
119.868
119.868
125.265
125.265
125.265
125.265
125.265
125.265
125.265
125.265
130.688
130.688
130.688
130.688
130.688
130.688
130.688
130.688
135.751
135.751
135.751
135.751
135.751
135.751
135.751
135.751
140.002
140.002
140.002
140.002
140.002
140.002
140.002
140.002
142.963
142.963
142.963
142.963
142.963
142.963
142.963
142.963
144.203
144.203
144.203
144.203
144.203
144.203
144.203
144.203
143.408
143.408
143.408
143.408
143.408
143.408
143.408
143.408
140.452
140.452
140.452
140.452
140.452
140.452
140.452
140.452
135.427
135.427
135.427
135.427
135.427
135.427
135.427
135.427
128.639
128.639
128.639
128.639
128.639
128.639
128.639
128.639
120.562
120.562
120.562
120.562
120.562
120.562
120.562
120.562
111.754
111.754
111.754
111.754
111.754
111.754
111.754
111.754
102.781
102.781
102.781
102.781
102.781
102.781
102.781
102.781
94.1426
94.1426
94.1426
94.1426
94.1426
94.1426
94.1426
94.1426
114.783
114.783
114.783
114.783
114.783
114.783
114.783
114.783
119.868
119.868
119.868
119.868
119.868
119.868
119.868
119.868
125.265
125.265
125.265
125.265
125.265
125.265
125.265
125.265
130.688
130.688
130.688
130.688
130.688
130.688
130.688
130.688
135.751
135.751
135.751
135.751
135.751
135.751
135.751
135.751
140.002
140.002
140.002
140.002
140.002
140.002
140.002
140.002
142.963
142.963
142.963
142.963
142.963
142.963
142.963
142.963
144.203
144.203
144.203
144.203
144.203
144.203
144.203
144.203
143.408
143.408
143.408
143.408
143.408
143.408
143.408
143.408
140.452
140.452
140.452
140.452
140.452
140.452
140.452
140.452
135.427
135.427
135.427
135.427
135.427
135.427
135.427
135.427
128.639
128.639
128.639
128.639
128.639
128.639
128.639
128.639
120.562
120.562
120.562
120.562
120.562
120.562
120.562
120.562
111.754
111.754
111.754
111.754
111.754
111.754
111.754
111.754
102.781
102.781
102.781
102.781
102.781
102.781
102.781
102.781
94.1426
94.1426
94.1426
94.1426
94.1426
94.1426
94.1426
94.1426
114.783
114.783
114.783
114.783
114.783
114.783
114.783
114.783
119.868
119.868
119.868
119.868
119.868
119.868
119.868
119.868
125.265
125.265
125.265
125.265
125.265
125.265
125.265
125.265
130.688
130.688
130.688
130.688
130.688
130.688
130.688
130.688
135.751
135.751
135.751
135.751
135.751
135.751
135.751
135.751
140.002
140.002
140.002
140.002
140.002
140.002
140.002
140.002
142.963
142.963
142.963
142.963
142.963
142.963
142.963
142.963
144.203
144.203
144.203
144.203
144.203
144.203
144.203
144.203
143.408
143.408
143.408
143.408
143.408
143.408
143.408
143.408
140.452
140.452
140.452
140.452
140.452
140.452
140.452
140.452
135.427
135.427
135.427
135.427
135.427
135.427
135.427
135.427
128.639
128.639
128.639
128.639
128.639
128.639
128.639
128.639
120.562
120.562
120.562
120.562
120.562
120.562
120.562
120.562
111.754
111.754
111.754
111.754
111.754
111.754
111.754
111.754
102.781
102.781
102.781
102.781
102.781
102.781
102.781
102.781
94.1426
94.1426
94.1426
94.1426
94.1426
94.1426
94.1426
94.1426
114.783
114.783
114.783
114.783
114.783
114.783
114.783
114.783
119.868
119.868
119.868
119.868
119.868
119.868
119.868
119.868
125.265
125.265
125.265
125.265
125.265
125.265
125.265
125.265
130.688
130.688
130.688
130.688
130.688
130.688
130.688
130.688
135.751
135.751
135.751
135.751
135.751
135.751
135.751
135.751
140.002
140.002
140.002
140.002
140.002
140.002
140.002
140.002
142.963
142.963
142.963
142.963
142.963
142.963
142.963
142.963
144.203
144.203
144.203
144.203
144.203
144.203
144.203
144.203
143.408
143.408
143.408
143.408
143.408
143.408
143.408
143.408
140.452
140.452
140.452
140.452
140.452
140.452
140.452
140.452
135.427
135.427
135.427
135.427
135.427
135.427
135.427
135.427
128.639
128.639
128.639
128.639
128.639
128.639
128.639
128.639
120.562
120.562
120.562
120.562
120.562
120.562
120.562
120.562
111.754
111.754
111.754
111.754
111.754
111.754
111.754
111.754
102.781
102.781
102.781
102.781
102.781
102.781
102.781
102.781
94.1426
94.1426
94.1426
94.1426
94.1426
94.1426
94.1426
94.1426
108.588
108.588
108.588
108.588
108.588
108.588
108.588
108.588
111.777
111.777
111.777
111.777
111.777
111.777
111.777
111.777
115.217
115.217
115.217
115.217
115.217
115.217
115.217
115.217
118.705
118.705
118.705
118.705
118.705
118.705
118.705
118.705
121.966
121.966
121.966
121.966
121.966
121.966
121.966
121.966
124.674
124.674
124.674
124.674
124.674
124.674
124.674
124.674
126.484
126.484
126.484
126.484
126.484
126.484
126.484
126.484
127.081
127.081
127.081
127.081
127.081
127.081
127.081
127.081
126.228
126.228
126.228
126.228
126.228
126.228
126.228
126.228
123.817
123.817
123.817
123.817
123.817
123.817
123.817
123.817
119.89
119.89
119.89
119.89
119.89
119.89
119.89
119.89
114.647
114.647
114.647
114.647
114.647
114.647
114.647
114.647
108.41
108.41
108.41
108.41
108.41
108.41
108.41
108.41
101.582
101.582
101.582
101.582
101.582
101.582
101.582
101.582
94.5804
94.5804
94.5804
94.5804
94.5804
94.5804
94.5804
94.5804
87.7946
87.7946
87.7946
87.7946
87.7946
87.7946
87.7946
87.7946
108.588
108.588
108.588
108.588
108.588
108.588
108.588
108.588
111.777
111.777
111.777
111.777
111.777
111.777
111.777
111.777
115.217
115.217
115.217
115.217
115.217
115.217
115.217
115.217
118.705
118.705
118.705
118.705
118.705
118.705
118.705
118.705
121.966
121.966
121.966
121.966
121.966
121.966
121.966
121.966
124.674
124.674
124.674
124.674
124.674
124.674
124.674
124.674
126.484
126.484
126.484
126.484
126.484
126.484
126.484
126.484
127.081
127.081
127.081
127.081
127.081
127.081
127.081
127.081
126.228
126.228
126.228
126.228
126.228
126.228
126.228
126.228
123.817
123.817
123.817
123.817
123.817
123.817
123.817
123.817
119.89
119.89
119.89
119.89
119.89
119.89
119.89
119.89
114.647
114.647
114.647
114.647
114.647
114.647
114.647
114.647
108.41
108.41
108.41
108.41
108.41
108.41
108.41
108.41
101.582
101.582
101.582
101.582
101.582
101.582
101.582
101.582
94.5804
94.5804
94.5804
94.5804
94.5804
94.5804
94.5804
94.5804
87.7946
87.7946
87.7946
87.7946
87.7946
87.7946
87.7946
87.7946
108.588
108.588
108.588
108.588
108.588
108.588
108.588
108.588
111.777
111.777
111.777
111.777
111.777
111.777
111.777
111.777
115.217
115.217
115.217
115.217
115.217
115.217
115.217
115.217
118.705
118.705
118.705
118.705
118.705
118.705
118.705
118.705
121.966
121.966
121.966
121.966
121.966
121.966
121.966
121.966
124.674
124.674
124.674
124.674
124.674
124.674
124.674
124.674
126.484
126.484
126.484
126.484
126.484
126.484
126.484
126.484
127.081
127.081
127.081
127.081
127.081
127.081
127.081
127.081
126.228
126.228
126.228
126.228
126.228
126.228
126.228
126.228
123.817
123.817
123.817
123.817
123.817
123.817
123.817
123.817
119.89
119.89
119.89
119.89
119.89
119.89
119.89
119.89
114.647
114.647
114.647
114.647
114.647
114.647
114.647
114.647
108.41
108.41
108.41
108.41
108.41
108.41
108.41
108.41
101.582
101.582
101.582
101.582
101.582
101.582
101.582
101.582
94.5804
94.5804
94.5804
94.5804
94.5804
94.5804
94.5804
94.5804
87.7946
87.7946
87.7946
87.7946
87.7946
87.7946
87.7946
87.7946
108.588
108.588
108.588
108.588
108.588
108.588
108.588
108.588
111.777
111.777
111.777
111.777
111.777
111.777
111.777
111.777
115.217
115.217
115.217
115.217
115.217
115.217
115.217
115.217
118.705
118.705
118.705
118.705
118.705
118.705
118.705
118.705
121.966
121.966
121.966
121.966
121.966
121.966
121.966
121.966
124.674
124.674
124.674
124.674
124.674
124.674
124.674
124.674
126.484
126.484
126.484
126.484
126.484
126.484
126.484
126.484
127.081
127.081
127.081
127.081
127.081
127.081
127.081
127.081
126.228
126.228
126.228
126.228
126.228
126.228
126.228
126.228
123.817
123.817
123.817
123.817
123.817
123.817
123.817
123.817
119.89
119.89
119.89
119.89
119.89
119.89
119.89
119.89
114.647
114.647
114.647
114.647
114.647
114.647
114.647
114.647
108.41
108.41
108.41
108.41
108.41
108.41
108.41
108.41
101.582
101.582
101.582
101.582
101.582
101.582
101.582
101.582
94.5804
94.5804
94.5804
94.5804
94.5804
94.5804
94.5804
94.5804
87.7946
87.7946
87.7946
87.7946
87.7946
87.7946
87.7946
87.7946
101.711
101.711
101.711
101.711
101.711
101.711
101.711
101.711
103.123
103.123
103.123
103.123
103.123
103.123
103.123
103.123
104.766
104.766
104.766
104.766
104.766
104.766
104.766
104.766
106.504
106.504
106.504
106.504
106.504
106.504
106.504
106.504
108.152
108.152
108.152
108.152
108.152
108.152
108.152
108.152
109.484
109.484
109.484
109.484
109.484
109.484
109.484
109.484
110.26
110.26
110.26
110.26
110.26
110.26
110.26
110.26
110.257
110.257
110.257
110.257
110.257
110.257
110.257
110.257
109.301
109.301
109.301
109.301
109.301
109.301
109.301
109.301
107.3
107.3
107.3
107.3
107.3
107.3
107.3
107.3
104.267
104.267
104.267
104.267
104.267
104.267
104.267
104.267
100.318
100.318
100.318
100.318
100.318
100.318
100.318
100.318
95.6635
95.6635
95.6635
95.6635
95.6635
95.6635
95.6635
95.6635
90.5747
90.5747
90.5747
90.5747
90.5747
90.5747
90.5747
90.5747
85.349
85.349
85.349
85.349
85.349
85.349
85.349
85.349
80.2735
80.2735
80.2735
80.2735
80.2735
80.2735
80.2735
80.2735
101.711
101.711
101.711
101.711
101.711
101.711
101.711
101.711
103.123
103.123
103.123
103.123
103.123
103.123
103.123
103.123
104.766
104.766
104.766
104.766
104.766
104.766
104.766
104.766
106.504
106.504
106.504
106.504
106.504
106.504
106.504
106.504
108.152
108.152
108.152
108.152
108.152
108.152
108.152
108.152
109.484
109.484
109.484
109.484
109.484
109.484
109.484
109.484
110.26
110.26
110.26
110.26
110.26
110.26
110.26
110.26
110.257
110.257
110.257
110.257
110.257
110.257
110.257
110.257
109.301
109.301
109.301
109.301
109.301
109.301
109.301
109.301
107.3
107.3
107.3
107.3
107.3
107.3
107.3
107.3
104.267
104.267
104.267
104.267
104.267
104.267
104.267
104.267
100.318
100.318
100.318
100.318
100.318
100.318
100.318
100.318
95.6635
95.6635
95.6635
95.6635
95.6635
95.6635
95.6635
95.6635
90.5747
90.5747
90.5747
90.5747
90.5747
90.5747
90.5747
90.5747
85.349
85.349
85.349
85.349
85.349
85.349
85.349
85.349
80.2735
80.2735
80.2735
80.2735
80.2735
80.2735
80.2735
80.2735
101.711
101.711
101.711
101.711
101.711
101.711
101.711
101.711
103.123
103.123
103.123
103.123
103.123
103.123
103.123
103.123
104.766
104.766
104.766
104.766
104.766
104.766
104.766
104.766
106.504
106.504
106.504
106.504
106.504
106.504
106.504
106.504
108.152
108.152
108.152
108.152
108.152
108.152
108.152
108.152
109.484
109.484
109.484
109.484
109.484
109.484
109.484
109.484
110.26
110.26
110.26
110.26
110.26
110.26
110.26
110.26
110.257
110.257
110.257
110.257
110.257
110.257
110.257
110.257
109.301
109.301
109.301
109.301
109.301
109.301
109.301
109.301
107.3
107.3
107.3
107.3
107.3
107.3
107.3
107.3
104.267
104.267
104.267
104.267
104.267
104.267
104.267
104.267
100.318
100.318
100.318
100.318
100.318
100.318
100.318
100.318
95.6635
95.6635
95.6635
95.6635
95.6635
95.6635
95.6635
95.6635
90.5747
90.5747
90.5747
90.5747
90.5747
90.5747
90.5747
90.5747
85.349
85.349
85.349
85.349
85.349
85.349
85.349
85.349
80.2735
80.2735
80.2735
80.2735
80.2735
80.2735
80.2735
80.2735
101.711
101.711
101.711
101.711
101.711
101.711
101.711
101.711
103.123
103.123
103.123
103.123
103.123
103.123
103.123
103.123
104.766
104.766
104.766
104.766
104.766
104.766
104.766
104.766
106.504
106.504
106.504
106.504
106.504
106.504
106.504
106.504
108.152
108.152
108.152
108.152
108.152
108.152
108.152
108.152
109.484
109.484
109.484
109.484
109.484
109.484
109.484
109.484
110.26
110.26
110.26
110.26
110.26
110.26
110.26
110.26
110.257
110.257
110.257
110.257
110.257
110.257
110.257
110.257
109.301
109.301
109.301
109.301
109.301
109.301
109.301
109.301
107.3
107.3
107.3
107.3
107.3
107.3
107.3
107.3
104.267
104.267
104.267
104.267
104.267
104.267
104.267
104.267
100.318
100.318
100.318
100.318
100.318
100.318
100.318
100.318
95.6635
95.6635
95.6635
95.6635
95.6635
95.6635
95.6635
95.6635
90.5747
90.5747
90.5747
90.5747
90.5747
90.5747
90.5747
90.5747
85.349
85.349
85.349
85.349
85.349
85.349
85.349
85.349
80.2735
80.2735
80.2735
80.2735
80.2735
80.2735
80.2735
80.2735
94.4272
94.4272
94.4272
94.4272
94.4272
94.4272
94.4272
94.4272
94.2665
94.2665
94.2665
94.2665
94.2665
94.2665
94.2665
94.2665
94.3546
94.3546
94.3546
94.3546
94.3546
94.3546
94.3546
94.3546
94.6101
94.6101
94.6101
94.6101
94.6101
94.6101
94.6101
94.6101
94.9108
94.9108
94.9108
94.9108
94.9108
94.9108
94.9108
94.9108
95.1053
95.1053
95.1053
95.1053
95.1053
95.1053
95.1053
95.1053
95.0292
95.0292
95.0292
95.0292
95.0292
95.0292
95.0292
95.0292
94.5251
94.5251
94.5251
94.5251
94.5251
94.5251
94.5251
94.5251
93.4654
93.4654
93.4654
93.4654
93.4654
93.4654
93.4654
93.4654
91.7744
91.7744
91.7744
91.7744
91.7744
91.7744
91.7744
91.7744
89.4411
89.4411
89.4411
89.4411
89.4411
89.4411
89.4411
89.4411
86.5271
86.5271
86.5271
86.5271
86.5271
86.5271
86.5271
86.5271
83.158
83.158
83.158
83.158
83.158
83.158
83.158
83.158
79.5088
79.5088
79.5088
79.5088
79.5088
79.5088
79.5088
79.5088
75.7805
75.7805
75.7805
75.7805
75.7805
75.7805
75.7805
75.7805
72.1774
72.1774
72.1774
72.1774
72.1774
72.1774
72.1774
72.1774
94.4272
94.4272
94.4272
94.4272
94.4272
94.4272
94.4272
94.4272
94.2665
94.2665
94.2665
94.2665
94.2665
94.2665
94.2665
94.2665
94.3546
94.3546
94.3546
94.3546
94.3546
94.3546
94.3546
94.3546
94.6101
94.6101
94.6101
94.6101
94.6101
94.6101
94.6101
94.6101
94.9108
94.9108
94.9108
94.9108
94.9108
94.9108
94.9108
94.9108
95.1053
95.1053
95.1053
95.1053
95.1053
95.1053
95.1053
95.1053
95.0292
95.0292
95.0292
95.0292
95.0292
95.0292
95.0292
95.0292
94.5251
94.5251
94.5251
94.5251
94.5251
94.5251
94.5251
94.5251
93.4654
93.4654
93.4654
93.4654
93.4654
93.4654
93.4654
93.4654
91.7744
91.7744
91.7744
91.7744
91.7744
91.7744
91.7744
91.7744
89.4411
89.4411
89.4411
89.4411
89.4411
89.4411
89.4411
89.4411
86.5271
86.5271
86.5271
86.5271
86.5271
86.5271
86.5271
86.5271
83.158
83.158
83.158
83.158
83.158
83.158
83.158
83.158
79.5088
79.5088
79.5088
79.5088
79.5088
79.5088
79.5088
79.5088
75.7805
75.7805
75.7805
75.7805
75.7805
75.7805
75.7805
75.7805
72.1774
72.1774
72.1774
72.1774
72.1774
72.1774
72.1774
72.1774
94.4272
94.4272
94.4272
94.4272
94.4272
94.4272
94.4272
94.4272
94.2665
94.2665
94.2665
94.2665
94.2665
94.2665
94.2665
94.2665
94.3546
94.3546
94.3546
94.3546
94.3546
94.3546
94.3546
94.3546
94.6101
94.6101
94.6101
94.6101
94.6101
94.6101
94.6101
94.6101
94.9108
94.9108
94.9108
94.9108
94.9108
94.9108
94.9108
94.9108
95.1053
95.1053
95.1053
95.1053
95.1053
95.1053
95.1053
95.1053
95.0292
95.0292
95.0292
95.0292
95.0292
95.0292
95.0292
95.0292
94.5251
94.5251
94.5251
94.5251
94.5251
94.5251
94.5251
94.5251
93.4654
93.4654
93.4654
93.4654
93.4654
93.4654
93.4654
93.4654
91.7744
91.7744
91.7744
91.7744
91.7744
91.7744
91.7744
91.7744
89.4411
89.4411
89.4411
89.4411
89.4411
89.4411
89.4411
89.4411
86.5271
86.5271
86.5271
86.5271
86.5271
86.5271
86.5271
86.5271
83.158
83.158
83.158
83.158
83.158
83.158
83.158
83.158
79.5088
79.5088
79.5088
79.5088
79.5088
79.5088
79.5088
79.5088
75.7805
75.7805
75.7805
75.7805
75.7805
75.7805
75.7805
75.7805
72.1774
72.1774
72.1774
72.1774
72.1774
72.1774
72.1774
72.1774
94.4272
94.4272
94.4272
94.4272
94.4272
94.4272
94.4272
94.4272
94.2665
94.2665
94.2665
94.2665
94.2665
94.2665
94.2665
94.2665
94.3546
94.3546
94.3546
94.3546
94.3546
94.3546
94.3546
94.3546
94.6101
94.6101
94.6101
94.6101
94.6101
94.6101
94.6101
94.6101
94.9108
94.9108
94.9108
94.9108
94.9108
94.9108
94.9108
94.9108
95.1053
95.1053
95.1053
95.1053
95.1053
95.1053
95.1053
95.1053
95.0292
95.0292
95.0292
95.0292
95.0292
95.0292
95.0292
95.0292
94.5251
94.5251
94.5251
94.5251
94.5251
94.5251
94.5251
94.5251
93.4654
93.4654
93.4654
93.4654
93.4654
93.4654
93.4654
93.4654
91.7744
91.7744
91.7744
91.7744
91.7744
91.7744
91.7744
91.7744
89.4411
89.4411
89.4411
89.4411
89.4411
89.4411
89.4411
89.4411
86.5271
86.5271
86.5271
86.5271
86.5271
86.5271
86.5271
86.5271
83.158
83.158
83.158
83.158
83.158
83.158
83.158
83.158
79.5088
79.5088
79.5088
79.5088
79.5088
79.5088
79.5088
79.5088
75.7805
75.7805
75.7805
75.7805
75.7805
75.7805
75.7805
75.7805
72.1774
72.1774
72.1774
72.1774
72.1774
72.1774
72.1774
72.1774
87.0496
87.0496
87.0496
87.0496
87.0496
87.0496
87.0496
87.0496
85.5739
85.5739
85.5739
85.5739
85.5739
85.5739
85.5739
85.5739
84.3962
84.3962
84.3962
84.3962
84.3962
84.3962
84.3962
84.3962
83.4711
83.4711
83.4711
83.4711
83.4711
83.4711
83.4711
83.4711
82.7208
82.7208
82.7208
82.7208
82.7208
82.7208
82.7208
82.7208
82.0414
82.0414
82.0414
82.0414
82.0414
82.0414
82.0414
82.0414
81.3182
81.3182
81.3182
81.3182
81.3182
81.3182
81.3182
81.3182
80.4376
80.4376
80.4376
80.4376
80.4376
80.4376
80.4376
80.4376
79.3026
79.3026
79.3026
79.3026
79.3026
79.3026
79.3026
79.3026
77.8471
77.8471
77.8471
77.8471
77.8471
77.8471
77.8471
77.8471
76.0472
76.0472
76.0472
76.0472
76.0472
76.0472
76.0472
76.0472
73.9254
73.9254
73.9254
73.9254
73.9254
73.9254
73.9254
73.9254
71.5504
71.5504
71.5504
71.5504
71.5504
71.5504
71.5504
71.5504
69.0284
69.0284
69.0284
69.0284
69.0284
69.0284
69.0284
69.0284
66.4898
66.4898
66.4898
66.4898
66.4898
66.4898
66.4898
66.4898
64.0751
64.0751
64.0751
64.0751
64.0751
64.0751
64.0751
64.0751
87.0496
87.0496
87.0496
87.0496
87.0496
87.0496
87.0496
87.0496
85.5739
85.5739
85.5739
85.5739
85.5739
85.5739
85.5739
85.5739
84.3962
84.3962
84.3962
84.3962
84.3962
84.3962
84.3962
84.3962
83.4711
83.4711
83.4711
83.4711
83.4711
83.4711
83.4711
83.4711
82.7208
82.7208
82.7208
82.7208
82.7208
82.7208
82.7208
82.7208
82.0414
82.0414
82.0414
82.0414
82.0414
82.0414
82.0414
82.0414
81.3182
81.3182
81.3182
81.3182
81.3182
81.3182
81.3182
81.3182
80.4376
80.4376
80.4376
80.4376
80.4376
80.4376
80.4376
80.4376
79.3026
79.3026
79.3026
79.3026
79.3026
79.3026
79.3026
79.3026
77.8471
77.8471
77.8471
77.8471
77.8471
77.8471
77.8471
77.8471
76.0472
76.0472
76.0472
76.0472
76.0472
76.0472
76.0472
76.0472
73.9254
73.9254
73.9254
73.9254
73.9254
73.9254
73.9254
73.9254
71.5504
71.5504
71.5504
71.5504
71.5504
71.5504
71.5504
71.5504
69.0284
69.0284
69.0284
69.0284
69.0284
69.0284
69.0284
69.0284
66.4898
66.4898
66.4898
66.4898
66.4898
66.4898
66.4898
66.4898
64.0751
64.0751
64.0751
64.0751
64.0751
64.0751
64.0751
64.0751
87.0496
87.0496
87.0496
87.0496
87.0496
87.0496
87.0496
87.0496
85.5739
85.5739
85.5739
85.5739
85.5739
85.5739
85.5739
85.5739
84.3962
84.3962
84.3962
84.3962
84.3962
84.3962
84.3962
84.3962
83.4711
83.4711
83.4711
83.4711
83.4711
83.4711
83.4711
83.4711
82.7208
82.7208
82.7208
82.7208
82.7208
82.7208
82.7208
82.7208
82.0414
82.0414
82.0414
82.0414
82.0414
82.0414
82.0414
82.0414
81.3182
81.3182
81.3182
81.3182
81.3182
81.3182
81.3182
81.3182
80.4376
80.4376
80.4376
80.4376
80.4376
80.4376
80.4376
80.4376
79.3026
79.3026
79.3026
79.3026
79.3026
79.3026
79.3026
79.3026
77.8471
77.8471
77.8471
77.8471
77.8471
77.8471
77.8471
77.8471
76.0472
76.0472
76.0472
76.0472
76.0472
76.0472
76.0472
76.0472
73.9254
73.9254
73.9254
73.9254
73.9254
73.9254
73.9254
73.9254
71.5504
71.5504
71.5504
71.5504
71.5504
71.5504
71.5504
71.5504
69.0284
69.0284
69.0284
69.0284
69.0284
69.0284
69.0284
69.0284
66.4898
66.4898
66.4898
66.4898
66.4898
66.4898
66.4898
66.4898
64.0751
64.0751
64.0751
64.0751
64.0751
64.0751
64.0751
64.0751
87.0496
87.0496
87.0496
87.0496
87.0496
87.0496
87.0496
87.0496
85.5739
85.5739
85.5739
85.5739
85.5739
85.5739
85.5739
85.5739
84.3962
84.3962
84.3962
84.3962
84.3962
84.3962
84.3962
84.3962
83.4711
83.4711
83.4711
83.4711
83.4711
83.4711
83.4711
83.4711
82.7208
82.7208
82.7208
82.7208
82.7208
82.7208
82.7208
82.7208
82.0414
82.0414
82.0414
82.0414
82.0414
82.0414
82.0414
82.0414
81.3182
81.3182
81.3182
81.3182
81.3182
81.3182
81.3182
81.3182
80.4376
80.4376
80.4376
80.4376
80.4376
80.4376
80.4376
80.4376
79.3026
79.3026
79.3026
79.3026
79.3026
79.3026
79.3026
79.3026
77.8471
77.8471
77.8471
77.8471
77.8471
77.8471
77.8471
77.8471
76.0472
76.0472
76.0472
76.0472
76.0472
76.0472
76.0472
76.0472
73.9254
73.9254
73.9254
73.9254
73.9254
73.9254
73.9254
73.9254
71.5504
71.5504
71.5504
71.5504
71.5504
71.5504
71.5504
71.5504
69.0284
69.0284
69.0284
69.0284
69.0284
69.0284
69.0284
69.0284
66.4898
66.4898
66.4898
66.4898
66.4898
66.4898
66.4898
66.4898
64.0751
64.0751
64.0751
64.0751
64.0751
64.0751
64.0751
64.0751
79.8844
79.8844
79.8844
79.8844
79.8844
79.8844
79.8844
79.8844
77.3692
77.3692
77.3692
77.3692
77.3692
77.3692
77.3692
77.3692
75.2198
75.2198
75.2198
75.2198
75.2198
75.2198
75.2198
75.2198
73.4138
73.4138
73.4138
73.4138
73.4138
73.4138
73.4138
73.4138
71.8973
71.8973
71.8973
71.8973
71.8973
71.8973
71.8973
71.8973
70.5957
70.5957
70.5957
70.5957
70.5957
70.5957
70.5957
70.5957
69.4222
69.4222
69.4222
69.4222
69.4222
69.4222
69.4222
69.4222
68.2889
68.2889
68.2889
68.2889
68.2889
68.2889
68.2889
68.2889
67.1168
67.1168
67.1168
67.1168
67.1168
67.1168
67.1168
67.1168
65.8459
65.8459
65.8459
65.8459
65.8459
65.8459
65.8459
65.8459
64.4431
64.4431
64.4431
64.4431
64.4431
64.4431
64.4431
64.4431
62.9069
62.9069
62.9069
62.9069
62.9069
62.9069
62.9069
62.9069
61.2675
61.2675
61.2675
61.2675
61.2675
61.2675
61.2675
61.2675
59.5847
59.5847
59.5847
59.5847
59.5847
59.5847
59.5847
59.5847
57.9401
57.9401
57.9401
57.9401
57.9401
57.9401
57.9401
57.9401
56.4282
56.4282
56.4282
56.4282
56.4282
56.4282
56.4282
56.4282
79.8844
79.8844
79.8844
79.8844
79.8844
79.8844
79.8844
79.8844
77.3692
77.3692
77.3692
77.3692
77.3692
77.3692
77.3692
77.3692
75.2198
75.2198
75.2198
75.2198
75.2198
75.2198
75.2198
75.2198
73.4138
73.4138
73.4138
73.4138
73.4138
73.4138
73.4138
73.4138
71.8973
71.8973
71.8973
71.8973
71.8973
71.8973
71.8973
71.8973
70.5957
70.5957
70.5957
70.5957
70.5957
70.5957
70.5957
70.5957
69.4222
69.4222
69.4222
69.4222
69.4222
69.4222
69.4222
69.4222
68.2889
68.2889
68.2889
68.2889
68.2889
68.2889
68.2889
68.2889
67.1168
67.1168
67.1168
67.1168
67.1168
67.1168
67.1168
67.1168
65.8459
65.8459
65.8459
65.8459
65.8459
65.8459
65.8459
65.8459
64.4431
64.4431
64.4431
64.4431
64.4431
64.4431
64.4431
64.4431
62.9069
62.9069
62.9069
62.9069
62.9069
62.9069
62.9069
62.9069
61.2675
61.2675
61.2675
61.2675
61.2675
61.2675
61.2675
61.2675
59.5847
59.5847
59.5847
59.5847
59.5847
59.5847
59.5847
59.5847
57.9401
57.9401
57.9401
57.9401
57.9401
57.9401
57.9401
57.9401
56.4282
56.4282
56.4282
56.4282
56.4282
56.4282
56.4282
56.4282
79.8844
79.8844
79.8844
79.8844
79.8844
79.8844
79.8844
79.8844
77.3692
77.3692
77.3692
77.3692
77.3692
77.3692
77.3692
77.3692
75.2198
75.2198
75.2198
75.2198
75.2198
75.2198
75.2198
75.2198
73.4138
73.4138
73.4138
73.4138
73.4138
73.4138
73.4138
73.4138
71.8973
71.8973
71.8973
71.8973
71.8973
71.8973
71.8973
71.8973
70.5957
70.5957
70.5957
70.5957
70.5957
70.5957
70.5957
70.5957
69.4222
69.4222
69.4222
69.4222
69.4222
69.4222
69.4222
69.4222
68.2889
68.2889
68.2889
68.2889
68.2889
68.2889
68.2889
68.2889
67.1168
67.1168
67.1168
67.1168
67.1168
67.1168
67.1168
67.1168
65.8459
65.8459
65.8459
65.8459
65.8459
65.8459
65.8459
65.8459
64.4431
64.4431
64.4431
64.4431
64.4431
64.4431
64.4431
64.4431
62.9069
62.9069
62.9069
62.9069
62.9069
62.9069
62.9069
62.9069
61.2675
61.2675
61.2675
61.2675
61.2675
61.2675
61.2675
61.2675
59.5847
59.5847
59.5847
59.5847
59.5847
59.5847
59.5847
59.5847
57.9401
57.9401
57.9401
57.9401
57.9401
57.9401
57.9401
57.9401
56.4282
56.4282
56.4282
56.4282
56.4282
56.4282
56.4282
56.4282
79.8844
79.8844
79.8844
79.8844
79.8844
79.8844
79.8844
79.8844
77.3692
77.3692
77.3692
77.3692
77.3692
77.3692
77.3692
77.3692
75.2198
75.2198
75.2198
75.2198
75.2198
75.2198
75.2198
75.2198
73.4138
73.4138
73.4138
73.4138
73.4138
73.4138
73.4138
73.4138
71.8973
71.8973
71.8973
71.8973
71.8973
71.8973
71.8973
71.8973
70.5957
70.5957
70.5957
70.5957
70.5957
70.5957
70.5957
70.5957
69.4222
69.4222
69.4222
69.4222
69.4222
69.4222
69.4222
69.4222
68.2889
68.2889
68.2889
68.2889
68.2889
68.2889
68.2889
68.2889
67.1168
67.1168
67.1168
67.1168
67.1168
67.1168
67.1168
67.1168
65.8459
65.8459
65.8459
65.8459
65.8459
65.8459
65.8459
65.8459
64.4431
64.4431
64.4431
64.4431
64.4431
64.4431
64.4431
64.4431
62.9069
62.9069
62.9069
62.9069
62.9069
62.9069
62.9069
62.9069
61.2675
61.2675
61.2675
61.2675
61.2675
61.2675
61.2675
61.2675
59.5847
59.5847
59.5847
59.5847
59.5847
59.5847
59.5847
59.5847
57.9401
57.9401
57.9401
57.9401
57.9401
57.9401
57.9401
57.9401
56.4282
56.4282
56.4282
56.4282
56.4282
56.4282
56.4282
56.4282
