8192
60.9186
60.9186
60.9186
60.9186
60.9186
60.9186
60.9186
60.9186
52.189
52.189
52.189
52.189
52.189
52.189
52.189
52.189
45.4526
45.4526
45.4526
45.4526
45.4526
45.4526
45.4526
45.4526
40.4435
40.4435
40.4435
40.4435
40.4435
40.4435
40.4435
40.4435
36.9101
36.9101
36.9101
36.9101
36.9101
36.9101
36.9101
36.9101
34.6413
34.6413
34.6413
34.6413
34.6413
34.6413
34.6413
34.6413
33.4768
33.4768
33.4768
33.4768
33.4768
33.4768
33.4768
33.4768
33.3068
33.3068
33.3068
33.3068
33.3068
33.3068
33.3068
33.3068
34.0641
34.0641
34.0641
34.0641
34.0641
34.0641
34.0641
34.0641
35.7135
35.7135
35.7135
35.7135
35.7135
35.7135
35.7135
35.7135
38.2357
38.2357
38.2357
38.2357
38.2357
38.2357
38.2357
38.2357
41.6079
41.6079
41.6079
41.6079
41.6079
41.6079
41.6079
41.6079
45.7798
45.7798
45.7798
45.7798
45.7798
45.7798
45.7798
45.7798
50.6489
50.6489
50.6489
50.6489
50.6489
50.6489
50.6489
50.6489
56.0382
56.0382
56.0382
56.0382
56.0382
56.0382
56.0382
56.0382
61.6822
61.6822
61.6822
61.6822
61.6822
61.6822
61.6822
61.6822
60.9186
60.9186
60.9186
60.9186
60.9186
60.9186
60.9186
60.9186
52.189
52.189
52.189
52.189
52.189
52.189
52.189
52.189
45.4526
45.4526
45.4526
45.4526
45.4526
45.4526
45.4526
45.4526
40.4435
40.4435
40.4435
40.4435
40.4435
40.4435
40.4435
40.4435
36.9101
36.9101
36.9101
36.9101
36.9101
36.9101
36.9101
36.9101
34.6413
34.6413
34.6413
34.6413
34.6413
34.6413
34.6413
34.6413
33.4768
33.4768
33.4768
33.4768
33.4768
33.4768
33.4768
33.4768
33.3068
33.3068
33.3068
33.3068
33.3068
33.3068
33.3068
33.3068
34.0641
34.0641
34.0641
34.0641
34.0641
34.0641
34.0641
34.0641
35.7135
35.7135
35.7135
35.7135
35.7135
35.7135
35.7135
35.7135
38.2357
38.2357
38.2357
38.2357
38.2357
38.2357
38.2357
38.2357
41.6079
41.6079
41.6079
41.6079
41.6079
41.6079
41.6079
41.6079
45.7798
45.7798
45.7798
45.7798
45.7798
45.7798
45.7798
45.7798
50.6489
50.6489
50.6489
50.6489
50.6489
50.6489
50.6489
50.6489
56.0382
56.0382
56.0382
56.0382
56.0382
56.0382
56.0382
56.0382
61.6822
61.6822
61.6822
61.6822
61.6822
61.6822
61.6822
61.6822
60.9186
60.9186
60.9186
60.9186
60.9186
60.9186
60.9186
60.9186
52.189
52.189
52.189
52.189
52.189
52.189
52.189
52.189
45.4526
45.4526
45.4526
45.4526
45.4526
45.4526
45.4526
45.4526
40.4435
40.4435
40.4435
40.4435
40.4435
40.4435
40.4435
40.4435
36.9101
36.9101
36.9101
36.9101
36.9101
36.9101
36.9101
36.9101
34.6413
34.6413
34.6413
34.6413
34.6413
34.6413
34.6413
34.6413
33.4768
33.4768
33.4768
33.4768
33.4768
33.4768
33.4768
33.4768
33.3068
33.3068
33.3068
33.3068
33.3068
33.3068
33.3068
33.3068
34.0641
34.0641
34.0641
34.0641
34.0641
34.0641
34.0641
34.0641
35.7135
35.7135
35.7135
35.7135
35.7135
35.7135
35.7135
35.7135
38.2357
38.2357
38.2357
38.2357
38.2357
38.2357
38.2357
38.2357
41.6079
41.6079
41.6079
41.6079
41.6079
41.6079
41.6079
41.6079
45.7798
45.7798
45.7798
45.7798
45.7798
45.7798
45.7798
45.7798
50.6489
50.6489
50.6489
50.6489
50.6489
50.6489
50.6489
50.6489
56.0382
56.0382
56.0382
56.0382
56.0382
56.0382
56.0382
56.0382
61.6822
61.6822
61.6822
61.6822
61.6822
61.6822
61.6822
61.6822
60.9186
60.9186
60.9186
60.9186
60.9186
60.9186
60.9186
60.9186
52.189
52.189
52.189
52.189
52.189
52.189
52.189
52.189
45.4526
45.4526
45.4526
45.4526
45.4526
45.4526
45.4526
45.4526
40.4435
40.4435
40.4435
40.4435
40.4435
40.4435
40.4435
40.4435
36.9101
36.9101
36.9101
36.9101
36.9101
36.9101
36.9101
36.9101
34.6413
34.6413
34.6413
34.6413
34.6413
34.6413
34.6413
34.6413
33.4768
33.4768
33.4768
33.4768
33.4768
33.4768
33.4768
33.4768
33.3068
33.3068
33.3068
33.3068
33.3068
33.3068
33.3068
33.3068
34.0641
34.0641
34.0641
34.0641
34.0641
34.0641
34.0641
34.0641
35.7135
35.7135
35.7135
35.7135
35.7135
35.7135
35.7135
35.7135
38.2357
38.2357
38.2357
38.2357
38.2357
38.2357
38.2357
38.2357
41.6079
41.6079
41.6079
41.6079
41.6079
41.6079
41.6079
41.6079
45.7798
45.7798
45.7798
45.7798
45.7798
45.7798
45.7798
45.7798
50.6489
50.6489
50.6489
50.6489
50.6489
50.6489
50.6489
50.6489
56.0382
56.0382
56.0382
56.0382
56.0382
56.0382
56.0382
56.0382
61.6822
61.6822
61.6822
61.6822
61.6822
61.6822
61.6822
61.6822
64.9687
64.9687
64.9687
64.9687
64.9687
64.9687
64.9687
64.9687
55.6039
55.6039
55.6039
55.6039
55.6039
55.6039
55.6039
55.6039
48.3335
48.3335
48.3335
48.3335
48.3335
48.3335
48.3335
48.3335
42.8905
42.8905
42.8905
42.8905
42.8905
42.8905
42.8905
42.8905
39.0132
39.0132
39.0132
39.0132
39.0132
39.0132
39.0132
39.0132
36.4777
36.4777
36.4777
36.4777
36.4777
36.4777
36.4777
36.4777
35.1106
35.1106
35.1106
35.1106
35.1106
35.1106
35.1106
35.1106
34.7897
34.7897
34.7897
34.7897
34.7897
34.7897
34.7897
34.7897
35.438
35.438
35.438
35.438
35.438
35.438
35.438
35.438
37.0119
37.0119
37.0119
37.0119
37.0119
37.0119
37.0119
37.0119
39.4849
39.4849
39.4849
39.4849
39.4849
39.4849
39.4849
39.4849
42.8281
42.8281
42.8281
42.8281
42.8281
42.8281
42.8281
42.8281
46.985
46.985
46.985
46.985
46.985
46.985
46.985
46.985
51.8463
51.8463
51.8463
51.8463
51.8463
51.8463
51.8463
51.8463
57.2267
57.2267
57.2267
57.2267
57.2267
57.2267
57.2267
57.2267
62.852
62.852
62.852
62.852
62.852
62.852
62.852
62.852
64.9687
64.9687
64.9687
64.9687
64.9687
64.9687
64.9687
64.9687
55.6039
55.6039
55.6039
55.6039
55.6039
55.6039
55.6039
55.6039
48.3335
48.3335
48.3335
48.3335
48.3335
48.3335
48.3335
48.3335
42.8905
42.8905
42.8905
42.8905
42.8905
42.8905
42.8905
42.8905
39.0132
39.0132
39.0132
39.0132
39.0132
39.0132
39.0132
39.0132
36.4777
36.4777
36.4777
36.4777
36.4777
36.4777
36.4777
36.4777
35.1106
35.1106
35.1106
35.1106
35.1106
35.1106
35.1106
35.1106
34.7897
34.7897
34.7897
34.7897
34.7897
34.7897
34.7897
34.7897
35.438
35.438
35.438
35.438
35.438
35.438
35.438
35.438
37.0119
37.0119
37.0119
37.0119
37.0119
37.0119
37.0119
37.0119
39.4849
39.4849
39.4849
39.4849
39.4849
39.4849
39.4849
39.4849
42.8281
42.8281
42.8281
42.8281
42.8281
42.8281
42.8281
42.8281
46.985
46.985
46.985
46.985
46.985
46.985
46.985
46.985
51.8463
51.8463
51.8463
51.8463
51.8463
51.8463
51.8463
51.8463
57.2267
57.2267
57.2267
57.2267
57.2267
57.2267
57.2267
57.2267
62.852
62.852
62.852
62.852
62.852
62.852
62.852
62.852
64.9687
64.9687
64.9687
64.9687
64.9687
64.9687
64.9687
64.9687
55.6039
55.6039
55.6039
55.6039
55.6039
55.6039
55.6039
55.6039
48.3335
48.3335
48.3335
48.3335
48.3335
48.3335
48.3335
48.3335
42.8905
42.8905
42.8905
42.8905
42.8905
42.8905
42.8905
42.8905
39.0132
39.0132
39.0132
39.0132
39.0132
39.0132
39.0132
39.0132
36.4777
36.4777
36.4777
36.4777
36.4777
36.4777
36.4777
36.4777
35.1106
35.1106
35.1106
35.1106
35.1106
35.1106
35.1106
35.1106
34.7897
34.7897
34.7897
34.7897
34.7897
34.7897
34.7897
34.7897
35.438
35.438
35.438
35.438
35.438
35.438
35.438
35.438
37.0119
37.0119
37.0119
37.0119
37.0119
37.0119
37.0119
37.0119
39.4849
39.4849
39.4849
39.4849
39.4849
39.4849
39.4849
39.4849
42.8281
42.8281
42.8281
42.8281
42.8281
42.8281
42.8281
42.8281
46.985
46.985
46.985
46.985
46.985
46.985
46.985
46.985
51.8463
51.8463
51.8463
51.8463
51.8463
51.8463
51.8463
51.8463
57.2267
57.2267
57.2267
57.2267
57.2267
57.2267
57.2267
57.2267
62.852
62.852
62.852
62.852
62.852
62.852
62.852
62.852
64.9687
64.9687
64.9687
64.9687
64.9687
64.9687
64.9687
64.9687
55.6039
55.6039
55.6039
55.6039
55.6039
55.6039
55.6039
55.6039
48.3335
48.3335
48.3335
48.3335
48.3335
48.3335
48.3335
48.3335
42.8905
42.8905
42.8905
42.8905
42.8905
42.8905
42.8905
42.8905
39.0132
39.0132
39.0132
39.0132
39.0132
39.0132
39.0132
39.0132
36.4777
36.4777
36.4777
36.4777
36.4777
36.4777
36.4777
36.4777
35.1106
35.1106
35.1106
35.1106
35.1106
35.1106
35.1106
35.1106
34.7897
34.7897
34.7897
34.7897
34.7897
34.7897
34.7897
34.7897
35.438
35.438
35.438
35.438
35.438
35.438
35.438
35.438
37.0119
37.0119
37.0119
37.0119
37.0119
37.0119
37.0119
37.0119
39.4849
39.4849
39.4849
39.4849
39.4849
39.4849
39.4849
39.4849
42.8281
42.8281
42.8281
42.8281
42.8281
42.8281
42.8281
42.8281
46.985
46.985
46.985
46.985
46.985
46.985
46.985
46.985
51.8463
51.8463
51.8463
51.8463
51.8463
51.8463
51.8463
51.8463
57.2267
57.2267
57.2267
57.2267
57.2267
57.2267
57.2267
57.2267
62.852
62.852
62.852
62.852
62.852
62.852
62.852
62.852
69.5253
69.5253
69.5253
69.5253
69.5253
69.5253
69.5253
69.5253
59.5542
59.5542
59.5542
59.5542
59.5542
59.5542
59.5542
59.5542
51.7588
51.7588
51.7588
51.7588
51.7588
51.7588
51.7588
51.7588
45.8799
45.8799
45.8799
45.8799
45.8799
45.8799
45.8799
45.8799
41.6527
41.6527
41.6527
41.6527
41.6527
41.6527
41.6527
41.6527
38.8449
38.8449
38.8449
38.8449
38.8449
38.8449
38.8449
38.8449
37.2723
37.2723
37.2723
37.2723
37.2723
37.2723
37.2723
37.2723
36.8018
36.8018
36.8018
36.8018
36.8018
36.8018
36.8018
36.8018
37.3462
37.3462
37.3462
37.3462
37.3462
37.3462
37.3462
37.3462
38.8523
38.8523
38.8523
38.8523
38.8523
38.8523
38.8523
38.8523
41.2845
41.2845
41.2845
41.2845
41.2845
41.2845
41.2845
41.2845
44.6041
44.6041
44.6041
44.6041
44.6041
44.6041
44.6041
44.6041
48.7446
48.7446
48.7446
48.7446
48.7446
48.7446
48.7446
48.7446
53.5853
53.5853
53.5853
53.5853
53.5853
53.5853
53.5853
53.5853
58.9283
58.9283
58.9283
58.9283
58.9283
58.9283
58.9283
58.9283
64.4872
64.4872
64.4872
64.4872
64.4872
64.4872
64.4872
64.4872
69.5253
69.5253
69.5253
69.5253
69.5253
69.5253
69.5253
69.5253
59.5542
59.5542
59.5542
59.5542
59.5542
59.5542
59.5542
59.5542
51.7588
51.7588
51.7588
51.7588
51.7588
51.7588
51.7588
51.7588
45.8799
45.8799
45.8799
45.8799
45.8799
45.8799
45.8799
45.8799
41.6527
41.6527
41.6527
41.6527
41.6527
41.6527
41.6527
41.6527
38.8449
38.8449
38.8449
38.8449
38.8449
38.8449
38.8449
38.8449
37.2723
37.2723
37.2723
37.2723
37.2723
37.2723
37.2723
37.2723
36.8018
36.8018
36.8018
36.8018
36.8018
36.8018
36.8018
36.8018
37.3462
37.3462
37.3462
37.3462
37.3462
37.3462
37.3462
37.3462
38.8523
38.8523
38.8523
38.8523
38.8523
38.8523
38.8523
38.8523
41.2845
41.2845
41.2845
41.2845
41.2845
41.2845
41.2845
41.2845
44.6041
44.6041
44.6041
44.6041
44.6041
44.6041
44.6041
44.6041
48.7446
48.7446
48.7446
48.7446
48.7446
48.7446
48.7446
48.7446
53.5853
53.5853
53.5853
53.5853
53.5853
53.5853
53.5853
53.5853
58.9283
58.9283
58.9283
58.9283
58.9283
58.9283
58.9283
58.9283
64.4872
64.4872
64.4872
64.4872
64.4872
64.4872
64.4872
64.4872
69.5253
69.5253
69.5253
69.5253
69.5253
69.5253
69.5253
69.5253
59.5542
59.5542
59.5542
59.5542
59.5542
59.5542
59.5542
59.5542
51.7588
51.7588
51.7588
51.7588
51.7588
51.7588
51.7588
51.7588
45.8799
45.8799
45.8799
45.8799
45.8799
45.8799
45.8799
45.8799
41.6527
41.6527
41.6527
41.6527
41.6527
41.6527
41.6527
41.6527
38.8449
38.8449
38.8449
38.8449
38.8449
38.8449
38.8449
38.8449
37.2723
37.2723
37.2723
37.2723
37.2723
37.2723
37.2723
37.2723
36.8018
36.8018
36.8018
36.8018
36.8018
36.8018
36.8018
36.8018
37.3462
37.3462
37.3462
37.3462
37.3462
37.3462
37.3462
37.3462
38.8523
38.8523
38.8523
38.8523
38.8523
38.8523
38.8523
38.8523
41.2845
41.2845
41.2845
41.2845
41.2845
41.2845
41.2845
41.2845
44.6041
44.6041
44.6041
44.6041
44.6041
44.6041
44.6041
44.6041
48.7446
48.7446
48.7446
48.7446
48.7446
48.7446
48.7446
48.7446
53.5853
53.5853
53.5853
53.5853
53.5853
53.5853
53.5853
53.5853
58.9283
58.9283
58.9283
58.9283
58.9283
58.9283
58.9283
58.9283
64.4872
64.4872
64.4872
64.4872
64.4872
64.4872
64.4872
64.4872
69.5253
69.5253
69.5253
69.5253
69.5253
69.5253
69.5253
69.5253
59.5542
59.5542
59.5542
59.5542
59.5542
59.5542
59.5542
59.5542
51.7588
51.7588
51.7588
51.7588
51.7588
51.7588
51.7588
51.7588
45.8799
45.8799
45.8799
45.8799
45.8799
45.8799
45.8799
45.8799
41.6527
41.6527
41.6527
41.6527
41.6527
41.6527
41.6527
41.6527
38.8449
38.8449
38.8449
38.8449
38.8449
38.8449
38.8449
38.8449
37.2723
37.2723
37.2723
37.2723
37.2723
37.2723
37.2723
37.2723
36.8018
36.8018
36.8018
36.8018
36.8018
36.8018
36.8018
36.8018
37.3462
37.3462
37.3462
37.3462
37.3462
37.3462
37.3462
37.3462
38.8523
38.8523
38.8523
38.8523
38.8523
38.8523
38.8523
38.8523
41.2845
41.2845
41.2845
41.2845
41.2845
41.2845
41.2845
41.2845
44.6041
44.6041
44.6041
44.6041
44.6041
44.6041
44.6041
44.6041
48.7446
48.7446
48.7446
48.7446
48.7446
48.7446
48.7446
48.7446
53.5853
53.5853
53.5853
53.5853
53.5853
53.5853
53.5853
53.5853
58.9283
58.9283
58.9283
58.9283
58.9283
58.9283
58.9283
58.9283
64.4872
64.4872
64.4872
64.4872
64.4872
64.4872
64.4872
64.4872
74.3833
74.3833
74.3833
74.3833
74.3833
74.3833
74.3833
74.3833
63.8929
63.8929
63.8929
63.8929
63.8929
63.8929
63.8929
63.8929
55.6259
55.6259
55.6259
55.6259
55.6259
55.6259
55.6259
55.6259
49.3422
49.3422
49.3422
49.3422
49.3422
49.3422
49.3422
49.3422
44.7836
44.7836
44.7836
44.7836
44.7836
44.7836
44.7836
44.7836
41.7156
41.7156
41.7156
41.7156
41.7156
41.7156
41.7156
41.7156
39.9477
39.9477
39.9477
39.9477
39.9477
39.9477
39.9477
39.9477
39.3385
39.3385
39.3385
39.3385
39.3385
39.3385
39.3385
39.3385
39.7914
39.7914
39.7914
39.7914
39.7914
39.7914
39.7914
39.7914
41.2433
41.2433
41.2433
41.2433
41.2433
41.2433
41.2433
41.2433
43.6477
43.6477
43.6477
43.6477
43.6477
43.6477
43.6477
43.6477
46.9538
46.9538
46.9538
46.9538
46.9538
46.9538
46.9538
46.9538
51.0809
51.0809
51.0809
51.0809
51.0809
51.0809
51.0809
51.0809
55.8923
55.8923
55.8923
55.8923
55.8923
55.8923
55.8923
55.8923
61.174
61.174
61.174
61.174
61.174
61.174
61.174
61.174
66.6237
66.6237
66.6237
66.6237
66.6237
66.6237
66.6237
66.6237
74.3833
74.3833
74.3833
74.3833
74.3833
74.3833
74.3833
74.3833
63.8929
63.8929
63.8929
63.8929
63.8929
63.8929
63.8929
63.8929
55.6259
55.6259
55.6259
55.6259
55.6259
55.6259
55.6259
55.6259
49.3422
49.3422
49.3422
49.3422
49.3422
49.3422
49.3422
49.3422
44.7836
44.7836
44.7836
44.7836
44.7836
44.7836
44.7836
44.7836
41.7156
41.7156
41.7156
41.7156
41.7156
41.7156
41.7156
41.7156
39.9477
39.9477
39.9477
39.9477
39.9477
39.9477
39.9477
39.9477
39.3385
39.3385
39.3385
39.3385
39.3385
39.3385
39.3385
39.3385
39.7914
39.7914
39.7914
39.7914
39.7914
39.7914
39.7914
39.7914
41.2433
41.2433
41.2433
41.2433
41.2433
41.2433
41.2433
41.2433
43.6477
43.6477
43.6477
43.6477
43.6477
43.6477
43.6477
43.6477
46.9538
46.9538
46.9538
46.9538
46.9538
46.9538
46.9538
46.9538
51.0809
51.0809
51.0809
51.0809
51.0809
51.0809
51.0809
51.0809
55.8923
55.8923
55.8923
55.8923
55.8923
55.8923
55.8923
55.8923
61.174
61.174
61.174
61.174
61.174
61.174
61.174
61.174
66.6237
66.6237
66.6237
66.6237
66.6237
66.6237
66.6237
66.6237
74.3833
74.3833
74.3833
74.3833
74.3833
74.3833
74.3833
74.3833
63.8929
63.8929
63.8929
63.8929
63.8929
63.8929
63.8929
63.8929
55.6259
55.6259
55.6259
55.6259
55.6259
55.6259
55.6259
55.6259
49.3422
49.3422
49.3422
49.3422
49.3422
49.3422
49.3422
49.3422
44.7836
44.7836
44.7836
44.7836
44.7836
44.7836
44.7836
44.7836
41.7156
41.7156
41.7156
41.7156
41.7156
41.7156
41.7156
41.7156
39.9477
39.9477
39.9477
39.9477
39.9477
39.9477
39.9477
39.9477
39.3385
39.3385
39.3385
39.3385
39.3385
39.3385
39.3385
39.3385
39.7914
39.7914
39.7914
39.7914
39.7914
39.7914
39.7914
39.7914
41.2433
41.2433
41.2433
41.2433
41.2433
41.2433
41.2433
41.2433
43.6477
43.6477
43.6477
43.6477
43.6477
43.6477
43.6477
43.6477
46.9538
46.9538
46.9538
46.9538
46.9538
46.9538
46.9538
46.9538
51.0809
51.0809
51.0809
51.0809
51.0809
51.0809
51.0809
51.0809
55.8923
55.8923
55.8923
55.8923
55.8923
55.8923
55.8923
55.8923
61.174
61.174
61.174
61.174
61.174
61.174
61.174
61.174
66.6237
66.6237
66.6237
66.6237
66.6237
66.6237
66.6237
66.6237
74.3833
74.3833
74.3833
74.3833
74.3833
74.3833
74.3833
74.3833
63.8929
63.8929
63.8929
63.8929
63.8929
63.8929
63.8929
63.8929
55.6259
55.6259
55.6259
55.6259
55.6259
55.6259
55.6259
55.6259
49.3422
49.3422
49.3422
49.3422
49.3422
49.3422
49.3422
49.3422
44.7836
44.7836
44.7836
44.7836
44.7836
44.7836
44.7836
44.7836
41.7156
41.7156
41.7156
41.7156
41.7156
41.7156
41.7156
41.7156
39.9477
39.9477
39.9477
39.9477
39.9477
39.9477
39.9477
39.9477
39.3385
39.3385
39.3385
39.3385
39.3385
39.3385
39.3385
39.3385
39.7914
39.7914
39.7914
39.7914
39.7914
39.7914
39.7914
39.7914
41.2433
41.2433
41.2433
41.2433
41.2433
41.2433
41.2433
41.2433
43.6477
43.6477
43.6477
43.6477
43.6477
43.6477
43.6477
43.6477
46.9538
46.9538
46.9538
46.9538
46.9538
46.9538
46.9538
46.9538
51.0809
51.0809
51.0809
51.0809
51.0809
51.0809
51.0809
51.0809
55.8923
55.8923
55.8923
55.8923
55.8923
55.8923
55.8923
55.8923
61.174
61.174
61.174
61.174
61.174
61.174
61.174
61.174
66.6237
66.6237
66.6237
66.6237
66.6237
66.6237
66.6237
66.6237
79.2433
79.2433
79.2433
79.2433
79.2433
79.2433
79.2433
79.2433
68.3911
68.3911
68.3911
68.3911
68.3911
68.3911
68.3911
68.3911
59.763
59.763
59.763
59.763
59.763
59.763
59.763
59.763
53.1511
53.1511
53.1511
53.1511
53.1511
53.1511
53.1511
53.1511
48.3138
48.3138
48.3138
48.3138
48.3138
48.3138
48.3138
48.3138
45.0235
45.0235
45.0235
45.0235
45.0235
45.0235
45.0235
45.0235
43.0898
43.0898
43.0898
43.0898
43.0898
43.0898
43.0898
43.0898
42.3669
42.3669
42.3669
42.3669
42.3669
42.3669
42.3669
42.3669
42.7512
42.7512
42.7512
42.7512
42.7512
42.7512
42.7512
42.7512
44.1701
44.1701
44.1701
44.1701
44.1701
44.1701
44.1701
44.1701
46.5655
46.5655
46.5655
46.5655
46.5655
46.5655
46.5655
46.5655
49.8718
49.8718
49.8718
49.8718
49.8718
49.8718
49.8718
49.8718
53.9909
53.9909
53.9909
53.9909
53.9909
53.9909
53.9909
53.9909
58.7668
58.7668
58.7668
58.7668
58.7668
58.7668
58.7668
58.7668
63.9647
63.9647
63.9647
63.9647
63.9647
63.9647
63.9647
63.9647
69.2639
69.2639
69.2639
69.2639
69.2639
69.2639
69.2639
69.2639
79.2433
79.2433
79.2433
79.2433
79.2433
79.2433
79.2433
79.2433
68.3911
68.3911
68.3911
68.3911
68.3911
68.3911
68.3911
68.3911
59.763
59.763
59.763
59.763
59.763
59.763
59.763
59.763
53.1511
53.1511
53.1511
53.1511
53.1511
53.1511
53.1511
53.1511
48.3138
48.3138
48.3138
48.3138
48.3138
48.3138
48.3138
48.3138
45.0235
45.0235
45.0235
45.0235
45.0235
45.0235
45.0235
45.0235
43.0898
43.0898
43.0898
43.0898
43.0898
43.0898
43.0898
43.0898
42.3669
42.3669
42.3669
42.3669
42.3669
42.3669
42.3669
42.3669
42.7512
42.7512
42.7512
42.7512
42.7512
42.7512
42.7512
42.7512
44.1701
44.1701
44.1701
44.1701
44.1701
44.1701
44.1701
44.1701
46.5655
46.5655
46.5655
46.5655
46.5655
46.5655
46.5655
46.5655
49.8718
49.8718
49.8718
49.8718
49.8718
49.8718
49.8718
49.8718
53.9909
53.9909
53.9909
53.9909
53.9909
53.9909
53.9909
53.9909
58.7668
58.7668
58.7668
58.7668
58.7668
58.7668
58.7668
58.7668
63.9647
63.9647
63.9647
63.9647
63.9647
63.9647
63.9647
63.9647
69.2639
69.2639
69.2639
69.2639
69.2639
69.2639
69.2639
69.2639
79.2433
79.2433
79.2433
79.2433
79.2433
79.2433
79.2433
79.2433
68.3911
68.3911
68.3911
68.3911
68.3911
68.3911
68.3911
68.3911
59.763
59.763
59.763
59.763
59.763
59.763
59.763
59.763
53.1511
53.1511
53.1511
53.1511
53.1511
53.1511
53.1511
53.1511
48.3138
48.3138
48.3138
48.3138
48.3138
48.3138
48.3138
48.3138
45.0235
45.0235
45.0235
45.0235
45.0235
45.0235
45.0235
45.0235
43.0898
43.0898
43.0898
43.0898
43.0898
43.0898
43.0898
43.0898
42.3669
42.3669
42.3669
42.3669
42.3669
42.3669
42.3669
42.3669
42.7512
42.7512
42.7512
42.7512
42.7512
42.7512
42.7512
42.7512
44.1701
44.1701
44.1701
44.1701
44.1701
44.1701
44.1701
44.1701
46.5655
46.5655
46.5655
46.5655
46.5655
46.5655
46.5655
46.5655
49.8718
49.8718
49.8718
49.8718
49.8718
49.8718
49.8718
49.8718
53.9909
53.9909
53.9909
53.9909
53.9909
53.9909
53.9909
53.9909
58.7668
58.7668
58.7668
58.7668
58.7668
58.7668
58.7668
58.7668
63.9647
63.9647
63.9647
63.9647
63.9647
63.9647
63.9647
63.9647
69.2639
69.2639
69.2639
69.2639
69.2639
69.2639
69.2639
69.2639
79.2433
79.2433
79.2433
79.2433
79.2433
79.2433
79.2433
79.2433
68.3911
68.3911
68.3911
68.3911
68.3911
68.3911
68.3911
68.3911
59.763
59.763
59.763
59.763
59.763
59.763
59.763
59.763
53.1511
53.1511
53.1511
53.1511
53.1511
53.1511
53.1511
53.1511
48.3138
48.3138
48.3138
48.3138
48.3138
48.3138
48.3138
48.3138
45.0235
45.0235
45.0235
45.0235
45.0235
45.0235
45.0235
45.0235
43.0898
43.0898
43.0898
43.0898
43.0898
43.0898
43.0898
43.0898
42.3669
42.3669
42.3669
42.3669
42.3669
42.3669
42.3669
42.3669
42.7512
42.7512
42.7512
42.7512
42.7512
42.7512
42.7512
42.7512
44.1701
44.1701
44.1701
44.1701
44.1701
44.1701
44.1701
44.1701
46.5655
46.5655
46.5655
46.5655
46.5655
46.5655
46.5655
46.5655
49.8718
49.8718
49.8718
49.8718
49.8718
49.8718
49.8718
49.8718
53.9909
53.9909
53.9909
53.9909
53.9909
53.9909
53.9909
53.9909
58.7668
58.7668
58.7668
58.7668
58.7668
58.7668
58.7668
58.7668
63.9647
63.9647
63.9647
63.9647
63.9647
63.9647
63.9647
63.9647
69.2639
69.2639
69.2639
69.2639
69.2639
69.2639
69.2639
69.2639
83.7156
83.7156
83.7156
83.7156
83.7156
83.7156
83.7156
83.7156
72.7354
72.7354
72.7354
72.7354
72.7354
72.7354
72.7354
72.7354
63.9226
63.9226
63.9226
63.9226
63.9226
63.9226
63.9226
63.9226
57.1122
57.1122
57.1122
57.1122
57.1122
57.1122
57.1122
57.1122
52.0917
52.0917
52.0917
52.0917
52.0917
52.0917
52.0917
52.0917
48.6505
48.6505
48.6505
48.6505
48.6505
48.6505
48.6505
48.6505
46.6057
46.6057
46.6057
46.6057
46.6057
46.6057
46.6057
46.6057
45.8131
45.8131
45.8131
45.8131
45.8131
45.8131
45.8131
45.8131
46.1656
46.1656
46.1656
46.1656
46.1656
46.1656
46.1656
46.1656
47.5827
47.5827
47.5827
47.5827
47.5827
47.5827
47.5827
47.5827
49.9942
49.9942
49.9942
49.9942
49.9942
49.9942
49.9942
49.9942
53.3184
53.3184
53.3184
53.3184
53.3184
53.3184
53.3184
53.3184
57.4373
57.4373
57.4373
57.4373
57.4373
57.4373
57.4373
57.4373
62.1711
62.1711
62.1711
62.1711
62.1711
62.1711
62.1711
62.1711
67.2619
67.2619
67.2619
67.2619
67.2619
67.2619
67.2619
67.2619
72.3691
72.3691
72.3691
72.3691
72.3691
72.3691
72.3691
72.3691
83.7156
83.7156
83.7156
83.7156
83.7156
83.7156
83.7156
83.7156
72.7354
72.7354
72.7354
72.7354
72.7354
72.7354
72.7354
72.7354
63.9226
63.9226
63.9226
63.9226
63.9226
63.9226
63.9226
63.9226
57.1122
57.1122
57.1122
57.1122
57.1122
57.1122
57.1122
57.1122
52.0917
52.0917
52.0917
52.0917
52.0917
52.0917
52.0917
52.0917
48.6505
48.6505
48.6505
48.6505
48.6505
48.6505
48.6505
48.6505
46.6057
46.6057
46.6057
46.6057
46.6057
46.6057
46.6057
46.6057
45.8131
45.8131
45.8131
45.8131
45.8131
45.8131
45.8131
45.8131
46.1656
46.1656
46.1656
46.1656
46.1656
46.1656
46.1656
46.1656
47.5827
47.5827
47.5827
47.5827
47.5827
47.5827
47.5827
47.5827
49.9942
49.9942
49.9942
49.9942
49.9942
49.9942
49.9942
49.9942
53.3184
53.3184
53.3184
53.3184
53.3184
53.3184
53.3184
53.3184
57.4373
57.4373
57.4373
57.4373
57.4373
57.4373
57.4373
57.4373
62.1711
62.1711
62.1711
62.1711
62.1711
62.1711
62.1711
62.1711
67.2619
67.2619
67.2619
67.2619
67.2619
67.2619
67.2619
67.2619
72.3691
72.3691
72.3691
72.3691
72.3691
72.3691
72.3691
72.3691
83.7156
83.7156
83.7156
83.7156
83.7156
83.7156
83.7156
83.7156
72.7354
72.7354
72.7354
72.7354
72.7354
72.7354
72.7354
72.7354
63.9226
63.9226
63.9226
63.9226
63.9226
63.9226
63.9226
63.9226
57.1122
57.1122
57.1122
57.1122
57.1122
57.1122
57.1122
57.1122
52.0917
52.0917
52.0917
52.0917
52.0917
52.0917
52.0917
52.0917
48.6505
48.6505
48.6505
48.6505
48.6505
48.6505
48.6505
48.6505
46.6057
46.6057
46.6057
46.6057
46.6057
46.6057
46.6057
46.6057
45.8131
45.8131
45.8131
45.8131
45.8131
45.8131
45.8131
45.8131
46.1656
46.1656
46.1656
46.1656
46.1656
46.1656
46.1656
46.1656
47.5827
47.5827
47.5827
47.5827
47.5827
47.5827
47.5827
47.5827
49.9942
49.9942
49.9942
49.9942
49.9942
49.9942
49.9942
49.9942
53.3184
53.3184
53.3184
53.3184
53.3184
53.3184
53.3184
53.3184
57.4373
57.4373
57.4373
57.4373
57.4373
57.4373
57.4373
57.4373
62.1711
62.1711
62.1711
62.1711
62.1711
62.1711
62.1711
62.1711
67.2619
67.2619
67.2619
67.2619
67.2619
67.2619
67.2619
67.2619
72.3691
72.3691
72.3691
72.3691
72.3691
72.3691
72.3691
72.3691
83.7156
83.7156
83.7156
83.7156
83.7156
83.7156
83.7156
83.7156
72.7354
72.7354
72.7354
72.7354
72.7354
72.7354
72.7354
72.7354
63.9226
63.9226
63.9226
63.9226
63.9226
63.9226
63.9226
63.9226
57.1122
57.1122
57.1122
57.1122
57.1122
57.1122
57.1122
57.1122
52.0917
52.0917
52.0917
52.0917
52.0917
52.0917
52.0917
52.0917
48.6505
48.6505
48.6505
48.6505
48.6505
48.6505
48.6505
48.6505
46.6057
46.6057
46.6057
46.6057
46.6057
46.6057
46.6057
46.6057
45.8131
45.8131
45.8131
45.8131
45.8131
45.8131
45.8131
45.8131
46.1656
46.1656
46.1656
46.1656
46.1656
46.1656
46.1656
46.1656
47.5827
47.5827
47.5827
47.5827
47.5827
47.5827
47.5827
47.5827
49.9942
49.9942
49.9942
49.9942
49.9942
49.9942
49.9942
49.9942
53.3184
53.3184
53.3184
53.3184
53.3184
53.3184
53.3184
53.3184
57.4373
57.4373
57.4373
57.4373
57.4373
57.4373
57.4373
57.4373
62.1711
62.1711
62.1711
62.1711
62.1711
62.1711
62.1711
62.1711
67.2619
67.2619
67.2619
67.2619
67.2619
67.2619
67.2619
67.2619
72.3691
72.3691
72.3691
72.3691
72.3691
72.3691
72.3691
72.3691
87.3536
87.3536
87.3536
87.3536
87.3536
87.3536
87.3536
87.3536
76.5465
76.5465
76.5465
76.5465
76.5465
76.5465
76.5465
76.5465
67.7877
67.7877
67.7877
67.7877
67.7877
67.7877
67.7877
67.7877
60.9637
60.9637
60.9637
60.9637
60.9637
60.9637
60.9637
60.9637
55.9015
55.9015
55.9015
55.9015
55.9015
55.9015
55.9015
55.9015
52.4175
52.4175
52.4175
52.4175
52.4175
52.4175
52.4175
52.4175
50.3458
50.3458
50.3458
50.3458
50.3458
50.3458
50.3458
50.3458
49.5503
49.5503
49.5503
49.5503
49.5503
49.5503
49.5503
49.5503
49.9246
49.9246
49.9246
49.9246
49.9246
49.9246
49.9246
49.9246
51.3827
51.3827
51.3827
51.3827
51.3827
51.3827
51.3827
51.3827
53.843
53.843
53.843
53.843
53.843
53.843
53.843
53.843
57.207
57.207
57.207
57.207
57.207
57.207
57.207
57.207
61.3339
61.3339
61.3339
61.3339
61.3339
61.3339
61.3339
61.3339
66.0188
66.0188
66.0188
66.0188
66.0188
66.0188
66.0188
66.0188
70.9773
70.9773
70.9773
70.9773
70.9773
70.9773
70.9773
70.9773
75.8493
75.8493
75.8493
75.8493
75.8493
75.8493
75.8493
75.8493
87.3536
87.3536
87.3536
87.3536
87.3536
87.3536
87.3536
87.3536
76.5465
76.5465
76.5465
76.5465
76.5465
76.5465
76.5465
76.5465
67.7877
67.7877
67.7877
67.7877
67.7877
67.7877
67.7877
67.7877
60.9637
60.9637
60.9637
60.9637
60.9637
60.9637
60.9637
60.9637
55.9015
55.9015
55.9015
55.9015
55.9015
55.9015
55.9015
55.9015
52.4175
52.4175
52.4175
52.4175
52.4175
52.4175
52.4175
52.4175
50.3458
50.3458
50.3458
50.3458
50.3458
50.3458
50.3458
50.3458
49.5503
49.5503
49.5503
49.5503
49.5503
49.5503
49.5503
49.5503
49.9246
49.9246
49.9246
49.9246
49.9246
49.9246
49.9246
49.9246
51.3827
51.3827
51.3827
51.3827
51.3827
51.3827
51.3827
51.3827
53.843
53.843
53.843
53.843
53.843
53.843
53.843
53.843
57.207
57.207
57.207
57.207
57.207
57.207
57.207
57.207
61.3339
61.3339
61.3339
61.3339
61.3339
61.3339
61.3339
61.3339
66.0188
66.0188
66.0188
66.0188
66.0188
66.0188
66.0188
66.0188
70.9773
70.9773
70.9773
70.9773
70.9773
70.9773
70.9773
70.9773
75.8493
75.8493
75.8493
75.8493
75.8493
75.8493
75.8493
75.8493
87.3536
87.3536
87.3536
87.3536
87.3536
87.3536
87.3536
87.3536
76.5465
76.5465
76.5465
76.5465
76.5465
76.5465
76.5465
76.5465
67.7877
67.7877
67.7877
67.7877
67.7877
67.7877
67.7877
67.7877
60.9637
60.9637
60.9637
60.9637
60.9637
60.9637
60.9637
60.9637
55.9015
55.9015
55.9015
55.9015
55.9015
55.9015
55.9015
55.9015
52.4175
52.4175
52.4175
52.4175
52.4175
52.4175
52.4175
52.4175
50.3458
50.3458
50.3458
50.3458
50.3458
50.3458
50.3458
50.3458
49.5503
49.5503
49.5503
49.5503
49.5503
49.5503
49.5503
49.5503
49.9246
49.9246
49.9246
49.9246
49.9246
49.9246
49.9246
49.9246
51.3827
51.3827
51.3827
51.3827
51.3827
51.3827
51.3827
51.3827
53.843
53.843
53.843
53.843
53.843
53.843
53.843
53.843
57.207
57.207
57.207
57.207
57.207
57.207
57.207
57.207
61.3339
61.3339
61.3339
61.3339
61.3339
61.3339
61.3339
61.3339
66.0188
66.0188
66.0188
66.0188
66.0188
66.0188
66.0188
66.0188
70.9773
70.9773
70.9773
70.9773
70.9773
70.9773
70.9773
70.9773
75.8493
75.8493
75.8493
75.8493
75.8493
75.8493
75.8493
75.8493
87.3536
87.3536
87.3536
87.3536
87.3536
87.3536
87.3536
87.3536
76.5465
76.5465
76.5465
76.5465
76.5465
76.5465
76.5465
76.5465
67.7877
67.7877
67.7877
67.7877
67.7877
67.7877
67.7877
67.7877
60.9637
60.9637
60.9637
60.9637
60.9637
60.9637
60.9637
60.9637
55.9015
55.9015
55.9015
55.9015
55.9015
55.9015
55.9015
55.9015
52.4175
52.4175
52.4175
52.4175
52.4175
52.4175
52.4175
52.4175
50.3458
50.3458
50.3458
50.3458
50.3458
50.3458
50.3458
50.3458
49.5503
49.5503
49.5503
49.5503
49.5503
49.5503
49.5503
49.5503
49.9246
49.9246
49.9246
49.9246
49.9246
49.9246
49.9246
49.9246
51.3827
51.3827
51.3827
51.3827
51.3827
51.3827
51.3827
51.3827
53.843
53.843
53.843
53.843
53.843
53.843
53.843
53.843
57.207
57.207
57.207
57.207
57.207
57.207
57.207
57.207
61.3339
61.3339
61.3339
61.3339
61.3339
61.3339
61.3339
61.3339
66.0188
66.0188
66.0188
66.0188
66.0188
66.0188
66.0188
66.0188
70.9773
70.9773
70.9773
70.9773
70.9773
70.9773
70.9773
70.9773
75.8493
75.8493
75.8493
75.8493
75.8493
75.8493
75.8493
75.8493
89.7107
89.7107
89.7107
89.7107
89.7107
89.7107
89.7107
89.7107
79.4196
79.4196
79.4196
79.4196
79.4196
79.4196
79.4196
79.4196
70.9993
70.9993
70.9993
70.9993
70.9993
70.9993
70.9993
70.9993
64.391
64.391
64.391
64.391
64.391
64.391
64.391
64.391
59.469
59.469
59.469
59.469
59.469
59.469
59.469
59.469
56.0859
56.0859
56.0859
56.0859
56.0859
56.0859
56.0859
56.0859
54.1004
54.1004
54.1004
54.1004
54.1004
54.1004
54.1004
54.1004
53.3914
53.3914
53.3914
53.3914
53.3914
53.3914
53.3914
53.3914
53.8581
53.8581
53.8581
53.8581
53.8581
53.8581
53.8581
53.8581
55.4125
55.4125
55.4125
55.4125
55.4125
55.4125
55.4125
55.4125
57.9628
57.9628
57.9628
57.9628
57.9628
57.9628
57.9628
57.9628
61.3925
61.3925
61.3925
61.3925
61.3925
61.3925
61.3925
61.3925
65.5372
65.5372
65.5372
65.5372
65.5372
65.5372
65.5372
65.5372
70.1647
70.1647
70.1647
70.1647
70.1647
70.1647
70.1647
70.1647
74.9651
74.9651
74.9651
74.9651
74.9651
74.9651
74.9651
74.9651
79.5574
79.5574
79.5574
79.5574
79.5574
79.5574
79.5574
79.5574
89.7107
89.7107
89.7107
89.7107
89.7107
89.7107
89.7107
89.7107
79.4196
79.4196
79.4196
79.4196
79.4196
79.4196
79.4196
79.4196
70.9993
70.9993
70.9993
70.9993
70.9993
70.9993
70.9993
70.9993
64.391
64.391
64.391
64.391
64.391
64.391
64.391
64.391
59.469
59.469
59.469
59.469
59.469
59.469
59.469
59.469
56.0859
56.0859
56.0859
56.0859
56.0859
56.0859
56.0859
56.0859
54.1004
54.1004
54.1004
54.1004
54.1004
54.1004
54.1004
54.1004
53.3914
53.3914
53.3914
53.3914
53.3914
53.3914
53.3914
53.3914
53.8581
53.8581
53.8581
53.8581
53.8581
53.8581
53.8581
53.8581
55.4125
55.4125
55.4125
55.4125
55.4125
55.4125
55.4125
55.4125
57.9628
57.9628
57.9628
57.9628
57.9628
57.9628
57.9628
57.9628
61.3925
61.3925
61.3925
61.3925
61.3925
61.3925
61.3925
61.3925
65.5372
65.5372
65.5372
65.5372
65.5372
65.5372
65.5372
65.5372
70.1647
70.1647
70.1647
70.1647
70.1647
70.1647
70.1647
70.1647
74.9651
74.9651
74.9651
74.9651
74.9651
74.9651
74.9651
74.9651
79.5574
79.5574
79.5574
79.5574
79.5574
79.5574
79.5574
79.5574
89.7107
89.7107
89.7107
89.7107
89.7107
89.7107
89.7107
89.7107
79.4196
79.4196
79.4196
79.4196
79.4196
79.4196
79.4196
79.4196
70.9993
70.9993
70.9993
70.9993
70.9993
70.9993
70.9993
70.9993
64.391
64.391
64.391
64.391
64.391
64.391
64.391
64.391
59.469
59.469
59.469
59.469
59.469
59.469
59.469
59.469
56.0859
56.0859
56.0859
56.0859
56.0859
56.0859
56.0859
56.0859
54.1004
54.1004
54.1004
54.1004
54.1004
54.1004
54.1004
54.1004
53.3914
53.3914
53.3914
53.3914
53.3914
53.3914
53.3914
53.3914
53.8581
53.8581
53.8581
53.8581
53.8581
53.8581
53.8581
53.8581
55.4125
55.4125
55.4125
55.4125
55.4125
55.4125
55.4125
55.4125
57.9628
57.9628
57.9628
57.9628
57.9628
57.9628
57.9628
57.9628
61.3925
61.3925
61.3925
61.3925
61.3925
61.3925
61.3925
61.3925
65.5372
65.5372
65.5372
65.5372
65.5372
65.5372
65.5372
65.5372
70.1647
70.1647
70.1647
70.1647
70.1647
70.1647
70.1647
70.1647
74.9651
74.9651
74.9651
74.9651
74.9651
74.9651
74.9651
74.9651
79.5574
79.5574
79.5574
79.5574
79.5574
79.5574
79.5574
79.5574
89.7107
89.7107
89.7107
89.7107
89.7107
89.7107
89.7107
89.7107
79.4196
79.4196
79.4196
79.4196
79.4196
79.4196
79.4196
79.4196
70.9993
70.9993
70.9993
70.9993
70.9993
70.9993
70.9993
70.9993
64.391
64.391
64.391
64.391
64.391
64.391
64.391
64.391
59.469
59.469
59.469
59.469
59.469
59.469
59.469
59.469
56.0859
56.0859
56.0859
56.0859
56.0859
56.0859
56.0859
56.0859
54.1004
54.1004
54.1004
54.1004
54.1004
54.1004
54.1004
54.1004
53.3914
53.3914
53.3914
53.3914
53.3914
53.3914
53.3914
53.3914
53.8581
53.8581
53.8581
53.8581
53.8581
53.8581
53.8581
53.8581
55.4125
55.4125
55.4125
55.4125
55.4125
55.4125
55.4125
55.4125
57.9628
57.9628
57.9628
57.9628
57.9628
57.9628
57.9628
57.9628
61.3925
61.3925
61.3925
61.3925
61.3925
61.3925
61.3925
61.3925
65.5372
65.5372
65.5372
65.5372
65.5372
65.5372
65.5372
65.5372
70.1647
70.1647
70.1647
70.1647
70.1647
70.1647
70.1647
70.1647
74.9651
74.9651
74.9651
74.9651
74.9651
74.9651
74.9651
74.9651
79.5574
79.5574
79.5574
79.5574
79.5574
79.5574
79.5574
79.5574
90.4171
90.4171
90.4171
90.4171
90.4171
90.4171
90.4171
90.4171
80.9863
80.9863
80.9863
80.9863
80.9863
80.9863
80.9863
80.9863
73.2032
73.2032
73.2032
73.2032
73.2032
73.2032
73.2032
73.2032
67.0617
67.0617
67.0617
67.0617
67.0617
67.0617
67.0617
67.0617
62.4866
62.4866
62.4866
62.4866
62.4866
62.4866
62.4866
62.4866
59.3719
59.3719
59.3719
59.3719
59.3719
59.3719
59.3719
59.3719
57.6074
57.6074
57.6074
57.6074
57.6074
57.6074
57.6074
57.6074
57.0925
57.0925
57.0925
57.0925
57.0925
57.0925
57.0925
57.0925
57.7369
57.7369
57.7369
57.7369
57.7369
57.7369
57.7369
57.7369
59.4526
59.4526
59.4526
59.4526
59.4526
59.4526
59.4526
59.4526
62.1393
62.1393
62.1393
62.1393
62.1393
62.1393
62.1393
62.1393
65.6635
65.6635
65.6635
65.6635
65.6635
65.6635
65.6635
65.6635
69.8369
69.8369
69.8369
69.8369
69.8369
69.8369
69.8369
69.8369
74.3992
74.3992
74.3992
74.3992
74.3992
74.3992
74.3992
74.3992
79.015
79.015
79.015
79.015
79.015
79.015
79.015
79.015
83.2861
83.2861
83.2861
83.2861
83.2861
83.2861
83.2861
83.2861
90.4171
90.4171
90.4171
90.4171
90.4171
90.4171
90.4171
90.4171
80.9863
80.9863
80.9863
80.9863
80.9863
80.9863
80.9863
80.9863
73.2032
73.2032
73.2032
73.2032
73.2032
73.2032
73.2032
73.2032
67.0617
67.0617
67.0617
67.0617
67.0617
67.0617
67.0617
67.0617
62.4866
62.4866
62.4866
62.4866
62.4866
62.4866
62.4866
62.4866
59.3719
59.3719
59.3719
59.3719
59.3719
59.3719
59.3719
59.3719
57.6074
57.6074
57.6074
57.6074
57.6074
57.6074
57.6074
57.6074
57.0925
57.0925
57.0925
57.0925
57.0925
57.0925
57.0925
57.0925
57.7369
57.7369
57.7369
57.7369
57.7369
57.7369
57.7369
57.7369
59.4526
59.4526
59.4526
59.4526
59.4526
59.4526
59.4526
59.4526
62.1393
62.1393
62.1393
62.1393
62.1393
62.1393
62.1393
62.1393
65.6635
65.6635
65.6635
65.6635
65.6635
65.6635
65.6635
65.6635
69.8369
69.8369
69.8369
69.8369
69.8369
69.8369
69.8369
69.8369
74.3992
74.3992
74.3992
74.3992
74.3992
74.3992
74.3992
74.3992
79.015
79.015
79.015
79.015
79.015
79.015
79.015
79.015
83.2861
83.2861
83.2861
83.2861
83.2861
83.2861
83.2861
83.2861
90.4171
90.4171
90.4171
90.4171
90.4171
90.4171
90.4171
90.4171
80.9863
80.9863
80.9863
80.9863
80.9863
80.9863
80.9863
80.9863
73.2032
73.2032
73.2032
73.2032
73.2032
73.2032
73.2032
73.2032
67.0617
67.0617
67.0617
67.0617
67.0617
67.0617
67.0617
67.0617
62.4866
62.4866
62.4866
62.4866
62.4866
62.4866
62.4866
62.4866
59.3719
59.3719
59.3719
59.3719
59.3719
59.3719
59.3719
59.3719
57.6074
57.6074
57.6074
57.6074
57.6074
57.6074
57.6074
57.6074
57.0925
57.0925
57.0925
57.0925
57.0925
57.0925
57.0925
57.0925
57.7369
57.7369
57.7369
57.7369
57.7369
57.7369
57.7369
57.7369
59.4526
59.4526
59.4526
59.4526
59.4526
59.4526
59.4526
59.4526
62.1393
62.1393
62.1393
62.1393
62.1393
62.1393
62.1393
62.1393
65.6635
65.6635
65.6635
65.6635
65.6635
65.6635
65.6635
65.6635
69.8369
69.8369
69.8369
69.8369
69.8369
69.8369
69.8369
69.8369
74.3992
74.3992
74.3992
74.3992
74.3992
74.3992
74.3992
74.3992
79.015
79.015
79.015
79.015
79.015
79.015
79.015
79.015
83.2861
83.2861
83.2861
83.2861
83.2861
83.2861
83.2861
83.2861
90.4171
90.4171
90.4171
90.4171
90.4171
90.4171
90.4171
90.4171
80.9863
80.9863
80.9863
80.9863
80.9863
80.9863
80.9863
80.9863
73.2032
73.2032
73.2032
73.2032
73.2032
73.2032
73.2032
73.2032
67.0617
67.0617
67.0617
67.0617
67.0617
67.0617
67.0617
67.0617
62.4866
62.4866
62.4866
62.4866
62.4866
62.4866
62.4866
62.4866
59.3719
59.3719
59.3719
59.3719
59.3719
59.3719
59.3719
59.3719
57.6074
57.6074
57.6074
57.6074
57.6074
57.6074
57.6074
57.6074
57.0925
57.0925
57.0925
57.0925
57.0925
57.0925
57.0925
57.0925
57.7369
57.7369
57.7369
57.7369
57.7369
57.7369
57.7369
57.7369
59.4526
59.4526
59.4526
59.4526
59.4526
59.4526
59.4526
59.4526
62.1393
62.1393
62.1393
62.1393
62.1393
62.1393
62.1393
62.1393
65.6635
65.6635
65.6635
65.6635
65.6635
65.6635
65.6635
65.6635
69.8369
69.8369
69.8369
69.8369
69.8369
69.8369
69.8369
69.8369
74.3992
74.3992
74.3992
74.3992
74.3992
74.3992
74.3992
74.3992
79.015
79.015
79.015
79.015
79.015
79.015
79.015
79.015
83.2861
83.2861
83.2861
83.2861
83.2861
83.2861
83.2861
83.2861
89.2582
89.2582
89.2582
89.2582
89.2582
89.2582
89.2582
89.2582
80.9832
80.9832
80.9832
80.9832
80.9832
80.9832
80.9832
80.9832
74.1093
74.1093
74.1093
74.1093
74.1093
74.1093
74.1093
74.1093
68.6752
68.6752
68.6752
68.6752
68.6752
68.6752
68.6752
68.6752
64.6527
64.6527
64.6527
64.6527
64.6527
64.6527
64.6527
64.6527
61.9784
61.9784
61.9784
61.9784
61.9784
61.9784
61.9784
61.9784
60.5764
60.5764
60.5764
60.5764
60.5764
60.5764
60.5764
60.5764
60.3702
60.3702
60.3702
60.3702
60.3702
60.3702
60.3702
60.3702
61.2828
61.2828
61.2828
61.2828
61.2828
61.2828
61.2828
61.2828
63.2288
63.2288
63.2288
63.2288
63.2288
63.2288
63.2288
63.2288
66.1009
66.1009
66.1009
66.1009
66.1009
66.1009
66.1009
66.1009
69.7487
69.7487
69.7487
69.7487
69.7487
69.7487
69.7487
69.7487
73.9607
73.9607
73.9607
73.9607
73.9607
73.9607
73.9607
73.9607
78.4503
78.4503
78.4503
78.4503
78.4503
78.4503
78.4503
78.4503
82.8582
82.8582
82.8582
82.8582
82.8582
82.8582
82.8582
82.8582
86.7734
86.7734
86.7734
86.7734
86.7734
86.7734
86.7734
86.7734
89.2582
89.2582
89.2582
89.2582
89.2582
89.2582
89.2582
89.2582
80.9832
80.9832
80.9832
80.9832
80.9832
80.9832
80.9832
80.9832
74.1093
74.1093
74.1093
74.1093
74.1093
74.1093
74.1093
74.1093
68.6752
68.6752
68.6752
68.6752
68.6752
68.6752
68.6752
68.6752
64.6527
64.6527
64.6527
64.6527
64.6527
64.6527
64.6527
64.6527
61.9784
61.9784
61.9784
61.9784
61.9784
61.9784
61.9784
61.9784
60.5764
60.5764
60.5764
60.5764
60.5764
60.5764
60.5764
60.5764
60.3702
60.3702
60.3702
60.3702
60.3702
60.3702
60.3702
60.3702
61.2828
61.2828
61.2828
61.2828
61.2828
61.2828
61.2828
61.2828
63.2288
63.2288
63.2288
63.2288
63.2288
63.2288
63.2288
63.2288
66.1009
66.1009
66.1009
66.1009
66.1009
66.1009
66.1009
66.1009
69.7487
69.7487
69.7487
69.7487
69.7487
69.7487
69.7487
69.7487
73.9607
73.9607
73.9607
73.9607
73.9607
73.9607
73.9607
73.9607
78.4503
78.4503
78.4503
78.4503
78.4503
78.4503
78.4503
78.4503
82.8582
82.8582
82.8582
82.8582
82.8582
82.8582
82.8582
82.8582
86.7734
86.7734
86.7734
86.7734
86.7734
86.7734
86.7734
86.7734
89.2582
89.2582
89.2582
89.2582
89.2582
89.2582
89.2582
89.2582
80.9832
80.9832
80.9832
80.9832
80.9832
80.9832
80.9832
80.9832
74.1093
74.1093
74.1093
74.1093
74.1093
74.1093
74.1093
74.1093
68.6752
68.6752
68.6752
68.6752
68.6752
68.6752
68.6752
68.6752
64.6527
64.6527
64.6527
64.6527
64.6527
64.6527
64.6527
64.6527
61.9784
61.9784
61.9784
61.9784
61.9784
61.9784
61.9784
61.9784
60.5764
60.5764
60.5764
60.5764
60.5764
60.5764
60.5764
60.5764
60.3702
60.3702
60.3702
60.3702
60.3702
60.3702
60.3702
60.3702
61.2828
61.2828
61.2828
61.2828
61.2828
61.2828
61.2828
61.2828
63.2288
63.2288
63.2288
63.2288
63.2288
63.2288
63.2288
63.2288
66.1009
66.1009
66.1009
66.1009
66.1009
66.1009
66.1009
66.1009
69.7487
69.7487
69.7487
69.7487
69.7487
69.7487
69.7487
69.7487
73.9607
73.9607
73.9607
73.9607
73.9607
73.9607
73.9607
73.9607
78.4503
78.4503
78.4503
78.4503
78.4503
78.4503
78.4503
78.4503
82.8582
82.8582
82.8582
82.8582
82.8582
82.8582
82.8582
82.8582
86.7734
86.7734
86.7734
86.7734
86.7734
86.7734
86.7734
86.7734
89.2582
89.2582
89.2582
89.2582
89.2582
89.2582
89.2582
89.2582
80.9832
80.9832
80.9832
80.9832
80.9832
80.9832
80.9832
80.9832
74.1093
74.1093
74.1093
74.1093
74.1093
74.1093
74.1093
74.1093
68.6752
68.6752
68.6752
68.6752
68.6752
68.6752
68.6752
68.6752
64.6527
64.6527
64.6527
64.6527
64.6527
64.6527
64.6527
64.6527
61.9784
61.9784
61.9784
61.9784
61.9784
61.9784
61.9784
61.9784
60.5764
60.5764
60.5764
60.5764
60.5764
60.5764
60.5764
60.5764
60.3702
60.3702
60.3702
60.3702
60.3702
60.3702
60.3702
60.3702
61.2828
61.2828
61.2828
61.2828
61.2828
61.2828
61.2828
61.2828
63.2288
63.2288
63.2288
63.2288
63.2288
63.2288
63.2288
63.2288
66.1009
66.1009
66.1009
66.1009
66.1009
66.1009
66.1009
66.1009
69.7487
69.7487
69.7487
69.7487
69.7487
69.7487
69.7487
69.7487
73.9607
73.9607
73.9607
73.9607
73.9607
73.9607
73.9607
73.9607
78.4503
78.4503
78.4503
78.4503
78.4503
78.4503
78.4503
78.4503
82.8582
82.8582
82.8582
82.8582
82.8582
82.8582
82.8582
82.8582
86.7734
86.7734
86.7734
86.7734
86.7734
86.7734
86.7734
86.7734
86.2296
86.2296
86.2296
86.2296
86.2296
86.2296
86.2296
86.2296
79.3128
79.3128
79.3128
79.3128
79.3128
79.3128
79.3128
79.3128
73.5515
73.5515
73.5515
73.5515
73.5515
73.5515
73.5515
73.5515
69.0171
69.0171
69.0171
69.0171
69.0171
69.0171
69.0171
69.0171
65.7209
65.7209
65.7209
65.7209
65.7209
65.7209
65.7209
65.7209
63.6382
63.6382
63.6382
63.6382
63.6382
63.6382
63.6382
63.6382
62.727
62.727
62.727
62.727
62.727
62.727
62.727
62.727
62.9342
62.9342
62.9342
62.9342
62.9342
62.9342
62.9342
62.9342
64.1978
64.1978
64.1978
64.1978
64.1978
64.1978
64.1978
64.1978
66.4369
66.4369
66.4369
66.4369
66.4369
66.4369
66.4369
66.4369
69.537
69.537
69.537
69.537
69.537
69.537
69.537
69.537
73.333
73.333
73.333
73.333
73.333
73.333
73.333
73.333
77.5914
77.5914
77.5914
77.5914
77.5914
77.5914
77.5914
77.5914
82.0015
82.0015
82.0015
82.0015
82.0015
82.0015
82.0015
82.0015
86.1843
86.1843
86.1843
86.1843
86.1843
86.1843
86.1843
86.1843
89.7208
89.7208
89.7208
89.7208
89.7208
89.7208
89.7208
89.7208
86.2296
86.2296
86.2296
86.2296
86.2296
86.2296
86.2296
86.2296
79.3128
79.3128
79.3128
79.3128
79.3128
79.3128
79.3128
79.3128
73.5515
73.5515
73.5515
73.5515
73.5515
73.5515
73.5515
73.5515
69.0171
69.0171
69.0171
69.0171
69.0171
69.0171
69.0171
69.0171
65.7209
65.7209
65.7209
65.7209
65.7209
65.7209
65.7209
65.7209
63.6382
63.6382
63.6382
63.6382
63.6382
63.6382
63.6382
63.6382
62.727
62.727
62.727
62.727
62.727
62.727
62.727
62.727
62.9342
62.9342
62.9342
62.9342
62.9342
62.9342
62.9342
62.9342
64.1978
64.1978
64.1978
64.1978
64.1978
64.1978
64.1978
64.1978
66.4369
66.4369
66.4369
66.4369
66.4369
66.4369
66.4369
66.4369
69.537
69.537
69.537
69.537
69.537
69.537
69.537
69.537
73.333
73.333
73.333
73.333
73.333
73.333
73.333
73.333
77.5914
77.5914
77.5914
77.5914
77.5914
77.5914
77.5914
77.5914
82.0015
82.0015
82.0015
82.0015
82.0015
82.0015
82.0015
82.0015
86.1843
86.1843
86.1843
86.1843
86.1843
86.1843
86.1843
86.1843
89.7208
89.7208
89.7208
89.7208
89.7208
89.7208
89.7208
89.7208
86.2296
86.2296
86.2296
86.2296
86.2296
86.2296
86.2296
86.2296
79.3128
79.3128
79.3128
79.3128
79.3128
79.3128
79.3128
79.3128
73.5515
73.5515
73.5515
73.5515
73.5515
73.5515
73.5515
73.5515
69.0171
69.0171
69.0171
69.0171
69.0171
69.0171
69.0171
69.0171
65.7209
65.7209
65.7209
65.7209
65.7209
65.7209
65.7209
65.7209
63.6382
63.6382
63.6382
63.6382
63.6382
63.6382
63.6382
63.6382
62.727
62.727
62.727
62.727
62.727
62.727
62.727
62.727
62.9342
62.9342
62.9342
62.9342
62.9342
62.9342
62.9342
62.9342
64.1978
64.1978
64.1978
64.1978
64.1978
64.1978
64.1978
64.1978
66.4369
66.4369
66.4369
66.4369
66.4369
66.4369
66.4369
66.4369
69.537
69.537
69.537
69.537
69.537
69.537
69.537
69.537
73.333
73.333
73.333
73.333
73.333
73.333
73.333
73.333
77.5914
77.5914
77.5914
77.5914
77.5914
77.5914
77.5914
77.5914
82.0015
82.0015
82.0015
82.0015
82.0015
82.0015
82.0015
82.0015
86.1843
86.1843
86.1843
86.1843
86.1843
86.1843
86.1843
86.1843
89.7208
89.7208
89.7208
89.7208
89.7208
89.7208
89.7208
89.7208
86.2296
86.2296
86.2296
86.2296
86.2296
86.2296
86.2296
86.2296
79.3128
79.3128
79.3128
79.3128
79.3128
79.3128
79.3128
79.3128
73.5515
73.5515
73.5515
73.5515
73.5515
73.5515
73.5515
73.5515
69.0171
69.0171
69.0171
69.0171
69.0171
69.0171
69.0171
69.0171
65.7209
65.7209
65.7209
65.7209
65.7209
65.7209
65.7209
65.7209
63.6382
63.6382
63.6382
63.6382
63.6382
63.6382
63.6382
63.6382
62.727
62.727
62.727
62.727
62.727
62.727
62.727
62.727
62.9342
62.9342
62.9342
62.9342
62.9342
62.9342
62.9342
62.9342
64.1978
64.1978
64.1978
64.1978
64.1978
64.1978
64.1978
64.1978
66.4369
66.4369
66.4369
66.4369
66.4369
66.4369
66.4369
66.4369
69.537
69.537
69.537
69.537
69.537
69.537
69.537
69.537
73.333
73.333
73.333
73.333
73.333
73.333
73.333
73.333
77.5914
77.5914
77.5914
77.5914
77.5914
77.5914
77.5914
77.5914
82.0015
82.0015
82.0015
82.0015
82.0015
82.0015
82.0015
82.0015
86.1843
86.1843
86.1843
86.1843
86.1843
86.1843
86.1843
86.1843
89.7208
89.7208
89.7208
89.7208
89.7208
89.7208
89.7208
89.7208
81.5451
81.5451
81.5451
81.5451
81.5451
81.5451
81.5451
81.5451
76.0694
76.0694
76.0694
76.0694
76.0694
76.0694
76.0694
76.0694
71.5264
71.5264
71.5264
71.5264
71.5264
71.5264
71.5264
71.5264
68.0058
68.0058
68.0058
68.0058
68.0058
68.0058
68.0058
68.0058
65.5487
65.5487
65.5487
65.5487
65.5487
65.5487
65.5487
65.5487
64.1625
64.1625
64.1625
64.1625
64.1625
64.1625
64.1625
64.1625
63.8331
63.8331
63.8331
63.8331
63.8331
63.8331
63.8331
63.8331
64.5299
64.5299
64.5299
64.5299
64.5299
64.5299
64.5299
64.5299
66.2045
66.2045
66.2045
66.2045
66.2045
66.2045
66.2045
66.2045
68.7795
68.7795
68.7795
68.7795
68.7795
68.7795
68.7795
68.7795
72.1355
72.1355
72.1355
72.1355
72.1355
72.1355
72.1355
72.1355
76.093
76.093
76.093
76.093
76.093
76.093
76.093
76.093
80.3989
80.3989
80.3989
80.3989
80.3989
80.3989
80.3989
80.3989
84.723
84.723
84.723
84.723
84.723
84.723
84.723
84.723
88.6718
88.6718
88.6718
88.6718
88.6718
88.6718
88.6718
88.6718
91.8237
91.8237
91.8237
91.8237
91.8237
91.8237
91.8237
91.8237
81.5451
81.5451
81.5451
81.5451
81.5451
81.5451
81.5451
81.5451
76.0694
76.0694
76.0694
76.0694
76.0694
76.0694
76.0694
76.0694
71.5264
71.5264
71.5264
71.5264
71.5264
71.5264
71.5264
71.5264
68.0058
68.0058
68.0058
68.0058
68.0058
68.0058
68.0058
68.0058
65.5487
65.5487
65.5487
65.5487
65.5487
65.5487
65.5487
65.5487
64.1625
64.1625
64.1625
64.1625
64.1625
64.1625
64.1625
64.1625
63.8331
63.8331
63.8331
63.8331
63.8331
63.8331
63.8331
63.8331
64.5299
64.5299
64.5299
64.5299
64.5299
64.5299
64.5299
64.5299
66.2045
66.2045
66.2045
66.2045
66.2045
66.2045
66.2045
66.2045
68.7795
68.7795
68.7795
68.7795
68.7795
68.7795
68.7795
68.7795
72.1355
72.1355
72.1355
72.1355
72.1355
72.1355
72.1355
72.1355
76.093
76.093
76.093
76.093
76.093
76.093
76.093
76.093
80.3989
80.3989
80.3989
80.3989
80.3989
80.3989
80.3989
80.3989
84.723
84.723
84.723
84.723
84.723
84.723
84.723
84.723
88.6718
88.6718
88.6718
88.6718
88.6718
88.6718
88.6718
88.6718
91.8237
91.8237
91.8237
91.8237
91.8237
91.8237
91.8237
91.8237
81.5451
81.5451
81.5451
81.5451
81.5451
81.5451
81.5451
81.5451
76.0694
76.0694
76.0694
76.0694
76.0694
76.0694
76.0694
76.0694
71.5264
71.5264
71.5264
71.5264
71.5264
71.5264
71.5264
71.5264
68.0058
68.0058
68.0058
68.0058
68.0058
68.0058
68.0058
68.0058
65.5487
65.5487
65.5487
65.5487
65.5487
65.5487
65.5487
65.5487
64.1625
64.1625
64.1625
64.1625
64.1625
64.1625
64.1625
64.1625
63.8331
63.8331
63.8331
63.8331
63.8331
63.8331
63.8331
63.8331
64.5299
64.5299
64.5299
64.5299
64.5299
64.5299
64.5299
64.5299
66.2045
66.2045
66.2045
66.2045
66.2045
66.2045
66.2045
66.2045
68.7795
68.7795
68.7795
68.7795
68.7795
68.7795
68.7795
68.7795
72.1355
72.1355
72.1355
72.1355
72.1355
72.1355
72.1355
72.1355
76.093
76.093
76.093
76.093
76.093
76.093
76.093
76.093
80.3989
80.3989
80.3989
80.3989
80.3989
80.3989
80.3989
80.3989
84.723
84.723
84.723
84.723
84.723
84.723
84.723
84.723
88.6718
88.6718
88.6718
88.6718
88.6718
88.6718
88.6718
88.6718
91.8237
91.8237
91.8237
91.8237
91.8237
91.8237
91.8237
91.8237
81.5451
81.5451
81.5451
81.5451
81.5451
81.5451
81.5451
81.5451
76.0694
76.0694
76.0694
76.0694
76.0694
76.0694
76.0694
76.0694
71.5264
71.5264
71.5264
71.5264
71.5264
71.5264
71.5264
71.5264
68.0058
68.0058
68.0058
68.0058
68.0058
68.0058
68.0058
68.0058
65.5487
65.5487
65.5487
65.5487
65.5487
65.5487
65.5487
65.5487
64.1625
64.1625
64.1625
64.1625
64.1625
64.1625
64.1625
64.1625
63.8331
63.8331
63.8331
63.8331
63.8331
63.8331
63.8331
63.8331
64.5299
64.5299
64.5299
64.5299
64.5299
64.5299
64.5299
64.5299
66.2045
66.2045
66.2045
66.2045
66.2045
66.2045
66.2045
66.2045
68.7795
68.7795
68.7795
68.7795
68.7795
68.7795
68.7795
68.7795
72.1355
72.1355
72.1355
72.1355
72.1355
72.1355
72.1355
72.1355
76.093
76.093
76.093
76.093
76.093
76.093
76.093
76.093
80.3989
80.3989
80.3989
80.3989
80.3989
80.3989
80.3989
80.3989
84.723
84.723
84.723
84.723
84.723
84.723
84.723
84.723
88.6718
88.6718
88.6718
88.6718
88.6718
88.6718
88.6718
88.6718
91.8237
91.8237
91.8237
91.8237
91.8237
91.8237
91.8237
91.8237
75.5986
75.5986
75.5986
75.5986
75.5986
75.5986
75.5986
75.5986
71.5239
71.5239
71.5239
71.5239
71.5239
71.5239
71.5239
71.5239
68.1953
68.1953
68.1953
68.1953
68.1953
68.1953
68.1953
68.1953
65.7101
65.7101
65.7101
65.7101
65.7101
65.7101
65.7101
65.7101
64.1272
64.1272
64.1272
64.1272
64.1272
64.1272
64.1272
64.1272
63.4767
63.4767
63.4767
63.4767
63.4767
63.4767
63.4767
63.4767
63.7664
63.7664
63.7664
63.7664
63.7664
63.7664
63.7664
63.7664
64.9838
64.9838
64.9838
64.9838
64.9838
64.9838
64.9838
64.9838
67.0909
67.0909
67.0909
67.0909
67.0909
67.0909
67.0909
67.0909
70.0137
70.0137
70.0137
70.0137
70.0137
70.0137
70.0137
70.0137
73.6275
73.6275
73.6275
73.6275
73.6275
73.6275
73.6275
73.6275
77.741
77.741
77.741
77.741
77.741
77.741
77.741
77.741
82.0858
82.0858
82.0858
82.0858
82.0858
82.0858
82.0858
82.0858
86.3164
86.3164
86.3164
86.3164
86.3164
86.3164
86.3164
86.3164
90.0307
90.0307
90.0307
90.0307
90.0307
90.0307
90.0307
90.0307
92.8126
92.8126
92.8126
92.8126
92.8126
92.8126
92.8126
92.8126
75.5986
75.5986
75.5986
75.5986
75.5986
75.5986
75.5986
75.5986
71.5239
71.5239
71.5239
71.5239
71.5239
71.5239
71.5239
71.5239
68.1953
68.1953
68.1953
68.1953
68.1953
68.1953
68.1953
68.1953
65.7101
65.7101
65.7101
65.7101
65.7101
65.7101
65.7101
65.7101
64.1272
64.1272
64.1272
64.1272
64.1272
64.1272
64.1272
64.1272
63.4767
63.4767
63.4767
63.4767
63.4767
63.4767
63.4767
63.4767
63.7664
63.7664
63.7664
63.7664
63.7664
63.7664
63.7664
63.7664
64.9838
64.9838
64.9838
64.9838
64.9838
64.9838
64.9838
64.9838
67.0909
67.0909
67.0909
67.0909
67.0909
67.0909
67.0909
67.0909
70.0137
70.0137
70.0137
70.0137
70.0137
70.0137
70.0137
70.0137
73.6275
73.6275
73.6275
73.6275
73.6275
73.6275
73.6275
73.6275
77.741
77.741
77.741
77.741
77.741
77.741
77.741
77.741
82.0858
82.0858
82.0858
82.0858
82.0858
82.0858
82.0858
82.0858
86.3164
86.3164
86.3164
86.3164
86.3164
86.3164
86.3164
86.3164
90.0307
90.0307
90.0307
90.0307
90.0307
90.0307
90.0307
90.0307
92.8126
92.8126
92.8126
92.8126
92.8126
92.8126
92.8126
92.8126
75.5986
75.5986
75.5986
75.5986
75.5986
75.5986
75.5986
75.5986
71.5239
71.5239
71.5239
71.5239
71.5239
71.5239
71.5239
71.5239
68.1953
68.1953
68.1953
68.1953
68.1953
68.1953
68.1953
68.1953
65.7101
65.7101
65.7101
65.7101
65.7101
65.7101
65.7101
65.7101
64.1272
64.1272
64.1272
64.1272
64.1272
64.1272
64.1272
64.1272
63.4767
63.4767
63.4767
63.4767
63.4767
63.4767
63.4767
63.4767
63.7664
63.7664
63.7664
63.7664
63.7664
63.7664
63.7664
63.7664
64.9838
64.9838
64.9838
64.9838
64.9838
64.9838
64.9838
64.9838
67.0909
67.0909
67.0909
67.0909
67.0909
67.0909
67.0909
67.0909
70.0137
70.0137
70.0137
70.0137
70.0137
70.0137
70.0137
70.0137
73.6275
73.6275
73.6275
73.6275
73.6275
73.6275
73.6275
73.6275
77.741
77.741
77.741
77.741
77.741
77.741
77.741
77.741
82.0858
82.0858
82.0858
82.0858
82.0858
82.0858
82.0858
82.0858
86.3164
86.3164
86.3164
86.3164
86.3164
86.3164
86.3164
86.3164
90.0307
90.0307
90.0307
90.0307
90.0307
90.0307
90.0307
90.0307
92.8126
92.8126
92.8126
92.8126
92.8126
92.8126
92.8126
92.8126
75.5986
75.5986
75.5986
75.5986
75.5986
75.5986
75.5986
75.5986
71.5239
71.5239
71.5239
71.5239
71.5239
71.5239
71.5239
71.5239
68.1953
68.1953
68.1953
68.1953
68.1953
68.1953
68.1953
68.1953
65.7101
65.7101
65.7101
65.7101
65.7101
65.7101
65.7101
65.7101
64.1272
64.1272
64.1272
64.1272
64.1272
64.1272
64.1272
64.1272
63.4767
63.4767
63.4767
63.4767
63.4767
63.4767
63.4767
63.4767
63.7664
63.7664
63.7664
63.7664
63.7664
63.7664
63.7664
63.7664
64.9838
64.9838
64.9838
64.9838
64.9838
64.9838
64.9838
64.9838
67.0909
67.0909
67.0909
67.0909
67.0909
67.0909
67.0909
67.0909
70.0137
70.0137
70.0137
70.0137
70.0137
70.0137
70.0137
70.0137
73.6275
73.6275
73.6275
73.6275
73.6275
73.6275
73.6275
73.6275
77.741
77.741
77.741
77.741
77.741
77.741
77.741
77.741
82.0858
82.0858
82.0858
82.0858
82.0858
82.0858
82.0858
82.0858
86.3164
86.3164
86.3164
86.3164
86.3164
86.3164
86.3164
86.3164
90.0307
90.0307
90.0307
90.0307
90.0307
90.0307
90.0307
90.0307
92.8126
92.8126
92.8126
92.8126
92.8126
92.8126
92.8126
92.8126
68.8876
68.8876
68.8876
68.8876
68.8876
68.8876
68.8876
68.8876
66.0714
66.0714
66.0714
66.0714
66.0714
66.0714
66.0714
66.0714
63.8564
63.8564
63.8564
63.8564
63.8564
63.8564
63.8564
63.8564
62.3376
62.3376
62.3376
62.3376
62.3376
62.3376
62.3376
62.3376
61.5831
61.5831
61.5831
61.5831
61.5831
61.5831
61.5831
61.5831
61.6366
61.6366
61.6366
61.6366
61.6366
61.6366
61.6366
61.6366
62.521
62.521
62.521
62.521
62.521
62.521
62.521
62.521
64.2356
64.2356
64.2356
64.2356
64.2356
64.2356
64.2356
64.2356
66.7505
66.7505
66.7505
66.7505
66.7505
66.7505
66.7505
66.7505
69.9932
69.9932
69.9932
69.9932
69.9932
69.9932
69.9932
69.9932
73.8348
73.8348
73.8348
73.8348
73.8348
73.8348
73.8348
73.8348
78.0757
78.0757
78.0757
78.0757
78.0757
78.0757
78.0757
78.0757
82.4357
82.4357
82.4357
82.4357
82.4357
82.4357
82.4357
82.4357
86.561
86.561
86.561
86.561
86.561
86.561
86.561
86.561
90.0489
90.0489
90.0489
90.0489
90.0489
90.0489
90.0489
90.0489
92.4934
92.4934
92.4934
92.4934
92.4934
92.4934
92.4934
92.4934
68.8876
68.8876
68.8876
68.8876
68.8876
68.8876
68.8876
68.8876
66.0714
66.0714
66.0714
66.0714
66.0714
66.0714
66.0714
66.0714
63.8564
63.8564
63.8564
63.8564
63.8564
63.8564
63.8564
63.8564
62.3376
62.3376
62.3376
62.3376
62.3376
62.3376
62.3376
62.3376
61.5831
61.5831
61.5831
61.5831
61.5831
61.5831
61.5831
61.5831
61.6366
61.6366
61.6366
61.6366
61.6366
61.6366
61.6366
61.6366
62.521
62.521
62.521
62.521
62.521
62.521
62.521
62.521
64.2356
64.2356
64.2356
64.2356
64.2356
64.2356
64.2356
64.2356
66.7505
66.7505
66.7505
66.7505
66.7505
66.7505
66.7505
66.7505
69.9932
69.9932
69.9932
69.9932
69.9932
69.9932
69.9932
69.9932
73.8348
73.8348
73.8348
73.8348
73.8348
73.8348
73.8348
73.8348
78.0757
78.0757
78.0757
78.0757
78.0757
78.0757
78.0757
78.0757
82.4357
82.4357
82.4357
82.4357
82.4357
82.4357
82.4357
82.4357
86.561
86.561
86.561
86.561
86.561
86.561
86.561
86.561
90.0489
90.0489
90.0489
90.0489
90.0489
90.0489
90.0489
90.0489
92.4934
92.4934
92.4934
92.4934
92.4934
92.4934
92.4934
92.4934
68.8876
68.8876
68.8876
68.8876
68.8876
68.8876
68.8876
68.8876
66.0714
66.0714
66.0714
66.0714
66.0714
66.0714
66.0714
66.0714
63.8564
63.8564
63.8564
63.8564
63.8564
63.8564
63.8564
63.8564
62.3376
62.3376
62.3376
62.3376
62.3376
62.3376
62.3376
62.3376
61.5831
61.5831
61.5831
61.5831
61.5831
61.5831
61.5831
61.5831
61.6366
61.6366
61.6366
61.6366
61.6366
61.6366
61.6366
61.6366
62.521
62.521
62.521
62.521
62.521
62.521
62.521
62.521
64.2356
64.2356
64.2356
64.2356
64.2356
64.2356
64.2356
64.2356
66.7505
66.7505
66.7505
66.7505
66.7505
66.7505
66.7505
66.7505
69.9932
69.9932
69.9932
69.9932
69.9932
69.9932
69.9932
69.9932
73.8348
73.8348
73.8348
73.8348
73.8348
73.8348
73.8348
73.8348
78.0757
78.0757
78.0757
78.0757
78.0757
78.0757
78.0757
78.0757
82.4357
82.4357
82.4357
82.4357
82.4357
82.4357
82.4357
82.4357
86.561
86.561
86.561
86.561
86.561
86.561
86.561
86.561
90.0489
90.0489
90.0489
90.0489
90.0489
90.0489
90.0489
90.0489
92.4934
92.4934
92.4934
92.4934
92.4934
92.4934
92.4934
92.4934
68.8876
68.8876
68.8876
68.8876
68.8876
68.8876
68.8876
68.8876
66.0714
66.0714
66.0714
66.0714
66.0714
66.0714
66.0714
66.0714
63.8564
63.8564
63.8564
63.8564
63.8564
63.8564
63.8564
63.8564
62.3376
62.3376
62.3376
62.3376
62.3376
62.3376
62.3376
62.3376
61.5831
61.5831
61.5831
61.5831
61.5831
61.5831
61.5831
61.5831
61.6366
61.6366
61.6366
61.6366
61.6366
61.6366
61.6366
61.6366
62.521
62.521
62.521
62.521
62.521
62.521
62.521
62.521
64.2356
64.2356
64.2356
64.2356
64.2356
64.2356
64.2356
64.2356
66.7505
66.7505
66.7505
66.7505
66.7505
66.7505
66.7505
66.7505
69.9932
69.9932
69.9932
69.9932
69.9932
69.9932
69.9932
69.9932
73.8348
73.8348
73.8348
73.8348
73.8348
73.8348
73.8348
73.8348
78.0757
78.0757
78.0757
78.0757
78.0757
78.0757
78.0757
78.0757
82.4357
82.4357
82.4357
82.4357
82.4357
82.4357
82.4357
82.4357
86.561
86.561
86.561
86.561
86.561
86.561
86.561
86.561
90.0489
90.0489
90.0489
90.0489
90.0489
90.0489
90.0489
90.0489
92.4934
92.4934
92.4934
92.4934
92.4934
92.4934
92.4934
92.4934
61.9217
61.9217
61.9217
61.9217
61.9217
61.9217
61.9217
61.9217
60.1554
60.1554
60.1554
60.1554
60.1554
60.1554
60.1554
60.1554
58.8832
58.8832
58.8832
58.8832
58.8832
58.8832
58.8832
58.8832
58.1933
58.1933
58.1933
58.1933
58.1933
58.1933
58.1933
58.1933
58.1547
58.1547
58.1547
58.1547
58.1547
58.1547
58.1547
58.1547
58.8182
58.8182
58.8182
58.8182
58.8182
58.8182
58.8182
58.8182
60.2147
60.2147
60.2147
60.2147
60.2147
60.2147
60.2147
60.2147
62.3513
62.3513
62.3513
62.3513
62.3513
62.3513
62.3513
62.3513
65.2024
65.2024
65.2024
65.2024
65.2024
65.2024
65.2024
65.2024
68.6968
68.6968
68.6968
68.6968
68.6968
68.6968
68.6968
68.6968
72.7032
72.7032
72.7032
72.7032
72.7032
72.7032
72.7032
72.7032
77.0167
77.0167
77.0167
77.0167
77.0167
77.0167
77.0167
77.0167
81.3528
81.3528
81.3528
81.3528
81.3528
81.3528
81.3528
81.3528
85.3564
85.3564
85.3564
85.3564
85.3564
85.3564
85.3564
85.3564
88.6302
88.6302
88.6302
88.6302
88.6302
88.6302
88.6302
88.6302
90.7857
90.7857
90.7857
90.7857
90.7857
90.7857
90.7857
90.7857
61.9217
61.9217
61.9217
61.9217
61.9217
61.9217
61.9217
61.9217
60.1554
60.1554
60.1554
60.1554
60.1554
60.1554
60.1554
60.1554
58.8832
58.8832
58.8832
58.8832
58.8832
58.8832
58.8832
58.8832
58.1933
58.1933
58.1933
58.1933
58.1933
58.1933
58.1933
58.1933
58.1547
58.1547
58.1547
58.1547
58.1547
58.1547
58.1547
58.1547
58.8182
58.8182
58.8182
58.8182
58.8182
58.8182
58.8182
58.8182
60.2147
60.2147
60.2147
60.2147
60.2147
60.2147
60.2147
60.2147
62.3513
62.3513
62.3513
62.3513
62.3513
62.3513
62.3513
62.3513
65.2024
65.2024
65.2024
65.2024
65.2024
65.2024
65.2024
65.2024
68.6968
68.6968
68.6968
68.6968
68.6968
68.6968
68.6968
68.6968
72.7032
72.7032
72.7032
72.7032
72.7032
72.7032
72.7032
72.7032
77.0167
77.0167
77.0167
77.0167
77.0167
77.0167
77.0167
77.0167
81.3528
81.3528
81.3528
81.3528
81.3528
81.3528
81.3528
81.3528
85.3564
85.3564
85.3564
85.3564
85.3564
85.3564
85.3564
85.3564
88.6302
88.6302
88.6302
88.6302
88.6302
88.6302
88.6302
88.6302
90.7857
90.7857
90.7857
90.7857
90.7857
90.7857
90.7857
90.7857
61.9217
61.9217
61.9217
61.9217
61.9217
61.9217
61.9217
61.9217
60.1554
60.1554
60.1554
60.1554
60.1554
60.1554
60.1554
60.1554
58.8832
58.8832
58.8832
58.8832
58.8832
58.8832
58.8832
58.8832
58.1933
58.1933
58.1933
58.1933
58.1933
58.1933
58.1933
58.1933
58.1547
58.1547
58.1547
58.1547
58.1547
58.1547
58.1547
58.1547
58.8182
58.8182
58.8182
58.8182
58.8182
58.8182
58.8182
58.8182
60.2147
60.2147
60.2147
60.2147
60.2147
60.2147
60.2147
60.2147
62.3513
62.3513
62.3513
62.3513
62.3513
62.3513
62.3513
62.3513
65.2024
65.2024
65.2024
65.2024
65.2024
65.2024
65.2024
65.2024
68.6968
68.6968
68.6968
68.6968
68.6968
68.6968
68.6968
68.6968
72.7032
72.7032
72.7032
72.7032
72.7032
72.7032
72.7032
72.7032
77.0167
77.0167
77.0167
77.0167
77.0167
77.0167
77.0167
77.0167
81.3528
81.3528
81.3528
81.3528
81.3528
81.3528
81.3528
81.3528
85.3564
85.3564
85.3564
85.3564
85.3564
85.3564
85.3564
85.3564
88.6302
88.6302
88.6302
88.6302
88.6302
88.6302
88.6302
88.6302
90.7857
90.7857
90.7857
90.7857
90.7857
90.7857
90.7857
90.7857
61.9217
61.9217
61.9217
61.9217
61.9217
61.9217
61.9217
61.9217
60.1554
60.1554
60.1554
60.1554
60.1554
60.1554
60.1554
60.1554
58.8832
58.8832
58.8832
58.8832
58.8832
58.8832
58.8832
58.8832
58.1933
58.1933
58.1933
58.1933
58.1933
58.1933
58.1933
58.1933
58.1547
58.1547
58.1547
58.1547
58.1547
58.1547
58.1547
58.1547
58.8182
58.8182
58.8182
58.8182
58.8182
58.8182
58.8182
58.8182
60.2147
60.2147
60.2147
60.2147
60.2147
60.2147
60.2147
60.2147
62.3513
62.3513
62.3513
62.3513
62.3513
62.3513
62.3513
62.3513
65.2024
65.2024
65.2024
65.2024
65.2024
65.2024
65.2024
65.2024
68.6968
68.6968
68.6968
68.6968
68.6968
68.6968
68.6968
68.6968
72.7032
72.7032
72.7032
72.7032
72.7032
72.7032
72.7032
72.7032
77.0167
77.0167
77.0167
77.0167
77.0167
77.0167
77.0167
77.0167
81.3528
81.3528
81.3528
81.3528
81.3528
81.3528
81.3528
81.3528
85.3564
85.3564
85.3564
85.3564
85.3564
85.3564
85.3564
85.3564
88.6302
88.6302
88.6302
88.6302
88.6302
88.6302
88.6302
88.6302
90.7857
90.7857
90.7857
90.7857
90.7857
90.7857
90.7857
90.7857
55.148
55.148
55.148
55.148
55.148
55.148
55.148
55.148
54.1963
54.1963
54.1963
54.1963
54.1963
54.1963
54.1963
54.1963
53.6616
53.6616
53.6616
53.6616
53.6616
53.6616
53.6616
53.6616
53.6221
53.6221
53.6221
53.6221
53.6221
53.6221
53.6221
53.6221
54.1446
54.1446
54.1446
54.1446
54.1446
54.1446
54.1446
54.1446
55.2804
55.2804
55.2804
55.2804
55.2804
55.2804
55.2804
55.2804
57.0646
57.0646
57.0646
57.0646
57.0646
57.0646
57.0646
57.0646
59.5076
59.5076
59.5076
59.5076
59.5076
59.5076
59.5076
59.5076
62.5869
62.5869
62.5869
62.5869
62.5869
62.5869
62.5869
62.5869
66.2321
66.2321
66.2321
66.2321
66.2321
66.2321
66.2321
66.2321
70.3127
70.3127
70.3127
70.3127
70.3127
70.3127
70.3127
70.3127
74.6235
74.6235
74.6235
74.6235
74.6235
74.6235
74.6235
74.6235
78.8822
78.8822
78.8822
78.8822
78.8822
78.8822
78.8822
78.8822
82.7407
82.7407
82.7407
82.7407
82.7407
82.7407
82.7407
82.7407
85.8153
85.8153
85.8153
85.8153
85.8153
85.8153
85.8153
85.8153
87.738
87.738
87.738
87.738
87.738
87.738
87.738
87.738
55.148
55.148
55.148
55.148
55.148
55.148
55.148
55.148
54.1963
54.1963
54.1963
54.1963
54.1963
54.1963
54.1963
54.1963
53.6616
53.6616
53.6616
53.6616
53.6616
53.6616
53.6616
53.6616
53.6221
53.6221
53.6221
53.6221
53.6221
53.6221
53.6221
53.6221
54.1446
54.1446
54.1446
54.1446
54.1446
54.1446
54.1446
54.1446
55.2804
55.2804
55.2804
55.2804
55.2804
55.2804
55.2804
55.2804
57.0646
57.0646
57.0646
57.0646
57.0646
57.0646
57.0646
57.0646
59.5076
59.5076
59.5076
59.5076
59.5076
59.5076
59.5076
59.5076
62.5869
62.5869
62.5869
62.5869
62.5869
62.5869
62.5869
62.5869
66.2321
66.2321
66.2321
66.2321
66.2321
66.2321
66.2321
66.2321
70.3127
70.3127
70.3127
70.3127
70.3127
70.3127
70.3127
70.3127
74.6235
74.6235
74.6235
74.6235
74.6235
74.6235
74.6235
74.6235
78.8822
78.8822
78.8822
78.8822
78.8822
78.8822
78.8822
78.8822
82.7407
82.7407
82.7407
82.7407
82.7407
82.7407
82.7407
82.7407
85.8153
85.8153
85.8153
85.8153
85.8153
85.8153
85.8153
85.8153
87.738
87.738
87.738
87.738
87.738
87.738
87.738
87.738
55.148
55.148
55.148
55.148
55.148
55.148
55.148
55.148
54.1963
54.1963
54.1963
54.1963
54.1963
54.1963
54.1963
54.1963
53.6616
53.6616
53.6616
53.6616
53.6616
53.6616
53.6616
53.6616
53.6221
53.6221
53.6221
53.6221
53.6221
53.6221
53.6221
53.6221
54.1446
54.1446
54.1446
54.1446
54.1446
54.1446
54.1446
54.1446
55.2804
55.2804
55.2804
55.2804
55.2804
55.2804
55.2804
55.2804
57.0646
57.0646
57.0646
57.0646
57.0646
57.0646
57.0646
57.0646
59.5076
59.5076
59.5076
59.5076
59.5076
59.5076
59.5076
59.5076
62.5869
62.5869
62.5869
62.5869
62.5869
62.5869
62.5869
62.5869
66.2321
66.2321
66.2321
66.2321
66.2321
66.2321
66.2321
66.2321
70.3127
70.3127
70.3127
70.3127
70.3127
70.3127
70.3127
70.3127
74.6235
74.6235
74.6235
74.6235
74.6235
74.6235
74.6235
74.6235
78.8822
78.8822
78.8822
78.8822
78.8822
78.8822
78.8822
78.8822
82.7407
82.7407
82.7407
82.7407
82.7407
82.7407
82.7407
82.7407
85.8153
85.8153
85.8153
85.8153
85.8153
85.8153
85.8153
85.8153
87.738
87.738
87.738
87.738
87.738
87.738
87.738
87.738
55.148
55.148
55.148
55.148
55.148
55.148
55.148
55.148
54.1963
54.1963
54.1963
54.1963
54.1963
54.1963
54.1963
54.1963
53.6616
53.6616
53.6616
53.6616
53.6616
53.6616
53.6616
53.6616
53.6221
53.6221
53.6221
53.6221
53.6221
53.6221
53.6221
53.6221
54.1446
54.1446
54.1446
54.1446
54.1446
54.1446
54.1446
54.1446
55.2804
55.2804
55.2804
55.2804
55.2804
55.2804
55.2804
55.2804
57.0646
57.0646
57.0646
57.0646
57.0646
57.0646
57.0646
57.0646
59.5076
59.5076
59.5076
59.5076
59.5076
59.5076
59.5076
59.5076
62.5869
62.5869
62.5869
62.5869
62.5869
62.5869
62.5869
62.5869
66.2321
66.2321
66.2321
66.2321
66.2321
66.2321
66.2321
66.2321
70.3127
70.3127
70.3127
70.3127
70.3127
70.3127
70.3127
70.3127
74.6235
74.6235
74.6235
74.6235
74.6235
74.6235
74.6235
74.6235
78.8822
78.8822
78.8822
78.8822
78.8822
78.8822
78.8822
78.8822
82.7407
82.7407
82.7407
82.7407
82.7407
82.7407
82.7407
82.7407
85.8153
85.8153
85.8153
85.8153
85.8153
85.8153
85.8153
85.8153
87.738
87.738
87.738
87.738
87.738
87.738
87.738
87.738
