8192
67.2335
67.2335
67.2335
67.2335
67.2335
67.2335
67.2335
67.2335
72.2892
72.2892
72.2892
72.2892
72.2892
72.2892
72.2892
72.2892
76.4406
76.4406
76.4406
76.4406
76.4406
76.4406
76.4406
76.4406
79.3367
79.3367
79.3367
79.3367
79.3367
79.3367
79.3367
79.3367
80.7415
80.7415
80.7415
80.7415
80.7415
80.7415
80.7415
80.7415
80.5744
80.5744
80.5744
80.5744
80.5744
80.5744
80.5744
80.5744
78.9172
78.9172
78.9172
78.9172
78.9172
78.9172
78.9172
78.9172
75.99
75.99
75.99
75.99
75.99
75.99
75.99
75.99
72.1032
72.1032
72.1032
72.1032
72.1032
72.1032
72.1032
72.1032
67.6017
67.6017
67.6017
67.6017
67.6017
67.6017
67.6017
67.6017
62.8147
62.8147
62.8147
62.8147
62.8147
62.8147
62.8147
62.8147
58.0209
58.0209
58.0209
58.0209
58.0209
58.0209
58.0209
58.0209
53.4313
53.4313
53.4313
53.4313
53.4313
53.4313
53.4313
53.4313
49.186
49.186
49.186
49.186
49.186
49.186
49.186
49.186
45.3629
45.3629
45.3629
45.3629
45.3629
45.3629
45.3629
45.3629
41.9899
41.9899
41.9899
41.9899
41.9899
41.9899
41.9899
41.9899
67.2335
67.2335
67.2335
67.2335
67.2335
67.2335
67.2335
67.2335
72.2892
72.2892
72.2892
72.2892
72.2892
72.2892
72.2892
72.2892
76.4406
76.4406
76.4406
76.4406
76.4406
76.4406
76.4406
76.4406
79.3367
79.3367
79.3367
79.3367
79.3367
79.3367
79.3367
79.3367
80.7415
80.7415
80.7415
80.7415
80.7415
80.7415
80.7415
80.7415
80.5744
80.5744
80.5744
80.5744
80.5744
80.5744
80.5744
80.5744
78.9172
78.9172
78.9172
78.9172
78.9172
78.9172
78.9172
78.9172
75.99
75.99
75.99
75.99
75.99
75.99
75.99
75.99
72.1032
72.1032
72.1032
72.1032
72.1032
72.1032
72.1032
72.1032
67.6017
67.6017
67.6017
67.6017
67.6017
67.6017
67.6017
67.6017
62.8147
62.8147
62.8147
62.8147
62.8147
62.8147
62.8147
62.8147
58.0209
58.0209
58.0209
58.0209
58.0209
58.0209
58.0209
58.0209
53.4313
53.4313
53.4313
53.4313
53.4313
53.4313
53.4313
53.4313
49.186
49.186
49.186
49.186
49.186
49.186
49.186
49.186
45.3629
45.3629
45.3629
45.3629
45.3629
45.3629
45.3629
45.3629
41.9899
41.9899
41.9899
41.9899
41.9899
41.9899
41.9899
41.9899
67.2335
67.2335
67.2335
67.2335
67.2335
67.2335
67.2335
67.2335
72.2892
72.2892
72.2892
72.2892
72.2892
72.2892
72.2892
72.2892
76.4406
76.4406
76.4406
76.4406
76.4406
76.4406
76.4406
76.4406
79.3367
79.3367
79.3367
79.3367
79.3367
79.3367
79.3367
79.3367
80.7415
80.7415
80.7415
80.7415
80.7415
80.7415
80.7415
80.7415
80.5744
80.5744
80.5744
80.5744
80.5744
80.5744
80.5744
80.5744
78.9172
78.9172
78.9172
78.9172
78.9172
78.9172
78.9172
78.9172
75.99
75.99
75.99
75.99
75.99
75.99
75.99
75.99
72.1032
72.1032
72.1032
72.1032
72.1032
72.1032
72.1032
72.1032
67.6017
67.6017
67.6017
67.6017
67.6017
67.6017
67.6017
67.6017
62.8147
62.8147
62.8147
62.8147
62.8147
62.8147
62.8147
62.8147
58.0209
58.0209
58.0209
58.0209
58.0209
58.0209
58.0209
58.0209
53.4313
53.4313
53.4313
53.4313
53.4313
53.4313
53.4313
53.4313
49.186
49.186
49.186
49.186
49.186
49.186
49.186
49.186
45.3629
45.3629
45.3629
45.3629
45.3629
45.3629
45.3629
45.3629
41.9899
41.9899
41.9899
41.9899
41.9899
41.9899
41.9899
41.9899
67.2335
67.2335
67.2335
67.2335
67.2335
67.2335
67.2335
67.2335
72.2892
72.2892
72.2892
72.2892
72.2892
72.2892
72.2892
72.2892
76.4406
76.4406
76.4406
76.4406
76.4406
76.4406
76.4406
76.4406
79.3367
79.3367
79.3367
79.3367
79.3367
79.3367
79.3367
79.3367
80.7415
80.7415
80.7415
80.7415
80.7415
80.7415
80.7415
80.7415
80.5744
80.5744
80.5744
80.5744
80.5744
80.5744
80.5744
80.5744
78.9172
78.9172
78.9172
78.9172
78.9172
78.9172
78.9172
78.9172
75.99
75.99
75.99
75.99
75.99
75.99
75.99
75.99
72.1032
72.1032
72.1032
72.1032
72.1032
72.1032
72.1032
72.1032
67.6017
67.6017
67.6017
67.6017
67.6017
67.6017
67.6017
67.6017
62.8147
62.8147
62.8147
62.8147
62.8147
62.8147
62.8147
62.8147
58.0209
58.0209
58.0209
58.0209
58.0209
58.0209
58.0209
58.0209
53.4313
53.4313
53.4313
53.4313
53.4313
53.4313
53.4313
53.4313
49.186
49.186
49.186
49.186
49.186
49.186
49.186
49.186
45.3629
45.3629
45.3629
45.3629
45.3629
45.3629
45.3629
45.3629
41.9899
41.9899
41.9899
41.9899
41.9899
41.9899
41.9899
41.9899
68.3641
68.3641
68.3641
68.3641
68.3641
68.3641
68.3641
68.3641
73.35
73.35
73.35
73.35
73.35
73.35
73.35
73.35
77.3948
77.3948
77.3948
77.3948
77.3948
77.3948
77.3948
77.3948
80.1438
80.1438
80.1438
80.1438
80.1438
80.1438
80.1438
80.1438
81.3658
81.3658
81.3658
81.3658
81.3658
81.3658
81.3658
81.3658
80.9902
80.9902
80.9902
80.9902
80.9902
80.9902
80.9902
80.9902
79.1153
79.1153
79.1153
79.1153
79.1153
79.1153
79.1153
79.1153
75.9789
75.9789
75.9789
75.9789
75.9789
75.9789
75.9789
75.9789
71.9082
71.9082
71.9082
71.9082
71.9082
71.9082
71.9082
71.9082
67.261
67.261
67.261
67.261
67.261
67.261
67.261
67.261
62.3744
62.3744
62.3744
62.3744
62.3744
62.3744
62.3744
62.3744
57.5292
57.5292
57.5292
57.5292
57.5292
57.5292
57.5292
57.5292
52.9339
52.9339
52.9339
52.9339
52.9339
52.9339
52.9339
52.9339
48.7238
48.7238
48.7238
48.7238
48.7238
48.7238
48.7238
48.7238
44.9699
44.9699
44.9699
44.9699
44.9699
44.9699
44.9699
44.9699
41.6933
41.6933
41.6933
41.6933
41.6933
41.6933
41.6933
41.6933
68.3641
68.3641
68.3641
68.3641
68.3641
68.3641
68.3641
68.3641
73.35
73.35
73.35
73.35
73.35
73.35
73.35
73.35
77.3948
77.3948
77.3948
77.3948
77.3948
77.3948
77.3948
77.3948
80.1438
80.1438
80.1438
80.1438
80.1438
80.1438
80.1438
80.1438
81.3658
81.3658
81.3658
81.3658
81.3658
81.3658
81.3658
81.3658
80.9902
80.9902
80.9902
80.9902
80.9902
80.9902
80.9902
80.9902
79.1153
79.1153
79.1153
79.1153
79.1153
79.1153
79.1153
79.1153
75.9789
75.9789
75.9789
75.9789
75.9789
75.9789
75.9789
75.9789
71.9082
71.9082
71.9082
71.9082
71.9082
71.9082
71.9082
71.9082
67.261
67.261
67.261
67.261
67.261
67.261
67.261
67.261
62.3744
62.3744
62.3744
62.3744
62.3744
62.3744
62.3744
62.3744
57.5292
57.5292
57.5292
57.5292
57.5292
57.5292
57.5292
57.5292
52.9339
52.9339
52.9339
52.9339
52.9339
52.9339
52.9339
52.9339
48.7238
48.7238
48.7238
48.7238
48.7238
48.7238
48.7238
48.7238
44.9699
44.9699
44.9699
44.9699
44.9699
44.9699
44.9699
44.9699
41.6933
41.6933
41.6933
41.6933
41.6933
41.6933
41.6933
41.6933
68.3641
68.3641
68.3641
68.3641
68.3641
68.3641
68.3641
68.3641
73.35
73.35
73.35
73.35
73.35
73.35
73.35
73.35
77.3948
77.3948
77.3948
77.3948
77.3948
77.3948
77.3948
77.3948
80.1438
80.1438
80.1438
80.1438
80.1438
80.1438
80.1438
80.1438
81.3658
81.3658
81.3658
81.3658
81.3658
81.3658
81.3658
81.3658
80.9902
80.9902
80.9902
80.9902
80.9902
80.9902
80.9902
80.9902
79.1153
79.1153
79.1153
79.1153
79.1153
79.1153
79.1153
79.1153
75.9789
75.9789
75.9789
75.9789
75.9789
75.9789
75.9789
75.9789
71.9082
71.9082
71.9082
71.9082
71.9082
71.9082
71.9082
71.9082
67.261
67.261
67.261
67.261
67.261
67.261
67.261
67.261
62.3744
62.3744
62.3744
62.3744
62.3744
62.3744
62.3744
62.3744
57.5292
57.5292
57.5292
57.5292
57.5292
57.5292
57.5292
57.5292
52.9339
52.9339
52.9339
52.9339
52.9339
52.9339
52.9339
52.9339
48.7238
48.7238
48.7238
48.7238
48.7238
48.7238
48.7238
48.7238
44.9699
44.9699
44.9699
44.9699
44.9699
44.9699
44.9699
44.9699
41.6933
41.6933
41.6933
41.6933
41.6933
41.6933
41.6933
41.6933
68.3641
68.3641
68.3641
68.3641
68.3641
68.3641
68.3641
68.3641
73.35
73.35
73.35
73.35
73.35
73.35
73.35
73.35
77.3948
77.3948
77.3948
77.3948
77.3948
77.3948
77.3948
77.3948
80.1438
80.1438
80.1438
80.1438
80.1438
80.1438
80.1438
80.1438
81.3658
81.3658
81.3658
81.3658
81.3658
81.3658
81.3658
81.3658
80.9902
80.9902
80.9902
80.9902
80.9902
80.9902
80.9902
80.9902
79.1153
79.1153
79.1153
79.1153
79.1153
79.1153
79.1153
79.1153
75.9789
75.9789
75.9789
75.9789
75.9789
75.9789
75.9789
75.9789
71.9082
71.9082
71.9082
71.9082
71.9082
71.9082
71.9082
71.9082
67.261
67.261
67.261
67.261
67.261
67.261
67.261
67.261
62.3744
62.3744
62.3744
62.3744
62.3744
62.3744
62.3744
62.3744
57.5292
57.5292
57.5292
57.5292
57.5292
57.5292
57.5292
57.5292
52.9339
52.9339
52.9339
52.9339
52.9339
52.9339
52.9339
52.9339
48.7238
48.7238
48.7238
48.7238
48.7238
48.7238
48.7238
48.7238
44.9699
44.9699
44.9699
44.9699
44.9699
44.9699
44.9699
44.9699
41.6933
41.6933
41.6933
41.6933
41.6933
41.6933
41.6933
41.6933
69.8928
69.8928
69.8928
69.8928
69.8928
69.8928
69.8928
69.8928
74.7253
74.7253
74.7253
74.7253
74.7253
74.7253
74.7253
74.7253
78.5681
78.5681
78.5681
78.5681
78.5681
78.5681
78.5681
78.5681
81.0741
81.0741
81.0741
81.0741
81.0741
81.0741
81.0741
81.0741
82.0258
82.0258
82.0258
82.0258
82.0258
82.0258
82.0258
82.0258
81.3731
81.3731
81.3731
81.3731
81.3731
81.3731
81.3731
81.3731
79.2365
79.2365
79.2365
79.2365
79.2365
79.2365
79.2365
79.2365
75.8744
75.8744
75.8744
75.8744
75.8744
75.8744
75.8744
75.8744
71.6295
71.6295
71.6295
71.6295
71.6295
71.6295
71.6295
71.6295
66.8685
66.8685
66.8685
66.8685
66.8685
66.8685
66.8685
66.8685
61.9299
61.9299
61.9299
61.9299
61.9299
61.9299
61.9299
61.9299
57.0911
57.0911
57.0911
57.0911
57.0911
57.0911
57.0911
57.0911
52.5529
52.5529
52.5529
52.5529
52.5529
52.5529
52.5529
52.5529
48.4416
48.4416
48.4416
48.4416
48.4416
48.4416
48.4416
48.4416
44.8195
44.8195
44.8195
44.8195
44.8195
44.8195
44.8195
44.8195
41.6991
41.6991
41.6991
41.6991
41.6991
41.6991
41.6991
41.6991
69.8928
69.8928
69.8928
69.8928
69.8928
69.8928
69.8928
69.8928
74.7253
74.7253
74.7253
74.7253
74.7253
74.7253
74.7253
74.7253
78.5681
78.5681
78.5681
78.5681
78.5681
78.5681
78.5681
78.5681
81.0741
81.0741
81.0741
81.0741
81.0741
81.0741
81.0741
81.0741
82.0258
82.0258
82.0258
82.0258
82.0258
82.0258
82.0258
82.0258
81.3731
81.3731
81.3731
81.3731
81.3731
81.3731
81.3731
81.3731
79.2365
79.2365
79.2365
79.2365
79.2365
79.2365
79.2365
79.2365
75.8744
75.8744
75.8744
75.8744
75.8744
75.8744
75.8744
75.8744
71.6295
71.6295
71.6295
71.6295
71.6295
71.6295
71.6295
71.6295
66.8685
66.8685
66.8685
66.8685
66.8685
66.8685
66.8685
66.8685
61.9299
61.9299
61.9299
61.9299
61.9299
61.9299
61.9299
61.9299
57.0911
57.0911
57.0911
57.0911
57.0911
57.0911
57.0911
57.0911
52.5529
52.5529
52.5529
52.5529
52.5529
52.5529
52.5529
52.5529
48.4416
48.4416
48.4416
48.4416
48.4416
48.4416
48.4416
48.4416
44.8195
44.8195
44.8195
44.8195
44.8195
44.8195
44.8195
44.8195
41.6991
41.6991
41.6991
41.6991
41.6991
41.6991
41.6991
41.6991
69.8928
69.8928
69.8928
69.8928
69.8928
69.8928
69.8928
69.8928
74.7253
74.7253
74.7253
74.7253
74.7253
74.7253
74.7253
74.7253
78.5681
78.5681
78.5681
78.5681
78.5681
78.5681
78.5681
78.5681
81.0741
81.0741
81.0741
81.0741
81.0741
81.0741
81.0741
81.0741
82.0258
82.0258
82.0258
82.0258
82.0258
82.0258
82.0258
82.0258
81.3731
81.3731
81.3731
81.3731
81.3731
81.3731
81.3731
81.3731
79.2365
79.2365
79.2365
79.2365
79.2365
79.2365
79.2365
79.2365
75.8744
75.8744
75.8744
75.8744
75.8744
75.8744
75.8744
75.8744
71.6295
71.6295
71.6295
71.6295
71.6295
71.6295
71.6295
71.6295
66.8685
66.8685
66.8685
66.8685
66.8685
66.8685
66.8685
66.8685
61.9299
61.9299
61.9299
61.9299
61.9299
61.9299
61.9299
61.9299
57.0911
57.0911
57.0911
57.0911
57.0911
57.0911
57.0911
57.0911
52.5529
52.5529
52.5529
52.5529
52.5529
52.5529
52.5529
52.5529
48.4416
48.4416
48.4416
48.4416
48.4416
48.4416
48.4416
48.4416
44.8195
44.8195
44.8195
44.8195
44.8195
44.8195
44.8195
44.8195
41.6991
41.6991
41.6991
41.6991
41.6991
41.6991
41.6991
41.6991
69.8928
69.8928
69.8928
69.8928
69.8928
69.8928
69.8928
69.8928
74.7253
74.7253
74.7253
74.7253
74.7253
74.7253
74.7253
74.7253
78.5681
78.5681
78.5681
78.5681
78.5681
78.5681
78.5681
78.5681
81.0741
81.0741
81.0741
81.0741
81.0741
81.0741
81.0741
81.0741
82.0258
82.0258
82.0258
82.0258
82.0258
82.0258
82.0258
82.0258
81.3731
81.3731
81.3731
81.3731
81.3731
81.3731
81.3731
81.3731
79.2365
79.2365
79.2365
79.2365
79.2365
79.2365
79.2365
79.2365
75.8744
75.8744
75.8744
75.8744
75.8744
75.8744
75.8744
75.8744
71.6295
71.6295
71.6295
71.6295
71.6295
71.6295
71.6295
71.6295
66.8685
66.8685
66.8685
66.8685
66.8685
66.8685
66.8685
66.8685
61.9299
61.9299
61.9299
61.9299
61.9299
61.9299
61.9299
61.9299
57.0911
57.0911
57.0911
57.0911
57.0911
57.0911
57.0911
57.0911
52.5529
52.5529
52.5529
52.5529
52.5529
52.5529
52.5529
52.5529
48.4416
48.4416
48.4416
48.4416
48.4416
48.4416
48.4416
48.4416
44.8195
44.8195
44.8195
44.8195
44.8195
44.8195
44.8195
44.8195
41.6991
41.6991
41.6991
41.6991
41.6991
41.6991
41.6991
41.6991
71.8606
71.8606
71.8606
71.8606
71.8606
71.8606
71.8606
71.8606
76.4607
76.4607
76.4607
76.4607
76.4607
76.4607
76.4607
76.4607
80.0126
80.0126
80.0126
80.0126
80.0126
80.0126
80.0126
80.0126
82.1844
82.1844
82.1844
82.1844
82.1844
82.1844
82.1844
82.1844
82.7823
82.7823
82.7823
82.7823
82.7823
82.7823
82.7823
82.7823
81.7863
81.7863
81.7863
81.7863
81.7863
81.7863
81.7863
81.7863
79.3439
79.3439
79.3439
79.3439
79.3439
79.3439
79.3439
79.3439
75.7369
75.7369
75.7369
75.7369
75.7369
75.7369
75.7369
75.7369
71.3221
71.3221
71.3221
71.3221
71.3221
71.3221
71.3221
71.3221
66.4709
66.4709
66.4709
66.4709
66.4709
66.4709
66.4709
66.4709
61.5185
61.5185
61.5185
61.5185
61.5185
61.5185
61.5185
61.5185
56.7328
56.7328
56.7328
56.7328
56.7328
56.7328
56.7328
56.7328
52.3038
52.3038
52.3038
52.3038
52.3038
52.3038
52.3038
52.3038
48.3455
48.3455
48.3455
48.3455
48.3455
48.3455
48.3455
48.3455
44.9096
44.9096
44.9096
44.9096
44.9096
44.9096
44.9096
44.9096
42.0001
42.0001
42.0001
42.0001
42.0001
42.0001
42.0001
42.0001
71.8606
71.8606
71.8606
71.8606
71.8606
71.8606
71.8606
71.8606
76.4607
76.4607
76.4607
76.4607
76.4607
76.4607
76.4607
76.4607
80.0126
80.0126
80.0126
80.0126
80.0126
80.0126
80.0126
80.0126
82.1844
82.1844
82.1844
82.1844
82.1844
82.1844
82.1844
82.1844
82.7823
82.7823
82.7823
82.7823
82.7823
82.7823
82.7823
82.7823
81.7863
81.7863
81.7863
81.7863
81.7863
81.7863
81.7863
81.7863
79.3439
79.3439
79.3439
79.3439
79.3439
79.3439
79.3439
79.3439
75.7369
75.7369
75.7369
75.7369
75.7369
75.7369
75.7369
75.7369
71.3221
71.3221
71.3221
71.3221
71.3221
71.3221
71.3221
71.3221
66.4709
66.4709
66.4709
66.4709
66.4709
66.4709
66.4709
66.4709
61.5185
61.5185
61.5185
61.5185
61.5185
61.5185
61.5185
61.5185
56.7328
56.7328
56.7328
56.7328
56.7328
56.7328
56.7328
56.7328
52.3038
52.3038
52.3038
52.3038
52.3038
52.3038
52.3038
52.3038
48.3455
48.3455
48.3455
48.3455
48.3455
48.3455
48.3455
48.3455
44.9096
44.9096
44.9096
44.9096
44.9096
44.9096
44.9096
44.9096
42.0001
42.0001
42.0001
42.0001
42.0001
42.0001
42.0001
42.0001
71.8606
71.8606
71.8606
71.8606
71.8606
71.8606
71.8606
71.8606
76.4607
76.4607
76.4607
76.4607
76.4607
76.4607
76.4607
76.4607
80.0126
80.0126
80.0126
80.0126
80.0126
80.0126
80.0126
80.0126
82.1844
82.1844
82.1844
82.1844
82.1844
82.1844
82.1844
82.1844
82.7823
82.7823
82.7823
82.7823
82.7823
82.7823
82.7823
82.7823
81.7863
81.7863
81.7863
81.7863
81.7863
81.7863
81.7863
81.7863
79.3439
79.3439
79.3439
79.3439
79.3439
79.3439
79.3439
79.3439
75.7369
75.7369
75.7369
75.7369
75.7369
75.7369
75.7369
75.7369
71.3221
71.3221
71.3221
71.3221
71.3221
71.3221
71.3221
71.3221
66.4709
66.4709
66.4709
66.4709
66.4709
66.4709
66.4709
66.4709
61.5185
61.5185
61.5185
61.5185
61.5185
61.5185
61.5185
61.5185
56.7328
56.7328
56.7328
56.7328
56.7328
56.7328
56.7328
56.7328
52.3038
52.3038
52.3038
52.3038
52.3038
52.3038
52.3038
52.3038
48.3455
48.3455
48.3455
48.3455
48.3455
48.3455
48.3455
48.3455
44.9096
44.9096
44.9096
44.9096
44.9096
44.9096
44.9096
44.9096
42.0001
42.0001
42.0001
42.0001
42.0001
42.0001
42.0001
42.0001
71.8606
71.8606
71.8606
71.8606
71.8606
71.8606
71.8606
71.8606
76.4607
76.4607
76.4607
76.4607
76.4607
76.4607
76.4607
76.4607
80.0126
80.0126
80.0126
80.0126
80.0126
80.0126
80.0126
80.0126
82.1844
82.1844
82.1844
82.1844
82.1844
82.1844
82.1844
82.1844
82.7823
82.7823
82.7823
82.7823
82.7823
82.7823
82.7823
82.7823
81.7863
81.7863
81.7863
81.7863
81.7863
81.7863
81.7863
81.7863
79.3439
79.3439
79.3439
79.3439
79.3439
79.3439
79.3439
79.3439
75.7369
75.7369
75.7369
75.7369
75.7369
75.7369
75.7369
75.7369
71.3221
71.3221
71.3221
71.3221
71.3221
71.3221
71.3221
71.3221
66.4709
66.4709
66.4709
66.4709
66.4709
66.4709
66.4709
66.4709
61.5185
61.5185
61.5185
61.5185
61.5185
61.5185
61.5185
61.5185
56.7328
56.7328
56.7328
56.7328
56.7328
56.7328
56.7328
56.7328
52.3038
52.3038
52.3038
52.3038
52.3038
52.3038
52.3038
52.3038
48.3455
48.3455
48.3455
48.3455
48.3455
48.3455
48.3455
48.3455
44.9096
44.9096
44.9096
44.9096
44.9096
44.9096
44.9096
44.9096
42.0001
42.0001
42.0001
42.0001
42.0001
42.0001
42.0001
42.0001
74.2727
74.2727
74.2727
74.2727
74.2727
74.2727
74.2727
74.2727
78.5647
78.5647
78.5647
78.5647
78.5647
78.5647
78.5647
78.5647
81.7396
81.7396
81.7396
81.7396
81.7396
81.7396
81.7396
81.7396
83.4898
83.4898
83.4898
83.4898
83.4898
83.4898
83.4898
83.4898
83.6555
83.6555
83.6555
83.6555
83.6555
83.6555
83.6555
83.6555
82.2519
82.2519
82.2519
82.2519
82.2519
82.2519
82.2519
82.2519
79.4606
79.4606
79.4606
79.4606
79.4606
79.4606
79.4606
79.4606
75.5875
75.5875
75.5875
75.5875
75.5875
75.5875
75.5875
75.5875
71.0021
71.0021
71.0021
71.0021
71.0021
71.0021
71.0021
71.0021
66.0768
66.0768
66.0768
66.0768
66.0768
66.0768
66.0768
66.0768
61.1388
61.1388
61.1388
61.1388
61.1388
61.1388
61.1388
61.1388
56.4435
56.4435
56.4435
56.4435
56.4435
56.4435
56.4435
56.4435
52.1652
52.1652
52.1652
52.1652
52.1652
52.1652
52.1652
52.1652
48.4054
48.4054
48.4054
48.4054
48.4054
48.4054
48.4054
48.4054
45.2038
45.2038
45.2038
45.2038
45.2038
45.2038
45.2038
45.2038
42.5558
42.5558
42.5558
42.5558
42.5558
42.5558
42.5558
42.5558
74.2727
74.2727
74.2727
74.2727
74.2727
74.2727
74.2727
74.2727
78.5647
78.5647
78.5647
78.5647
78.5647
78.5647
78.5647
78.5647
81.7396
81.7396
81.7396
81.7396
81.7396
81.7396
81.7396
81.7396
83.4898
83.4898
83.4898
83.4898
83.4898
83.4898
83.4898
83.4898
83.6555
83.6555
83.6555
83.6555
83.6555
83.6555
83.6555
83.6555
82.2519
82.2519
82.2519
82.2519
82.2519
82.2519
82.2519
82.2519
79.4606
79.4606
79.4606
79.4606
79.4606
79.4606
79.4606
79.4606
75.5875
75.5875
75.5875
75.5875
75.5875
75.5875
75.5875
75.5875
71.0021
71.0021
71.0021
71.0021
71.0021
71.0021
71.0021
71.0021
66.0768
66.0768
66.0768
66.0768
66.0768
66.0768
66.0768
66.0768
61.1388
61.1388
61.1388
61.1388
61.1388
61.1388
61.1388
61.1388
56.4435
56.4435
56.4435
56.4435
56.4435
56.4435
56.4435
56.4435
52.1652
52.1652
52.1652
52.1652
52.1652
52.1652
52.1652
52.1652
48.4054
48.4054
48.4054
48.4054
48.4054
48.4054
48.4054
48.4054
45.2038
45.2038
45.2038
45.2038
45.2038
45.2038
45.2038
45.2038
42.5558
42.5558
42.5558
42.5558
42.5558
42.5558
42.5558
42.5558
74.2727
74.2727
74.2727
74.2727
74.2727
74.2727
74.2727
74.2727
78.5647
78.5647
78.5647
78.5647
78.5647
78.5647
78.5647
78.5647
81.7396
81.7396
81.7396
81.7396
81.7396
81.7396
81.7396
81.7396
83.4898
83.4898
83.4898
83.4898
83.4898
83.4898
83.4898
83.4898
83.6555
83.6555
83.6555
83.6555
83.6555
83.6555
83.6555
83.6555
82.2519
82.2519
82.2519
82.2519
82.2519
82.2519
82.2519
82.2519
79.4606
79.4606
79.4606
79.4606
79.4606
79.4606
79.4606
79.4606
75.5875
75.5875
75.5875
75.5875
75.5875
75.5875
75.5875
75.5875
71.0021
71.0021
71.0021
71.0021
71.0021
71.0021
71.0021
71.0021
66.0768
66.0768
66.0768
66.0768
66.0768
66.0768
66.0768
66.0768
61.1388
61.1388
61.1388
61.1388
61.1388
61.1388
61.1388
61.1388
56.4435
56.4435
56.4435
56.4435
56.4435
56.4435
56.4435
56.4435
52.1652
52.1652
52.1652
52.1652
52.1652
52.1652
52.1652
52.1652
48.4054
48.4054
48.4054
48.4054
48.4054
48.4054
48.4054
48.4054
45.2038
45.2038
45.2038
45.2038
45.2038
45.2038
45.2038
45.2038
42.5558
42.5558
42.5558
42.5558
42.5558
42.5558
42.5558
42.5558
74.2727
74.2727
74.2727
74.2727
74.2727
74.2727
74.2727
74.2727
78.5647
78.5647
78.5647
78.5647
78.5647
78.5647
78.5647
78.5647
81.7396
81.7396
81.7396
81.7396
81.7396
81.7396
81.7396
81.7396
83.4898
83.4898
83.4898
83.4898
83.4898
83.4898
83.4898
83.4898
83.6555
83.6555
83.6555
83.6555
83.6555
83.6555
83.6555
83.6555
82.2519
82.2519
82.2519
82.2519
82.2519
82.2519
82.2519
82.2519
79.4606
79.4606
79.4606
79.4606
79.4606
79.4606
79.4606
79.4606
75.5875
75.5875
75.5875
75.5875
75.5875
75.5875
75.5875
75.5875
71.0021
71.0021
71.0021
71.0021
71.0021
71.0021
71.0021
71.0021
66.0768
66.0768
66.0768
66.0768
66.0768
66.0768
66.0768
66.0768
61.1388
61.1388
61.1388
61.1388
61.1388
61.1388
61.1388
61.1388
56.4435
56.4435
56.4435
56.4435
56.4435
56.4435
56.4435
56.4435
52.1652
52.1652
52.1652
52.1652
52.1652
52.1652
52.1652
52.1652
48.4054
48.4054
48.4054
48.4054
48.4054
48.4054
48.4054
48.4054
45.2038
45.2038
45.2038
45.2038
45.2038
45.2038
45.2038
45.2038
42.5558
42.5558
42.5558
42.5558
42.5558
42.5558
42.5558
42.5558
77.0896
77.0896
77.0896
77.0896
77.0896
77.0896
77.0896
77.0896
80.9989
80.9989
80.9989
80.9989
80.9989
80.9989
80.9989
80.9989
83.7148
83.7148
83.7148
83.7148
83.7148
83.7148
83.7148
83.7148
84.9613
84.9613
84.9613
84.9613
84.9613
84.9613
84.9613
84.9613
84.6193
84.6193
84.6193
84.6193
84.6193
84.6193
84.6193
84.6193
82.7489
82.7489
82.7489
82.7489
82.7489
82.7489
82.7489
82.7489
79.5676
79.5676
79.5676
79.5676
79.5676
79.5676
79.5676
79.5676
75.4074
75.4074
75.4074
75.4074
75.4074
75.4074
75.4074
75.4074
70.6473
70.6473
70.6473
70.6473
70.6473
70.6473
70.6473
70.6473
65.6582
65.6582
65.6582
65.6582
65.6582
65.6582
65.6582
65.6582
60.7554
60.7554
60.7554
60.7554
60.7554
60.7554
60.7554
60.7554
56.1778
56.1778
56.1778
56.1778
56.1778
56.1778
56.1778
56.1778
52.0839
52.0839
52.0839
52.0839
52.0839
52.0839
52.0839
52.0839
48.5595
48.5595
48.5595
48.5595
48.5595
48.5595
48.5595
48.5595
45.6336
45.6336
45.6336
45.6336
45.6336
45.6336
45.6336
45.6336
43.2934
43.2934
43.2934
43.2934
43.2934
43.2934
43.2934
43.2934
77.0896
77.0896
77.0896
77.0896
77.0896
77.0896
77.0896
77.0896
80.9989
80.9989
80.9989
80.9989
80.9989
80.9989
80.9989
80.9989
83.7148
83.7148
83.7148
83.7148
83.7148
83.7148
83.7148
83.7148
84.9613
84.9613
84.9613
84.9613
84.9613
84.9613
84.9613
84.9613
84.6193
84.6193
84.6193
84.6193
84.6193
84.6193
84.6193
84.6193
82.7489
82.7489
82.7489
82.7489
82.7489
82.7489
82.7489
82.7489
79.5676
79.5676
79.5676
79.5676
79.5676
79.5676
79.5676
79.5676
75.4074
75.4074
75.4074
75.4074
75.4074
75.4074
75.4074
75.4074
70.6473
70.6473
70.6473
70.6473
70.6473
70.6473
70.6473
70.6473
65.6582
65.6582
65.6582
65.6582
65.6582
65.6582
65.6582
65.6582
60.7554
60.7554
60.7554
60.7554
60.7554
60.7554
60.7554
60.7554
56.1778
56.1778
56.1778
56.1778
56.1778
56.1778
56.1778
56.1778
52.0839
52.0839
52.0839
52.0839
52.0839
52.0839
52.0839
52.0839
48.5595
48.5595
48.5595
48.5595
48.5595
48.5595
48.5595
48.5595
45.6336
45.6336
45.6336
45.6336
45.6336
45.6336
45.6336
45.6336
43.2934
43.2934
43.2934
43.2934
43.2934
43.2934
43.2934
43.2934
77.0896
77.0896
77.0896
77.0896
77.0896
77.0896
77.0896
77.0896
80.9989
80.9989
80.9989
80.9989
80.9989
80.9989
80.9989
80.9989
83.7148
83.7148
83.7148
83.7148
83.7148
83.7148
83.7148
83.7148
84.9613
84.9613
84.9613
84.9613
84.9613
84.9613
84.9613
84.9613
84.6193
84.6193
84.6193
84.6193
84.6193
84.6193
84.6193
84.6193
82.7489
82.7489
82.7489
82.7489
82.7489
82.7489
82.7489
82.7489
79.5676
79.5676
79.5676
79.5676
79.5676
79.5676
79.5676
79.5676
75.4074
75.4074
75.4074
75.4074
75.4074
75.4074
75.4074
75.4074
70.6473
70.6473
70.6473
70.6473
70.6473
70.6473
70.6473
70.6473
65.6582
65.6582
65.6582
65.6582
65.6582
65.6582
65.6582
65.6582
60.7554
60.7554
60.7554
60.7554
60.7554
60.7554
60.7554
60.7554
56.1778
56.1778
56.1778
56.1778
56.1778
56.1778
56.1778
56.1778
52.0839
52.0839
52.0839
52.0839
52.0839
52.0839
52.0839
52.0839
48.5595
48.5595
48.5595
48.5595
48.5595
48.5595
48.5595
48.5595
45.6336
45.6336
45.6336
45.6336
45.6336
45.6336
45.6336
45.6336
43.2934
43.2934
43.2934
43.2934
43.2934
43.2934
43.2934
43.2934
77.0896
77.0896
77.0896
77.0896
77.0896
77.0896
77.0896
77.0896
80.9989
80.9989
80.9989
80.9989
80.9989
80.9989
80.9989
80.9989
83.7148
83.7148
83.7148
83.7148
83.7148
83.7148
83.7148
83.7148
84.9613
84.9613
84.9613
84.9613
84.9613
84.9613
84.9613
84.9613
84.6193
84.6193
84.6193
84.6193
84.6193
84.6193
84.6193
84.6193
82.7489
82.7489
82.7489
82.7489
82.7489
82.7489
82.7489
82.7489
79.5676
79.5676
79.5676
79.5676
79.5676
79.5676
79.5676
79.5676
75.4074
75.4074
75.4074
75.4074
75.4074
75.4074
75.4074
75.4074
70.6473
70.6473
70.6473
70.6473
70.6473
70.6473
70.6473
70.6473
65.6582
65.6582
65.6582
65.6582
65.6582
65.6582
65.6582
65.6582
60.7554
60.7554
60.7554
60.7554
60.7554
60.7554
60.7554
60.7554
56.1778
56.1778
56.1778
56.1778
56.1778
56.1778
56.1778
56.1778
52.0839
52.0839
52.0839
52.0839
52.0839
52.0839
52.0839
52.0839
48.5595
48.5595
48.5595
48.5595
48.5595
48.5595
48.5595
48.5595
45.6336
45.6336
45.6336
45.6336
45.6336
45.6336
45.6336
45.6336
43.2934
43.2934
43.2934
43.2934
43.2934
43.2934
43.2934
43.2934
80.2214
80.2214
80.2214
80.2214
80.2214
80.2214
80.2214
80.2214
83.6756
83.6756
83.6756
83.6756
83.6756
83.6756
83.6756
83.6756
85.854
85.854
85.854
85.854
85.854
85.854
85.854
85.854
86.5204
86.5204
86.5204
86.5204
86.5204
86.5204
86.5204
86.5204
85.6048
85.6048
85.6048
85.6048
85.6048
85.6048
85.6048
85.6048
83.2149
83.2149
83.2149
83.2149
83.2149
83.2149
83.2149
83.2149
79.6091
79.6091
79.6091
79.6091
79.6091
79.6091
79.6091
79.6091
75.1429
75.1429
75.1429
75.1429
75.1429
75.1429
75.1429
75.1429
70.2042
70.2042
70.2042
70.2042
70.2042
70.2042
70.2042
70.2042
65.1578
65.1578
65.1578
65.1578
65.1578
65.1578
65.1578
65.1578
60.3048
60.3048
60.3048
60.3048
60.3048
60.3048
60.3048
60.3048
55.8654
55.8654
55.8654
55.8654
55.8654
55.8654
55.8654
55.8654
51.9801
51.9801
51.9801
51.9801
51.9801
51.9801
51.9801
51.9801
48.7199
48.7199
48.7199
48.7199
48.7199
48.7199
48.7199
48.7199
46.1031
46.1031
46.1031
46.1031
46.1031
46.1031
46.1031
46.1031
44.1107
44.1107
44.1107
44.1107
44.1107
44.1107
44.1107
44.1107
80.2214
80.2214
80.2214
80.2214
80.2214
80.2214
80.2214
80.2214
83.6756
83.6756
83.6756
83.6756
83.6756
83.6756
83.6756
83.6756
85.854
85.854
85.854
85.854
85.854
85.854
85.854
85.854
86.5204
86.5204
86.5204
86.5204
86.5204
86.5204
86.5204
86.5204
85.6048
85.6048
85.6048
85.6048
85.6048
85.6048
85.6048
85.6048
83.2149
83.2149
83.2149
83.2149
83.2149
83.2149
83.2149
83.2149
79.6091
79.6091
79.6091
79.6091
79.6091
79.6091
79.6091
79.6091
75.1429
75.1429
75.1429
75.1429
75.1429
75.1429
75.1429
75.1429
70.2042
70.2042
70.2042
70.2042
70.2042
70.2042
70.2042
70.2042
65.1578
65.1578
65.1578
65.1578
65.1578
65.1578
65.1578
65.1578
60.3048
60.3048
60.3048
60.3048
60.3048
60.3048
60.3048
60.3048
55.8654
55.8654
55.8654
55.8654
55.8654
55.8654
55.8654
55.8654
51.9801
51.9801
51.9801
51.9801
51.9801
51.9801
51.9801
51.9801
48.7199
48.7199
48.7199
48.7199
48.7199
48.7199
48.7199
48.7199
46.1031
46.1031
46.1031
46.1031
46.1031
46.1031
46.1031
46.1031
44.1107
44.1107
44.1107
44.1107
44.1107
44.1107
44.1107
44.1107
80.2214
80.2214
80.2214
80.2214
80.2214
80.2214
80.2214
80.2214
83.6756
83.6756
83.6756
83.6756
83.6756
83.6756
83.6756
83.6756
85.854
85.854
85.854
85.854
85.854
85.854
85.854
85.854
86.5204
86.5204
86.5204
86.5204
86.5204
86.5204
86.5204
86.5204
85.6048
85.6048
85.6048
85.6048
85.6048
85.6048
85.6048
85.6048
83.2149
83.2149
83.2149
83.2149
83.2149
83.2149
83.2149
83.2149
79.6091
79.6091
79.6091
79.6091
79.6091
79.6091
79.6091
79.6091
75.1429
75.1429
75.1429
75.1429
75.1429
75.1429
75.1429
75.1429
70.2042
70.2042
70.2042
70.2042
70.2042
70.2042
70.2042
70.2042
65.1578
65.1578
65.1578
65.1578
65.1578
65.1578
65.1578
65.1578
60.3048
60.3048
60.3048
60.3048
60.3048
60.3048
60.3048
60.3048
55.8654
55.8654
55.8654
55.8654
55.8654
55.8654
55.8654
55.8654
51.9801
51.9801
51.9801
51.9801
51.9801
51.9801
51.9801
51.9801
48.7199
48.7199
48.7199
48.7199
48.7199
48.7199
48.7199
48.7199
46.1031
46.1031
46.1031
46.1031
46.1031
46.1031
46.1031
46.1031
44.1107
44.1107
44.1107
44.1107
44.1107
44.1107
44.1107
44.1107
80.2214
80.2214
80.2214
80.2214
80.2214
80.2214
80.2214
80.2214
83.6756
83.6756
83.6756
83.6756
83.6756
83.6756
83.6756
83.6756
85.854
85.854
85.854
85.854
85.854
85.854
85.854
85.854
86.5204
86.5204
86.5204
86.5204
86.5204
86.5204
86.5204
86.5204
85.6048
85.6048
85.6048
85.6048
85.6048
85.6048
85.6048
85.6048
83.2149
83.2149
83.2149
83.2149
83.2149
83.2149
83.2149
83.2149
79.6091
79.6091
79.6091
79.6091
79.6091
79.6091
79.6091
79.6091
75.1429
75.1429
75.1429
75.1429
75.1429
75.1429
75.1429
75.1429
70.2042
70.2042
70.2042
70.2042
70.2042
70.2042
70.2042
70.2042
65.1578
65.1578
65.1578
65.1578
65.1578
65.1578
65.1578
65.1578
60.3048
60.3048
60.3048
60.3048
60.3048
60.3048
60.3048
60.3048
55.8654
55.8654
55.8654
55.8654
55.8654
55.8654
55.8654
55.8654
51.9801
51.9801
51.9801
51.9801
51.9801
51.9801
51.9801
51.9801
48.7199
48.7199
48.7199
48.7199
48.7199
48.7199
48.7199
48.7199
46.1031
46.1031
46.1031
46.1031
46.1031
46.1031
46.1031
46.1031
44.1107
44.1107
44.1107
44.1107
44.1107
44.1107
44.1107
44.1107
83.5225
83.5225
83.5225
83.5225
83.5225
83.5225
83.5225
83.5225
86.4538
86.4538
86.4538
86.4538
86.4538
86.4538
86.4538
86.4538
88.0244
88.0244
88.0244
88.0244
88.0244
88.0244
88.0244
88.0244
88.0453
88.0453
88.0453
88.0453
88.0453
88.0453
88.0453
88.0453
86.5018
86.5018
86.5018
86.5018
86.5018
86.5018
86.5018
86.5018
83.5534
83.5534
83.5534
83.5534
83.5534
83.5534
83.5534
83.5534
79.4979
79.4979
79.4979
79.4979
79.4979
79.4979
79.4979
79.4979
74.7144
74.7144
74.7144
74.7144
74.7144
74.7144
74.7144
74.7144
69.5965
69.5965
69.5965
69.5965
69.5965
69.5965
69.5965
69.5965
64.4991
64.4991
64.4991
64.4991
64.4991
64.4991
64.4991
64.4991
59.7065
59.7065
59.7065
59.7065
59.7065
59.7065
59.7065
59.7065
55.419
55.419
55.419
55.419
55.419
55.419
55.419
55.419
51.7579
51.7579
51.7579
51.7579
51.7579
51.7579
51.7579
51.7579
48.7809
48.7809
48.7809
48.7809
48.7809
48.7809
48.7809
48.7809
46.4969
46.4969
46.4969
46.4969
46.4969
46.4969
46.4969
46.4969
44.8821
44.8821
44.8821
44.8821
44.8821
44.8821
44.8821
44.8821
83.5225
83.5225
83.5225
83.5225
83.5225
83.5225
83.5225
83.5225
86.4538
86.4538
86.4538
86.4538
86.4538
86.4538
86.4538
86.4538
88.0244
88.0244
88.0244
88.0244
88.0244
88.0244
88.0244
88.0244
88.0453
88.0453
88.0453
88.0453
88.0453
88.0453
88.0453
88.0453
86.5018
86.5018
86.5018
86.5018
86.5018
86.5018
86.5018
86.5018
83.5534
83.5534
83.5534
83.5534
83.5534
83.5534
83.5534
83.5534
79.4979
79.4979
79.4979
79.4979
79.4979
79.4979
79.4979
79.4979
74.7144
74.7144
74.7144
74.7144
74.7144
74.7144
74.7144
74.7144
69.5965
69.5965
69.5965
69.5965
69.5965
69.5965
69.5965
69.5965
64.4991
64.4991
64.4991
64.4991
64.4991
64.4991
64.4991
64.4991
59.7065
59.7065
59.7065
59.7065
59.7065
59.7065
59.7065
59.7065
55.419
55.419
55.419
55.419
55.419
55.419
55.419
55.419
51.7579
51.7579
51.7579
51.7579
51.7579
51.7579
51.7579
51.7579
48.7809
48.7809
48.7809
48.7809
48.7809
48.7809
48.7809
48.7809
46.4969
46.4969
46.4969
46.4969
46.4969
46.4969
46.4969
46.4969
44.8821
44.8821
44.8821
44.8821
44.8821
44.8821
44.8821
44.8821
83.5225
83.5225
83.5225
83.5225
83.5225
83.5225
83.5225
83.5225
86.4538
86.4538
86.4538
86.4538
86.4538
86.4538
86.4538
86.4538
88.0244
88.0244
88.0244
88.0244
88.0244
88.0244
88.0244
88.0244
88.0453
88.0453
88.0453
88.0453
88.0453
88.0453
88.0453
88.0453
86.5018
86.5018
86.5018
86.5018
86.5018
86.5018
86.5018
86.5018
83.5534
83.5534
83.5534
83.5534
83.5534
83.5534
83.5534
83.5534
79.4979
79.4979
79.4979
79.4979
79.4979
79.4979
79.4979
79.4979
74.7144
74.7144
74.7144
74.7144
74.7144
74.7144
74.7144
74.7144
69.5965
69.5965
69.5965
69.5965
69.5965
69.5965
69.5965
69.5965
64.4991
64.4991
64.4991
64.4991
64.4991
64.4991
64.4991
64.4991
59.7065
59.7065
59.7065
59.7065
59.7065
59.7065
59.7065
59.7065
55.419
55.419
55.419
55.419
55.419
55.419
55.419
55.419
51.7579
51.7579
51.7579
51.7579
51.7579
51.7579
51.7579
51.7579
48.7809
48.7809
48.7809
48.7809
48.7809
48.7809
48.7809
48.7809
46.4969
46.4969
46.4969
46.4969
46.4969
46.4969
46.4969
46.4969
44.8821
44.8821
44.8821
44.8821
44.8821
44.8821
44.8821
44.8821
83.5225
83.5225
83.5225
83.5225
83.5225
83.5225
83.5225
83.5225
86.4538
86.4538
86.4538
86.4538
86.4538
86.4538
86.4538
86.4538
88.0244
88.0244
88.0244
88.0244
88.0244
88.0244
88.0244
88.0244
88.0453
88.0453
88.0453
88.0453
88.0453
88.0453
88.0453
88.0453
86.5018
86.5018
86.5018
86.5018
86.5018
86.5018
86.5018
86.5018
83.5534
83.5534
83.5534
83.5534
83.5534
83.5534
83.5534
83.5534
79.4979
79.4979
79.4979
79.4979
79.4979
79.4979
79.4979
79.4979
74.7144
74.7144
74.7144
74.7144
74.7144
74.7144
74.7144
74.7144
69.5965
69.5965
69.5965
69.5965
69.5965
69.5965
69.5965
69.5965
64.4991
64.4991
64.4991
64.4991
64.4991
64.4991
64.4991
64.4991
59.7065
59.7065
59.7065
59.7065
59.7065
59.7065
59.7065
59.7065
55.419
55.419
55.419
55.419
55.419
55.419
55.419
55.419
51.7579
51.7579
51.7579
51.7579
51.7579
51.7579
51.7579
51.7579
48.7809
48.7809
48.7809
48.7809
48.7809
48.7809
48.7809
48.7809
46.4969
46.4969
46.4969
46.4969
46.4969
46.4969
46.4969
46.4969
44.8821
44.8821
44.8821
44.8821
44.8821
44.8821
44.8821
44.8821
86.7909
86.7909
86.7909
86.7909
86.7909
86.7909
86.7909
86.7909
89.1416
89.1416
89.1416
89.1416
89.1416
89.1416
89.1416
89.1416
90.0489
90.0489
90.0489
90.0489
90.0489
90.0489
90.0489
90.0489
89.3769
89.3769
89.3769
89.3769
89.3769
89.3769
89.3769
89.3769
87.1702
87.1702
87.1702
87.1702
87.1702
87.1702
87.1702
87.1702
83.6414
83.6414
83.6414
83.6414
83.6414
83.6414
83.6414
83.6414
79.1282
79.1282
79.1282
79.1282
79.1282
79.1282
79.1282
79.1282
74.0281
74.0281
74.0281
74.0281
74.0281
74.0281
74.0281
74.0281
68.737
68.737
68.737
68.737
68.737
68.737
68.737
68.737
63.5977
63.5977
63.5977
63.5977
63.5977
63.5977
63.5977
63.5977
58.8746
58.8746
58.8746
58.8746
58.8746
58.8746
58.8746
58.8746
54.747
54.747
54.747
54.747
54.747
54.747
54.747
54.747
51.318
51.318
51.318
51.318
51.318
51.318
51.318
51.318
48.632
48.632
48.632
48.632
48.632
48.632
48.632
48.632
46.6909
46.6909
46.6909
46.6909
46.6909
46.6909
46.6909
46.6909
45.4688
45.4688
45.4688
45.4688
45.4688
45.4688
45.4688
45.4688
86.7909
86.7909
86.7909
86.7909
86.7909
86.7909
86.7909
86.7909
89.1416
89.1416
89.1416
89.1416
89.1416
89.1416
89.1416
89.1416
90.0489
90.0489
90.0489
90.0489
90.0489
90.0489
90.0489
90.0489
89.3769
89.3769
89.3769
89.3769
89.3769
89.3769
89.3769
89.3769
87.1702
87.1702
87.1702
87.1702
87.1702
87.1702
87.1702
87.1702
83.6414
83.6414
83.6414
83.6414
83.6414
83.6414
83.6414
83.6414
79.1282
79.1282
79.1282
79.1282
79.1282
79.1282
79.1282
79.1282
74.0281
74.0281
74.0281
74.0281
74.0281
74.0281
74.0281
74.0281
68.737
68.737
68.737
68.737
68.737
68.737
68.737
68.737
63.5977
63.5977
63.5977
63.5977
63.5977
63.5977
63.5977
63.5977
58.8746
58.8746
58.8746
58.8746
58.8746
58.8746
58.8746
58.8746
54.747
54.747
54.747
54.747
54.747
54.747
54.747
54.747
51.318
51.318
51.318
51.318
51.318
51.318
51.318
51.318
48.632
48.632
48.632
48.632
48.632
48.632
48.632
48.632
46.6909
46.6909
46.6909
46.6909
46.6909
46.6909
46.6909
46.6909
45.4688
45.4688
45.4688
45.4688
45.4688
45.4688
45.4688
45.4688
86.7909
86.7909
86.7909
86.7909
86.7909
86.7909
86.7909
86.7909
89.1416
89.1416
89.1416
89.1416
89.1416
89.1416
89.1416
89.1416
90.0489
90.0489
90.0489
90.0489
90.0489
90.0489
90.0489
90.0489
89.3769
89.3769
89.3769
89.3769
89.3769
89.3769
89.3769
89.3769
87.1702
87.1702
87.1702
87.1702
87.1702
87.1702
87.1702
87.1702
83.6414
83.6414
83.6414
83.6414
83.6414
83.6414
83.6414
83.6414
79.1282
79.1282
79.1282
79.1282
79.1282
79.1282
79.1282
79.1282
74.0281
74.0281
74.0281
74.0281
74.0281
74.0281
74.0281
74.0281
68.737
68.737
68.737
68.737
68.737
68.737
68.737
68.737
63.5977
63.5977
63.5977
63.5977
63.5977
63.5977
63.5977
63.5977
58.8746
58.8746
58.8746
58.8746
58.8746
58.8746
58.8746
58.8746
54.747
54.747
54.747
54.747
54.747
54.747
54.747
54.747
51.318
51.318
51.318
51.318
51.318
51.318
51.318
51.318
48.632
48.632
48.632
48.632
48.632
48.632
48.632
48.632
46.6909
46.6909
46.6909
46.6909
46.6909
46.6909
46.6909
46.6909
45.4688
45.4688
45.4688
45.4688
45.4688
45.4688
45.4688
45.4688
86.7909
86.7909
86.7909
86.7909
86.7909
86.7909
86.7909
86.7909
89.1416
89.1416
89.1416
89.1416
89.1416
89.1416
89.1416
89.1416
90.0489
90.0489
90.0489
90.0489
90.0489
90.0489
90.0489
90.0489
89.3769
89.3769
89.3769
89.3769
89.3769
89.3769
89.3769
89.3769
87.1702
87.1702
87.1702
87.1702
87.1702
87.1702
87.1702
87.1702
83.6414
83.6414
83.6414
83.6414
83.6414
83.6414
83.6414
83.6414
79.1282
79.1282
79.1282
79.1282
79.1282
79.1282
79.1282
79.1282
74.0281
74.0281
74.0281
74.0281
74.0281
74.0281
74.0281
74.0281
68.737
68.737
68.737
68.737
68.737
68.737
68.737
68.737
63.5977
63.5977
63.5977
63.5977
63.5977
63.5977
63.5977
63.5977
58.8746
58.8746
58.8746
58.8746
58.8746
58.8746
58.8746
58.8746
54.747
54.747
54.747
54.747
54.747
54.747
54.747
54.747
51.318
51.318
51.318
51.318
51.318
51.318
51.318
51.318
48.632
48.632
48.632
48.632
48.632
48.632
48.632
48.632
46.6909
46.6909
46.6909
46.6909
46.6909
46.6909
46.6909
46.6909
45.4688
45.4688
45.4688
45.4688
45.4688
45.4688
45.4688
45.4688
89.7771
89.7771
89.7771
89.7771
89.7771
89.7771
89.7771
89.7771
91.5068
91.5068
91.5068
91.5068
91.5068
91.5068
91.5068
91.5068
91.7176
91.7176
91.7176
91.7176
91.7176
91.7176
91.7176
91.7176
90.3312
90.3312
90.3312
90.3312
90.3312
90.3312
90.3312
90.3312
87.4532
87.4532
87.4532
87.4532
87.4532
87.4532
87.4532
87.4532
83.3485
83.3485
83.3485
83.3485
83.3485
83.3485
83.3485
83.3485
78.3896
78.3896
78.3896
78.3896
78.3896
78.3896
78.3896
78.3896
72.9907
72.9907
72.9907
72.9907
72.9907
72.9907
72.9907
72.9907
67.5439
67.5439
67.5439
67.5439
67.5439
67.5439
67.5439
67.5439
62.377
62.377
62.377
62.377
62.377
62.377
62.377
62.377
57.7329
57.7329
57.7329
57.7329
57.7329
57.7329
57.7329
57.7329
53.769
53.769
53.769
53.769
53.769
53.769
53.769
53.769
50.5715
50.5715
50.5715
50.5715
50.5715
50.5715
50.5715
50.5715
48.1725
48.1725
48.1725
48.1725
48.1725
48.1725
48.1725
48.1725
46.5691
46.5691
46.5691
46.5691
46.5691
46.5691
46.5691
46.5691
45.7357
45.7357
45.7357
45.7357
45.7357
45.7357
45.7357
45.7357
89.7771
89.7771
89.7771
89.7771
89.7771
89.7771
89.7771
89.7771
91.5068
91.5068
91.5068
91.5068
91.5068
91.5068
91.5068
91.5068
91.7176
91.7176
91.7176
91.7176
91.7176
91.7176
91.7176
91.7176
90.3312
90.3312
90.3312
90.3312
90.3312
90.3312
90.3312
90.3312
87.4532
87.4532
87.4532
87.4532
87.4532
87.4532
87.4532
87.4532
83.3485
83.3485
83.3485
83.3485
83.3485
83.3485
83.3485
83.3485
78.3896
78.3896
78.3896
78.3896
78.3896
78.3896
78.3896
78.3896
72.9907
72.9907
72.9907
72.9907
72.9907
72.9907
72.9907
72.9907
67.5439
67.5439
67.5439
67.5439
67.5439
67.5439
67.5439
67.5439
62.377
62.377
62.377
62.377
62.377
62.377
62.377
62.377
57.7329
57.7329
57.7329
57.7329
57.7329
57.7329
57.7329
57.7329
53.769
53.769
53.769
53.769
53.769
53.769
53.769
53.769
50.5715
50.5715
50.5715
50.5715
50.5715
50.5715
50.5715
50.5715
48.1725
48.1725
48.1725
48.1725
48.1725
48.1725
48.1725
48.1725
46.5691
46.5691
46.5691
46.5691
46.5691
46.5691
46.5691
46.5691
45.7357
45.7357
45.7357
45.7357
45.7357
45.7357
45.7357
45.7357
89.7771
89.7771
89.7771
89.7771
89.7771
89.7771
89.7771
89.7771
91.5068
91.5068
91.5068
91.5068
91.5068
91.5068
91.5068
91.5068
91.7176
91.7176
91.7176
91.7176
91.7176
91.7176
91.7176
91.7176
90.3312
90.3312
90.3312
90.3312
90.3312
90.3312
90.3312
90.3312
87.4532
87.4532
87.4532
87.4532
87.4532
87.4532
87.4532
87.4532
83.3485
83.3485
83.3485
83.3485
83.3485
83.3485
83.3485
83.3485
78.3896
78.3896
78.3896
78.3896
78.3896
78.3896
78.3896
78.3896
72.9907
72.9907
72.9907
72.9907
72.9907
72.9907
72.9907
72.9907
67.5439
67.5439
67.5439
67.5439
67.5439
67.5439
67.5439
67.5439
62.377
62.377
62.377
62.377
62.377
62.377
62.377
62.377
57.7329
57.7329
57.7329
57.7329
57.7329
57.7329
57.7329
57.7329
53.769
53.769
53.769
53.769
53.769
53.769
53.769
53.769
50.5715
50.5715
50.5715
50.5715
50.5715
50.5715
50.5715
50.5715
48.1725
48.1725
48.1725
48.1725
48.1725
48.1725
48.1725
48.1725
46.5691
46.5691
46.5691
46.5691
46.5691
46.5691
46.5691
46.5691
45.7357
45.7357
45.7357
45.7357
45.7357
45.7357
45.7357
45.7357
89.7771
89.7771
89.7771
89.7771
89.7771
89.7771
89.7771
89.7771
91.5068
91.5068
91.5068
91.5068
91.5068
91.5068
91.5068
91.5068
91.7176
91.7176
91.7176
91.7176
91.7176
91.7176
91.7176
91.7176
90.3312
90.3312
90.3312
90.3312
90.3312
90.3312
90.3312
90.3312
87.4532
87.4532
87.4532
87.4532
87.4532
87.4532
87.4532
87.4532
83.3485
83.3485
83.3485
83.3485
83.3485
83.3485
83.3485
83.3485
78.3896
78.3896
78.3896
78.3896
78.3896
78.3896
78.3896
78.3896
72.9907
72.9907
72.9907
72.9907
72.9907
72.9907
72.9907
72.9907
67.5439
67.5439
67.5439
67.5439
67.5439
67.5439
67.5439
67.5439
62.377
62.377
62.377
62.377
62.377
62.377
62.377
62.377
57.7329
57.7329
57.7329
57.7329
57.7329
57.7329
57.7329
57.7329
53.769
53.769
53.769
53.769
53.769
53.769
53.769
53.769
50.5715
50.5715
50.5715
50.5715
50.5715
50.5715
50.5715
50.5715
48.1725
48.1725
48.1725
48.1725
48.1725
48.1725
48.1725
48.1725
46.5691
46.5691
46.5691
46.5691
46.5691
46.5691
46.5691
46.5691
45.7357
45.7357
45.7357
45.7357
45.7357
45.7357
45.7357
45.7357
92.2024
92.2024
92.2024
92.2024
92.2024
92.2024
92.2024
92.2024
93.2967
93.2967
93.2967
93.2967
93.2967
93.2967
93.2967
93.2967
92.809
92.809
92.809
92.809
92.809
92.809
92.809
92.809
90.7205
90.7205
90.7205
90.7205
90.7205
90.7205
90.7205
90.7205
87.1968
87.1968
87.1968
87.1968
87.1968
87.1968
87.1968
87.1968
82.5509
82.5509
82.5509
82.5509
82.5509
82.5509
82.5509
82.5509
77.1858
77.1858
77.1858
77.1858
77.1858
77.1858
77.1858
77.1858
71.5252
71.5252
71.5252
71.5252
71.5252
71.5252
71.5252
71.5252
65.9541
65.9541
65.9541
65.9541
65.9541
65.9541
65.9541
65.9541
60.7818
60.7818
60.7818
60.7818
60.7818
60.7818
60.7818
60.7818
56.2281
56.2281
56.2281
56.2281
56.2281
56.2281
56.2281
56.2281
52.4297
52.4297
52.4297
52.4297
52.4297
52.4297
52.4297
52.4297
49.4556
49.4556
49.4556
49.4556
49.4556
49.4556
49.4556
49.4556
47.3281
47.3281
47.3281
47.3281
47.3281
47.3281
47.3281
47.3281
46.0408
46.0408
46.0408
46.0408
46.0408
46.0408
46.0408
46.0408
45.5708
45.5708
45.5708
45.5708
45.5708
45.5708
45.5708
45.5708
92.2024
92.2024
92.2024
92.2024
92.2024
92.2024
92.2024
92.2024
93.2967
93.2967
93.2967
93.2967
93.2967
93.2967
93.2967
93.2967
92.809
92.809
92.809
92.809
92.809
92.809
92.809
92.809
90.7205
90.7205
90.7205
90.7205
90.7205
90.7205
90.7205
90.7205
87.1968
87.1968
87.1968
87.1968
87.1968
87.1968
87.1968
87.1968
82.5509
82.5509
82.5509
82.5509
82.5509
82.5509
82.5509
82.5509
77.1858
77.1858
77.1858
77.1858
77.1858
77.1858
77.1858
77.1858
71.5252
71.5252
71.5252
71.5252
71.5252
71.5252
71.5252
71.5252
65.9541
65.9541
65.9541
65.9541
65.9541
65.9541
65.9541
65.9541
60.7818
60.7818
60.7818
60.7818
60.7818
60.7818
60.7818
60.7818
56.2281
56.2281
56.2281
56.2281
56.2281
56.2281
56.2281
56.2281
52.4297
52.4297
52.4297
52.4297
52.4297
52.4297
52.4297
52.4297
49.4556
49.4556
49.4556
49.4556
49.4556
49.4556
49.4556
49.4556
47.3281
47.3281
47.3281
47.3281
47.3281
47.3281
47.3281
47.3281
46.0408
46.0408
46.0408
46.0408
46.0408
46.0408
46.0408
46.0408
45.5708
45.5708
45.5708
45.5708
45.5708
45.5708
45.5708
45.5708
92.2024
92.2024
92.2024
92.2024
92.2024
92.2024
92.2024
92.2024
93.2967
93.2967
93.2967
93.2967
93.2967
93.2967
93.2967
93.2967
92.809
92.809
92.809
92.809
92.809
92.809
92.809
92.809
90.7205
90.7205
90.7205
90.7205
90.7205
90.7205
90.7205
90.7205
87.1968
87.1968
87.1968
87.1968
87.1968
87.1968
87.1968
87.1968
82.5509
82.5509
82.5509
82.5509
82.5509
82.5509
82.5509
82.5509
77.1858
77.1858
77.1858
77.1858
77.1858
77.1858
77.1858
77.1858
71.5252
71.5252
71.5252
71.5252
71.5252
71.5252
71.5252
71.5252
65.9541
65.9541
65.9541
65.9541
65.9541
65.9541
65.9541
65.9541
60.7818
60.7818
60.7818
60.7818
60.7818
60.7818
60.7818
60.7818
56.2281
56.2281
56.2281
56.2281
56.2281
56.2281
56.2281
56.2281
52.4297
52.4297
52.4297
52.4297
52.4297
52.4297
52.4297
52.4297
49.4556
49.4556
49.4556
49.4556
49.4556
49.4556
49.4556
49.4556
47.3281
47.3281
47.3281
47.3281
47.3281
47.3281
47.3281
47.3281
46.0408
46.0408
46.0408
46.0408
46.0408
46.0408
46.0408
46.0408
45.5708
45.5708
45.5708
45.5708
45.5708
45.5708
45.5708
45.5708
92.2024
92.2024
92.2024
92.2024
92.2024
92.2024
92.2024
92.2024
93.2967
93.2967
93.2967
93.2967
93.2967
93.2967
93.2967
93.2967
92.809
92.809
92.809
92.809
92.809
92.809
92.809
92.809
90.7205
90.7205
90.7205
90.7205
90.7205
90.7205
90.7205
90.7205
87.1968
87.1968
87.1968
87.1968
87.1968
87.1968
87.1968
87.1968
82.5509
82.5509
82.5509
82.5509
82.5509
82.5509
82.5509
82.5509
77.1858
77.1858
77.1858
77.1858
77.1858
77.1858
77.1858
77.1858
71.5252
71.5252
71.5252
71.5252
71.5252
71.5252
71.5252
71.5252
65.9541
65.9541
65.9541
65.9541
65.9541
65.9541
65.9541
65.9541
60.7818
60.7818
60.7818
60.7818
60.7818
60.7818
60.7818
60.7818
56.2281
56.2281
56.2281
56.2281
56.2281
56.2281
56.2281
56.2281
52.4297
52.4297
52.4297
52.4297
52.4297
52.4297
52.4297
52.4297
49.4556
49.4556
49.4556
49.4556
49.4556
49.4556
49.4556
49.4556
47.3281
47.3281
47.3281
47.3281
47.3281
47.3281
47.3281
47.3281
46.0408
46.0408
46.0408
46.0408
46.0408
46.0408
46.0408
46.0408
45.5708
45.5708
45.5708
45.5708
45.5708
45.5708
45.5708
45.5708
93.7874
93.7874
93.7874
93.7874
93.7874
93.7874
93.7874
93.7874
94.2657
94.2657
94.2657
94.2657
94.2657
94.2657
94.2657
94.2657
93.1156
93.1156
93.1156
93.1156
93.1156
93.1156
93.1156
93.1156
90.3775
90.3775
90.3775
90.3775
90.3775
90.3775
90.3775
90.3775
86.2719
86.2719
86.2719
86.2719
86.2719
86.2719
86.2719
86.2719
81.154
81.154
81.154
81.154
81.154
81.154
81.154
81.154
75.4502
75.4502
75.4502
75.4502
75.4502
75.4502
75.4502
75.4502
69.5872
69.5872
69.5872
69.5872
69.5872
69.5872
69.5872
69.5872
63.9377
63.9377
63.9377
63.9377
63.9377
63.9377
63.9377
63.9377
58.7911
58.7911
58.7911
58.7911
58.7911
58.7911
58.7911
58.7911
54.3433
54.3433
54.3433
54.3433
54.3433
54.3433
54.3433
54.3433
50.7104
50.7104
50.7104
50.7104
50.7104
50.7104
50.7104
50.7104
47.9463
47.9463
47.9463
47.9463
47.9463
47.9463
47.9463
47.9463
46.0646
46.0646
46.0646
46.0646
46.0646
46.0646
46.0646
46.0646
45.0572
45.0572
45.0572
45.0572
45.0572
45.0572
45.0572
45.0572
44.9054
44.9054
44.9054
44.9054
44.9054
44.9054
44.9054
44.9054
93.7874
93.7874
93.7874
93.7874
93.7874
93.7874
93.7874
93.7874
94.2657
94.2657
94.2657
94.2657
94.2657
94.2657
94.2657
94.2657
93.1156
93.1156
93.1156
93.1156
93.1156
93.1156
93.1156
93.1156
90.3775
90.3775
90.3775
90.3775
90.3775
90.3775
90.3775
90.3775
86.2719
86.2719
86.2719
86.2719
86.2719
86.2719
86.2719
86.2719
81.154
81.154
81.154
81.154
81.154
81.154
81.154
81.154
75.4502
75.4502
75.4502
75.4502
75.4502
75.4502
75.4502
75.4502
69.5872
69.5872
69.5872
69.5872
69.5872
69.5872
69.5872
69.5872
63.9377
63.9377
63.9377
63.9377
63.9377
63.9377
63.9377
63.9377
58.7911
58.7911
58.7911
58.7911
58.7911
58.7911
58.7911
58.7911
54.3433
54.3433
54.3433
54.3433
54.3433
54.3433
54.3433
54.3433
50.7104
50.7104
50.7104
50.7104
50.7104
50.7104
50.7104
50.7104
47.9463
47.9463
47.9463
47.9463
47.9463
47.9463
47.9463
47.9463
46.0646
46.0646
46.0646
46.0646
46.0646
46.0646
46.0646
46.0646
45.0572
45.0572
45.0572
45.0572
45.0572
45.0572
45.0572
45.0572
44.9054
44.9054
44.9054
44.9054
44.9054
44.9054
44.9054
44.9054
93.7874
93.7874
93.7874
93.7874
93.7874
93.7874
93.7874
93.7874
94.2657
94.2657
94.2657
94.2657
94.2657
94.2657
94.2657
94.2657
93.1156
93.1156
93.1156
93.1156
93.1156
93.1156
93.1156
93.1156
90.3775
90.3775
90.3775
90.3775
90.3775
90.3775
90.3775
90.3775
86.2719
86.2719
86.2719
86.2719
86.2719
86.2719
86.2719
86.2719
81.154
81.154
81.154
81.154
81.154
81.154
81.154
81.154
75.4502
75.4502
75.4502
75.4502
75.4502
75.4502
75.4502
75.4502
69.5872
69.5872
69.5872
69.5872
69.5872
69.5872
69.5872
69.5872
63.9377
63.9377
63.9377
63.9377
63.9377
63.9377
63.9377
63.9377
58.7911
58.7911
58.7911
58.7911
58.7911
58.7911
58.7911
58.7911
54.3433
54.3433
54.3433
54.3433
54.3433
54.3433
54.3433
54.3433
50.7104
50.7104
50.7104
50.7104
50.7104
50.7104
50.7104
50.7104
47.9463
47.9463
47.9463
47.9463
47.9463
47.9463
47.9463
47.9463
46.0646
46.0646
46.0646
46.0646
46.0646
46.0646
46.0646
46.0646
45.0572
45.0572
45.0572
45.0572
45.0572
45.0572
45.0572
45.0572
44.9054
44.9054
44.9054
44.9054
44.9054
44.9054
44.9054
44.9054
93.7874
93.7874
93.7874
93.7874
93.7874
93.7874
93.7874
93.7874
94.2657
94.2657
94.2657
94.2657
94.2657
94.2657
94.2657
94.2657
93.1156
93.1156
93.1156
93.1156
93.1156
93.1156
93.1156
93.1156
90.3775
90.3775
90.3775
90.3775
90.3775
90.3775
90.3775
90.3775
86.2719
86.2719
86.2719
86.2719
86.2719
86.2719
86.2719
86.2719
81.154
81.154
81.154
81.154
81.154
81.154
81.154
81.154
75.4502
75.4502
75.4502
75.4502
75.4502
75.4502
75.4502
75.4502
69.5872
69.5872
69.5872
69.5872
69.5872
69.5872
69.5872
69.5872
63.9377
63.9377
63.9377
63.9377
63.9377
63.9377
63.9377
63.9377
58.7911
58.7911
58.7911
58.7911
58.7911
58.7911
58.7911
58.7911
54.3433
54.3433
54.3433
54.3433
54.3433
54.3433
54.3433
54.3433
50.7104
50.7104
50.7104
50.7104
50.7104
50.7104
50.7104
50.7104
47.9463
47.9463
47.9463
47.9463
47.9463
47.9463
47.9463
47.9463
46.0646
46.0646
46.0646
46.0646
46.0646
46.0646
46.0646
46.0646
45.0572
45.0572
45.0572
45.0572
45.0572
45.0572
45.0572
45.0572
44.9054
44.9054
44.9054
44.9054
44.9054
44.9054
44.9054
44.9054
94.2917
94.2917
94.2917
94.2917
94.2917
94.2917
94.2917
94.2917
94.2098
94.2098
94.2098
94.2098
94.2098
94.2098
94.2098
94.2098
92.4743
92.4743
92.4743
92.4743
92.4743
92.4743
92.4743
92.4743
89.1803
89.1803
89.1803
89.1803
89.1803
89.1803
89.1803
89.1803
84.596
84.596
84.596
84.596
84.596
84.596
84.596
84.596
79.1091
79.1091
79.1091
79.1091
79.1091
79.1091
79.1091
79.1091
73.1607
73.1607
73.1607
73.1607
73.1607
73.1607
73.1607
73.1607
67.174
67.174
67.174
67.174
67.174
67.174
67.174
67.174
61.5066
61.5066
61.5066
61.5066
61.5066
61.5066
61.5066
61.5066
56.4245
56.4245
56.4245
56.4245
56.4245
56.4245
56.4245
56.4245
52.102
52.102
52.102
52.102
52.102
52.102
52.102
52.102
48.6352
48.6352
48.6352
48.6352
48.6352
48.6352
48.6352
48.6352
46.0644
46.0644
46.0644
46.0644
46.0644
46.0644
46.0644
46.0644
44.3964
44.3964
44.3964
44.3964
44.3964
44.3964
44.3964
44.3964
43.622
43.622
43.622
43.622
43.622
43.622
43.622
43.622
43.7275
43.7275
43.7275
43.7275
43.7275
43.7275
43.7275
43.7275
94.2917
94.2917
94.2917
94.2917
94.2917
94.2917
94.2917
94.2917
94.2098
94.2098
94.2098
94.2098
94.2098
94.2098
94.2098
94.2098
92.4743
92.4743
92.4743
92.4743
92.4743
92.4743
92.4743
92.4743
89.1803
89.1803
89.1803
89.1803
89.1803
89.1803
89.1803
89.1803
84.596
84.596
84.596
84.596
84.596
84.596
84.596
84.596
79.1091
79.1091
79.1091
79.1091
79.1091
79.1091
79.1091
79.1091
73.1607
73.1607
73.1607
73.1607
73.1607
73.1607
73.1607
73.1607
67.174
67.174
67.174
67.174
67.174
67.174
67.174
67.174
61.5066
61.5066
61.5066
61.5066
61.5066
61.5066
61.5066
61.5066
56.4245
56.4245
56.4245
56.4245
56.4245
56.4245
56.4245
56.4245
52.102
52.102
52.102
52.102
52.102
52.102
52.102
52.102
48.6352
48.6352
48.6352
48.6352
48.6352
48.6352
48.6352
48.6352
46.0644
46.0644
46.0644
46.0644
46.0644
46.0644
46.0644
46.0644
44.3964
44.3964
44.3964
44.3964
44.3964
44.3964
44.3964
44.3964
43.622
43.622
43.622
43.622
43.622
43.622
43.622
43.622
43.7275
43.7275
43.7275
43.7275
43.7275
43.7275
43.7275
43.7275
94.2917
94.2917
94.2917
94.2917
94.2917
94.2917
94.2917
94.2917
94.2098
94.2098
94.2098
94.2098
94.2098
94.2098
94.2098
94.2098
92.4743
92.4743
92.4743
92.4743
92.4743
92.4743
92.4743
92.4743
89.1803
89.1803
89.1803
89.1803
89.1803
89.1803
89.1803
89.1803
84.596
84.596
84.596
84.596
84.596
84.596
84.596
84.596
79.1091
79.1091
79.1091
79.1091
79.1091
79.1091
79.1091
79.1091
73.1607
73.1607
73.1607
73.1607
73.1607
73.1607
73.1607
73.1607
67.174
67.174
67.174
67.174
67.174
67.174
67.174
67.174
61.5066
61.5066
61.5066
61.5066
61.5066
61.5066
61.5066
61.5066
56.4245
56.4245
56.4245
56.4245
56.4245
56.4245
56.4245
56.4245
52.102
52.102
52.102
52.102
52.102
52.102
52.102
52.102
48.6352
48.6352
48.6352
48.6352
48.6352
48.6352
48.6352
48.6352
46.0644
46.0644
46.0644
46.0644
46.0644
46.0644
46.0644
46.0644
44.3964
44.3964
44.3964
44.3964
44.3964
44.3964
44.3964
44.3964
43.622
43.622
43.622
43.622
43.622
43.622
43.622
43.622
43.7275
43.7275
43.7275
43.7275
43.7275
43.7275
43.7275
43.7275
94.2917
94.2917
94.2917
94.2917
94.2917
94.2917
94.2917
94.2917
94.2098
94.2098
94.2098
94.2098
94.2098
94.2098
94.2098
94.2098
92.4743
92.4743
92.4743
92.4743
92.4743
92.4743
92.4743
92.4743
89.1803
89.1803
89.1803
89.1803
89.1803
89.1803
89.1803
89.1803
84.596
84.596
84.596
84.596
84.596
84.596
84.596
84.596
79.1091
79.1091
79.1091
79.1091
79.1091
79.1091
79.1091
79.1091
73.1607
73.1607
73.1607
73.1607
73.1607
73.1607
73.1607
73.1607
67.174
67.174
67.174
67.174
67.174
67.174
67.174
67.174
61.5066
61.5066
61.5066
61.5066
61.5066
61.5066
61.5066
61.5066
56.4245
56.4245
56.4245
56.4245
56.4245
56.4245
56.4245
56.4245
52.102
52.102
52.102
52.102
52.102
52.102
52.102
52.102
48.6352
48.6352
48.6352
48.6352
48.6352
48.6352
48.6352
48.6352
46.0644
46.0644
46.0644
46.0644
46.0644
46.0644
46.0644
46.0644
44.3964
44.3964
44.3964
44.3964
44.3964
44.3964
44.3964
44.3964
43.622
43.622
43.622
43.622
43.622
43.622
43.622
43.622
43.7275
43.7275
43.7275
43.7275
43.7275
43.7275
43.7275
43.7275
93.5502
93.5502
93.5502
93.5502
93.5502
93.5502
93.5502
93.5502
92.9991
92.9991
92.9991
92.9991
92.9991
92.9991
92.9991
92.9991
90.7935
90.7935
90.7935
90.7935
90.7935
90.7935
90.7935
90.7935
87.0754
87.0754
87.0754
87.0754
87.0754
87.0754
87.0754
87.0754
82.1487
82.1487
82.1487
82.1487
82.1487
82.1487
82.1487
82.1487
76.4242
76.4242
76.4242
76.4242
76.4242
76.4242
76.4242
76.4242
70.3466
70.3466
70.3466
70.3466
70.3466
70.3466
70.3466
70.3466
64.3307
64.3307
64.3307
64.3307
64.3307
64.3307
64.3307
64.3307
58.7151
58.7151
58.7151
58.7151
58.7151
58.7151
58.7151
58.7151
53.7436
53.7436
53.7436
53.7436
53.7436
53.7436
53.7436
53.7436
49.5686
49.5686
49.5686
49.5686
49.5686
49.5686
49.5686
49.5686
46.2693
46.2693
46.2693
46.2693
46.2693
46.2693
46.2693
46.2693
43.8746
43.8746
43.8746
43.8746
43.8746
43.8746
43.8746
43.8746
42.3855
42.3855
42.3855
42.3855
42.3855
42.3855
42.3855
42.3855
41.7926
41.7926
41.7926
41.7926
41.7926
41.7926
41.7926
41.7926
42.0863
42.0863
42.0863
42.0863
42.0863
42.0863
42.0863
42.0863
93.5502
93.5502
93.5502
93.5502
93.5502
93.5502
93.5502
93.5502
92.9991
92.9991
92.9991
92.9991
92.9991
92.9991
92.9991
92.9991
90.7935
90.7935
90.7935
90.7935
90.7935
90.7935
90.7935
90.7935
87.0754
87.0754
87.0754
87.0754
87.0754
87.0754
87.0754
87.0754
82.1487
82.1487
82.1487
82.1487
82.1487
82.1487
82.1487
82.1487
76.4242
76.4242
76.4242
76.4242
76.4242
76.4242
76.4242
76.4242
70.3466
70.3466
70.3466
70.3466
70.3466
70.3466
70.3466
70.3466
64.3307
64.3307
64.3307
64.3307
64.3307
64.3307
64.3307
64.3307
58.7151
58.7151
58.7151
58.7151
58.7151
58.7151
58.7151
58.7151
53.7436
53.7436
53.7436
53.7436
53.7436
53.7436
53.7436
53.7436
49.5686
49.5686
49.5686
49.5686
49.5686
49.5686
49.5686
49.5686
46.2693
46.2693
46.2693
46.2693
46.2693
46.2693
46.2693
46.2693
43.8746
43.8746
43.8746
43.8746
43.8746
43.8746
43.8746
43.8746
42.3855
42.3855
42.3855
42.3855
42.3855
42.3855
42.3855
42.3855
41.7926
41.7926
41.7926
41.7926
41.7926
41.7926
41.7926
41.7926
42.0863
42.0863
42.0863
42.0863
42.0863
42.0863
42.0863
42.0863
93.5502
93.5502
93.5502
93.5502
93.5502
93.5502
93.5502
93.5502
92.9991
92.9991
92.9991
92.9991
92.9991
92.9991
92.9991
92.9991
90.7935
90.7935
90.7935
90.7935
90.7935
90.7935
90.7935
90.7935
87.0754
87.0754
87.0754
87.0754
87.0754
87.0754
87.0754
87.0754
82.1487
82.1487
82.1487
82.1487
82.1487
82.1487
82.1487
82.1487
76.4242
76.4242
76.4242
76.4242
76.4242
76.4242
76.4242
76.4242
70.3466
70.3466
70.3466
70.3466
70.3466
70.3466
70.3466
70.3466
64.3307
64.3307
64.3307
64.3307
64.3307
64.3307
64.3307
64.3307
58.7151
58.7151
58.7151
58.7151
58.7151
58.7151
58.7151
58.7151
53.7436
53.7436
53.7436
53.7436
53.7436
53.7436
53.7436
53.7436
49.5686
49.5686
49.5686
49.5686
49.5686
49.5686
49.5686
49.5686
46.2693
46.2693
46.2693
46.2693
46.2693
46.2693
46.2693
46.2693
43.8746
43.8746
43.8746
43.8746
43.8746
43.8746
43.8746
43.8746
42.3855
42.3855
42.3855
42.3855
42.3855
42.3855
42.3855
42.3855
41.7926
41.7926
41.7926
41.7926
41.7926
41.7926
41.7926
41.7926
42.0863
42.0863
42.0863
42.0863
42.0863
42.0863
42.0863
42.0863
93.5502
93.5502
93.5502
93.5502
93.5502
93.5502
93.5502
93.5502
92.9991
92.9991
92.9991
92.9991
92.9991
92.9991
92.9991
92.9991
90.7935
90.7935
90.7935
90.7935
90.7935
90.7935
90.7935
90.7935
87.0754
87.0754
87.0754
87.0754
87.0754
87.0754
87.0754
87.0754
82.1487
82.1487
82.1487
82.1487
82.1487
82.1487
82.1487
82.1487
76.4242
76.4242
76.4242
76.4242
76.4242
76.4242
76.4242
76.4242
70.3466
70.3466
70.3466
70.3466
70.3466
70.3466
70.3466
70.3466
64.3307
64.3307
64.3307
64.3307
64.3307
64.3307
64.3307
64.3307
58.7151
58.7151
58.7151
58.7151
58.7151
58.7151
58.7151
58.7151
53.7436
53.7436
53.7436
53.7436
53.7436
53.7436
53.7436
53.7436
49.5686
49.5686
49.5686
49.5686
49.5686
49.5686
49.5686
49.5686
46.2693
46.2693
46.2693
46.2693
46.2693
46.2693
46.2693
46.2693
43.8746
43.8746
43.8746
43.8746
43.8746
43.8746
43.8746
43.8746
42.3855
42.3855
42.3855
42.3855
42.3855
42.3855
42.3855
42.3855
41.7926
41.7926
41.7926
41.7926
41.7926
41.7926
41.7926
41.7926
42.0863
42.0863
42.0863
42.0863
42.0863
42.0863
42.0863
42.0863
91.5044
91.5044
91.5044
91.5044
91.5044
91.5044
91.5044
91.5044
90.6032
90.6032
90.6032
90.6032
90.6032
90.6032
90.6032
90.6032
88.0725
88.0725
88.0725
88.0725
88.0725
88.0725
88.0725
88.0725
84.089
84.089
84.089
84.089
84.089
84.089
84.089
84.089
78.9803
78.9803
78.9803
78.9803
78.9803
78.9803
78.9803
78.9803
73.1661
73.1661
73.1661
73.1661
73.1661
73.1661
73.1661
73.1661
67.088
67.088
67.088
67.088
67.088
67.088
67.088
67.088
61.1454
61.1454
61.1454
61.1454
61.1454
61.1454
61.1454
61.1454
55.6563
55.6563
55.6563
55.6563
55.6563
55.6563
55.6563
55.6563
50.8434
50.8434
50.8434
50.8434
50.8434
50.8434
50.8434
50.8434
46.84
46.84
46.84
46.84
46.84
46.84
46.84
46.84
43.7113
43.7113
43.7113
43.7113
43.7113
43.7113
43.7113
43.7113
41.4767
41.4767
41.4767
41.4767
41.4767
41.4767
41.4767
41.4767
40.1331
40.1331
40.1331
40.1331
40.1331
40.1331
40.1331
40.1331
39.6709
39.6709
39.6709
39.6709
39.6709
39.6709
39.6709
39.6709
40.0843
40.0843
40.0843
40.0843
40.0843
40.0843
40.0843
40.0843
91.5044
91.5044
91.5044
91.5044
91.5044
91.5044
91.5044
91.5044
90.6032
90.6032
90.6032
90.6032
90.6032
90.6032
90.6032
90.6032
88.0725
88.0725
88.0725
88.0725
88.0725
88.0725
88.0725
88.0725
84.089
84.089
84.089
84.089
84.089
84.089
84.089
84.089
78.9803
78.9803
78.9803
78.9803
78.9803
78.9803
78.9803
78.9803
73.1661
73.1661
73.1661
73.1661
73.1661
73.1661
73.1661
73.1661
67.088
67.088
67.088
67.088
67.088
67.088
67.088
67.088
61.1454
61.1454
61.1454
61.1454
61.1454
61.1454
61.1454
61.1454
55.6563
55.6563
55.6563
55.6563
55.6563
55.6563
55.6563
55.6563
50.8434
50.8434
50.8434
50.8434
50.8434
50.8434
50.8434
50.8434
46.84
46.84
46.84
46.84
46.84
46.84
46.84
46.84
43.7113
43.7113
43.7113
43.7113
43.7113
43.7113
43.7113
43.7113
41.4767
41.4767
41.4767
41.4767
41.4767
41.4767
41.4767
41.4767
40.1331
40.1331
40.1331
40.1331
40.1331
40.1331
40.1331
40.1331
39.6709
39.6709
39.6709
39.6709
39.6709
39.6709
39.6709
39.6709
40.0843
40.0843
40.0843
40.0843
40.0843
40.0843
40.0843
40.0843
91.5044
91.5044
91.5044
91.5044
91.5044
91.5044
91.5044
91.5044
90.6032
90.6032
90.6032
90.6032
90.6032
90.6032
90.6032
90.6032
88.0725
88.0725
88.0725
88.0725
88.0725
88.0725
88.0725
88.0725
84.089
84.089
84.089
84.089
84.089
84.089
84.089
84.089
78.9803
78.9803
78.9803
78.9803
78.9803
78.9803
78.9803
78.9803
73.1661
73.1661
73.1661
73.1661
73.1661
73.1661
73.1661
73.1661
67.088
67.088
67.088
67.088
67.088
67.088
67.088
67.088
61.1454
61.1454
61.1454
61.1454
61.1454
61.1454
61.1454
61.1454
55.6563
55.6563
55.6563
55.6563
55.6563
55.6563
55.6563
55.6563
50.8434
50.8434
50.8434
50.8434
50.8434
50.8434
50.8434
50.8434
46.84
46.84
46.84
46.84
46.84
46.84
46.84
46.84
43.7113
43.7113
43.7113
43.7113
43.7113
43.7113
43.7113
43.7113
41.4767
41.4767
41.4767
41.4767
41.4767
41.4767
41.4767
41.4767
40.1331
40.1331
40.1331
40.1331
40.1331
40.1331
40.1331
40.1331
39.6709
39.6709
39.6709
39.6709
39.6709
39.6709
39.6709
39.6709
40.0843
40.0843
40.0843
40.0843
40.0843
40.0843
40.0843
40.0843
91.5044
91.5044
91.5044
91.5044
91.5044
91.5044
91.5044
91.5044
90.6032
90.6032
90.6032
90.6032
90.6032
90.6032
90.6032
90.6032
88.0725
88.0725
88.0725
88.0725
88.0725
88.0725
88.0725
88.0725
84.089
84.089
84.089
84.089
84.089
84.089
84.089
84.089
78.9803
78.9803
78.9803
78.9803
78.9803
78.9803
78.9803
78.9803
73.1661
73.1661
73.1661
73.1661
73.1661
73.1661
73.1661
73.1661
67.088
67.088
67.088
67.088
67.088
67.088
67.088
67.088
61.1454
61.1454
61.1454
61.1454
61.1454
61.1454
61.1454
61.1454
55.6563
55.6563
55.6563
55.6563
55.6563
55.6563
55.6563
55.6563
50.8434
50.8434
50.8434
50.8434
50.8434
50.8434
50.8434
50.8434
46.84
46.84
46.84
46.84
46.84
46.84
46.84
46.84
43.7113
43.7113
43.7113
43.7113
43.7113
43.7113
43.7113
43.7113
41.4767
41.4767
41.4767
41.4767
41.4767
41.4767
41.4767
41.4767
40.1331
40.1331
40.1331
40.1331
40.1331
40.1331
40.1331
40.1331
39.6709
39.6709
39.6709
39.6709
39.6709
39.6709
39.6709
39.6709
40.0843
40.0843
40.0843
40.0843
40.0843
40.0843
40.0843
40.0843
88.2173
88.2173
88.2173
88.2173
88.2173
88.2173
88.2173
88.2173
87.0993
87.0993
87.0993
87.0993
87.0993
87.0993
87.0993
87.0993
84.4041
84.4041
84.4041
84.4041
84.4041
84.4041
84.4041
84.4041
80.3267
80.3267
80.3267
80.3267
80.3267
80.3267
80.3267
80.3267
75.2046
75.2046
75.2046
75.2046
75.2046
75.2046
75.2046
75.2046
69.4551
69.4551
69.4551
69.4551
69.4551
69.4551
69.4551
69.4551
63.5062
63.5062
63.5062
63.5062
63.5062
63.5062
63.5062
63.5062
57.7386
57.7386
57.7386
57.7386
57.7386
57.7386
57.7386
57.7386
52.4493
52.4493
52.4493
52.4493
52.4493
52.4493
52.4493
52.4493
47.8415
47.8415
47.8415
47.8415
47.8415
47.8415
47.8415
47.8415
44.0333
44.0333
44.0333
44.0333
44.0333
44.0333
44.0333
44.0333
41.0787
41.0787
41.0787
41.0787
41.0787
41.0787
41.0787
41.0787
38.9908
38.9908
38.9908
38.9908
38.9908
38.9908
38.9908
38.9908
37.7636
37.7636
37.7636
37.7636
37.7636
37.7636
37.7636
37.7636
37.3876
37.3876
37.3876
37.3876
37.3876
37.3876
37.3876
37.3876
37.8594
37.8594
37.8594
37.8594
37.8594
37.8594
37.8594
37.8594
88.2173
88.2173
88.2173
88.2173
88.2173
88.2173
88.2173
88.2173
87.0993
87.0993
87.0993
87.0993
87.0993
87.0993
87.0993
87.0993
84.4041
84.4041
84.4041
84.4041
84.4041
84.4041
84.4041
84.4041
80.3267
80.3267
80.3267
80.3267
80.3267
80.3267
80.3267
80.3267
75.2046
75.2046
75.2046
75.2046
75.2046
75.2046
75.2046
75.2046
69.4551
69.4551
69.4551
69.4551
69.4551
69.4551
69.4551
69.4551
63.5062
63.5062
63.5062
63.5062
63.5062
63.5062
63.5062
63.5062
57.7386
57.7386
57.7386
57.7386
57.7386
57.7386
57.7386
57.7386
52.4493
52.4493
52.4493
52.4493
52.4493
52.4493
52.4493
52.4493
47.8415
47.8415
47.8415
47.8415
47.8415
47.8415
47.8415
47.8415
44.0333
44.0333
44.0333
44.0333
44.0333
44.0333
44.0333
44.0333
41.0787
41.0787
41.0787
41.0787
41.0787
41.0787
41.0787
41.0787
38.9908
38.9908
38.9908
38.9908
38.9908
38.9908
38.9908
38.9908
37.7636
37.7636
37.7636
37.7636
37.7636
37.7636
37.7636
37.7636
37.3876
37.3876
37.3876
37.3876
37.3876
37.3876
37.3876
37.3876
37.8594
37.8594
37.8594
37.8594
37.8594
37.8594
37.8594
37.8594
88.2173
88.2173
88.2173
88.2173
88.2173
88.2173
88.2173
88.2173
87.0993
87.0993
87.0993
87.0993
87.0993
87.0993
87.0993
87.0993
84.4041
84.4041
84.4041
84.4041
84.4041
84.4041
84.4041
84.4041
80.3267
80.3267
80.3267
80.3267
80.3267
80.3267
80.3267
80.3267
75.2046
75.2046
75.2046
75.2046
75.2046
75.2046
75.2046
75.2046
69.4551
69.4551
69.4551
69.4551
69.4551
69.4551
69.4551
69.4551
63.5062
63.5062
63.5062
63.5062
63.5062
63.5062
63.5062
63.5062
57.7386
57.7386
57.7386
57.7386
57.7386
57.7386
57.7386
57.7386
52.4493
52.4493
52.4493
52.4493
52.4493
52.4493
52.4493
52.4493
47.8415
47.8415
47.8415
47.8415
47.8415
47.8415
47.8415
47.8415
44.0333
44.0333
44.0333
44.0333
44.0333
44.0333
44.0333
44.0333
41.0787
41.0787
41.0787
41.0787
41.0787
41.0787
41.0787
41.0787
38.9908
38.9908
38.9908
38.9908
38.9908
38.9908
38.9908
38.9908
37.7636
37.7636
37.7636
37.7636
37.7636
37.7636
37.7636
37.7636
37.3876
37.3876
37.3876
37.3876
37.3876
37.3876
37.3876
37.3876
37.8594
37.8594
37.8594
37.8594
37.8594
37.8594
37.8594
37.8594
88.2173
88.2173
88.2173
88.2173
88.2173
88.2173
88.2173
88.2173
87.0993
87.0993
87.0993
87.0993
87.0993
87.0993
87.0993
87.0993
84.4041
84.4041
84.4041
84.4041
84.4041
84.4041
84.4041
84.4041
80.3267
80.3267
80.3267
80.3267
80.3267
80.3267
80.3267
80.3267
75.2046
75.2046
75.2046
75.2046
75.2046
75.2046
75.2046
75.2046
69.4551
69.4551
69.4551
69.4551
69.4551
69.4551
69.4551
69.4551
63.5062
63.5062
63.5062
63.5062
63.5062
63.5062
63.5062
63.5062
57.7386
57.7386
57.7386
57.7386
57.7386
57.7386
57.7386
57.7386
52.4493
52.4493
52.4493
52.4493
52.4493
52.4493
52.4493
52.4493
47.8415
47.8415
47.8415
47.8415
47.8415
47.8415
47.8415
47.8415
44.0333
44.0333
44.0333
44.0333
44.0333
44.0333
44.0333
44.0333
41.0787
41.0787
41.0787
41.0787
41.0787
41.0787
41.0787
41.0787
38.9908
38.9908
38.9908
38.9908
38.9908
38.9908
38.9908
38.9908
37.7636
37.7636
37.7636
37.7636
37.7636
37.7636
37.7636
37.7636
37.3876
37.3876
37.3876
37.3876
37.3876
37.3876
37.3876
37.3876
37.8594
37.8594
37.8594
37.8594
37.8594
37.8594
37.8594
37.8594
