8192
17.9716
17.9716
17.9716
17.9716
17.9716
17.9716
17.9716
17.9716
17.0504
17.0504
17.0504
17.0504
17.0504
17.0504
17.0504
17.0504
16.1849
16.1849
16.1849
16.1849
16.1849
16.1849
16.1849
16.1849
15.3848
15.3848
15.3848
15.3848
15.3848
15.3848
15.3848
15.3848
14.6573
14.6573
14.6573
14.6573
14.6573
14.6573
14.6573
14.6573
14.0072
14.0072
14.0072
14.0072
14.0072
14.0072
14.0072
14.0072
13.4368
13.4368
13.4368
13.4368
13.4368
13.4368
13.4368
13.4368
12.9464
12.9464
12.9464
12.9464
12.9464
12.9464
12.9464
12.9464
12.535
12.535
12.535
12.535
12.535
12.535
12.535
12.535
12.2003
12.2003
12.2003
12.2003
12.2003
12.2003
12.2003
12.2003
11.9392
11.9392
11.9392
11.9392
11.9392
11.9392
11.9392
11.9392
11.7485
11.7485
11.7485
11.7485
11.7485
11.7485
11.7485
11.7485
11.6242
11.6242
11.6242
11.6242
11.6242
11.6242
11.6242
11.6242
11.5626
11.5626
11.5626
11.5626
11.5626
11.5626
11.5626
11.5626
11.5594
11.5594
11.5594
11.5594
11.5594
11.5594
11.5594
11.5594
11.6097
11.6097
11.6097
11.6097
11.6097
11.6097
11.6097
11.6097
17.9716
17.9716
17.9716
17.9716
17.9716
17.9716
17.9716
17.9716
17.0504
17.0504
17.0504
17.0504
17.0504
17.0504
17.0504
17.0504
16.1849
16.1849
16.1849
16.1849
16.1849
16.1849
16.1849
16.1849
15.3848
15.3848
15.3848
15.3848
15.3848
15.3848
15.3848
15.3848
14.6573
14.6573
14.6573
14.6573
14.6573
14.6573
14.6573
14.6573
14.0072
14.0072
14.0072
14.0072
14.0072
14.0072
14.0072
14.0072
13.4368
13.4368
13.4368
13.4368
13.4368
13.4368
13.4368
13.4368
12.9464
12.9464
12.9464
12.9464
12.9464
12.9464
12.9464
12.9464
12.535
12.535
12.535
12.535
12.535
12.535
12.535
12.535
12.2003
12.2003
12.2003
12.2003
12.2003
12.2003
12.2003
12.2003
11.9392
11.9392
11.9392
11.9392
11.9392
11.9392
11.9392
11.9392
11.7485
11.7485
11.7485
11.7485
11.7485
11.7485
11.7485
11.7485
11.6242
11.6242
11.6242
11.6242
11.6242
11.6242
11.6242
11.6242
11.5626
11.5626
11.5626
11.5626
11.5626
11.5626
11.5626
11.5626
11.5594
11.5594
11.5594
11.5594
11.5594
11.5594
11.5594
11.5594
11.6097
11.6097
11.6097
11.6097
11.6097
11.6097
11.6097
11.6097
17.9716
17.9716
17.9716
17.9716
17.9716
17.9716
17.9716
17.9716
17.0504
17.0504
17.0504
17.0504
17.0504
17.0504
17.0504
17.0504
16.1849
16.1849
16.1849
16.1849
16.1849
16.1849
16.1849
16.1849
15.3848
15.3848
15.3848
15.3848
15.3848
15.3848
15.3848
15.3848
14.6573
14.6573
14.6573
14.6573
14.6573
14.6573
14.6573
14.6573
14.0072
14.0072
14.0072
14.0072
14.0072
14.0072
14.0072
14.0072
13.4368
13.4368
13.4368
13.4368
13.4368
13.4368
13.4368
13.4368
12.9464
12.9464
12.9464
12.9464
12.9464
12.9464
12.9464
12.9464
12.535
12.535
12.535
12.535
12.535
12.535
12.535
12.535
12.2003
12.2003
12.2003
12.2003
12.2003
12.2003
12.2003
12.2003
11.9392
11.9392
11.9392
11.9392
11.9392
11.9392
11.9392
11.9392
11.7485
11.7485
11.7485
11.7485
11.7485
11.7485
11.7485
11.7485
11.6242
11.6242
11.6242
11.6242
11.6242
11.6242
11.6242
11.6242
11.5626
11.5626
11.5626
11.5626
11.5626
11.5626
11.5626
11.5626
11.5594
11.5594
11.5594
11.5594
11.5594
11.5594
11.5594
11.5594
11.6097
11.6097
11.6097
11.6097
11.6097
11.6097
11.6097
11.6097
17.9716
17.9716
17.9716
17.9716
17.9716
17.9716
17.9716
17.9716
17.0504
17.0504
17.0504
17.0504
17.0504
17.0504
17.0504
17.0504
16.1849
16.1849
16.1849
16.1849
16.1849
16.1849
16.1849
16.1849
15.3848
15.3848
15.3848
15.3848
15.3848
15.3848
15.3848
15.3848
14.6573
14.6573
14.6573
14.6573
14.6573
14.6573
14.6573
14.6573
14.0072
14.0072
14.0072
14.0072
14.0072
14.0072
14.0072
14.0072
13.4368
13.4368
13.4368
13.4368
13.4368
13.4368
13.4368
13.4368
12.9464
12.9464
12.9464
12.9464
12.9464
12.9464
12.9464
12.9464
12.535
12.535
12.535
12.535
12.535
12.535
12.535
12.535
12.2003
12.2003
12.2003
12.2003
12.2003
12.2003
12.2003
12.2003
11.9392
11.9392
11.9392
11.9392
11.9392
11.9392
11.9392
11.9392
11.7485
11.7485
11.7485
11.7485
11.7485
11.7485
11.7485
11.7485
11.6242
11.6242
11.6242
11.6242
11.6242
11.6242
11.6242
11.6242
11.5626
11.5626
11.5626
11.5626
11.5626
11.5626
11.5626
11.5626
11.5594
11.5594
11.5594
11.5594
11.5594
11.5594
11.5594
11.5594
11.6097
11.6097
11.6097
11.6097
11.6097
11.6097
11.6097
11.6097
18.1832
18.1832
18.1832
18.1832
18.1832
18.1832
18.1832
18.1832
17.1159
17.1159
17.1159
17.1159
17.1159
17.1159
17.1159
17.1159
16.1081
16.1081
16.1081
16.1081
16.1081
16.1081
16.1081
16.1081
15.1744
15.1744
15.1744
15.1744
15.1744
15.1744
15.1744
15.1744
14.3255
14.3255
14.3255
14.3255
14.3255
14.3255
14.3255
14.3255
13.5686
13.5686
13.5686
13.5686
13.5686
13.5686
13.5686
13.5686
12.9074
12.9074
12.9074
12.9074
12.9074
12.9074
12.9074
12.9074
12.3428
12.3428
12.3428
12.3428
12.3428
12.3428
12.3428
12.3428
11.8736
11.8736
11.8736
11.8736
11.8736
11.8736
11.8736
11.8736
11.4971
11.4971
11.4971
11.4971
11.4971
11.4971
11.4971
11.4971
11.2097
11.2097
11.2097
11.2097
11.2097
11.2097
11.2097
11.2097
11.0076
11.0076
11.0076
11.0076
11.0076
11.0076
11.0076
11.0076
10.886
10.886
10.886
10.886
10.886
10.886
10.886
10.886
10.8404
10.8404
10.8404
10.8404
10.8404
10.8404
10.8404
10.8404
10.8656
10.8656
10.8656
10.8656
10.8656
10.8656
10.8656
10.8656
10.9549
10.9549
10.9549
10.9549
10.9549
10.9549
10.9549
10.9549
18.1832
18.1832
18.1832
18.1832
18.1832
18.1832
18.1832
18.1832
17.1159
17.1159
17.1159
17.1159
17.1159
17.1159
17.1159
17.1159
16.1081
16.1081
16.1081
16.1081
16.1081
16.1081
16.1081
16.1081
15.1744
15.1744
15.1744
15.1744
15.1744
15.1744
15.1744
15.1744
14.3255
14.3255
14.3255
14.3255
14.3255
14.3255
14.3255
14.3255
13.5686
13.5686
13.5686
13.5686
13.5686
13.5686
13.5686
13.5686
12.9074
12.9074
12.9074
12.9074
12.9074
12.9074
12.9074
12.9074
12.3428
12.3428
12.3428
12.3428
12.3428
12.3428
12.3428
12.3428
11.8736
11.8736
11.8736
11.8736
11.8736
11.8736
11.8736
11.8736
11.4971
11.4971
11.4971
11.4971
11.4971
11.4971
11.4971
11.4971
11.2097
11.2097
11.2097
11.2097
11.2097
11.2097
11.2097
11.2097
11.0076
11.0076
11.0076
11.0076
11.0076
11.0076
11.0076
11.0076
10.886
10.886
10.886
10.886
10.886
10.886
10.886
10.886
10.8404
10.8404
10.8404
10.8404
10.8404
10.8404
10.8404
10.8404
10.8656
10.8656
10.8656
10.8656
10.8656
10.8656
10.8656
10.8656
10.9549
10.9549
10.9549
10.9549
10.9549
10.9549
10.9549
10.9549
18.1832
18.1832
18.1832
18.1832
18.1832
18.1832
18.1832
18.1832
17.1159
17.1159
17.1159
17.1159
17.1159
17.1159
17.1159
17.1159
16.1081
16.1081
16.1081
16.1081
16.1081
16.1081
16.1081
16.1081
15.1744
15.1744
15.1744
15.1744
15.1744
15.1744
15.1744
15.1744
14.3255
14.3255
14.3255
14.3255
14.3255
14.3255
14.3255
14.3255
13.5686
13.5686
13.5686
13.5686
13.5686
13.5686
13.5686
13.5686
12.9074
12.9074
12.9074
12.9074
12.9074
12.9074
12.9074
12.9074
12.3428
12.3428
12.3428
12.3428
12.3428
12.3428
12.3428
12.3428
11.8736
11.8736
11.8736
11.8736
11.8736
11.8736
11.8736
11.8736
11.4971
11.4971
11.4971
11.4971
11.4971
11.4971
11.4971
11.4971
11.2097
11.2097
11.2097
11.2097
11.2097
11.2097
11.2097
11.2097
11.0076
11.0076
11.0076
11.0076
11.0076
11.0076
11.0076
11.0076
10.886
10.886
10.886
10.886
10.886
10.886
10.886
10.886
10.8404
10.8404
10.8404
10.8404
10.8404
10.8404
10.8404
10.8404
10.8656
10.8656
10.8656
10.8656
10.8656
10.8656
10.8656
10.8656
10.9549
10.9549
10.9549
10.9549
10.9549
10.9549
10.9549
10.9549
18.1832
18.1832
18.1832
18.1832
18.1832
18.1832
18.1832
18.1832
17.1159
17.1159
17.1159
17.1159
17.1159
17.1159
17.1159
17.1159
16.1081
16.1081
16.1081
16.1081
16.1081
16.1081
16.1081
16.1081
15.1744
15.1744
15.1744
15.1744
15.1744
15.1744
15.1744
15.1744
14.3255
14.3255
14.3255
14.3255
14.3255
14.3255
14.3255
14.3255
13.5686
13.5686
13.5686
13.5686
13.5686
13.5686
13.5686
13.5686
12.9074
12.9074
12.9074
12.9074
12.9074
12.9074
12.9074
12.9074
12.3428
12.3428
12.3428
12.3428
12.3428
12.3428
12.3428
12.3428
11.8736
11.8736
11.8736
11.8736
11.8736
11.8736
11.8736
11.8736
11.4971
11.4971
11.4971
11.4971
11.4971
11.4971
11.4971
11.4971
11.2097
11.2097
11.2097
11.2097
11.2097
11.2097
11.2097
11.2097
11.0076
11.0076
11.0076
11.0076
11.0076
11.0076
11.0076
11.0076
10.886
10.886
10.886
10.886
10.886
10.886
10.886
10.886
10.8404
10.8404
10.8404
10.8404
10.8404
10.8404
10.8404
10.8404
10.8656
10.8656
10.8656
10.8656
10.8656
10.8656
10.8656
10.8656
10.9549
10.9549
10.9549
10.9549
10.9549
10.9549
10.9549
10.9549
18.8411
18.8411
18.8411
18.8411
18.8411
18.8411
18.8411
18.8411
17.5789
17.5789
17.5789
17.5789
17.5789
17.5789
17.5789
17.5789
16.3838
16.3838
16.3838
16.3838
16.3838
16.3838
16.3838
16.3838
15.2766
15.2766
15.2766
15.2766
15.2766
15.2766
15.2766
15.2766
14.2721
14.2721
14.2721
14.2721
14.2721
14.2721
14.2721
14.2721
13.3797
13.3797
13.3797
13.3797
13.3797
13.3797
13.3797
13.3797
12.6039
12.6039
12.6039
12.6039
12.6039
12.6039
12.6039
12.6039
11.9452
11.9452
11.9452
11.9452
11.9452
11.9452
11.9452
11.9452
11.4015
11.4015
11.4015
11.4015
11.4015
11.4015
11.4015
11.4015
10.9687
10.9687
10.9687
10.9687
10.9687
10.9687
10.9687
10.9687
10.642
10.642
10.642
10.642
10.642
10.642
10.642
10.642
10.4157
10.4157
10.4157
10.4157
10.4157
10.4157
10.4157
10.4157
10.2845
10.2845
10.2845
10.2845
10.2845
10.2845
10.2845
10.2845
10.2424
10.2424
10.2424
10.2424
10.2424
10.2424
10.2424
10.2424
10.2832
10.2832
10.2832
10.2832
10.2832
10.2832
10.2832
10.2832
10.3987
10.3987
10.3987
10.3987
10.3987
10.3987
10.3987
10.3987
18.8411
18.8411
18.8411
18.8411
18.8411
18.8411
18.8411
18.8411
17.5789
17.5789
17.5789
17.5789
17.5789
17.5789
17.5789
17.5789
16.3838
16.3838
16.3838
16.3838
16.3838
16.3838
16.3838
16.3838
15.2766
15.2766
15.2766
15.2766
15.2766
15.2766
15.2766
15.2766
14.2721
14.2721
14.2721
14.2721
14.2721
14.2721
14.2721
14.2721
13.3797
13.3797
13.3797
13.3797
13.3797
13.3797
13.3797
13.3797
12.6039
12.6039
12.6039
12.6039
12.6039
12.6039
12.6039
12.6039
11.9452
11.9452
11.9452
11.9452
11.9452
11.9452
11.9452
11.9452
11.4015
11.4015
11.4015
11.4015
11.4015
11.4015
11.4015
11.4015
10.9687
10.9687
10.9687
10.9687
10.9687
10.9687
10.9687
10.9687
10.642
10.642
10.642
10.642
10.642
10.642
10.642
10.642
10.4157
10.4157
10.4157
10.4157
10.4157
10.4157
10.4157
10.4157
10.2845
10.2845
10.2845
10.2845
10.2845
10.2845
10.2845
10.2845
10.2424
10.2424
10.2424
10.2424
10.2424
10.2424
10.2424
10.2424
10.2832
10.2832
10.2832
10.2832
10.2832
10.2832
10.2832
10.2832
10.3987
10.3987
10.3987
10.3987
10.3987
10.3987
10.3987
10.3987
18.8411
18.8411
18.8411
18.8411
18.8411
18.8411
18.8411
18.8411
17.5789
17.5789
17.5789
17.5789
17.5789
17.5789
17.5789
17.5789
16.3838
16.3838
16.3838
16.3838
16.3838
16.3838
16.3838
16.3838
15.2766
15.2766
15.2766
15.2766
15.2766
15.2766
15.2766
15.2766
14.2721
14.2721
14.2721
14.2721
14.2721
14.2721
14.2721
14.2721
13.3797
13.3797
13.3797
13.3797
13.3797
13.3797
13.3797
13.3797
12.6039
12.6039
12.6039
12.6039
12.6039
12.6039
12.6039
12.6039
11.9452
11.9452
11.9452
11.9452
11.9452
11.9452
11.9452
11.9452
11.4015
11.4015
11.4015
11.4015
11.4015
11.4015
11.4015
11.4015
10.9687
10.9687
10.9687
10.9687
10.9687
10.9687
10.9687
10.9687
10.642
10.642
10.642
10.642
10.642
10.642
10.642
10.642
10.4157
10.4157
10.4157
10.4157
10.4157
10.4157
10.4157
10.4157
10.2845
10.2845
10.2845
10.2845
10.2845
10.2845
10.2845
10.2845
10.2424
10.2424
10.2424
10.2424
10.2424
10.2424
10.2424
10.2424
10.2832
10.2832
10.2832
10.2832
10.2832
10.2832
10.2832
10.2832
10.3987
10.3987
10.3987
10.3987
10.3987
10.3987
10.3987
10.3987
18.8411
18.8411
18.8411
18.8411
18.8411
18.8411
18.8411
18.8411
17.5789
17.5789
17.5789
17.5789
17.5789
17.5789
17.5789
17.5789
16.3838
16.3838
16.3838
16.3838
16.3838
16.3838
16.3838
16.3838
15.2766
15.2766
15.2766
15.2766
15.2766
15.2766
15.2766
15.2766
14.2721
14.2721
14.2721
14.2721
14.2721
14.2721
14.2721
14.2721
13.3797
13.3797
13.3797
13.3797
13.3797
13.3797
13.3797
13.3797
12.6039
12.6039
12.6039
12.6039
12.6039
12.6039
12.6039
12.6039
11.9452
11.9452
11.9452
11.9452
11.9452
11.9452
11.9452
11.9452
11.4015
11.4015
11.4015
11.4015
11.4015
11.4015
11.4015
11.4015
10.9687
10.9687
10.9687
10.9687
10.9687
10.9687
10.9687
10.9687
10.642
10.642
10.642
10.642
10.642
10.642
10.642
10.642
10.4157
10.4157
10.4157
10.4157
10.4157
10.4157
10.4157
10.4157
10.2845
10.2845
10.2845
10.2845
10.2845
10.2845
10.2845
10.2845
10.2424
10.2424
10.2424
10.2424
10.2424
10.2424
10.2424
10.2424
10.2832
10.2832
10.2832
10.2832
10.2832
10.2832
10.2832
10.2832
10.3987
10.3987
10.3987
10.3987
10.3987
10.3987
10.3987
10.3987
19.9844
19.9844
19.9844
19.9844
19.9844
19.9844
19.9844
19.9844
18.4686
18.4686
18.4686
18.4686
18.4686
18.4686
18.4686
18.4686
17.0327
17.0327
17.0327
17.0327
17.0327
17.0327
17.0327
17.0327
15.7051
15.7051
15.7051
15.7051
15.7051
15.7051
15.7051
15.7051
14.5053
14.5053
14.5053
14.5053
14.5053
14.5053
14.5053
14.5053
13.4449
13.4449
13.4449
13.4449
13.4449
13.4449
13.4449
13.4449
12.528
12.528
12.528
12.528
12.528
12.528
12.528
12.528
11.754
11.754
11.754
11.754
11.754
11.754
11.754
11.754
11.1186
11.1186
11.1186
11.1186
11.1186
11.1186
11.1186
11.1186
10.6152
10.6152
10.6152
10.6152
10.6152
10.6152
10.6152
10.6152
10.2364
10.2364
10.2364
10.2364
10.2364
10.2364
10.2364
10.2364
9.97452
9.97452
9.97452
9.97452
9.97452
9.97452
9.97452
9.97452
9.82228
9.82228
9.82228
9.82228
9.82228
9.82228
9.82228
9.82228
9.77232
9.77232
9.77232
9.77232
9.77232
9.77232
9.77232
9.77232
9.817
9.817
9.817
9.817
9.817
9.817
9.817
9.817
9.94677
9.94677
9.94677
9.94677
9.94677
9.94677
9.94677
9.94677
19.9844
19.9844
19.9844
19.9844
19.9844
19.9844
19.9844
19.9844
18.4686
18.4686
18.4686
18.4686
18.4686
18.4686
18.4686
18.4686
17.0327
17.0327
17.0327
17.0327
17.0327
17.0327
17.0327
17.0327
15.7051
15.7051
15.7051
15.7051
15.7051
15.7051
15.7051
15.7051
14.5053
14.5053
14.5053
14.5053
14.5053
14.5053
14.5053
14.5053
13.4449
13.4449
13.4449
13.4449
13.4449
13.4449
13.4449
13.4449
12.528
12.528
12.528
12.528
12.528
12.528
12.528
12.528
11.754
11.754
11.754
11.754
11.754
11.754
11.754
11.754
11.1186
11.1186
11.1186
11.1186
11.1186
11.1186
11.1186
11.1186
10.6152
10.6152
10.6152
10.6152
10.6152
10.6152
10.6152
10.6152
10.2364
10.2364
10.2364
10.2364
10.2364
10.2364
10.2364
10.2364
9.97452
9.97452
9.97452
9.97452
9.97452
9.97452
9.97452
9.97452
9.82228
9.82228
9.82228
9.82228
9.82228
9.82228
9.82228
9.82228
9.77232
9.77232
9.77232
9.77232
9.77232
9.77232
9.77232
9.77232
9.817
9.817
9.817
9.817
9.817
9.817
9.817
9.817
9.94677
9.94677
9.94677
9.94677
9.94677
9.94677
9.94677
9.94677
19.9844
19.9844
19.9844
19.9844
19.9844
19.9844
19.9844
19.9844
18.4686
18.4686
18.4686
18.4686
18.4686
18.4686
18.4686
18.4686
17.0327
17.0327
17.0327
17.0327
17.0327
17.0327
17.0327
17.0327
15.7051
15.7051
15.7051
15.7051
15.7051
15.7051
15.7051
15.7051
14.5053
14.5053
14.5053
14.5053
14.5053
14.5053
14.5053
14.5053
13.4449
13.4449
13.4449
13.4449
13.4449
13.4449
13.4449
13.4449
12.528
12.528
12.528
12.528
12.528
12.528
12.528
12.528
11.754
11.754
11.754
11.754
11.754
11.754
11.754
11.754
11.1186
11.1186
11.1186
11.1186
11.1186
11.1186
11.1186
11.1186
10.6152
10.6152
10.6152
10.6152
10.6152
10.6152
10.6152
10.6152
10.2364
10.2364
10.2364
10.2364
10.2364
10.2364
10.2364
10.2364
9.97452
9.97452
9.97452
9.97452
9.97452
9.97452
9.97452
9.97452
9.82228
9.82228
9.82228
9.82228
9.82228
9.82228
9.82228
9.82228
9.77232
9.77232
9.77232
9.77232
9.77232
9.77232
9.77232
9.77232
9.817
9.817
9.817
9.817
9.817
9.817
9.817
9.817
9.94677
9.94677
9.94677
9.94677
9.94677
9.94677
9.94677
9.94677
19.9844
19.9844
19.9844
19.9844
19.9844
19.9844
19.9844
19.9844
18.4686
18.4686
18.4686
18.4686
18.4686
18.4686
18.4686
18.4686
17.0327
17.0327
17.0327
17.0327
17.0327
17.0327
17.0327
17.0327
15.7051
15.7051
15.7051
15.7051
15.7051
15.7051
15.7051
15.7051
14.5053
14.5053
14.5053
14.5053
14.5053
14.5053
14.5053
14.5053
13.4449
13.4449
13.4449
13.4449
13.4449
13.4449
13.4449
13.4449
12.528
12.528
12.528
12.528
12.528
12.528
12.528
12.528
11.754
11.754
11.754
11.754
11.754
11.754
11.754
11.754
11.1186
11.1186
11.1186
11.1186
11.1186
11.1186
11.1186
11.1186
10.6152
10.6152
10.6152
10.6152
10.6152
10.6152
10.6152
10.6152
10.2364
10.2364
10.2364
10.2364
10.2364
10.2364
10.2364
10.2364
9.97452
9.97452
9.97452
9.97452
9.97452
9.97452
9.97452
9.97452
9.82228
9.82228
9.82228
9.82228
9.82228
9.82228
9.82228
9.82228
9.77232
9.77232
9.77232
9.77232
9.77232
9.77232
9.77232
9.77232
9.817
9.817
9.817
9.817
9.817
9.817
9.817
9.817
9.94677
9.94677
9.94677
9.94677
9.94677
9.94677
9.94677
9.94677
21.6579
21.6579
21.6579
21.6579
21.6579
21.6579
21.6579
21.6579
19.8185
19.8185
19.8185
19.8185
19.8185
19.8185
19.8185
19.8185
18.0782
18.0782
18.0782
18.0782
18.0782
18.0782
18.0782
18.0782
16.4749
16.4749
16.4749
16.4749
16.4749
16.4749
16.4749
16.4749
15.0337
15.0337
15.0337
15.0337
15.0337
15.0337
15.0337
15.0337
13.7677
13.7677
13.7677
13.7677
13.7677
13.7677
13.7677
13.7677
12.6801
12.6801
12.6801
12.6801
12.6801
12.6801
12.6801
12.6801
11.7676
11.7676
11.7676
11.7676
11.7676
11.7676
11.7676
11.7676
11.022
11.022
11.022
11.022
11.022
11.022
11.022
11.022
10.4332
10.4332
10.4332
10.4332
10.4332
10.4332
10.4332
10.4332
9.98993
9.98993
9.98993
9.98993
9.98993
9.98993
9.98993
9.98993
9.68147
9.68147
9.68147
9.68147
9.68147
9.68147
9.68147
9.68147
9.49781
9.49781
9.49781
9.49781
9.49781
9.49781
9.49781
9.49781
9.42961
9.42961
9.42961
9.42961
9.42961
9.42961
9.42961
9.42961
9.4676
9.4676
9.4676
9.4676
9.4676
9.4676
9.4676
9.4676
9.60067
9.60067
9.60067
9.60067
9.60067
9.60067
9.60067
9.60067
21.6579
21.6579
21.6579
21.6579
21.6579
21.6579
21.6579
21.6579
19.8185
19.8185
19.8185
19.8185
19.8185
19.8185
19.8185
19.8185
18.0782
18.0782
18.0782
18.0782
18.0782
18.0782
18.0782
18.0782
16.4749
16.4749
16.4749
16.4749
16.4749
16.4749
16.4749
16.4749
15.0337
15.0337
15.0337
15.0337
15.0337
15.0337
15.0337
15.0337
13.7677
13.7677
13.7677
13.7677
13.7677
13.7677
13.7677
13.7677
12.6801
12.6801
12.6801
12.6801
12.6801
12.6801
12.6801
12.6801
11.7676
11.7676
11.7676
11.7676
11.7676
11.7676
11.7676
11.7676
11.022
11.022
11.022
11.022
11.022
11.022
11.022
11.022
10.4332
10.4332
10.4332
10.4332
10.4332
10.4332
10.4332
10.4332
9.98993
9.98993
9.98993
9.98993
9.98993
9.98993
9.98993
9.98993
9.68147
9.68147
9.68147
9.68147
9.68147
9.68147
9.68147
9.68147
9.49781
9.49781
9.49781
9.49781
9.49781
9.49781
9.49781
9.49781
9.42961
9.42961
9.42961
9.42961
9.42961
9.42961
9.42961
9.42961
9.4676
9.4676
9.4676
9.4676
9.4676
9.4676
9.4676
9.4676
9.60067
9.60067
9.60067
9.60067
9.60067
9.60067
9.60067
9.60067
21.6579
21.6579
21.6579
21.6579
21.6579
21.6579
21.6579
21.6579
19.8185
19.8185
19.8185
19.8185
19.8185
19.8185
19.8185
19.8185
18.0782
18.0782
18.0782
18.0782
18.0782
18.0782
18.0782
18.0782
16.4749
16.4749
16.4749
16.4749
16.4749
16.4749
16.4749
16.4749
15.0337
15.0337
15.0337
15.0337
15.0337
15.0337
15.0337
15.0337
13.7677
13.7677
13.7677
13.7677
13.7677
13.7677
13.7677
13.7677
12.6801
12.6801
12.6801
12.6801
12.6801
12.6801
12.6801
12.6801
11.7676
11.7676
11.7676
11.7676
11.7676
11.7676
11.7676
11.7676
11.022
11.022
11.022
11.022
11.022
11.022
11.022
11.022
10.4332
10.4332
10.4332
10.4332
10.4332
10.4332
10.4332
10.4332
9.98993
9.98993
9.98993
9.98993
9.98993
9.98993
9.98993
9.98993
9.68147
9.68147
9.68147
9.68147
9.68147
9.68147
9.68147
9.68147
9.49781
9.49781
9.49781
9.49781
9.49781
9.49781
9.49781
9.49781
9.42961
9.42961
9.42961
9.42961
9.42961
9.42961
9.42961
9.42961
9.4676
9.4676
9.4676
9.4676
9.4676
9.4676
9.4676
9.4676
9.60067
9.60067
9.60067
9.60067
9.60067
9.60067
9.60067
9.60067
21.6579
21.6579
21.6579
21.6579
21.6579
21.6579
21.6579
21.6579
19.8185
19.8185
19.8185
19.8185
19.8185
19.8185
19.8185
19.8185
18.0782
18.0782
18.0782
18.0782
18.0782
18.0782
18.0782
18.0782
16.4749
16.4749
16.4749
16.4749
16.4749
16.4749
16.4749
16.4749
15.0337
15.0337
15.0337
15.0337
15.0337
15.0337
15.0337
15.0337
13.7677
13.7677
13.7677
13.7677
13.7677
13.7677
13.7677
13.7677
12.6801
12.6801
12.6801
12.6801
12.6801
12.6801
12.6801
12.6801
11.7676
11.7676
11.7676
11.7676
11.7676
11.7676
11.7676
11.7676
11.022
11.022
11.022
11.022
11.022
11.022
11.022
11.022
10.4332
10.4332
10.4332
10.4332
10.4332
10.4332
10.4332
10.4332
9.98993
9.98993
9.98993
9.98993
9.98993
9.98993
9.98993
9.98993
9.68147
9.68147
9.68147
9.68147
9.68147
9.68147
9.68147
9.68147
9.49781
9.49781
9.49781
9.49781
9.49781
9.49781
9.49781
9.49781
9.42961
9.42961
9.42961
9.42961
9.42961
9.42961
9.42961
9.42961
9.4676
9.4676
9.4676
9.4676
9.4676
9.4676
9.4676
9.4676
9.60067
9.60067
9.60067
9.60067
9.60067
9.60067
9.60067
9.60067
23.9055
23.9055
23.9055
23.9055
23.9055
23.9055
23.9055
23.9055
21.6616
21.6616
21.6616
21.6616
21.6616
21.6616
21.6616
21.6616
19.5433
19.5433
19.5433
19.5433
19.5433
19.5433
19.5433
19.5433
17.6008
17.6008
17.6008
17.6008
17.6008
17.6008
17.6008
17.6008
15.8654
15.8654
15.8654
15.8654
15.8654
15.8654
15.8654
15.8654
14.3514
14.3514
14.3514
14.3514
14.3514
14.3514
14.3514
14.3514
13.0599
13.0599
13.0599
13.0599
13.0599
13.0599
13.0599
13.0599
11.9831
11.9831
11.9831
11.9831
11.9831
11.9831
11.9831
11.9831
11.1077
11.1077
11.1077
11.1077
11.1077
11.1077
11.1077
11.1077
10.4179
10.4179
10.4179
10.4179
10.4179
10.4179
10.4179
10.4179
9.89766
9.89766
9.89766
9.89766
9.89766
9.89766
9.89766
9.89766
9.53185
9.53185
9.53185
9.53185
9.53185
9.53185
9.53185
9.53185
9.30707
9.30707
9.30707
9.30707
9.30707
9.30707
9.30707
9.30707
9.21124
9.21124
9.21124
9.21124
9.21124
9.21124
9.21124
9.21124
9.23305
9.23305
9.23305
9.23305
9.23305
9.23305
9.23305
9.23305
9.35952
9.35952
9.35952
9.35952
9.35952
9.35952
9.35952
9.35952
23.9055
23.9055
23.9055
23.9055
23.9055
23.9055
23.9055
23.9055
21.6616
21.6616
21.6616
21.6616
21.6616
21.6616
21.6616
21.6616
19.5433
19.5433
19.5433
19.5433
19.5433
19.5433
19.5433
19.5433
17.6008
17.6008
17.6008
17.6008
17.6008
17.6008
17.6008
17.6008
15.8654
15.8654
15.8654
15.8654
15.8654
15.8654
15.8654
15.8654
14.3514
14.3514
14.3514
14.3514
14.3514
14.3514
14.3514
14.3514
13.0599
13.0599
13.0599
13.0599
13.0599
13.0599
13.0599
13.0599
11.9831
11.9831
11.9831
11.9831
11.9831
11.9831
11.9831
11.9831
11.1077
11.1077
11.1077
11.1077
11.1077
11.1077
11.1077
11.1077
10.4179
10.4179
10.4179
10.4179
10.4179
10.4179
10.4179
10.4179
9.89766
9.89766
9.89766
9.89766
9.89766
9.89766
9.89766
9.89766
9.53185
9.53185
9.53185
9.53185
9.53185
9.53185
9.53185
9.53185
9.30707
9.30707
9.30707
9.30707
9.30707
9.30707
9.30707
9.30707
9.21124
9.21124
9.21124
9.21124
9.21124
9.21124
9.21124
9.21124
9.23305
9.23305
9.23305
9.23305
9.23305
9.23305
9.23305
9.23305
9.35952
9.35952
9.35952
9.35952
9.35952
9.35952
9.35952
9.35952
23.9055
23.9055
23.9055
23.9055
23.9055
23.9055
23.9055
23.9055
21.6616
21.6616
21.6616
21.6616
21.6616
21.6616
21.6616
21.6616
19.5433
19.5433
19.5433
19.5433
19.5433
19.5433
19.5433
19.5433
17.6008
17.6008
17.6008
17.6008
17.6008
17.6008
17.6008
17.6008
15.8654
15.8654
15.8654
15.8654
15.8654
15.8654
15.8654
15.8654
14.3514
14.3514
14.3514
14.3514
14.3514
14.3514
14.3514
14.3514
13.0599
13.0599
13.0599
13.0599
13.0599
13.0599
13.0599
13.0599
11.9831
11.9831
11.9831
11.9831
11.9831
11.9831
11.9831
11.9831
11.1077
11.1077
11.1077
11.1077
11.1077
11.1077
11.1077
11.1077
10.4179
10.4179
10.4179
10.4179
10.4179
10.4179
10.4179
10.4179
9.89766
9.89766
9.89766
9.89766
9.89766
9.89766
9.89766
9.89766
9.53185
9.53185
9.53185
9.53185
9.53185
9.53185
9.53185
9.53185
9.30707
9.30707
9.30707
9.30707
9.30707
9.30707
9.30707
9.30707
9.21124
9.21124
9.21124
9.21124
9.21124
9.21124
9.21124
9.21124
9.23305
9.23305
9.23305
9.23305
9.23305
9.23305
9.23305
9.23305
9.35952
9.35952
9.35952
9.35952
9.35952
9.35952
9.35952
9.35952
23.9055
23.9055
23.9055
23.9055
23.9055
23.9055
23.9055
23.9055
21.6616
21.6616
21.6616
21.6616
21.6616
21.6616
21.6616
21.6616
19.5433
19.5433
19.5433
19.5433
19.5433
19.5433
19.5433
19.5433
17.6008
17.6008
17.6008
17.6008
17.6008
17.6008
17.6008
17.6008
15.8654
15.8654
15.8654
15.8654
15.8654
15.8654
15.8654
15.8654
14.3514
14.3514
14.3514
14.3514
14.3514
14.3514
14.3514
14.3514
13.0599
13.0599
13.0599
13.0599
13.0599
13.0599
13.0599
13.0599
11.9831
11.9831
11.9831
11.9831
11.9831
11.9831
11.9831
11.9831
11.1077
11.1077
11.1077
11.1077
11.1077
11.1077
11.1077
11.1077
10.4179
10.4179
10.4179
10.4179
10.4179
10.4179
10.4179
10.4179
9.89766
9.89766
9.89766
9.89766
9.89766
9.89766
9.89766
9.89766
9.53185
9.53185
9.53185
9.53185
9.53185
9.53185
9.53185
9.53185
9.30707
9.30707
9.30707
9.30707
9.30707
9.30707
9.30707
9.30707
9.21124
9.21124
9.21124
9.21124
9.21124
9.21124
9.21124
9.21124
9.23305
9.23305
9.23305
9.23305
9.23305
9.23305
9.23305
9.23305
9.35952
9.35952
9.35952
9.35952
9.35952
9.35952
9.35952
9.35952
26.7593
26.7593
26.7593
26.7593
26.7593
26.7593
26.7593
26.7593
24.0214
24.0214
24.0214
24.0214
24.0214
24.0214
24.0214
24.0214
21.444
21.444
21.444
21.444
21.444
21.444
21.444
21.444
19.0923
19.0923
19.0923
19.0923
19.0923
19.0923
19.0923
19.0923
17.0049
17.0049
17.0049
17.0049
17.0049
17.0049
17.0049
17.0049
15.1968
15.1968
15.1968
15.1968
15.1968
15.1968
15.1968
15.1968
13.6654
13.6654
13.6654
13.6654
13.6654
13.6654
13.6654
13.6654
12.3968
12.3968
12.3968
12.3968
12.3968
12.3968
12.3968
12.3968
11.3706
11.3706
11.3706
11.3706
11.3706
11.3706
11.3706
11.3706
10.5637
10.5637
10.5637
10.5637
10.5637
10.5637
10.5637
10.5637
9.95362
9.95362
9.95362
9.95362
9.95362
9.95362
9.95362
9.95362
9.51997
9.51997
9.51997
9.51997
9.51997
9.51997
9.51997
9.51997
9.24477
9.24477
9.24477
9.24477
9.24477
9.24477
9.24477
9.24477
9.11259
9.11259
9.11259
9.11259
9.11259
9.11259
9.11259
9.11259
9.10949
9.10949
9.10949
9.10949
9.10949
9.10949
9.10949
9.10949
9.22047
9.22047
9.22047
9.22047
9.22047
9.22047
9.22047
9.22047
26.7593
26.7593
26.7593
26.7593
26.7593
26.7593
26.7593
26.7593
24.0214
24.0214
24.0214
24.0214
24.0214
24.0214
24.0214
24.0214
21.444
21.444
21.444
21.444
21.444
21.444
21.444
21.444
19.0923
19.0923
19.0923
19.0923
19.0923
19.0923
19.0923
19.0923
17.0049
17.0049
17.0049
17.0049
17.0049
17.0049
17.0049
17.0049
15.1968
15.1968
15.1968
15.1968
15.1968
15.1968
15.1968
15.1968
13.6654
13.6654
13.6654
13.6654
13.6654
13.6654
13.6654
13.6654
12.3968
12.3968
12.3968
12.3968
12.3968
12.3968
12.3968
12.3968
11.3706
11.3706
11.3706
11.3706
11.3706
11.3706
11.3706
11.3706
10.5637
10.5637
10.5637
10.5637
10.5637
10.5637
10.5637
10.5637
9.95362
9.95362
9.95362
9.95362
9.95362
9.95362
9.95362
9.95362
9.51997
9.51997
9.51997
9.51997
9.51997
9.51997
9.51997
9.51997
9.24477
9.24477
9.24477
9.24477
9.24477
9.24477
9.24477
9.24477
9.11259
9.11259
9.11259
9.11259
9.11259
9.11259
9.11259
9.11259
9.10949
9.10949
9.10949
9.10949
9.10949
9.10949
9.10949
9.10949
9.22047
9.22047
9.22047
9.22047
9.22047
9.22047
9.22047
9.22047
26.7593
26.7593
26.7593
26.7593
26.7593
26.7593
26.7593
26.7593
24.0214
24.0214
24.0214
24.0214
24.0214
24.0214
24.0214
24.0214
21.444
21.444
21.444
21.444
21.444
21.444
21.444
21.444
19.0923
19.0923
19.0923
19.0923
19.0923
19.0923
19.0923
19.0923
17.0049
17.0049
17.0049
17.0049
17.0049
17.0049
17.0049
17.0049
15.1968
15.1968
15.1968
15.1968
15.1968
15.1968
15.1968
15.1968
13.6654
13.6654
13.6654
13.6654
13.6654
13.6654
13.6654
13.6654
12.3968
12.3968
12.3968
12.3968
12.3968
12.3968
12.3968
12.3968
11.3706
11.3706
11.3706
11.3706
11.3706
11.3706
11.3706
11.3706
10.5637
10.5637
10.5637
10.5637
10.5637
10.5637
10.5637
10.5637
9.95362
9.95362
9.95362
9.95362
9.95362
9.95362
9.95362
9.95362
9.51997
9.51997
9.51997
9.51997
9.51997
9.51997
9.51997
9.51997
9.24477
9.24477
9.24477
9.24477
9.24477
9.24477
9.24477
9.24477
9.11259
9.11259
9.11259
9.11259
9.11259
9.11259
9.11259
9.11259
9.10949
9.10949
9.10949
9.10949
9.10949
9.10949
9.10949
9.10949
9.22047
9.22047
9.22047
9.22047
9.22047
9.22047
9.22047
9.22047
26.7593
26.7593
26.7593
26.7593
26.7593
26.7593
26.7593
26.7593
24.0214
24.0214
24.0214
24.0214
24.0214
24.0214
24.0214
24.0214
21.444
21.444
21.444
21.444
21.444
21.444
21.444
21.444
19.0923
19.0923
19.0923
19.0923
19.0923
19.0923
19.0923
19.0923
17.0049
17.0049
17.0049
17.0049
17.0049
17.0049
17.0049
17.0049
15.1968
15.1968
15.1968
15.1968
15.1968
15.1968
15.1968
15.1968
13.6654
13.6654
13.6654
13.6654
13.6654
13.6654
13.6654
13.6654
12.3968
12.3968
12.3968
12.3968
12.3968
12.3968
12.3968
12.3968
11.3706
11.3706
11.3706
11.3706
11.3706
11.3706
11.3706
11.3706
10.5637
10.5637
10.5637
10.5637
10.5637
10.5637
10.5637
10.5637
9.95362
9.95362
9.95362
9.95362
9.95362
9.95362
9.95362
9.95362
9.51997
9.51997
9.51997
9.51997
9.51997
9.51997
9.51997
9.51997
9.24477
9.24477
9.24477
9.24477
9.24477
9.24477
9.24477
9.24477
9.11259
9.11259
9.11259
9.11259
9.11259
9.11259
9.11259
9.11259
9.10949
9.10949
9.10949
9.10949
9.10949
9.10949
9.10949
9.10949
9.22047
9.22047
9.22047
9.22047
9.22047
9.22047
9.22047
9.22047
30.2212
30.2212
30.2212
30.2212
30.2212
30.2212
30.2212
30.2212
26.8988
26.8988
26.8988
26.8988
26.8988
26.8988
26.8988
26.8988
23.7793
23.7793
23.7793
23.7793
23.7793
23.7793
23.7793
23.7793
20.9467
20.9467
20.9467
20.9467
20.9467
20.9467
20.9467
20.9467
18.448
18.448
18.448
18.448
18.448
18.448
18.448
18.448
16.2985
16.2985
16.2985
16.2985
16.2985
16.2985
16.2985
16.2985
14.4907
14.4907
14.4907
14.4907
14.4907
14.4907
14.4907
14.4907
13.0023
13.0023
13.0023
13.0023
13.0023
13.0023
13.0023
13.0023
11.8039
11.8039
11.8039
11.8039
11.8039
11.8039
11.8039
11.8039
10.8636
10.8636
10.8636
10.8636
10.8636
10.8636
10.8636
10.8636
10.1511
10.1511
10.1511
10.1511
10.1511
10.1511
10.1511
10.1511
9.63922
9.63922
9.63922
9.63922
9.63922
9.63922
9.63922
9.63922
9.30479
9.30479
9.30479
9.30479
9.30479
9.30479
9.30479
9.30479
9.12816
9.12816
9.12816
9.12816
9.12816
9.12816
9.12816
9.12816
9.09224
9.09224
9.09224
9.09224
9.09224
9.09224
9.09224
9.09224
9.1796
9.1796
9.1796
9.1796
9.1796
9.1796
9.1796
9.1796
30.2212
30.2212
30.2212
30.2212
30.2212
30.2212
30.2212
30.2212
26.8988
26.8988
26.8988
26.8988
26.8988
26.8988
26.8988
26.8988
23.7793
23.7793
23.7793
23.7793
23.7793
23.7793
23.7793
23.7793
20.9467
20.9467
20.9467
20.9467
20.9467
20.9467
20.9467
20.9467
18.448
18.448
18.448
18.448
18.448
18.448
18.448
18.448
16.2985
16.2985
16.2985
16.2985
16.2985
16.2985
16.2985
16.2985
14.4907
14.4907
14.4907
14.4907
14.4907
14.4907
14.4907
14.4907
13.0023
13.0023
13.0023
13.0023
13.0023
13.0023
13.0023
13.0023
11.8039
11.8039
11.8039
11.8039
11.8039
11.8039
11.8039
11.8039
10.8636
10.8636
10.8636
10.8636
10.8636
10.8636
10.8636
10.8636
10.1511
10.1511
10.1511
10.1511
10.1511
10.1511
10.1511
10.1511
9.63922
9.63922
9.63922
9.63922
9.63922
9.63922
9.63922
9.63922
9.30479
9.30479
9.30479
9.30479
9.30479
9.30479
9.30479
9.30479
9.12816
9.12816
9.12816
9.12816
9.12816
9.12816
9.12816
9.12816
9.09224
9.09224
9.09224
9.09224
9.09224
9.09224
9.09224
9.09224
9.1796
9.1796
9.1796
9.1796
9.1796
9.1796
9.1796
9.1796
30.2212
30.2212
30.2212
30.2212
30.2212
30.2212
30.2212
30.2212
26.8988
26.8988
26.8988
26.8988
26.8988
26.8988
26.8988
26.8988
23.7793
23.7793
23.7793
23.7793
23.7793
23.7793
23.7793
23.7793
20.9467
20.9467
20.9467
20.9467
20.9467
20.9467
20.9467
20.9467
18.448
18.448
18.448
18.448
18.448
18.448
18.448
18.448
16.2985
16.2985
16.2985
16.2985
16.2985
16.2985
16.2985
16.2985
14.4907
14.4907
14.4907
14.4907
14.4907
14.4907
14.4907
14.4907
13.0023
13.0023
13.0023
13.0023
13.0023
13.0023
13.0023
13.0023
11.8039
11.8039
11.8039
11.8039
11.8039
11.8039
11.8039
11.8039
10.8636
10.8636
10.8636
10.8636
10.8636
10.8636
10.8636
10.8636
10.1511
10.1511
10.1511
10.1511
10.1511
10.1511
10.1511
10.1511
9.63922
9.63922
9.63922
9.63922
9.63922
9.63922
9.63922
9.63922
9.30479
9.30479
9.30479
9.30479
9.30479
9.30479
9.30479
9.30479
9.12816
9.12816
9.12816
9.12816
9.12816
9.12816
9.12816
9.12816
9.09224
9.09224
9.09224
9.09224
9.09224
9.09224
9.09224
9.09224
9.1796
9.1796
9.1796
9.1796
9.1796
9.1796
9.1796
9.1796
30.2212
30.2212
30.2212
30.2212
30.2212
30.2212
30.2212
30.2212
26.8988
26.8988
26.8988
26.8988
26.8988
26.8988
26.8988
26.8988
23.7793
23.7793
23.7793
23.7793
23.7793
23.7793
23.7793
23.7793
20.9467
20.9467
20.9467
20.9467
20.9467
20.9467
20.9467
20.9467
18.448
18.448
18.448
18.448
18.448
18.448
18.448
18.448
16.2985
16.2985
16.2985
16.2985
16.2985
16.2985
16.2985
16.2985
14.4907
14.4907
14.4907
14.4907
14.4907
14.4907
14.4907
14.4907
13.0023
13.0023
13.0023
13.0023
13.0023
13.0023
13.0023
13.0023
11.8039
11.8039
11.8039
11.8039
11.8039
11.8039
11.8039
11.8039
10.8636
10.8636
10.8636
10.8636
10.8636
10.8636
10.8636
10.8636
10.1511
10.1511
10.1511
10.1511
10.1511
10.1511
10.1511
10.1511
9.63922
9.63922
9.63922
9.63922
9.63922
9.63922
9.63922
9.63922
9.30479
9.30479
9.30479
9.30479
9.30479
9.30479
9.30479
9.30479
9.12816
9.12816
9.12816
9.12816
9.12816
9.12816
9.12816
9.12816
9.09224
9.09224
9.09224
9.09224
9.09224
9.09224
9.09224
9.09224
9.1796
9.1796
9.1796
9.1796
9.1796
9.1796
9.1796
9.1796
34.2408
34.2408
34.2408
34.2408
34.2408
34.2408
34.2408
34.2408
30.2538
30.2538
30.2538
30.2538
30.2538
30.2538
30.2538
30.2538
26.5176
26.5176
26.5176
26.5176
26.5176
26.5176
26.5176
26.5176
23.139
23.139
23.139
23.139
23.139
23.139
23.139
23.139
20.1748
20.1748
20.1748
20.1748
20.1748
20.1748
20.1748
20.1748
17.6406
17.6406
17.6406
17.6406
17.6406
17.6406
17.6406
17.6406
15.5224
15.5224
15.5224
15.5224
15.5224
15.5224
15.5224
15.5224
13.7884
13.7884
13.7884
13.7884
13.7884
13.7884
13.7884
13.7884
12.3979
12.3979
12.3979
12.3979
12.3979
12.3979
12.3979
12.3979
11.309
11.309
11.309
11.309
11.309
11.309
11.309
11.309
10.4821
10.4821
10.4821
10.4821
10.4821
10.4821
10.4821
10.4821
9.88231
9.88231
9.88231
9.88231
9.88231
9.88231
9.88231
9.88231
9.48031
9.48031
9.48031
9.48031
9.48031
9.48031
9.48031
9.48031
9.25173
9.25173
9.25173
9.25173
9.25173
9.25173
9.25173
9.25173
9.1757
9.1757
9.1757
9.1757
9.1757
9.1757
9.1757
9.1757
9.23197
9.23197
9.23197
9.23197
9.23197
9.23197
9.23197
9.23197
34.2408
34.2408
34.2408
34.2408
34.2408
34.2408
34.2408
34.2408
30.2538
30.2538
30.2538
30.2538
30.2538
30.2538
30.2538
30.2538
26.5176
26.5176
26.5176
26.5176
26.5176
26.5176
26.5176
26.5176
23.139
23.139
23.139
23.139
23.139
23.139
23.139
23.139
20.1748
20.1748
20.1748
20.1748
20.1748
20.1748
20.1748
20.1748
17.6406
17.6406
17.6406
17.6406
17.6406
17.6406
17.6406
17.6406
15.5224
15.5224
15.5224
15.5224
15.5224
15.5224
15.5224
15.5224
13.7884
13.7884
13.7884
13.7884
13.7884
13.7884
13.7884
13.7884
12.3979
12.3979
12.3979
12.3979
12.3979
12.3979
12.3979
12.3979
11.309
11.309
11.309
11.309
11.309
11.309
11.309
11.309
10.4821
10.4821
10.4821
10.4821
10.4821
10.4821
10.4821
10.4821
9.88231
9.88231
9.88231
9.88231
9.88231
9.88231
9.88231
9.88231
9.48031
9.48031
9.48031
9.48031
9.48031
9.48031
9.48031
9.48031
9.25173
9.25173
9.25173
9.25173
9.25173
9.25173
9.25173
9.25173
9.1757
9.1757
9.1757
9.1757
9.1757
9.1757
9.1757
9.1757
9.23197
9.23197
9.23197
9.23197
9.23197
9.23197
9.23197
9.23197
34.2408
34.2408
34.2408
34.2408
34.2408
34.2408
34.2408
34.2408
30.2538
30.2538
30.2538
30.2538
30.2538
30.2538
30.2538
30.2538
26.5176
26.5176
26.5176
26.5176
26.5176
26.5176
26.5176
26.5176
23.139
23.139
23.139
23.139
23.139
23.139
23.139
23.139
20.1748
20.1748
20.1748
20.1748
20.1748
20.1748
20.1748
20.1748
17.6406
17.6406
17.6406
17.6406
17.6406
17.6406
17.6406
17.6406
15.5224
15.5224
15.5224
15.5224
15.5224
15.5224
15.5224
15.5224
13.7884
13.7884
13.7884
13.7884
13.7884
13.7884
13.7884
13.7884
12.3979
12.3979
12.3979
12.3979
12.3979
12.3979
12.3979
12.3979
11.309
11.309
11.309
11.309
11.309
11.309
11.309
11.309
10.4821
10.4821
10.4821
10.4821
10.4821
10.4821
10.4821
10.4821
9.88231
9.88231
9.88231
9.88231
9.88231
9.88231
9.88231
9.88231
9.48031
9.48031
9.48031
9.48031
9.48031
9.48031
9.48031
9.48031
9.25173
9.25173
9.25173
9.25173
9.25173
9.25173
9.25173
9.25173
9.1757
9.1757
9.1757
9.1757
9.1757
9.1757
9.1757
9.1757
9.23197
9.23197
9.23197
9.23197
9.23197
9.23197
9.23197
9.23197
34.2408
34.2408
34.2408
34.2408
34.2408
34.2408
34.2408
34.2408
30.2538
30.2538
30.2538
30.2538
30.2538
30.2538
30.2538
30.2538
26.5176
26.5176
26.5176
26.5176
26.5176
26.5176
26.5176
26.5176
23.139
23.139
23.139
23.139
23.139
23.139
23.139
23.139
20.1748
20.1748
20.1748
20.1748
20.1748
20.1748
20.1748
20.1748
17.6406
17.6406
17.6406
17.6406
17.6406
17.6406
17.6406
17.6406
15.5224
15.5224
15.5224
15.5224
15.5224
15.5224
15.5224
15.5224
13.7884
13.7884
13.7884
13.7884
13.7884
13.7884
13.7884
13.7884
12.3979
12.3979
12.3979
12.3979
12.3979
12.3979
12.3979
12.3979
11.309
11.309
11.309
11.309
11.309
11.309
11.309
11.309
10.4821
10.4821
10.4821
10.4821
10.4821
10.4821
10.4821
10.4821
9.88231
9.88231
9.88231
9.88231
9.88231
9.88231
9.88231
9.88231
9.48031
9.48031
9.48031
9.48031
9.48031
9.48031
9.48031
9.48031
9.25173
9.25173
9.25173
9.25173
9.25173
9.25173
9.25173
9.25173
9.1757
9.1757
9.1757
9.1757
9.1757
9.1757
9.1757
9.1757
9.23197
9.23197
9.23197
9.23197
9.23197
9.23197
9.23197
9.23197
38.6929
38.6929
38.6929
38.6929
38.6929
38.6929
38.6929
38.6929
33.9879
33.9879
33.9879
33.9879
33.9879
33.9879
33.9879
33.9879
29.5828
29.5828
29.5828
29.5828
29.5828
29.5828
29.5828
29.5828
25.6112
25.6112
25.6112
25.6112
25.6112
25.6112
25.6112
25.6112
22.1417
22.1417
22.1417
22.1417
22.1417
22.1417
22.1417
22.1417
19.1903
19.1903
19.1903
19.1903
19.1903
19.1903
19.1903
19.1903
16.7358
16.7358
16.7358
16.7358
16.7358
16.7358
16.7358
16.7358
14.7357
14.7357
14.7357
14.7357
14.7357
14.7357
14.7357
14.7357
13.1375
13.1375
13.1375
13.1375
13.1375
13.1375
13.1375
13.1375
11.8875
11.8875
11.8875
11.8875
11.8875
11.8875
11.8875
11.8875
10.9362
10.9362
10.9362
10.9362
10.9362
10.9362
10.9362
10.9362
10.2402
10.2402
10.2402
10.2402
10.2402
10.2402
10.2402
10.2402
9.76341
9.76341
9.76341
9.76341
9.76341
9.76341
9.76341
9.76341
9.47611
9.47611
9.47611
9.47611
9.47611
9.47611
9.47611
9.47611
9.35341
9.35341
9.35341
9.35341
9.35341
9.35341
9.35341
9.35341
9.37189
9.37189
9.37189
9.37189
9.37189
9.37189
9.37189
9.37189
38.6929
38.6929
38.6929
38.6929
38.6929
38.6929
38.6929
38.6929
33.9879
33.9879
33.9879
33.9879
33.9879
33.9879
33.9879
33.9879
29.5828
29.5828
29.5828
29.5828
29.5828
29.5828
29.5828
29.5828
25.6112
25.6112
25.6112
25.6112
25.6112
25.6112
25.6112
25.6112
22.1417
22.1417
22.1417
22.1417
22.1417
22.1417
22.1417
22.1417
19.1903
19.1903
19.1903
19.1903
19.1903
19.1903
19.1903
19.1903
16.7358
16.7358
16.7358
16.7358
16.7358
16.7358
16.7358
16.7358
14.7357
14.7357
14.7357
14.7357
14.7357
14.7357
14.7357
14.7357
13.1375
13.1375
13.1375
13.1375
13.1375
13.1375
13.1375
13.1375
11.8875
11.8875
11.8875
11.8875
11.8875
11.8875
11.8875
11.8875
10.9362
10.9362
10.9362
10.9362
10.9362
10.9362
10.9362
10.9362
10.2402
10.2402
10.2402
10.2402
10.2402
10.2402
10.2402
10.2402
9.76341
9.76341
9.76341
9.76341
9.76341
9.76341
9.76341
9.76341
9.47611
9.47611
9.47611
9.47611
9.47611
9.47611
9.47611
9.47611
9.35341
9.35341
9.35341
9.35341
9.35341
9.35341
9.35341
9.35341
9.37189
9.37189
9.37189
9.37189
9.37189
9.37189
9.37189
9.37189
38.6929
38.6929
38.6929
38.6929
38.6929
38.6929
38.6929
38.6929
33.9879
33.9879
33.9879
33.9879
33.9879
33.9879
33.9879
33.9879
29.5828
29.5828
29.5828
29.5828
29.5828
29.5828
29.5828
29.5828
25.6112
25.6112
25.6112
25.6112
25.6112
25.6112
25.6112
25.6112
22.1417
22.1417
22.1417
22.1417
22.1417
22.1417
22.1417
22.1417
19.1903
19.1903
19.1903
19.1903
19.1903
19.1903
19.1903
19.1903
16.7358
16.7358
16.7358
16.7358
16.7358
16.7358
16.7358
16.7358
14.7357
14.7357
14.7357
14.7357
14.7357
14.7357
14.7357
14.7357
13.1375
13.1375
13.1375
13.1375
13.1375
13.1375
13.1375
13.1375
11.8875
11.8875
11.8875
11.8875
11.8875
11.8875
11.8875
11.8875
10.9362
10.9362
10.9362
10.9362
10.9362
10.9362
10.9362
10.9362
10.2402
10.2402
10.2402
10.2402
10.2402
10.2402
10.2402
10.2402
9.76341
9.76341
9.76341
9.76341
9.76341
9.76341
9.76341
9.76341
9.47611
9.47611
9.47611
9.47611
9.47611
9.47611
9.47611
9.47611
9.35341
9.35341
9.35341
9.35341
9.35341
9.35341
9.35341
9.35341
9.37189
9.37189
9.37189
9.37189
9.37189
9.37189
9.37189
9.37189
38.6929
38.6929
38.6929
38.6929
38.6929
38.6929
38.6929
38.6929
33.9879
33.9879
33.9879
33.9879
33.9879
33.9879
33.9879
33.9879
29.5828
29.5828
29.5828
29.5828
29.5828
29.5828
29.5828
29.5828
25.6112
25.6112
25.6112
25.6112
25.6112
25.6112
25.6112
25.6112
22.1417
22.1417
22.1417
22.1417
22.1417
22.1417
22.1417
22.1417
19.1903
19.1903
19.1903
19.1903
19.1903
19.1903
19.1903
19.1903
16.7358
16.7358
16.7358
16.7358
16.7358
16.7358
16.7358
16.7358
14.7357
14.7357
14.7357
14.7357
14.7357
14.7357
14.7357
14.7357
13.1375
13.1375
13.1375
13.1375
13.1375
13.1375
13.1375
13.1375
11.8875
11.8875
11.8875
11.8875
11.8875
11.8875
11.8875
11.8875
10.9362
10.9362
10.9362
10.9362
10.9362
10.9362
10.9362
10.9362
10.2402
10.2402
10.2402
10.2402
10.2402
10.2402
10.2402
10.2402
9.76341
9.76341
9.76341
9.76341
9.76341
9.76341
9.76341
9.76341
9.47611
9.47611
9.47611
9.47611
9.47611
9.47611
9.47611
9.47611
9.35341
9.35341
9.35341
9.35341
9.35341
9.35341
9.35341
9.35341
9.37189
9.37189
9.37189
9.37189
9.37189
9.37189
9.37189
9.37189
43.3616
43.3616
43.3616
43.3616
43.3616
43.3616
43.3616
43.3616
37.9308
37.9308
37.9308
37.9308
37.9308
37.9308
37.9308
37.9308
32.8439
32.8439
32.8439
32.8439
32.8439
32.8439
32.8439
32.8439
28.2645
28.2645
28.2645
28.2645
28.2645
28.2645
28.2645
28.2645
24.2751
24.2751
24.2751
24.2751
24.2751
24.2751
24.2751
24.2751
20.893
20.893
20.893
20.893
20.893
20.893
20.893
20.893
18.0908
18.0908
18.0908
18.0908
18.0908
18.0908
18.0908
18.0908
15.8147
15.8147
15.8147
15.8147
15.8147
15.8147
15.8147
15.8147
14.0002
14.0002
14.0002
14.0002
14.0002
14.0002
14.0002
14.0002
12.5819
12.5819
12.5819
12.5819
12.5819
12.5819
12.5819
12.5819
11.4996
11.4996
11.4996
11.4996
11.4996
11.4996
11.4996
11.4996
10.7015
10.7015
10.7015
10.7015
10.7015
10.7015
10.7015
10.7015
10.1443
10.1443
10.1443
10.1443
10.1443
10.1443
10.1443
10.1443
9.79288
9.79288
9.79288
9.79288
9.79288
9.79288
9.79288
9.79288
9.6179
9.6179
9.6179
9.6179
9.6179
9.6179
9.6179
9.6179
9.59263
9.59263
9.59263
9.59263
9.59263
9.59263
9.59263
9.59263
43.3616
43.3616
43.3616
43.3616
43.3616
43.3616
43.3616
43.3616
37.9308
37.9308
37.9308
37.9308
37.9308
37.9308
37.9308
37.9308
32.8439
32.8439
32.8439
32.8439
32.8439
32.8439
32.8439
32.8439
28.2645
28.2645
28.2645
28.2645
28.2645
28.2645
28.2645
28.2645
24.2751
24.2751
24.2751
24.2751
24.2751
24.2751
24.2751
24.2751
20.893
20.893
20.893
20.893
20.893
20.893
20.893
20.893
18.0908
18.0908
18.0908
18.0908
18.0908
18.0908
18.0908
18.0908
15.8147
15.8147
15.8147
15.8147
15.8147
15.8147
15.8147
15.8147
14.0002
14.0002
14.0002
14.0002
14.0002
14.0002
14.0002
14.0002
12.5819
12.5819
12.5819
12.5819
12.5819
12.5819
12.5819
12.5819
11.4996
11.4996
11.4996
11.4996
11.4996
11.4996
11.4996
11.4996
10.7015
10.7015
10.7015
10.7015
10.7015
10.7015
10.7015
10.7015
10.1443
10.1443
10.1443
10.1443
10.1443
10.1443
10.1443
10.1443
9.79288
9.79288
9.79288
9.79288
9.79288
9.79288
9.79288
9.79288
9.6179
9.6179
9.6179
9.6179
9.6179
9.6179
9.6179
9.6179
9.59263
9.59263
9.59263
9.59263
9.59263
9.59263
9.59263
9.59263
43.3616
43.3616
43.3616
43.3616
43.3616
43.3616
43.3616
43.3616
37.9308
37.9308
37.9308
37.9308
37.9308
37.9308
37.9308
37.9308
32.8439
32.8439
32.8439
32.8439
32.8439
32.8439
32.8439
32.8439
28.2645
28.2645
28.2645
28.2645
28.2645
28.2645
28.2645
28.2645
24.2751
24.2751
24.2751
24.2751
24.2751
24.2751
24.2751
24.2751
20.893
20.893
20.893
20.893
20.893
20.893
20.893
20.893
18.0908
18.0908
18.0908
18.0908
18.0908
18.0908
18.0908
18.0908
15.8147
15.8147
15.8147
15.8147
15.8147
15.8147
15.8147
15.8147
14.0002
14.0002
14.0002
14.0002
14.0002
14.0002
14.0002
14.0002
12.5819
12.5819
12.5819
12.5819
12.5819
12.5819
12.5819
12.5819
11.4996
11.4996
11.4996
11.4996
11.4996
11.4996
11.4996
11.4996
10.7015
10.7015
10.7015
10.7015
10.7015
10.7015
10.7015
10.7015
10.1443
10.1443
10.1443
10.1443
10.1443
10.1443
10.1443
10.1443
9.79288
9.79288
9.79288
9.79288
9.79288
9.79288
9.79288
9.79288
9.6179
9.6179
9.6179
9.6179
9.6179
9.6179
9.6179
9.6179
9.59263
9.59263
9.59263
9.59263
9.59263
9.59263
9.59263
9.59263
43.3616
43.3616
43.3616
43.3616
43.3616
43.3616
43.3616
43.3616
37.9308
37.9308
37.9308
37.9308
37.9308
37.9308
37.9308
37.9308
32.8439
32.8439
32.8439
32.8439
32.8439
32.8439
32.8439
32.8439
28.2645
28.2645
28.2645
28.2645
28.2645
28.2645
28.2645
28.2645
24.2751
24.2751
24.2751
24.2751
24.2751
24.2751
24.2751
24.2751
20.893
20.893
20.893
20.893
20.893
20.893
20.893
20.893
18.0908
18.0908
18.0908
18.0908
18.0908
18.0908
18.0908
18.0908
15.8147
15.8147
15.8147
15.8147
15.8147
15.8147
15.8147
15.8147
14.0002
14.0002
14.0002
14.0002
14.0002
14.0002
14.0002
14.0002
12.5819
12.5819
12.5819
12.5819
12.5819
12.5819
12.5819
12.5819
11.4996
11.4996
11.4996
11.4996
11.4996
11.4996
11.4996
11.4996
10.7015
10.7015
10.7015
10.7015
10.7015
10.7015
10.7015
10.7015
10.1443
10.1443
10.1443
10.1443
10.1443
10.1443
10.1443
10.1443
9.79288
9.79288
9.79288
9.79288
9.79288
9.79288
9.79288
9.79288
9.6179
9.6179
9.6179
9.6179
9.6179
9.6179
9.6179
9.6179
9.59263
9.59263
9.59263
9.59263
9.59263
9.59263
9.59263
9.59263
47.943
47.943
47.943
47.943
47.943
47.943
47.943
47.943
41.8408
41.8408
41.8408
41.8408
41.8408
41.8408
41.8408
41.8408
36.1135
36.1135
36.1135
36.1135
36.1135
36.1135
36.1135
36.1135
30.9567
30.9567
30.9567
30.9567
30.9567
30.9567
30.9567
30.9567
26.4687
26.4687
26.4687
26.4687
26.4687
26.4687
26.4687
26.4687
22.6705
22.6705
22.6705
22.6705
22.6705
22.6705
22.6705
22.6705
19.5295
19.5295
19.5295
19.5295
19.5295
19.5295
19.5295
19.5295
16.9827
16.9827
16.9827
16.9827
16.9827
16.9827
16.9827
16.9827
14.9542
14.9542
14.9542
14.9542
14.9542
14.9542
14.9542
14.9542
13.3678
13.3678
13.3678
13.3678
13.3678
13.3678
13.3678
13.3678
12.1536
12.1536
12.1536
12.1536
12.1536
12.1536
12.1536
12.1536
11.2513
11.2513
11.2513
11.2513
11.2513
11.2513
11.2513
11.2513
10.6109
10.6109
10.6109
10.6109
10.6109
10.6109
10.6109
10.6109
10.1917
10.1917
10.1917
10.1917
10.1917
10.1917
10.1917
10.1917
9.96008
9.96008
9.96008
9.96008
9.96008
9.96008
9.96008
9.96008
9.88618
9.88618
9.88618
9.88618
9.88618
9.88618
9.88618
9.88618
47.943
47.943
47.943
47.943
47.943
47.943
47.943
47.943
41.8408
41.8408
41.8408
41.8408
41.8408
41.8408
41.8408
41.8408
36.1135
36.1135
36.1135
36.1135
36.1135
36.1135
36.1135
36.1135
30.9567
30.9567
30.9567
30.9567
30.9567
30.9567
30.9567
30.9567
26.4687
26.4687
26.4687
26.4687
26.4687
26.4687
26.4687
26.4687
22.6705
22.6705
22.6705
22.6705
22.6705
22.6705
22.6705
22.6705
19.5295
19.5295
19.5295
19.5295
19.5295
19.5295
19.5295
19.5295
16.9827
16.9827
16.9827
16.9827
16.9827
16.9827
16.9827
16.9827
14.9542
14.9542
14.9542
14.9542
14.9542
14.9542
14.9542
14.9542
13.3678
13.3678
13.3678
13.3678
13.3678
13.3678
13.3678
13.3678
12.1536
12.1536
12.1536
12.1536
12.1536
12.1536
12.1536
12.1536
11.2513
11.2513
11.2513
11.2513
11.2513
11.2513
11.2513
11.2513
10.6109
10.6109
10.6109
10.6109
10.6109
10.6109
10.6109
10.6109
10.1917
10.1917
10.1917
10.1917
10.1917
10.1917
10.1917
10.1917
9.96008
9.96008
9.96008
9.96008
9.96008
9.96008
9.96008
9.96008
9.88618
9.88618
9.88618
9.88618
9.88618
9.88618
9.88618
9.88618
47.943
47.943
47.943
47.943
47.943
47.943
47.943
47.943
41.8408
41.8408
41.8408
41.8408
41.8408
41.8408
41.8408
41.8408
36.1135
36.1135
36.1135
36.1135
36.1135
36.1135
36.1135
36.1135
30.9567
30.9567
30.9567
30.9567
30.9567
30.9567
30.9567
30.9567
26.4687
26.4687
26.4687
26.4687
26.4687
26.4687
26.4687
26.4687
22.6705
22.6705
22.6705
22.6705
22.6705
22.6705
22.6705
22.6705
19.5295
19.5295
19.5295
19.5295
19.5295
19.5295
19.5295
19.5295
16.9827
16.9827
16.9827
16.9827
16.9827
16.9827
16.9827
16.9827
14.9542
14.9542
14.9542
14.9542
14.9542
14.9542
14.9542
14.9542
13.3678
13.3678
13.3678
13.3678
13.3678
13.3678
13.3678
13.3678
12.1536
12.1536
12.1536
12.1536
12.1536
12.1536
12.1536
12.1536
11.2513
11.2513
11.2513
11.2513
11.2513
11.2513
11.2513
11.2513
10.6109
10.6109
10.6109
10.6109
10.6109
10.6109
10.6109
10.6109
10.1917
10.1917
10.1917
10.1917
10.1917
10.1917
10.1917
10.1917
9.96008
9.96008
9.96008
9.96008
9.96008
9.96008
9.96008
9.96008
9.88618
9.88618
9.88618
9.88618
9.88618
9.88618
9.88618
9.88618
47.943
47.943
47.943
47.943
47.943
47.943
47.943
47.943
41.8408
41.8408
41.8408
41.8408
41.8408
41.8408
41.8408
41.8408
36.1135
36.1135
36.1135
36.1135
36.1135
36.1135
36.1135
36.1135
30.9567
30.9567
30.9567
30.9567
30.9567
30.9567
30.9567
30.9567
26.4687
26.4687
26.4687
26.4687
26.4687
26.4687
26.4687
26.4687
22.6705
22.6705
22.6705
22.6705
22.6705
22.6705
22.6705
22.6705
19.5295
19.5295
19.5295
19.5295
19.5295
19.5295
19.5295
19.5295
16.9827
16.9827
16.9827
16.9827
16.9827
16.9827
16.9827
16.9827
14.9542
14.9542
14.9542
14.9542
14.9542
14.9542
14.9542
14.9542
13.3678
13.3678
13.3678
13.3678
13.3678
13.3678
13.3678
13.3678
12.1536
12.1536
12.1536
12.1536
12.1536
12.1536
12.1536
12.1536
11.2513
11.2513
11.2513
11.2513
11.2513
11.2513
11.2513
11.2513
10.6109
10.6109
10.6109
10.6109
10.6109
10.6109
10.6109
10.6109
10.1917
10.1917
10.1917
10.1917
10.1917
10.1917
10.1917
10.1917
9.96008
9.96008
9.96008
9.96008
9.96008
9.96008
9.96008
9.96008
9.88618
9.88618
9.88618
9.88618
9.88618
9.88618
9.88618
9.88618
52.0718
52.0718
52.0718
52.0718
52.0718
52.0718
52.0718
52.0718
45.4227
45.4227
45.4227
45.4227
45.4227
45.4227
45.4227
45.4227
39.1596
39.1596
39.1596
39.1596
39.1596
39.1596
39.1596
39.1596
33.5094
33.5094
33.5094
33.5094
33.5094
33.5094
33.5094
33.5094
28.5879
28.5879
28.5879
28.5879
28.5879
28.5879
28.5879
28.5879
24.4221
24.4221
24.4221
24.4221
24.4221
24.4221
24.4221
24.4221
20.9774
20.9774
20.9774
20.9774
20.9774
20.9774
20.9774
20.9774
18.1841
18.1841
18.1841
18.1841
18.1841
18.1841
18.1841
18.1841
15.9581
15.9581
15.9581
15.9581
15.9581
15.9581
15.9581
15.9581
14.214
14.214
14.214
14.214
14.214
14.214
14.214
14.214
12.874
12.874
12.874
12.874
12.874
12.874
12.874
12.874
11.8705
11.8705
11.8705
11.8705
11.8705
11.8705
11.8705
11.8705
11.1476
11.1476
11.1476
11.1476
11.1476
11.1476
11.1476
11.1476
10.6596
10.6596
10.6596
10.6596
10.6596
10.6596
10.6596
10.6596
10.3691
10.3691
10.3691
10.3691
10.3691
10.3691
10.3691
10.3691
10.243
10.243
10.243
10.243
10.243
10.243
10.243
10.243
52.0718
52.0718
52.0718
52.0718
52.0718
52.0718
52.0718
52.0718
45.4227
45.4227
45.4227
45.4227
45.4227
45.4227
45.4227
45.4227
39.1596
39.1596
39.1596
39.1596
39.1596
39.1596
39.1596
39.1596
33.5094
33.5094
33.5094
33.5094
33.5094
33.5094
33.5094
33.5094
28.5879
28.5879
28.5879
28.5879
28.5879
28.5879
28.5879
28.5879
24.4221
24.4221
24.4221
24.4221
24.4221
24.4221
24.4221
24.4221
20.9774
20.9774
20.9774
20.9774
20.9774
20.9774
20.9774
20.9774
18.1841
18.1841
18.1841
18.1841
18.1841
18.1841
18.1841
18.1841
15.9581
15.9581
15.9581
15.9581
15.9581
15.9581
15.9581
15.9581
14.214
14.214
14.214
14.214
14.214
14.214
14.214
14.214
12.874
12.874
12.874
12.874
12.874
12.874
12.874
12.874
11.8705
11.8705
11.8705
11.8705
11.8705
11.8705
11.8705
11.8705
11.1476
11.1476
11.1476
11.1476
11.1476
11.1476
11.1476
11.1476
10.6596
10.6596
10.6596
10.6596
10.6596
10.6596
10.6596
10.6596
10.3691
10.3691
10.3691
10.3691
10.3691
10.3691
10.3691
10.3691
10.243
10.243
10.243
10.243
10.243
10.243
10.243
10.243
52.0718
52.0718
52.0718
52.0718
52.0718
52.0718
52.0718
52.0718
45.4227
45.4227
45.4227
45.4227
45.4227
45.4227
45.4227
45.4227
39.1596
39.1596
39.1596
39.1596
39.1596
39.1596
39.1596
39.1596
33.5094
33.5094
33.5094
33.5094
33.5094
33.5094
33.5094
33.5094
28.5879
28.5879
28.5879
28.5879
28.5879
28.5879
28.5879
28.5879
24.4221
24.4221
24.4221
24.4221
24.4221
24.4221
24.4221
24.4221
20.9774
20.9774
20.9774
20.9774
20.9774
20.9774
20.9774
20.9774
18.1841
18.1841
18.1841
18.1841
18.1841
18.1841
18.1841
18.1841
15.9581
15.9581
15.9581
15.9581
15.9581
15.9581
15.9581
15.9581
14.214
14.214
14.214
14.214
14.214
14.214
14.214
14.214
12.874
12.874
12.874
12.874
12.874
12.874
12.874
12.874
11.8705
11.8705
11.8705
11.8705
11.8705
11.8705
11.8705
11.8705
11.1476
11.1476
11.1476
11.1476
11.1476
11.1476
11.1476
11.1476
10.6596
10.6596
10.6596
10.6596
10.6596
10.6596
10.6596
10.6596
10.3691
10.3691
10.3691
10.3691
10.3691
10.3691
10.3691
10.3691
10.243
10.243
10.243
10.243
10.243
10.243
10.243
10.243
52.0718
52.0718
52.0718
52.0718
52.0718
52.0718
52.0718
52.0718
45.4227
45.4227
45.4227
45.4227
45.4227
45.4227
45.4227
45.4227
39.1596
39.1596
39.1596
39.1596
39.1596
39.1596
39.1596
39.1596
33.5094
33.5094
33.5094
33.5094
33.5094
33.5094
33.5094
33.5094
28.5879
28.5879
28.5879
28.5879
28.5879
28.5879
28.5879
28.5879
24.4221
24.4221
24.4221
24.4221
24.4221
24.4221
24.4221
24.4221
20.9774
20.9774
20.9774
20.9774
20.9774
20.9774
20.9774
20.9774
18.1841
18.1841
18.1841
18.1841
18.1841
18.1841
18.1841
18.1841
15.9581
15.9581
15.9581
15.9581
15.9581
15.9581
15.9581
15.9581
14.214
14.214
14.214
14.214
14.214
14.214
14.214
14.214
12.874
12.874
12.874
12.874
12.874
12.874
12.874
12.874
11.8705
11.8705
11.8705
11.8705
11.8705
11.8705
11.8705
11.8705
11.1476
11.1476
11.1476
11.1476
11.1476
11.1476
11.1476
11.1476
10.6596
10.6596
10.6596
10.6596
10.6596
10.6596
10.6596
10.6596
10.3691
10.3691
10.3691
10.3691
10.3691
10.3691
10.3691
10.3691
10.243
10.243
10.243
10.243
10.243
10.243
10.243
10.243
55.3735
55.3735
55.3735
55.3735
55.3735
55.3735
55.3735
55.3735
48.3673
48.3673
48.3673
48.3673
48.3673
48.3673
48.3673
48.3673
41.7336
41.7336
41.7336
41.7336
41.7336
41.7336
41.7336
41.7336
35.7273
35.7273
35.7273
35.7273
35.7273
35.7273
35.7273
35.7273
30.4818
30.4818
30.4818
30.4818
30.4818
30.4818
30.4818
30.4818
26.0326
26.0326
26.0326
26.0326
26.0326
26.0326
26.0326
26.0326
22.3469
22.3469
22.3469
22.3469
22.3469
22.3469
22.3469
22.3469
19.3529
19.3529
19.3529
19.3529
19.3529
19.3529
19.3529
19.3529
16.9615
16.9615
16.9615
16.9615
16.9615
16.9615
16.9615
16.9615
15.0822
15.0822
15.0822
15.0822
15.0822
15.0822
15.0822
15.0822
13.6311
13.6311
13.6311
13.6311
13.6311
13.6311
13.6311
13.6311
12.5357
12.5357
12.5357
12.5357
12.5357
12.5357
12.5357
12.5357
11.7356
11.7356
11.7356
11.7356
11.7356
11.7356
11.7356
11.7356
11.1812
11.1812
11.1812
11.1812
11.1812
11.1812
11.1812
11.1812
10.8318
10.8318
10.8318
10.8318
10.8318
10.8318
10.8318
10.8318
10.652
10.652
10.652
10.652
10.652
10.652
10.652
10.652
55.3735
55.3735
55.3735
55.3735
55.3735
55.3735
55.3735
55.3735
48.3673
48.3673
48.3673
48.3673
48.3673
48.3673
48.3673
48.3673
41.7336
41.7336
41.7336
41.7336
41.7336
41.7336
41.7336
41.7336
35.7273
35.7273
35.7273
35.7273
35.7273
35.7273
35.7273
35.7273
30.4818
30.4818
30.4818
30.4818
30.4818
30.4818
30.4818
30.4818
26.0326
26.0326
26.0326
26.0326
26.0326
26.0326
26.0326
26.0326
22.3469
22.3469
22.3469
22.3469
22.3469
22.3469
22.3469
22.3469
19.3529
19.3529
19.3529
19.3529
19.3529
19.3529
19.3529
19.3529
16.9615
16.9615
16.9615
16.9615
16.9615
16.9615
16.9615
16.9615
15.0822
15.0822
15.0822
15.0822
15.0822
15.0822
15.0822
15.0822
13.6311
13.6311
13.6311
13.6311
13.6311
13.6311
13.6311
13.6311
12.5357
12.5357
12.5357
12.5357
12.5357
12.5357
12.5357
12.5357
11.7356
11.7356
11.7356
11.7356
11.7356
11.7356
11.7356
11.7356
11.1812
11.1812
11.1812
11.1812
11.1812
11.1812
11.1812
11.1812
10.8318
10.8318
10.8318
10.8318
10.8318
10.8318
10.8318
10.8318
10.652
10.652
10.652
10.652
10.652
10.652
10.652
10.652
55.3735
55.3735
55.3735
55.3735
55.3735
55.3735
55.3735
55.3735
48.3673
48.3673
48.3673
48.3673
48.3673
48.3673
48.3673
48.3673
41.7336
41.7336
41.7336
41.7336
41.7336
41.7336
41.7336
41.7336
35.7273
35.7273
35.7273
35.7273
35.7273
35.7273
35.7273
35.7273
30.4818
30.4818
30.4818
30.4818
30.4818
30.4818
30.4818
30.4818
26.0326
26.0326
26.0326
26.0326
26.0326
26.0326
26.0326
26.0326
22.3469
22.3469
22.3469
22.3469
22.3469
22.3469
22.3469
22.3469
19.3529
19.3529
19.3529
19.3529
19.3529
19.3529
19.3529
19.3529
16.9615
16.9615
16.9615
16.9615
16.9615
16.9615
16.9615
16.9615
15.0822
15.0822
15.0822
15.0822
15.0822
15.0822
15.0822
15.0822
13.6311
13.6311
13.6311
13.6311
13.6311
13.6311
13.6311
13.6311
12.5357
12.5357
12.5357
12.5357
12.5357
12.5357
12.5357
12.5357
11.7356
11.7356
11.7356
11.7356
11.7356
11.7356
11.7356
11.7356
11.1812
11.1812
11.1812
11.1812
11.1812
11.1812
11.1812
11.1812
10.8318
10.8318
10.8318
10.8318
10.8318
10.8318
10.8318
10.8318
10.652
10.652
10.652
10.652
10.652
10.652
10.652
10.652
55.3735
55.3735
55.3735
55.3735
55.3735
55.3735
55.3735
55.3735
48.3673
48.3673
48.3673
48.3673
48.3673
48.3673
48.3673
48.3673
41.7336
41.7336
41.7336
41.7336
41.7336
41.7336
41.7336
41.7336
35.7273
35.7273
35.7273
35.7273
35.7273
35.7273
35.7273
35.7273
30.4818
30.4818
30.4818
30.4818
30.4818
30.4818
30.4818
30.4818
26.0326
26.0326
26.0326
26.0326
26.0326
26.0326
26.0326
26.0326
22.3469
22.3469
22.3469
22.3469
22.3469
22.3469
22.3469
22.3469
19.3529
19.3529
19.3529
19.3529
19.3529
19.3529
19.3529
19.3529
16.9615
16.9615
16.9615
16.9615
16.9615
16.9615
16.9615
16.9615
15.0822
15.0822
15.0822
15.0822
15.0822
15.0822
15.0822
15.0822
13.6311
13.6311
13.6311
13.6311
13.6311
13.6311
13.6311
13.6311
12.5357
12.5357
12.5357
12.5357
12.5357
12.5357
12.5357
12.5357
11.7356
11.7356
11.7356
11.7356
11.7356
11.7356
11.7356
11.7356
11.1812
11.1812
11.1812
11.1812
11.1812
11.1812
11.1812
11.1812
10.8318
10.8318
10.8318
10.8318
10.8318
10.8318
10.8318
10.8318
10.652
10.652
10.652
10.652
10.652
10.652
10.652
10.652
57.5329
57.5329
57.5329
57.5329
57.5329
57.5329
57.5329
57.5329
50.4032
50.4032
50.4032
50.4032
50.4032
50.4032
50.4032
50.4032
43.6091
43.6091
43.6091
43.6091
43.6091
43.6091
43.6091
43.6091
37.426
37.426
37.426
37.426
37.426
37.426
37.426
37.426
32.0029
32.0029
32.0029
32.0029
32.0029
32.0029
32.0029
32.0029
27.3855
27.3855
27.3855
27.3855
27.3855
27.3855
27.3855
27.3855
23.5471
23.5471
23.5471
23.5471
23.5471
23.5471
23.5471
23.5471
20.4179
20.4179
20.4179
20.4179
20.4179
20.4179
20.4179
20.4179
17.9092
17.9092
17.9092
17.9092
17.9092
17.9092
17.9092
17.9092
15.9287
15.9287
15.9287
15.9287
15.9287
15.9287
15.9287
15.9287
14.3905
14.3905
14.3905
14.3905
14.3905
14.3905
14.3905
14.3905
13.2195
13.2195
13.2195
13.2195
13.2195
13.2195
13.2195
13.2195
12.3527
12.3527
12.3527
12.3527
12.3527
12.3527
12.3527
12.3527
11.7382
11.7382
11.7382
11.7382
11.7382
11.7382
11.7382
11.7382
11.333
11.333
11.333
11.333
11.333
11.333
11.333
11.333
11.1001
11.1001
11.1001
11.1001
11.1001
11.1001
11.1001
11.1001
57.5329
57.5329
57.5329
57.5329
57.5329
57.5329
57.5329
57.5329
50.4032
50.4032
50.4032
50.4032
50.4032
50.4032
50.4032
50.4032
43.6091
43.6091
43.6091
43.6091
43.6091
43.6091
43.6091
43.6091
37.426
37.426
37.426
37.426
37.426
37.426
37.426
37.426
32.0029
32.0029
32.0029
32.0029
32.0029
32.0029
32.0029
32.0029
27.3855
27.3855
27.3855
27.3855
27.3855
27.3855
27.3855
27.3855
23.5471
23.5471
23.5471
23.5471
23.5471
23.5471
23.5471
23.5471
20.4179
20.4179
20.4179
20.4179
20.4179
20.4179
20.4179
20.4179
17.9092
17.9092
17.9092
17.9092
17.9092
17.9092
17.9092
17.9092
15.9287
15.9287
15.9287
15.9287
15.9287
15.9287
15.9287
15.9287
14.3905
14.3905
14.3905
14.3905
14.3905
14.3905
14.3905
14.3905
13.2195
13.2195
13.2195
13.2195
13.2195
13.2195
13.2195
13.2195
12.3527
12.3527
12.3527
12.3527
12.3527
12.3527
12.3527
12.3527
11.7382
11.7382
11.7382
11.7382
11.7382
11.7382
11.7382
11.7382
11.333
11.333
11.333
11.333
11.333
11.333
11.333
11.333
11.1001
11.1001
11.1001
11.1001
11.1001
11.1001
11.1001
11.1001
57.5329
57.5329
57.5329
57.5329
57.5329
57.5329
57.5329
57.5329
50.4032
50.4032
50.4032
50.4032
50.4032
50.4032
50.4032
50.4032
43.6091
43.6091
43.6091
43.6091
43.6091
43.6091
43.6091
43.6091
37.426
37.426
37.426
37.426
37.426
37.426
37.426
37.426
32.0029
32.0029
32.0029
32.0029
32.0029
32.0029
32.0029
32.0029
27.3855
27.3855
27.3855
27.3855
27.3855
27.3855
27.3855
27.3855
23.5471
23.5471
23.5471
23.5471
23.5471
23.5471
23.5471
23.5471
20.4179
20.4179
20.4179
20.4179
20.4179
20.4179
20.4179
20.4179
17.9092
17.9092
17.9092
17.9092
17.9092
17.9092
17.9092
17.9092
15.9287
15.9287
15.9287
15.9287
15.9287
15.9287
15.9287
15.9287
14.3905
14.3905
14.3905
14.3905
14.3905
14.3905
14.3905
14.3905
13.2195
13.2195
13.2195
13.2195
13.2195
13.2195
13.2195
13.2195
12.3527
12.3527
12.3527
12.3527
12.3527
12.3527
12.3527
12.3527
11.7382
11.7382
11.7382
11.7382
11.7382
11.7382
11.7382
11.7382
11.333
11.333
11.333
11.333
11.333
11.333
11.333
11.333
11.1001
11.1001
11.1001
11.1001
11.1001
11.1001
11.1001
11.1001
57.5329
57.5329
57.5329
57.5329
57.5329
57.5329
57.5329
57.5329
50.4032
50.4032
50.4032
50.4032
50.4032
50.4032
50.4032
50.4032
43.6091
43.6091
43.6091
43.6091
43.6091
43.6091
43.6091
43.6091
37.426
37.426
37.426
37.426
37.426
37.426
37.426
37.426
32.0029
32.0029
32.0029
32.0029
32.0029
32.0029
32.0029
32.0029
27.3855
27.3855
27.3855
27.3855
27.3855
27.3855
27.3855
27.3855
23.5471
23.5471
23.5471
23.5471
23.5471
23.5471
23.5471
23.5471
20.4179
20.4179
20.4179
20.4179
20.4179
20.4179
20.4179
20.4179
17.9092
17.9092
17.9092
17.9092
17.9092
17.9092
17.9092
17.9092
15.9287
15.9287
15.9287
15.9287
15.9287
15.9287
15.9287
15.9287
14.3905
14.3905
14.3905
14.3905
14.3905
14.3905
14.3905
14.3905
13.2195
13.2195
13.2195
13.2195
13.2195
13.2195
13.2195
13.2195
12.3527
12.3527
12.3527
12.3527
12.3527
12.3527
12.3527
12.3527
11.7382
11.7382
11.7382
11.7382
11.7382
11.7382
11.7382
11.7382
11.333
11.333
11.333
11.333
11.333
11.333
11.333
11.333
11.1001
11.1001
11.1001
11.1001
11.1001
11.1001
11.1001
11.1001
58.3571
58.3571
58.3571
58.3571
58.3571
58.3571
58.3571
58.3571
51.35
51.35
51.35
51.35
51.35
51.35
51.35
51.35
44.6234
44.6234
44.6234
44.6234
44.6234
44.6234
44.6234
44.6234
38.4633
38.4633
38.4633
38.4633
38.4633
38.4633
38.4633
38.4633
33.0299
33.0299
33.0299
33.0299
33.0299
33.0299
33.0299
33.0299
28.3795
28.3795
28.3795
28.3795
28.3795
28.3795
28.3795
28.3795
24.4941
24.4941
24.4941
24.4941
24.4941
24.4941
24.4941
24.4941
21.3109
21.3109
21.3109
21.3109
21.3109
21.3109
21.3109
21.3109
18.7454
18.7454
18.7454
18.7454
18.7454
18.7454
18.7454
18.7454
16.7084
16.7084
16.7084
16.7084
16.7084
16.7084
16.7084
16.7084
15.1155
15.1155
15.1155
15.1155
15.1155
15.1155
15.1155
15.1155
13.892
13.892
13.892
13.892
13.892
13.892
13.892
13.892
12.9744
12.9744
12.9744
12.9744
12.9744
12.9744
12.9744
12.9744
12.3102
12.3102
12.3102
12.3102
12.3102
12.3102
12.3102
12.3102
11.8555
11.8555
11.8555
11.8555
11.8555
11.8555
11.8555
11.8555
11.573
11.573
11.573
11.573
11.573
11.573
11.573
11.573
58.3571
58.3571
58.3571
58.3571
58.3571
58.3571
58.3571
58.3571
51.35
51.35
51.35
51.35
51.35
51.35
51.35
51.35
44.6234
44.6234
44.6234
44.6234
44.6234
44.6234
44.6234
44.6234
38.4633
38.4633
38.4633
38.4633
38.4633
38.4633
38.4633
38.4633
33.0299
33.0299
33.0299
33.0299
33.0299
33.0299
33.0299
33.0299
28.3795
28.3795
28.3795
28.3795
28.3795
28.3795
28.3795
28.3795
24.4941
24.4941
24.4941
24.4941
24.4941
24.4941
24.4941
24.4941
21.3109
21.3109
21.3109
21.3109
21.3109
21.3109
21.3109
21.3109
18.7454
18.7454
18.7454
18.7454
18.7454
18.7454
18.7454
18.7454
16.7084
16.7084
16.7084
16.7084
16.7084
16.7084
16.7084
16.7084
15.1155
15.1155
15.1155
15.1155
15.1155
15.1155
15.1155
15.1155
13.892
13.892
13.892
13.892
13.892
13.892
13.892
13.892
12.9744
12.9744
12.9744
12.9744
12.9744
12.9744
12.9744
12.9744
12.3102
12.3102
12.3102
12.3102
12.3102
12.3102
12.3102
12.3102
11.8555
11.8555
11.8555
11.8555
11.8555
11.8555
11.8555
11.8555
11.573
11.573
11.573
11.573
11.573
11.573
11.573
11.573
58.3571
58.3571
58.3571
58.3571
58.3571
58.3571
58.3571
58.3571
51.35
51.35
51.35
51.35
51.35
51.35
51.35
51.35
44.6234
44.6234
44.6234
44.6234
44.6234
44.6234
44.6234
44.6234
38.4633
38.4633
38.4633
38.4633
38.4633
38.4633
38.4633
38.4633
33.0299
33.0299
33.0299
33.0299
33.0299
33.0299
33.0299
33.0299
28.3795
28.3795
28.3795
28.3795
28.3795
28.3795
28.3795
28.3795
24.4941
24.4941
24.4941
24.4941
24.4941
24.4941
24.4941
24.4941
21.3109
21.3109
21.3109
21.3109
21.3109
21.3109
21.3109
21.3109
18.7454
18.7454
18.7454
18.7454
18.7454
18.7454
18.7454
18.7454
16.7084
16.7084
16.7084
16.7084
16.7084
16.7084
16.7084
16.7084
15.1155
15.1155
15.1155
15.1155
15.1155
15.1155
15.1155
15.1155
13.892
13.892
13.892
13.892
13.892
13.892
13.892
13.892
12.9744
12.9744
12.9744
12.9744
12.9744
12.9744
12.9744
12.9744
12.3102
12.3102
12.3102
12.3102
12.3102
12.3102
12.3102
12.3102
11.8555
11.8555
11.8555
11.8555
11.8555
11.8555
11.8555
11.8555
11.573
11.573
11.573
11.573
11.573
11.573
11.573
11.573
58.3571
58.3571
58.3571
58.3571
58.3571
58.3571
58.3571
58.3571
51.35
51.35
51.35
51.35
51.35
51.35
51.35
51.35
44.6234
44.6234
44.6234
44.6234
44.6234
44.6234
44.6234
44.6234
38.4633
38.4633
38.4633
38.4633
38.4633
38.4633
38.4633
38.4633
33.0299
33.0299
33.0299
33.0299
33.0299
33.0299
33.0299
33.0299
28.3795
28.3795
28.3795
28.3795
28.3795
28.3795
28.3795
28.3795
24.4941
24.4941
24.4941
24.4941
24.4941
24.4941
24.4941
24.4941
21.3109
21.3109
21.3109
21.3109
21.3109
21.3109
21.3109
21.3109
18.7454
18.7454
18.7454
18.7454
18.7454
18.7454
18.7454
18.7454
16.7084
16.7084
16.7084
16.7084
16.7084
16.7084
16.7084
16.7084
15.1155
15.1155
15.1155
15.1155
15.1155
15.1155
15.1155
15.1155
13.892
13.892
13.892
13.892
13.892
13.892
13.892
13.892
12.9744
12.9744
12.9744
12.9744
12.9744
12.9744
12.9744
12.9744
12.3102
12.3102
12.3102
12.3102
12.3102
12.3102
12.3102
12.3102
11.8555
11.8555
11.8555
11.8555
11.8555
11.8555
11.8555
11.8555
11.573
11.573
11.573
11.573
11.573
11.573
11.573
11.573
