8192
20.0796
20.0796
20.0796
20.0796
20.0796
20.0796
20.0796
20.0796
19.4102
19.4102
19.4102
19.4102
19.4102
19.4102
19.4102
19.4102
19.1635
19.1635
19.1635
19.1635
19.1635
19.1635
19.1635
19.1635
19.3554
19.3554
19.3554
19.3554
19.3554
19.3554
19.3554
19.3554
20.0042
20.0042
20.0042
20.0042
20.0042
20.0042
20.0042
20.0042
21.1318
21.1318
21.1318
21.1318
21.1318
21.1318
21.1318
21.1318
22.761
22.761
22.761
22.761
22.761
22.761
22.761
22.761
24.9089
24.9089
24.9089
24.9089
24.9089
24.9089
24.9089
24.9089
27.5756
27.5756
27.5756
27.5756
27.5756
27.5756
27.5756
27.5756
30.7304
30.7304
30.7304
30.7304
30.7304
30.7304
30.7304
30.7304
34.2971
34.2971
34.2971
34.2971
34.2971
34.2971
34.2971
34.2971
38.1436
38.1436
38.1436
38.1436
38.1436
38.1436
38.1436
38.1436
42.0813
42.0813
42.0813
42.0813
42.0813
42.0813
42.0813
42.0813
45.8784
45.8784
45.8784
45.8784
45.8784
45.8784
45.8784
45.8784
49.2889
49.2889
49.2889
49.2889
49.2889
49.2889
49.2889
49.2889
52.0913
52.0913
52.0913
52.0913
52.0913
52.0913
52.0913
52.0913
20.0796
20.0796
20.0796
20.0796
20.0796
20.0796
20.0796
20.0796
19.4102
19.4102
19.4102
19.4102
19.4102
19.4102
19.4102
19.4102
19.1635
19.1635
19.1635
19.1635
19.1635
19.1635
19.1635
19.1635
19.3554
19.3554
19.3554
19.3554
19.3554
19.3554
19.3554
19.3554
20.0042
20.0042
20.0042
20.0042
20.0042
20.0042
20.0042
20.0042
21.1318
21.1318
21.1318
21.1318
21.1318
21.1318
21.1318
21.1318
22.761
22.761
22.761
22.761
22.761
22.761
22.761
22.761
24.9089
24.9089
24.9089
24.9089
24.9089
24.9089
24.9089
24.9089
27.5756
27.5756
27.5756
27.5756
27.5756
27.5756
27.5756
27.5756
30.7304
30.7304
30.7304
30.7304
30.7304
30.7304
30.7304
30.7304
34.2971
34.2971
34.2971
34.2971
34.2971
34.2971
34.2971
34.2971
38.1436
38.1436
38.1436
38.1436
38.1436
38.1436
38.1436
38.1436
42.0813
42.0813
42.0813
42.0813
42.0813
42.0813
42.0813
42.0813
45.8784
45.8784
45.8784
45.8784
45.8784
45.8784
45.8784
45.8784
49.2889
49.2889
49.2889
49.2889
49.2889
49.2889
49.2889
49.2889
52.0913
52.0913
52.0913
52.0913
52.0913
52.0913
52.0913
52.0913
20.0796
20.0796
20.0796
20.0796
20.0796
20.0796
20.0796
20.0796
19.4102
19.4102
19.4102
19.4102
19.4102
19.4102
19.4102
19.4102
19.1635
19.1635
19.1635
19.1635
19.1635
19.1635
19.1635
19.1635
19.3554
19.3554
19.3554
19.3554
19.3554
19.3554
19.3554
19.3554
20.0042
20.0042
20.0042
20.0042
20.0042
20.0042
20.0042
20.0042
21.1318
21.1318
21.1318
21.1318
21.1318
21.1318
21.1318
21.1318
22.761
22.761
22.761
22.761
22.761
22.761
22.761
22.761
24.9089
24.9089
24.9089
24.9089
24.9089
24.9089
24.9089
24.9089
27.5756
27.5756
27.5756
27.5756
27.5756
27.5756
27.5756
27.5756
30.7304
30.7304
30.7304
30.7304
30.7304
30.7304
30.7304
30.7304
34.2971
34.2971
34.2971
34.2971
34.2971
34.2971
34.2971
34.2971
38.1436
38.1436
38.1436
38.1436
38.1436
38.1436
38.1436
38.1436
42.0813
42.0813
42.0813
42.0813
42.0813
42.0813
42.0813
42.0813
45.8784
45.8784
45.8784
45.8784
45.8784
45.8784
45.8784
45.8784
49.2889
49.2889
49.2889
49.2889
49.2889
49.2889
49.2889
49.2889
52.0913
52.0913
52.0913
52.0913
52.0913
52.0913
52.0913
52.0913
20.0796
20.0796
20.0796
20.0796
20.0796
20.0796
20.0796
20.0796
19.4102
19.4102
19.4102
19.4102
19.4102
19.4102
19.4102
19.4102
19.1635
19.1635
19.1635
19.1635
19.1635
19.1635
19.1635
19.1635
19.3554
19.3554
19.3554
19.3554
19.3554
19.3554
19.3554
19.3554
20.0042
20.0042
20.0042
20.0042
20.0042
20.0042
20.0042
20.0042
21.1318
21.1318
21.1318
21.1318
21.1318
21.1318
21.1318
21.1318
22.761
22.761
22.761
22.761
22.761
22.761
22.761
22.761
24.9089
24.9089
24.9089
24.9089
24.9089
24.9089
24.9089
24.9089
27.5756
27.5756
27.5756
27.5756
27.5756
27.5756
27.5756
27.5756
30.7304
30.7304
30.7304
30.7304
30.7304
30.7304
30.7304
30.7304
34.2971
34.2971
34.2971
34.2971
34.2971
34.2971
34.2971
34.2971
38.1436
38.1436
38.1436
38.1436
38.1436
38.1436
38.1436
38.1436
42.0813
42.0813
42.0813
42.0813
42.0813
42.0813
42.0813
42.0813
45.8784
45.8784
45.8784
45.8784
45.8784
45.8784
45.8784
45.8784
49.2889
49.2889
49.2889
49.2889
49.2889
49.2889
49.2889
49.2889
52.0913
52.0913
52.0913
52.0913
52.0913
52.0913
52.0913
52.0913
19.6935
19.6935
19.6935
19.6935
19.6935
19.6935
19.6935
19.6935
18.8111
18.8111
18.8111
18.8111
18.8111
18.8111
18.8111
18.8111
18.3609
18.3609
18.3609
18.3609
18.3609
18.3609
18.3609
18.3609
18.3515
18.3515
18.3515
18.3515
18.3515
18.3515
18.3515
18.3515
18.795
18.795
18.795
18.795
18.795
18.795
18.795
18.795
19.7095
19.7095
19.7095
19.7095
19.7095
19.7095
19.7095
19.7095
21.1179
21.1179
21.1179
21.1179
21.1179
21.1179
21.1179
21.1179
23.0427
23.0427
23.0427
23.0427
23.0427
23.0427
23.0427
23.0427
25.4961
25.4961
25.4961
25.4961
25.4961
25.4961
25.4961
25.4961
28.467
28.467
28.467
28.467
28.467
28.467
28.467
28.467
31.9056
31.9056
31.9056
31.9056
31.9056
31.9056
31.9056
31.9056
35.7103
35.7103
35.7103
35.7103
35.7103
35.7103
35.7103
35.7103
39.7211
39.7211
39.7211
39.7211
39.7211
39.7211
39.7211
39.7211
43.7262
43.7262
43.7262
43.7262
43.7262
43.7262
43.7262
43.7262
47.4834
47.4834
47.4834
47.4834
47.4834
47.4834
47.4834
47.4834
50.7553
50.7553
50.7553
50.7553
50.7553
50.7553
50.7553
50.7553
19.6935
19.6935
19.6935
19.6935
19.6935
19.6935
19.6935
19.6935
18.8111
18.8111
18.8111
18.8111
18.8111
18.8111
18.8111
18.8111
18.3609
18.3609
18.3609
18.3609
18.3609
18.3609
18.3609
18.3609
18.3515
18.3515
18.3515
18.3515
18.3515
18.3515
18.3515
18.3515
18.795
18.795
18.795
18.795
18.795
18.795
18.795
18.795
19.7095
19.7095
19.7095
19.7095
19.7095
19.7095
19.7095
19.7095
21.1179
21.1179
21.1179
21.1179
21.1179
21.1179
21.1179
21.1179
23.0427
23.0427
23.0427
23.0427
23.0427
23.0427
23.0427
23.0427
25.4961
25.4961
25.4961
25.4961
25.4961
25.4961
25.4961
25.4961
28.467
28.467
28.467
28.467
28.467
28.467
28.467
28.467
31.9056
31.9056
31.9056
31.9056
31.9056
31.9056
31.9056
31.9056
35.7103
35.7103
35.7103
35.7103
35.7103
35.7103
35.7103
35.7103
39.7211
39.7211
39.7211
39.7211
39.7211
39.7211
39.7211
39.7211
43.7262
43.7262
43.7262
43.7262
43.7262
43.7262
43.7262
43.7262
47.4834
47.4834
47.4834
47.4834
47.4834
47.4834
47.4834
47.4834
50.7553
50.7553
50.7553
50.7553
50.7553
50.7553
50.7553
50.7553
19.6935
19.6935
19.6935
19.6935
19.6935
19.6935
19.6935
19.6935
18.8111
18.8111
18.8111
18.8111
18.8111
18.8111
18.8111
18.8111
18.3609
18.3609
18.3609
18.3609
18.3609
18.3609
18.3609
18.3609
18.3515
18.3515
18.3515
18.3515
18.3515
18.3515
18.3515
18.3515
18.795
18.795
18.795
18.795
18.795
18.795
18.795
18.795
19.7095
19.7095
19.7095
19.7095
19.7095
19.7095
19.7095
19.7095
21.1179
21.1179
21.1179
21.1179
21.1179
21.1179
21.1179
21.1179
23.0427
23.0427
23.0427
23.0427
23.0427
23.0427
23.0427
23.0427
25.4961
25.4961
25.4961
25.4961
25.4961
25.4961
25.4961
25.4961
28.467
28.467
28.467
28.467
28.467
28.467
28.467
28.467
31.9056
31.9056
31.9056
31.9056
31.9056
31.9056
31.9056
31.9056
35.7103
35.7103
35.7103
35.7103
35.7103
35.7103
35.7103
35.7103
39.7211
39.7211
39.7211
39.7211
39.7211
39.7211
39.7211
39.7211
43.7262
43.7262
43.7262
43.7262
43.7262
43.7262
43.7262
43.7262
47.4834
47.4834
47.4834
47.4834
47.4834
47.4834
47.4834
47.4834
50.7553
50.7553
50.7553
50.7553
50.7553
50.7553
50.7553
50.7553
19.6935
19.6935
19.6935
19.6935
19.6935
19.6935
19.6935
19.6935
18.8111
18.8111
18.8111
18.8111
18.8111
18.8111
18.8111
18.8111
18.3609
18.3609
18.3609
18.3609
18.3609
18.3609
18.3609
18.3609
18.3515
18.3515
18.3515
18.3515
18.3515
18.3515
18.3515
18.3515
18.795
18.795
18.795
18.795
18.795
18.795
18.795
18.795
19.7095
19.7095
19.7095
19.7095
19.7095
19.7095
19.7095
19.7095
21.1179
21.1179
21.1179
21.1179
21.1179
21.1179
21.1179
21.1179
23.0427
23.0427
23.0427
23.0427
23.0427
23.0427
23.0427
23.0427
25.4961
25.4961
25.4961
25.4961
25.4961
25.4961
25.4961
25.4961
28.467
28.467
28.467
28.467
28.467
28.467
28.467
28.467
31.9056
31.9056
31.9056
31.9056
31.9056
31.9056
31.9056
31.9056
35.7103
35.7103
35.7103
35.7103
35.7103
35.7103
35.7103
35.7103
39.7211
39.7211
39.7211
39.7211
39.7211
39.7211
39.7211
39.7211
43.7262
43.7262
43.7262
43.7262
43.7262
43.7262
43.7262
43.7262
47.4834
47.4834
47.4834
47.4834
47.4834
47.4834
47.4834
47.4834
50.7553
50.7553
50.7553
50.7553
50.7553
50.7553
50.7553
50.7553
19.5346
19.5346
19.5346
19.5346
19.5346
19.5346
19.5346
19.5346
18.4421
18.4421
18.4421
18.4421
18.4421
18.4421
18.4421
18.4421
17.7974
17.7974
17.7974
17.7974
17.7974
17.7974
17.7974
17.7974
17.6013
17.6013
17.6013
17.6013
17.6013
17.6013
17.6013
17.6013
17.8589
17.8589
17.8589
17.8589
17.8589
17.8589
17.8589
17.8589
18.5831
18.5831
18.5831
18.5831
18.5831
18.5831
18.5831
18.5831
19.7952
19.7952
19.7952
19.7952
19.7952
19.7952
19.7952
19.7952
21.5199
21.5199
21.5199
21.5199
21.5199
21.5199
21.5199
21.5199
23.7782
23.7782
23.7782
23.7782
23.7782
23.7782
23.7782
23.7782
26.5743
26.5743
26.5743
26.5743
26.5743
26.5743
26.5743
26.5743
29.881
29.881
29.881
29.881
29.881
29.881
29.881
29.881
33.6241
33.6241
33.6241
33.6241
33.6241
33.6241
33.6241
33.6241
37.6722
37.6722
37.6722
37.6722
37.6722
37.6722
37.6722
37.6722
41.8364
41.8364
41.8364
41.8364
41.8364
41.8364
41.8364
41.8364
45.8849
45.8849
45.8849
45.8849
45.8849
45.8849
45.8849
45.8849
49.5733
49.5733
49.5733
49.5733
49.5733
49.5733
49.5733
49.5733
19.5346
19.5346
19.5346
19.5346
19.5346
19.5346
19.5346
19.5346
18.4421
18.4421
18.4421
18.4421
18.4421
18.4421
18.4421
18.4421
17.7974
17.7974
17.7974
17.7974
17.7974
17.7974
17.7974
17.7974
17.6013
17.6013
17.6013
17.6013
17.6013
17.6013
17.6013
17.6013
17.8589
17.8589
17.8589
17.8589
17.8589
17.8589
17.8589
17.8589
18.5831
18.5831
18.5831
18.5831
18.5831
18.5831
18.5831
18.5831
19.7952
19.7952
19.7952
19.7952
19.7952
19.7952
19.7952
19.7952
21.5199
21.5199
21.5199
21.5199
21.5199
21.5199
21.5199
21.5199
23.7782
23.7782
23.7782
23.7782
23.7782
23.7782
23.7782
23.7782
26.5743
26.5743
26.5743
26.5743
26.5743
26.5743
26.5743
26.5743
29.881
29.881
29.881
29.881
29.881
29.881
29.881
29.881
33.6241
33.6241
33.6241
33.6241
33.6241
33.6241
33.6241
33.6241
37.6722
37.6722
37.6722
37.6722
37.6722
37.6722
37.6722
37.6722
41.8364
41.8364
41.8364
41.8364
41.8364
41.8364
41.8364
41.8364
45.8849
45.8849
45.8849
45.8849
45.8849
45.8849
45.8849
45.8849
49.5733
49.5733
49.5733
49.5733
49.5733
49.5733
49.5733
49.5733
19.5346
19.5346
19.5346
19.5346
19.5346
19.5346
19.5346
19.5346
18.4421
18.4421
18.4421
18.4421
18.4421
18.4421
18.4421
18.4421
17.7974
17.7974
17.7974
17.7974
17.7974
17.7974
17.7974
17.7974
17.6013
17.6013
17.6013
17.6013
17.6013
17.6013
17.6013
17.6013
17.8589
17.8589
17.8589
17.8589
17.8589
17.8589
17.8589
17.8589
18.5831
18.5831
18.5831
18.5831
18.5831
18.5831
18.5831
18.5831
19.7952
19.7952
19.7952
19.7952
19.7952
19.7952
19.7952
19.7952
21.5199
21.5199
21.5199
21.5199
21.5199
21.5199
21.5199
21.5199
23.7782
23.7782
23.7782
23.7782
23.7782
23.7782
23.7782
23.7782
26.5743
26.5743
26.5743
26.5743
26.5743
26.5743
26.5743
26.5743
29.881
29.881
29.881
29.881
29.881
29.881
29.881
29.881
33.6241
33.6241
33.6241
33.6241
33.6241
33.6241
33.6241
33.6241
37.6722
37.6722
37.6722
37.6722
37.6722
37.6722
37.6722
37.6722
41.8364
41.8364
41.8364
41.8364
41.8364
41.8364
41.8364
41.8364
45.8849
45.8849
45.8849
45.8849
45.8849
45.8849
45.8849
45.8849
49.5733
49.5733
49.5733
49.5733
49.5733
49.5733
49.5733
49.5733
19.5346
19.5346
19.5346
19.5346
19.5346
19.5346
19.5346
19.5346
18.4421
18.4421
18.4421
18.4421
18.4421
18.4421
18.4421
18.4421
17.7974
17.7974
17.7974
17.7974
17.7974
17.7974
17.7974
17.7974
17.6013
17.6013
17.6013
17.6013
17.6013
17.6013
17.6013
17.6013
17.8589
17.8589
17.8589
17.8589
17.8589
17.8589
17.8589
17.8589
18.5831
18.5831
18.5831
18.5831
18.5831
18.5831
18.5831
18.5831
19.7952
19.7952
19.7952
19.7952
19.7952
19.7952
19.7952
19.7952
21.5199
21.5199
21.5199
21.5199
21.5199
21.5199
21.5199
21.5199
23.7782
23.7782
23.7782
23.7782
23.7782
23.7782
23.7782
23.7782
26.5743
26.5743
26.5743
26.5743
26.5743
26.5743
26.5743
26.5743
29.881
29.881
29.881
29.881
29.881
29.881
29.881
29.881
33.6241
33.6241
33.6241
33.6241
33.6241
33.6241
33.6241
33.6241
37.6722
37.6722
37.6722
37.6722
37.6722
37.6722
37.6722
37.6722
41.8364
41.8364
41.8364
41.8364
41.8364
41.8364
41.8364
41.8364
45.8849
45.8849
45.8849
45.8849
45.8849
45.8849
45.8849
45.8849
49.5733
49.5733
49.5733
49.5733
49.5733
49.5733
49.5733
49.5733
19.6538
19.6538
19.6538
19.6538
19.6538
19.6538
19.6538
19.6538
18.349
18.349
18.349
18.349
18.349
18.349
18.349
18.349
17.5145
17.5145
17.5145
17.5145
17.5145
17.5145
17.5145
17.5145
17.1428
17.1428
17.1428
17.1428
17.1428
17.1428
17.1428
17.1428
17.2311
17.2311
17.2311
17.2311
17.2311
17.2311
17.2311
17.2311
17.7865
17.7865
17.7865
17.7865
17.7865
17.7865
17.7865
17.7865
18.8269
18.8269
18.8269
18.8269
18.8269
18.8269
18.8269
18.8269
20.3775
20.3775
20.3775
20.3775
20.3775
20.3775
20.3775
20.3775
22.4646
22.4646
22.4646
22.4646
22.4646
22.4646
22.4646
22.4646
25.104
25.104
25.104
25.104
25.104
25.104
25.104
25.104
28.2866
28.2866
28.2866
28.2866
28.2866
28.2866
28.2866
28.2866
31.962
31.962
31.962
31.962
31.962
31.962
31.962
31.962
36.0254
36.0254
36.0254
36.0254
36.0254
36.0254
36.0254
36.0254
40.3117
40.3117
40.3117
40.3117
40.3117
40.3117
40.3117
40.3117
44.604
44.604
44.604
44.604
44.604
44.604
44.604
44.604
48.6579
48.6579
48.6579
48.6579
48.6579
48.6579
48.6579
48.6579
19.6538
19.6538
19.6538
19.6538
19.6538
19.6538
19.6538
19.6538
18.349
18.349
18.349
18.349
18.349
18.349
18.349
18.349
17.5145
17.5145
17.5145
17.5145
17.5145
17.5145
17.5145
17.5145
17.1428
17.1428
17.1428
17.1428
17.1428
17.1428
17.1428
17.1428
17.2311
17.2311
17.2311
17.2311
17.2311
17.2311
17.2311
17.2311
17.7865
17.7865
17.7865
17.7865
17.7865
17.7865
17.7865
17.7865
18.8269
18.8269
18.8269
18.8269
18.8269
18.8269
18.8269
18.8269
20.3775
20.3775
20.3775
20.3775
20.3775
20.3775
20.3775
20.3775
22.4646
22.4646
22.4646
22.4646
22.4646
22.4646
22.4646
22.4646
25.104
25.104
25.104
25.104
25.104
25.104
25.104
25.104
28.2866
28.2866
28.2866
28.2866
28.2866
28.2866
28.2866
28.2866
31.962
31.962
31.962
31.962
31.962
31.962
31.962
31.962
36.0254
36.0254
36.0254
36.0254
36.0254
36.0254
36.0254
36.0254
40.3117
40.3117
40.3117
40.3117
40.3117
40.3117
40.3117
40.3117
44.604
44.604
44.604
44.604
44.604
44.604
44.604
44.604
48.6579
48.6579
48.6579
48.6579
48.6579
48.6579
48.6579
48.6579
19.6538
19.6538
19.6538
19.6538
19.6538
19.6538
19.6538
19.6538
18.349
18.349
18.349
18.349
18.349
18.349
18.349
18.349
17.5145
17.5145
17.5145
17.5145
17.5145
17.5145
17.5145
17.5145
17.1428
17.1428
17.1428
17.1428
17.1428
17.1428
17.1428
17.1428
17.2311
17.2311
17.2311
17.2311
17.2311
17.2311
17.2311
17.2311
17.7865
17.7865
17.7865
17.7865
17.7865
17.7865
17.7865
17.7865
18.8269
18.8269
18.8269
18.8269
18.8269
18.8269
18.8269
18.8269
20.3775
20.3775
20.3775
20.3775
20.3775
20.3775
20.3775
20.3775
22.4646
22.4646
22.4646
22.4646
22.4646
22.4646
22.4646
22.4646
25.104
25.104
25.104
25.104
25.104
25.104
25.104
25.104
28.2866
28.2866
28.2866
28.2866
28.2866
28.2866
28.2866
28.2866
31.962
31.962
31.962
31.962
31.962
31.962
31.962
31.962
36.0254
36.0254
36.0254
36.0254
36.0254
36.0254
36.0254
36.0254
40.3117
40.3117
40.3117
40.3117
40.3117
40.3117
40.3117
40.3117
44.604
44.604
44.604
44.604
44.604
44.604
44.604
44.604
48.6579
48.6579
48.6579
48.6579
48.6579
48.6579
48.6579
48.6579
19.6538
19.6538
19.6538
19.6538
19.6538
19.6538
19.6538
19.6538
18.349
18.349
18.349
18.349
18.349
18.349
18.349
18.349
17.5145
17.5145
17.5145
17.5145
17.5145
17.5145
17.5145
17.5145
17.1428
17.1428
17.1428
17.1428
17.1428
17.1428
17.1428
17.1428
17.2311
17.2311
17.2311
17.2311
17.2311
17.2311
17.2311
17.2311
17.7865
17.7865
17.7865
17.7865
17.7865
17.7865
17.7865
17.7865
18.8269
18.8269
18.8269
18.8269
18.8269
18.8269
18.8269
18.8269
20.3775
20.3775
20.3775
20.3775
20.3775
20.3775
20.3775
20.3775
22.4646
22.4646
22.4646
22.4646
22.4646
22.4646
22.4646
22.4646
25.104
25.104
25.104
25.104
25.104
25.104
25.104
25.104
28.2866
28.2866
28.2866
28.2866
28.2866
28.2866
28.2866
28.2866
31.962
31.962
31.962
31.962
31.962
31.962
31.962
31.962
36.0254
36.0254
36.0254
36.0254
36.0254
36.0254
36.0254
36.0254
40.3117
40.3117
40.3117
40.3117
40.3117
40.3117
40.3117
40.3117
44.604
44.604
44.604
44.604
44.604
44.604
44.604
44.604
48.6579
48.6579
48.6579
48.6579
48.6579
48.6579
48.6579
48.6579
20.0894
20.0894
20.0894
20.0894
20.0894
20.0894
20.0894
20.0894
18.5646
18.5646
18.5646
18.5646
18.5646
18.5646
18.5646
18.5646
17.5392
17.5392
17.5392
17.5392
17.5392
17.5392
17.5392
17.5392
16.9974
16.9974
16.9974
16.9974
16.9974
16.9974
16.9974
16.9974
16.9284
16.9284
16.9284
16.9284
16.9284
16.9284
16.9284
16.9284
17.3327
17.3327
17.3327
17.3327
17.3327
17.3327
17.3327
17.3327
18.2235
18.2235
18.2235
18.2235
18.2235
18.2235
18.2235
18.2235
19.6248
19.6248
19.6248
19.6248
19.6248
19.6248
19.6248
19.6248
21.5658
21.5658
21.5658
21.5658
21.5658
21.5658
21.5658
21.5658
24.0703
24.0703
24.0703
24.0703
24.0703
24.0703
24.0703
24.0703
27.1431
27.1431
27.1431
27.1431
27.1431
27.1431
27.1431
27.1431
30.7538
30.7538
30.7538
30.7538
30.7538
30.7538
30.7538
30.7538
34.8208
34.8208
34.8208
34.8208
34.8208
34.8208
34.8208
34.8208
39.2023
39.2023
39.2023
39.2023
39.2023
39.2023
39.2023
39.2023
43.6985
43.6985
43.6985
43.6985
43.6985
43.6985
43.6985
43.6985
48.0702
48.0702
48.0702
48.0702
48.0702
48.0702
48.0702
48.0702
20.0894
20.0894
20.0894
20.0894
20.0894
20.0894
20.0894
20.0894
18.5646
18.5646
18.5646
18.5646
18.5646
18.5646
18.5646
18.5646
17.5392
17.5392
17.5392
17.5392
17.5392
17.5392
17.5392
17.5392
16.9974
16.9974
16.9974
16.9974
16.9974
16.9974
16.9974
16.9974
16.9284
16.9284
16.9284
16.9284
16.9284
16.9284
16.9284
16.9284
17.3327
17.3327
17.3327
17.3327
17.3327
17.3327
17.3327
17.3327
18.2235
18.2235
18.2235
18.2235
18.2235
18.2235
18.2235
18.2235
19.6248
19.6248
19.6248
19.6248
19.6248
19.6248
19.6248
19.6248
21.5658
21.5658
21.5658
21.5658
21.5658
21.5658
21.5658
21.5658
24.0703
24.0703
24.0703
24.0703
24.0703
24.0703
24.0703
24.0703
27.1431
27.1431
27.1431
27.1431
27.1431
27.1431
27.1431
27.1431
30.7538
30.7538
30.7538
30.7538
30.7538
30.7538
30.7538
30.7538
34.8208
34.8208
34.8208
34.8208
34.8208
34.8208
34.8208
34.8208
39.2023
39.2023
39.2023
39.2023
39.2023
39.2023
39.2023
39.2023
43.6985
43.6985
43.6985
43.6985
43.6985
43.6985
43.6985
43.6985
48.0702
48.0702
48.0702
48.0702
48.0702
48.0702
48.0702
48.0702
20.0894
20.0894
20.0894
20.0894
20.0894
20.0894
20.0894
20.0894
18.5646
18.5646
18.5646
18.5646
18.5646
18.5646
18.5646
18.5646
17.5392
17.5392
17.5392
17.5392
17.5392
17.5392
17.5392
17.5392
16.9974
16.9974
16.9974
16.9974
16.9974
16.9974
16.9974
16.9974
16.9284
16.9284
16.9284
16.9284
16.9284
16.9284
16.9284
16.9284
17.3327
17.3327
17.3327
17.3327
17.3327
17.3327
17.3327
17.3327
18.2235
18.2235
18.2235
18.2235
18.2235
18.2235
18.2235
18.2235
19.6248
19.6248
19.6248
19.6248
19.6248
19.6248
19.6248
19.6248
21.5658
21.5658
21.5658
21.5658
21.5658
21.5658
21.5658
21.5658
24.0703
24.0703
24.0703
24.0703
24.0703
24.0703
24.0703
24.0703
27.1431
27.1431
27.1431
27.1431
27.1431
27.1431
27.1431
27.1431
30.7538
30.7538
30.7538
30.7538
30.7538
30.7538
30.7538
30.7538
34.8208
34.8208
34.8208
34.8208
34.8208
34.8208
34.8208
34.8208
39.2023
39.2023
39.2023
39.2023
39.2023
39.2023
39.2023
39.2023
43.6985
43.6985
43.6985
43.6985
43.6985
43.6985
43.6985
43.6985
48.0702
48.0702
48.0702
48.0702
48.0702
48.0702
48.0702
48.0702
20.0894
20.0894
20.0894
20.0894
20.0894
20.0894
20.0894
20.0894
18.5646
18.5646
18.5646
18.5646
18.5646
18.5646
18.5646
18.5646
17.5392
17.5392
17.5392
17.5392
17.5392
17.5392
17.5392
17.5392
16.9974
16.9974
16.9974
16.9974
16.9974
16.9974
16.9974
16.9974
16.9284
16.9284
16.9284
16.9284
16.9284
16.9284
16.9284
16.9284
17.3327
17.3327
17.3327
17.3327
17.3327
17.3327
17.3327
17.3327
18.2235
18.2235
18.2235
18.2235
18.2235
18.2235
18.2235
18.2235
19.6248
19.6248
19.6248
19.6248
19.6248
19.6248
19.6248
19.6248
21.5658
21.5658
21.5658
21.5658
21.5658
21.5658
21.5658
21.5658
24.0703
24.0703
24.0703
24.0703
24.0703
24.0703
24.0703
24.0703
27.1431
27.1431
27.1431
27.1431
27.1431
27.1431
27.1431
27.1431
30.7538
30.7538
30.7538
30.7538
30.7538
30.7538
30.7538
30.7538
34.8208
34.8208
34.8208
34.8208
34.8208
34.8208
34.8208
34.8208
39.2023
39.2023
39.2023
39.2023
39.2023
39.2023
39.2023
39.2023
43.6985
43.6985
43.6985
43.6985
43.6985
43.6985
43.6985
43.6985
48.0702
48.0702
48.0702
48.0702
48.0702
48.0702
48.0702
48.0702
20.8699
20.8699
20.8699
20.8699
20.8699
20.8699
20.8699
20.8699
19.1119
19.1119
19.1119
19.1119
19.1119
19.1119
19.1119
19.1119
17.8888
17.8888
17.8888
17.8888
17.8888
17.8888
17.8888
17.8888
17.1766
17.1766
17.1766
17.1766
17.1766
17.1766
17.1766
17.1766
16.9565
16.9565
16.9565
16.9565
16.9565
16.9565
16.9565
16.9565
17.2217
17.2217
17.2217
17.2217
17.2217
17.2217
17.2217
17.2217
17.9804
17.9804
17.9804
17.9804
17.9804
17.9804
17.9804
17.9804
19.2538
19.2538
19.2538
19.2538
19.2538
19.2538
19.2538
19.2538
21.0714
21.0714
21.0714
21.0714
21.0714
21.0714
21.0714
21.0714
23.4622
23.4622
23.4622
23.4622
23.4622
23.4622
23.4622
23.4622
26.4414
26.4414
26.4414
26.4414
26.4414
26.4414
26.4414
26.4414
29.9939
29.9939
29.9939
29.9939
29.9939
29.9939
29.9939
29.9939
34.0581
34.0581
34.0581
34.0581
34.0581
34.0581
34.0581
34.0581
38.5131
38.5131
38.5131
38.5131
38.5131
38.5131
38.5131
38.5131
43.1772
43.1772
43.1772
43.1772
43.1772
43.1772
43.1772
43.1772
47.8204
47.8204
47.8204
47.8204
47.8204
47.8204
47.8204
47.8204
20.8699
20.8699
20.8699
20.8699
20.8699
20.8699
20.8699
20.8699
19.1119
19.1119
19.1119
19.1119
19.1119
19.1119
19.1119
19.1119
17.8888
17.8888
17.8888
17.8888
17.8888
17.8888
17.8888
17.8888
17.1766
17.1766
17.1766
17.1766
17.1766
17.1766
17.1766
17.1766
16.9565
16.9565
16.9565
16.9565
16.9565
16.9565
16.9565
16.9565
17.2217
17.2217
17.2217
17.2217
17.2217
17.2217
17.2217
17.2217
17.9804
17.9804
17.9804
17.9804
17.9804
17.9804
17.9804
17.9804
19.2538
19.2538
19.2538
19.2538
19.2538
19.2538
19.2538
19.2538
21.0714
21.0714
21.0714
21.0714
21.0714
21.0714
21.0714
21.0714
23.4622
23.4622
23.4622
23.4622
23.4622
23.4622
23.4622
23.4622
26.4414
26.4414
26.4414
26.4414
26.4414
26.4414
26.4414
26.4414
29.9939
29.9939
29.9939
29.9939
29.9939
29.9939
29.9939
29.9939
34.0581
34.0581
34.0581
34.0581
34.0581
34.0581
34.0581
34.0581
38.5131
38.5131
38.5131
38.5131
38.5131
38.5131
38.5131
38.5131
43.1772
43.1772
43.1772
43.1772
43.1772
43.1772
43.1772
43.1772
47.8204
47.8204
47.8204
47.8204
47.8204
47.8204
47.8204
47.8204
20.8699
20.8699
20.8699
20.8699
20.8699
20.8699
20.8699
20.8699
19.1119
19.1119
19.1119
19.1119
19.1119
19.1119
19.1119
19.1119
17.8888
17.8888
17.8888
17.8888
17.8888
17.8888
17.8888
17.8888
17.1766
17.1766
17.1766
17.1766
17.1766
17.1766
17.1766
17.1766
16.9565
16.9565
16.9565
16.9565
16.9565
16.9565
16.9565
16.9565
17.2217
17.2217
17.2217
17.2217
17.2217
17.2217
17.2217
17.2217
17.9804
17.9804
17.9804
17.9804
17.9804
17.9804
17.9804
17.9804
19.2538
19.2538
19.2538
19.2538
19.2538
19.2538
19.2538
19.2538
21.0714
21.0714
21.0714
21.0714
21.0714
21.0714
21.0714
21.0714
23.4622
23.4622
23.4622
23.4622
23.4622
23.4622
23.4622
23.4622
26.4414
26.4414
26.4414
26.4414
26.4414
26.4414
26.4414
26.4414
29.9939
29.9939
29.9939
29.9939
29.9939
29.9939
29.9939
29.9939
34.0581
34.0581
34.0581
34.0581
34.0581
34.0581
34.0581
34.0581
38.5131
38.5131
38.5131
38.5131
38.5131
38.5131
38.5131
38.5131
43.1772
43.1772
43.1772
43.1772
43.1772
43.1772
43.1772
43.1772
47.8204
47.8204
47.8204
47.8204
47.8204
47.8204
47.8204
47.8204
20.8699
20.8699
20.8699
20.8699
20.8699
20.8699
20.8699
20.8699
19.1119
19.1119
19.1119
19.1119
19.1119
19.1119
19.1119
19.1119
17.8888
17.8888
17.8888
17.8888
17.8888
17.8888
17.8888
17.8888
17.1766
17.1766
17.1766
17.1766
17.1766
17.1766
17.1766
17.1766
16.9565
16.9565
16.9565
16.9565
16.9565
16.9565
16.9565
16.9565
17.2217
17.2217
17.2217
17.2217
17.2217
17.2217
17.2217
17.2217
17.9804
17.9804
17.9804
17.9804
17.9804
17.9804
17.9804
17.9804
19.2538
19.2538
19.2538
19.2538
19.2538
19.2538
19.2538
19.2538
21.0714
21.0714
21.0714
21.0714
21.0714
21.0714
21.0714
21.0714
23.4622
23.4622
23.4622
23.4622
23.4622
23.4622
23.4622
23.4622
26.4414
26.4414
26.4414
26.4414
26.4414
26.4414
26.4414
26.4414
29.9939
29.9939
29.9939
29.9939
29.9939
29.9939
29.9939
29.9939
34.0581
34.0581
34.0581
34.0581
34.0581
34.0581
34.0581
34.0581
38.5131
38.5131
38.5131
38.5131
38.5131
38.5131
38.5131
38.5131
43.1772
43.1772
43.1772
43.1772
43.1772
43.1772
43.1772
43.1772
47.8204
47.8204
47.8204
47.8204
47.8204
47.8204
47.8204
47.8204
22.013
22.013
22.013
22.013
22.013
22.013
22.013
22.013
20.0046
20.0046
20.0046
20.0046
20.0046
20.0046
20.0046
20.0046
18.5722
18.5722
18.5722
18.5722
18.5722
18.5722
18.5722
18.5722
17.6842
17.6842
17.6842
17.6842
17.6842
17.6842
17.6842
17.6842
17.3137
17.3137
17.3137
17.3137
17.3137
17.3137
17.3137
17.3137
17.4464
17.4464
17.4464
17.4464
17.4464
17.4464
17.4464
17.4464
18.0846
18.0846
18.0846
18.0846
18.0846
18.0846
18.0846
18.0846
19.2454
19.2454
19.2454
19.2454
19.2454
19.2454
19.2454
19.2454
20.9574
20.9574
20.9574
20.9574
20.9574
20.9574
20.9574
20.9574
23.2518
23.2518
23.2518
23.2518
23.2518
23.2518
23.2518
23.2518
26.1503
26.1503
26.1503
26.1503
26.1503
26.1503
26.1503
26.1503
29.6495
29.6495
29.6495
29.6495
29.6495
29.6495
29.6495
29.6495
33.7034
33.7034
33.7034
33.7034
33.7034
33.7034
33.7034
33.7034
38.2098
38.2098
38.2098
38.2098
38.2098
38.2098
38.2098
38.2098
43.0042
43.0042
43.0042
43.0042
43.0042
43.0042
43.0042
43.0042
47.8686
47.8686
47.8686
47.8686
47.8686
47.8686
47.8686
47.8686
22.013
22.013
22.013
22.013
22.013
22.013
22.013
22.013
20.0046
20.0046
20.0046
20.0046
20.0046
20.0046
20.0046
20.0046
18.5722
18.5722
18.5722
18.5722
18.5722
18.5722
18.5722
18.5722
17.6842
17.6842
17.6842
17.6842
17.6842
17.6842
17.6842
17.6842
17.3137
17.3137
17.3137
17.3137
17.3137
17.3137
17.3137
17.3137
17.4464
17.4464
17.4464
17.4464
17.4464
17.4464
17.4464
17.4464
18.0846
18.0846
18.0846
18.0846
18.0846
18.0846
18.0846
18.0846
19.2454
19.2454
19.2454
19.2454
19.2454
19.2454
19.2454
19.2454
20.9574
20.9574
20.9574
20.9574
20.9574
20.9574
20.9574
20.9574
23.2518
23.2518
23.2518
23.2518
23.2518
23.2518
23.2518
23.2518
26.1503
26.1503
26.1503
26.1503
26.1503
26.1503
26.1503
26.1503
29.6495
29.6495
29.6495
29.6495
29.6495
29.6495
29.6495
29.6495
33.7034
33.7034
33.7034
33.7034
33.7034
33.7034
33.7034
33.7034
38.2098
38.2098
38.2098
38.2098
38.2098
38.2098
38.2098
38.2098
43.0042
43.0042
43.0042
43.0042
43.0042
43.0042
43.0042
43.0042
47.8686
47.8686
47.8686
47.8686
47.8686
47.8686
47.8686
47.8686
22.013
22.013
22.013
22.013
22.013
22.013
22.013
22.013
20.0046
20.0046
20.0046
20.0046
20.0046
20.0046
20.0046
20.0046
18.5722
18.5722
18.5722
18.5722
18.5722
18.5722
18.5722
18.5722
17.6842
17.6842
17.6842
17.6842
17.6842
17.6842
17.6842
17.6842
17.3137
17.3137
17.3137
17.3137
17.3137
17.3137
17.3137
17.3137
17.4464
17.4464
17.4464
17.4464
17.4464
17.4464
17.4464
17.4464
18.0846
18.0846
18.0846
18.0846
18.0846
18.0846
18.0846
18.0846
19.2454
19.2454
19.2454
19.2454
19.2454
19.2454
19.2454
19.2454
20.9574
20.9574
20.9574
20.9574
20.9574
20.9574
20.9574
20.9574
23.2518
23.2518
23.2518
23.2518
23.2518
23.2518
23.2518
23.2518
26.1503
26.1503
26.1503
26.1503
26.1503
26.1503
26.1503
26.1503
29.6495
29.6495
29.6495
29.6495
29.6495
29.6495
29.6495
29.6495
33.7034
33.7034
33.7034
33.7034
33.7034
33.7034
33.7034
33.7034
38.2098
38.2098
38.2098
38.2098
38.2098
38.2098
38.2098
38.2098
43.0042
43.0042
43.0042
43.0042
43.0042
43.0042
43.0042
43.0042
47.8686
47.8686
47.8686
47.8686
47.8686
47.8686
47.8686
47.8686
22.013
22.013
22.013
22.013
22.013
22.013
22.013
22.013
20.0046
20.0046
20.0046
20.0046
20.0046
20.0046
20.0046
20.0046
18.5722
18.5722
18.5722
18.5722
18.5722
18.5722
18.5722
18.5722
17.6842
17.6842
17.6842
17.6842
17.6842
17.6842
17.6842
17.6842
17.3137
17.3137
17.3137
17.3137
17.3137
17.3137
17.3137
17.3137
17.4464
17.4464
17.4464
17.4464
17.4464
17.4464
17.4464
17.4464
18.0846
18.0846
18.0846
18.0846
18.0846
18.0846
18.0846
18.0846
19.2454
19.2454
19.2454
19.2454
19.2454
19.2454
19.2454
19.2454
20.9574
20.9574
20.9574
20.9574
20.9574
20.9574
20.9574
20.9574
23.2518
23.2518
23.2518
23.2518
23.2518
23.2518
23.2518
23.2518
26.1503
26.1503
26.1503
26.1503
26.1503
26.1503
26.1503
26.1503
29.6495
29.6495
29.6495
29.6495
29.6495
29.6495
29.6495
29.6495
33.7034
33.7034
33.7034
33.7034
33.7034
33.7034
33.7034
33.7034
38.2098
38.2098
38.2098
38.2098
38.2098
38.2098
38.2098
38.2098
43.0042
43.0042
43.0042
43.0042
43.0042
43.0042
43.0042
43.0042
47.8686
47.8686
47.8686
47.8686
47.8686
47.8686
47.8686
47.8686
23.5214
23.5214
23.5214
23.5214
23.5214
23.5214
23.5214
23.5214
21.2448
21.2448
21.2448
21.2448
21.2448
21.2448
21.2448
21.2448
19.5891
19.5891
19.5891
19.5891
19.5891
19.5891
19.5891
19.5891
18.5158
18.5158
18.5158
18.5158
18.5158
18.5158
18.5158
18.5158
17.9905
17.9905
17.9905
17.9905
17.9905
17.9905
17.9905
17.9905
17.9916
17.9916
17.9916
17.9916
17.9916
17.9916
17.9916
17.9916
18.5146
18.5146
18.5146
18.5146
18.5146
18.5146
18.5146
18.5146
19.572
19.572
19.572
19.572
19.572
19.572
19.572
19.572
21.1891
21.1891
21.1891
21.1891
21.1891
21.1891
21.1891
21.1891
23.397
23.397
23.397
23.397
23.397
23.397
23.397
23.397
26.2207
26.2207
26.2207
26.2207
26.2207
26.2207
26.2207
26.2207
29.6644
29.6644
29.6644
29.6644
29.6644
29.6644
29.6644
29.6644
33.6941
33.6941
33.6941
33.6941
33.6941
33.6941
33.6941
33.6941
38.2224
38.2224
38.2224
38.2224
38.2224
38.2224
38.2224
38.2224
43.1014
43.1014
43.1014
43.1014
43.1014
43.1014
43.1014
43.1014
48.1267
48.1267
48.1267
48.1267
48.1267
48.1267
48.1267
48.1267
23.5214
23.5214
23.5214
23.5214
23.5214
23.5214
23.5214
23.5214
21.2448
21.2448
21.2448
21.2448
21.2448
21.2448
21.2448
21.2448
19.5891
19.5891
19.5891
19.5891
19.5891
19.5891
19.5891
19.5891
18.5158
18.5158
18.5158
18.5158
18.5158
18.5158
18.5158
18.5158
17.9905
17.9905
17.9905
17.9905
17.9905
17.9905
17.9905
17.9905
17.9916
17.9916
17.9916
17.9916
17.9916
17.9916
17.9916
17.9916
18.5146
18.5146
18.5146
18.5146
18.5146
18.5146
18.5146
18.5146
19.572
19.572
19.572
19.572
19.572
19.572
19.572
19.572
21.1891
21.1891
21.1891
21.1891
21.1891
21.1891
21.1891
21.1891
23.397
23.397
23.397
23.397
23.397
23.397
23.397
23.397
26.2207
26.2207
26.2207
26.2207
26.2207
26.2207
26.2207
26.2207
29.6644
29.6644
29.6644
29.6644
29.6644
29.6644
29.6644
29.6644
33.6941
33.6941
33.6941
33.6941
33.6941
33.6941
33.6941
33.6941
38.2224
38.2224
38.2224
38.2224
38.2224
38.2224
38.2224
38.2224
43.1014
43.1014
43.1014
43.1014
43.1014
43.1014
43.1014
43.1014
48.1267
48.1267
48.1267
48.1267
48.1267
48.1267
48.1267
48.1267
23.5214
23.5214
23.5214
23.5214
23.5214
23.5214
23.5214
23.5214
21.2448
21.2448
21.2448
21.2448
21.2448
21.2448
21.2448
21.2448
19.5891
19.5891
19.5891
19.5891
19.5891
19.5891
19.5891
19.5891
18.5158
18.5158
18.5158
18.5158
18.5158
18.5158
18.5158
18.5158
17.9905
17.9905
17.9905
17.9905
17.9905
17.9905
17.9905
17.9905
17.9916
17.9916
17.9916
17.9916
17.9916
17.9916
17.9916
17.9916
18.5146
18.5146
18.5146
18.5146
18.5146
18.5146
18.5146
18.5146
19.572
19.572
19.572
19.572
19.572
19.572
19.572
19.572
21.1891
21.1891
21.1891
21.1891
21.1891
21.1891
21.1891
21.1891
23.397
23.397
23.397
23.397
23.397
23.397
23.397
23.397
26.2207
26.2207
26.2207
26.2207
26.2207
26.2207
26.2207
26.2207
29.6644
29.6644
29.6644
29.6644
29.6644
29.6644
29.6644
29.6644
33.6941
33.6941
33.6941
33.6941
33.6941
33.6941
33.6941
33.6941
38.2224
38.2224
38.2224
38.2224
38.2224
38.2224
38.2224
38.2224
43.1014
43.1014
43.1014
43.1014
43.1014
43.1014
43.1014
43.1014
48.1267
48.1267
48.1267
48.1267
48.1267
48.1267
48.1267
48.1267
23.5214
23.5214
23.5214
23.5214
23.5214
23.5214
23.5214
23.5214
21.2448
21.2448
21.2448
21.2448
21.2448
21.2448
21.2448
21.2448
19.5891
19.5891
19.5891
19.5891
19.5891
19.5891
19.5891
19.5891
18.5158
18.5158
18.5158
18.5158
18.5158
18.5158
18.5158
18.5158
17.9905
17.9905
17.9905
17.9905
17.9905
17.9905
17.9905
17.9905
17.9916
17.9916
17.9916
17.9916
17.9916
17.9916
17.9916
17.9916
18.5146
18.5146
18.5146
18.5146
18.5146
18.5146
18.5146
18.5146
19.572
19.572
19.572
19.572
19.572
19.572
19.572
19.572
21.1891
21.1891
21.1891
21.1891
21.1891
21.1891
21.1891
21.1891
23.397
23.397
23.397
23.397
23.397
23.397
23.397
23.397
26.2207
26.2207
26.2207
26.2207
26.2207
26.2207
26.2207
26.2207
29.6644
29.6644
29.6644
29.6644
29.6644
29.6644
29.6644
29.6644
33.6941
33.6941
33.6941
33.6941
33.6941
33.6941
33.6941
33.6941
38.2224
38.2224
38.2224
38.2224
38.2224
38.2224
38.2224
38.2224
43.1014
43.1014
43.1014
43.1014
43.1014
43.1014
43.1014
43.1014
48.1267
48.1267
48.1267
48.1267
48.1267
48.1267
48.1267
48.1267
25.3752
25.3752
25.3752
25.3752
25.3752
25.3752
25.3752
25.3752
22.816
22.816
22.816
22.816
22.816
22.816
22.816
22.816
20.9235
20.9235
20.9235
20.9235
20.9235
20.9235
20.9235
20.9235
19.6541
19.6541
19.6541
19.6541
19.6541
19.6541
19.6541
19.6541
18.9666
18.9666
18.9666
18.9666
18.9666
18.9666
18.9666
18.9666
18.832
18.832
18.832
18.832
18.832
18.832
18.832
18.832
19.2392
19.2392
19.2392
19.2392
19.2392
19.2392
19.2392
19.2392
20.1945
20.1945
20.1945
20.1945
20.1945
20.1945
20.1945
20.1945
21.7189
21.7189
21.7189
21.7189
21.7189
21.7189
21.7189
21.7189
23.8406
23.8406
23.8406
23.8406
23.8406
23.8406
23.8406
23.8406
26.5851
26.5851
26.5851
26.5851
26.5851
26.5851
26.5851
26.5851
29.96
29.96
29.96
29.96
29.96
29.96
29.96
29.96
33.9391
33.9391
33.9391
33.9391
33.9391
33.9391
33.9391
33.9391
38.4471
38.4471
38.4471
38.4471
38.4471
38.4471
38.4471
38.4471
43.3508
43.3508
43.3508
43.3508
43.3508
43.3508
43.3508
43.3508
48.4608
48.4608
48.4608
48.4608
48.4608
48.4608
48.4608
48.4608
25.3752
25.3752
25.3752
25.3752
25.3752
25.3752
25.3752
25.3752
22.816
22.816
22.816
22.816
22.816
22.816
22.816
22.816
20.9235
20.9235
20.9235
20.9235
20.9235
20.9235
20.9235
20.9235
19.6541
19.6541
19.6541
19.6541
19.6541
19.6541
19.6541
19.6541
18.9666
18.9666
18.9666
18.9666
18.9666
18.9666
18.9666
18.9666
18.832
18.832
18.832
18.832
18.832
18.832
18.832
18.832
19.2392
19.2392
19.2392
19.2392
19.2392
19.2392
19.2392
19.2392
20.1945
20.1945
20.1945
20.1945
20.1945
20.1945
20.1945
20.1945
21.7189
21.7189
21.7189
21.7189
21.7189
21.7189
21.7189
21.7189
23.8406
23.8406
23.8406
23.8406
23.8406
23.8406
23.8406
23.8406
26.5851
26.5851
26.5851
26.5851
26.5851
26.5851
26.5851
26.5851
29.96
29.96
29.96
29.96
29.96
29.96
29.96
29.96
33.9391
33.9391
33.9391
33.9391
33.9391
33.9391
33.9391
33.9391
38.4471
38.4471
38.4471
38.4471
38.4471
38.4471
38.4471
38.4471
43.3508
43.3508
43.3508
43.3508
43.3508
43.3508
43.3508
43.3508
48.4608
48.4608
48.4608
48.4608
48.4608
48.4608
48.4608
48.4608
25.3752
25.3752
25.3752
25.3752
25.3752
25.3752
25.3752
25.3752
22.816
22.816
22.816
22.816
22.816
22.816
22.816
22.816
20.9235
20.9235
20.9235
20.9235
20.9235
20.9235
20.9235
20.9235
19.6541
19.6541
19.6541
19.6541
19.6541
19.6541
19.6541
19.6541
18.9666
18.9666
18.9666
18.9666
18.9666
18.9666
18.9666
18.9666
18.832
18.832
18.832
18.832
18.832
18.832
18.832
18.832
19.2392
19.2392
19.2392
19.2392
19.2392
19.2392
19.2392
19.2392
20.1945
20.1945
20.1945
20.1945
20.1945
20.1945
20.1945
20.1945
21.7189
21.7189
21.7189
21.7189
21.7189
21.7189
21.7189
21.7189
23.8406
23.8406
23.8406
23.8406
23.8406
23.8406
23.8406
23.8406
26.5851
26.5851
26.5851
26.5851
26.5851
26.5851
26.5851
26.5851
29.96
29.96
29.96
29.96
29.96
29.96
29.96
29.96
33.9391
33.9391
33.9391
33.9391
33.9391
33.9391
33.9391
33.9391
38.4471
38.4471
38.4471
38.4471
38.4471
38.4471
38.4471
38.4471
43.3508
43.3508
43.3508
43.3508
43.3508
43.3508
43.3508
43.3508
48.4608
48.4608
48.4608
48.4608
48.4608
48.4608
48.4608
48.4608
25.3752
25.3752
25.3752
25.3752
25.3752
25.3752
25.3752
25.3752
22.816
22.816
22.816
22.816
22.816
22.816
22.816
22.816
20.9235
20.9235
20.9235
20.9235
20.9235
20.9235
20.9235
20.9235
19.6541
19.6541
19.6541
19.6541
19.6541
19.6541
19.6541
19.6541
18.9666
18.9666
18.9666
18.9666
18.9666
18.9666
18.9666
18.9666
18.832
18.832
18.832
18.832
18.832
18.832
18.832
18.832
19.2392
19.2392
19.2392
19.2392
19.2392
19.2392
19.2392
19.2392
20.1945
20.1945
20.1945
20.1945
20.1945
20.1945
20.1945
20.1945
21.7189
21.7189
21.7189
21.7189
21.7189
21.7189
21.7189
21.7189
23.8406
23.8406
23.8406
23.8406
23.8406
23.8406
23.8406
23.8406
26.5851
26.5851
26.5851
26.5851
26.5851
26.5851
26.5851
26.5851
29.96
29.96
29.96
29.96
29.96
29.96
29.96
29.96
33.9391
33.9391
33.9391
33.9391
33.9391
33.9391
33.9391
33.9391
38.4471
38.4471
38.4471
38.4471
38.4471
38.4471
38.4471
38.4471
43.3508
43.3508
43.3508
43.3508
43.3508
43.3508
43.3508
43.3508
48.4608
48.4608
48.4608
48.4608
48.4608
48.4608
48.4608
48.4608
27.5218
27.5218
27.5218
27.5218
27.5218
27.5218
27.5218
27.5218
24.6748
24.6748
24.6748
24.6748
24.6748
24.6748
24.6748
24.6748
22.5371
22.5371
22.5371
22.5371
22.5371
22.5371
22.5371
22.5371
21.0623
21.0623
21.0623
21.0623
21.0623
21.0623
21.0623
21.0623
20.2038
20.2038
20.2038
20.2038
20.2038
20.2038
20.2038
20.2038
19.9262
19.9262
19.9262
19.9262
19.9262
19.9262
19.9262
19.9262
20.2113
20.2113
20.2113
20.2113
20.2113
20.2113
20.2113
20.2113
21.0585
21.0585
21.0585
21.0585
21.0585
21.0585
21.0585
21.0585
22.4827
22.4827
22.4827
22.4827
22.4827
22.4827
22.4827
22.4827
24.5075
24.5075
24.5075
24.5075
24.5075
24.5075
24.5075
24.5075
27.1551
27.1551
27.1551
27.1551
27.1551
27.1551
27.1551
27.1551
30.4335
30.4335
30.4335
30.4335
30.4335
30.4335
30.4335
30.4335
34.3203
34.3203
34.3203
34.3203
34.3203
34.3203
34.3203
34.3203
38.7491
38.7491
38.7491
38.7491
38.7491
38.7491
38.7491
38.7491
43.5996
43.5996
43.5996
43.5996
43.5996
43.5996
43.5996
43.5996
48.6989
48.6989
48.6989
48.6989
48.6989
48.6989
48.6989
48.6989
27.5218
27.5218
27.5218
27.5218
27.5218
27.5218
27.5218
27.5218
24.6748
24.6748
24.6748
24.6748
24.6748
24.6748
24.6748
24.6748
22.5371
22.5371
22.5371
22.5371
22.5371
22.5371
22.5371
22.5371
21.0623
21.0623
21.0623
21.0623
21.0623
21.0623
21.0623
21.0623
20.2038
20.2038
20.2038
20.2038
20.2038
20.2038
20.2038
20.2038
19.9262
19.9262
19.9262
19.9262
19.9262
19.9262
19.9262
19.9262
20.2113
20.2113
20.2113
20.2113
20.2113
20.2113
20.2113
20.2113
21.0585
21.0585
21.0585
21.0585
21.0585
21.0585
21.0585
21.0585
22.4827
22.4827
22.4827
22.4827
22.4827
22.4827
22.4827
22.4827
24.5075
24.5075
24.5075
24.5075
24.5075
24.5075
24.5075
24.5075
27.1551
27.1551
27.1551
27.1551
27.1551
27.1551
27.1551
27.1551
30.4335
30.4335
30.4335
30.4335
30.4335
30.4335
30.4335
30.4335
34.3203
34.3203
34.3203
34.3203
34.3203
34.3203
34.3203
34.3203
38.7491
38.7491
38.7491
38.7491
38.7491
38.7491
38.7491
38.7491
43.5996
43.5996
43.5996
43.5996
43.5996
43.5996
43.5996
43.5996
48.6989
48.6989
48.6989
48.6989
48.6989
48.6989
48.6989
48.6989
27.5218
27.5218
27.5218
27.5218
27.5218
27.5218
27.5218
27.5218
24.6748
24.6748
24.6748
24.6748
24.6748
24.6748
24.6748
24.6748
22.5371
22.5371
22.5371
22.5371
22.5371
22.5371
22.5371
22.5371
21.0623
21.0623
21.0623
21.0623
21.0623
21.0623
21.0623
21.0623
20.2038
20.2038
20.2038
20.2038
20.2038
20.2038
20.2038
20.2038
19.9262
19.9262
19.9262
19.9262
19.9262
19.9262
19.9262
19.9262
20.2113
20.2113
20.2113
20.2113
20.2113
20.2113
20.2113
20.2113
21.0585
21.0585
21.0585
21.0585
21.0585
21.0585
21.0585
21.0585
22.4827
22.4827
22.4827
22.4827
22.4827
22.4827
22.4827
22.4827
24.5075
24.5075
24.5075
24.5075
24.5075
24.5075
24.5075
24.5075
27.1551
27.1551
27.1551
27.1551
27.1551
27.1551
27.1551
27.1551
30.4335
30.4335
30.4335
30.4335
30.4335
30.4335
30.4335
30.4335
34.3203
34.3203
34.3203
34.3203
34.3203
34.3203
34.3203
34.3203
38.7491
38.7491
38.7491
38.7491
38.7491
38.7491
38.7491
38.7491
43.5996
43.5996
43.5996
43.5996
43.5996
43.5996
43.5996
43.5996
48.6989
48.6989
48.6989
48.6989
48.6989
48.6989
48.6989
48.6989
27.5218
27.5218
27.5218
27.5218
27.5218
27.5218
27.5218
27.5218
24.6748
24.6748
24.6748
24.6748
24.6748
24.6748
24.6748
24.6748
22.5371
22.5371
22.5371
22.5371
22.5371
22.5371
22.5371
22.5371
21.0623
21.0623
21.0623
21.0623
21.0623
21.0623
21.0623
21.0623
20.2038
20.2038
20.2038
20.2038
20.2038
20.2038
20.2038
20.2038
19.9262
19.9262
19.9262
19.9262
19.9262
19.9262
19.9262
19.9262
20.2113
20.2113
20.2113
20.2113
20.2113
20.2113
20.2113
20.2113
21.0585
21.0585
21.0585
21.0585
21.0585
21.0585
21.0585
21.0585
22.4827
22.4827
22.4827
22.4827
22.4827
22.4827
22.4827
22.4827
24.5075
24.5075
24.5075
24.5075
24.5075
24.5075
24.5075
24.5075
27.1551
27.1551
27.1551
27.1551
27.1551
27.1551
27.1551
27.1551
30.4335
30.4335
30.4335
30.4335
30.4335
30.4335
30.4335
30.4335
34.3203
34.3203
34.3203
34.3203
34.3203
34.3203
34.3203
34.3203
38.7491
38.7491
38.7491
38.7491
38.7491
38.7491
38.7491
38.7491
43.5996
43.5996
43.5996
43.5996
43.5996
43.5996
43.5996
43.5996
48.6989
48.6989
48.6989
48.6989
48.6989
48.6989
48.6989
48.6989
29.8653
29.8653
29.8653
29.8653
29.8653
29.8653
29.8653
29.8653
26.7404
26.7404
26.7404
26.7404
26.7404
26.7404
26.7404
26.7404
24.3591
24.3591
24.3591
24.3591
24.3591
24.3591
24.3591
24.3591
22.6755
22.6755
22.6755
22.6755
22.6755
22.6755
22.6755
22.6755
21.6394
21.6394
21.6394
21.6394
21.6394
21.6394
21.6394
21.6394
21.21
21.21
21.21
21.21
21.21
21.21
21.21
21.21
21.3623
21.3623
21.3623
21.3623
21.3623
21.3623
21.3623
21.3623
22.0884
22.0884
22.0884
22.0884
22.0884
22.0884
22.0884
22.0884
23.3957
23.3957
23.3957
23.3957
23.3957
23.3957
23.3957
23.3957
25.3009
25.3009
25.3009
25.3009
25.3009
25.3009
25.3009
25.3009
27.8206
27.8206
27.8206
27.8206
27.8206
27.8206
27.8206
27.8206
30.9593
30.9593
30.9593
30.9593
30.9593
30.9593
30.9593
30.9593
34.6958
34.6958
34.6958
34.6958
34.6958
34.6958
34.6958
34.6958
38.9692
38.9692
38.9692
38.9692
38.9692
38.9692
38.9692
38.9692
43.6713
43.6713
43.6713
43.6713
43.6713
43.6713
43.6713
43.6713
48.6462
48.6462
48.6462
48.6462
48.6462
48.6462
48.6462
48.6462
29.8653
29.8653
29.8653
29.8653
29.8653
29.8653
29.8653
29.8653
26.7404
26.7404
26.7404
26.7404
26.7404
26.7404
26.7404
26.7404
24.3591
24.3591
24.3591
24.3591
24.3591
24.3591
24.3591
24.3591
22.6755
22.6755
22.6755
22.6755
22.6755
22.6755
22.6755
22.6755
21.6394
21.6394
21.6394
21.6394
21.6394
21.6394
21.6394
21.6394
21.21
21.21
21.21
21.21
21.21
21.21
21.21
21.21
21.3623
21.3623
21.3623
21.3623
21.3623
21.3623
21.3623
21.3623
22.0884
22.0884
22.0884
22.0884
22.0884
22.0884
22.0884
22.0884
23.3957
23.3957
23.3957
23.3957
23.3957
23.3957
23.3957
23.3957
25.3009
25.3009
25.3009
25.3009
25.3009
25.3009
25.3009
25.3009
27.8206
27.8206
27.8206
27.8206
27.8206
27.8206
27.8206
27.8206
30.9593
30.9593
30.9593
30.9593
30.9593
30.9593
30.9593
30.9593
34.6958
34.6958
34.6958
34.6958
34.6958
34.6958
34.6958
34.6958
38.9692
38.9692
38.9692
38.9692
38.9692
38.9692
38.9692
38.9692
43.6713
43.6713
43.6713
43.6713
43.6713
43.6713
43.6713
43.6713
48.6462
48.6462
48.6462
48.6462
48.6462
48.6462
48.6462
48.6462
29.8653
29.8653
29.8653
29.8653
29.8653
29.8653
29.8653
29.8653
26.7404
26.7404
26.7404
26.7404
26.7404
26.7404
26.7404
26.7404
24.3591
24.3591
24.3591
24.3591
24.3591
24.3591
24.3591
24.3591
22.6755
22.6755
22.6755
22.6755
22.6755
22.6755
22.6755
22.6755
21.6394
21.6394
21.6394
21.6394
21.6394
21.6394
21.6394
21.6394
21.21
21.21
21.21
21.21
21.21
21.21
21.21
21.21
21.3623
21.3623
21.3623
21.3623
21.3623
21.3623
21.3623
21.3623
22.0884
22.0884
22.0884
22.0884
22.0884
22.0884
22.0884
22.0884
23.3957
23.3957
23.3957
23.3957
23.3957
23.3957
23.3957
23.3957
25.3009
25.3009
25.3009
25.3009
25.3009
25.3009
25.3009
25.3009
27.8206
27.8206
27.8206
27.8206
27.8206
27.8206
27.8206
27.8206
30.9593
30.9593
30.9593
30.9593
30.9593
30.9593
30.9593
30.9593
34.6958
34.6958
34.6958
34.6958
34.6958
34.6958
34.6958
34.6958
38.9692
38.9692
38.9692
38.9692
38.9692
38.9692
38.9692
38.9692
43.6713
43.6713
43.6713
43.6713
43.6713
43.6713
43.6713
43.6713
48.6462
48.6462
48.6462
48.6462
48.6462
48.6462
48.6462
48.6462
29.8653
29.8653
29.8653
29.8653
29.8653
29.8653
29.8653
29.8653
26.7404
26.7404
26.7404
26.7404
26.7404
26.7404
26.7404
26.7404
24.3591
24.3591
24.3591
24.3591
24.3591
24.3591
24.3591
24.3591
22.6755
22.6755
22.6755
22.6755
22.6755
22.6755
22.6755
22.6755
21.6394
21.6394
21.6394
21.6394
21.6394
21.6394
21.6394
21.6394
21.21
21.21
21.21
21.21
21.21
21.21
21.21
21.21
21.3623
21.3623
21.3623
21.3623
21.3623
21.3623
21.3623
21.3623
22.0884
22.0884
22.0884
22.0884
22.0884
22.0884
22.0884
22.0884
23.3957
23.3957
23.3957
23.3957
23.3957
23.3957
23.3957
23.3957
25.3009
25.3009
25.3009
25.3009
25.3009
25.3009
25.3009
25.3009
27.8206
27.8206
27.8206
27.8206
27.8206
27.8206
27.8206
27.8206
30.9593
30.9593
30.9593
30.9593
30.9593
30.9593
30.9593
30.9593
34.6958
34.6958
34.6958
34.6958
34.6958
34.6958
34.6958
34.6958
38.9692
38.9692
38.9692
38.9692
38.9692
38.9692
38.9692
38.9692
43.6713
43.6713
43.6713
43.6713
43.6713
43.6713
43.6713
43.6713
48.6462
48.6462
48.6462
48.6462
48.6462
48.6462
48.6462
48.6462
32.261
32.261
32.261
32.261
32.261
32.261
32.261
32.261
28.8886
28.8886
28.8886
28.8886
28.8886
28.8886
28.8886
28.8886
26.2805
26.2805
26.2805
26.2805
26.2805
26.2805
26.2805
26.2805
24.3944
24.3944
24.3944
24.3944
24.3944
24.3944
24.3944
24.3944
23.1794
23.1794
23.1794
23.1794
23.1794
23.1794
23.1794
23.1794
22.5908
22.5908
22.5908
22.5908
22.5908
22.5908
22.5908
22.5908
22.5975
22.5975
22.5975
22.5975
22.5975
22.5975
22.5975
22.5975
23.1843
23.1843
23.1843
23.1843
23.1843
23.1843
23.1843
23.1843
24.3502
24.3502
24.3502
24.3502
24.3502
24.3502
24.3502
24.3502
26.103
26.103
26.103
26.103
26.103
26.103
26.103
26.103
28.4517
28.4517
28.4517
28.4517
28.4517
28.4517
28.4517
28.4517
31.395
31.395
31.395
31.395
31.395
31.395
31.395
31.395
34.9096
34.9096
34.9096
34.9096
34.9096
34.9096
34.9096
34.9096
38.9386
38.9386
38.9386
38.9386
38.9386
38.9386
38.9386
38.9386
43.3847
43.3847
43.3847
43.3847
43.3847
43.3847
43.3847
43.3847
48.1103
48.1103
48.1103
48.1103
48.1103
48.1103
48.1103
48.1103
32.261
32.261
32.261
32.261
32.261
32.261
32.261
32.261
28.8886
28.8886
28.8886
28.8886
28.8886
28.8886
28.8886
28.8886
26.2805
26.2805
26.2805
26.2805
26.2805
26.2805
26.2805
26.2805
24.3944
24.3944
24.3944
24.3944
24.3944
24.3944
24.3944
24.3944
23.1794
23.1794
23.1794
23.1794
23.1794
23.1794
23.1794
23.1794
22.5908
22.5908
22.5908
22.5908
22.5908
22.5908
22.5908
22.5908
22.5975
22.5975
22.5975
22.5975
22.5975
22.5975
22.5975
22.5975
23.1843
23.1843
23.1843
23.1843
23.1843
23.1843
23.1843
23.1843
24.3502
24.3502
24.3502
24.3502
24.3502
24.3502
24.3502
24.3502
26.103
26.103
26.103
26.103
26.103
26.103
26.103
26.103
28.4517
28.4517
28.4517
28.4517
28.4517
28.4517
28.4517
28.4517
31.395
31.395
31.395
31.395
31.395
31.395
31.395
31.395
34.9096
34.9096
34.9096
34.9096
34.9096
34.9096
34.9096
34.9096
38.9386
38.9386
38.9386
38.9386
38.9386
38.9386
38.9386
38.9386
43.3847
43.3847
43.3847
43.3847
43.3847
43.3847
43.3847
43.3847
48.1103
48.1103
48.1103
48.1103
48.1103
48.1103
48.1103
48.1103
32.261
32.261
32.261
32.261
32.261
32.261
32.261
32.261
28.8886
28.8886
28.8886
28.8886
28.8886
28.8886
28.8886
28.8886
26.2805
26.2805
26.2805
26.2805
26.2805
26.2805
26.2805
26.2805
24.3944
24.3944
24.3944
24.3944
24.3944
24.3944
24.3944
24.3944
23.1794
23.1794
23.1794
23.1794
23.1794
23.1794
23.1794
23.1794
22.5908
22.5908
22.5908
22.5908
22.5908
22.5908
22.5908
22.5908
22.5975
22.5975
22.5975
22.5975
22.5975
22.5975
22.5975
22.5975
23.1843
23.1843
23.1843
23.1843
23.1843
23.1843
23.1843
23.1843
24.3502
24.3502
24.3502
24.3502
24.3502
24.3502
24.3502
24.3502
26.103
26.103
26.103
26.103
26.103
26.103
26.103
26.103
28.4517
28.4517
28.4517
28.4517
28.4517
28.4517
28.4517
28.4517
31.395
31.395
31.395
31.395
31.395
31.395
31.395
31.395
34.9096
34.9096
34.9096
34.9096
34.9096
34.9096
34.9096
34.9096
38.9386
38.9386
38.9386
38.9386
38.9386
38.9386
38.9386
38.9386
43.3847
43.3847
43.3847
43.3847
43.3847
43.3847
43.3847
43.3847
48.1103
48.1103
48.1103
48.1103
48.1103
48.1103
48.1103
48.1103
32.261
32.261
32.261
32.261
32.261
32.261
32.261
32.261
28.8886
28.8886
28.8886
28.8886
28.8886
28.8886
28.8886
28.8886
26.2805
26.2805
26.2805
26.2805
26.2805
26.2805
26.2805
26.2805
24.3944
24.3944
24.3944
24.3944
24.3944
24.3944
24.3944
24.3944
23.1794
23.1794
23.1794
23.1794
23.1794
23.1794
23.1794
23.1794
22.5908
22.5908
22.5908
22.5908
22.5908
22.5908
22.5908
22.5908
22.5975
22.5975
22.5975
22.5975
22.5975
22.5975
22.5975
22.5975
23.1843
23.1843
23.1843
23.1843
23.1843
23.1843
23.1843
23.1843
24.3502
24.3502
24.3502
24.3502
24.3502
24.3502
24.3502
24.3502
26.103
26.103
26.103
26.103
26.103
26.103
26.103
26.103
28.4517
28.4517
28.4517
28.4517
28.4517
28.4517
28.4517
28.4517
31.395
31.395
31.395
31.395
31.395
31.395
31.395
31.395
34.9096
34.9096
34.9096
34.9096
34.9096
34.9096
34.9096
34.9096
38.9386
38.9386
38.9386
38.9386
38.9386
38.9386
38.9386
38.9386
43.3847
43.3847
43.3847
43.3847
43.3847
43.3847
43.3847
43.3847
48.1103
48.1103
48.1103
48.1103
48.1103
48.1103
48.1103
48.1103
34.5179
34.5179
34.5179
34.5179
34.5179
34.5179
34.5179
34.5179
30.9524
30.9524
30.9524
30.9524
30.9524
30.9524
30.9524
30.9524
28.153
28.153
28.153
28.153
28.153
28.153
28.153
28.153
26.0844
26.0844
26.0844
26.0844
26.0844
26.0844
26.0844
26.0844
24.698
24.698
24.698
24.698
24.698
24.698
24.698
24.698
23.9476
23.9476
23.9476
23.9476
23.9476
23.9476
23.9476
23.9476
23.7972
23.7972
23.7972
23.7972
23.7972
23.7972
23.7972
23.7972
24.2245
24.2245
24.2245
24.2245
24.2245
24.2245
24.2245
24.2245
25.2197
25.2197
25.2197
25.2197
25.2197
25.2197
25.2197
25.2197
26.7813
26.7813
26.7813
26.7813
26.7813
26.7813
26.7813
26.7813
28.9088
28.9088
28.9088
28.9088
28.9088
28.9088
28.9088
28.9088
31.5936
31.5936
31.5936
31.5936
31.5936
31.5936
31.5936
31.5936
34.8089
34.8089
34.8089
34.8089
34.8089
34.8089
34.8089
34.8089
38.5007
38.5007
38.5007
38.5007
38.5007
38.5007
38.5007
38.5007
42.5821
42.5821
42.5821
42.5821
42.5821
42.5821
42.5821
42.5821
46.9346
46.9346
46.9346
46.9346
46.9346
46.9346
46.9346
46.9346
34.5179
34.5179
34.5179
34.5179
34.5179
34.5179
34.5179
34.5179
30.9524
30.9524
30.9524
30.9524
30.9524
30.9524
30.9524
30.9524
28.153
28.153
28.153
28.153
28.153
28.153
28.153
28.153
26.0844
26.0844
26.0844
26.0844
26.0844
26.0844
26.0844
26.0844
24.698
24.698
24.698
24.698
24.698
24.698
24.698
24.698
23.9476
23.9476
23.9476
23.9476
23.9476
23.9476
23.9476
23.9476
23.7972
23.7972
23.7972
23.7972
23.7972
23.7972
23.7972
23.7972
24.2245
24.2245
24.2245
24.2245
24.2245
24.2245
24.2245
24.2245
25.2197
25.2197
25.2197
25.2197
25.2197
25.2197
25.2197
25.2197
26.7813
26.7813
26.7813
26.7813
26.7813
26.7813
26.7813
26.7813
28.9088
28.9088
28.9088
28.9088
28.9088
28.9088
28.9088
28.9088
31.5936
31.5936
31.5936
31.5936
31.5936
31.5936
31.5936
31.5936
34.8089
34.8089
34.8089
34.8089
34.8089
34.8089
34.8089
34.8089
38.5007
38.5007
38.5007
38.5007
38.5007
38.5007
38.5007
38.5007
42.5821
42.5821
42.5821
42.5821
42.5821
42.5821
42.5821
42.5821
46.9346
46.9346
46.9346
46.9346
46.9346
46.9346
46.9346
46.9346
34.5179
34.5179
34.5179
34.5179
34.5179
34.5179
34.5179
34.5179
30.9524
30.9524
30.9524
30.9524
30.9524
30.9524
30.9524
30.9524
28.153
28.153
28.153
28.153
28.153
28.153
28.153
28.153
26.0844
26.0844
26.0844
26.0844
26.0844
26.0844
26.0844
26.0844
24.698
24.698
24.698
24.698
24.698
24.698
24.698
24.698
23.9476
23.9476
23.9476
23.9476
23.9476
23.9476
23.9476
23.9476
23.7972
23.7972
23.7972
23.7972
23.7972
23.7972
23.7972
23.7972
24.2245
24.2245
24.2245
24.2245
24.2245
24.2245
24.2245
24.2245
25.2197
25.2197
25.2197
25.2197
25.2197
25.2197
25.2197
25.2197
26.7813
26.7813
26.7813
26.7813
26.7813
26.7813
26.7813
26.7813
28.9088
28.9088
28.9088
28.9088
28.9088
28.9088
28.9088
28.9088
31.5936
31.5936
31.5936
31.5936
31.5936
31.5936
31.5936
31.5936
34.8089
34.8089
34.8089
34.8089
34.8089
34.8089
34.8089
34.8089
38.5007
38.5007
38.5007
38.5007
38.5007
38.5007
38.5007
38.5007
42.5821
42.5821
42.5821
42.5821
42.5821
42.5821
42.5821
42.5821
46.9346
46.9346
46.9346
46.9346
46.9346
46.9346
46.9346
46.9346
34.5179
34.5179
34.5179
34.5179
34.5179
34.5179
34.5179
34.5179
30.9524
30.9524
30.9524
30.9524
30.9524
30.9524
30.9524
30.9524
28.153
28.153
28.153
28.153
28.153
28.153
28.153
28.153
26.0844
26.0844
26.0844
26.0844
26.0844
26.0844
26.0844
26.0844
24.698
24.698
24.698
24.698
24.698
24.698
24.698
24.698
23.9476
23.9476
23.9476
23.9476
23.9476
23.9476
23.9476
23.9476
23.7972
23.7972
23.7972
23.7972
23.7972
23.7972
23.7972
23.7972
24.2245
24.2245
24.2245
24.2245
24.2245
24.2245
24.2245
24.2245
25.2197
25.2197
25.2197
25.2197
25.2197
25.2197
25.2197
25.2197
26.7813
26.7813
26.7813
26.7813
26.7813
26.7813
26.7813
26.7813
28.9088
28.9088
28.9088
28.9088
28.9088
28.9088
28.9088
28.9088
31.5936
31.5936
31.5936
31.5936
31.5936
31.5936
31.5936
31.5936
34.8089
34.8089
34.8089
34.8089
34.8089
34.8089
34.8089
34.8089
38.5007
38.5007
38.5007
38.5007
38.5007
38.5007
38.5007
38.5007
42.5821
42.5821
42.5821
42.5821
42.5821
42.5821
42.5821
42.5821
46.9346
46.9346
46.9346
46.9346
46.9346
46.9346
46.9346
46.9346
36.4159
36.4159
36.4159
36.4159
36.4159
36.4159
36.4159
36.4159
32.7348
32.7348
32.7348
32.7348
32.7348
32.7348
32.7348
32.7348
29.7993
29.7993
29.7993
29.7993
29.7993
29.7993
29.7993
29.7993
27.584
27.584
27.584
27.584
27.584
27.584
27.584
27.584
26.0457
26.0457
26.0457
26.0457
26.0457
26.0457
26.0457
26.0457
25.1388
25.1388
25.1388
25.1388
25.1388
25.1388
25.1388
25.1388
24.8245
24.8245
24.8245
24.8245
24.8245
24.8245
24.8245
24.8245
25.0745
25.0745
25.0745
25.0745
25.0745
25.0745
25.0745
25.0745
25.8707
25.8707
25.8707
25.8707
25.8707
25.8707
25.8707
25.8707
27.2021
27.2021
27.2021
27.2021
27.2021
27.2021
27.2021
27.2021
29.0587
29.0587
29.0587
29.0587
29.0587
29.0587
29.0587
29.0587
31.4243
31.4243
31.4243
31.4243
31.4243
31.4243
31.4243
31.4243
34.2682
34.2682
34.2682
34.2682
34.2682
34.2682
34.2682
34.2682
37.5388
37.5388
37.5388
37.5388
37.5388
37.5388
37.5388
37.5388
41.1601
41.1601
41.1601
41.1601
41.1601
41.1601
41.1601
41.1601
45.0333
45.0333
45.0333
45.0333
45.0333
45.0333
45.0333
45.0333
36.4159
36.4159
36.4159
36.4159
36.4159
36.4159
36.4159
36.4159
32.7348
32.7348
32.7348
32.7348
32.7348
32.7348
32.7348
32.7348
29.7993
29.7993
29.7993
29.7993
29.7993
29.7993
29.7993
29.7993
27.584
27.584
27.584
27.584
27.584
27.584
27.584
27.584
26.0457
26.0457
26.0457
26.0457
26.0457
26.0457
26.0457
26.0457
25.1388
25.1388
25.1388
25.1388
25.1388
25.1388
25.1388
25.1388
24.8245
24.8245
24.8245
24.8245
24.8245
24.8245
24.8245
24.8245
25.0745
25.0745
25.0745
25.0745
25.0745
25.0745
25.0745
25.0745
25.8707
25.8707
25.8707
25.8707
25.8707
25.8707
25.8707
25.8707
27.2021
27.2021
27.2021
27.2021
27.2021
27.2021
27.2021
27.2021
29.0587
29.0587
29.0587
29.0587
29.0587
29.0587
29.0587
29.0587
31.4243
31.4243
31.4243
31.4243
31.4243
31.4243
31.4243
31.4243
34.2682
34.2682
34.2682
34.2682
34.2682
34.2682
34.2682
34.2682
37.5388
37.5388
37.5388
37.5388
37.5388
37.5388
37.5388
37.5388
41.1601
41.1601
41.1601
41.1601
41.1601
41.1601
41.1601
41.1601
45.0333
45.0333
45.0333
45.0333
45.0333
45.0333
45.0333
45.0333
36.4159
36.4159
36.4159
36.4159
36.4159
36.4159
36.4159
36.4159
32.7348
32.7348
32.7348
32.7348
32.7348
32.7348
32.7348
32.7348
29.7993
29.7993
29.7993
29.7993
29.7993
29.7993
29.7993
29.7993
27.584
27.584
27.584
27.584
27.584
27.584
27.584
27.584
26.0457
26.0457
26.0457
26.0457
26.0457
26.0457
26.0457
26.0457
25.1388
25.1388
25.1388
25.1388
25.1388
25.1388
25.1388
25.1388
24.8245
24.8245
24.8245
24.8245
24.8245
24.8245
24.8245
24.8245
25.0745
25.0745
25.0745
25.0745
25.0745
25.0745
25.0745
25.0745
25.8707
25.8707
25.8707
25.8707
25.8707
25.8707
25.8707
25.8707
27.2021
27.2021
27.2021
27.2021
27.2021
27.2021
27.2021
27.2021
29.0587
29.0587
29.0587
29.0587
29.0587
29.0587
29.0587
29.0587
31.4243
31.4243
31.4243
31.4243
31.4243
31.4243
31.4243
31.4243
34.2682
34.2682
34.2682
34.2682
34.2682
34.2682
34.2682
34.2682
37.5388
37.5388
37.5388
37.5388
37.5388
37.5388
37.5388
37.5388
41.1601
41.1601
41.1601
41.1601
41.1601
41.1601
41.1601
41.1601
45.0333
45.0333
45.0333
45.0333
45.0333
45.0333
45.0333
45.0333
36.4159
36.4159
36.4159
36.4159
36.4159
36.4159
36.4159
36.4159
32.7348
32.7348
32.7348
32.7348
32.7348
32.7348
32.7348
32.7348
29.7993
29.7993
29.7993
29.7993
29.7993
29.7993
29.7993
29.7993
27.584
27.584
27.584
27.584
27.584
27.584
27.584
27.584
26.0457
26.0457
26.0457
26.0457
26.0457
26.0457
26.0457
26.0457
25.1388
25.1388
25.1388
25.1388
25.1388
25.1388
25.1388
25.1388
24.8245
24.8245
24.8245
24.8245
24.8245
24.8245
24.8245
24.8245
25.0745
25.0745
25.0745
25.0745
25.0745
25.0745
25.0745
25.0745
25.8707
25.8707
25.8707
25.8707
25.8707
25.8707
25.8707
25.8707
27.2021
27.2021
27.2021
27.2021
27.2021
27.2021
27.2021
27.2021
29.0587
29.0587
29.0587
29.0587
29.0587
29.0587
29.0587
29.0587
31.4243
31.4243
31.4243
31.4243
31.4243
31.4243
31.4243
31.4243
34.2682
34.2682
34.2682
34.2682
34.2682
34.2682
34.2682
34.2682
37.5388
37.5388
37.5388
37.5388
37.5388
37.5388
37.5388
37.5388
41.1601
41.1601
41.1601
41.1601
41.1601
41.1601
41.1601
41.1601
45.0333
45.0333
45.0333
45.0333
45.0333
45.0333
45.0333
45.0333
37.7365
37.7365
37.7365
37.7365
37.7365
37.7365
37.7365
37.7365
34.0349
34.0349
34.0349
34.0349
34.0349
34.0349
34.0349
34.0349
31.0355
31.0355
31.0355
31.0355
31.0355
31.0355
31.0355
31.0355
28.7245
28.7245
28.7245
28.7245
28.7245
28.7245
28.7245
28.7245
27.0665
27.0665
27.0665
27.0665
27.0665
27.0665
27.0665
27.0665
26.0191
26.0191
26.0191
26.0191
26.0191
26.0191
26.0191
26.0191
25.5428
25.5428
25.5428
25.5428
25.5428
25.5428
25.5428
25.5428
25.6051
25.6051
25.6051
25.6051
25.6051
25.6051
25.6051
25.6051
26.181
26.181
26.181
26.181
26.181
26.181
26.181
26.181
27.2511
27.2511
27.2511
27.2511
27.2511
27.2511
27.2511
27.2511
28.797
28.797
28.797
28.797
28.797
28.797
28.797
28.797
30.7955
30.7955
30.7955
30.7955
30.7955
30.7955
30.7955
30.7955
33.2131
33.2131
33.2131
33.2131
33.2131
33.2131
33.2131
33.2131
36.0015
36.0015
36.0015
36.0015
36.0015
36.0015
36.0015
36.0015
39.0955
39.0955
39.0955
39.0955
39.0955
39.0955
39.0955
39.0955
42.4159
42.4159
42.4159
42.4159
42.4159
42.4159
42.4159
42.4159
37.7365
37.7365
37.7365
37.7365
37.7365
37.7365
37.7365
37.7365
34.0349
34.0349
34.0349
34.0349
34.0349
34.0349
34.0349
34.0349
31.0355
31.0355
31.0355
31.0355
31.0355
31.0355
31.0355
31.0355
28.7245
28.7245
28.7245
28.7245
28.7245
28.7245
28.7245
28.7245
27.0665
27.0665
27.0665
27.0665
27.0665
27.0665
27.0665
27.0665
26.0191
26.0191
26.0191
26.0191
26.0191
26.0191
26.0191
26.0191
25.5428
25.5428
25.5428
25.5428
25.5428
25.5428
25.5428
25.5428
25.6051
25.6051
25.6051
25.6051
25.6051
25.6051
25.6051
25.6051
26.181
26.181
26.181
26.181
26.181
26.181
26.181
26.181
27.2511
27.2511
27.2511
27.2511
27.2511
27.2511
27.2511
27.2511
28.797
28.797
28.797
28.797
28.797
28.797
28.797
28.797
30.7955
30.7955
30.7955
30.7955
30.7955
30.7955
30.7955
30.7955
33.2131
33.2131
33.2131
33.2131
33.2131
33.2131
33.2131
33.2131
36.0015
36.0015
36.0015
36.0015
36.0015
36.0015
36.0015
36.0015
39.0955
39.0955
39.0955
39.0955
39.0955
39.0955
39.0955
39.0955
42.4159
42.4159
42.4159
42.4159
42.4159
42.4159
42.4159
42.4159
37.7365
37.7365
37.7365
37.7365
37.7365
37.7365
37.7365
37.7365
34.0349
34.0349
34.0349
34.0349
34.0349
34.0349
34.0349
34.0349
31.0355
31.0355
31.0355
31.0355
31.0355
31.0355
31.0355
31.0355
28.7245
28.7245
28.7245
28.7245
28.7245
28.7245
28.7245
28.7245
27.0665
27.0665
27.0665
27.0665
27.0665
27.0665
27.0665
27.0665
26.0191
26.0191
26.0191
26.0191
26.0191
26.0191
26.0191
26.0191
25.5428
25.5428
25.5428
25.5428
25.5428
25.5428
25.5428
25.5428
25.6051
25.6051
25.6051
25.6051
25.6051
25.6051
25.6051
25.6051
26.181
26.181
26.181
26.181
26.181
26.181
26.181
26.181
27.2511
27.2511
27.2511
27.2511
27.2511
27.2511
27.2511
27.2511
28.797
28.797
28.797
28.797
28.797
28.797
28.797
28.797
30.7955
30.7955
30.7955
30.7955
30.7955
30.7955
30.7955
30.7955
33.2131
33.2131
33.2131
33.2131
33.2131
33.2131
33.2131
33.2131
36.0015
36.0015
36.0015
36.0015
36.0015
36.0015
36.0015
36.0015
39.0955
39.0955
39.0955
39.0955
39.0955
39.0955
39.0955
39.0955
42.4159
42.4159
42.4159
42.4159
42.4159
42.4159
42.4159
42.4159
37.7365
37.7365
37.7365
37.7365
37.7365
37.7365
37.7365
37.7365
34.0349
34.0349
34.0349
34.0349
34.0349
34.0349
34.0349
34.0349
31.0355
31.0355
31.0355
31.0355
31.0355
31.0355
31.0355
31.0355
28.7245
28.7245
28.7245
28.7245
28.7245
28.7245
28.7245
28.7245
27.0665
27.0665
27.0665
27.0665
27.0665
27.0665
27.0665
27.0665
26.0191
26.0191
26.0191
26.0191
26.0191
26.0191
26.0191
26.0191
25.5428
25.5428
25.5428
25.5428
25.5428
25.5428
25.5428
25.5428
25.6051
25.6051
25.6051
25.6051
25.6051
25.6051
25.6051
25.6051
26.181
26.181
26.181
26.181
26.181
26.181
26.181
26.181
27.2511
27.2511
27.2511
27.2511
27.2511
27.2511
27.2511
27.2511
28.797
28.797
28.797
28.797
28.797
28.797
28.797
28.797
30.7955
30.7955
30.7955
30.7955
30.7955
30.7955
30.7955
30.7955
33.2131
33.2131
33.2131
33.2131
33.2131
33.2131
33.2131
33.2131
36.0015
36.0015
36.0015
36.0015
36.0015
36.0015
36.0015
36.0015
39.0955
39.0955
39.0955
39.0955
39.0955
39.0955
39.0955
39.0955
42.4159
42.4159
42.4159
42.4159
42.4159
42.4159
42.4159
42.4159
38.3024
38.3024
38.3024
38.3024
38.3024
38.3024
38.3024
38.3024
34.683
34.683
34.683
34.683
34.683
34.683
34.683
34.683
31.7022
31.7022
31.7022
31.7022
31.7022
31.7022
31.7022
31.7022
29.358
29.358
29.358
29.358
29.358
29.358
29.358
29.358
27.6242
27.6242
27.6242
27.6242
27.6242
27.6242
27.6242
27.6242
26.4639
26.4639
26.4639
26.4639
26.4639
26.4639
26.4639
26.4639
25.839
25.839
25.839
25.839
25.839
25.839
25.839
25.839
25.7149
25.7149
25.7149
25.7149
25.7149
25.7149
25.7149
25.7149
26.0622
26.0622
26.0622
26.0622
26.0622
26.0622
26.0622
26.0622
26.855
26.855
26.855
26.855
26.855
26.855
26.855
26.855
28.0685
28.0685
28.0685
28.0685
28.0685
28.0685
28.0685
28.0685
29.6747
29.6747
29.6747
29.6747
29.6747
29.6747
29.6747
29.6747
31.6389
31.6389
31.6389
31.6389
31.6389
31.6389
31.6389
31.6389
33.917
33.917
33.917
33.917
33.917
33.917
33.917
33.917
36.4552
36.4552
36.4552
36.4552
36.4552
36.4552
36.4552
36.4552
39.1929
39.1929
39.1929
39.1929
39.1929
39.1929
39.1929
39.1929
38.3024
38.3024
38.3024
38.3024
38.3024
38.3024
38.3024
38.3024
34.683
34.683
34.683
34.683
34.683
34.683
34.683
34.683
31.7022
31.7022
31.7022
31.7022
31.7022
31.7022
31.7022
31.7022
29.358
29.358
29.358
29.358
29.358
29.358
29.358
29.358
27.6242
27.6242
27.6242
27.6242
27.6242
27.6242
27.6242
27.6242
26.4639
26.4639
26.4639
26.4639
26.4639
26.4639
26.4639
26.4639
25.839
25.839
25.839
25.839
25.839
25.839
25.839
25.839
25.7149
25.7149
25.7149
25.7149
25.7149
25.7149
25.7149
25.7149
26.0622
26.0622
26.0622
26.0622
26.0622
26.0622
26.0622
26.0622
26.855
26.855
26.855
26.855
26.855
26.855
26.855
26.855
28.0685
28.0685
28.0685
28.0685
28.0685
28.0685
28.0685
28.0685
29.6747
29.6747
29.6747
29.6747
29.6747
29.6747
29.6747
29.6747
31.6389
31.6389
31.6389
31.6389
31.6389
31.6389
31.6389
31.6389
33.917
33.917
33.917
33.917
33.917
33.917
33.917
33.917
36.4552
36.4552
36.4552
36.4552
36.4552
36.4552
36.4552
36.4552
39.1929
39.1929
39.1929
39.1929
39.1929
39.1929
39.1929
39.1929
38.3024
38.3024
38.3024
38.3024
38.3024
38.3024
38.3024
38.3024
34.683
34.683
34.683
34.683
34.683
34.683
34.683
34.683
31.7022
31.7022
31.7022
31.7022
31.7022
31.7022
31.7022
31.7022
29.358
29.358
29.358
29.358
29.358
29.358
29.358
29.358
27.6242
27.6242
27.6242
27.6242
27.6242
27.6242
27.6242
27.6242
26.4639
26.4639
26.4639
26.4639
26.4639
26.4639
26.4639
26.4639
25.839
25.839
25.839
25.839
25.839
25.839
25.839
25.839
25.7149
25.7149
25.7149
25.7149
25.7149
25.7149
25.7149
25.7149
26.0622
26.0622
26.0622
26.0622
26.0622
26.0622
26.0622
26.0622
26.855
26.855
26.855
26.855
26.855
26.855
26.855
26.855
28.0685
28.0685
28.0685
28.0685
28.0685
28.0685
28.0685
28.0685
29.6747
29.6747
29.6747
29.6747
29.6747
29.6747
29.6747
29.6747
31.6389
31.6389
31.6389
31.6389
31.6389
31.6389
31.6389
31.6389
33.917
33.917
33.917
33.917
33.917
33.917
33.917
33.917
36.4552
36.4552
36.4552
36.4552
36.4552
36.4552
36.4552
36.4552
39.1929
39.1929
39.1929
39.1929
39.1929
39.1929
39.1929
39.1929
38.3024
38.3024
38.3024
38.3024
38.3024
38.3024
38.3024
38.3024
34.683
34.683
34.683
34.683
34.683
34.683
34.683
34.683
31.7022
31.7022
31.7022
31.7022
31.7022
31.7022
31.7022
31.7022
29.358
29.358
29.358
29.358
29.358
29.358
29.358
29.358
27.6242
27.6242
27.6242
27.6242
27.6242
27.6242
27.6242
27.6242
26.4639
26.4639
26.4639
26.4639
26.4639
26.4639
26.4639
26.4639
25.839
25.839
25.839
25.839
25.839
25.839
25.839
25.839
25.7149
25.7149
25.7149
25.7149
25.7149
25.7149
25.7149
25.7149
26.0622
26.0622
26.0622
26.0622
26.0622
26.0622
26.0622
26.0622
26.855
26.855
26.855
26.855
26.855
26.855
26.855
26.855
28.0685
28.0685
28.0685
28.0685
28.0685
28.0685
28.0685
28.0685
29.6747
29.6747
29.6747
29.6747
29.6747
29.6747
29.6747
29.6747
31.6389
31.6389
31.6389
31.6389
31.6389
31.6389
31.6389
31.6389
33.917
33.917
33.917
33.917
33.917
33.917
33.917
33.917
36.4552
36.4552
36.4552
36.4552
36.4552
36.4552
36.4552
36.4552
39.1929
39.1929
39.1929
39.1929
39.1929
39.1929
39.1929
39.1929
