8192
54.1297
54.1297
54.1297
54.1297
54.1297
54.1297
54.1297
54.1297
55.3416
55.3416
55.3416
55.3416
55.3416
55.3416
55.3416
55.3416
55.7675
55.7675
55.7675
55.7675
55.7675
55.7675
55.7675
55.7675
55.5392
55.5392
55.5392
55.5392
55.5392
55.5392
55.5392
55.5392
54.8516
54.8516
54.8516
54.8516
54.8516
54.8516
54.8516
54.8516
53.9295
53.9295
53.9295
53.9295
53.9295
53.9295
53.9295
53.9295
52.9968
52.9968
52.9968
52.9968
52.9968
52.9968
52.9968
52.9968
52.2559
52.2559
52.2559
52.2559
52.2559
52.2559
52.2559
52.2559
51.8782
51.8782
51.8782
51.8782
51.8782
51.8782
51.8782
51.8782
52.0006
52.0006
52.0006
52.0006
52.0006
52.0006
52.0006
52.0006
52.7297
52.7297
52.7297
52.7297
52.7297
52.7297
52.7297
52.7297
54.1449
54.1449
54.1449
54.1449
54.1449
54.1449
54.1449
54.1449
56.2997
56.2997
56.2997
56.2997
56.2997
56.2997
56.2997
56.2997
59.2202
59.2202
59.2202
59.2202
59.2202
59.2202
59.2202
59.2202
62.8961
62.8961
62.8961
62.8961
62.8961
62.8961
62.8961
62.8961
67.2711
67.2711
67.2711
67.2711
67.2711
67.2711
67.2711
67.2711
54.1297
54.1297
54.1297
54.1297
54.1297
54.1297
54.1297
54.1297
55.3416
55.3416
55.3416
55.3416
55.3416
55.3416
55.3416
55.3416
55.7675
55.7675
55.7675
55.7675
55.7675
55.7675
55.7675
55.7675
55.5392
55.5392
55.5392
55.5392
55.5392
55.5392
55.5392
55.5392
54.8516
54.8516
54.8516
54.8516
54.8516
54.8516
54.8516
54.8516
53.9295
53.9295
53.9295
53.9295
53.9295
53.9295
53.9295
53.9295
52.9968
52.9968
52.9968
52.9968
52.9968
52.9968
52.9968
52.9968
52.2559
52.2559
52.2559
52.2559
52.2559
52.2559
52.2559
52.2559
51.8782
51.8782
51.8782
51.8782
51.8782
51.8782
51.8782
51.8782
52.0006
52.0006
52.0006
52.0006
52.0006
52.0006
52.0006
52.0006
52.7297
52.7297
52.7297
52.7297
52.7297
52.7297
52.7297
52.7297
54.1449
54.1449
54.1449
54.1449
54.1449
54.1449
54.1449
54.1449
56.2997
56.2997
56.2997
56.2997
56.2997
56.2997
56.2997
56.2997
59.2202
59.2202
59.2202
59.2202
59.2202
59.2202
59.2202
59.2202
62.8961
62.8961
62.8961
62.8961
62.8961
62.8961
62.8961
62.8961
67.2711
67.2711
67.2711
67.2711
67.2711
67.2711
67.2711
67.2711
54.1297
54.1297
54.1297
54.1297
54.1297
54.1297
54.1297
54.1297
55.3416
55.3416
55.3416
55.3416
55.3416
55.3416
55.3416
55.3416
55.7675
55.7675
55.7675
55.7675
55.7675
55.7675
55.7675
55.7675
55.5392
55.5392
55.5392
55.5392
55.5392
55.5392
55.5392
55.5392
54.8516
54.8516
54.8516
54.8516
54.8516
54.8516
54.8516
54.8516
53.9295
53.9295
53.9295
53.9295
53.9295
53.9295
53.9295
53.9295
52.9968
52.9968
52.9968
52.9968
52.9968
52.9968
52.9968
52.9968
52.2559
52.2559
52.2559
52.2559
52.2559
52.2559
52.2559
52.2559
51.8782
51.8782
51.8782
51.8782
51.8782
51.8782
51.8782
51.8782
52.0006
52.0006
52.0006
52.0006
52.0006
52.0006
52.0006
52.0006
52.7297
52.7297
52.7297
52.7297
52.7297
52.7297
52.7297
52.7297
54.1449
54.1449
54.1449
54.1449
54.1449
54.1449
54.1449
54.1449
56.2997
56.2997
56.2997
56.2997
56.2997
56.2997
56.2997
56.2997
59.2202
59.2202
59.2202
59.2202
59.2202
59.2202
59.2202
59.2202
62.8961
62.8961
62.8961
62.8961
62.8961
62.8961
62.8961
62.8961
67.2711
67.2711
67.2711
67.2711
67.2711
67.2711
67.2711
67.2711
54.1297
54.1297
54.1297
54.1297
54.1297
54.1297
54.1297
54.1297
55.3416
55.3416
55.3416
55.3416
55.3416
55.3416
55.3416
55.3416
55.7675
55.7675
55.7675
55.7675
55.7675
55.7675
55.7675
55.7675
55.5392
55.5392
55.5392
55.5392
55.5392
55.5392
55.5392
55.5392
54.8516
54.8516
54.8516
54.8516
54.8516
54.8516
54.8516
54.8516
53.9295
53.9295
53.9295
53.9295
53.9295
53.9295
53.9295
53.9295
52.9968
52.9968
52.9968
52.9968
52.9968
52.9968
52.9968
52.9968
52.2559
52.2559
52.2559
52.2559
52.2559
52.2559
52.2559
52.2559
51.8782
51.8782
51.8782
51.8782
51.8782
51.8782
51.8782
51.8782
52.0006
52.0006
52.0006
52.0006
52.0006
52.0006
52.0006
52.0006
52.7297
52.7297
52.7297
52.7297
52.7297
52.7297
52.7297
52.7297
54.1449
54.1449
54.1449
54.1449
54.1449
54.1449
54.1449
54.1449
56.2997
56.2997
56.2997
56.2997
56.2997
56.2997
56.2997
56.2997
59.2202
59.2202
59.2202
59.2202
59.2202
59.2202
59.2202
59.2202
62.8961
62.8961
62.8961
62.8961
62.8961
62.8961
62.8961
62.8961
67.2711
67.2711
67.2711
67.2711
67.2711
67.2711
67.2711
67.2711
53.3512
53.3512
53.3512
53.3512
53.3512
53.3512
53.3512
53.3512
55.161
55.161
55.161
55.161
55.161
55.161
55.161
55.161
56.1754
56.1754
56.1754
56.1754
56.1754
56.1754
56.1754
56.1754
56.483
56.483
56.483
56.483
56.483
56.483
56.483
56.483
56.2496
56.2496
56.2496
56.2496
56.2496
56.2496
56.2496
56.2496
55.687
55.687
55.687
55.687
55.687
55.687
55.687
55.687
55.02
55.02
55.02
55.02
55.02
55.02
55.02
55.02
54.4631
54.4631
54.4631
54.4631
54.4631
54.4631
54.4631
54.4631
54.2033
54.2033
54.2033
54.2033
54.2033
54.2033
54.2033
54.2033
54.3957
54.3957
54.3957
54.3957
54.3957
54.3957
54.3957
54.3957
55.1624
55.1624
55.1624
55.1624
55.1624
55.1624
55.1624
55.1624
56.5963
56.5963
56.5963
56.5963
56.5963
56.5963
56.5963
56.5963
58.76
58.76
58.76
58.76
58.76
58.76
58.76
58.76
61.6851
61.6851
61.6851
61.6851
61.6851
61.6851
61.6851
61.6851
65.3638
65.3638
65.3638
65.3638
65.3638
65.3638
65.3638
65.3638
69.7376
69.7376
69.7376
69.7376
69.7376
69.7376
69.7376
69.7376
53.3512
53.3512
53.3512
53.3512
53.3512
53.3512
53.3512
53.3512
55.161
55.161
55.161
55.161
55.161
55.161
55.161
55.161
56.1754
56.1754
56.1754
56.1754
56.1754
56.1754
56.1754
56.1754
56.483
56.483
56.483
56.483
56.483
56.483
56.483
56.483
56.2496
56.2496
56.2496
56.2496
56.2496
56.2496
56.2496
56.2496
55.687
55.687
55.687
55.687
55.687
55.687
55.687
55.687
55.02
55.02
55.02
55.02
55.02
55.02
55.02
55.02
54.4631
54.4631
54.4631
54.4631
54.4631
54.4631
54.4631
54.4631
54.2033
54.2033
54.2033
54.2033
54.2033
54.2033
54.2033
54.2033
54.3957
54.3957
54.3957
54.3957
54.3957
54.3957
54.3957
54.3957
55.1624
55.1624
55.1624
55.1624
55.1624
55.1624
55.1624
55.1624
56.5963
56.5963
56.5963
56.5963
56.5963
56.5963
56.5963
56.5963
58.76
58.76
58.76
58.76
58.76
58.76
58.76
58.76
61.6851
61.6851
61.6851
61.6851
61.6851
61.6851
61.6851
61.6851
65.3638
65.3638
65.3638
65.3638
65.3638
65.3638
65.3638
65.3638
69.7376
69.7376
69.7376
69.7376
69.7376
69.7376
69.7376
69.7376
53.3512
53.3512
53.3512
53.3512
53.3512
53.3512
53.3512
53.3512
55.161
55.161
55.161
55.161
55.161
55.161
55.161
55.161
56.1754
56.1754
56.1754
56.1754
56.1754
56.1754
56.1754
56.1754
56.483
56.483
56.483
56.483
56.483
56.483
56.483
56.483
56.2496
56.2496
56.2496
56.2496
56.2496
56.2496
56.2496
56.2496
55.687
55.687
55.687
55.687
55.687
55.687
55.687
55.687
55.02
55.02
55.02
55.02
55.02
55.02
55.02
55.02
54.4631
54.4631
54.4631
54.4631
54.4631
54.4631
54.4631
54.4631
54.2033
54.2033
54.2033
54.2033
54.2033
54.2033
54.2033
54.2033
54.3957
54.3957
54.3957
54.3957
54.3957
54.3957
54.3957
54.3957
55.1624
55.1624
55.1624
55.1624
55.1624
55.1624
55.1624
55.1624
56.5963
56.5963
56.5963
56.5963
56.5963
56.5963
56.5963
56.5963
58.76
58.76
58.76
58.76
58.76
58.76
58.76
58.76
61.6851
61.6851
61.6851
61.6851
61.6851
61.6851
61.6851
61.6851
65.3638
65.3638
65.3638
65.3638
65.3638
65.3638
65.3638
65.3638
69.7376
69.7376
69.7376
69.7376
69.7376
69.7376
69.7376
69.7376
53.3512
53.3512
53.3512
53.3512
53.3512
53.3512
53.3512
53.3512
55.161
55.161
55.161
55.161
55.161
55.161
55.161
55.161
56.1754
56.1754
56.1754
56.1754
56.1754
56.1754
56.1754
56.1754
56.483
56.483
56.483
56.483
56.483
56.483
56.483
56.483
56.2496
56.2496
56.2496
56.2496
56.2496
56.2496
56.2496
56.2496
55.687
55.687
55.687
55.687
55.687
55.687
55.687
55.687
55.02
55.02
55.02
55.02
55.02
55.02
55.02
55.02
54.4631
54.4631
54.4631
54.4631
54.4631
54.4631
54.4631
54.4631
54.2033
54.2033
54.2033
54.2033
54.2033
54.2033
54.2033
54.2033
54.3957
54.3957
54.3957
54.3957
54.3957
54.3957
54.3957
54.3957
55.1624
55.1624
55.1624
55.1624
55.1624
55.1624
55.1624
55.1624
56.5963
56.5963
56.5963
56.5963
56.5963
56.5963
56.5963
56.5963
58.76
58.76
58.76
58.76
58.76
58.76
58.76
58.76
61.6851
61.6851
61.6851
61.6851
61.6851
61.6851
61.6851
61.6851
65.3638
65.3638
65.3638
65.3638
65.3638
65.3638
65.3638
65.3638
69.7376
69.7376
69.7376
69.7376
69.7376
69.7376
69.7376
69.7376
52.6844
52.6844
52.6844
52.6844
52.6844
52.6844
52.6844
52.6844
55.0674
55.0674
55.0674
55.0674
55.0674
55.0674
55.0674
55.0674
56.665
56.665
56.665
56.665
56.665
56.665
56.665
56.665
57.5218
57.5218
57.5218
57.5218
57.5218
57.5218
57.5218
57.5218
57.7697
57.7697
57.7697
57.7697
57.7697
57.7697
57.7697
57.7697
57.6015
57.6015
57.6015
57.6015
57.6015
57.6015
57.6015
57.6015
57.2383
57.2383
57.2383
57.2383
57.2383
57.2383
57.2383
57.2383
56.9016
56.9016
56.9016
56.9016
56.9016
56.9016
56.9016
56.9016
56.7926
56.7926
56.7926
56.7926
56.7926
56.7926
56.7926
56.7926
57.0822
57.0822
57.0822
57.0822
57.0822
57.0822
57.0822
57.0822
57.9089
57.9089
57.9089
57.9089
57.9089
57.9089
57.9089
57.9089
59.378
59.378
59.378
59.378
59.378
59.378
59.378
59.378
61.5614
61.5614
61.5614
61.5614
61.5614
61.5614
61.5614
61.5614
64.4958
64.4958
64.4958
64.4958
64.4958
64.4958
64.4958
64.4958
68.1739
68.1739
68.1739
68.1739
68.1739
68.1739
68.1739
68.1739
72.5342
72.5342
72.5342
72.5342
72.5342
72.5342
72.5342
72.5342
52.6844
52.6844
52.6844
52.6844
52.6844
52.6844
52.6844
52.6844
55.0674
55.0674
55.0674
55.0674
55.0674
55.0674
55.0674
55.0674
56.665
56.665
56.665
56.665
56.665
56.665
56.665
56.665
57.5218
57.5218
57.5218
57.5218
57.5218
57.5218
57.5218
57.5218
57.7697
57.7697
57.7697
57.7697
57.7697
57.7697
57.7697
57.7697
57.6015
57.6015
57.6015
57.6015
57.6015
57.6015
57.6015
57.6015
57.2383
57.2383
57.2383
57.2383
57.2383
57.2383
57.2383
57.2383
56.9016
56.9016
56.9016
56.9016
56.9016
56.9016
56.9016
56.9016
56.7926
56.7926
56.7926
56.7926
56.7926
56.7926
56.7926
56.7926
57.0822
57.0822
57.0822
57.0822
57.0822
57.0822
57.0822
57.0822
57.9089
57.9089
57.9089
57.9089
57.9089
57.9089
57.9089
57.9089
59.378
59.378
59.378
59.378
59.378
59.378
59.378
59.378
61.5614
61.5614
61.5614
61.5614
61.5614
61.5614
61.5614
61.5614
64.4958
64.4958
64.4958
64.4958
64.4958
64.4958
64.4958
64.4958
68.1739
68.1739
68.1739
68.1739
68.1739
68.1739
68.1739
68.1739
72.5342
72.5342
72.5342
72.5342
72.5342
72.5342
72.5342
72.5342
52.6844
52.6844
52.6844
52.6844
52.6844
52.6844
52.6844
52.6844
55.0674
55.0674
55.0674
55.0674
55.0674
55.0674
55.0674
55.0674
56.665
56.665
56.665
56.665
56.665
56.665
56.665
56.665
57.5218
57.5218
57.5218
57.5218
57.5218
57.5218
57.5218
57.5218
57.7697
57.7697
57.7697
57.7697
57.7697
57.7697
57.7697
57.7697
57.6015
57.6015
57.6015
57.6015
57.6015
57.6015
57.6015
57.6015
57.2383
57.2383
57.2383
57.2383
57.2383
57.2383
57.2383
57.2383
56.9016
56.9016
56.9016
56.9016
56.9016
56.9016
56.9016
56.9016
56.7926
56.7926
56.7926
56.7926
56.7926
56.7926
56.7926
56.7926
57.0822
57.0822
57.0822
57.0822
57.0822
57.0822
57.0822
57.0822
57.9089
57.9089
57.9089
57.9089
57.9089
57.9089
57.9089
57.9089
59.378
59.378
59.378
59.378
59.378
59.378
59.378
59.378
61.5614
61.5614
61.5614
61.5614
61.5614
61.5614
61.5614
61.5614
64.4958
64.4958
64.4958
64.4958
64.4958
64.4958
64.4958
64.4958
68.1739
68.1739
68.1739
68.1739
68.1739
68.1739
68.1739
68.1739
72.5342
72.5342
72.5342
72.5342
72.5342
72.5342
72.5342
72.5342
52.6844
52.6844
52.6844
52.6844
52.6844
52.6844
52.6844
52.6844
55.0674
55.0674
55.0674
55.0674
55.0674
55.0674
55.0674
55.0674
56.665
56.665
56.665
56.665
56.665
56.665
56.665
56.665
57.5218
57.5218
57.5218
57.5218
57.5218
57.5218
57.5218
57.5218
57.7697
57.7697
57.7697
57.7697
57.7697
57.7697
57.7697
57.7697
57.6015
57.6015
57.6015
57.6015
57.6015
57.6015
57.6015
57.6015
57.2383
57.2383
57.2383
57.2383
57.2383
57.2383
57.2383
57.2383
56.9016
56.9016
56.9016
56.9016
56.9016
56.9016
56.9016
56.9016
56.7926
56.7926
56.7926
56.7926
56.7926
56.7926
56.7926
56.7926
57.0822
57.0822
57.0822
57.0822
57.0822
57.0822
57.0822
57.0822
57.9089
57.9089
57.9089
57.9089
57.9089
57.9089
57.9089
57.9089
59.378
59.378
59.378
59.378
59.378
59.378
59.378
59.378
61.5614
61.5614
61.5614
61.5614
61.5614
61.5614
61.5614
61.5614
64.4958
64.4958
64.4958
64.4958
64.4958
64.4958
64.4958
64.4958
68.1739
68.1739
68.1739
68.1739
68.1739
68.1739
68.1739
68.1739
72.5342
72.5342
72.5342
72.5342
72.5342
72.5342
72.5342
72.5342
52.2382
52.2382
52.2382
52.2382
52.2382
52.2382
52.2382
52.2382
55.1605
55.1605
55.1605
55.1605
55.1605
55.1605
55.1605
55.1605
57.3248
57.3248
57.3248
57.3248
57.3248
57.3248
57.3248
57.3248
58.7315
58.7315
58.7315
58.7315
58.7315
58.7315
58.7315
58.7315
59.4769
59.4769
59.4769
59.4769
59.4769
59.4769
59.4769
59.4769
59.7304
59.7304
59.7304
59.7304
59.7304
59.7304
59.7304
59.7304
59.7047
59.7047
59.7047
59.7047
59.7047
59.7047
59.7047
59.7047
59.6234
59.6234
59.6234
59.6234
59.6234
59.6234
59.6234
59.6234
59.6988
59.6988
59.6988
59.6988
59.6988
59.6988
59.6988
59.6988
60.1169
60.1169
60.1169
60.1169
60.1169
60.1169
60.1169
60.1169
61.0306
61.0306
61.0306
61.0306
61.0306
61.0306
61.0306
61.0306
62.5576
62.5576
62.5576
62.5576
62.5576
62.5576
62.5576
62.5576
64.7787
64.7787
64.7787
64.7787
64.7787
64.7787
64.7787
64.7787
67.7347
67.7347
67.7347
67.7347
67.7347
67.7347
67.7347
67.7347
71.4182
71.4182
71.4182
71.4182
71.4182
71.4182
71.4182
71.4182
75.7626
75.7626
75.7626
75.7626
75.7626
75.7626
75.7626
75.7626
52.2382
52.2382
52.2382
52.2382
52.2382
52.2382
52.2382
52.2382
55.1605
55.1605
55.1605
55.1605
55.1605
55.1605
55.1605
55.1605
57.3248
57.3248
57.3248
57.3248
57.3248
57.3248
57.3248
57.3248
58.7315
58.7315
58.7315
58.7315
58.7315
58.7315
58.7315
58.7315
59.4769
59.4769
59.4769
59.4769
59.4769
59.4769
59.4769
59.4769
59.7304
59.7304
59.7304
59.7304
59.7304
59.7304
59.7304
59.7304
59.7047
59.7047
59.7047
59.7047
59.7047
59.7047
59.7047
59.7047
59.6234
59.6234
59.6234
59.6234
59.6234
59.6234
59.6234
59.6234
59.6988
59.6988
59.6988
59.6988
59.6988
59.6988
59.6988
59.6988
60.1169
60.1169
60.1169
60.1169
60.1169
60.1169
60.1169
60.1169
61.0306
61.0306
61.0306
61.0306
61.0306
61.0306
61.0306
61.0306
62.5576
62.5576
62.5576
62.5576
62.5576
62.5576
62.5576
62.5576
64.7787
64.7787
64.7787
64.7787
64.7787
64.7787
64.7787
64.7787
67.7347
67.7347
67.7347
67.7347
67.7347
67.7347
67.7347
67.7347
71.4182
71.4182
71.4182
71.4182
71.4182
71.4182
71.4182
71.4182
75.7626
75.7626
75.7626
75.7626
75.7626
75.7626
75.7626
75.7626
52.2382
52.2382
52.2382
52.2382
52.2382
52.2382
52.2382
52.2382
55.1605
55.1605
55.1605
55.1605
55.1605
55.1605
55.1605
55.1605
57.3248
57.3248
57.3248
57.3248
57.3248
57.3248
57.3248
57.3248
58.7315
58.7315
58.7315
58.7315
58.7315
58.7315
58.7315
58.7315
59.4769
59.4769
59.4769
59.4769
59.4769
59.4769
59.4769
59.4769
59.7304
59.7304
59.7304
59.7304
59.7304
59.7304
59.7304
59.7304
59.7047
59.7047
59.7047
59.7047
59.7047
59.7047
59.7047
59.7047
59.6234
59.6234
59.6234
59.6234
59.6234
59.6234
59.6234
59.6234
59.6988
59.6988
59.6988
59.6988
59.6988
59.6988
59.6988
59.6988
60.1169
60.1169
60.1169
60.1169
60.1169
60.1169
60.1169
60.1169
61.0306
61.0306
61.0306
61.0306
61.0306
61.0306
61.0306
61.0306
62.5576
62.5576
62.5576
62.5576
62.5576
62.5576
62.5576
62.5576
64.7787
64.7787
64.7787
64.7787
64.7787
64.7787
64.7787
64.7787
67.7347
67.7347
67.7347
67.7347
67.7347
67.7347
67.7347
67.7347
71.4182
71.4182
71.4182
71.4182
71.4182
71.4182
71.4182
71.4182
75.7626
75.7626
75.7626
75.7626
75.7626
75.7626
75.7626
75.7626
52.2382
52.2382
52.2382
52.2382
52.2382
52.2382
52.2382
52.2382
55.1605
55.1605
55.1605
55.1605
55.1605
55.1605
55.1605
55.1605
57.3248
57.3248
57.3248
57.3248
57.3248
57.3248
57.3248
57.3248
58.7315
58.7315
58.7315
58.7315
58.7315
58.7315
58.7315
58.7315
59.4769
59.4769
59.4769
59.4769
59.4769
59.4769
59.4769
59.4769
59.7304
59.7304
59.7304
59.7304
59.7304
59.7304
59.7304
59.7304
59.7047
59.7047
59.7047
59.7047
59.7047
59.7047
59.7047
59.7047
59.6234
59.6234
59.6234
59.6234
59.6234
59.6234
59.6234
59.6234
59.6988
59.6988
59.6988
59.6988
59.6988
59.6988
59.6988
59.6988
60.1169
60.1169
60.1169
60.1169
60.1169
60.1169
60.1169
60.1169
61.0306
61.0306
61.0306
61.0306
61.0306
61.0306
61.0306
61.0306
62.5576
62.5576
62.5576
62.5576
62.5576
62.5576
62.5576
62.5576
64.7787
64.7787
64.7787
64.7787
64.7787
64.7787
64.7787
64.7787
67.7347
67.7347
67.7347
67.7347
67.7347
67.7347
67.7347
67.7347
71.4182
71.4182
71.4182
71.4182
71.4182
71.4182
71.4182
71.4182
75.7626
75.7626
75.7626
75.7626
75.7626
75.7626
75.7626
75.7626
52.0722
52.0722
52.0722
52.0722
52.0722
52.0722
52.0722
52.0722
55.4941
55.4941
55.4941
55.4941
55.4941
55.4941
55.4941
55.4941
58.199
58.199
58.199
58.199
58.199
58.199
58.199
58.199
60.1469
60.1469
60.1469
60.1469
60.1469
60.1469
60.1469
60.1469
61.3972
61.3972
61.3972
61.3972
61.3972
61.3972
61.3972
61.3972
62.0936
62.0936
62.0936
62.0936
62.0936
62.0936
62.0936
62.0936
62.4353
62.4353
62.4353
62.4353
62.4353
62.4353
62.4353
62.4353
62.6445
62.6445
62.6445
62.6445
62.6445
62.6445
62.6445
62.6445
62.9415
62.9415
62.9415
62.9415
62.9415
62.9415
62.9415
62.9415
63.5245
63.5245
63.5245
63.5245
63.5245
63.5245
63.5245
63.5245
64.5593
64.5593
64.5593
64.5593
64.5593
64.5593
64.5593
64.5593
66.1752
66.1752
66.1752
66.1752
66.1752
66.1752
66.1752
66.1752
68.4612
68.4612
68.4612
68.4612
68.4612
68.4612
68.4612
68.4612
71.4618
71.4618
71.4618
71.4618
71.4618
71.4618
71.4618
71.4618
75.1675
75.1675
75.1675
75.1675
75.1675
75.1675
75.1675
75.1675
79.5047
79.5047
79.5047
79.5047
79.5047
79.5047
79.5047
79.5047
52.0722
52.0722
52.0722
52.0722
52.0722
52.0722
52.0722
52.0722
55.4941
55.4941
55.4941
55.4941
55.4941
55.4941
55.4941
55.4941
58.199
58.199
58.199
58.199
58.199
58.199
58.199
58.199
60.1469
60.1469
60.1469
60.1469
60.1469
60.1469
60.1469
60.1469
61.3972
61.3972
61.3972
61.3972
61.3972
61.3972
61.3972
61.3972
62.0936
62.0936
62.0936
62.0936
62.0936
62.0936
62.0936
62.0936
62.4353
62.4353
62.4353
62.4353
62.4353
62.4353
62.4353
62.4353
62.6445
62.6445
62.6445
62.6445
62.6445
62.6445
62.6445
62.6445
62.9415
62.9415
62.9415
62.9415
62.9415
62.9415
62.9415
62.9415
63.5245
63.5245
63.5245
63.5245
63.5245
63.5245
63.5245
63.5245
64.5593
64.5593
64.5593
64.5593
64.5593
64.5593
64.5593
64.5593
66.1752
66.1752
66.1752
66.1752
66.1752
66.1752
66.1752
66.1752
68.4612
68.4612
68.4612
68.4612
68.4612
68.4612
68.4612
68.4612
71.4618
71.4618
71.4618
71.4618
71.4618
71.4618
71.4618
71.4618
75.1675
75.1675
75.1675
75.1675
75.1675
75.1675
75.1675
75.1675
79.5047
79.5047
79.5047
79.5047
79.5047
79.5047
79.5047
79.5047
52.0722
52.0722
52.0722
52.0722
52.0722
52.0722
52.0722
52.0722
55.4941
55.4941
55.4941
55.4941
55.4941
55.4941
55.4941
55.4941
58.199
58.199
58.199
58.199
58.199
58.199
58.199
58.199
60.1469
60.1469
60.1469
60.1469
60.1469
60.1469
60.1469
60.1469
61.3972
61.3972
61.3972
61.3972
61.3972
61.3972
61.3972
61.3972
62.0936
62.0936
62.0936
62.0936
62.0936
62.0936
62.0936
62.0936
62.4353
62.4353
62.4353
62.4353
62.4353
62.4353
62.4353
62.4353
62.6445
62.6445
62.6445
62.6445
62.6445
62.6445
62.6445
62.6445
62.9415
62.9415
62.9415
62.9415
62.9415
62.9415
62.9415
62.9415
63.5245
63.5245
63.5245
63.5245
63.5245
63.5245
63.5245
63.5245
64.5593
64.5593
64.5593
64.5593
64.5593
64.5593
64.5593
64.5593
66.1752
66.1752
66.1752
66.1752
66.1752
66.1752
66.1752
66.1752
68.4612
68.4612
68.4612
68.4612
68.4612
68.4612
68.4612
68.4612
71.4618
71.4618
71.4618
71.4618
71.4618
71.4618
71.4618
71.4618
75.1675
75.1675
75.1675
75.1675
75.1675
75.1675
75.1675
75.1675
79.5047
79.5047
79.5047
79.5047
79.5047
79.5047
79.5047
79.5047
52.0722
52.0722
52.0722
52.0722
52.0722
52.0722
52.0722
52.0722
55.4941
55.4941
55.4941
55.4941
55.4941
55.4941
55.4941
55.4941
58.199
58.199
58.199
58.199
58.199
58.199
58.199
58.199
60.1469
60.1469
60.1469
60.1469
60.1469
60.1469
60.1469
60.1469
61.3972
61.3972
61.3972
61.3972
61.3972
61.3972
61.3972
61.3972
62.0936
62.0936
62.0936
62.0936
62.0936
62.0936
62.0936
62.0936
62.4353
62.4353
62.4353
62.4353
62.4353
62.4353
62.4353
62.4353
62.6445
62.6445
62.6445
62.6445
62.6445
62.6445
62.6445
62.6445
62.9415
62.9415
62.9415
62.9415
62.9415
62.9415
62.9415
62.9415
63.5245
63.5245
63.5245
63.5245
63.5245
63.5245
63.5245
63.5245
64.5593
64.5593
64.5593
64.5593
64.5593
64.5593
64.5593
64.5593
66.1752
66.1752
66.1752
66.1752
66.1752
66.1752
66.1752
66.1752
68.4612
68.4612
68.4612
68.4612
68.4612
68.4612
68.4612
68.4612
71.4618
71.4618
71.4618
71.4618
71.4618
71.4618
71.4618
71.4618
75.1675
75.1675
75.1675
75.1675
75.1675
75.1675
75.1675
75.1675
79.5047
79.5047
79.5047
79.5047
79.5047
79.5047
79.5047
79.5047
52.1937
52.1937
52.1937
52.1937
52.1937
52.1937
52.1937
52.1937
56.0692
56.0692
56.0692
56.0692
56.0692
56.0692
56.0692
56.0692
59.2798
59.2798
59.2798
59.2798
59.2798
59.2798
59.2798
59.2798
61.7491
61.7491
61.7491
61.7491
61.7491
61.7491
61.7491
61.7491
63.5026
63.5026
63.5026
63.5026
63.5026
63.5026
63.5026
63.5026
64.6566
64.6566
64.6566
64.6566
64.6566
64.6566
64.6566
64.6566
65.3928
65.3928
65.3928
65.3928
65.3928
65.3928
65.3928
65.3928
65.9295
65.9295
65.9295
65.9295
65.9295
65.9295
65.9295
65.9295
66.4892
66.4892
66.4892
66.4892
66.4892
66.4892
66.4892
66.4892
67.2801
67.2801
67.2801
67.2801
67.2801
67.2801
67.2801
67.2801
68.4791
68.4791
68.4791
68.4791
68.4791
68.4791
68.4791
68.4791
70.2254
70.2254
70.2254
70.2254
70.2254
70.2254
70.2254
70.2254
72.6154
72.6154
72.6154
72.6154
72.6154
72.6154
72.6154
72.6154
75.6952
75.6952
75.6952
75.6952
75.6952
75.6952
75.6952
75.6952
79.4524
79.4524
79.4524
79.4524
79.4524
79.4524
79.4524
79.4524
83.8049
83.8049
83.8049
83.8049
83.8049
83.8049
83.8049
83.8049
52.1937
52.1937
52.1937
52.1937
52.1937
52.1937
52.1937
52.1937
56.0692
56.0692
56.0692
56.0692
56.0692
56.0692
56.0692
56.0692
59.2798
59.2798
59.2798
59.2798
59.2798
59.2798
59.2798
59.2798
61.7491
61.7491
61.7491
61.7491
61.7491
61.7491
61.7491
61.7491
63.5026
63.5026
63.5026
63.5026
63.5026
63.5026
63.5026
63.5026
64.6566
64.6566
64.6566
64.6566
64.6566
64.6566
64.6566
64.6566
65.3928
65.3928
65.3928
65.3928
65.3928
65.3928
65.3928
65.3928
65.9295
65.9295
65.9295
65.9295
65.9295
65.9295
65.9295
65.9295
66.4892
66.4892
66.4892
66.4892
66.4892
66.4892
66.4892
66.4892
67.2801
67.2801
67.2801
67.2801
67.2801
67.2801
67.2801
67.2801
68.4791
68.4791
68.4791
68.4791
68.4791
68.4791
68.4791
68.4791
70.2254
70.2254
70.2254
70.2254
70.2254
70.2254
70.2254
70.2254
72.6154
72.6154
72.6154
72.6154
72.6154
72.6154
72.6154
72.6154
75.6952
75.6952
75.6952
75.6952
75.6952
75.6952
75.6952
75.6952
79.4524
79.4524
79.4524
79.4524
79.4524
79.4524
79.4524
79.4524
83.8049
83.8049
83.8049
83.8049
83.8049
83.8049
83.8049
83.8049
52.1937
52.1937
52.1937
52.1937
52.1937
52.1937
52.1937
52.1937
56.0692
56.0692
56.0692
56.0692
56.0692
56.0692
56.0692
56.0692
59.2798
59.2798
59.2798
59.2798
59.2798
59.2798
59.2798
59.2798
61.7491
61.7491
61.7491
61.7491
61.7491
61.7491
61.7491
61.7491
63.5026
63.5026
63.5026
63.5026
63.5026
63.5026
63.5026
63.5026
64.6566
64.6566
64.6566
64.6566
64.6566
64.6566
64.6566
64.6566
65.3928
65.3928
65.3928
65.3928
65.3928
65.3928
65.3928
65.3928
65.9295
65.9295
65.9295
65.9295
65.9295
65.9295
65.9295
65.9295
66.4892
66.4892
66.4892
66.4892
66.4892
66.4892
66.4892
66.4892
67.2801
67.2801
67.2801
67.2801
67.2801
67.2801
67.2801
67.2801
68.4791
68.4791
68.4791
68.4791
68.4791
68.4791
68.4791
68.4791
70.2254
70.2254
70.2254
70.2254
70.2254
70.2254
70.2254
70.2254
72.6154
72.6154
72.6154
72.6154
72.6154
72.6154
72.6154
72.6154
75.6952
75.6952
75.6952
75.6952
75.6952
75.6952
75.6952
75.6952
79.4524
79.4524
79.4524
79.4524
79.4524
79.4524
79.4524
79.4524
83.8049
83.8049
83.8049
83.8049
83.8049
83.8049
83.8049
83.8049
52.1937
52.1937
52.1937
52.1937
52.1937
52.1937
52.1937
52.1937
56.0692
56.0692
56.0692
56.0692
56.0692
56.0692
56.0692
56.0692
59.2798
59.2798
59.2798
59.2798
59.2798
59.2798
59.2798
59.2798
61.7491
61.7491
61.7491
61.7491
61.7491
61.7491
61.7491
61.7491
63.5026
63.5026
63.5026
63.5026
63.5026
63.5026
63.5026
63.5026
64.6566
64.6566
64.6566
64.6566
64.6566
64.6566
64.6566
64.6566
65.3928
65.3928
65.3928
65.3928
65.3928
65.3928
65.3928
65.3928
65.9295
65.9295
65.9295
65.9295
65.9295
65.9295
65.9295
65.9295
66.4892
66.4892
66.4892
66.4892
66.4892
66.4892
66.4892
66.4892
67.2801
67.2801
67.2801
67.2801
67.2801
67.2801
67.2801
67.2801
68.4791
68.4791
68.4791
68.4791
68.4791
68.4791
68.4791
68.4791
70.2254
70.2254
70.2254
70.2254
70.2254
70.2254
70.2254
70.2254
72.6154
72.6154
72.6154
72.6154
72.6154
72.6154
72.6154
72.6154
75.6952
75.6952
75.6952
75.6952
75.6952
75.6952
75.6952
75.6952
79.4524
79.4524
79.4524
79.4524
79.4524
79.4524
79.4524
79.4524
83.8049
83.8049
83.8049
83.8049
83.8049
83.8049
83.8049
83.8049
52.5563
52.5563
52.5563
52.5563
52.5563
52.5563
52.5563
52.5563
56.8287
56.8287
56.8287
56.8287
56.8287
56.8287
56.8287
56.8287
60.4973
60.4973
60.4973
60.4973
60.4973
60.4973
60.4973
60.4973
63.4568
63.4568
63.4568
63.4568
63.4568
63.4568
63.4568
63.4568
65.7002
65.7002
65.7002
65.7002
65.7002
65.7002
65.7002
65.7002
67.3174
67.3174
67.3174
67.3174
67.3174
67.3174
67.3174
67.3174
68.4721
68.4721
68.4721
68.4721
68.4721
68.4721
68.4721
68.4721
69.3718
69.3718
69.3718
69.3718
69.3718
69.3718
69.3718
69.3718
70.2405
70.2405
70.2405
70.2405
70.2405
70.2405
70.2405
70.2405
71.2903
71.2903
71.2903
71.2903
71.2903
71.2903
71.2903
71.2903
72.7072
72.7072
72.7072
72.7072
72.7072
72.7072
72.7072
72.7072
74.6383
74.6383
74.6383
74.6383
74.6383
74.6383
74.6383
74.6383
77.1841
77.1841
77.1841
77.1841
77.1841
77.1841
77.1841
77.1841
80.392
80.392
80.392
80.392
80.392
80.392
80.392
80.392
84.245
84.245
84.245
84.245
84.245
84.245
84.245
84.245
88.6497
88.6497
88.6497
88.6497
88.6497
88.6497
88.6497
88.6497
52.5563
52.5563
52.5563
52.5563
52.5563
52.5563
52.5563
52.5563
56.8287
56.8287
56.8287
56.8287
56.8287
56.8287
56.8287
56.8287
60.4973
60.4973
60.4973
60.4973
60.4973
60.4973
60.4973
60.4973
63.4568
63.4568
63.4568
63.4568
63.4568
63.4568
63.4568
63.4568
65.7002
65.7002
65.7002
65.7002
65.7002
65.7002
65.7002
65.7002
67.3174
67.3174
67.3174
67.3174
67.3174
67.3174
67.3174
67.3174
68.4721
68.4721
68.4721
68.4721
68.4721
68.4721
68.4721
68.4721
69.3718
69.3718
69.3718
69.3718
69.3718
69.3718
69.3718
69.3718
70.2405
70.2405
70.2405
70.2405
70.2405
70.2405
70.2405
70.2405
71.2903
71.2903
71.2903
71.2903
71.2903
71.2903
71.2903
71.2903
72.7072
72.7072
72.7072
72.7072
72.7072
72.7072
72.7072
72.7072
74.6383
74.6383
74.6383
74.6383
74.6383
74.6383
74.6383
74.6383
77.1841
77.1841
77.1841
77.1841
77.1841
77.1841
77.1841
77.1841
80.392
80.392
80.392
80.392
80.392
80.392
80.392
80.392
84.245
84.245
84.245
84.245
84.245
84.245
84.245
84.245
88.6497
88.6497
88.6497
88.6497
88.6497
88.6497
88.6497
88.6497
52.5563
52.5563
52.5563
52.5563
52.5563
52.5563
52.5563
52.5563
56.8287
56.8287
56.8287
56.8287
56.8287
56.8287
56.8287
56.8287
60.4973
60.4973
60.4973
60.4973
60.4973
60.4973
60.4973
60.4973
63.4568
63.4568
63.4568
63.4568
63.4568
63.4568
63.4568
63.4568
65.7002
65.7002
65.7002
65.7002
65.7002
65.7002
65.7002
65.7002
67.3174
67.3174
67.3174
67.3174
67.3174
67.3174
67.3174
67.3174
68.4721
68.4721
68.4721
68.4721
68.4721
68.4721
68.4721
68.4721
69.3718
69.3718
69.3718
69.3718
69.3718
69.3718
69.3718
69.3718
70.2405
70.2405
70.2405
70.2405
70.2405
70.2405
70.2405
70.2405
71.2903
71.2903
71.2903
71.2903
71.2903
71.2903
71.2903
71.2903
72.7072
72.7072
72.7072
72.7072
72.7072
72.7072
72.7072
72.7072
74.6383
74.6383
74.6383
74.6383
74.6383
74.6383
74.6383
74.6383
77.1841
77.1841
77.1841
77.1841
77.1841
77.1841
77.1841
77.1841
80.392
80.392
80.392
80.392
80.392
80.392
80.392
80.392
84.245
84.245
84.245
84.245
84.245
84.245
84.245
84.245
88.6497
88.6497
88.6497
88.6497
88.6497
88.6497
88.6497
88.6497
52.5563
52.5563
52.5563
52.5563
52.5563
52.5563
52.5563
52.5563
56.8287
56.8287
56.8287
56.8287
56.8287
56.8287
56.8287
56.8287
60.4973
60.4973
60.4973
60.4973
60.4973
60.4973
60.4973
60.4973
63.4568
63.4568
63.4568
63.4568
63.4568
63.4568
63.4568
63.4568
65.7002
65.7002
65.7002
65.7002
65.7002
65.7002
65.7002
65.7002
67.3174
67.3174
67.3174
67.3174
67.3174
67.3174
67.3174
67.3174
68.4721
68.4721
68.4721
68.4721
68.4721
68.4721
68.4721
68.4721
69.3718
69.3718
69.3718
69.3718
69.3718
69.3718
69.3718
69.3718
70.2405
70.2405
70.2405
70.2405
70.2405
70.2405
70.2405
70.2405
71.2903
71.2903
71.2903
71.2903
71.2903
71.2903
71.2903
71.2903
72.7072
72.7072
72.7072
72.7072
72.7072
72.7072
72.7072
72.7072
74.6383
74.6383
74.6383
74.6383
74.6383
74.6383
74.6383
74.6383
77.1841
77.1841
77.1841
77.1841
77.1841
77.1841
77.1841
77.1841
80.392
80.392
80.392
80.392
80.392
80.392
80.392
80.392
84.245
84.245
84.245
84.245
84.245
84.245
84.245
84.245
88.6497
88.6497
88.6497
88.6497
88.6497
88.6497
88.6497
88.6497
53.0588
53.0588
53.0588
53.0588
53.0588
53.0588
53.0588
53.0588
57.657
57.657
57.657
57.657
57.657
57.657
57.657
57.657
61.7194
61.7194
61.7194
61.7194
61.7194
61.7194
61.7194
61.7194
65.1189
65.1189
65.1189
65.1189
65.1189
65.1189
65.1189
65.1189
67.8239
67.8239
67.8239
67.8239
67.8239
67.8239
67.8239
67.8239
69.8985
69.8985
69.8985
69.8985
69.8985
69.8985
69.8985
69.8985
71.4867
71.4867
71.4867
71.4867
71.4867
71.4867
71.4867
71.4867
72.7845
72.7845
72.7845
72.7845
72.7845
72.7845
72.7845
72.7845
74.01
74.01
74.01
74.01
74.01
74.01
74.01
74.01
75.3772
75.3772
75.3772
75.3772
75.3772
75.3772
75.3772
75.3772
77.076
77.076
77.076
77.076
77.076
77.076
77.076
77.076
79.2583
79.2583
79.2583
79.2583
79.2583
79.2583
79.2583
79.2583
82.0272
82.0272
82.0272
82.0272
82.0272
82.0272
82.0272
82.0272
85.4283
85.4283
85.4283
85.4283
85.4283
85.4283
85.4283
85.4283
89.4373
89.4373
89.4373
89.4373
89.4373
89.4373
89.4373
89.4373
93.9477
93.9477
93.9477
93.9477
93.9477
93.9477
93.9477
93.9477
53.0588
53.0588
53.0588
53.0588
53.0588
53.0588
53.0588
53.0588
57.657
57.657
57.657
57.657
57.657
57.657
57.657
57.657
61.7194
61.7194
61.7194
61.7194
61.7194
61.7194
61.7194
61.7194
65.1189
65.1189
65.1189
65.1189
65.1189
65.1189
65.1189
65.1189
67.8239
67.8239
67.8239
67.8239
67.8239
67.8239
67.8239
67.8239
69.8985
69.8985
69.8985
69.8985
69.8985
69.8985
69.8985
69.8985
71.4867
71.4867
71.4867
71.4867
71.4867
71.4867
71.4867
71.4867
72.7845
72.7845
72.7845
72.7845
72.7845
72.7845
72.7845
72.7845
74.01
74.01
74.01
74.01
74.01
74.01
74.01
74.01
75.3772
75.3772
75.3772
75.3772
75.3772
75.3772
75.3772
75.3772
77.076
77.076
77.076
77.076
77.076
77.076
77.076
77.076
79.2583
79.2583
79.2583
79.2583
79.2583
79.2583
79.2583
79.2583
82.0272
82.0272
82.0272
82.0272
82.0272
82.0272
82.0272
82.0272
85.4283
85.4283
85.4283
85.4283
85.4283
85.4283
85.4283
85.4283
89.4373
89.4373
89.4373
89.4373
89.4373
89.4373
89.4373
89.4373
93.9477
93.9477
93.9477
93.9477
93.9477
93.9477
93.9477
93.9477
53.0588
53.0588
53.0588
53.0588
53.0588
53.0588
53.0588
53.0588
57.657
57.657
57.657
57.657
57.657
57.657
57.657
57.657
61.7194
61.7194
61.7194
61.7194
61.7194
61.7194
61.7194
61.7194
65.1189
65.1189
65.1189
65.1189
65.1189
65.1189
65.1189
65.1189
67.8239
67.8239
67.8239
67.8239
67.8239
67.8239
67.8239
67.8239
69.8985
69.8985
69.8985
69.8985
69.8985
69.8985
69.8985
69.8985
71.4867
71.4867
71.4867
71.4867
71.4867
71.4867
71.4867
71.4867
72.7845
72.7845
72.7845
72.7845
72.7845
72.7845
72.7845
72.7845
74.01
74.01
74.01
74.01
74.01
74.01
74.01
74.01
75.3772
75.3772
75.3772
75.3772
75.3772
75.3772
75.3772
75.3772
77.076
77.076
77.076
77.076
77.076
77.076
77.076
77.076
79.2583
79.2583
79.2583
79.2583
79.2583
79.2583
79.2583
79.2583
82.0272
82.0272
82.0272
82.0272
82.0272
82.0272
82.0272
82.0272
85.4283
85.4283
85.4283
85.4283
85.4283
85.4283
85.4283
85.4283
89.4373
89.4373
89.4373
89.4373
89.4373
89.4373
89.4373
89.4373
93.9477
93.9477
93.9477
93.9477
93.9477
93.9477
93.9477
93.9477
53.0588
53.0588
53.0588
53.0588
53.0588
53.0588
53.0588
53.0588
57.657
57.657
57.657
57.657
57.657
57.657
57.657
57.657
61.7194
61.7194
61.7194
61.7194
61.7194
61.7194
61.7194
61.7194
65.1189
65.1189
65.1189
65.1189
65.1189
65.1189
65.1189
65.1189
67.8239
67.8239
67.8239
67.8239
67.8239
67.8239
67.8239
67.8239
69.8985
69.8985
69.8985
69.8985
69.8985
69.8985
69.8985
69.8985
71.4867
71.4867
71.4867
71.4867
71.4867
71.4867
71.4867
71.4867
72.7845
72.7845
72.7845
72.7845
72.7845
72.7845
72.7845
72.7845
74.01
74.01
74.01
74.01
74.01
74.01
74.01
74.01
75.3772
75.3772
75.3772
75.3772
75.3772
75.3772
75.3772
75.3772
77.076
77.076
77.076
77.076
77.076
77.076
77.076
77.076
79.2583
79.2583
79.2583
79.2583
79.2583
79.2583
79.2583
79.2583
82.0272
82.0272
82.0272
82.0272
82.0272
82.0272
82.0272
82.0272
85.4283
85.4283
85.4283
85.4283
85.4283
85.4283
85.4283
85.4283
89.4373
89.4373
89.4373
89.4373
89.4373
89.4373
89.4373
89.4373
93.9477
93.9477
93.9477
93.9477
93.9477
93.9477
93.9477
93.9477
53.5496
53.5496
53.5496
53.5496
53.5496
53.5496
53.5496
53.5496
58.3815
58.3815
58.3815
58.3815
58.3815
58.3815
58.3815
58.3815
62.7515
62.7515
62.7515
62.7515
62.7515
62.7515
62.7515
62.7515
66.5204
66.5204
66.5204
66.5204
66.5204
66.5204
66.5204
66.5204
69.6372
69.6372
69.6372
69.6372
69.6372
69.6372
69.6372
69.6372
72.146
72.146
72.146
72.146
72.146
72.146
72.146
72.146
74.1709
74.1709
74.1709
74.1709
74.1709
74.1709
74.1709
74.1709
75.8937
75.8937
75.8937
75.8937
75.8937
75.8937
75.8937
75.8937
77.523
77.523
77.523
77.523
77.523
77.523
77.523
77.523
79.2692
79.2692
79.2692
79.2692
79.2692
79.2692
79.2692
79.2692
81.322
81.322
81.322
81.322
81.322
81.322
81.322
81.322
83.8334
83.8334
83.8334
83.8334
83.8334
83.8334
83.8334
83.8334
86.9059
86.9059
86.9059
86.9059
86.9059
86.9059
86.9059
86.9059
90.5806
90.5806
90.5806
90.5806
90.5806
90.5806
90.5806
90.5806
94.8227
94.8227
94.8227
94.8227
94.8227
94.8227
94.8227
94.8227
99.5101
99.5101
99.5101
99.5101
99.5101
99.5101
99.5101
99.5101
53.5496
53.5496
53.5496
53.5496
53.5496
53.5496
53.5496
53.5496
58.3815
58.3815
58.3815
58.3815
58.3815
58.3815
58.3815
58.3815
62.7515
62.7515
62.7515
62.7515
62.7515
62.7515
62.7515
62.7515
66.5204
66.5204
66.5204
66.5204
66.5204
66.5204
66.5204
66.5204
69.6372
69.6372
69.6372
69.6372
69.6372
69.6372
69.6372
69.6372
72.146
72.146
72.146
72.146
72.146
72.146
72.146
72.146
74.1709
74.1709
74.1709
74.1709
74.1709
74.1709
74.1709
74.1709
75.8937
75.8937
75.8937
75.8937
75.8937
75.8937
75.8937
75.8937
77.523
77.523
77.523
77.523
77.523
77.523
77.523
77.523
79.2692
79.2692
79.2692
79.2692
79.2692
79.2692
79.2692
79.2692
81.322
81.322
81.322
81.322
81.322
81.322
81.322
81.322
83.8334
83.8334
83.8334
83.8334
83.8334
83.8334
83.8334
83.8334
86.9059
86.9059
86.9059
86.9059
86.9059
86.9059
86.9059
86.9059
90.5806
90.5806
90.5806
90.5806
90.5806
90.5806
90.5806
90.5806
94.8227
94.8227
94.8227
94.8227
94.8227
94.8227
94.8227
94.8227
99.5101
99.5101
99.5101
99.5101
99.5101
99.5101
99.5101
99.5101
53.5496
53.5496
53.5496
53.5496
53.5496
53.5496
53.5496
53.5496
58.3815
58.3815
58.3815
58.3815
58.3815
58.3815
58.3815
58.3815
62.7515
62.7515
62.7515
62.7515
62.7515
62.7515
62.7515
62.7515
66.5204
66.5204
66.5204
66.5204
66.5204
66.5204
66.5204
66.5204
69.6372
69.6372
69.6372
69.6372
69.6372
69.6372
69.6372
69.6372
72.146
72.146
72.146
72.146
72.146
72.146
72.146
72.146
74.1709
74.1709
74.1709
74.1709
74.1709
74.1709
74.1709
74.1709
75.8937
75.8937
75.8937
75.8937
75.8937
75.8937
75.8937
75.8937
77.523
77.523
77.523
77.523
77.523
77.523
77.523
77.523
79.2692
79.2692
79.2692
79.2692
79.2692
79.2692
79.2692
79.2692
81.322
81.322
81.322
81.322
81.322
81.322
81.322
81.322
83.8334
83.8334
83.8334
83.8334
83.8334
83.8334
83.8334
83.8334
86.9059
86.9059
86.9059
86.9059
86.9059
86.9059
86.9059
86.9059
90.5806
90.5806
90.5806
90.5806
90.5806
90.5806
90.5806
90.5806
94.8227
94.8227
94.8227
94.8227
94.8227
94.8227
94.8227
94.8227
99.5101
99.5101
99.5101
99.5101
99.5101
99.5101
99.5101
99.5101
53.5496
53.5496
53.5496
53.5496
53.5496
53.5496
53.5496
53.5496
58.3815
58.3815
58.3815
58.3815
58.3815
58.3815
58.3815
58.3815
62.7515
62.7515
62.7515
62.7515
62.7515
62.7515
62.7515
62.7515
66.5204
66.5204
66.5204
66.5204
66.5204
66.5204
66.5204
66.5204
69.6372
69.6372
69.6372
69.6372
69.6372
69.6372
69.6372
69.6372
72.146
72.146
72.146
72.146
72.146
72.146
72.146
72.146
74.1709
74.1709
74.1709
74.1709
74.1709
74.1709
74.1709
74.1709
75.8937
75.8937
75.8937
75.8937
75.8937
75.8937
75.8937
75.8937
77.523
77.523
77.523
77.523
77.523
77.523
77.523
77.523
79.2692
79.2692
79.2692
79.2692
79.2692
79.2692
79.2692
79.2692
81.322
81.322
81.322
81.322
81.322
81.322
81.322
81.322
83.8334
83.8334
83.8334
83.8334
83.8334
83.8334
83.8334
83.8334
86.9059
86.9059
86.9059
86.9059
86.9059
86.9059
86.9059
86.9059
90.5806
90.5806
90.5806
90.5806
90.5806
90.5806
90.5806
90.5806
94.8227
94.8227
94.8227
94.8227
94.8227
94.8227
94.8227
94.8227
99.5101
99.5101
99.5101
99.5101
99.5101
99.5101
99.5101
99.5101
53.8356
53.8356
53.8356
53.8356
53.8356
53.8356
53.8356
53.8356
58.7868
58.7868
58.7868
58.7868
58.7868
58.7868
58.7868
58.7868
63.354
63.354
63.354
63.354
63.354
63.354
63.354
63.354
67.3956
67.3956
67.3956
67.3956
67.3956
67.3956
67.3956
67.3956
70.8511
70.8511
70.8511
70.8511
70.8511
70.8511
70.8511
70.8511
73.7485
73.7485
73.7485
73.7485
73.7485
73.7485
73.7485
73.7485
76.1948
76.1948
76.1948
76.1948
76.1948
76.1948
76.1948
76.1948
78.3555
78.3555
78.3555
78.3555
78.3555
78.3555
78.3555
78.3555
80.4269
80.4269
80.4269
80.4269
80.4269
80.4269
80.4269
80.4269
82.6109
82.6109
82.6109
82.6109
82.6109
82.6109
82.6109
82.6109
85.0907
85.0907
85.0907
85.0907
85.0907
85.0907
85.0907
85.0907
88.015
88.015
88.015
88.015
88.015
88.015
88.015
88.015
91.4808
91.4808
91.4808
91.4808
91.4808
91.4808
91.4808
91.4808
95.5209
95.5209
95.5209
95.5209
95.5209
95.5209
95.5209
95.5209
100.088
100.088
100.088
100.088
100.088
100.088
100.088
100.088
105.039
105.039
105.039
105.039
105.039
105.039
105.039
105.039
53.8356
53.8356
53.8356
53.8356
53.8356
53.8356
53.8356
53.8356
58.7868
58.7868
58.7868
58.7868
58.7868
58.7868
58.7868
58.7868
63.354
63.354
63.354
63.354
63.354
63.354
63.354
63.354
67.3956
67.3956
67.3956
67.3956
67.3956
67.3956
67.3956
67.3956
70.8511
70.8511
70.8511
70.8511
70.8511
70.8511
70.8511
70.8511
73.7485
73.7485
73.7485
73.7485
73.7485
73.7485
73.7485
73.7485
76.1948
76.1948
76.1948
76.1948
76.1948
76.1948
76.1948
76.1948
78.3555
78.3555
78.3555
78.3555
78.3555
78.3555
78.3555
78.3555
80.4269
80.4269
80.4269
80.4269
80.4269
80.4269
80.4269
80.4269
82.6109
82.6109
82.6109
82.6109
82.6109
82.6109
82.6109
82.6109
85.0907
85.0907
85.0907
85.0907
85.0907
85.0907
85.0907
85.0907
88.015
88.015
88.015
88.015
88.015
88.015
88.015
88.015
91.4808
91.4808
91.4808
91.4808
91.4808
91.4808
91.4808
91.4808
95.5209
95.5209
95.5209
95.5209
95.5209
95.5209
95.5209
95.5209
100.088
100.088
100.088
100.088
100.088
100.088
100.088
100.088
105.039
105.039
105.039
105.039
105.039
105.039
105.039
105.039
53.8356
53.8356
53.8356
53.8356
53.8356
53.8356
53.8356
53.8356
58.7868
58.7868
58.7868
58.7868
58.7868
58.7868
58.7868
58.7868
63.354
63.354
63.354
63.354
63.354
63.354
63.354
63.354
67.3956
67.3956
67.3956
67.3956
67.3956
67.3956
67.3956
67.3956
70.8511
70.8511
70.8511
70.8511
70.8511
70.8511
70.8511
70.8511
73.7485
73.7485
73.7485
73.7485
73.7485
73.7485
73.7485
73.7485
76.1948
76.1948
76.1948
76.1948
76.1948
76.1948
76.1948
76.1948
78.3555
78.3555
78.3555
78.3555
78.3555
78.3555
78.3555
78.3555
80.4269
80.4269
80.4269
80.4269
80.4269
80.4269
80.4269
80.4269
82.6109
82.6109
82.6109
82.6109
82.6109
82.6109
82.6109
82.6109
85.0907
85.0907
85.0907
85.0907
85.0907
85.0907
85.0907
85.0907
88.015
88.015
88.015
88.015
88.015
88.015
88.015
88.015
91.4808
91.4808
91.4808
91.4808
91.4808
91.4808
91.4808
91.4808
95.5209
95.5209
95.5209
95.5209
95.5209
95.5209
95.5209
95.5209
100.088
100.088
100.088
100.088
100.088
100.088
100.088
100.088
105.039
105.039
105.039
105.039
105.039
105.039
105.039
105.039
53.8356
53.8356
53.8356
53.8356
53.8356
53.8356
53.8356
53.8356
58.7868
58.7868
58.7868
58.7868
58.7868
58.7868
58.7868
58.7868
63.354
63.354
63.354
63.354
63.354
63.354
63.354
63.354
67.3956
67.3956
67.3956
67.3956
67.3956
67.3956
67.3956
67.3956
70.8511
70.8511
70.8511
70.8511
70.8511
70.8511
70.8511
70.8511
73.7485
73.7485
73.7485
73.7485
73.7485
73.7485
73.7485
73.7485
76.1948
76.1948
76.1948
76.1948
76.1948
76.1948
76.1948
76.1948
78.3555
78.3555
78.3555
78.3555
78.3555
78.3555
78.3555
78.3555
80.4269
80.4269
80.4269
80.4269
80.4269
80.4269
80.4269
80.4269
82.6109
82.6109
82.6109
82.6109
82.6109
82.6109
82.6109
82.6109
85.0907
85.0907
85.0907
85.0907
85.0907
85.0907
85.0907
85.0907
88.015
88.015
88.015
88.015
88.015
88.015
88.015
88.015
91.4808
91.4808
91.4808
91.4808
91.4808
91.4808
91.4808
91.4808
95.5209
95.5209
95.5209
95.5209
95.5209
95.5209
95.5209
95.5209
100.088
100.088
100.088
100.088
100.088
100.088
100.088
100.088
105.039
105.039
105.039
105.039
105.039
105.039
105.039
105.039
53.7029
53.7029
53.7029
53.7029
53.7029
53.7029
53.7029
53.7029
58.6386
58.6386
58.6386
58.6386
58.6386
58.6386
58.6386
58.6386
63.2704
63.2704
63.2704
63.2704
63.2704
63.2704
63.2704
63.2704
67.4643
67.4643
67.4643
67.4643
67.4643
67.4643
67.4643
67.4643
71.1595
71.1595
71.1595
71.1595
71.1595
71.1595
71.1595
71.1595
74.3746
74.3746
74.3746
74.3746
74.3746
74.3746
74.3746
74.3746
77.203
77.203
77.203
77.203
77.203
77.203
77.203
77.203
79.7938
79.7938
79.7938
79.7938
79.7938
79.7938
79.7938
79.7938
82.328
82.328
82.328
82.328
82.328
82.328
82.328
82.328
84.9938
84.9938
84.9938
84.9938
84.9938
84.9938
84.9938
84.9938
87.965
87.965
87.965
87.965
87.965
87.965
87.965
87.965
91.3806
91.3806
91.3806
91.3806
91.3806
91.3806
91.3806
91.3806
95.3288
95.3288
95.3288
95.3288
95.3288
95.3288
95.3288
95.3288
99.8298
99.8298
99.8298
99.8298
99.8298
99.8298
99.8298
99.8298
104.819
104.819
104.819
104.819
104.819
104.819
104.819
104.819
110.133
110.133
110.133
110.133
110.133
110.133
110.133
110.133
53.7029
53.7029
53.7029
53.7029
53.7029
53.7029
53.7029
53.7029
58.6386
58.6386
58.6386
58.6386
58.6386
58.6386
58.6386
58.6386
63.2704
63.2704
63.2704
63.2704
63.2704
63.2704
63.2704
63.2704
67.4643
67.4643
67.4643
67.4643
67.4643
67.4643
67.4643
67.4643
71.1595
71.1595
71.1595
71.1595
71.1595
71.1595
71.1595
71.1595
74.3746
74.3746
74.3746
74.3746
74.3746
74.3746
74.3746
74.3746
77.203
77.203
77.203
77.203
77.203
77.203
77.203
77.203
79.7938
79.7938
79.7938
79.7938
79.7938
79.7938
79.7938
79.7938
82.328
82.328
82.328
82.328
82.328
82.328
82.328
82.328
84.9938
84.9938
84.9938
84.9938
84.9938
84.9938
84.9938
84.9938
87.965
87.965
87.965
87.965
87.965
87.965
87.965
87.965
91.3806
91.3806
91.3806
91.3806
91.3806
91.3806
91.3806
91.3806
95.3288
95.3288
95.3288
95.3288
95.3288
95.3288
95.3288
95.3288
99.8298
99.8298
99.8298
99.8298
99.8298
99.8298
99.8298
99.8298
104.819
104.819
104.819
104.819
104.819
104.819
104.819
104.819
110.133
110.133
110.133
110.133
110.133
110.133
110.133
110.133
53.7029
53.7029
53.7029
53.7029
53.7029
53.7029
53.7029
53.7029
58.6386
58.6386
58.6386
58.6386
58.6386
58.6386
58.6386
58.6386
63.2704
63.2704
63.2704
63.2704
63.2704
63.2704
63.2704
63.2704
67.4643
67.4643
67.4643
67.4643
67.4643
67.4643
67.4643
67.4643
71.1595
71.1595
71.1595
71.1595
71.1595
71.1595
71.1595
71.1595
74.3746
74.3746
74.3746
74.3746
74.3746
74.3746
74.3746
74.3746
77.203
77.203
77.203
77.203
77.203
77.203
77.203
77.203
79.7938
79.7938
79.7938
79.7938
79.7938
79.7938
79.7938
79.7938
82.328
82.328
82.328
82.328
82.328
82.328
82.328
82.328
84.9938
84.9938
84.9938
84.9938
84.9938
84.9938
84.9938
84.9938
87.965
87.965
87.965
87.965
87.965
87.965
87.965
87.965
91.3806
91.3806
91.3806
91.3806
91.3806
91.3806
91.3806
91.3806
95.3288
95.3288
95.3288
95.3288
95.3288
95.3288
95.3288
95.3288
99.8298
99.8298
99.8298
99.8298
99.8298
99.8298
99.8298
99.8298
104.819
104.819
104.819
104.819
104.819
104.819
104.819
104.819
110.133
110.133
110.133
110.133
110.133
110.133
110.133
110.133
53.7029
53.7029
53.7029
53.7029
53.7029
53.7029
53.7029
53.7029
58.6386
58.6386
58.6386
58.6386
58.6386
58.6386
58.6386
58.6386
63.2704
63.2704
63.2704
63.2704
63.2704
63.2704
63.2704
63.2704
67.4643
67.4643
67.4643
67.4643
67.4643
67.4643
67.4643
67.4643
71.1595
71.1595
71.1595
71.1595
71.1595
71.1595
71.1595
71.1595
74.3746
74.3746
74.3746
74.3746
74.3746
74.3746
74.3746
74.3746
77.203
77.203
77.203
77.203
77.203
77.203
77.203
77.203
79.7938
79.7938
79.7938
79.7938
79.7938
79.7938
79.7938
79.7938
82.328
82.328
82.328
82.328
82.328
82.328
82.328
82.328
84.9938
84.9938
84.9938
84.9938
84.9938
84.9938
84.9938
84.9938
87.965
87.965
87.965
87.965
87.965
87.965
87.965
87.965
91.3806
91.3806
91.3806
91.3806
91.3806
91.3806
91.3806
91.3806
95.3288
95.3288
95.3288
95.3288
95.3288
95.3288
95.3288
95.3288
99.8298
99.8298
99.8298
99.8298
99.8298
99.8298
99.8298
99.8298
104.819
104.819
104.819
104.819
104.819
104.819
104.819
104.819
110.133
110.133
110.133
110.133
110.133
110.133
110.133
110.133
52.9481
52.9481
52.9481
52.9481
52.9481
52.9481
52.9481
52.9481
57.7215
57.7215
57.7215
57.7215
57.7215
57.7215
57.7215
57.7215
62.2707
62.2707
62.2707
62.2707
62.2707
62.2707
62.2707
62.2707
66.4798
66.4798
66.4798
66.4798
66.4798
66.4798
66.4798
66.4798
70.2946
70.2946
70.2946
70.2946
70.2946
70.2946
70.2946
70.2946
73.7327
73.7327
73.7327
73.7327
73.7327
73.7327
73.7327
73.7327
76.8771
76.8771
76.8771
76.8771
76.8771
76.8771
76.8771
76.8771
79.8614
79.8614
79.8614
79.8614
79.8614
79.8614
79.8614
79.8614
82.8511
82.8511
82.8511
82.8511
82.8511
82.8511
82.8511
82.8511
86.0177
86.0177
86.0177
86.0177
86.0177
86.0177
86.0177
86.0177
89.5208
89.5208
89.5208
89.5208
89.5208
89.5208
89.5208
89.5208
93.4867
93.4867
93.4867
93.4867
93.4867
93.4867
93.4867
93.4867
97.99
97.99
97.99
97.99
97.99
97.99
97.99
97.99
103.036
103.036
103.036
103.036
103.036
103.036
103.036
103.036
108.541
108.541
108.541
108.541
108.541
108.541
108.541
108.541
114.316
114.316
114.316
114.316
114.316
114.316
114.316
114.316
52.9481
52.9481
52.9481
52.9481
52.9481
52.9481
52.9481
52.9481
57.7215
57.7215
57.7215
57.7215
57.7215
57.7215
57.7215
57.7215
62.2707
62.2707
62.2707
62.2707
62.2707
62.2707
62.2707
62.2707
66.4798
66.4798
66.4798
66.4798
66.4798
66.4798
66.4798
66.4798
70.2946
70.2946
70.2946
70.2946
70.2946
70.2946
70.2946
70.2946
73.7327
73.7327
73.7327
73.7327
73.7327
73.7327
73.7327
73.7327
76.8771
76.8771
76.8771
76.8771
76.8771
76.8771
76.8771
76.8771
79.8614
79.8614
79.8614
79.8614
79.8614
79.8614
79.8614
79.8614
82.8511
82.8511
82.8511
82.8511
82.8511
82.8511
82.8511
82.8511
86.0177
86.0177
86.0177
86.0177
86.0177
86.0177
86.0177
86.0177
89.5208
89.5208
89.5208
89.5208
89.5208
89.5208
89.5208
89.5208
93.4867
93.4867
93.4867
93.4867
93.4867
93.4867
93.4867
93.4867
97.99
97.99
97.99
97.99
97.99
97.99
97.99
97.99
103.036
103.036
103.036
103.036
103.036
103.036
103.036
103.036
108.541
108.541
108.541
108.541
108.541
108.541
108.541
108.541
114.316
114.316
114.316
114.316
114.316
114.316
114.316
114.316
52.9481
52.9481
52.9481
52.9481
52.9481
52.9481
52.9481
52.9481
57.7215
57.7215
57.7215
57.7215
57.7215
57.7215
57.7215
57.7215
62.2707
62.2707
62.2707
62.2707
62.2707
62.2707
62.2707
62.2707
66.4798
66.4798
66.4798
66.4798
66.4798
66.4798
66.4798
66.4798
70.2946
70.2946
70.2946
70.2946
70.2946
70.2946
70.2946
70.2946
73.7327
73.7327
73.7327
73.7327
73.7327
73.7327
73.7327
73.7327
76.8771
76.8771
76.8771
76.8771
76.8771
76.8771
76.8771
76.8771
79.8614
79.8614
79.8614
79.8614
79.8614
79.8614
79.8614
79.8614
82.8511
82.8511
82.8511
82.8511
82.8511
82.8511
82.8511
82.8511
86.0177
86.0177
86.0177
86.0177
86.0177
86.0177
86.0177
86.0177
89.5208
89.5208
89.5208
89.5208
89.5208
89.5208
89.5208
89.5208
93.4867
93.4867
93.4867
93.4867
93.4867
93.4867
93.4867
93.4867
97.99
97.99
97.99
97.99
97.99
97.99
97.99
97.99
103.036
103.036
103.036
103.036
103.036
103.036
103.036
103.036
108.541
108.541
108.541
108.541
108.541
108.541
108.541
108.541
114.316
114.316
114.316
114.316
114.316
114.316
114.316
114.316
52.9481
52.9481
52.9481
52.9481
52.9481
52.9481
52.9481
52.9481
57.7215
57.7215
57.7215
57.7215
57.7215
57.7215
57.7215
57.7215
62.2707
62.2707
62.2707
62.2707
62.2707
62.2707
62.2707
62.2707
66.4798
66.4798
66.4798
66.4798
66.4798
66.4798
66.4798
66.4798
70.2946
70.2946
70.2946
70.2946
70.2946
70.2946
70.2946
70.2946
73.7327
73.7327
73.7327
73.7327
73.7327
73.7327
73.7327
73.7327
76.8771
76.8771
76.8771
76.8771
76.8771
76.8771
76.8771
76.8771
79.8614
79.8614
79.8614
79.8614
79.8614
79.8614
79.8614
79.8614
82.8511
82.8511
82.8511
82.8511
82.8511
82.8511
82.8511
82.8511
86.0177
86.0177
86.0177
86.0177
86.0177
86.0177
86.0177
86.0177
89.5208
89.5208
89.5208
89.5208
89.5208
89.5208
89.5208
89.5208
93.4867
93.4867
93.4867
93.4867
93.4867
93.4867
93.4867
93.4867
97.99
97.99
97.99
97.99
97.99
97.99
97.99
97.99
103.036
103.036
103.036
103.036
103.036
103.036
103.036
103.036
108.541
108.541
108.541
108.541
108.541
108.541
108.541
108.541
114.316
114.316
114.316
114.316
114.316
114.316
114.316
114.316
51.4174
51.4174
51.4174
51.4174
51.4174
51.4174
51.4174
51.4174
55.8839
55.8839
55.8839
55.8839
55.8839
55.8839
55.8839
55.8839
60.2043
60.2043
60.2043
60.2043
60.2043
60.2043
60.2043
60.2043
64.2862
64.2862
64.2862
64.2862
64.2862
64.2862
64.2862
64.2862
68.0901
68.0901
68.0901
68.0901
68.0901
68.0901
68.0901
68.0901
71.6375
71.6375
71.6375
71.6375
71.6375
71.6375
71.6375
71.6375
75.006
75.006
75.006
75.006
75.006
75.006
75.006
75.006
78.3171
78.3171
78.3171
78.3171
78.3171
78.3171
78.3171
78.3171
81.7189
81.7189
81.7189
81.7189
81.7189
81.7189
81.7189
81.7189
85.367
85.367
85.367
85.367
85.367
85.367
85.367
85.367
89.4042
89.4042
89.4042
89.4042
89.4042
89.4042
89.4042
89.4042
93.9424
93.9424
93.9424
93.9424
93.9424
93.9424
93.9424
93.9424
99.0409
99.0409
99.0409
99.0409
99.0409
99.0409
99.0409
99.0409
104.687
104.687
104.687
104.687
104.687
104.687
104.687
104.687
110.776
110.776
110.776
110.776
110.776
110.776
110.776
110.776
117.093
117.093
117.093
117.093
117.093
117.093
117.093
117.093
51.4174
51.4174
51.4174
51.4174
51.4174
51.4174
51.4174
51.4174
55.8839
55.8839
55.8839
55.8839
55.8839
55.8839
55.8839
55.8839
60.2043
60.2043
60.2043
60.2043
60.2043
60.2043
60.2043
60.2043
64.2862
64.2862
64.2862
64.2862
64.2862
64.2862
64.2862
64.2862
68.0901
68.0901
68.0901
68.0901
68.0901
68.0901
68.0901
68.0901
71.6375
71.6375
71.6375
71.6375
71.6375
71.6375
71.6375
71.6375
75.006
75.006
75.006
75.006
75.006
75.006
75.006
75.006
78.3171
78.3171
78.3171
78.3171
78.3171
78.3171
78.3171
78.3171
81.7189
81.7189
81.7189
81.7189
81.7189
81.7189
81.7189
81.7189
85.367
85.367
85.367
85.367
85.367
85.367
85.367
85.367
89.4042
89.4042
89.4042
89.4042
89.4042
89.4042
89.4042
89.4042
93.9424
93.9424
93.9424
93.9424
93.9424
93.9424
93.9424
93.9424
99.0409
99.0409
99.0409
99.0409
99.0409
99.0409
99.0409
99.0409
104.687
104.687
104.687
104.687
104.687
104.687
104.687
104.687
110.776
110.776
110.776
110.776
110.776
110.776
110.776
110.776
117.093
117.093
117.093
117.093
117.093
117.093
117.093
117.093
51.4174
51.4174
51.4174
51.4174
51.4174
51.4174
51.4174
51.4174
55.8839
55.8839
55.8839
55.8839
55.8839
55.8839
55.8839
55.8839
60.2043
60.2043
60.2043
60.2043
60.2043
60.2043
60.2043
60.2043
64.2862
64.2862
64.2862
64.2862
64.2862
64.2862
64.2862
64.2862
68.0901
68.0901
68.0901
68.0901
68.0901
68.0901
68.0901
68.0901
71.6375
71.6375
71.6375
71.6375
71.6375
71.6375
71.6375
71.6375
75.006
75.006
75.006
75.006
75.006
75.006
75.006
75.006
78.3171
78.3171
78.3171
78.3171
78.3171
78.3171
78.3171
78.3171
81.7189
81.7189
81.7189
81.7189
81.7189
81.7189
81.7189
81.7189
85.367
85.367
85.367
85.367
85.367
85.367
85.367
85.367
89.4042
89.4042
89.4042
89.4042
89.4042
89.4042
89.4042
89.4042
93.9424
93.9424
93.9424
93.9424
93.9424
93.9424
93.9424
93.9424
99.0409
99.0409
99.0409
99.0409
99.0409
99.0409
99.0409
99.0409
104.687
104.687
104.687
104.687
104.687
104.687
104.687
104.687
110.776
110.776
110.776
110.776
110.776
110.776
110.776
110.776
117.093
117.093
117.093
117.093
117.093
117.093
117.093
117.093
51.4174
51.4174
51.4174
51.4174
51.4174
51.4174
51.4174
51.4174
55.8839
55.8839
55.8839
55.8839
55.8839
55.8839
55.8839
55.8839
60.2043
60.2043
60.2043
60.2043
60.2043
60.2043
60.2043
60.2043
64.2862
64.2862
64.2862
64.2862
64.2862
64.2862
64.2862
64.2862
68.0901
68.0901
68.0901
68.0901
68.0901
68.0901
68.0901
68.0901
71.6375
71.6375
71.6375
71.6375
71.6375
71.6375
71.6375
71.6375
75.006
75.006
75.006
75.006
75.006
75.006
75.006
75.006
78.3171
78.3171
78.3171
78.3171
78.3171
78.3171
78.3171
78.3171
81.7189
81.7189
81.7189
81.7189
81.7189
81.7189
81.7189
81.7189
85.367
85.367
85.367
85.367
85.367
85.367
85.367
85.367
89.4042
89.4042
89.4042
89.4042
89.4042
89.4042
89.4042
89.4042
93.9424
93.9424
93.9424
93.9424
93.9424
93.9424
93.9424
93.9424
99.0409
99.0409
99.0409
99.0409
99.0409
99.0409
99.0409
99.0409
104.687
104.687
104.687
104.687
104.687
104.687
104.687
104.687
110.776
110.776
110.776
110.776
110.776
110.776
110.776
110.776
117.093
117.093
117.093
117.093
117.093
117.093
117.093
117.093
49.0449
49.0449
49.0449
49.0449
49.0449
49.0449
49.0449
49.0449
53.0807
53.0807
53.0807
53.0807
53.0807
53.0807
53.0807
53.0807
57.0432
57.0432
57.0432
57.0432
57.0432
57.0432
57.0432
57.0432
60.867
60.867
60.867
60.867
60.867
60.867
60.867
60.867
64.5324
64.5324
64.5324
64.5324
64.5324
64.5324
64.5324
64.5324
68.0684
68.0684
68.0684
68.0684
68.0684
68.0684
68.0684
68.0684
71.5507
71.5507
71.5507
71.5507
71.5507
71.5507
71.5507
71.5507
75.0915
75.0915
75.0915
75.0915
75.0915
75.0915
75.0915
75.0915
78.8249
78.8249
78.8249
78.8249
78.8249
78.8249
78.8249
78.8249
82.8906
82.8906
82.8906
82.8906
82.8906
82.8906
82.8906
82.8906
87.416
87.416
87.416
87.416
87.416
87.416
87.416
87.416
92.497
92.497
92.497
92.497
92.497
92.497
92.497
92.497
98.1789
98.1789
98.1789
98.1789
98.1789
98.1789
98.1789
98.1789
104.432
104.432
104.432
104.432
104.432
104.432
104.432
104.432
111.131
111.131
111.131
111.131
111.131
111.131
111.131
111.131
118.035
118.035
118.035
118.035
118.035
118.035
118.035
118.035
49.0449
49.0449
49.0449
49.0449
49.0449
49.0449
49.0449
49.0449
53.0807
53.0807
53.0807
53.0807
53.0807
53.0807
53.0807
53.0807
57.0432
57.0432
57.0432
57.0432
57.0432
57.0432
57.0432
57.0432
60.867
60.867
60.867
60.867
60.867
60.867
60.867
60.867
64.5324
64.5324
64.5324
64.5324
64.5324
64.5324
64.5324
64.5324
68.0684
68.0684
68.0684
68.0684
68.0684
68.0684
68.0684
68.0684
71.5507
71.5507
71.5507
71.5507
71.5507
71.5507
71.5507
71.5507
75.0915
75.0915
75.0915
75.0915
75.0915
75.0915
75.0915
75.0915
78.8249
78.8249
78.8249
78.8249
78.8249
78.8249
78.8249
78.8249
82.8906
82.8906
82.8906
82.8906
82.8906
82.8906
82.8906
82.8906
87.416
87.416
87.416
87.416
87.416
87.416
87.416
87.416
92.497
92.497
92.497
92.497
92.497
92.497
92.497
92.497
98.1789
98.1789
98.1789
98.1789
98.1789
98.1789
98.1789
98.1789
104.432
104.432
104.432
104.432
104.432
104.432
104.432
104.432
111.131
111.131
111.131
111.131
111.131
111.131
111.131
111.131
118.035
118.035
118.035
118.035
118.035
118.035
118.035
118.035
49.0449
49.0449
49.0449
49.0449
49.0449
49.0449
49.0449
49.0449
53.0807
53.0807
53.0807
53.0807
53.0807
53.0807
53.0807
53.0807
57.0432
57.0432
57.0432
57.0432
57.0432
57.0432
57.0432
57.0432
60.867
60.867
60.867
60.867
60.867
60.867
60.867
60.867
64.5324
64.5324
64.5324
64.5324
64.5324
64.5324
64.5324
64.5324
68.0684
68.0684
68.0684
68.0684
68.0684
68.0684
68.0684
68.0684
71.5507
71.5507
71.5507
71.5507
71.5507
71.5507
71.5507
71.5507
75.0915
75.0915
75.0915
75.0915
75.0915
75.0915
75.0915
75.0915
78.8249
78.8249
78.8249
78.8249
78.8249
78.8249
78.8249
78.8249
82.8906
82.8906
82.8906
82.8906
82.8906
82.8906
82.8906
82.8906
87.416
87.416
87.416
87.416
87.416
87.416
87.416
87.416
92.497
92.497
92.497
92.497
92.497
92.497
92.497
92.497
98.1789
98.1789
98.1789
98.1789
98.1789
98.1789
98.1789
98.1789
104.432
104.432
104.432
104.432
104.432
104.432
104.432
104.432
111.131
111.131
111.131
111.131
111.131
111.131
111.131
111.131
118.035
118.035
118.035
118.035
118.035
118.035
118.035
118.035
49.0449
49.0449
49.0449
49.0449
49.0449
49.0449
49.0449
49.0449
53.0807
53.0807
53.0807
53.0807
53.0807
53.0807
53.0807
53.0807
57.0432
57.0432
57.0432
57.0432
57.0432
57.0432
57.0432
57.0432
60.867
60.867
60.867
60.867
60.867
60.867
60.867
60.867
64.5324
64.5324
64.5324
64.5324
64.5324
64.5324
64.5324
64.5324
68.0684
68.0684
68.0684
68.0684
68.0684
68.0684
68.0684
68.0684
71.5507
71.5507
71.5507
71.5507
71.5507
71.5507
71.5507
71.5507
75.0915
75.0915
75.0915
75.0915
75.0915
75.0915
75.0915
75.0915
78.8249
78.8249
78.8249
78.8249
78.8249
78.8249
78.8249
78.8249
82.8906
82.8906
82.8906
82.8906
82.8906
82.8906
82.8906
82.8906
87.416
87.416
87.416
87.416
87.416
87.416
87.416
87.416
92.497
92.497
92.497
92.497
92.497
92.497
92.497
92.497
98.1789
98.1789
98.1789
98.1789
98.1789
98.1789
98.1789
98.1789
104.432
104.432
104.432
104.432
104.432
104.432
104.432
104.432
111.131
111.131
111.131
111.131
111.131
111.131
111.131
111.131
118.035
118.035
118.035
118.035
118.035
118.035
118.035
118.035
45.8764
45.8764
45.8764
45.8764
45.8764
45.8764
45.8764
45.8764
49.3942
49.3942
49.3942
49.3942
49.3942
49.3942
49.3942
49.3942
52.9032
52.9032
52.9032
52.9032
52.9032
52.9032
52.9032
52.9032
56.3663
56.3663
56.3663
56.3663
56.3663
56.3663
56.3663
56.3663
59.783
59.783
59.783
59.783
59.783
59.783
59.783
59.783
63.1929
63.1929
63.1929
63.1929
63.1929
63.1929
63.1929
63.1929
66.6724
66.6724
66.6724
66.6724
66.6724
66.6724
66.6724
66.6724
70.3266
70.3266
70.3266
70.3266
70.3266
70.3266
70.3266
70.3266
74.2791
74.2791
74.2791
74.2791
74.2791
74.2791
74.2791
74.2791
78.6553
78.6553
78.6553
78.6553
78.6553
78.6553
78.6553
78.6553
83.5706
83.5706
83.5706
83.5706
83.5706
83.5706
83.5706
83.5706
89.1083
89.1083
89.1083
89.1083
89.1083
89.1083
89.1083
89.1083
95.301
95.301
95.301
95.301
95.301
95.301
95.301
95.301
102.106
102.106
102.106
102.106
102.106
102.106
102.106
102.106
109.381
109.381
109.381
109.381
109.381
109.381
109.381
109.381
116.863
116.863
116.863
116.863
116.863
116.863
116.863
116.863
45.8764
45.8764
45.8764
45.8764
45.8764
45.8764
45.8764
45.8764
49.3942
49.3942
49.3942
49.3942
49.3942
49.3942
49.3942
49.3942
52.9032
52.9032
52.9032
52.9032
52.9032
52.9032
52.9032
52.9032
56.3663
56.3663
56.3663
56.3663
56.3663
56.3663
56.3663
56.3663
59.783
59.783
59.783
59.783
59.783
59.783
59.783
59.783
63.1929
63.1929
63.1929
63.1929
63.1929
63.1929
63.1929
63.1929
66.6724
66.6724
66.6724
66.6724
66.6724
66.6724
66.6724
66.6724
70.3266
70.3266
70.3266
70.3266
70.3266
70.3266
70.3266
70.3266
74.2791
74.2791
74.2791
74.2791
74.2791
74.2791
74.2791
74.2791
78.6553
78.6553
78.6553
78.6553
78.6553
78.6553
78.6553
78.6553
83.5706
83.5706
83.5706
83.5706
83.5706
83.5706
83.5706
83.5706
89.1083
89.1083
89.1083
89.1083
89.1083
89.1083
89.1083
89.1083
95.301
95.301
95.301
95.301
95.301
95.301
95.301
95.301
102.106
102.106
102.106
102.106
102.106
102.106
102.106
102.106
109.381
109.381
109.381
109.381
109.381
109.381
109.381
109.381
116.863
116.863
116.863
116.863
116.863
116.863
116.863
116.863
45.8764
45.8764
45.8764
45.8764
45.8764
45.8764
45.8764
45.8764
49.3942
49.3942
49.3942
49.3942
49.3942
49.3942
49.3942
49.3942
52.9032
52.9032
52.9032
52.9032
52.9032
52.9032
52.9032
52.9032
56.3663
56.3663
56.3663
56.3663
56.3663
56.3663
56.3663
56.3663
59.783
59.783
59.783
59.783
59.783
59.783
59.783
59.783
63.1929
63.1929
63.1929
63.1929
63.1929
63.1929
63.1929
63.1929
66.6724
66.6724
66.6724
66.6724
66.6724
66.6724
66.6724
66.6724
70.3266
70.3266
70.3266
70.3266
70.3266
70.3266
70.3266
70.3266
74.2791
74.2791
74.2791
74.2791
74.2791
74.2791
74.2791
74.2791
78.6553
78.6553
78.6553
78.6553
78.6553
78.6553
78.6553
78.6553
83.5706
83.5706
83.5706
83.5706
83.5706
83.5706
83.5706
83.5706
89.1083
89.1083
89.1083
89.1083
89.1083
89.1083
89.1083
89.1083
95.301
95.301
95.301
95.301
95.301
95.301
95.301
95.301
102.106
102.106
102.106
102.106
102.106
102.106
102.106
102.106
109.381
109.381
109.381
109.381
109.381
109.381
109.381
109.381
116.863
116.863
116.863
116.863
116.863
116.863
116.863
116.863
45.8764
45.8764
45.8764
45.8764
45.8764
45.8764
45.8764
45.8764
49.3942
49.3942
49.3942
49.3942
49.3942
49.3942
49.3942
49.3942
52.9032
52.9032
52.9032
52.9032
52.9032
52.9032
52.9032
52.9032
56.3663
56.3663
56.3663
56.3663
56.3663
56.3663
56.3663
56.3663
59.783
59.783
59.783
59.783
59.783
59.783
59.783
59.783
63.1929
63.1929
63.1929
63.1929
63.1929
63.1929
63.1929
63.1929
66.6724
66.6724
66.6724
66.6724
66.6724
66.6724
66.6724
66.6724
70.3266
70.3266
70.3266
70.3266
70.3266
70.3266
70.3266
70.3266
74.2791
74.2791
74.2791
74.2791
74.2791
74.2791
74.2791
74.2791
78.6553
78.6553
78.6553
78.6553
78.6553
78.6553
78.6553
78.6553
83.5706
83.5706
83.5706
83.5706
83.5706
83.5706
83.5706
83.5706
89.1083
89.1083
89.1083
89.1083
89.1083
89.1083
89.1083
89.1083
95.301
95.301
95.301
95.301
95.301
95.301
95.301
95.301
102.106
102.106
102.106
102.106
102.106
102.106
102.106
102.106
109.381
109.381
109.381
109.381
109.381
109.381
109.381
109.381
116.863
116.863
116.863
116.863
116.863
116.863
116.863
116.863
42.0685
42.0685
42.0685
42.0685
42.0685
42.0685
42.0685
42.0685
45.0276
45.0276
45.0276
45.0276
45.0276
45.0276
45.0276
45.0276
48.0325
48.0325
48.0325
48.0325
48.0325
48.0325
48.0325
48.0325
51.0706
51.0706
51.0706
51.0706
51.0706
51.0706
51.0706
51.0706
54.1593
54.1593
54.1593
54.1593
54.1593
54.1593
54.1593
54.1593
57.3479
57.3479
57.3479
57.3479
57.3479
57.3479
57.3479
57.3479
60.7144
60.7144
60.7144
60.7144
60.7144
60.7144
60.7144
60.7144
64.3598
64.3598
64.3598
64.3598
64.3598
64.3598
64.3598
64.3598
68.3988
68.3988
68.3988
68.3988
68.3988
68.3988
68.3988
68.3988
72.948
72.948
72.948
72.948
72.948
72.948
72.948
72.948
78.113
78.113
78.113
78.113
78.113
78.113
78.113
78.113
83.969
83.969
83.969
83.969
83.969
83.969
83.969
83.969
90.5412
90.5412
90.5412
90.5412
90.5412
90.5412
90.5412
90.5412
97.7799
97.7799
97.7799
97.7799
97.7799
97.7799
97.7799
97.7799
105.531
105.531
105.531
105.531
105.531
105.531
105.531
105.531
113.517
113.517
113.517
113.517
113.517
113.517
113.517
113.517
42.0685
42.0685
42.0685
42.0685
42.0685
42.0685
42.0685
42.0685
45.0276
45.0276
45.0276
45.0276
45.0276
45.0276
45.0276
45.0276
48.0325
48.0325
48.0325
48.0325
48.0325
48.0325
48.0325
48.0325
51.0706
51.0706
51.0706
51.0706
51.0706
51.0706
51.0706
51.0706
54.1593
54.1593
54.1593
54.1593
54.1593
54.1593
54.1593
54.1593
57.3479
57.3479
57.3479
57.3479
57.3479
57.3479
57.3479
57.3479
60.7144
60.7144
60.7144
60.7144
60.7144
60.7144
60.7144
60.7144
64.3598
64.3598
64.3598
64.3598
64.3598
64.3598
64.3598
64.3598
68.3988
68.3988
68.3988
68.3988
68.3988
68.3988
68.3988
68.3988
72.948
72.948
72.948
72.948
72.948
72.948
72.948
72.948
78.113
78.113
78.113
78.113
78.113
78.113
78.113
78.113
83.969
83.969
83.969
83.969
83.969
83.969
83.969
83.969
90.5412
90.5412
90.5412
90.5412
90.5412
90.5412
90.5412
90.5412
97.7799
97.7799
97.7799
97.7799
97.7799
97.7799
97.7799
97.7799
105.531
105.531
105.531
105.531
105.531
105.531
105.531
105.531
113.517
113.517
113.517
113.517
113.517
113.517
113.517
113.517
42.0685
42.0685
42.0685
42.0685
42.0685
42.0685
42.0685
42.0685
45.0276
45.0276
45.0276
45.0276
45.0276
45.0276
45.0276
45.0276
48.0325
48.0325
48.0325
48.0325
48.0325
48.0325
48.0325
48.0325
51.0706
51.0706
51.0706
51.0706
51.0706
51.0706
51.0706
51.0706
54.1593
54.1593
54.1593
54.1593
54.1593
54.1593
54.1593
54.1593
57.3479
57.3479
57.3479
57.3479
57.3479
57.3479
57.3479
57.3479
60.7144
60.7144
60.7144
60.7144
60.7144
60.7144
60.7144
60.7144
64.3598
64.3598
64.3598
64.3598
64.3598
64.3598
64.3598
64.3598
68.3988
68.3988
68.3988
68.3988
68.3988
68.3988
68.3988
68.3988
72.948
72.948
72.948
72.948
72.948
72.948
72.948
72.948
78.113
78.113
78.113
78.113
78.113
78.113
78.113
78.113
83.969
83.969
83.969
83.969
83.969
83.969
83.969
83.969
90.5412
90.5412
90.5412
90.5412
90.5412
90.5412
90.5412
90.5412
97.7799
97.7799
97.7799
97.7799
97.7799
97.7799
97.7799
97.7799
105.531
105.531
105.531
105.531
105.531
105.531
105.531
105.531
113.517
113.517
113.517
113.517
113.517
113.517
113.517
113.517
42.0685
42.0685
42.0685
42.0685
42.0685
42.0685
42.0685
42.0685
45.0276
45.0276
45.0276
45.0276
45.0276
45.0276
45.0276
45.0276
48.0325
48.0325
48.0325
48.0325
48.0325
48.0325
48.0325
48.0325
51.0706
51.0706
51.0706
51.0706
51.0706
51.0706
51.0706
51.0706
54.1593
54.1593
54.1593
54.1593
54.1593
54.1593
54.1593
54.1593
57.3479
57.3479
57.3479
57.3479
57.3479
57.3479
57.3479
57.3479
60.7144
60.7144
60.7144
60.7144
60.7144
60.7144
60.7144
60.7144
64.3598
64.3598
64.3598
64.3598
64.3598
64.3598
64.3598
64.3598
68.3988
68.3988
68.3988
68.3988
68.3988
68.3988
68.3988
68.3988
72.948
72.948
72.948
72.948
72.948
72.948
72.948
72.948
78.113
78.113
78.113
78.113
78.113
78.113
78.113
78.113
83.969
83.969
83.969
83.969
83.969
83.969
83.969
83.969
90.5412
90.5412
90.5412
90.5412
90.5412
90.5412
90.5412
90.5412
97.7799
97.7799
97.7799
97.7799
97.7799
97.7799
97.7799
97.7799
105.531
105.531
105.531
105.531
105.531
105.531
105.531
105.531
113.517
113.517
113.517
113.517
113.517
113.517
113.517
113.517
