8192
72.2286
72.2286
72.2286
72.2286
72.2286
72.2286
72.2286
72.2286
77.5817
77.5817
77.5817
77.5817
77.5817
77.5817
77.5817
77.5817
83.0708
83.0708
83.0708
83.0708
83.0708
83.0708
83.0708
83.0708
88.3741
88.3741
88.3741
88.3741
88.3741
88.3741
88.3741
88.3741
93.1356
93.1356
93.1356
93.1356
93.1356
93.1356
93.1356
93.1356
97.0069
97.0069
97.0069
97.0069
97.0069
97.0069
97.0069
97.0069
99.6973
99.6973
99.6973
99.6973
99.6973
99.6973
99.6973
99.6973
101.02
101.02
101.02
101.02
101.02
101.02
101.02
101.02
100.92
100.92
100.92
100.92
100.92
100.92
100.92
100.92
99.4797
99.4797
99.4797
99.4797
99.4797
99.4797
99.4797
99.4797
96.8985
96.8985
96.8985
96.8985
96.8985
96.8985
96.8985
96.8985
93.4533
93.4533
93.4533
93.4533
93.4533
93.4533
93.4533
93.4533
89.4542
89.4542
89.4542
89.4542
89.4542
89.4542
89.4542
89.4542
85.1998
85.1998
85.1998
85.1998
85.1998
85.1998
85.1998
85.1998
80.9491
80.9491
80.9491
80.9491
80.9491
80.9491
80.9491
80.9491
76.9015
76.9015
76.9015
76.9015
76.9015
76.9015
76.9015
76.9015
72.2286
72.2286
72.2286
72.2286
72.2286
72.2286
72.2286
72.2286
77.5817
77.5817
77.5817
77.5817
77.5817
77.5817
77.5817
77.5817
83.0708
83.0708
83.0708
83.0708
83.0708
83.0708
83.0708
83.0708
88.3741
88.3741
88.3741
88.3741
88.3741
88.3741
88.3741
88.3741
93.1356
93.1356
93.1356
93.1356
93.1356
93.1356
93.1356
93.1356
97.0069
97.0069
97.0069
97.0069
97.0069
97.0069
97.0069
97.0069
99.6973
99.6973
99.6973
99.6973
99.6973
99.6973
99.6973
99.6973
101.02
101.02
101.02
101.02
101.02
101.02
101.02
101.02
100.92
100.92
100.92
100.92
100.92
100.92
100.92
100.92
99.4797
99.4797
99.4797
99.4797
99.4797
99.4797
99.4797
99.4797
96.8985
96.8985
96.8985
96.8985
96.8985
96.8985
96.8985
96.8985
93.4533
93.4533
93.4533
93.4533
93.4533
93.4533
93.4533
93.4533
89.4542
89.4542
89.4542
89.4542
89.4542
89.4542
89.4542
89.4542
85.1998
85.1998
85.1998
85.1998
85.1998
85.1998
85.1998
85.1998
80.9491
80.9491
80.9491
80.9491
80.9491
80.9491
80.9491
80.9491
76.9015
76.9015
76.9015
76.9015
76.9015
76.9015
76.9015
76.9015
72.2286
72.2286
72.2286
72.2286
72.2286
72.2286
72.2286
72.2286
77.5817
77.5817
77.5817
77.5817
77.5817
77.5817
77.5817
77.5817
83.0708
83.0708
83.0708
83.0708
83.0708
83.0708
83.0708
83.0708
88.3741
88.3741
88.3741
88.3741
88.3741
88.3741
88.3741
88.3741
93.1356
93.1356
93.1356
93.1356
93.1356
93.1356
93.1356
93.1356
97.0069
97.0069
97.0069
97.0069
97.0069
97.0069
97.0069
97.0069
99.6973
99.6973
99.6973
99.6973
99.6973
99.6973
99.6973
99.6973
101.02
101.02
101.02
101.02
101.02
101.02
101.02
101.02
100.92
100.92
100.92
100.92
100.92
100.92
100.92
100.92
99.4797
99.4797
99.4797
99.4797
99.4797
99.4797
99.4797
99.4797
96.8985
96.8985
96.8985
96.8985
96.8985
96.8985
96.8985
96.8985
93.4533
93.4533
93.4533
93.4533
93.4533
93.4533
93.4533
93.4533
89.4542
89.4542
89.4542
89.4542
89.4542
89.4542
89.4542
89.4542
85.1998
85.1998
85.1998
85.1998
85.1998
85.1998
85.1998
85.1998
80.9491
80.9491
80.9491
80.9491
80.9491
80.9491
80.9491
80.9491
76.9015
76.9015
76.9015
76.9015
76.9015
76.9015
76.9015
76.9015
72.2286
72.2286
72.2286
72.2286
72.2286
72.2286
72.2286
72.2286
77.5817
77.5817
77.5817
77.5817
77.5817
77.5817
77.5817
77.5817
83.0708
83.0708
83.0708
83.0708
83.0708
83.0708
83.0708
83.0708
88.3741
88.3741
88.3741
88.3741
88.3741
88.3741
88.3741
88.3741
93.1356
93.1356
93.1356
93.1356
93.1356
93.1356
93.1356
93.1356
97.0069
97.0069
97.0069
97.0069
97.0069
97.0069
97.0069
97.0069
99.6973
99.6973
99.6973
99.6973
99.6973
99.6973
99.6973
99.6973
101.02
101.02
101.02
101.02
101.02
101.02
101.02
101.02
100.92
100.92
100.92
100.92
100.92
100.92
100.92
100.92
99.4797
99.4797
99.4797
99.4797
99.4797
99.4797
99.4797
99.4797
96.8985
96.8985
96.8985
96.8985
96.8985
96.8985
96.8985
96.8985
93.4533
93.4533
93.4533
93.4533
93.4533
93.4533
93.4533
93.4533
89.4542
89.4542
89.4542
89.4542
89.4542
89.4542
89.4542
89.4542
85.1998
85.1998
85.1998
85.1998
85.1998
85.1998
85.1998
85.1998
80.9491
80.9491
80.9491
80.9491
80.9491
80.9491
80.9491
80.9491
76.9015
76.9015
76.9015
76.9015
76.9015
76.9015
76.9015
76.9015
74.6842
74.6842
74.6842
74.6842
74.6842
74.6842
74.6842
74.6842
80.0061
80.0061
80.0061
80.0061
80.0061
80.0061
80.0061
80.0061
85.4283
85.4283
85.4283
85.4283
85.4283
85.4283
85.4283
85.4283
90.6102
90.6102
90.6102
90.6102
90.6102
90.6102
90.6102
90.6102
95.1728
95.1728
95.1728
95.1728
95.1728
95.1728
95.1728
95.1728
98.7475
98.7475
98.7475
98.7475
98.7475
98.7475
98.7475
98.7475
101.027
101.027
101.027
101.027
101.027
101.027
101.027
101.027
101.816
101.816
101.816
101.816
101.816
101.816
101.816
101.816
101.067
101.067
101.067
101.067
101.067
101.067
101.067
101.067
98.8801
98.8801
98.8801
98.8801
98.8801
98.8801
98.8801
98.8801
95.4831
95.4831
95.4831
95.4831
95.4831
95.4831
95.4831
95.4831
91.1883
91.1883
91.1883
91.1883
91.1883
91.1883
91.1883
91.1883
86.3398
86.3398
86.3398
86.3398
86.3398
86.3398
86.3398
86.3398
81.2672
81.2672
81.2672
81.2672
81.2672
81.2672
81.2672
81.2672
76.2509
76.2509
76.2509
76.2509
76.2509
76.2509
76.2509
76.2509
71.5042
71.5042
71.5042
71.5042
71.5042
71.5042
71.5042
71.5042
74.6842
74.6842
74.6842
74.6842
74.6842
74.6842
74.6842
74.6842
80.0061
80.0061
80.0061
80.0061
80.0061
80.0061
80.0061
80.0061
85.4283
85.4283
85.4283
85.4283
85.4283
85.4283
85.4283
85.4283
90.6102
90.6102
90.6102
90.6102
90.6102
90.6102
90.6102
90.6102
95.1728
95.1728
95.1728
95.1728
95.1728
95.1728
95.1728
95.1728
98.7475
98.7475
98.7475
98.7475
98.7475
98.7475
98.7475
98.7475
101.027
101.027
101.027
101.027
101.027
101.027
101.027
101.027
101.816
101.816
101.816
101.816
101.816
101.816
101.816
101.816
101.067
101.067
101.067
101.067
101.067
101.067
101.067
101.067
98.8801
98.8801
98.8801
98.8801
98.8801
98.8801
98.8801
98.8801
95.4831
95.4831
95.4831
95.4831
95.4831
95.4831
95.4831
95.4831
91.1883
91.1883
91.1883
91.1883
91.1883
91.1883
91.1883
91.1883
86.3398
86.3398
86.3398
86.3398
86.3398
86.3398
86.3398
86.3398
81.2672
81.2672
81.2672
81.2672
81.2672
81.2672
81.2672
81.2672
76.2509
76.2509
76.2509
76.2509
76.2509
76.2509
76.2509
76.2509
71.5042
71.5042
71.5042
71.5042
71.5042
71.5042
71.5042
71.5042
74.6842
74.6842
74.6842
74.6842
74.6842
74.6842
74.6842
74.6842
80.0061
80.0061
80.0061
80.0061
80.0061
80.0061
80.0061
80.0061
85.4283
85.4283
85.4283
85.4283
85.4283
85.4283
85.4283
85.4283
90.6102
90.6102
90.6102
90.6102
90.6102
90.6102
90.6102
90.6102
95.1728
95.1728
95.1728
95.1728
95.1728
95.1728
95.1728
95.1728
98.7475
98.7475
98.7475
98.7475
98.7475
98.7475
98.7475
98.7475
101.027
101.027
101.027
101.027
101.027
101.027
101.027
101.027
101.816
101.816
101.816
101.816
101.816
101.816
101.816
101.816
101.067
101.067
101.067
101.067
101.067
101.067
101.067
101.067
98.8801
98.8801
98.8801
98.8801
98.8801
98.8801
98.8801
98.8801
95.4831
95.4831
95.4831
95.4831
95.4831
95.4831
95.4831
95.4831
91.1883
91.1883
91.1883
91.1883
91.1883
91.1883
91.1883
91.1883
86.3398
86.3398
86.3398
86.3398
86.3398
86.3398
86.3398
86.3398
81.2672
81.2672
81.2672
81.2672
81.2672
81.2672
81.2672
81.2672
76.2509
76.2509
76.2509
76.2509
76.2509
76.2509
76.2509
76.2509
71.5042
71.5042
71.5042
71.5042
71.5042
71.5042
71.5042
71.5042
74.6842
74.6842
74.6842
74.6842
74.6842
74.6842
74.6842
74.6842
80.0061
80.0061
80.0061
80.0061
80.0061
80.0061
80.0061
80.0061
85.4283
85.4283
85.4283
85.4283
85.4283
85.4283
85.4283
85.4283
90.6102
90.6102
90.6102
90.6102
90.6102
90.6102
90.6102
90.6102
95.1728
95.1728
95.1728
95.1728
95.1728
95.1728
95.1728
95.1728
98.7475
98.7475
98.7475
98.7475
98.7475
98.7475
98.7475
98.7475
101.027
101.027
101.027
101.027
101.027
101.027
101.027
101.027
101.816
101.816
101.816
101.816
101.816
101.816
101.816
101.816
101.067
101.067
101.067
101.067
101.067
101.067
101.067
101.067
98.8801
98.8801
98.8801
98.8801
98.8801
98.8801
98.8801
98.8801
95.4831
95.4831
95.4831
95.4831
95.4831
95.4831
95.4831
95.4831
91.1883
91.1883
91.1883
91.1883
91.1883
91.1883
91.1883
91.1883
86.3398
86.3398
86.3398
86.3398
86.3398
86.3398
86.3398
86.3398
81.2672
81.2672
81.2672
81.2672
81.2672
81.2672
81.2672
81.2672
76.2509
76.2509
76.2509
76.2509
76.2509
76.2509
76.2509
76.2509
71.5042
71.5042
71.5042
71.5042
71.5042
71.5042
71.5042
71.5042
77.4464
77.4464
77.4464
77.4464
77.4464
77.4464
77.4464
77.4464
82.7016
82.7016
82.7016
82.7016
82.7016
82.7016
82.7016
82.7016
88.0089
88.0089
88.0089
88.0089
88.0089
88.0089
88.0089
88.0089
93.0095
93.0095
93.0095
93.0095
93.0095
93.0095
93.0095
93.0095
97.3064
97.3064
97.3064
97.3064
97.3064
97.3064
97.3064
97.3064
100.515
100.515
100.515
100.515
100.515
100.515
100.515
100.515
102.319
102.319
102.319
102.319
102.319
102.319
102.319
102.319
102.528
102.528
102.528
102.528
102.528
102.528
102.528
102.528
101.106
101.106
101.106
101.106
101.106
101.106
101.106
101.106
98.1785
98.1785
98.1785
98.1785
98.1785
98.1785
98.1785
98.1785
94.0079
94.0079
94.0079
94.0079
94.0079
94.0079
94.0079
94.0079
88.9414
88.9414
88.9414
88.9414
88.9414
88.9414
88.9414
88.9414
83.3553
83.3553
83.3553
83.3553
83.3553
83.3553
83.3553
83.3553
77.6041
77.6041
77.6041
77.6041
77.6041
77.6041
77.6041
77.6041
71.984
71.984
71.984
71.984
71.984
71.984
71.984
71.984
66.7152
66.7152
66.7152
66.7152
66.7152
66.7152
66.7152
66.7152
77.4464
77.4464
77.4464
77.4464
77.4464
77.4464
77.4464
77.4464
82.7016
82.7016
82.7016
82.7016
82.7016
82.7016
82.7016
82.7016
88.0089
88.0089
88.0089
88.0089
88.0089
88.0089
88.0089
88.0089
93.0095
93.0095
93.0095
93.0095
93.0095
93.0095
93.0095
93.0095
97.3064
97.3064
97.3064
97.3064
97.3064
97.3064
97.3064
97.3064
100.515
100.515
100.515
100.515
100.515
100.515
100.515
100.515
102.319
102.319
102.319
102.319
102.319
102.319
102.319
102.319
102.528
102.528
102.528
102.528
102.528
102.528
102.528
102.528
101.106
101.106
101.106
101.106
101.106
101.106
101.106
101.106
98.1785
98.1785
98.1785
98.1785
98.1785
98.1785
98.1785
98.1785
94.0079
94.0079
94.0079
94.0079
94.0079
94.0079
94.0079
94.0079
88.9414
88.9414
88.9414
88.9414
88.9414
88.9414
88.9414
88.9414
83.3553
83.3553
83.3553
83.3553
83.3553
83.3553
83.3553
83.3553
77.6041
77.6041
77.6041
77.6041
77.6041
77.6041
77.6041
77.6041
71.984
71.984
71.984
71.984
71.984
71.984
71.984
71.984
66.7152
66.7152
66.7152
66.7152
66.7152
66.7152
66.7152
66.7152
77.4464
77.4464
77.4464
77.4464
77.4464
77.4464
77.4464
77.4464
82.7016
82.7016
82.7016
82.7016
82.7016
82.7016
82.7016
82.7016
88.0089
88.0089
88.0089
88.0089
88.0089
88.0089
88.0089
88.0089
93.0095
93.0095
93.0095
93.0095
93.0095
93.0095
93.0095
93.0095
97.3064
97.3064
97.3064
97.3064
97.3064
97.3064
97.3064
97.3064
100.515
100.515
100.515
100.515
100.515
100.515
100.515
100.515
102.319
102.319
102.319
102.319
102.319
102.319
102.319
102.319
102.528
102.528
102.528
102.528
102.528
102.528
102.528
102.528
101.106
101.106
101.106
101.106
101.106
101.106
101.106
101.106
98.1785
98.1785
98.1785
98.1785
98.1785
98.1785
98.1785
98.1785
94.0079
94.0079
94.0079
94.0079
94.0079
94.0079
94.0079
94.0079
88.9414
88.9414
88.9414
88.9414
88.9414
88.9414
88.9414
88.9414
83.3553
83.3553
83.3553
83.3553
83.3553
83.3553
83.3553
83.3553
77.6041
77.6041
77.6041
77.6041
77.6041
77.6041
77.6041
77.6041
71.984
71.984
71.984
71.984
71.984
71.984
71.984
71.984
66.7152
66.7152
66.7152
66.7152
66.7152
66.7152
66.7152
66.7152
77.4464
77.4464
77.4464
77.4464
77.4464
77.4464
77.4464
77.4464
82.7016
82.7016
82.7016
82.7016
82.7016
82.7016
82.7016
82.7016
88.0089
88.0089
88.0089
88.0089
88.0089
88.0089
88.0089
88.0089
93.0095
93.0095
93.0095
93.0095
93.0095
93.0095
93.0095
93.0095
97.3064
97.3064
97.3064
97.3064
97.3064
97.3064
97.3064
97.3064
100.515
100.515
100.515
100.515
100.515
100.515
100.515
100.515
102.319
102.319
102.319
102.319
102.319
102.319
102.319
102.319
102.528
102.528
102.528
102.528
102.528
102.528
102.528
102.528
101.106
101.106
101.106
101.106
101.106
101.106
101.106
101.106
98.1785
98.1785
98.1785
98.1785
98.1785
98.1785
98.1785
98.1785
94.0079
94.0079
94.0079
94.0079
94.0079
94.0079
94.0079
94.0079
88.9414
88.9414
88.9414
88.9414
88.9414
88.9414
88.9414
88.9414
83.3553
83.3553
83.3553
83.3553
83.3553
83.3553
83.3553
83.3553
77.6041
77.6041
77.6041
77.6041
77.6041
77.6041
77.6041
77.6041
71.984
71.984
71.984
71.984
71.984
71.984
71.984
71.984
66.7152
66.7152
66.7152
66.7152
66.7152
66.7152
66.7152
66.7152
80.6281
80.6281
80.6281
80.6281
80.6281
80.6281
80.6281
80.6281
85.792
85.792
85.792
85.792
85.792
85.792
85.792
85.792
90.9474
90.9474
90.9474
90.9474
90.9474
90.9474
90.9474
90.9474
95.7182
95.7182
95.7182
95.7182
95.7182
95.7182
95.7182
95.7182
99.6925
99.6925
99.6925
99.6925
99.6925
99.6925
99.6925
99.6925
102.476
102.476
102.476
102.476
102.476
102.476
102.476
102.476
103.752
103.752
103.752
103.752
103.752
103.752
103.752
103.752
103.34
103.34
103.34
103.34
103.34
103.34
103.34
103.34
101.227
101.227
101.227
101.227
101.227
101.227
101.227
101.227
97.5712
97.5712
97.5712
97.5712
97.5712
97.5712
97.5712
97.5712
92.6694
92.6694
92.6694
92.6694
92.6694
92.6694
92.6694
92.6694
86.9037
86.9037
86.9037
86.9037
86.9037
86.9037
86.9037
86.9037
80.6798
80.6798
80.6798
80.6798
80.6798
80.6798
80.6798
80.6798
74.3701
74.3701
74.3701
74.3701
74.3701
74.3701
74.3701
74.3701
68.2806
68.2806
68.2806
68.2806
68.2806
68.2806
68.2806
68.2806
62.6308
62.6308
62.6308
62.6308
62.6308
62.6308
62.6308
62.6308
80.6281
80.6281
80.6281
80.6281
80.6281
80.6281
80.6281
80.6281
85.792
85.792
85.792
85.792
85.792
85.792
85.792
85.792
90.9474
90.9474
90.9474
90.9474
90.9474
90.9474
90.9474
90.9474
95.7182
95.7182
95.7182
95.7182
95.7182
95.7182
95.7182
95.7182
99.6925
99.6925
99.6925
99.6925
99.6925
99.6925
99.6925
99.6925
102.476
102.476
102.476
102.476
102.476
102.476
102.476
102.476
103.752
103.752
103.752
103.752
103.752
103.752
103.752
103.752
103.34
103.34
103.34
103.34
103.34
103.34
103.34
103.34
101.227
101.227
101.227
101.227
101.227
101.227
101.227
101.227
97.5712
97.5712
97.5712
97.5712
97.5712
97.5712
97.5712
97.5712
92.6694
92.6694
92.6694
92.6694
92.6694
92.6694
92.6694
92.6694
86.9037
86.9037
86.9037
86.9037
86.9037
86.9037
86.9037
86.9037
80.6798
80.6798
80.6798
80.6798
80.6798
80.6798
80.6798
80.6798
74.3701
74.3701
74.3701
74.3701
74.3701
74.3701
74.3701
74.3701
68.2806
68.2806
68.2806
68.2806
68.2806
68.2806
68.2806
68.2806
62.6308
62.6308
62.6308
62.6308
62.6308
62.6308
62.6308
62.6308
80.6281
80.6281
80.6281
80.6281
80.6281
80.6281
80.6281
80.6281
85.792
85.792
85.792
85.792
85.792
85.792
85.792
85.792
90.9474
90.9474
90.9474
90.9474
90.9474
90.9474
90.9474
90.9474
95.7182
95.7182
95.7182
95.7182
95.7182
95.7182
95.7182
95.7182
99.6925
99.6925
99.6925
99.6925
99.6925
99.6925
99.6925
99.6925
102.476
102.476
102.476
102.476
102.476
102.476
102.476
102.476
103.752
103.752
103.752
103.752
103.752
103.752
103.752
103.752
103.34
103.34
103.34
103.34
103.34
103.34
103.34
103.34
101.227
101.227
101.227
101.227
101.227
101.227
101.227
101.227
97.5712
97.5712
97.5712
97.5712
97.5712
97.5712
97.5712
97.5712
92.6694
92.6694
92.6694
92.6694
92.6694
92.6694
92.6694
92.6694
86.9037
86.9037
86.9037
86.9037
86.9037
86.9037
86.9037
86.9037
80.6798
80.6798
80.6798
80.6798
80.6798
80.6798
80.6798
80.6798
74.3701
74.3701
74.3701
74.3701
74.3701
74.3701
74.3701
74.3701
68.2806
68.2806
68.2806
68.2806
68.2806
68.2806
68.2806
68.2806
62.6308
62.6308
62.6308
62.6308
62.6308
62.6308
62.6308
62.6308
80.6281
80.6281
80.6281
80.6281
80.6281
80.6281
80.6281
80.6281
85.792
85.792
85.792
85.792
85.792
85.792
85.792
85.792
90.9474
90.9474
90.9474
90.9474
90.9474
90.9474
90.9474
90.9474
95.7182
95.7182
95.7182
95.7182
95.7182
95.7182
95.7182
95.7182
99.6925
99.6925
99.6925
99.6925
99.6925
99.6925
99.6925
99.6925
102.476
102.476
102.476
102.476
102.476
102.476
102.476
102.476
103.752
103.752
103.752
103.752
103.752
103.752
103.752
103.752
103.34
103.34
103.34
103.34
103.34
103.34
103.34
103.34
101.227
101.227
101.227
101.227
101.227
101.227
101.227
101.227
97.5712
97.5712
97.5712
97.5712
97.5712
97.5712
97.5712
97.5712
92.6694
92.6694
92.6694
92.6694
92.6694
92.6694
92.6694
92.6694
86.9037
86.9037
86.9037
86.9037
86.9037
86.9037
86.9037
86.9037
80.6798
80.6798
80.6798
80.6798
80.6798
80.6798
80.6798
80.6798
74.3701
74.3701
74.3701
74.3701
74.3701
74.3701
74.3701
74.3701
68.2806
68.2806
68.2806
68.2806
68.2806
68.2806
68.2806
68.2806
62.6308
62.6308
62.6308
62.6308
62.6308
62.6308
62.6308
62.6308
84.3225
84.3225
84.3225
84.3225
84.3225
84.3225
84.3225
84.3225
89.3831
89.3831
89.3831
89.3831
89.3831
89.3831
89.3831
89.3831
94.3623
94.3623
94.3623
94.3623
94.3623
94.3623
94.3623
94.3623
98.8669
98.8669
98.8669
98.8669
98.8669
98.8669
98.8669
98.8669
102.474
102.474
102.474
102.474
102.474
102.474
102.474
102.474
104.783
104.783
104.783
104.783
104.783
104.783
104.783
104.783
105.487
105.487
105.487
105.487
105.487
105.487
105.487
105.487
104.421
104.421
104.421
104.421
104.421
104.421
104.421
104.421
101.603
101.603
101.603
101.603
101.603
101.603
101.603
101.603
97.2282
97.2282
97.2282
97.2282
97.2282
97.2282
97.2282
97.2282
91.6308
91.6308
91.6308
91.6308
91.6308
91.6308
91.6308
91.6308
85.2269
85.2269
85.2269
85.2269
85.2269
85.2269
85.2269
85.2269
78.4459
78.4459
78.4459
78.4459
78.4459
78.4459
78.4459
78.4459
71.6739
71.6739
71.6739
71.6739
71.6739
71.6739
71.6739
71.6739
65.2181
65.2181
65.2181
65.2181
65.2181
65.2181
65.2181
65.2181
59.2928
59.2928
59.2928
59.2928
59.2928
59.2928
59.2928
59.2928
84.3225
84.3225
84.3225
84.3225
84.3225
84.3225
84.3225
84.3225
89.3831
89.3831
89.3831
89.3831
89.3831
89.3831
89.3831
89.3831
94.3623
94.3623
94.3623
94.3623
94.3623
94.3623
94.3623
94.3623
98.8669
98.8669
98.8669
98.8669
98.8669
98.8669
98.8669
98.8669
102.474
102.474
102.474
102.474
102.474
102.474
102.474
102.474
104.783
104.783
104.783
104.783
104.783
104.783
104.783
104.783
105.487
105.487
105.487
105.487
105.487
105.487
105.487
105.487
104.421
104.421
104.421
104.421
104.421
104.421
104.421
104.421
101.603
101.603
101.603
101.603
101.603
101.603
101.603
101.603
97.2282
97.2282
97.2282
97.2282
97.2282
97.2282
97.2282
97.2282
91.6308
91.6308
91.6308
91.6308
91.6308
91.6308
91.6308
91.6308
85.2269
85.2269
85.2269
85.2269
85.2269
85.2269
85.2269
85.2269
78.4459
78.4459
78.4459
78.4459
78.4459
78.4459
78.4459
78.4459
71.6739
71.6739
71.6739
71.6739
71.6739
71.6739
71.6739
71.6739
65.2181
65.2181
65.2181
65.2181
65.2181
65.2181
65.2181
65.2181
59.2928
59.2928
59.2928
59.2928
59.2928
59.2928
59.2928
59.2928
84.3225
84.3225
84.3225
84.3225
84.3225
84.3225
84.3225
84.3225
89.3831
89.3831
89.3831
89.3831
89.3831
89.3831
89.3831
89.3831
94.3623
94.3623
94.3623
94.3623
94.3623
94.3623
94.3623
94.3623
98.8669
98.8669
98.8669
98.8669
98.8669
98.8669
98.8669
98.8669
102.474
102.474
102.474
102.474
102.474
102.474
102.474
102.474
104.783
104.783
104.783
104.783
104.783
104.783
104.783
104.783
105.487
105.487
105.487
105.487
105.487
105.487
105.487
105.487
104.421
104.421
104.421
104.421
104.421
104.421
104.421
104.421
101.603
101.603
101.603
101.603
101.603
101.603
101.603
101.603
97.2282
97.2282
97.2282
97.2282
97.2282
97.2282
97.2282
97.2282
91.6308
91.6308
91.6308
91.6308
91.6308
91.6308
91.6308
91.6308
85.2269
85.2269
85.2269
85.2269
85.2269
85.2269
85.2269
85.2269
78.4459
78.4459
78.4459
78.4459
78.4459
78.4459
78.4459
78.4459
71.6739
71.6739
71.6739
71.6739
71.6739
71.6739
71.6739
71.6739
65.2181
65.2181
65.2181
65.2181
65.2181
65.2181
65.2181
65.2181
59.2928
59.2928
59.2928
59.2928
59.2928
59.2928
59.2928
59.2928
84.3225
84.3225
84.3225
84.3225
84.3225
84.3225
84.3225
84.3225
89.3831
89.3831
89.3831
89.3831
89.3831
89.3831
89.3831
89.3831
94.3623
94.3623
94.3623
94.3623
94.3623
94.3623
94.3623
94.3623
98.8669
98.8669
98.8669
98.8669
98.8669
98.8669
98.8669
98.8669
102.474
102.474
102.474
102.474
102.474
102.474
102.474
102.474
104.783
104.783
104.783
104.783
104.783
104.783
104.783
104.783
105.487
105.487
105.487
105.487
105.487
105.487
105.487
105.487
104.421
104.421
104.421
104.421
104.421
104.421
104.421
104.421
101.603
101.603
101.603
101.603
101.603
101.603
101.603
101.603
97.2282
97.2282
97.2282
97.2282
97.2282
97.2282
97.2282
97.2282
91.6308
91.6308
91.6308
91.6308
91.6308
91.6308
91.6308
91.6308
85.2269
85.2269
85.2269
85.2269
85.2269
85.2269
85.2269
85.2269
78.4459
78.4459
78.4459
78.4459
78.4459
78.4459
78.4459
78.4459
71.6739
71.6739
71.6739
71.6739
71.6739
71.6739
71.6739
71.6739
65.2181
65.2181
65.2181
65.2181
65.2181
65.2181
65.2181
65.2181
59.2928
59.2928
59.2928
59.2928
59.2928
59.2928
59.2928
59.2928
88.5879
88.5879
88.5879
88.5879
88.5879
88.5879
88.5879
88.5879
93.5466
93.5466
93.5466
93.5466
93.5466
93.5466
93.5466
93.5466
98.3378
98.3378
98.3378
98.3378
98.3378
98.3378
98.3378
98.3378
102.553
102.553
102.553
102.553
102.553
102.553
102.553
102.553
105.759
105.759
105.759
105.759
105.759
105.759
105.759
105.759
107.556
107.556
107.556
107.556
107.556
107.556
107.556
107.556
107.649
107.649
107.649
107.649
107.649
107.649
107.649
107.649
105.9
105.9
105.9
105.9
105.9
105.9
105.9
105.9
102.364
102.364
102.364
102.364
102.364
102.364
102.364
102.364
97.2759
97.2759
97.2759
97.2759
97.2759
97.2759
97.2759
97.2759
91.0104
91.0104
91.0104
91.0104
91.0104
91.0104
91.0104
91.0104
84.0142
84.0142
84.0142
84.0142
84.0142
84.0142
84.0142
84.0142
76.7367
76.7367
76.7367
76.7367
76.7367
76.7367
76.7367
76.7367
69.572
69.572
69.572
69.572
69.572
69.572
69.572
69.572
62.8244
62.8244
62.8244
62.8244
62.8244
62.8244
62.8244
62.8244
56.6969
56.6969
56.6969
56.6969
56.6969
56.6969
56.6969
56.6969
88.5879
88.5879
88.5879
88.5879
88.5879
88.5879
88.5879
88.5879
93.5466
93.5466
93.5466
93.5466
93.5466
93.5466
93.5466
93.5466
98.3378
98.3378
98.3378
98.3378
98.3378
98.3378
98.3378
98.3378
102.553
102.553
102.553
102.553
102.553
102.553
102.553
102.553
105.759
105.759
105.759
105.759
105.759
105.759
105.759
105.759
107.556
107.556
107.556
107.556
107.556
107.556
107.556
107.556
107.649
107.649
107.649
107.649
107.649
107.649
107.649
107.649
105.9
105.9
105.9
105.9
105.9
105.9
105.9
105.9
102.364
102.364
102.364
102.364
102.364
102.364
102.364
102.364
97.2759
97.2759
97.2759
97.2759
97.2759
97.2759
97.2759
97.2759
91.0104
91.0104
91.0104
91.0104
91.0104
91.0104
91.0104
91.0104
84.0142
84.0142
84.0142
84.0142
84.0142
84.0142
84.0142
84.0142
76.7367
76.7367
76.7367
76.7367
76.7367
76.7367
76.7367
76.7367
69.572
69.572
69.572
69.572
69.572
69.572
69.572
69.572
62.8244
62.8244
62.8244
62.8244
62.8244
62.8244
62.8244
62.8244
56.6969
56.6969
56.6969
56.6969
56.6969
56.6969
56.6969
56.6969
88.5879
88.5879
88.5879
88.5879
88.5879
88.5879
88.5879
88.5879
93.5466
93.5466
93.5466
93.5466
93.5466
93.5466
93.5466
93.5466
98.3378
98.3378
98.3378
98.3378
98.3378
98.3378
98.3378
98.3378
102.553
102.553
102.553
102.553
102.553
102.553
102.553
102.553
105.759
105.759
105.759
105.759
105.759
105.759
105.759
105.759
107.556
107.556
107.556
107.556
107.556
107.556
107.556
107.556
107.649
107.649
107.649
107.649
107.649
107.649
107.649
107.649
105.9
105.9
105.9
105.9
105.9
105.9
105.9
105.9
102.364
102.364
102.364
102.364
102.364
102.364
102.364
102.364
97.2759
97.2759
97.2759
97.2759
97.2759
97.2759
97.2759
97.2759
91.0104
91.0104
91.0104
91.0104
91.0104
91.0104
91.0104
91.0104
84.0142
84.0142
84.0142
84.0142
84.0142
84.0142
84.0142
84.0142
76.7367
76.7367
76.7367
76.7367
76.7367
76.7367
76.7367
76.7367
69.572
69.572
69.572
69.572
69.572
69.572
69.572
69.572
62.8244
62.8244
62.8244
62.8244
62.8244
62.8244
62.8244
62.8244
56.6969
56.6969
56.6969
56.6969
56.6969
56.6969
56.6969
56.6969
88.5879
88.5879
88.5879
88.5879
88.5879
88.5879
88.5879
88.5879
93.5466
93.5466
93.5466
93.5466
93.5466
93.5466
93.5466
93.5466
98.3378
98.3378
98.3378
98.3378
98.3378
98.3378
98.3378
98.3378
102.553
102.553
102.553
102.553
102.553
102.553
102.553
102.553
105.759
105.759
105.759
105.759
105.759
105.759
105.759
105.759
107.556
107.556
107.556
107.556
107.556
107.556
107.556
107.556
107.649
107.649
107.649
107.649
107.649
107.649
107.649
107.649
105.9
105.9
105.9
105.9
105.9
105.9
105.9
105.9
102.364
102.364
102.364
102.364
102.364
102.364
102.364
102.364
97.2759
97.2759
97.2759
97.2759
97.2759
97.2759
97.2759
97.2759
91.0104
91.0104
91.0104
91.0104
91.0104
91.0104
91.0104
91.0104
84.0142
84.0142
84.0142
84.0142
84.0142
84.0142
84.0142
84.0142
76.7367
76.7367
76.7367
76.7367
76.7367
76.7367
76.7367
76.7367
69.572
69.572
69.572
69.572
69.572
69.572
69.572
69.572
62.8244
62.8244
62.8244
62.8244
62.8244
62.8244
62.8244
62.8244
56.6969
56.6969
56.6969
56.6969
56.6969
56.6969
56.6969
56.6969
93.4256
93.4256
93.4256
93.4256
93.4256
93.4256
93.4256
93.4256
98.298
98.298
98.298
98.298
98.298
98.298
98.298
98.298
102.905
102.905
102.905
102.905
102.905
102.905
102.905
102.905
106.821
106.821
106.821
106.821
106.821
106.821
106.821
106.821
109.604
109.604
109.604
109.604
109.604
109.604
109.604
109.604
110.86
110.86
110.86
110.86
110.86
110.86
110.86
110.86
110.312
110.312
110.312
110.312
110.312
110.312
110.312
110.312
107.857
107.857
107.857
107.857
107.857
107.857
107.857
107.857
103.589
103.589
103.589
103.589
103.589
103.589
103.589
103.589
97.7896
97.7896
97.7896
97.7896
97.7896
97.7896
97.7896
97.7896
90.8732
90.8732
90.8732
90.8732
90.8732
90.8732
90.8732
90.8732
83.3166
83.3166
83.3166
83.3166
83.3166
83.3166
83.3166
83.3166
75.5849
75.5849
75.5849
75.5849
75.5849
75.5849
75.5849
75.5849
68.0757
68.0757
68.0757
68.0757
68.0757
68.0757
68.0757
68.0757
61.086
61.086
61.086
61.086
61.086
61.086
61.086
61.086
54.8038
54.8038
54.8038
54.8038
54.8038
54.8038
54.8038
54.8038
93.4256
93.4256
93.4256
93.4256
93.4256
93.4256
93.4256
93.4256
98.298
98.298
98.298
98.298
98.298
98.298
98.298
98.298
102.905
102.905
102.905
102.905
102.905
102.905
102.905
102.905
106.821
106.821
106.821
106.821
106.821
106.821
106.821
106.821
109.604
109.604
109.604
109.604
109.604
109.604
109.604
109.604
110.86
110.86
110.86
110.86
110.86
110.86
110.86
110.86
110.312
110.312
110.312
110.312
110.312
110.312
110.312
110.312
107.857
107.857
107.857
107.857
107.857
107.857
107.857
107.857
103.589
103.589
103.589
103.589
103.589
103.589
103.589
103.589
97.7896
97.7896
97.7896
97.7896
97.7896
97.7896
97.7896
97.7896
90.8732
90.8732
90.8732
90.8732
90.8732
90.8732
90.8732
90.8732
83.3166
83.3166
83.3166
83.3166
83.3166
83.3166
83.3166
83.3166
75.5849
75.5849
75.5849
75.5849
75.5849
75.5849
75.5849
75.5849
68.0757
68.0757
68.0757
68.0757
68.0757
68.0757
68.0757
68.0757
61.086
61.086
61.086
61.086
61.086
61.086
61.086
61.086
54.8038
54.8038
54.8038
54.8038
54.8038
54.8038
54.8038
54.8038
93.4256
93.4256
93.4256
93.4256
93.4256
93.4256
93.4256
93.4256
98.298
98.298
98.298
98.298
98.298
98.298
98.298
98.298
102.905
102.905
102.905
102.905
102.905
102.905
102.905
102.905
106.821
106.821
106.821
106.821
106.821
106.821
106.821
106.821
109.604
109.604
109.604
109.604
109.604
109.604
109.604
109.604
110.86
110.86
110.86
110.86
110.86
110.86
110.86
110.86
110.312
110.312
110.312
110.312
110.312
110.312
110.312
110.312
107.857
107.857
107.857
107.857
107.857
107.857
107.857
107.857
103.589
103.589
103.589
103.589
103.589
103.589
103.589
103.589
97.7896
97.7896
97.7896
97.7896
97.7896
97.7896
97.7896
97.7896
90.8732
90.8732
90.8732
90.8732
90.8732
90.8732
90.8732
90.8732
83.3166
83.3166
83.3166
83.3166
83.3166
83.3166
83.3166
83.3166
75.5849
75.5849
75.5849
75.5849
75.5849
75.5849
75.5849
75.5849
68.0757
68.0757
68.0757
68.0757
68.0757
68.0757
68.0757
68.0757
61.086
61.086
61.086
61.086
61.086
61.086
61.086
61.086
54.8038
54.8038
54.8038
54.8038
54.8038
54.8038
54.8038
54.8038
93.4256
93.4256
93.4256
93.4256
93.4256
93.4256
93.4256
93.4256
98.298
98.298
98.298
98.298
98.298
98.298
98.298
98.298
102.905
102.905
102.905
102.905
102.905
102.905
102.905
102.905
106.821
106.821
106.821
106.821
106.821
106.821
106.821
106.821
109.604
109.604
109.604
109.604
109.604
109.604
109.604
109.604
110.86
110.86
110.86
110.86
110.86
110.86
110.86
110.86
110.312
110.312
110.312
110.312
110.312
110.312
110.312
110.312
107.857
107.857
107.857
107.857
107.857
107.857
107.857
107.857
103.589
103.589
103.589
103.589
103.589
103.589
103.589
103.589
97.7896
97.7896
97.7896
97.7896
97.7896
97.7896
97.7896
97.7896
90.8732
90.8732
90.8732
90.8732
90.8732
90.8732
90.8732
90.8732
83.3166
83.3166
83.3166
83.3166
83.3166
83.3166
83.3166
83.3166
75.5849
75.5849
75.5849
75.5849
75.5849
75.5849
75.5849
75.5849
68.0757
68.0757
68.0757
68.0757
68.0757
68.0757
68.0757
68.0757
61.086
61.086
61.086
61.086
61.086
61.086
61.086
61.086
54.8038
54.8038
54.8038
54.8038
54.8038
54.8038
54.8038
54.8038
98.7607
98.7607
98.7607
98.7607
98.7607
98.7607
98.7607
98.7607
103.58
103.58
103.58
103.58
103.58
103.58
103.58
103.58
108.021
108.021
108.021
108.021
108.021
108.021
108.021
108.021
111.642
111.642
111.642
111.642
111.642
111.642
111.642
111.642
113.995
113.995
113.995
113.995
113.995
113.995
113.995
113.995
114.693
114.693
114.693
114.693
114.693
114.693
114.693
114.693
113.485
113.485
113.485
113.485
113.485
113.485
113.485
113.485
110.305
110.305
110.305
110.305
110.305
110.305
110.305
110.305
105.295
105.295
105.295
105.295
105.295
105.295
105.295
105.295
98.7845
98.7845
98.7845
98.7845
98.7845
98.7845
98.7845
98.7845
91.2287
91.2287
91.2287
91.2287
91.2287
91.2287
91.2287
91.2287
83.1326
83.1326
83.1326
83.1326
83.1326
83.1326
83.1326
83.1326
74.9754
74.9754
74.9754
74.9754
74.9754
74.9754
74.9754
74.9754
67.1535
67.1535
67.1535
67.1535
67.1535
67.1535
67.1535
67.1535
59.9529
59.9529
59.9529
59.9529
59.9529
59.9529
59.9529
59.9529
53.5459
53.5459
53.5459
53.5459
53.5459
53.5459
53.5459
53.5459
98.7607
98.7607
98.7607
98.7607
98.7607
98.7607
98.7607
98.7607
103.58
103.58
103.58
103.58
103.58
103.58
103.58
103.58
108.021
108.021
108.021
108.021
108.021
108.021
108.021
108.021
111.642
111.642
111.642
111.642
111.642
111.642
111.642
111.642
113.995
113.995
113.995
113.995
113.995
113.995
113.995
113.995
114.693
114.693
114.693
114.693
114.693
114.693
114.693
114.693
113.485
113.485
113.485
113.485
113.485
113.485
113.485
113.485
110.305
110.305
110.305
110.305
110.305
110.305
110.305
110.305
105.295
105.295
105.295
105.295
105.295
105.295
105.295
105.295
98.7845
98.7845
98.7845
98.7845
98.7845
98.7845
98.7845
98.7845
91.2287
91.2287
91.2287
91.2287
91.2287
91.2287
91.2287
91.2287
83.1326
83.1326
83.1326
83.1326
83.1326
83.1326
83.1326
83.1326
74.9754
74.9754
74.9754
74.9754
74.9754
74.9754
74.9754
74.9754
67.1535
67.1535
67.1535
67.1535
67.1535
67.1535
67.1535
67.1535
59.9529
59.9529
59.9529
59.9529
59.9529
59.9529
59.9529
59.9529
53.5459
53.5459
53.5459
53.5459
53.5459
53.5459
53.5459
53.5459
98.7607
98.7607
98.7607
98.7607
98.7607
98.7607
98.7607
98.7607
103.58
103.58
103.58
103.58
103.58
103.58
103.58
103.58
108.021
108.021
108.021
108.021
108.021
108.021
108.021
108.021
111.642
111.642
111.642
111.642
111.642
111.642
111.642
111.642
113.995
113.995
113.995
113.995
113.995
113.995
113.995
113.995
114.693
114.693
114.693
114.693
114.693
114.693
114.693
114.693
113.485
113.485
113.485
113.485
113.485
113.485
113.485
113.485
110.305
110.305
110.305
110.305
110.305
110.305
110.305
110.305
105.295
105.295
105.295
105.295
105.295
105.295
105.295
105.295
98.7845
98.7845
98.7845
98.7845
98.7845
98.7845
98.7845
98.7845
91.2287
91.2287
91.2287
91.2287
91.2287
91.2287
91.2287
91.2287
83.1326
83.1326
83.1326
83.1326
83.1326
83.1326
83.1326
83.1326
74.9754
74.9754
74.9754
74.9754
74.9754
74.9754
74.9754
74.9754
67.1535
67.1535
67.1535
67.1535
67.1535
67.1535
67.1535
67.1535
59.9529
59.9529
59.9529
59.9529
59.9529
59.9529
59.9529
59.9529
53.5459
53.5459
53.5459
53.5459
53.5459
53.5459
53.5459
53.5459
98.7607
98.7607
98.7607
98.7607
98.7607
98.7607
98.7607
98.7607
103.58
103.58
103.58
103.58
103.58
103.58
103.58
103.58
108.021
108.021
108.021
108.021
108.021
108.021
108.021
108.021
111.642
111.642
111.642
111.642
111.642
111.642
111.642
111.642
113.995
113.995
113.995
113.995
113.995
113.995
113.995
113.995
114.693
114.693
114.693
114.693
114.693
114.693
114.693
114.693
113.485
113.485
113.485
113.485
113.485
113.485
113.485
113.485
110.305
110.305
110.305
110.305
110.305
110.305
110.305
110.305
105.295
105.295
105.295
105.295
105.295
105.295
105.295
105.295
98.7845
98.7845
98.7845
98.7845
98.7845
98.7845
98.7845
98.7845
91.2287
91.2287
91.2287
91.2287
91.2287
91.2287
91.2287
91.2287
83.1326
83.1326
83.1326
83.1326
83.1326
83.1326
83.1326
83.1326
74.9754
74.9754
74.9754
74.9754
74.9754
74.9754
74.9754
74.9754
67.1535
67.1535
67.1535
67.1535
67.1535
67.1535
67.1535
67.1535
59.9529
59.9529
59.9529
59.9529
59.9529
59.9529
59.9529
59.9529
53.5459
53.5459
53.5459
53.5459
53.5459
53.5459
53.5459
53.5459
104.423
104.423
104.423
104.423
104.423
104.423
104.423
104.423
109.239
109.239
109.239
109.239
109.239
109.239
109.239
109.239
113.552
113.552
113.552
113.552
113.552
113.552
113.552
113.552
116.901
116.901
116.901
116.901
116.901
116.901
116.901
116.901
118.834
118.834
118.834
118.834
118.834
118.834
118.834
118.834
118.974
118.974
118.974
118.974
118.974
118.974
118.974
118.974
117.099
117.099
117.099
117.099
117.099
117.099
117.099
117.099
113.186
113.186
113.186
113.186
113.186
113.186
113.186
113.186
107.431
107.431
107.431
107.431
107.431
107.431
107.431
107.431
100.212
100.212
100.212
100.212
100.212
100.212
100.212
100.212
92.0281
92.0281
92.0281
92.0281
92.0281
92.0281
92.0281
92.0281
83.4098
83.4098
83.4098
83.4098
83.4098
83.4098
83.4098
83.4098
74.8482
74.8482
74.8482
74.8482
74.8482
74.8482
74.8482
74.8482
66.7361
66.7361
66.7361
66.7361
66.7361
66.7361
66.7361
66.7361
59.3466
59.3466
59.3466
59.3466
59.3466
59.3466
59.3466
59.3466
52.8334
52.8334
52.8334
52.8334
52.8334
52.8334
52.8334
52.8334
104.423
104.423
104.423
104.423
104.423
104.423
104.423
104.423
109.239
109.239
109.239
109.239
109.239
109.239
109.239
109.239
113.552
113.552
113.552
113.552
113.552
113.552
113.552
113.552
116.901
116.901
116.901
116.901
116.901
116.901
116.901
116.901
118.834
118.834
118.834
118.834
118.834
118.834
118.834
118.834
118.974
118.974
118.974
118.974
118.974
118.974
118.974
118.974
117.099
117.099
117.099
117.099
117.099
117.099
117.099
117.099
113.186
113.186
113.186
113.186
113.186
113.186
113.186
113.186
107.431
107.431
107.431
107.431
107.431
107.431
107.431
107.431
100.212
100.212
100.212
100.212
100.212
100.212
100.212
100.212
92.0281
92.0281
92.0281
92.0281
92.0281
92.0281
92.0281
92.0281
83.4098
83.4098
83.4098
83.4098
83.4098
83.4098
83.4098
83.4098
74.8482
74.8482
74.8482
74.8482
74.8482
74.8482
74.8482
74.8482
66.7361
66.7361
66.7361
66.7361
66.7361
66.7361
66.7361
66.7361
59.3466
59.3466
59.3466
59.3466
59.3466
59.3466
59.3466
59.3466
52.8334
52.8334
52.8334
52.8334
52.8334
52.8334
52.8334
52.8334
104.423
104.423
104.423
104.423
104.423
104.423
104.423
104.423
109.239
109.239
109.239
109.239
109.239
109.239
109.239
109.239
113.552
113.552
113.552
113.552
113.552
113.552
113.552
113.552
116.901
116.901
116.901
116.901
116.901
116.901
116.901
116.901
118.834
118.834
118.834
118.834
118.834
118.834
118.834
118.834
118.974
118.974
118.974
118.974
118.974
118.974
118.974
118.974
117.099
117.099
117.099
117.099
117.099
117.099
117.099
117.099
113.186
113.186
113.186
113.186
113.186
113.186
113.186
113.186
107.431
107.431
107.431
107.431
107.431
107.431
107.431
107.431
100.212
100.212
100.212
100.212
100.212
100.212
100.212
100.212
92.0281
92.0281
92.0281
92.0281
92.0281
92.0281
92.0281
92.0281
83.4098
83.4098
83.4098
83.4098
83.4098
83.4098
83.4098
83.4098
74.8482
74.8482
74.8482
74.8482
74.8482
74.8482
74.8482
74.8482
66.7361
66.7361
66.7361
66.7361
66.7361
66.7361
66.7361
66.7361
59.3466
59.3466
59.3466
59.3466
59.3466
59.3466
59.3466
59.3466
52.8334
52.8334
52.8334
52.8334
52.8334
52.8334
52.8334
52.8334
104.423
104.423
104.423
104.423
104.423
104.423
104.423
104.423
109.239
109.239
109.239
109.239
109.239
109.239
109.239
109.239
113.552
113.552
113.552
113.552
113.552
113.552
113.552
113.552
116.901
116.901
116.901
116.901
116.901
116.901
116.901
116.901
118.834
118.834
118.834
118.834
118.834
118.834
118.834
118.834
118.974
118.974
118.974
118.974
118.974
118.974
118.974
118.974
117.099
117.099
117.099
117.099
117.099
117.099
117.099
117.099
113.186
113.186
113.186
113.186
113.186
113.186
113.186
113.186
107.431
107.431
107.431
107.431
107.431
107.431
107.431
107.431
100.212
100.212
100.212
100.212
100.212
100.212
100.212
100.212
92.0281
92.0281
92.0281
92.0281
92.0281
92.0281
92.0281
92.0281
83.4098
83.4098
83.4098
83.4098
83.4098
83.4098
83.4098
83.4098
74.8482
74.8482
74.8482
74.8482
74.8482
74.8482
74.8482
74.8482
66.7361
66.7361
66.7361
66.7361
66.7361
66.7361
66.7361
66.7361
59.3466
59.3466
59.3466
59.3466
59.3466
59.3466
59.3466
59.3466
52.8334
52.8334
52.8334
52.8334
52.8334
52.8334
52.8334
52.8334
110.131
110.131
110.131
110.131
110.131
110.131
110.131
110.131
115.015
115.015
115.015
115.015
115.015
115.015
115.015
115.015
119.257
119.257
119.257
119.257
119.257
119.257
119.257
119.257
122.38
122.38
122.38
122.38
122.38
122.38
122.38
122.38
123.923
123.923
123.923
123.923
123.923
123.923
123.923
123.923
123.526
123.526
123.526
123.526
123.526
123.526
123.526
123.526
120.998
120.998
120.998
120.998
120.998
120.998
120.998
120.998
116.363
116.363
116.363
116.363
116.363
116.363
116.363
116.363
109.874
109.874
109.874
109.874
109.874
109.874
109.874
109.874
101.962
101.962
101.962
101.962
101.962
101.962
101.962
101.962
93.1664
93.1664
93.1664
93.1664
93.1664
93.1664
93.1664
93.1664
84.047
84.047
84.047
84.047
84.047
84.047
84.047
84.047
75.1022
75.1022
75.1022
75.1022
75.1022
75.1022
75.1022
75.1022
66.7203
66.7203
66.7203
66.7203
66.7203
66.7203
66.7203
66.7203
59.1598
59.1598
59.1598
59.1598
59.1598
59.1598
59.1598
59.1598
52.5561
52.5561
52.5561
52.5561
52.5561
52.5561
52.5561
52.5561
110.131
110.131
110.131
110.131
110.131
110.131
110.131
110.131
115.015
115.015
115.015
115.015
115.015
115.015
115.015
115.015
119.257
119.257
119.257
119.257
119.257
119.257
119.257
119.257
122.38
122.38
122.38
122.38
122.38
122.38
122.38
122.38
123.923
123.923
123.923
123.923
123.923
123.923
123.923
123.923
123.526
123.526
123.526
123.526
123.526
123.526
123.526
123.526
120.998
120.998
120.998
120.998
120.998
120.998
120.998
120.998
116.363
116.363
116.363
116.363
116.363
116.363
116.363
116.363
109.874
109.874
109.874
109.874
109.874
109.874
109.874
109.874
101.962
101.962
101.962
101.962
101.962
101.962
101.962
101.962
93.1664
93.1664
93.1664
93.1664
93.1664
93.1664
93.1664
93.1664
84.047
84.047
84.047
84.047
84.047
84.047
84.047
84.047
75.1022
75.1022
75.1022
75.1022
75.1022
75.1022
75.1022
75.1022
66.7203
66.7203
66.7203
66.7203
66.7203
66.7203
66.7203
66.7203
59.1598
59.1598
59.1598
59.1598
59.1598
59.1598
59.1598
59.1598
52.5561
52.5561
52.5561
52.5561
52.5561
52.5561
52.5561
52.5561
110.131
110.131
110.131
110.131
110.131
110.131
110.131
110.131
115.015
115.015
115.015
115.015
115.015
115.015
115.015
115.015
119.257
119.257
119.257
119.257
119.257
119.257
119.257
119.257
122.38
122.38
122.38
122.38
122.38
122.38
122.38
122.38
123.923
123.923
123.923
123.923
123.923
123.923
123.923
123.923
123.526
123.526
123.526
123.526
123.526
123.526
123.526
123.526
120.998
120.998
120.998
120.998
120.998
120.998
120.998
120.998
116.363
116.363
116.363
116.363
116.363
116.363
116.363
116.363
109.874
109.874
109.874
109.874
109.874
109.874
109.874
109.874
101.962
101.962
101.962
101.962
101.962
101.962
101.962
101.962
93.1664
93.1664
93.1664
93.1664
93.1664
93.1664
93.1664
93.1664
84.047
84.047
84.047
84.047
84.047
84.047
84.047
84.047
75.1022
75.1022
75.1022
75.1022
75.1022
75.1022
75.1022
75.1022
66.7203
66.7203
66.7203
66.7203
66.7203
66.7203
66.7203
66.7203
59.1598
59.1598
59.1598
59.1598
59.1598
59.1598
59.1598
59.1598
52.5561
52.5561
52.5561
52.5561
52.5561
52.5561
52.5561
52.5561
110.131
110.131
110.131
110.131
110.131
110.131
110.131
110.131
115.015
115.015
115.015
115.015
115.015
115.015
115.015
115.015
119.257
119.257
119.257
119.257
119.257
119.257
119.257
119.257
122.38
122.38
122.38
122.38
122.38
122.38
122.38
122.38
123.923
123.923
123.923
123.923
123.923
123.923
123.923
123.923
123.526
123.526
123.526
123.526
123.526
123.526
123.526
123.526
120.998
120.998
120.998
120.998
120.998
120.998
120.998
120.998
116.363
116.363
116.363
116.363
116.363
116.363
116.363
116.363
109.874
109.874
109.874
109.874
109.874
109.874
109.874
109.874
101.962
101.962
101.962
101.962
101.962
101.962
101.962
101.962
93.1664
93.1664
93.1664
93.1664
93.1664
93.1664
93.1664
93.1664
84.047
84.047
84.047
84.047
84.047
84.047
84.047
84.047
75.1022
75.1022
75.1022
75.1022
75.1022
75.1022
75.1022
75.1022
66.7203
66.7203
66.7203
66.7203
66.7203
66.7203
66.7203
66.7203
59.1598
59.1598
59.1598
59.1598
59.1598
59.1598
59.1598
59.1598
52.5561
52.5561
52.5561
52.5561
52.5561
52.5561
52.5561
52.5561
115.5
115.5
115.5
115.5
115.5
115.5
115.5
115.5
120.54
120.54
120.54
120.54
120.54
120.54
120.54
120.54
124.791
124.791
124.791
124.791
124.791
124.791
124.791
124.791
127.755
127.755
127.755
127.755
127.755
127.755
127.755
127.755
128.967
128.967
128.967
128.967
128.967
128.967
128.967
128.967
128.081
128.081
128.081
128.081
128.081
128.081
128.081
128.081
124.939
124.939
124.939
124.939
124.939
124.939
124.939
124.939
119.62
119.62
119.62
119.62
119.62
119.62
119.62
119.62
112.431
112.431
112.431
112.431
112.431
112.431
112.431
112.431
103.859
103.859
103.859
103.859
103.859
103.859
103.859
103.859
94.4861
94.4861
94.4861
94.4861
94.4861
94.4861
94.4861
94.4861
84.8974
84.8974
84.8974
84.8974
84.8974
84.8974
84.8974
84.8974
75.5986
75.5986
75.5986
75.5986
75.5986
75.5986
75.5986
75.5986
66.9727
66.9727
66.9727
66.9727
66.9727
66.9727
66.9727
66.9727
59.263
59.263
59.263
59.263
59.263
59.263
59.263
59.263
52.5862
52.5862
52.5862
52.5862
52.5862
52.5862
52.5862
52.5862
115.5
115.5
115.5
115.5
115.5
115.5
115.5
115.5
120.54
120.54
120.54
120.54
120.54
120.54
120.54
120.54
124.791
124.791
124.791
124.791
124.791
124.791
124.791
124.791
127.755
127.755
127.755
127.755
127.755
127.755
127.755
127.755
128.967
128.967
128.967
128.967
128.967
128.967
128.967
128.967
128.081
128.081
128.081
128.081
128.081
128.081
128.081
128.081
124.939
124.939
124.939
124.939
124.939
124.939
124.939
124.939
119.62
119.62
119.62
119.62
119.62
119.62
119.62
119.62
112.431
112.431
112.431
112.431
112.431
112.431
112.431
112.431
103.859
103.859
103.859
103.859
103.859
103.859
103.859
103.859
94.4861
94.4861
94.4861
94.4861
94.4861
94.4861
94.4861
94.4861
84.8974
84.8974
84.8974
84.8974
84.8974
84.8974
84.8974
84.8974
75.5986
75.5986
75.5986
75.5986
75.5986
75.5986
75.5986
75.5986
66.9727
66.9727
66.9727
66.9727
66.9727
66.9727
66.9727
66.9727
59.263
59.263
59.263
59.263
59.263
59.263
59.263
59.263
52.5862
52.5862
52.5862
52.5862
52.5862
52.5862
52.5862
52.5862
115.5
115.5
115.5
115.5
115.5
115.5
115.5
115.5
120.54
120.54
120.54
120.54
120.54
120.54
120.54
120.54
124.791
124.791
124.791
124.791
124.791
124.791
124.791
124.791
127.755
127.755
127.755
127.755
127.755
127.755
127.755
127.755
128.967
128.967
128.967
128.967
128.967
128.967
128.967
128.967
128.081
128.081
128.081
128.081
128.081
128.081
128.081
128.081
124.939
124.939
124.939
124.939
124.939
124.939
124.939
124.939
119.62
119.62
119.62
119.62
119.62
119.62
119.62
119.62
112.431
112.431
112.431
112.431
112.431
112.431
112.431
112.431
103.859
103.859
103.859
103.859
103.859
103.859
103.859
103.859
94.4861
94.4861
94.4861
94.4861
94.4861
94.4861
94.4861
94.4861
84.8974
84.8974
84.8974
84.8974
84.8974
84.8974
84.8974
84.8974
75.5986
75.5986
75.5986
75.5986
75.5986
75.5986
75.5986
75.5986
66.9727
66.9727
66.9727
66.9727
66.9727
66.9727
66.9727
66.9727
59.263
59.263
59.263
59.263
59.263
59.263
59.263
59.263
52.5862
52.5862
52.5862
52.5862
52.5862
52.5862
52.5862
52.5862
115.5
115.5
115.5
115.5
115.5
115.5
115.5
115.5
120.54
120.54
120.54
120.54
120.54
120.54
120.54
120.54
124.791
124.791
124.791
124.791
124.791
124.791
124.791
124.791
127.755
127.755
127.755
127.755
127.755
127.755
127.755
127.755
128.967
128.967
128.967
128.967
128.967
128.967
128.967
128.967
128.081
128.081
128.081
128.081
128.081
128.081
128.081
128.081
124.939
124.939
124.939
124.939
124.939
124.939
124.939
124.939
119.62
119.62
119.62
119.62
119.62
119.62
119.62
119.62
112.431
112.431
112.431
112.431
112.431
112.431
112.431
112.431
103.859
103.859
103.859
103.859
103.859
103.859
103.859
103.859
94.4861
94.4861
94.4861
94.4861
94.4861
94.4861
94.4861
94.4861
84.8974
84.8974
84.8974
84.8974
84.8974
84.8974
84.8974
84.8974
75.5986
75.5986
75.5986
75.5986
75.5986
75.5986
75.5986
75.5986
66.9727
66.9727
66.9727
66.9727
66.9727
66.9727
66.9727
66.9727
59.263
59.263
59.263
59.263
59.263
59.263
59.263
59.263
52.5862
52.5862
52.5862
52.5862
52.5862
52.5862
52.5862
52.5862
120.058
120.058
120.058
120.058
120.058
120.058
120.058
120.058
125.354
125.354
125.354
125.354
125.354
125.354
125.354
125.354
129.711
129.711
129.711
129.711
129.711
129.711
129.711
129.711
132.61
132.61
132.61
132.61
132.61
132.61
132.61
132.61
133.578
133.578
133.578
133.578
133.578
133.578
133.578
133.578
132.283
132.283
132.283
132.283
132.283
132.283
132.283
132.283
128.604
128.604
128.604
128.604
128.604
128.604
128.604
128.604
122.671
122.671
122.671
122.671
122.671
122.671
122.671
122.671
114.848
114.848
114.848
114.848
114.848
114.848
114.848
114.848
105.678
105.678
105.678
105.678
105.678
105.678
105.678
105.678
95.7849
95.7849
95.7849
95.7849
95.7849
95.7849
95.7849
95.7849
85.7773
85.7773
85.7773
85.7773
85.7773
85.7773
85.7773
85.7773
76.169
76.169
76.169
76.169
76.169
76.169
76.169
76.169
67.336
67.336
67.336
67.336
67.336
67.336
67.336
67.336
59.5068
59.5068
59.5068
59.5068
59.5068
59.5068
59.5068
59.5068
52.7805
52.7805
52.7805
52.7805
52.7805
52.7805
52.7805
52.7805
120.058
120.058
120.058
120.058
120.058
120.058
120.058
120.058
125.354
125.354
125.354
125.354
125.354
125.354
125.354
125.354
129.711
129.711
129.711
129.711
129.711
129.711
129.711
129.711
132.61
132.61
132.61
132.61
132.61
132.61
132.61
132.61
133.578
133.578
133.578
133.578
133.578
133.578
133.578
133.578
132.283
132.283
132.283
132.283
132.283
132.283
132.283
132.283
128.604
128.604
128.604
128.604
128.604
128.604
128.604
128.604
122.671
122.671
122.671
122.671
122.671
122.671
122.671
122.671
114.848
114.848
114.848
114.848
114.848
114.848
114.848
114.848
105.678
105.678
105.678
105.678
105.678
105.678
105.678
105.678
95.7849
95.7849
95.7849
95.7849
95.7849
95.7849
95.7849
95.7849
85.7773
85.7773
85.7773
85.7773
85.7773
85.7773
85.7773
85.7773
76.169
76.169
76.169
76.169
76.169
76.169
76.169
76.169
67.336
67.336
67.336
67.336
67.336
67.336
67.336
67.336
59.5068
59.5068
59.5068
59.5068
59.5068
59.5068
59.5068
59.5068
52.7805
52.7805
52.7805
52.7805
52.7805
52.7805
52.7805
52.7805
120.058
120.058
120.058
120.058
120.058
120.058
120.058
120.058
125.354
125.354
125.354
125.354
125.354
125.354
125.354
125.354
129.711
129.711
129.711
129.711
129.711
129.711
129.711
129.711
132.61
132.61
132.61
132.61
132.61
132.61
132.61
132.61
133.578
133.578
133.578
133.578
133.578
133.578
133.578
133.578
132.283
132.283
132.283
132.283
132.283
132.283
132.283
132.283
128.604
128.604
128.604
128.604
128.604
128.604
128.604
128.604
122.671
122.671
122.671
122.671
122.671
122.671
122.671
122.671
114.848
114.848
114.848
114.848
114.848
114.848
114.848
114.848
105.678
105.678
105.678
105.678
105.678
105.678
105.678
105.678
95.7849
95.7849
95.7849
95.7849
95.7849
95.7849
95.7849
95.7849
85.7773
85.7773
85.7773
85.7773
85.7773
85.7773
85.7773
85.7773
76.169
76.169
76.169
76.169
76.169
76.169
76.169
76.169
67.336
67.336
67.336
67.336
67.336
67.336
67.336
67.336
59.5068
59.5068
59.5068
59.5068
59.5068
59.5068
59.5068
59.5068
52.7805
52.7805
52.7805
52.7805
52.7805
52.7805
52.7805
52.7805
120.058
120.058
120.058
120.058
120.058
120.058
120.058
120.058
125.354
125.354
125.354
125.354
125.354
125.354
125.354
125.354
129.711
129.711
129.711
129.711
129.711
129.711
129.711
129.711
132.61
132.61
132.61
132.61
132.61
132.61
132.61
132.61
133.578
133.578
133.578
133.578
133.578
133.578
133.578
133.578
132.283
132.283
132.283
132.283
132.283
132.283
132.283
132.283
128.604
128.604
128.604
128.604
128.604
128.604
128.604
128.604
122.671
122.671
122.671
122.671
122.671
122.671
122.671
122.671
114.848
114.848
114.848
114.848
114.848
114.848
114.848
114.848
105.678
105.678
105.678
105.678
105.678
105.678
105.678
105.678
95.7849
95.7849
95.7849
95.7849
95.7849
95.7849
95.7849
95.7849
85.7773
85.7773
85.7773
85.7773
85.7773
85.7773
85.7773
85.7773
76.169
76.169
76.169
76.169
76.169
76.169
76.169
76.169
67.336
67.336
67.336
67.336
67.336
67.336
67.336
67.336
59.5068
59.5068
59.5068
59.5068
59.5068
59.5068
59.5068
59.5068
52.7805
52.7805
52.7805
52.7805
52.7805
52.7805
52.7805
52.7805
123.302
123.302
123.302
123.302
123.302
123.302
123.302
123.302
128.956
128.956
128.956
128.956
128.956
128.956
128.956
128.956
133.528
133.528
133.528
133.528
133.528
133.528
133.528
133.528
136.473
136.473
136.473
136.473
136.473
136.473
136.473
136.473
137.312
137.312
137.312
137.312
137.312
137.312
137.312
137.312
135.724
135.724
135.724
135.724
135.724
135.724
135.724
135.724
131.622
131.622
131.622
131.622
131.622
131.622
131.622
131.622
125.183
125.183
125.183
125.183
125.183
125.183
125.183
125.183
116.831
116.831
116.831
116.831
116.831
116.831
116.831
116.831
107.16
107.16
107.16
107.16
107.16
107.16
107.16
107.16
96.8331
96.8331
96.8331
96.8331
96.8331
96.8331
96.8331
96.8331
86.4824
86.4824
86.4824
86.4824
86.4824
86.4824
86.4824
86.4824
76.6279
76.6279
76.6279
76.6279
76.6279
76.6279
76.6279
76.6279
67.6395
67.6395
67.6395
67.6395
67.6395
67.6395
67.6395
67.6395
59.7324
59.7324
59.7324
59.7324
59.7324
59.7324
59.7324
59.7324
52.9891
52.9891
52.9891
52.9891
52.9891
52.9891
52.9891
52.9891
123.302
123.302
123.302
123.302
123.302
123.302
123.302
123.302
128.956
128.956
128.956
128.956
128.956
128.956
128.956
128.956
133.528
133.528
133.528
133.528
133.528
133.528
133.528
133.528
136.473
136.473
136.473
136.473
136.473
136.473
136.473
136.473
137.312
137.312
137.312
137.312
137.312
137.312
137.312
137.312
135.724
135.724
135.724
135.724
135.724
135.724
135.724
135.724
131.622
131.622
131.622
131.622
131.622
131.622
131.622
131.622
125.183
125.183
125.183
125.183
125.183
125.183
125.183
125.183
116.831
116.831
116.831
116.831
116.831
116.831
116.831
116.831
107.16
107.16
107.16
107.16
107.16
107.16
107.16
107.16
96.8331
96.8331
96.8331
96.8331
96.8331
96.8331
96.8331
96.8331
86.4824
86.4824
86.4824
86.4824
86.4824
86.4824
86.4824
86.4824
76.6279
76.6279
76.6279
76.6279
76.6279
76.6279
76.6279
76.6279
67.6395
67.6395
67.6395
67.6395
67.6395
67.6395
67.6395
67.6395
59.7324
59.7324
59.7324
59.7324
59.7324
59.7324
59.7324
59.7324
52.9891
52.9891
52.9891
52.9891
52.9891
52.9891
52.9891
52.9891
123.302
123.302
123.302
123.302
123.302
123.302
123.302
123.302
128.956
128.956
128.956
128.956
128.956
128.956
128.956
128.956
133.528
133.528
133.528
133.528
133.528
133.528
133.528
133.528
136.473
136.473
136.473
136.473
136.473
136.473
136.473
136.473
137.312
137.312
137.312
137.312
137.312
137.312
137.312
137.312
135.724
135.724
135.724
135.724
135.724
135.724
135.724
135.724
131.622
131.622
131.622
131.622
131.622
131.622
131.622
131.622
125.183
125.183
125.183
125.183
125.183
125.183
125.183
125.183
116.831
116.831
116.831
116.831
116.831
116.831
116.831
116.831
107.16
107.16
107.16
107.16
107.16
107.16
107.16
107.16
96.8331
96.8331
96.8331
96.8331
96.8331
96.8331
96.8331
96.8331
86.4824
86.4824
86.4824
86.4824
86.4824
86.4824
86.4824
86.4824
76.6279
76.6279
76.6279
76.6279
76.6279
76.6279
76.6279
76.6279
67.6395
67.6395
67.6395
67.6395
67.6395
67.6395
67.6395
67.6395
59.7324
59.7324
59.7324
59.7324
59.7324
59.7324
59.7324
59.7324
52.9891
52.9891
52.9891
52.9891
52.9891
52.9891
52.9891
52.9891
123.302
123.302
123.302
123.302
123.302
123.302
123.302
123.302
128.956
128.956
128.956
128.956
128.956
128.956
128.956
128.956
133.528
133.528
133.528
133.528
133.528
133.528
133.528
133.528
136.473
136.473
136.473
136.473
136.473
136.473
136.473
136.473
137.312
137.312
137.312
137.312
137.312
137.312
137.312
137.312
135.724
135.724
135.724
135.724
135.724
135.724
135.724
135.724
131.622
131.622
131.622
131.622
131.622
131.622
131.622
131.622
125.183
125.183
125.183
125.183
125.183
125.183
125.183
125.183
116.831
116.831
116.831
116.831
116.831
116.831
116.831
116.831
107.16
107.16
107.16
107.16
107.16
107.16
107.16
107.16
96.8331
96.8331
96.8331
96.8331
96.8331
96.8331
96.8331
96.8331
86.4824
86.4824
86.4824
86.4824
86.4824
86.4824
86.4824
86.4824
76.6279
76.6279
76.6279
76.6279
76.6279
76.6279
76.6279
76.6279
67.6395
67.6395
67.6395
67.6395
67.6395
67.6395
67.6395
67.6395
59.7324
59.7324
59.7324
59.7324
59.7324
59.7324
59.7324
59.7324
52.9891
52.9891
52.9891
52.9891
52.9891
52.9891
52.9891
52.9891
124.777
124.777
124.777
124.777
124.777
124.777
124.777
124.777
130.873
130.873
130.873
130.873
130.873
130.873
130.873
130.873
135.764
135.764
135.764
135.764
135.764
135.764
135.764
135.764
138.877
138.877
138.877
138.877
138.877
138.877
138.877
138.877
139.722
139.722
139.722
139.722
139.722
139.722
139.722
139.722
137.986
137.986
137.986
137.986
137.986
137.986
137.986
137.986
133.609
133.609
133.609
133.609
133.609
133.609
133.609
133.609
126.815
126.815
126.815
126.815
126.815
126.815
126.815
126.815
118.078
118.078
118.078
118.078
118.078
118.078
118.078
118.078
108.038
108.038
108.038
108.038
108.038
108.038
108.038
108.038
97.3968
97.3968
97.3968
97.3968
97.3968
97.3968
97.3968
97.3968
86.8058
86.8058
86.8058
86.8058
86.8058
86.8058
86.8058
86.8058
76.7908
76.7908
76.7908
76.7908
76.7908
76.7908
76.7908
76.7908
67.7158
67.7158
67.7158
67.7158
67.7158
67.7158
67.7158
67.7158
59.7843
59.7843
59.7843
59.7843
59.7843
59.7843
59.7843
59.7843
53.0652
53.0652
53.0652
53.0652
53.0652
53.0652
53.0652
53.0652
124.777
124.777
124.777
124.777
124.777
124.777
124.777
124.777
130.873
130.873
130.873
130.873
130.873
130.873
130.873
130.873
135.764
135.764
135.764
135.764
135.764
135.764
135.764
135.764
138.877
138.877
138.877
138.877
138.877
138.877
138.877
138.877
139.722
139.722
139.722
139.722
139.722
139.722
139.722
139.722
137.986
137.986
137.986
137.986
137.986
137.986
137.986
137.986
133.609
133.609
133.609
133.609
133.609
133.609
133.609
133.609
126.815
126.815
126.815
126.815
126.815
126.815
126.815
126.815
118.078
118.078
118.078
118.078
118.078
118.078
118.078
118.078
108.038
108.038
108.038
108.038
108.038
108.038
108.038
108.038
97.3968
97.3968
97.3968
97.3968
97.3968
97.3968
97.3968
97.3968
86.8058
86.8058
86.8058
86.8058
86.8058
86.8058
86.8058
86.8058
76.7908
76.7908
76.7908
76.7908
76.7908
76.7908
76.7908
76.7908
67.7158
67.7158
67.7158
67.7158
67.7158
67.7158
67.7158
67.7158
59.7843
59.7843
59.7843
59.7843
59.7843
59.7843
59.7843
59.7843
53.0652
53.0652
53.0652
53.0652
53.0652
53.0652
53.0652
53.0652
124.777
124.777
124.777
124.777
124.777
124.777
124.777
124.777
130.873
130.873
130.873
130.873
130.873
130.873
130.873
130.873
135.764
135.764
135.764
135.764
135.764
135.764
135.764
135.764
138.877
138.877
138.877
138.877
138.877
138.877
138.877
138.877
139.722
139.722
139.722
139.722
139.722
139.722
139.722
139.722
137.986
137.986
137.986
137.986
137.986
137.986
137.986
137.986
133.609
133.609
133.609
133.609
133.609
133.609
133.609
133.609
126.815
126.815
126.815
126.815
126.815
126.815
126.815
126.815
118.078
118.078
118.078
118.078
118.078
118.078
118.078
118.078
108.038
108.038
108.038
108.038
108.038
108.038
108.038
108.038
97.3968
97.3968
97.3968
97.3968
97.3968
97.3968
97.3968
97.3968
86.8058
86.8058
86.8058
86.8058
86.8058
86.8058
86.8058
86.8058
76.7908
76.7908
76.7908
76.7908
76.7908
76.7908
76.7908
76.7908
67.7158
67.7158
67.7158
67.7158
67.7158
67.7158
67.7158
67.7158
59.7843
59.7843
59.7843
59.7843
59.7843
59.7843
59.7843
59.7843
53.0652
53.0652
53.0652
53.0652
53.0652
53.0652
53.0652
53.0652
124.777
124.777
124.777
124.777
124.777
124.777
124.777
124.777
130.873
130.873
130.873
130.873
130.873
130.873
130.873
130.873
135.764
135.764
135.764
135.764
135.764
135.764
135.764
135.764
138.877
138.877
138.877
138.877
138.877
138.877
138.877
138.877
139.722
139.722
139.722
139.722
139.722
139.722
139.722
139.722
137.986
137.986
137.986
137.986
137.986
137.986
137.986
137.986
133.609
133.609
133.609
133.609
133.609
133.609
133.609
133.609
126.815
126.815
126.815
126.815
126.815
126.815
126.815
126.815
118.078
118.078
118.078
118.078
118.078
118.078
118.078
118.078
108.038
108.038
108.038
108.038
108.038
108.038
108.038
108.038
97.3968
97.3968
97.3968
97.3968
97.3968
97.3968
97.3968
97.3968
86.8058
86.8058
86.8058
86.8058
86.8058
86.8058
86.8058
86.8058
76.7908
76.7908
76.7908
76.7908
76.7908
76.7908
76.7908
76.7908
67.7158
67.7158
67.7158
67.7158
67.7158
67.7158
67.7158
67.7158
59.7843
59.7843
59.7843
59.7843
59.7843
59.7843
59.7843
59.7843
53.0652
53.0652
53.0652
53.0652
53.0652
53.0652
53.0652
53.0652
124.156
124.156
124.156
124.156
124.156
124.156
124.156
124.156
130.746
130.746
130.746
130.746
130.746
130.746
130.746
130.746
136.037
136.037
136.037
136.037
136.037
136.037
136.037
136.037
139.431
139.431
139.431
139.431
139.431
139.431
139.431
139.431
140.424
140.424
140.424
140.424
140.424
140.424
140.424
140.424
138.702
138.702
138.702
138.702
138.702
138.702
138.702
138.702
134.229
134.229
134.229
134.229
134.229
134.229
134.229
134.229
127.262
127.262
127.262
127.262
127.262
127.262
127.262
127.262
118.318
118.318
118.318
118.318
118.318
118.318
118.318
118.318
108.077
108.077
108.077
108.077
108.077
108.077
108.077
108.077
97.2708
97.2708
97.2708
97.2708
97.2708
97.2708
97.2708
97.2708
86.5669
86.5669
86.5669
86.5669
86.5669
86.5669
86.5669
86.5669
76.4962
76.4962
76.4962
76.4962
76.4962
76.4962
76.4962
76.4962
67.4185
67.4185
67.4185
67.4185
67.4185
67.4185
67.4185
67.4185
59.5275
59.5275
59.5275
59.5275
59.5275
59.5275
59.5275
59.5275
52.8816
52.8816
52.8816
52.8816
52.8816
52.8816
52.8816
52.8816
124.156
124.156
124.156
124.156
124.156
124.156
124.156
124.156
130.746
130.746
130.746
130.746
130.746
130.746
130.746
130.746
136.037
136.037
136.037
136.037
136.037
136.037
136.037
136.037
139.431
139.431
139.431
139.431
139.431
139.431
139.431
139.431
140.424
140.424
140.424
140.424
140.424
140.424
140.424
140.424
138.702
138.702
138.702
138.702
138.702
138.702
138.702
138.702
134.229
134.229
134.229
134.229
134.229
134.229
134.229
134.229
127.262
127.262
127.262
127.262
127.262
127.262
127.262
127.262
118.318
118.318
118.318
118.318
118.318
118.318
118.318
118.318
108.077
108.077
108.077
108.077
108.077
108.077
108.077
108.077
97.2708
97.2708
97.2708
97.2708
97.2708
97.2708
97.2708
97.2708
86.5669
86.5669
86.5669
86.5669
86.5669
86.5669
86.5669
86.5669
76.4962
76.4962
76.4962
76.4962
76.4962
76.4962
76.4962
76.4962
67.4185
67.4185
67.4185
67.4185
67.4185
67.4185
67.4185
67.4185
59.5275
59.5275
59.5275
59.5275
59.5275
59.5275
59.5275
59.5275
52.8816
52.8816
52.8816
52.8816
52.8816
52.8816
52.8816
52.8816
124.156
124.156
124.156
124.156
124.156
124.156
124.156
124.156
130.746
130.746
130.746
130.746
130.746
130.746
130.746
130.746
136.037
136.037
136.037
136.037
136.037
136.037
136.037
136.037
139.431
139.431
139.431
139.431
139.431
139.431
139.431
139.431
140.424
140.424
140.424
140.424
140.424
140.424
140.424
140.424
138.702
138.702
138.702
138.702
138.702
138.702
138.702
138.702
134.229
134.229
134.229
134.229
134.229
134.229
134.229
134.229
127.262
127.262
127.262
127.262
127.262
127.262
127.262
127.262
118.318
118.318
118.318
118.318
118.318
118.318
118.318
118.318
108.077
108.077
108.077
108.077
108.077
108.077
108.077
108.077
97.2708
97.2708
97.2708
97.2708
97.2708
97.2708
97.2708
97.2708
86.5669
86.5669
86.5669
86.5669
86.5669
86.5669
86.5669
86.5669
76.4962
76.4962
76.4962
76.4962
76.4962
76.4962
76.4962
76.4962
67.4185
67.4185
67.4185
67.4185
67.4185
67.4185
67.4185
67.4185
59.5275
59.5275
59.5275
59.5275
59.5275
59.5275
59.5275
59.5275
52.8816
52.8816
52.8816
52.8816
52.8816
52.8816
52.8816
52.8816
124.156
124.156
124.156
124.156
124.156
124.156
124.156
124.156
130.746
130.746
130.746
130.746
130.746
130.746
130.746
130.746
136.037
136.037
136.037
136.037
136.037
136.037
136.037
136.037
139.431
139.431
139.431
139.431
139.431
139.431
139.431
139.431
140.424
140.424
140.424
140.424
140.424
140.424
140.424
140.424
138.702
138.702
138.702
138.702
138.702
138.702
138.702
138.702
134.229
134.229
134.229
134.229
134.229
134.229
134.229
134.229
127.262
127.262
127.262
127.262
127.262
127.262
127.262
127.262
118.318
118.318
118.318
118.318
118.318
118.318
118.318
118.318
108.077
108.077
108.077
108.077
108.077
108.077
108.077
108.077
97.2708
97.2708
97.2708
97.2708
97.2708
97.2708
97.2708
97.2708
86.5669
86.5669
86.5669
86.5669
86.5669
86.5669
86.5669
86.5669
76.4962
76.4962
76.4962
76.4962
76.4962
76.4962
76.4962
76.4962
67.4185
67.4185
67.4185
67.4185
67.4185
67.4185
67.4185
67.4185
59.5275
59.5275
59.5275
59.5275
59.5275
59.5275
59.5275
59.5275
52.8816
52.8816
52.8816
52.8816
52.8816
52.8816
52.8816
52.8816
121.321
121.321
121.321
121.321
121.321
121.321
121.321
121.321
128.402
128.402
128.402
128.402
128.402
128.402
128.402
128.402
134.136
134.136
134.136
134.136
134.136
134.136
134.136
134.136
137.9
137.9
137.9
137.9
137.9
137.9
137.9
137.9
139.167
139.167
139.167
139.167
139.167
139.167
139.167
139.167
137.625
137.625
137.625
137.625
137.625
137.625
137.625
137.625
133.246
133.246
133.246
133.246
133.246
133.246
133.246
133.246
126.309
126.309
126.309
126.309
126.309
126.309
126.309
126.309
117.359
117.359
117.359
117.359
117.359
117.359
117.359
117.359
107.109
107.109
107.109
107.109
107.109
107.109
107.109
107.109
96.3078
96.3078
96.3078
96.3078
96.3078
96.3078
96.3078
96.3078
85.6372
85.6372
85.6372
85.6372
85.6372
85.6372
85.6372
85.6372
75.6308
75.6308
75.6308
75.6308
75.6308
75.6308
75.6308
75.6308
66.6446
66.6446
66.6446
66.6446
66.6446
66.6446
66.6446
66.6446
58.8657
58.8657
58.8657
58.8657
58.8657
58.8657
58.8657
58.8657
52.3454
52.3454
52.3454
52.3454
52.3454
52.3454
52.3454
52.3454
121.321
121.321
121.321
121.321
121.321
121.321
121.321
121.321
128.402
128.402
128.402
128.402
128.402
128.402
128.402
128.402
134.136
134.136
134.136
134.136
134.136
134.136
134.136
134.136
137.9
137.9
137.9
137.9
137.9
137.9
137.9
137.9
139.167
139.167
139.167
139.167
139.167
139.167
139.167
139.167
137.625
137.625
137.625
137.625
137.625
137.625
137.625
137.625
133.246
133.246
133.246
133.246
133.246
133.246
133.246
133.246
126.309
126.309
126.309
126.309
126.309
126.309
126.309
126.309
117.359
117.359
117.359
117.359
117.359
117.359
117.359
117.359
107.109
107.109
107.109
107.109
107.109
107.109
107.109
107.109
96.3078
96.3078
96.3078
96.3078
96.3078
96.3078
96.3078
96.3078
85.6372
85.6372
85.6372
85.6372
85.6372
85.6372
85.6372
85.6372
75.6308
75.6308
75.6308
75.6308
75.6308
75.6308
75.6308
75.6308
66.6446
66.6446
66.6446
66.6446
66.6446
66.6446
66.6446
66.6446
58.8657
58.8657
58.8657
58.8657
58.8657
58.8657
58.8657
58.8657
52.3454
52.3454
52.3454
52.3454
52.3454
52.3454
52.3454
52.3454
121.321
121.321
121.321
121.321
121.321
121.321
121.321
121.321
128.402
128.402
128.402
128.402
128.402
128.402
128.402
128.402
134.136
134.136
134.136
134.136
134.136
134.136
134.136
134.136
137.9
137.9
137.9
137.9
137.9
137.9
137.9
137.9
139.167
139.167
139.167
139.167
139.167
139.167
139.167
139.167
137.625
137.625
137.625
137.625
137.625
137.625
137.625
137.625
133.246
133.246
133.246
133.246
133.246
133.246
133.246
133.246
126.309
126.309
126.309
126.309
126.309
126.309
126.309
126.309
117.359
117.359
117.359
117.359
117.359
117.359
117.359
117.359
107.109
107.109
107.109
107.109
107.109
107.109
107.109
107.109
96.3078
96.3078
96.3078
96.3078
96.3078
96.3078
96.3078
96.3078
85.6372
85.6372
85.6372
85.6372
85.6372
85.6372
85.6372
85.6372
75.6308
75.6308
75.6308
75.6308
75.6308
75.6308
75.6308
75.6308
66.6446
66.6446
66.6446
66.6446
66.6446
66.6446
66.6446
66.6446
58.8657
58.8657
58.8657
58.8657
58.8657
58.8657
58.8657
58.8657
52.3454
52.3454
52.3454
52.3454
52.3454
52.3454
52.3454
52.3454
121.321
121.321
121.321
121.321
121.321
121.321
121.321
121.321
128.402
128.402
128.402
128.402
128.402
128.402
128.402
128.402
134.136
134.136
134.136
134.136
134.136
134.136
134.136
134.136
137.9
137.9
137.9
137.9
137.9
137.9
137.9
137.9
139.167
139.167
139.167
139.167
139.167
139.167
139.167
139.167
137.625
137.625
137.625
137.625
137.625
137.625
137.625
137.625
133.246
133.246
133.246
133.246
133.246
133.246
133.246
133.246
126.309
126.309
126.309
126.309
126.309
126.309
126.309
126.309
117.359
117.359
117.359
117.359
117.359
117.359
117.359
117.359
107.109
107.109
107.109
107.109
107.109
107.109
107.109
107.109
96.3078
96.3078
96.3078
96.3078
96.3078
96.3078
96.3078
96.3078
85.6372
85.6372
85.6372
85.6372
85.6372
85.6372
85.6372
85.6372
75.6308
75.6308
75.6308
75.6308
75.6308
75.6308
75.6308
75.6308
66.6446
66.6446
66.6446
66.6446
66.6446
66.6446
66.6446
66.6446
58.8657
58.8657
58.8657
58.8657
58.8657
58.8657
58.8657
58.8657
52.3454
52.3454
52.3454
52.3454
52.3454
52.3454
52.3454
52.3454
