8192
83.8629
83.8629
83.8629
83.8629
83.8629
83.8629
83.8629
83.8629
82.6646
82.6646
82.6646
82.6646
82.6646
82.6646
82.6646
82.6646
79.9635
79.9635
79.9635
79.9635
79.9635
79.9635
79.9635
79.9635
75.9603
75.9603
75.9603
75.9603
75.9603
75.9603
75.9603
75.9603
70.9874
70.9874
70.9874
70.9874
70.9874
70.9874
70.9874
70.9874
65.4476
65.4476
65.4476
65.4476
65.4476
65.4476
65.4476
65.4476
59.7486
59.7486
59.7486
59.7486
59.7486
59.7486
59.7486
59.7486
54.2488
54.2488
54.2488
54.2488
54.2488
54.2488
54.2488
54.2488
49.2246
49.2246
49.2246
49.2246
49.2246
49.2246
49.2246
49.2246
44.863
44.863
44.863
44.863
44.863
44.863
44.863
44.863
41.2703
41.2703
41.2703
41.2703
41.2703
41.2703
41.2703
41.2703
38.4933
38.4933
38.4933
38.4933
38.4933
38.4933
38.4933
38.4933
36.5414
36.5414
36.5414
36.5414
36.5414
36.5414
36.5414
36.5414
35.4073
35.4073
35.4073
35.4073
35.4073
35.4073
35.4073
35.4073
35.0822
35.0822
35.0822
35.0822
35.0822
35.0822
35.0822
35.0822
35.5638
35.5638
35.5638
35.5638
35.5638
35.5638
35.5638
35.5638
83.8629
83.8629
83.8629
83.8629
83.8629
83.8629
83.8629
83.8629
82.6646
82.6646
82.6646
82.6646
82.6646
82.6646
82.6646
82.6646
79.9635
79.9635
79.9635
79.9635
79.9635
79.9635
79.9635
79.9635
75.9603
75.9603
75.9603
75.9603
75.9603
75.9603
75.9603
75.9603
70.9874
70.9874
70.9874
70.9874
70.9874
70.9874
70.9874
70.9874
65.4476
65.4476
65.4476
65.4476
65.4476
65.4476
65.4476
65.4476
59.7486
59.7486
59.7486
59.7486
59.7486
59.7486
59.7486
59.7486
54.2488
54.2488
54.2488
54.2488
54.2488
54.2488
54.2488
54.2488
49.2246
49.2246
49.2246
49.2246
49.2246
49.2246
49.2246
49.2246
44.863
44.863
44.863
44.863
44.863
44.863
44.863
44.863
41.2703
41.2703
41.2703
41.2703
41.2703
41.2703
41.2703
41.2703
38.4933
38.4933
38.4933
38.4933
38.4933
38.4933
38.4933
38.4933
36.5414
36.5414
36.5414
36.5414
36.5414
36.5414
36.5414
36.5414
35.4073
35.4073
35.4073
35.4073
35.4073
35.4073
35.4073
35.4073
35.0822
35.0822
35.0822
35.0822
35.0822
35.0822
35.0822
35.0822
35.5638
35.5638
35.5638
35.5638
35.5638
35.5638
35.5638
35.5638
83.8629
83.8629
83.8629
83.8629
83.8629
83.8629
83.8629
83.8629
82.6646
82.6646
82.6646
82.6646
82.6646
82.6646
82.6646
82.6646
79.9635
79.9635
79.9635
79.9635
79.9635
79.9635
79.9635
79.9635
75.9603
75.9603
75.9603
75.9603
75.9603
75.9603
75.9603
75.9603
70.9874
70.9874
70.9874
70.9874
70.9874
70.9874
70.9874
70.9874
65.4476
65.4476
65.4476
65.4476
65.4476
65.4476
65.4476
65.4476
59.7486
59.7486
59.7486
59.7486
59.7486
59.7486
59.7486
59.7486
54.2488
54.2488
54.2488
54.2488
54.2488
54.2488
54.2488
54.2488
49.2246
49.2246
49.2246
49.2246
49.2246
49.2246
49.2246
49.2246
44.863
44.863
44.863
44.863
44.863
44.863
44.863
44.863
41.2703
41.2703
41.2703
41.2703
41.2703
41.2703
41.2703
41.2703
38.4933
38.4933
38.4933
38.4933
38.4933
38.4933
38.4933
38.4933
36.5414
36.5414
36.5414
36.5414
36.5414
36.5414
36.5414
36.5414
35.4073
35.4073
35.4073
35.4073
35.4073
35.4073
35.4073
35.4073
35.0822
35.0822
35.0822
35.0822
35.0822
35.0822
35.0822
35.0822
35.5638
35.5638
35.5638
35.5638
35.5638
35.5638
35.5638
35.5638
83.8629
83.8629
83.8629
83.8629
83.8629
83.8629
83.8629
83.8629
82.6646
82.6646
82.6646
82.6646
82.6646
82.6646
82.6646
82.6646
79.9635
79.9635
79.9635
79.9635
79.9635
79.9635
79.9635
79.9635
75.9603
75.9603
75.9603
75.9603
75.9603
75.9603
75.9603
75.9603
70.9874
70.9874
70.9874
70.9874
70.9874
70.9874
70.9874
70.9874
65.4476
65.4476
65.4476
65.4476
65.4476
65.4476
65.4476
65.4476
59.7486
59.7486
59.7486
59.7486
59.7486
59.7486
59.7486
59.7486
54.2488
54.2488
54.2488
54.2488
54.2488
54.2488
54.2488
54.2488
49.2246
49.2246
49.2246
49.2246
49.2246
49.2246
49.2246
49.2246
44.863
44.863
44.863
44.863
44.863
44.863
44.863
44.863
41.2703
41.2703
41.2703
41.2703
41.2703
41.2703
41.2703
41.2703
38.4933
38.4933
38.4933
38.4933
38.4933
38.4933
38.4933
38.4933
36.5414
36.5414
36.5414
36.5414
36.5414
36.5414
36.5414
36.5414
35.4073
35.4073
35.4073
35.4073
35.4073
35.4073
35.4073
35.4073
35.0822
35.0822
35.0822
35.0822
35.0822
35.0822
35.0822
35.0822
35.5638
35.5638
35.5638
35.5638
35.5638
35.5638
35.5638
35.5638
78.7027
78.7027
78.7027
78.7027
78.7027
78.7027
78.7027
78.7027
77.5467
77.5467
77.5467
77.5467
77.5467
77.5467
77.5467
77.5467
74.9822
74.9822
74.9822
74.9822
74.9822
74.9822
74.9822
74.9822
71.2026
71.2026
71.2026
71.2026
71.2026
71.2026
71.2026
71.2026
66.5218
66.5218
66.5218
66.5218
66.5218
66.5218
66.5218
66.5218
61.3173
61.3173
61.3173
61.3173
61.3173
61.3173
61.3173
61.3173
55.9702
55.9702
55.9702
55.9702
55.9702
55.9702
55.9702
55.9702
50.8152
50.8152
50.8152
50.8152
50.8152
50.8152
50.8152
50.8152
46.1094
46.1094
46.1094
46.1094
46.1094
46.1094
46.1094
46.1094
42.0262
42.0262
42.0262
42.0262
42.0262
42.0262
42.0262
42.0262
38.6645
38.6645
38.6645
38.6645
38.6645
38.6645
38.6645
38.6645
36.0672
36.0672
36.0672
36.0672
36.0672
36.0672
36.0672
36.0672
34.243
34.243
34.243
34.243
34.243
34.243
34.243
34.243
33.1852
33.1852
33.1852
33.1852
33.1852
33.1852
33.1852
33.1852
32.8856
32.8856
32.8856
32.8856
32.8856
32.8856
32.8856
32.8856
33.3426
33.3426
33.3426
33.3426
33.3426
33.3426
33.3426
33.3426
78.7027
78.7027
78.7027
78.7027
78.7027
78.7027
78.7027
78.7027
77.5467
77.5467
77.5467
77.5467
77.5467
77.5467
77.5467
77.5467
74.9822
74.9822
74.9822
74.9822
74.9822
74.9822
74.9822
74.9822
71.2026
71.2026
71.2026
71.2026
71.2026
71.2026
71.2026
71.2026
66.5218
66.5218
66.5218
66.5218
66.5218
66.5218
66.5218
66.5218
61.3173
61.3173
61.3173
61.3173
61.3173
61.3173
61.3173
61.3173
55.9702
55.9702
55.9702
55.9702
55.9702
55.9702
55.9702
55.9702
50.8152
50.8152
50.8152
50.8152
50.8152
50.8152
50.8152
50.8152
46.1094
46.1094
46.1094
46.1094
46.1094
46.1094
46.1094
46.1094
42.0262
42.0262
42.0262
42.0262
42.0262
42.0262
42.0262
42.0262
38.6645
38.6645
38.6645
38.6645
38.6645
38.6645
38.6645
38.6645
36.0672
36.0672
36.0672
36.0672
36.0672
36.0672
36.0672
36.0672
34.243
34.243
34.243
34.243
34.243
34.243
34.243
34.243
33.1852
33.1852
33.1852
33.1852
33.1852
33.1852
33.1852
33.1852
32.8856
32.8856
32.8856
32.8856
32.8856
32.8856
32.8856
32.8856
33.3426
33.3426
33.3426
33.3426
33.3426
33.3426
33.3426
33.3426
78.7027
78.7027
78.7027
78.7027
78.7027
78.7027
78.7027
78.7027
77.5467
77.5467
77.5467
77.5467
77.5467
77.5467
77.5467
77.5467
74.9822
74.9822
74.9822
74.9822
74.9822
74.9822
74.9822
74.9822
71.2026
71.2026
71.2026
71.2026
71.2026
71.2026
71.2026
71.2026
66.5218
66.5218
66.5218
66.5218
66.5218
66.5218
66.5218
66.5218
61.3173
61.3173
61.3173
61.3173
61.3173
61.3173
61.3173
61.3173
55.9702
55.9702
55.9702
55.9702
55.9702
55.9702
55.9702
55.9702
50.8152
50.8152
50.8152
50.8152
50.8152
50.8152
50.8152
50.8152
46.1094
46.1094
46.1094
46.1094
46.1094
46.1094
46.1094
46.1094
42.0262
42.0262
42.0262
42.0262
42.0262
42.0262
42.0262
42.0262
38.6645
38.6645
38.6645
38.6645
38.6645
38.6645
38.6645
38.6645
36.0672
36.0672
36.0672
36.0672
36.0672
36.0672
36.0672
36.0672
34.243
34.243
34.243
34.243
34.243
34.243
34.243
34.243
33.1852
33.1852
33.1852
33.1852
33.1852
33.1852
33.1852
33.1852
32.8856
32.8856
32.8856
32.8856
32.8856
32.8856
32.8856
32.8856
33.3426
33.3426
33.3426
33.3426
33.3426
33.3426
33.3426
33.3426
78.7027
78.7027
78.7027
78.7027
78.7027
78.7027
78.7027
78.7027
77.5467
77.5467
77.5467
77.5467
77.5467
77.5467
77.5467
77.5467
74.9822
74.9822
74.9822
74.9822
74.9822
74.9822
74.9822
74.9822
71.2026
71.2026
71.2026
71.2026
71.2026
71.2026
71.2026
71.2026
66.5218
66.5218
66.5218
66.5218
66.5218
66.5218
66.5218
66.5218
61.3173
61.3173
61.3173
61.3173
61.3173
61.3173
61.3173
61.3173
55.9702
55.9702
55.9702
55.9702
55.9702
55.9702
55.9702
55.9702
50.8152
50.8152
50.8152
50.8152
50.8152
50.8152
50.8152
50.8152
46.1094
46.1094
46.1094
46.1094
46.1094
46.1094
46.1094
46.1094
42.0262
42.0262
42.0262
42.0262
42.0262
42.0262
42.0262
42.0262
38.6645
38.6645
38.6645
38.6645
38.6645
38.6645
38.6645
38.6645
36.0672
36.0672
36.0672
36.0672
36.0672
36.0672
36.0672
36.0672
34.243
34.243
34.243
34.243
34.243
34.243
34.243
34.243
33.1852
33.1852
33.1852
33.1852
33.1852
33.1852
33.1852
33.1852
32.8856
32.8856
32.8856
32.8856
32.8856
32.8856
32.8856
32.8856
33.3426
33.3426
33.3426
33.3426
33.3426
33.3426
33.3426
33.3426
73.0432
73.0432
73.0432
73.0432
73.0432
73.0432
73.0432
73.0432
72.0295
72.0295
72.0295
72.0295
72.0295
72.0295
72.0295
72.0295
69.7172
69.7172
69.7172
69.7172
69.7172
69.7172
69.7172
69.7172
66.2808
66.2808
66.2808
66.2808
66.2808
66.2808
66.2808
66.2808
62.0048
62.0048
62.0048
62.0048
62.0048
62.0048
62.0048
62.0048
57.2336
57.2336
57.2336
57.2336
57.2336
57.2336
57.2336
57.2336
52.3173
52.3173
52.3173
52.3173
52.3173
52.3173
52.3173
52.3173
47.5646
47.5646
47.5646
47.5646
47.5646
47.5646
47.5646
47.5646
43.2154
43.2154
43.2154
43.2154
43.2154
43.2154
43.2154
43.2154
39.4329
39.4329
39.4329
39.4329
39.4329
39.4329
39.4329
39.4329
36.3115
36.3115
36.3115
36.3115
36.3115
36.3115
36.3115
36.3115
33.8942
33.8942
33.8942
33.8942
33.8942
33.8942
33.8942
33.8942
32.1913
32.1913
32.1913
32.1913
32.1913
32.1913
32.1913
32.1913
31.1983
31.1983
31.1983
31.1983
31.1983
31.1983
31.1983
31.1983
30.9082
30.9082
30.9082
30.9082
30.9082
30.9082
30.9082
30.9082
31.3198
31.3198
31.3198
31.3198
31.3198
31.3198
31.3198
31.3198
73.0432
73.0432
73.0432
73.0432
73.0432
73.0432
73.0432
73.0432
72.0295
72.0295
72.0295
72.0295
72.0295
72.0295
72.0295
72.0295
69.7172
69.7172
69.7172
69.7172
69.7172
69.7172
69.7172
69.7172
66.2808
66.2808
66.2808
66.2808
66.2808
66.2808
66.2808
66.2808
62.0048
62.0048
62.0048
62.0048
62.0048
62.0048
62.0048
62.0048
57.2336
57.2336
57.2336
57.2336
57.2336
57.2336
57.2336
57.2336
52.3173
52.3173
52.3173
52.3173
52.3173
52.3173
52.3173
52.3173
47.5646
47.5646
47.5646
47.5646
47.5646
47.5646
47.5646
47.5646
43.2154
43.2154
43.2154
43.2154
43.2154
43.2154
43.2154
43.2154
39.4329
39.4329
39.4329
39.4329
39.4329
39.4329
39.4329
39.4329
36.3115
36.3115
36.3115
36.3115
36.3115
36.3115
36.3115
36.3115
33.8942
33.8942
33.8942
33.8942
33.8942
33.8942
33.8942
33.8942
32.1913
32.1913
32.1913
32.1913
32.1913
32.1913
32.1913
32.1913
31.1983
31.1983
31.1983
31.1983
31.1983
31.1983
31.1983
31.1983
30.9082
30.9082
30.9082
30.9082
30.9082
30.9082
30.9082
30.9082
31.3198
31.3198
31.3198
31.3198
31.3198
31.3198
31.3198
31.3198
73.0432
73.0432
73.0432
73.0432
73.0432
73.0432
73.0432
73.0432
72.0295
72.0295
72.0295
72.0295
72.0295
72.0295
72.0295
72.0295
69.7172
69.7172
69.7172
69.7172
69.7172
69.7172
69.7172
69.7172
66.2808
66.2808
66.2808
66.2808
66.2808
66.2808
66.2808
66.2808
62.0048
62.0048
62.0048
62.0048
62.0048
62.0048
62.0048
62.0048
57.2336
57.2336
57.2336
57.2336
57.2336
57.2336
57.2336
57.2336
52.3173
52.3173
52.3173
52.3173
52.3173
52.3173
52.3173
52.3173
47.5646
47.5646
47.5646
47.5646
47.5646
47.5646
47.5646
47.5646
43.2154
43.2154
43.2154
43.2154
43.2154
43.2154
43.2154
43.2154
39.4329
39.4329
39.4329
39.4329
39.4329
39.4329
39.4329
39.4329
36.3115
36.3115
36.3115
36.3115
36.3115
36.3115
36.3115
36.3115
33.8942
33.8942
33.8942
33.8942
33.8942
33.8942
33.8942
33.8942
32.1913
32.1913
32.1913
32.1913
32.1913
32.1913
32.1913
32.1913
31.1983
31.1983
31.1983
31.1983
31.1983
31.1983
31.1983
31.1983
30.9082
30.9082
30.9082
30.9082
30.9082
30.9082
30.9082
30.9082
31.3198
31.3198
31.3198
31.3198
31.3198
31.3198
31.3198
31.3198
73.0432
73.0432
73.0432
73.0432
73.0432
73.0432
73.0432
73.0432
72.0295
72.0295
72.0295
72.0295
72.0295
72.0295
72.0295
72.0295
69.7172
69.7172
69.7172
69.7172
69.7172
69.7172
69.7172
69.7172
66.2808
66.2808
66.2808
66.2808
66.2808
66.2808
66.2808
66.2808
62.0048
62.0048
62.0048
62.0048
62.0048
62.0048
62.0048
62.0048
57.2336
57.2336
57.2336
57.2336
57.2336
57.2336
57.2336
57.2336
52.3173
52.3173
52.3173
52.3173
52.3173
52.3173
52.3173
52.3173
47.5646
47.5646
47.5646
47.5646
47.5646
47.5646
47.5646
47.5646
43.2154
43.2154
43.2154
43.2154
43.2154
43.2154
43.2154
43.2154
39.4329
39.4329
39.4329
39.4329
39.4329
39.4329
39.4329
39.4329
36.3115
36.3115
36.3115
36.3115
36.3115
36.3115
36.3115
36.3115
33.8942
33.8942
33.8942
33.8942
33.8942
33.8942
33.8942
33.8942
32.1913
32.1913
32.1913
32.1913
32.1913
32.1913
32.1913
32.1913
31.1983
31.1983
31.1983
31.1983
31.1983
31.1983
31.1983
31.1983
30.9082
30.9082
30.9082
30.9082
30.9082
30.9082
30.9082
30.9082
31.3198
31.3198
31.3198
31.3198
31.3198
31.3198
31.3198
31.3198
67.1954
67.1954
67.1954
67.1954
67.1954
67.1954
67.1954
67.1954
66.3958
66.3958
66.3958
66.3958
66.3958
66.3958
66.3958
66.3958
64.4187
64.4187
64.4187
64.4187
64.4187
64.4187
64.4187
64.4187
61.4099
61.4099
61.4099
61.4099
61.4099
61.4099
61.4099
61.4099
57.6171
57.6171
57.6171
57.6171
57.6171
57.6171
57.6171
57.6171
53.3466
53.3466
53.3466
53.3466
53.3466
53.3466
53.3466
53.3466
48.9137
48.9137
48.9137
48.9137
48.9137
48.9137
48.9137
48.9137
44.601
44.601
44.601
44.601
44.601
44.601
44.601
44.601
40.6319
40.6319
40.6319
40.6319
40.6319
40.6319
40.6319
40.6319
37.1621
37.1621
37.1621
37.1621
37.1621
37.1621
37.1621
37.1621
34.2849
34.2849
34.2849
34.2849
34.2849
34.2849
34.2849
34.2849
32.0456
32.0456
32.0456
32.0456
32.0456
32.0456
32.0456
32.0456
30.4587
30.4587
30.4587
30.4587
30.4587
30.4587
30.4587
30.4587
29.5232
29.5232
29.5232
29.5232
29.5232
29.5232
29.5232
29.5232
29.2343
29.2343
29.2343
29.2343
29.2343
29.2343
29.2343
29.2343
29.5911
29.5911
29.5911
29.5911
29.5911
29.5911
29.5911
29.5911
67.1954
67.1954
67.1954
67.1954
67.1954
67.1954
67.1954
67.1954
66.3958
66.3958
66.3958
66.3958
66.3958
66.3958
66.3958
66.3958
64.4187
64.4187
64.4187
64.4187
64.4187
64.4187
64.4187
64.4187
61.4099
61.4099
61.4099
61.4099
61.4099
61.4099
61.4099
61.4099
57.6171
57.6171
57.6171
57.6171
57.6171
57.6171
57.6171
57.6171
53.3466
53.3466
53.3466
53.3466
53.3466
53.3466
53.3466
53.3466
48.9137
48.9137
48.9137
48.9137
48.9137
48.9137
48.9137
48.9137
44.601
44.601
44.601
44.601
44.601
44.601
44.601
44.601
40.6319
40.6319
40.6319
40.6319
40.6319
40.6319
40.6319
40.6319
37.1621
37.1621
37.1621
37.1621
37.1621
37.1621
37.1621
37.1621
34.2849
34.2849
34.2849
34.2849
34.2849
34.2849
34.2849
34.2849
32.0456
32.0456
32.0456
32.0456
32.0456
32.0456
32.0456
32.0456
30.4587
30.4587
30.4587
30.4587
30.4587
30.4587
30.4587
30.4587
29.5232
29.5232
29.5232
29.5232
29.5232
29.5232
29.5232
29.5232
29.2343
29.2343
29.2343
29.2343
29.2343
29.2343
29.2343
29.2343
29.5911
29.5911
29.5911
29.5911
29.5911
29.5911
29.5911
29.5911
67.1954
67.1954
67.1954
67.1954
67.1954
67.1954
67.1954
67.1954
66.3958
66.3958
66.3958
66.3958
66.3958
66.3958
66.3958
66.3958
64.4187
64.4187
64.4187
64.4187
64.4187
64.4187
64.4187
64.4187
61.4099
61.4099
61.4099
61.4099
61.4099
61.4099
61.4099
61.4099
57.6171
57.6171
57.6171
57.6171
57.6171
57.6171
57.6171
57.6171
53.3466
53.3466
53.3466
53.3466
53.3466
53.3466
53.3466
53.3466
48.9137
48.9137
48.9137
48.9137
48.9137
48.9137
48.9137
48.9137
44.601
44.601
44.601
44.601
44.601
44.601
44.601
44.601
40.6319
40.6319
40.6319
40.6319
40.6319
40.6319
40.6319
40.6319
37.1621
37.1621
37.1621
37.1621
37.1621
37.1621
37.1621
37.1621
34.2849
34.2849
34.2849
34.2849
34.2849
34.2849
34.2849
34.2849
32.0456
32.0456
32.0456
32.0456
32.0456
32.0456
32.0456
32.0456
30.4587
30.4587
30.4587
30.4587
30.4587
30.4587
30.4587
30.4587
29.5232
29.5232
29.5232
29.5232
29.5232
29.5232
29.5232
29.5232
29.2343
29.2343
29.2343
29.2343
29.2343
29.2343
29.2343
29.2343
29.5911
29.5911
29.5911
29.5911
29.5911
29.5911
29.5911
29.5911
67.1954
67.1954
67.1954
67.1954
67.1954
67.1954
67.1954
67.1954
66.3958
66.3958
66.3958
66.3958
66.3958
66.3958
66.3958
66.3958
64.4187
64.4187
64.4187
64.4187
64.4187
64.4187
64.4187
64.4187
61.4099
61.4099
61.4099
61.4099
61.4099
61.4099
61.4099
61.4099
57.6171
57.6171
57.6171
57.6171
57.6171
57.6171
57.6171
57.6171
53.3466
53.3466
53.3466
53.3466
53.3466
53.3466
53.3466
53.3466
48.9137
48.9137
48.9137
48.9137
48.9137
48.9137
48.9137
48.9137
44.601
44.601
44.601
44.601
44.601
44.601
44.601
44.601
40.6319
40.6319
40.6319
40.6319
40.6319
40.6319
40.6319
40.6319
37.1621
37.1621
37.1621
37.1621
37.1621
37.1621
37.1621
37.1621
34.2849
34.2849
34.2849
34.2849
34.2849
34.2849
34.2849
34.2849
32.0456
32.0456
32.0456
32.0456
32.0456
32.0456
32.0456
32.0456
30.4587
30.4587
30.4587
30.4587
30.4587
30.4587
30.4587
30.4587
29.5232
29.5232
29.5232
29.5232
29.5232
29.5232
29.5232
29.5232
29.2343
29.2343
29.2343
29.2343
29.2343
29.2343
29.2343
29.2343
29.5911
29.5911
29.5911
29.5911
29.5911
29.5911
29.5911
29.5911
61.4384
61.4384
61.4384
61.4384
61.4384
61.4384
61.4384
61.4384
60.8966
60.8966
60.8966
60.8966
60.8966
60.8966
60.8966
60.8966
59.3035
59.3035
59.3035
59.3035
59.3035
59.3035
59.3035
59.3035
56.7718
56.7718
56.7718
56.7718
56.7718
56.7718
56.7718
56.7718
53.5084
53.5084
53.5084
53.5084
53.5084
53.5084
53.5084
53.5084
49.7767
49.7767
49.7767
49.7767
49.7767
49.7767
49.7767
49.7767
45.8557
45.8557
45.8557
45.8557
45.8557
45.8557
45.8557
45.8557
42.0019
42.0019
42.0019
42.0019
42.0019
42.0019
42.0019
42.0019
38.4234
38.4234
38.4234
38.4234
38.4234
38.4234
38.4234
38.4234
35.2699
35.2699
35.2699
35.2699
35.2699
35.2699
35.2699
35.2699
32.6357
32.6357
32.6357
32.6357
32.6357
32.6357
32.6357
32.6357
30.5708
30.5708
30.5708
30.5708
30.5708
30.5708
30.5708
30.5708
29.0954
29.0954
29.0954
29.0954
29.0954
29.0954
29.0954
29.0954
28.2133
28.2133
28.2133
28.2133
28.2133
28.2133
28.2133
28.2133
27.9229
27.9229
27.9229
27.9229
27.9229
27.9229
27.9229
27.9229
28.2236
28.2236
28.2236
28.2236
28.2236
28.2236
28.2236
28.2236
61.4384
61.4384
61.4384
61.4384
61.4384
61.4384
61.4384
61.4384
60.8966
60.8966
60.8966
60.8966
60.8966
60.8966
60.8966
60.8966
59.3035
59.3035
59.3035
59.3035
59.3035
59.3035
59.3035
59.3035
56.7718
56.7718
56.7718
56.7718
56.7718
56.7718
56.7718
56.7718
53.5084
53.5084
53.5084
53.5084
53.5084
53.5084
53.5084
53.5084
49.7767
49.7767
49.7767
49.7767
49.7767
49.7767
49.7767
49.7767
45.8557
45.8557
45.8557
45.8557
45.8557
45.8557
45.8557
45.8557
42.0019
42.0019
42.0019
42.0019
42.0019
42.0019
42.0019
42.0019
38.4234
38.4234
38.4234
38.4234
38.4234
38.4234
38.4234
38.4234
35.2699
35.2699
35.2699
35.2699
35.2699
35.2699
35.2699
35.2699
32.6357
32.6357
32.6357
32.6357
32.6357
32.6357
32.6357
32.6357
30.5708
30.5708
30.5708
30.5708
30.5708
30.5708
30.5708
30.5708
29.0954
29.0954
29.0954
29.0954
29.0954
29.0954
29.0954
29.0954
28.2133
28.2133
28.2133
28.2133
28.2133
28.2133
28.2133
28.2133
27.9229
27.9229
27.9229
27.9229
27.9229
27.9229
27.9229
27.9229
28.2236
28.2236
28.2236
28.2236
28.2236
28.2236
28.2236
28.2236
61.4384
61.4384
61.4384
61.4384
61.4384
61.4384
61.4384
61.4384
60.8966
60.8966
60.8966
60.8966
60.8966
60.8966
60.8966
60.8966
59.3035
59.3035
59.3035
59.3035
59.3035
59.3035
59.3035
59.3035
56.7718
56.7718
56.7718
56.7718
56.7718
56.7718
56.7718
56.7718
53.5084
53.5084
53.5084
53.5084
53.5084
53.5084
53.5084
53.5084
49.7767
49.7767
49.7767
49.7767
49.7767
49.7767
49.7767
49.7767
45.8557
45.8557
45.8557
45.8557
45.8557
45.8557
45.8557
45.8557
42.0019
42.0019
42.0019
42.0019
42.0019
42.0019
42.0019
42.0019
38.4234
38.4234
38.4234
38.4234
38.4234
38.4234
38.4234
38.4234
35.2699
35.2699
35.2699
35.2699
35.2699
35.2699
35.2699
35.2699
32.6357
32.6357
32.6357
32.6357
32.6357
32.6357
32.6357
32.6357
30.5708
30.5708
30.5708
30.5708
30.5708
30.5708
30.5708
30.5708
29.0954
29.0954
29.0954
29.0954
29.0954
29.0954
29.0954
29.0954
28.2133
28.2133
28.2133
28.2133
28.2133
28.2133
28.2133
28.2133
27.9229
27.9229
27.9229
27.9229
27.9229
27.9229
27.9229
27.9229
28.2236
28.2236
28.2236
28.2236
28.2236
28.2236
28.2236
28.2236
61.4384
61.4384
61.4384
61.4384
61.4384
61.4384
61.4384
61.4384
60.8966
60.8966
60.8966
60.8966
60.8966
60.8966
60.8966
60.8966
59.3035
59.3035
59.3035
59.3035
59.3035
59.3035
59.3035
59.3035
56.7718
56.7718
56.7718
56.7718
56.7718
56.7718
56.7718
56.7718
53.5084
53.5084
53.5084
53.5084
53.5084
53.5084
53.5084
53.5084
49.7767
49.7767
49.7767
49.7767
49.7767
49.7767
49.7767
49.7767
45.8557
45.8557
45.8557
45.8557
45.8557
45.8557
45.8557
45.8557
42.0019
42.0019
42.0019
42.0019
42.0019
42.0019
42.0019
42.0019
38.4234
38.4234
38.4234
38.4234
38.4234
38.4234
38.4234
38.4234
35.2699
35.2699
35.2699
35.2699
35.2699
35.2699
35.2699
35.2699
32.6357
32.6357
32.6357
32.6357
32.6357
32.6357
32.6357
32.6357
30.5708
30.5708
30.5708
30.5708
30.5708
30.5708
30.5708
30.5708
29.0954
29.0954
29.0954
29.0954
29.0954
29.0954
29.0954
29.0954
28.2133
28.2133
28.2133
28.2133
28.2133
28.2133
28.2133
28.2133
27.9229
27.9229
27.9229
27.9229
27.9229
27.9229
27.9229
27.9229
28.2236
28.2236
28.2236
28.2236
28.2236
28.2236
28.2236
28.2236
55.9965
55.9965
55.9965
55.9965
55.9965
55.9965
55.9965
55.9965
55.7313
55.7313
55.7313
55.7313
55.7313
55.7313
55.7313
55.7313
54.5421
54.5421
54.5421
54.5421
54.5421
54.5421
54.5421
54.5421
52.5071
52.5071
52.5071
52.5071
52.5071
52.5071
52.5071
52.5071
49.7893
49.7893
49.7893
49.7893
49.7893
49.7893
49.7893
49.7893
46.6093
46.6093
46.6093
46.6093
46.6093
46.6093
46.6093
46.6093
43.2091
43.2091
43.2091
43.2091
43.2091
43.2091
43.2091
43.2091
39.8185
39.8185
39.8185
39.8185
39.8185
39.8185
39.8185
39.8185
36.6308
36.6308
36.6308
36.6308
36.6308
36.6308
36.6308
36.6308
33.791
33.791
33.791
33.791
33.791
33.791
33.791
33.791
31.3956
31.3956
31.3956
31.3956
31.3956
31.3956
31.3956
31.3956
29.5006
29.5006
29.5006
29.5006
29.5006
29.5006
29.5006
29.5006
28.133
28.133
28.133
28.133
28.133
28.133
28.133
28.133
27.3027
27.3027
27.3027
27.3027
27.3027
27.3027
27.3027
27.3027
27.0118
27.0118
27.0118
27.0118
27.0118
27.0118
27.0118
27.0118
27.2606
27.2606
27.2606
27.2606
27.2606
27.2606
27.2606
27.2606
55.9965
55.9965
55.9965
55.9965
55.9965
55.9965
55.9965
55.9965
55.7313
55.7313
55.7313
55.7313
55.7313
55.7313
55.7313
55.7313
54.5421
54.5421
54.5421
54.5421
54.5421
54.5421
54.5421
54.5421
52.5071
52.5071
52.5071
52.5071
52.5071
52.5071
52.5071
52.5071
49.7893
49.7893
49.7893
49.7893
49.7893
49.7893
49.7893
49.7893
46.6093
46.6093
46.6093
46.6093
46.6093
46.6093
46.6093
46.6093
43.2091
43.2091
43.2091
43.2091
43.2091
43.2091
43.2091
43.2091
39.8185
39.8185
39.8185
39.8185
39.8185
39.8185
39.8185
39.8185
36.6308
36.6308
36.6308
36.6308
36.6308
36.6308
36.6308
36.6308
33.791
33.791
33.791
33.791
33.791
33.791
33.791
33.791
31.3956
31.3956
31.3956
31.3956
31.3956
31.3956
31.3956
31.3956
29.5006
29.5006
29.5006
29.5006
29.5006
29.5006
29.5006
29.5006
28.133
28.133
28.133
28.133
28.133
28.133
28.133
28.133
27.3027
27.3027
27.3027
27.3027
27.3027
27.3027
27.3027
27.3027
27.0118
27.0118
27.0118
27.0118
27.0118
27.0118
27.0118
27.0118
27.2606
27.2606
27.2606
27.2606
27.2606
27.2606
27.2606
27.2606
55.9965
55.9965
55.9965
55.9965
55.9965
55.9965
55.9965
55.9965
55.7313
55.7313
55.7313
55.7313
55.7313
55.7313
55.7313
55.7313
54.5421
54.5421
54.5421
54.5421
54.5421
54.5421
54.5421
54.5421
52.5071
52.5071
52.5071
52.5071
52.5071
52.5071
52.5071
52.5071
49.7893
49.7893
49.7893
49.7893
49.7893
49.7893
49.7893
49.7893
46.6093
46.6093
46.6093
46.6093
46.6093
46.6093
46.6093
46.6093
43.2091
43.2091
43.2091
43.2091
43.2091
43.2091
43.2091
43.2091
39.8185
39.8185
39.8185
39.8185
39.8185
39.8185
39.8185
39.8185
36.6308
36.6308
36.6308
36.6308
36.6308
36.6308
36.6308
36.6308
33.791
33.791
33.791
33.791
33.791
33.791
33.791
33.791
31.3956
31.3956
31.3956
31.3956
31.3956
31.3956
31.3956
31.3956
29.5006
29.5006
29.5006
29.5006
29.5006
29.5006
29.5006
29.5006
28.133
28.133
28.133
28.133
28.133
28.133
28.133
28.133
27.3027
27.3027
27.3027
27.3027
27.3027
27.3027
27.3027
27.3027
27.0118
27.0118
27.0118
27.0118
27.0118
27.0118
27.0118
27.0118
27.2606
27.2606
27.2606
27.2606
27.2606
27.2606
27.2606
27.2606
55.9965
55.9965
55.9965
55.9965
55.9965
55.9965
55.9965
55.9965
55.7313
55.7313
55.7313
55.7313
55.7313
55.7313
55.7313
55.7313
54.5421
54.5421
54.5421
54.5421
54.5421
54.5421
54.5421
54.5421
52.5071
52.5071
52.5071
52.5071
52.5071
52.5071
52.5071
52.5071
49.7893
49.7893
49.7893
49.7893
49.7893
49.7893
49.7893
49.7893
46.6093
46.6093
46.6093
46.6093
46.6093
46.6093
46.6093
46.6093
43.2091
43.2091
43.2091
43.2091
43.2091
43.2091
43.2091
43.2091
39.8185
39.8185
39.8185
39.8185
39.8185
39.8185
39.8185
39.8185
36.6308
36.6308
36.6308
36.6308
36.6308
36.6308
36.6308
36.6308
33.791
33.791
33.791
33.791
33.791
33.791
33.791
33.791
31.3956
31.3956
31.3956
31.3956
31.3956
31.3956
31.3956
31.3956
29.5006
29.5006
29.5006
29.5006
29.5006
29.5006
29.5006
29.5006
28.133
28.133
28.133
28.133
28.133
28.133
28.133
28.133
27.3027
27.3027
27.3027
27.3027
27.3027
27.3027
27.3027
27.3027
27.0118
27.0118
27.0118
27.0118
27.0118
27.0118
27.0118
27.0118
27.2606
27.2606
27.2606
27.2606
27.2606
27.2606
27.2606
27.2606
51.0295
51.0295
51.0295
51.0295
51.0295
51.0295
51.0295
51.0295
51.0412
51.0412
51.0412
51.0412
51.0412
51.0412
51.0412
51.0412
50.253
50.253
50.253
50.253
50.253
50.253
50.253
50.253
48.7098
48.7098
48.7098
48.7098
48.7098
48.7098
48.7098
48.7098
46.5324
46.5324
46.5324
46.5324
46.5324
46.5324
46.5324
46.5324
43.8983
43.8983
43.8983
43.8983
43.8983
43.8983
43.8983
43.8983
41.0127
41.0127
41.0127
41.0127
41.0127
41.0127
41.0127
41.0127
38.079
38.079
38.079
38.079
38.079
38.079
38.079
38.079
35.2758
35.2758
35.2758
35.2758
35.2758
35.2758
35.2758
35.2758
32.7435
32.7435
32.7435
32.7435
32.7435
32.7435
32.7435
32.7435
30.5813
30.5813
30.5813
30.5813
30.5813
30.5813
30.5813
30.5813
28.8517
28.8517
28.8517
28.8517
28.8517
28.8517
28.8517
28.8517
27.5895
27.5895
27.5895
27.5895
27.5895
27.5895
27.5895
27.5895
26.8112
26.8112
26.8112
26.8112
26.8112
26.8112
26.8112
26.8112
26.5232
26.5232
26.5232
26.5232
26.5232
26.5232
26.5232
26.5232
26.7273
26.7273
26.7273
26.7273
26.7273
26.7273
26.7273
26.7273
51.0295
51.0295
51.0295
51.0295
51.0295
51.0295
51.0295
51.0295
51.0412
51.0412
51.0412
51.0412
51.0412
51.0412
51.0412
51.0412
50.253
50.253
50.253
50.253
50.253
50.253
50.253
50.253
48.7098
48.7098
48.7098
48.7098
48.7098
48.7098
48.7098
48.7098
46.5324
46.5324
46.5324
46.5324
46.5324
46.5324
46.5324
46.5324
43.8983
43.8983
43.8983
43.8983
43.8983
43.8983
43.8983
43.8983
41.0127
41.0127
41.0127
41.0127
41.0127
41.0127
41.0127
41.0127
38.079
38.079
38.079
38.079
38.079
38.079
38.079
38.079
35.2758
35.2758
35.2758
35.2758
35.2758
35.2758
35.2758
35.2758
32.7435
32.7435
32.7435
32.7435
32.7435
32.7435
32.7435
32.7435
30.5813
30.5813
30.5813
30.5813
30.5813
30.5813
30.5813
30.5813
28.8517
28.8517
28.8517
28.8517
28.8517
28.8517
28.8517
28.8517
27.5895
27.5895
27.5895
27.5895
27.5895
27.5895
27.5895
27.5895
26.8112
26.8112
26.8112
26.8112
26.8112
26.8112
26.8112
26.8112
26.5232
26.5232
26.5232
26.5232
26.5232
26.5232
26.5232
26.5232
26.7273
26.7273
26.7273
26.7273
26.7273
26.7273
26.7273
26.7273
51.0295
51.0295
51.0295
51.0295
51.0295
51.0295
51.0295
51.0295
51.0412
51.0412
51.0412
51.0412
51.0412
51.0412
51.0412
51.0412
50.253
50.253
50.253
50.253
50.253
50.253
50.253
50.253
48.7098
48.7098
48.7098
48.7098
48.7098
48.7098
48.7098
48.7098
46.5324
46.5324
46.5324
46.5324
46.5324
46.5324
46.5324
46.5324
43.8983
43.8983
43.8983
43.8983
43.8983
43.8983
43.8983
43.8983
41.0127
41.0127
41.0127
41.0127
41.0127
41.0127
41.0127
41.0127
38.079
38.079
38.079
38.079
38.079
38.079
38.079
38.079
35.2758
35.2758
35.2758
35.2758
35.2758
35.2758
35.2758
35.2758
32.7435
32.7435
32.7435
32.7435
32.7435
32.7435
32.7435
32.7435
30.5813
30.5813
30.5813
30.5813
30.5813
30.5813
30.5813
30.5813
28.8517
28.8517
28.8517
28.8517
28.8517
28.8517
28.8517
28.8517
27.5895
27.5895
27.5895
27.5895
27.5895
27.5895
27.5895
27.5895
26.8112
26.8112
26.8112
26.8112
26.8112
26.8112
26.8112
26.8112
26.5232
26.5232
26.5232
26.5232
26.5232
26.5232
26.5232
26.5232
26.7273
26.7273
26.7273
26.7273
26.7273
26.7273
26.7273
26.7273
51.0295
51.0295
51.0295
51.0295
51.0295
51.0295
51.0295
51.0295
51.0412
51.0412
51.0412
51.0412
51.0412
51.0412
51.0412
51.0412
50.253
50.253
50.253
50.253
50.253
50.253
50.253
50.253
48.7098
48.7098
48.7098
48.7098
48.7098
48.7098
48.7098
48.7098
46.5324
46.5324
46.5324
46.5324
46.5324
46.5324
46.5324
46.5324
43.8983
43.8983
43.8983
43.8983
43.8983
43.8983
43.8983
43.8983
41.0127
41.0127
41.0127
41.0127
41.0127
41.0127
41.0127
41.0127
38.079
38.079
38.079
38.079
38.079
38.079
38.079
38.079
35.2758
35.2758
35.2758
35.2758
35.2758
35.2758
35.2758
35.2758
32.7435
32.7435
32.7435
32.7435
32.7435
32.7435
32.7435
32.7435
30.5813
30.5813
30.5813
30.5813
30.5813
30.5813
30.5813
30.5813
28.8517
28.8517
28.8517
28.8517
28.8517
28.8517
28.8517
28.8517
27.5895
27.5895
27.5895
27.5895
27.5895
27.5895
27.5895
27.5895
26.8112
26.8112
26.8112
26.8112
26.8112
26.8112
26.8112
26.8112
26.5232
26.5232
26.5232
26.5232
26.5232
26.5232
26.5232
26.5232
26.7273
26.7273
26.7273
26.7273
26.7273
26.7273
26.7273
26.7273
46.6353
46.6353
46.6353
46.6353
46.6353
46.6353
46.6353
46.6353
46.9113
46.9113
46.9113
46.9113
46.9113
46.9113
46.9113
46.9113
46.5065
46.5065
46.5065
46.5065
46.5065
46.5065
46.5065
46.5065
45.4344
45.4344
45.4344
45.4344
45.4344
45.4344
45.4344
45.4344
43.7766
43.7766
43.7766
43.7766
43.7766
43.7766
43.7766
43.7766
41.6697
41.6697
41.6697
41.6697
41.6697
41.6697
41.6697
41.6697
39.2829
39.2829
39.2829
39.2829
39.2829
39.2829
39.2829
39.2829
36.7935
36.7935
36.7935
36.7935
36.7935
36.7935
36.7935
36.7935
34.365
34.365
34.365
34.365
34.365
34.365
34.365
34.365
32.1329
32.1329
32.1329
32.1329
32.1329
32.1329
32.1329
32.1329
30.1985
30.1985
30.1985
30.1985
30.1985
30.1985
30.1985
30.1985
28.6312
28.6312
28.6312
28.6312
28.6312
28.6312
28.6312
28.6312
27.4734
27.4734
27.4734
27.4734
27.4734
27.4734
27.4734
27.4734
26.7488
26.7488
26.7488
26.7488
26.7488
26.7488
26.7488
26.7488
26.4687
26.4687
26.4687
26.4687
26.4687
26.4687
26.4687
26.4687
26.6368
26.6368
26.6368
26.6368
26.6368
26.6368
26.6368
26.6368
46.6353
46.6353
46.6353
46.6353
46.6353
46.6353
46.6353
46.6353
46.9113
46.9113
46.9113
46.9113
46.9113
46.9113
46.9113
46.9113
46.5065
46.5065
46.5065
46.5065
46.5065
46.5065
46.5065
46.5065
45.4344
45.4344
45.4344
45.4344
45.4344
45.4344
45.4344
45.4344
43.7766
43.7766
43.7766
43.7766
43.7766
43.7766
43.7766
43.7766
41.6697
41.6697
41.6697
41.6697
41.6697
41.6697
41.6697
41.6697
39.2829
39.2829
39.2829
39.2829
39.2829
39.2829
39.2829
39.2829
36.7935
36.7935
36.7935
36.7935
36.7935
36.7935
36.7935
36.7935
34.365
34.365
34.365
34.365
34.365
34.365
34.365
34.365
32.1329
32.1329
32.1329
32.1329
32.1329
32.1329
32.1329
32.1329
30.1985
30.1985
30.1985
30.1985
30.1985
30.1985
30.1985
30.1985
28.6312
28.6312
28.6312
28.6312
28.6312
28.6312
28.6312
28.6312
27.4734
27.4734
27.4734
27.4734
27.4734
27.4734
27.4734
27.4734
26.7488
26.7488
26.7488
26.7488
26.7488
26.7488
26.7488
26.7488
26.4687
26.4687
26.4687
26.4687
26.4687
26.4687
26.4687
26.4687
26.6368
26.6368
26.6368
26.6368
26.6368
26.6368
26.6368
26.6368
46.6353
46.6353
46.6353
46.6353
46.6353
46.6353
46.6353
46.6353
46.9113
46.9113
46.9113
46.9113
46.9113
46.9113
46.9113
46.9113
46.5065
46.5065
46.5065
46.5065
46.5065
46.5065
46.5065
46.5065
45.4344
45.4344
45.4344
45.4344
45.4344
45.4344
45.4344
45.4344
43.7766
43.7766
43.7766
43.7766
43.7766
43.7766
43.7766
43.7766
41.6697
41.6697
41.6697
41.6697
41.6697
41.6697
41.6697
41.6697
39.2829
39.2829
39.2829
39.2829
39.2829
39.2829
39.2829
39.2829
36.7935
36.7935
36.7935
36.7935
36.7935
36.7935
36.7935
36.7935
34.365
34.365
34.365
34.365
34.365
34.365
34.365
34.365
32.1329
32.1329
32.1329
32.1329
32.1329
32.1329
32.1329
32.1329
30.1985
30.1985
30.1985
30.1985
30.1985
30.1985
30.1985
30.1985
28.6312
28.6312
28.6312
28.6312
28.6312
28.6312
28.6312
28.6312
27.4734
27.4734
27.4734
27.4734
27.4734
27.4734
27.4734
27.4734
26.7488
26.7488
26.7488
26.7488
26.7488
26.7488
26.7488
26.7488
26.4687
26.4687
26.4687
26.4687
26.4687
26.4687
26.4687
26.4687
26.6368
26.6368
26.6368
26.6368
26.6368
26.6368
26.6368
26.6368
46.6353
46.6353
46.6353
46.6353
46.6353
46.6353
46.6353
46.6353
46.9113
46.9113
46.9113
46.9113
46.9113
46.9113
46.9113
46.9113
46.5065
46.5065
46.5065
46.5065
46.5065
46.5065
46.5065
46.5065
45.4344
45.4344
45.4344
45.4344
45.4344
45.4344
45.4344
45.4344
43.7766
43.7766
43.7766
43.7766
43.7766
43.7766
43.7766
43.7766
41.6697
41.6697
41.6697
41.6697
41.6697
41.6697
41.6697
41.6697
39.2829
39.2829
39.2829
39.2829
39.2829
39.2829
39.2829
39.2829
36.7935
36.7935
36.7935
36.7935
36.7935
36.7935
36.7935
36.7935
34.365
34.365
34.365
34.365
34.365
34.365
34.365
34.365
32.1329
32.1329
32.1329
32.1329
32.1329
32.1329
32.1329
32.1329
30.1985
30.1985
30.1985
30.1985
30.1985
30.1985
30.1985
30.1985
28.6312
28.6312
28.6312
28.6312
28.6312
28.6312
28.6312
28.6312
27.4734
27.4734
27.4734
27.4734
27.4734
27.4734
27.4734
27.4734
26.7488
26.7488
26.7488
26.7488
26.7488
26.7488
26.7488
26.7488
26.4687
26.4687
26.4687
26.4687
26.4687
26.4687
26.4687
26.4687
26.6368
26.6368
26.6368
26.6368
26.6368
26.6368
26.6368
26.6368
42.8588
42.8588
42.8588
42.8588
42.8588
42.8588
42.8588
42.8588
43.3804
43.3804
43.3804
43.3804
43.3804
43.3804
43.3804
43.3804
43.3323
43.3323
43.3323
43.3323
43.3323
43.3323
43.3323
43.3323
42.7015
42.7015
42.7015
42.7015
42.7015
42.7015
42.7015
42.7015
41.5339
41.5339
41.5339
41.5339
41.5339
41.5339
41.5339
41.5339
39.9281
39.9281
39.9281
39.9281
39.9281
39.9281
39.9281
39.9281
38.0192
38.0192
38.0192
38.0192
38.0192
38.0192
38.0192
38.0192
35.9585
35.9585
35.9585
35.9585
35.9585
35.9585
35.9585
35.9585
33.894
33.894
33.894
33.894
33.894
33.894
33.894
33.894
31.9552
31.9552
31.9552
31.9552
31.9552
31.9552
31.9552
31.9552
30.2449
30.2449
30.2449
30.2449
30.2449
30.2449
30.2449
30.2449
28.8385
28.8385
28.8385
28.8385
28.8385
28.8385
28.8385
28.8385
27.7862
27.7862
27.7862
27.7862
27.7862
27.7862
27.7862
27.7862
27.1186
27.1186
27.1186
27.1186
27.1186
27.1186
27.1186
27.1186
26.8523
26.8523
26.8523
26.8523
26.8523
26.8523
26.8523
26.8523
26.9934
26.9934
26.9934
26.9934
26.9934
26.9934
26.9934
26.9934
42.8588
42.8588
42.8588
42.8588
42.8588
42.8588
42.8588
42.8588
43.3804
43.3804
43.3804
43.3804
43.3804
43.3804
43.3804
43.3804
43.3323
43.3323
43.3323
43.3323
43.3323
43.3323
43.3323
43.3323
42.7015
42.7015
42.7015
42.7015
42.7015
42.7015
42.7015
42.7015
41.5339
41.5339
41.5339
41.5339
41.5339
41.5339
41.5339
41.5339
39.9281
39.9281
39.9281
39.9281
39.9281
39.9281
39.9281
39.9281
38.0192
38.0192
38.0192
38.0192
38.0192
38.0192
38.0192
38.0192
35.9585
35.9585
35.9585
35.9585
35.9585
35.9585
35.9585
35.9585
33.894
33.894
33.894
33.894
33.894
33.894
33.894
33.894
31.9552
31.9552
31.9552
31.9552
31.9552
31.9552
31.9552
31.9552
30.2449
30.2449
30.2449
30.2449
30.2449
30.2449
30.2449
30.2449
28.8385
28.8385
28.8385
28.8385
28.8385
28.8385
28.8385
28.8385
27.7862
27.7862
27.7862
27.7862
27.7862
27.7862
27.7862
27.7862
27.1186
27.1186
27.1186
27.1186
27.1186
27.1186
27.1186
27.1186
26.8523
26.8523
26.8523
26.8523
26.8523
26.8523
26.8523
26.8523
26.9934
26.9934
26.9934
26.9934
26.9934
26.9934
26.9934
26.9934
42.8588
42.8588
42.8588
42.8588
42.8588
42.8588
42.8588
42.8588
43.3804
43.3804
43.3804
43.3804
43.3804
43.3804
43.3804
43.3804
43.3323
43.3323
43.3323
43.3323
43.3323
43.3323
43.3323
43.3323
42.7015
42.7015
42.7015
42.7015
42.7015
42.7015
42.7015
42.7015
41.5339
41.5339
41.5339
41.5339
41.5339
41.5339
41.5339
41.5339
39.9281
39.9281
39.9281
39.9281
39.9281
39.9281
39.9281
39.9281
38.0192
38.0192
38.0192
38.0192
38.0192
38.0192
38.0192
38.0192
35.9585
35.9585
35.9585
35.9585
35.9585
35.9585
35.9585
35.9585
33.894
33.894
33.894
33.894
33.894
33.894
33.894
33.894
31.9552
31.9552
31.9552
31.9552
31.9552
31.9552
31.9552
31.9552
30.2449
30.2449
30.2449
30.2449
30.2449
30.2449
30.2449
30.2449
28.8385
28.8385
28.8385
28.8385
28.8385
28.8385
28.8385
28.8385
27.7862
27.7862
27.7862
27.7862
27.7862
27.7862
27.7862
27.7862
27.1186
27.1186
27.1186
27.1186
27.1186
27.1186
27.1186
27.1186
26.8523
26.8523
26.8523
26.8523
26.8523
26.8523
26.8523
26.8523
26.9934
26.9934
26.9934
26.9934
26.9934
26.9934
26.9934
26.9934
42.8588
42.8588
42.8588
42.8588
42.8588
42.8588
42.8588
42.8588
43.3804
43.3804
43.3804
43.3804
43.3804
43.3804
43.3804
43.3804
43.3323
43.3323
43.3323
43.3323
43.3323
43.3323
43.3323
43.3323
42.7015
42.7015
42.7015
42.7015
42.7015
42.7015
42.7015
42.7015
41.5339
41.5339
41.5339
41.5339
41.5339
41.5339
41.5339
41.5339
39.9281
39.9281
39.9281
39.9281
39.9281
39.9281
39.9281
39.9281
38.0192
38.0192
38.0192
38.0192
38.0192
38.0192
38.0192
38.0192
35.9585
35.9585
35.9585
35.9585
35.9585
35.9585
35.9585
35.9585
33.894
33.894
33.894
33.894
33.894
33.894
33.894
33.894
31.9552
31.9552
31.9552
31.9552
31.9552
31.9552
31.9552
31.9552
30.2449
30.2449
30.2449
30.2449
30.2449
30.2449
30.2449
30.2449
28.8385
28.8385
28.8385
28.8385
28.8385
28.8385
28.8385
28.8385
27.7862
27.7862
27.7862
27.7862
27.7862
27.7862
27.7862
27.7862
27.1186
27.1186
27.1186
27.1186
27.1186
27.1186
27.1186
27.1186
26.8523
26.8523
26.8523
26.8523
26.8523
26.8523
26.8523
26.8523
26.9934
26.9934
26.9934
26.9934
26.9934
26.9934
26.9934
26.9934
39.7061
39.7061
39.7061
39.7061
39.7061
39.7061
39.7061
39.7061
40.4521
40.4521
40.4521
40.4521
40.4521
40.4521
40.4521
40.4521
40.7312
40.7312
40.7312
40.7312
40.7312
40.7312
40.7312
40.7312
40.5079
40.5079
40.5079
40.5079
40.5079
40.5079
40.5079
40.5079
39.7971
39.7971
39.7971
39.7971
39.7971
39.7971
39.7971
39.7971
38.6631
38.6631
38.6631
38.6631
38.6631
38.6631
38.6631
38.6631
37.209
37.209
37.209
37.209
37.209
37.209
37.209
37.209
35.5608
35.5608
35.5608
35.5608
35.5608
35.5608
35.5608
35.5608
33.85
33.85
33.85
33.85
33.85
33.85
33.85
33.85
32.199
32.199
32.199
32.199
32.199
32.199
32.199
32.199
30.7112
30.7112
30.7112
30.7112
30.7112
30.7112
30.7112
30.7112
29.4665
29.4665
29.4665
29.4665
29.4665
29.4665
29.4665
29.4665
28.5224
28.5224
28.5224
28.5224
28.5224
28.5224
28.5224
28.5224
27.9165
27.9165
27.9165
27.9165
27.9165
27.9165
27.9165
27.9165
27.6703
27.6703
27.6703
27.6703
27.6703
27.6703
27.6703
27.6703
27.7927
27.7927
27.7927
27.7927
27.7927
27.7927
27.7927
27.7927
39.7061
39.7061
39.7061
39.7061
39.7061
39.7061
39.7061
39.7061
40.4521
40.4521
40.4521
40.4521
40.4521
40.4521
40.4521
40.4521
40.7312
40.7312
40.7312
40.7312
40.7312
40.7312
40.7312
40.7312
40.5079
40.5079
40.5079
40.5079
40.5079
40.5079
40.5079
40.5079
39.7971
39.7971
39.7971
39.7971
39.7971
39.7971
39.7971
39.7971
38.6631
38.6631
38.6631
38.6631
38.6631
38.6631
38.6631
38.6631
37.209
37.209
37.209
37.209
37.209
37.209
37.209
37.209
35.5608
35.5608
35.5608
35.5608
35.5608
35.5608
35.5608
35.5608
33.85
33.85
33.85
33.85
33.85
33.85
33.85
33.85
32.199
32.199
32.199
32.199
32.199
32.199
32.199
32.199
30.7112
30.7112
30.7112
30.7112
30.7112
30.7112
30.7112
30.7112
29.4665
29.4665
29.4665
29.4665
29.4665
29.4665
29.4665
29.4665
28.5224
28.5224
28.5224
28.5224
28.5224
28.5224
28.5224
28.5224
27.9165
27.9165
27.9165
27.9165
27.9165
27.9165
27.9165
27.9165
27.6703
27.6703
27.6703
27.6703
27.6703
27.6703
27.6703
27.6703
27.7927
27.7927
27.7927
27.7927
27.7927
27.7927
27.7927
27.7927
39.7061
39.7061
39.7061
39.7061
39.7061
39.7061
39.7061
39.7061
40.4521
40.4521
40.4521
40.4521
40.4521
40.4521
40.4521
40.4521
40.7312
40.7312
40.7312
40.7312
40.7312
40.7312
40.7312
40.7312
40.5079
40.5079
40.5079
40.5079
40.5079
40.5079
40.5079
40.5079
39.7971
39.7971
39.7971
39.7971
39.7971
39.7971
39.7971
39.7971
38.6631
38.6631
38.6631
38.6631
38.6631
38.6631
38.6631
38.6631
37.209
37.209
37.209
37.209
37.209
37.209
37.209
37.209
35.5608
35.5608
35.5608
35.5608
35.5608
35.5608
35.5608
35.5608
33.85
33.85
33.85
33.85
33.85
33.85
33.85
33.85
32.199
32.199
32.199
32.199
32.199
32.199
32.199
32.199
30.7112
30.7112
30.7112
30.7112
30.7112
30.7112
30.7112
30.7112
29.4665
29.4665
29.4665
29.4665
29.4665
29.4665
29.4665
29.4665
28.5224
28.5224
28.5224
28.5224
28.5224
28.5224
28.5224
28.5224
27.9165
27.9165
27.9165
27.9165
27.9165
27.9165
27.9165
27.9165
27.6703
27.6703
27.6703
27.6703
27.6703
27.6703
27.6703
27.6703
27.7927
27.7927
27.7927
27.7927
27.7927
27.7927
27.7927
27.7927
39.7061
39.7061
39.7061
39.7061
39.7061
39.7061
39.7061
39.7061
40.4521
40.4521
40.4521
40.4521
40.4521
40.4521
40.4521
40.4521
40.7312
40.7312
40.7312
40.7312
40.7312
40.7312
40.7312
40.7312
40.5079
40.5079
40.5079
40.5079
40.5079
40.5079
40.5079
40.5079
39.7971
39.7971
39.7971
39.7971
39.7971
39.7971
39.7971
39.7971
38.6631
38.6631
38.6631
38.6631
38.6631
38.6631
38.6631
38.6631
37.209
37.209
37.209
37.209
37.209
37.209
37.209
37.209
35.5608
35.5608
35.5608
35.5608
35.5608
35.5608
35.5608
35.5608
33.85
33.85
33.85
33.85
33.85
33.85
33.85
33.85
32.199
32.199
32.199
32.199
32.199
32.199
32.199
32.199
30.7112
30.7112
30.7112
30.7112
30.7112
30.7112
30.7112
30.7112
29.4665
29.4665
29.4665
29.4665
29.4665
29.4665
29.4665
29.4665
28.5224
28.5224
28.5224
28.5224
28.5224
28.5224
28.5224
28.5224
27.9165
27.9165
27.9165
27.9165
27.9165
27.9165
27.9165
27.9165
27.6703
27.6703
27.6703
27.6703
27.6703
27.6703
27.6703
27.6703
27.7927
27.7927
27.7927
27.7927
27.7927
27.7927
27.7927
27.7927
37.1572
37.1572
37.1572
37.1572
37.1572
37.1572
37.1572
37.1572
38.1074
38.1074
38.1074
38.1074
38.1074
38.1074
38.1074
38.1074
38.6843
38.6843
38.6843
38.6843
38.6843
38.6843
38.6843
38.6843
38.8343
38.8343
38.8343
38.8343
38.8343
38.8343
38.8343
38.8343
38.5464
38.5464
38.5464
38.5464
38.5464
38.5464
38.5464
38.5464
37.8542
37.8542
37.8542
37.8542
37.8542
37.8542
37.8542
37.8542
36.8313
36.8313
36.8313
36.8313
36.8313
36.8313
36.8313
36.8313
35.5792
35.5792
35.5792
35.5792
35.5792
35.5792
35.5792
35.5792
34.2126
34.2126
34.2126
34.2126
34.2126
34.2126
34.2126
34.2126
32.8455
32.8455
32.8455
32.8455
32.8455
32.8455
32.8455
32.8455
31.5798
31.5798
31.5798
31.5798
31.5798
31.5798
31.5798
31.5798
30.4993
30.4993
30.4993
30.4993
30.4993
30.4993
30.4993
30.4993
29.6674
29.6674
29.6674
29.6674
29.6674
29.6674
29.6674
29.6674
29.1281
29.1281
29.1281
29.1281
29.1281
29.1281
29.1281
29.1281
28.9082
28.9082
28.9082
28.9082
28.9082
28.9082
28.9082
28.9082
29.019
29.019
29.019
29.019
29.019
29.019
29.019
29.019
37.1572
37.1572
37.1572
37.1572
37.1572
37.1572
37.1572
37.1572
38.1074
38.1074
38.1074
38.1074
38.1074
38.1074
38.1074
38.1074
38.6843
38.6843
38.6843
38.6843
38.6843
38.6843
38.6843
38.6843
38.8343
38.8343
38.8343
38.8343
38.8343
38.8343
38.8343
38.8343
38.5464
38.5464
38.5464
38.5464
38.5464
38.5464
38.5464
38.5464
37.8542
37.8542
37.8542
37.8542
37.8542
37.8542
37.8542
37.8542
36.8313
36.8313
36.8313
36.8313
36.8313
36.8313
36.8313
36.8313
35.5792
35.5792
35.5792
35.5792
35.5792
35.5792
35.5792
35.5792
34.2126
34.2126
34.2126
34.2126
34.2126
34.2126
34.2126
34.2126
32.8455
32.8455
32.8455
32.8455
32.8455
32.8455
32.8455
32.8455
31.5798
31.5798
31.5798
31.5798
31.5798
31.5798
31.5798
31.5798
30.4993
30.4993
30.4993
30.4993
30.4993
30.4993
30.4993
30.4993
29.6674
29.6674
29.6674
29.6674
29.6674
29.6674
29.6674
29.6674
29.1281
29.1281
29.1281
29.1281
29.1281
29.1281
29.1281
29.1281
28.9082
28.9082
28.9082
28.9082
28.9082
28.9082
28.9082
28.9082
29.019
29.019
29.019
29.019
29.019
29.019
29.019
29.019
37.1572
37.1572
37.1572
37.1572
37.1572
37.1572
37.1572
37.1572
38.1074
38.1074
38.1074
38.1074
38.1074
38.1074
38.1074
38.1074
38.6843
38.6843
38.6843
38.6843
38.6843
38.6843
38.6843
38.6843
38.8343
38.8343
38.8343
38.8343
38.8343
38.8343
38.8343
38.8343
38.5464
38.5464
38.5464
38.5464
38.5464
38.5464
38.5464
38.5464
37.8542
37.8542
37.8542
37.8542
37.8542
37.8542
37.8542
37.8542
36.8313
36.8313
36.8313
36.8313
36.8313
36.8313
36.8313
36.8313
35.5792
35.5792
35.5792
35.5792
35.5792
35.5792
35.5792
35.5792
34.2126
34.2126
34.2126
34.2126
34.2126
34.2126
34.2126
34.2126
32.8455
32.8455
32.8455
32.8455
32.8455
32.8455
32.8455
32.8455
31.5798
31.5798
31.5798
31.5798
31.5798
31.5798
31.5798
31.5798
30.4993
30.4993
30.4993
30.4993
30.4993
30.4993
30.4993
30.4993
29.6674
29.6674
29.6674
29.6674
29.6674
29.6674
29.6674
29.6674
29.1281
29.1281
29.1281
29.1281
29.1281
29.1281
29.1281
29.1281
28.9082
28.9082
28.9082
28.9082
28.9082
28.9082
28.9082
28.9082
29.019
29.019
29.019
29.019
29.019
29.019
29.019
29.019
37.1572
37.1572
37.1572
37.1572
37.1572
37.1572
37.1572
37.1572
38.1074
38.1074
38.1074
38.1074
38.1074
38.1074
38.1074
38.1074
38.6843
38.6843
38.6843
38.6843
38.6843
38.6843
38.6843
38.6843
38.8343
38.8343
38.8343
38.8343
38.8343
38.8343
38.8343
38.8343
38.5464
38.5464
38.5464
38.5464
38.5464
38.5464
38.5464
38.5464
37.8542
37.8542
37.8542
37.8542
37.8542
37.8542
37.8542
37.8542
36.8313
36.8313
36.8313
36.8313
36.8313
36.8313
36.8313
36.8313
35.5792
35.5792
35.5792
35.5792
35.5792
35.5792
35.5792
35.5792
34.2126
34.2126
34.2126
34.2126
34.2126
34.2126
34.2126
34.2126
32.8455
32.8455
32.8455
32.8455
32.8455
32.8455
32.8455
32.8455
31.5798
31.5798
31.5798
31.5798
31.5798
31.5798
31.5798
31.5798
30.4993
30.4993
30.4993
30.4993
30.4993
30.4993
30.4993
30.4993
29.6674
29.6674
29.6674
29.6674
29.6674
29.6674
29.6674
29.6674
29.1281
29.1281
29.1281
29.1281
29.1281
29.1281
29.1281
29.1281
28.9082
28.9082
28.9082
28.9082
28.9082
28.9082
28.9082
28.9082
29.019
29.019
29.019
29.019
29.019
29.019
29.019
29.019
35.1773
35.1773
35.1773
35.1773
35.1773
35.1773
35.1773
35.1773
36.3139
36.3139
36.3139
36.3139
36.3139
36.3139
36.3139
36.3139
37.1614
37.1614
37.1614
37.1614
37.1614
37.1614
37.1614
37.1614
37.6525
37.6525
37.6525
37.6525
37.6525
37.6525
37.6525
37.6525
37.7543
37.7543
37.7543
37.7543
37.7543
37.7543
37.7543
37.7543
37.4741
37.4741
37.4741
37.4741
37.4741
37.4741
37.4741
37.4741
36.8584
36.8584
36.8584
36.8584
36.8584
36.8584
36.8584
36.8584
35.9856
35.9856
35.9856
35.9856
35.9856
35.9856
35.9856
35.9856
34.9533
34.9533
34.9533
34.9533
34.9533
34.9533
34.9533
34.9533
33.8657
33.8657
33.8657
33.8657
33.8657
33.8657
33.8657
33.8657
32.822
32.822
32.822
32.822
32.822
32.822
32.822
32.822
31.908
31.908
31.908
31.908
31.908
31.908
31.908
31.908
31.1921
31.1921
31.1921
31.1921
31.1921
31.1921
31.1921
31.1921
30.7239
30.7239
30.7239
30.7239
30.7239
30.7239
30.7239
30.7239
30.5346
30.5346
30.5346
30.5346
30.5346
30.5346
30.5346
30.5346
30.6387
30.6387
30.6387
30.6387
30.6387
30.6387
30.6387
30.6387
35.1773
35.1773
35.1773
35.1773
35.1773
35.1773
35.1773
35.1773
36.3139
36.3139
36.3139
36.3139
36.3139
36.3139
36.3139
36.3139
37.1614
37.1614
37.1614
37.1614
37.1614
37.1614
37.1614
37.1614
37.6525
37.6525
37.6525
37.6525
37.6525
37.6525
37.6525
37.6525
37.7543
37.7543
37.7543
37.7543
37.7543
37.7543
37.7543
37.7543
37.4741
37.4741
37.4741
37.4741
37.4741
37.4741
37.4741
37.4741
36.8584
36.8584
36.8584
36.8584
36.8584
36.8584
36.8584
36.8584
35.9856
35.9856
35.9856
35.9856
35.9856
35.9856
35.9856
35.9856
34.9533
34.9533
34.9533
34.9533
34.9533
34.9533
34.9533
34.9533
33.8657
33.8657
33.8657
33.8657
33.8657
33.8657
33.8657
33.8657
32.822
32.822
32.822
32.822
32.822
32.822
32.822
32.822
31.908
31.908
31.908
31.908
31.908
31.908
31.908
31.908
31.1921
31.1921
31.1921
31.1921
31.1921
31.1921
31.1921
31.1921
30.7239
30.7239
30.7239
30.7239
30.7239
30.7239
30.7239
30.7239
30.5346
30.5346
30.5346
30.5346
30.5346
30.5346
30.5346
30.5346
30.6387
30.6387
30.6387
30.6387
30.6387
30.6387
30.6387
30.6387
35.1773
35.1773
35.1773
35.1773
35.1773
35.1773
35.1773
35.1773
36.3139
36.3139
36.3139
36.3139
36.3139
36.3139
36.3139
36.3139
37.1614
37.1614
37.1614
37.1614
37.1614
37.1614
37.1614
37.1614
37.6525
37.6525
37.6525
37.6525
37.6525
37.6525
37.6525
37.6525
37.7543
37.7543
37.7543
37.7543
37.7543
37.7543
37.7543
37.7543
37.4741
37.4741
37.4741
37.4741
37.4741
37.4741
37.4741
37.4741
36.8584
36.8584
36.8584
36.8584
36.8584
36.8584
36.8584
36.8584
35.9856
35.9856
35.9856
35.9856
35.9856
35.9856
35.9856
35.9856
34.9533
34.9533
34.9533
34.9533
34.9533
34.9533
34.9533
34.9533
33.8657
33.8657
33.8657
33.8657
33.8657
33.8657
33.8657
33.8657
32.822
32.822
32.822
32.822
32.822
32.822
32.822
32.822
31.908
31.908
31.908
31.908
31.908
31.908
31.908
31.908
31.1921
31.1921
31.1921
31.1921
31.1921
31.1921
31.1921
31.1921
30.7239
30.7239
30.7239
30.7239
30.7239
30.7239
30.7239
30.7239
30.5346
30.5346
30.5346
30.5346
30.5346
30.5346
30.5346
30.5346
30.6387
30.6387
30.6387
30.6387
30.6387
30.6387
30.6387
30.6387
35.1773
35.1773
35.1773
35.1773
35.1773
35.1773
35.1773
35.1773
36.3139
36.3139
36.3139
36.3139
36.3139
36.3139
36.3139
36.3139
37.1614
37.1614
37.1614
37.1614
37.1614
37.1614
37.1614
37.1614
37.6525
37.6525
37.6525
37.6525
37.6525
37.6525
37.6525
37.6525
37.7543
37.7543
37.7543
37.7543
37.7543
37.7543
37.7543
37.7543
37.4741
37.4741
37.4741
37.4741
37.4741
37.4741
37.4741
37.4741
36.8584
36.8584
36.8584
36.8584
36.8584
36.8584
36.8584
36.8584
35.9856
35.9856
35.9856
35.9856
35.9856
35.9856
35.9856
35.9856
34.9533
34.9533
34.9533
34.9533
34.9533
34.9533
34.9533
34.9533
33.8657
33.8657
33.8657
33.8657
33.8657
33.8657
33.8657
33.8657
32.822
32.822
32.822
32.822
32.822
32.822
32.822
32.822
31.908
31.908
31.908
31.908
31.908
31.908
31.908
31.908
31.1921
31.1921
31.1921
31.1921
31.1921
31.1921
31.1921
31.1921
30.7239
30.7239
30.7239
30.7239
30.7239
30.7239
30.7239
30.7239
30.5346
30.5346
30.5346
30.5346
30.5346
30.5346
30.5346
30.5346
30.6387
30.6387
30.6387
30.6387
30.6387
30.6387
30.6387
30.6387
33.7254
33.7254
33.7254
33.7254
33.7254
33.7254
33.7254
33.7254
35.0336
35.0336
35.0336
35.0336
35.0336
35.0336
35.0336
35.0336
36.1275
36.1275
36.1275
36.1275
36.1275
36.1275
36.1275
36.1275
36.9295
36.9295
36.9295
36.9295
36.9295
36.9295
36.9295
36.9295
37.3889
37.3889
37.3889
37.3889
37.3889
37.3889
37.3889
37.3889
37.4904
37.4904
37.4904
37.4904
37.4904
37.4904
37.4904
37.4904
37.2567
37.2567
37.2567
37.2567
37.2567
37.2567
37.2567
37.2567
36.744
36.744
36.744
36.744
36.744
36.744
36.744
36.744
36.0332
36.0332
36.0332
36.0332
36.0332
36.0332
36.0332
36.0332
35.2181
35.2181
35.2181
35.2181
35.2181
35.2181
35.2181
35.2181
34.3934
34.3934
34.3934
34.3934
34.3934
34.3934
34.3934
34.3934
33.6456
33.6456
33.6456
33.6456
33.6456
33.6456
33.6456
33.6456
33.0467
33.0467
33.0467
33.0467
33.0467
33.0467
33.0467
33.0467
32.6509
32.6509
32.6509
32.6509
32.6509
32.6509
32.6509
32.6509
32.4939
32.4939
32.4939
32.4939
32.4939
32.4939
32.4939
32.4939
32.5921
32.5921
32.5921
32.5921
32.5921
32.5921
32.5921
32.5921
33.7254
33.7254
33.7254
33.7254
33.7254
33.7254
33.7254
33.7254
35.0336
35.0336
35.0336
35.0336
35.0336
35.0336
35.0336
35.0336
36.1275
36.1275
36.1275
36.1275
36.1275
36.1275
36.1275
36.1275
36.9295
36.9295
36.9295
36.9295
36.9295
36.9295
36.9295
36.9295
37.3889
37.3889
37.3889
37.3889
37.3889
37.3889
37.3889
37.3889
37.4904
37.4904
37.4904
37.4904
37.4904
37.4904
37.4904
37.4904
37.2567
37.2567
37.2567
37.2567
37.2567
37.2567
37.2567
37.2567
36.744
36.744
36.744
36.744
36.744
36.744
36.744
36.744
36.0332
36.0332
36.0332
36.0332
36.0332
36.0332
36.0332
36.0332
35.2181
35.2181
35.2181
35.2181
35.2181
35.2181
35.2181
35.2181
34.3934
34.3934
34.3934
34.3934
34.3934
34.3934
34.3934
34.3934
33.6456
33.6456
33.6456
33.6456
33.6456
33.6456
33.6456
33.6456
33.0467
33.0467
33.0467
33.0467
33.0467
33.0467
33.0467
33.0467
32.6509
32.6509
32.6509
32.6509
32.6509
32.6509
32.6509
32.6509
32.4939
32.4939
32.4939
32.4939
32.4939
32.4939
32.4939
32.4939
32.5921
32.5921
32.5921
32.5921
32.5921
32.5921
32.5921
32.5921
33.7254
33.7254
33.7254
33.7254
33.7254
33.7254
33.7254
33.7254
35.0336
35.0336
35.0336
35.0336
35.0336
35.0336
35.0336
35.0336
36.1275
36.1275
36.1275
36.1275
36.1275
36.1275
36.1275
36.1275
36.9295
36.9295
36.9295
36.9295
36.9295
36.9295
36.9295
36.9295
37.3889
37.3889
37.3889
37.3889
37.3889
37.3889
37.3889
37.3889
37.4904
37.4904
37.4904
37.4904
37.4904
37.4904
37.4904
37.4904
37.2567
37.2567
37.2567
37.2567
37.2567
37.2567
37.2567
37.2567
36.744
36.744
36.744
36.744
36.744
36.744
36.744
36.744
36.0332
36.0332
36.0332
36.0332
36.0332
36.0332
36.0332
36.0332
35.2181
35.2181
35.2181
35.2181
35.2181
35.2181
35.2181
35.2181
34.3934
34.3934
34.3934
34.3934
34.3934
34.3934
34.3934
34.3934
33.6456
33.6456
33.6456
33.6456
33.6456
33.6456
33.6456
33.6456
33.0467
33.0467
33.0467
33.0467
33.0467
33.0467
33.0467
33.0467
32.6509
32.6509
32.6509
32.6509
32.6509
32.6509
32.6509
32.6509
32.4939
32.4939
32.4939
32.4939
32.4939
32.4939
32.4939
32.4939
32.5921
32.5921
32.5921
32.5921
32.5921
32.5921
32.5921
32.5921
33.7254
33.7254
33.7254
33.7254
33.7254
33.7254
33.7254
33.7254
35.0336
35.0336
35.0336
35.0336
35.0336
35.0336
35.0336
35.0336
36.1275
36.1275
36.1275
36.1275
36.1275
36.1275
36.1275
36.1275
36.9295
36.9295
36.9295
36.9295
36.9295
36.9295
36.9295
36.9295
37.3889
37.3889
37.3889
37.3889
37.3889
37.3889
37.3889
37.3889
37.4904
37.4904
37.4904
37.4904
37.4904
37.4904
37.4904
37.4904
37.2567
37.2567
37.2567
37.2567
37.2567
37.2567
37.2567
37.2567
36.744
36.744
36.744
36.744
36.744
36.744
36.744
36.744
36.0332
36.0332
36.0332
36.0332
36.0332
36.0332
36.0332
36.0332
35.2181
35.2181
35.2181
35.2181
35.2181
35.2181
35.2181
35.2181
34.3934
34.3934
34.3934
34.3934
34.3934
34.3934
34.3934
34.3934
33.6456
33.6456
33.6456
33.6456
33.6456
33.6456
33.6456
33.6456
33.0467
33.0467
33.0467
33.0467
33.0467
33.0467
33.0467
33.0467
32.6509
32.6509
32.6509
32.6509
32.6509
32.6509
32.6509
32.6509
32.4939
32.4939
32.4939
32.4939
32.4939
32.4939
32.4939
32.4939
32.5921
32.5921
32.5921
32.5921
32.5921
32.5921
32.5921
32.5921
32.76
32.76
32.76
32.76
32.76
32.76
32.76
32.76
34.2278
34.2278
34.2278
34.2278
34.2278
34.2278
34.2278
34.2278
35.5466
35.5466
35.5466
35.5466
35.5466
35.5466
35.5466
35.5466
36.6308
36.6308
36.6308
36.6308
36.6308
36.6308
36.6308
36.6308
37.4157
37.4157
37.4157
37.4157
37.4157
37.4157
37.4157
37.4157
37.8668
37.8668
37.8668
37.8668
37.8668
37.8668
37.8668
37.8668
37.9858
37.9858
37.9858
37.9858
37.9858
37.9858
37.9858
37.9858
37.8089
37.8089
37.8089
37.8089
37.8089
37.8089
37.8089
37.8089
37.4008
37.4008
37.4008
37.4008
37.4008
37.4008
37.4008
37.4008
36.8443
36.8443
36.8443
36.8443
36.8443
36.8443
36.8443
36.8443
36.229
36.229
36.229
36.229
36.229
36.229
36.229
36.229
35.6407
35.6407
35.6407
35.6407
35.6407
35.6407
35.6407
35.6407
35.1538
35.1538
35.1538
35.1538
35.1538
35.1538
35.1538
35.1538
34.8262
34.8262
34.8262
34.8262
34.8262
34.8262
34.8262
34.8262
34.6972
34.6972
34.6972
34.6972
34.6972
34.6972
34.6972
34.6972
34.7855
34.7855
34.7855
34.7855
34.7855
34.7855
34.7855
34.7855
32.76
32.76
32.76
32.76
32.76
32.76
32.76
32.76
34.2278
34.2278
34.2278
34.2278
34.2278
34.2278
34.2278
34.2278
35.5466
35.5466
35.5466
35.5466
35.5466
35.5466
35.5466
35.5466
36.6308
36.6308
36.6308
36.6308
36.6308
36.6308
36.6308
36.6308
37.4157
37.4157
37.4157
37.4157
37.4157
37.4157
37.4157
37.4157
37.8668
37.8668
37.8668
37.8668
37.8668
37.8668
37.8668
37.8668
37.9858
37.9858
37.9858
37.9858
37.9858
37.9858
37.9858
37.9858
37.8089
37.8089
37.8089
37.8089
37.8089
37.8089
37.8089
37.8089
37.4008
37.4008
37.4008
37.4008
37.4008
37.4008
37.4008
37.4008
36.8443
36.8443
36.8443
36.8443
36.8443
36.8443
36.8443
36.8443
36.229
36.229
36.229
36.229
36.229
36.229
36.229
36.229
35.6407
35.6407
35.6407
35.6407
35.6407
35.6407
35.6407
35.6407
35.1538
35.1538
35.1538
35.1538
35.1538
35.1538
35.1538
35.1538
34.8262
34.8262
34.8262
34.8262
34.8262
34.8262
34.8262
34.8262
34.6972
34.6972
34.6972
34.6972
34.6972
34.6972
34.6972
34.6972
34.7855
34.7855
34.7855
34.7855
34.7855
34.7855
34.7855
34.7855
32.76
32.76
32.76
32.76
32.76
32.76
32.76
32.76
34.2278
34.2278
34.2278
34.2278
34.2278
34.2278
34.2278
34.2278
35.5466
35.5466
35.5466
35.5466
35.5466
35.5466
35.5466
35.5466
36.6308
36.6308
36.6308
36.6308
36.6308
36.6308
36.6308
36.6308
37.4157
37.4157
37.4157
37.4157
37.4157
37.4157
37.4157
37.4157
37.8668
37.8668
37.8668
37.8668
37.8668
37.8668
37.8668
37.8668
37.9858
37.9858
37.9858
37.9858
37.9858
37.9858
37.9858
37.9858
37.8089
37.8089
37.8089
37.8089
37.8089
37.8089
37.8089
37.8089
37.4008
37.4008
37.4008
37.4008
37.4008
37.4008
37.4008
37.4008
36.8443
36.8443
36.8443
36.8443
36.8443
36.8443
36.8443
36.8443
36.229
36.229
36.229
36.229
36.229
36.229
36.229
36.229
35.6407
35.6407
35.6407
35.6407
35.6407
35.6407
35.6407
35.6407
35.1538
35.1538
35.1538
35.1538
35.1538
35.1538
35.1538
35.1538
34.8262
34.8262
34.8262
34.8262
34.8262
34.8262
34.8262
34.8262
34.6972
34.6972
34.6972
34.6972
34.6972
34.6972
34.6972
34.6972
34.7855
34.7855
34.7855
34.7855
34.7855
34.7855
34.7855
34.7855
32.76
32.76
32.76
32.76
32.76
32.76
32.76
32.76
34.2278
34.2278
34.2278
34.2278
34.2278
34.2278
34.2278
34.2278
35.5466
35.5466
35.5466
35.5466
35.5466
35.5466
35.5466
35.5466
36.6308
36.6308
36.6308
36.6308
36.6308
36.6308
36.6308
36.6308
37.4157
37.4157
37.4157
37.4157
37.4157
37.4157
37.4157
37.4157
37.8668
37.8668
37.8668
37.8668
37.8668
37.8668
37.8668
37.8668
37.9858
37.9858
37.9858
37.9858
37.9858
37.9858
37.9858
37.9858
37.8089
37.8089
37.8089
37.8089
37.8089
37.8089
37.8089
37.8089
37.4008
37.4008
37.4008
37.4008
37.4008
37.4008
37.4008
37.4008
36.8443
36.8443
36.8443
36.8443
36.8443
36.8443
36.8443
36.8443
36.229
36.229
36.229
36.229
36.229
36.229
36.229
36.229
35.6407
35.6407
35.6407
35.6407
35.6407
35.6407
35.6407
35.6407
35.1538
35.1538
35.1538
35.1538
35.1538
35.1538
35.1538
35.1538
34.8262
34.8262
34.8262
34.8262
34.8262
34.8262
34.8262
34.8262
34.6972
34.6972
34.6972
34.6972
34.6972
34.6972
34.6972
34.6972
34.7855
34.7855
34.7855
34.7855
34.7855
34.7855
34.7855
34.7855
32.2426
32.2426
32.2426
32.2426
32.2426
32.2426
32.2426
32.2426
33.8598
33.8598
33.8598
33.8598
33.8598
33.8598
33.8598
33.8598
35.3832
35.3832
35.3832
35.3832
35.3832
35.3832
35.3832
35.3832
36.7213
36.7213
36.7213
36.7213
36.7213
36.7213
36.7213
36.7213
37.7978
37.7978
37.7978
37.7978
37.7978
37.7978
37.7978
37.7978
38.5623
38.5623
38.5623
38.5623
38.5623
38.5623
38.5623
38.5623
38.9982
38.9982
38.9982
38.9982
38.9982
38.9982
38.9982
38.9982
39.124
39.124
39.124
39.124
39.124
39.124
39.124
39.124
38.9895
38.9895
38.9895
38.9895
38.9895
38.9895
38.9895
38.9895
38.667
38.667
38.667
38.667
38.667
38.667
38.667
38.667
38.2405
38.2405
38.2405
38.2405
38.2405
38.2405
38.2405
38.2405
37.7943
37.7943
37.7943
37.7943
37.7943
37.7943
37.7943
37.7943
37.4043
37.4043
37.4043
37.4043
37.4043
37.4043
37.4043
37.4043
37.1316
37.1316
37.1316
37.1316
37.1316
37.1316
37.1316
37.1316
37.0182
37.0182
37.0182
37.0182
37.0182
37.0182
37.0182
37.0182
37.0851
37.0851
37.0851
37.0851
37.0851
37.0851
37.0851
37.0851
32.2426
32.2426
32.2426
32.2426
32.2426
32.2426
32.2426
32.2426
33.8598
33.8598
33.8598
33.8598
33.8598
33.8598
33.8598
33.8598
35.3832
35.3832
35.3832
35.3832
35.3832
35.3832
35.3832
35.3832
36.7213
36.7213
36.7213
36.7213
36.7213
36.7213
36.7213
36.7213
37.7978
37.7978
37.7978
37.7978
37.7978
37.7978
37.7978
37.7978
38.5623
38.5623
38.5623
38.5623
38.5623
38.5623
38.5623
38.5623
38.9982
38.9982
38.9982
38.9982
38.9982
38.9982
38.9982
38.9982
39.124
39.124
39.124
39.124
39.124
39.124
39.124
39.124
38.9895
38.9895
38.9895
38.9895
38.9895
38.9895
38.9895
38.9895
38.667
38.667
38.667
38.667
38.667
38.667
38.667
38.667
38.2405
38.2405
38.2405
38.2405
38.2405
38.2405
38.2405
38.2405
37.7943
37.7943
37.7943
37.7943
37.7943
37.7943
37.7943
37.7943
37.4043
37.4043
37.4043
37.4043
37.4043
37.4043
37.4043
37.4043
37.1316
37.1316
37.1316
37.1316
37.1316
37.1316
37.1316
37.1316
37.0182
37.0182
37.0182
37.0182
37.0182
37.0182
37.0182
37.0182
37.0851
37.0851
37.0851
37.0851
37.0851
37.0851
37.0851
37.0851
32.2426
32.2426
32.2426
32.2426
32.2426
32.2426
32.2426
32.2426
33.8598
33.8598
33.8598
33.8598
33.8598
33.8598
33.8598
33.8598
35.3832
35.3832
35.3832
35.3832
35.3832
35.3832
35.3832
35.3832
36.7213
36.7213
36.7213
36.7213
36.7213
36.7213
36.7213
36.7213
37.7978
37.7978
37.7978
37.7978
37.7978
37.7978
37.7978
37.7978
38.5623
38.5623
38.5623
38.5623
38.5623
38.5623
38.5623
38.5623
38.9982
38.9982
38.9982
38.9982
38.9982
38.9982
38.9982
38.9982
39.124
39.124
39.124
39.124
39.124
39.124
39.124
39.124
38.9895
38.9895
38.9895
38.9895
38.9895
38.9895
38.9895
38.9895
38.667
38.667
38.667
38.667
38.667
38.667
38.667
38.667
38.2405
38.2405
38.2405
38.2405
38.2405
38.2405
38.2405
38.2405
37.7943
37.7943
37.7943
37.7943
37.7943
37.7943
37.7943
37.7943
37.4043
37.4043
37.4043
37.4043
37.4043
37.4043
37.4043
37.4043
37.1316
37.1316
37.1316
37.1316
37.1316
37.1316
37.1316
37.1316
37.0182
37.0182
37.0182
37.0182
37.0182
37.0182
37.0182
37.0182
37.0851
37.0851
37.0851
37.0851
37.0851
37.0851
37.0851
37.0851
32.2426
32.2426
32.2426
32.2426
32.2426
32.2426
32.2426
32.2426
33.8598
33.8598
33.8598
33.8598
33.8598
33.8598
33.8598
33.8598
35.3832
35.3832
35.3832
35.3832
35.3832
35.3832
35.3832
35.3832
36.7213
36.7213
36.7213
36.7213
36.7213
36.7213
36.7213
36.7213
37.7978
37.7978
37.7978
37.7978
37.7978
37.7978
37.7978
37.7978
38.5623
38.5623
38.5623
38.5623
38.5623
38.5623
38.5623
38.5623
38.9982
38.9982
38.9982
38.9982
38.9982
38.9982
38.9982
38.9982
39.124
39.124
39.124
39.124
39.124
39.124
39.124
39.124
38.9895
38.9895
38.9895
38.9895
38.9895
38.9895
38.9895
38.9895
38.667
38.667
38.667
38.667
38.667
38.667
38.667
38.667
38.2405
38.2405
38.2405
38.2405
38.2405
38.2405
38.2405
38.2405
37.7943
37.7943
37.7943
37.7943
37.7943
37.7943
37.7943
37.7943
37.4043
37.4043
37.4043
37.4043
37.4043
37.4043
37.4043
37.4043
37.1316
37.1316
37.1316
37.1316
37.1316
37.1316
37.1316
37.1316
37.0182
37.0182
37.0182
37.0182
37.0182
37.0182
37.0182
37.0182
37.0851
37.0851
37.0851
37.0851
37.0851
37.0851
37.0851
37.0851
32.1388
32.1388
32.1388
32.1388
32.1388
32.1388
32.1388
32.1388
33.896
33.896
33.896
33.896
33.896
33.896
33.896
33.896
35.6039
35.6039
35.6039
35.6039
35.6039
35.6039
35.6039
35.6039
37.1658
37.1658
37.1658
37.1658
37.1658
37.1658
37.1658
37.1658
38.4959
38.4959
38.4959
38.4959
38.4959
38.4959
38.4959
38.4959
39.5307
39.5307
39.5307
39.5307
39.5307
39.5307
39.5307
39.5307
40.238
40.238
40.238
40.238
40.238
40.238
40.238
40.238
40.6212
40.6212
40.6212
40.6212
40.6212
40.6212
40.6212
40.6212
40.7172
40.7172
40.7172
40.7172
40.7172
40.7172
40.7172
40.7172
40.589
40.589
40.589
40.589
40.589
40.589
40.589
40.589
40.3154
40.3154
40.3154
40.3154
40.3154
40.3154
40.3154
40.3154
39.9793
39.9793
39.9793
39.9793
39.9793
39.9793
39.9793
39.9793
39.6578
39.6578
39.6578
39.6578
39.6578
39.6578
39.6578
39.6578
39.4145
39.4145
39.4145
39.4145
39.4145
39.4145
39.4145
39.4145
39.2943
39.2943
39.2943
39.2943
39.2943
39.2943
39.2943
39.2943
39.3198
39.3198
39.3198
39.3198
39.3198
39.3198
39.3198
39.3198
32.1388
32.1388
32.1388
32.1388
32.1388
32.1388
32.1388
32.1388
33.896
33.896
33.896
33.896
33.896
33.896
33.896
33.896
35.6039
35.6039
35.6039
35.6039
35.6039
35.6039
35.6039
35.6039
37.1658
37.1658
37.1658
37.1658
37.1658
37.1658
37.1658
37.1658
38.4959
38.4959
38.4959
38.4959
38.4959
38.4959
38.4959
38.4959
39.5307
39.5307
39.5307
39.5307
39.5307
39.5307
39.5307
39.5307
40.238
40.238
40.238
40.238
40.238
40.238
40.238
40.238
40.6212
40.6212
40.6212
40.6212
40.6212
40.6212
40.6212
40.6212
40.7172
40.7172
40.7172
40.7172
40.7172
40.7172
40.7172
40.7172
40.589
40.589
40.589
40.589
40.589
40.589
40.589
40.589
40.3154
40.3154
40.3154
40.3154
40.3154
40.3154
40.3154
40.3154
39.9793
39.9793
39.9793
39.9793
39.9793
39.9793
39.9793
39.9793
39.6578
39.6578
39.6578
39.6578
39.6578
39.6578
39.6578
39.6578
39.4145
39.4145
39.4145
39.4145
39.4145
39.4145
39.4145
39.4145
39.2943
39.2943
39.2943
39.2943
39.2943
39.2943
39.2943
39.2943
39.3198
39.3198
39.3198
39.3198
39.3198
39.3198
39.3198
39.3198
32.1388
32.1388
32.1388
32.1388
32.1388
32.1388
32.1388
32.1388
33.896
33.896
33.896
33.896
33.896
33.896
33.896
33.896
35.6039
35.6039
35.6039
35.6039
35.6039
35.6039
35.6039
35.6039
37.1658
37.1658
37.1658
37.1658
37.1658
37.1658
37.1658
37.1658
38.4959
38.4959
38.4959
38.4959
38.4959
38.4959
38.4959
38.4959
39.5307
39.5307
39.5307
39.5307
39.5307
39.5307
39.5307
39.5307
40.238
40.238
40.238
40.238
40.238
40.238
40.238
40.238
40.6212
40.6212
40.6212
40.6212
40.6212
40.6212
40.6212
40.6212
40.7172
40.7172
40.7172
40.7172
40.7172
40.7172
40.7172
40.7172
40.589
40.589
40.589
40.589
40.589
40.589
40.589
40.589
40.3154
40.3154
40.3154
40.3154
40.3154
40.3154
40.3154
40.3154
39.9793
39.9793
39.9793
39.9793
39.9793
39.9793
39.9793
39.9793
39.6578
39.6578
39.6578
39.6578
39.6578
39.6578
39.6578
39.6578
39.4145
39.4145
39.4145
39.4145
39.4145
39.4145
39.4145
39.4145
39.2943
39.2943
39.2943
39.2943
39.2943
39.2943
39.2943
39.2943
39.3198
39.3198
39.3198
39.3198
39.3198
39.3198
39.3198
39.3198
32.1388
32.1388
32.1388
32.1388
32.1388
32.1388
32.1388
32.1388
33.896
33.896
33.896
33.896
33.896
33.896
33.896
33.896
35.6039
35.6039
35.6039
35.6039
35.6039
35.6039
35.6039
35.6039
37.1658
37.1658
37.1658
37.1658
37.1658
37.1658
37.1658
37.1658
38.4959
38.4959
38.4959
38.4959
38.4959
38.4959
38.4959
38.4959
39.5307
39.5307
39.5307
39.5307
39.5307
39.5307
39.5307
39.5307
40.238
40.238
40.238
40.238
40.238
40.238
40.238
40.238
40.6212
40.6212
40.6212
40.6212
40.6212
40.6212
40.6212
40.6212
40.7172
40.7172
40.7172
40.7172
40.7172
40.7172
40.7172
40.7172
40.589
40.589
40.589
40.589
40.589
40.589
40.589
40.589
40.3154
40.3154
40.3154
40.3154
40.3154
40.3154
40.3154
40.3154
39.9793
39.9793
39.9793
39.9793
39.9793
39.9793
39.9793
39.9793
39.6578
39.6578
39.6578
39.6578
39.6578
39.6578
39.6578
39.6578
39.4145
39.4145
39.4145
39.4145
39.4145
39.4145
39.4145
39.4145
39.2943
39.2943
39.2943
39.2943
39.2943
39.2943
39.2943
39.2943
39.3198
39.3198
39.3198
39.3198
39.3198
39.3198
39.3198
39.3198
