8192
36.8594
36.8594
36.8594
36.8594
36.8594
36.8594
36.8594
36.8594
38.9814
38.9814
38.9814
38.9814
38.9814
38.9814
38.9814
38.9814
41.936
41.936
41.936
41.936
41.936
41.936
41.936
41.936
45.7049
45.7049
45.7049
45.7049
45.7049
45.7049
45.7049
45.7049
50.2208
50.2208
50.2208
50.2208
50.2208
50.2208
50.2208
50.2208
55.3399
55.3399
55.3399
55.3399
55.3399
55.3399
55.3399
55.3399
60.8165
60.8165
60.8165
60.8165
60.8165
60.8165
60.8165
60.8165
66.2945
66.2945
66.2945
66.2945
66.2945
66.2945
66.2945
66.2945
71.3206
71.3206
71.3206
71.3206
71.3206
71.3206
71.3206
71.3206
75.3911
75.3911
75.3911
75.3911
75.3911
75.3911
75.3911
75.3911
78.0287
78.0287
78.0287
78.0287
78.0287
78.0287
78.0287
78.0287
78.872
78.872
78.872
78.872
78.872
78.872
78.872
78.872
77.7527
77.7527
77.7527
77.7527
77.7527
77.7527
77.7527
77.7527
74.7356
74.7356
74.7356
74.7356
74.7356
74.7356
74.7356
74.7356
70.1029
70.1029
70.1029
70.1029
70.1029
70.1029
70.1029
70.1029
64.2939
64.2939
64.2939
64.2939
64.2939
64.2939
64.2939
64.2939
36.8594
36.8594
36.8594
36.8594
36.8594
36.8594
36.8594
36.8594
38.9814
38.9814
38.9814
38.9814
38.9814
38.9814
38.9814
38.9814
41.936
41.936
41.936
41.936
41.936
41.936
41.936
41.936
45.7049
45.7049
45.7049
45.7049
45.7049
45.7049
45.7049
45.7049
50.2208
50.2208
50.2208
50.2208
50.2208
50.2208
50.2208
50.2208
55.3399
55.3399
55.3399
55.3399
55.3399
55.3399
55.3399
55.3399
60.8165
60.8165
60.8165
60.8165
60.8165
60.8165
60.8165
60.8165
66.2945
66.2945
66.2945
66.2945
66.2945
66.2945
66.2945
66.2945
71.3206
71.3206
71.3206
71.3206
71.3206
71.3206
71.3206
71.3206
75.3911
75.3911
75.3911
75.3911
75.3911
75.3911
75.3911
75.3911
78.0287
78.0287
78.0287
78.0287
78.0287
78.0287
78.0287
78.0287
78.872
78.872
78.872
78.872
78.872
78.872
78.872
78.872
77.7527
77.7527
77.7527
77.7527
77.7527
77.7527
77.7527
77.7527
74.7356
74.7356
74.7356
74.7356
74.7356
74.7356
74.7356
74.7356
70.1029
70.1029
70.1029
70.1029
70.1029
70.1029
70.1029
70.1029
64.2939
64.2939
64.2939
64.2939
64.2939
64.2939
64.2939
64.2939
36.8594
36.8594
36.8594
36.8594
36.8594
36.8594
36.8594
36.8594
38.9814
38.9814
38.9814
38.9814
38.9814
38.9814
38.9814
38.9814
41.936
41.936
41.936
41.936
41.936
41.936
41.936
41.936
45.7049
45.7049
45.7049
45.7049
45.7049
45.7049
45.7049
45.7049
50.2208
50.2208
50.2208
50.2208
50.2208
50.2208
50.2208
50.2208
55.3399
55.3399
55.3399
55.3399
55.3399
55.3399
55.3399
55.3399
60.8165
60.8165
60.8165
60.8165
60.8165
60.8165
60.8165
60.8165
66.2945
66.2945
66.2945
66.2945
66.2945
66.2945
66.2945
66.2945
71.3206
71.3206
71.3206
71.3206
71.3206
71.3206
71.3206
71.3206
75.3911
75.3911
75.3911
75.3911
75.3911
75.3911
75.3911
75.3911
78.0287
78.0287
78.0287
78.0287
78.0287
78.0287
78.0287
78.0287
78.872
78.872
78.872
78.872
78.872
78.872
78.872
78.872
77.7527
77.7527
77.7527
77.7527
77.7527
77.7527
77.7527
77.7527
74.7356
74.7356
74.7356
74.7356
74.7356
74.7356
74.7356
74.7356
70.1029
70.1029
70.1029
70.1029
70.1029
70.1029
70.1029
70.1029
64.2939
64.2939
64.2939
64.2939
64.2939
64.2939
64.2939
64.2939
36.8594
36.8594
36.8594
36.8594
36.8594
36.8594
36.8594
36.8594
38.9814
38.9814
38.9814
38.9814
38.9814
38.9814
38.9814
38.9814
41.936
41.936
41.936
41.936
41.936
41.936
41.936
41.936
45.7049
45.7049
45.7049
45.7049
45.7049
45.7049
45.7049
45.7049
50.2208
50.2208
50.2208
50.2208
50.2208
50.2208
50.2208
50.2208
55.3399
55.3399
55.3399
55.3399
55.3399
55.3399
55.3399
55.3399
60.8165
60.8165
60.8165
60.8165
60.8165
60.8165
60.8165
60.8165
66.2945
66.2945
66.2945
66.2945
66.2945
66.2945
66.2945
66.2945
71.3206
71.3206
71.3206
71.3206
71.3206
71.3206
71.3206
71.3206
75.3911
75.3911
75.3911
75.3911
75.3911
75.3911
75.3911
75.3911
78.0287
78.0287
78.0287
78.0287
78.0287
78.0287
78.0287
78.0287
78.872
78.872
78.872
78.872
78.872
78.872
78.872
78.872
77.7527
77.7527
77.7527
77.7527
77.7527
77.7527
77.7527
77.7527
74.7356
74.7356
74.7356
74.7356
74.7356
74.7356
74.7356
74.7356
70.1029
70.1029
70.1029
70.1029
70.1029
70.1029
70.1029
70.1029
64.2939
64.2939
64.2939
64.2939
64.2939
64.2939
64.2939
64.2939
34.5636
34.5636
34.5636
34.5636
34.5636
34.5636
34.5636
34.5636
36.5611
36.5611
36.5611
36.5611
36.5611
36.5611
36.5611
36.5611
39.3423
39.3423
39.3423
39.3423
39.3423
39.3423
39.3423
39.3423
42.892
42.892
42.892
42.892
42.892
42.892
42.892
42.892
47.1502
47.1502
47.1502
47.1502
47.1502
47.1502
47.1502
47.1502
51.9854
51.9854
51.9854
51.9854
51.9854
51.9854
51.9854
51.9854
57.1731
57.1731
57.1731
57.1731
57.1731
57.1731
57.1731
57.1731
62.3848
62.3848
62.3848
62.3848
62.3848
62.3848
62.3848
62.3848
67.2009
67.2009
67.2009
67.2009
67.2009
67.2009
67.2009
67.2009
71.1537
71.1537
71.1537
71.1537
71.1537
71.1537
71.1537
71.1537
73.7967
73.7967
73.7967
73.7967
73.7967
73.7967
73.7967
73.7967
74.787
74.787
74.787
74.787
74.787
74.787
74.787
74.787
73.9575
73.9575
73.9575
73.9575
73.9575
73.9575
73.9575
73.9575
71.3537
71.3537
71.3537
71.3537
71.3537
71.3537
71.3537
71.3537
67.2243
67.2243
67.2243
67.2243
67.2243
67.2243
67.2243
67.2243
61.964
61.964
61.964
61.964
61.964
61.964
61.964
61.964
34.5636
34.5636
34.5636
34.5636
34.5636
34.5636
34.5636
34.5636
36.5611
36.5611
36.5611
36.5611
36.5611
36.5611
36.5611
36.5611
39.3423
39.3423
39.3423
39.3423
39.3423
39.3423
39.3423
39.3423
42.892
42.892
42.892
42.892
42.892
42.892
42.892
42.892
47.1502
47.1502
47.1502
47.1502
47.1502
47.1502
47.1502
47.1502
51.9854
51.9854
51.9854
51.9854
51.9854
51.9854
51.9854
51.9854
57.1731
57.1731
57.1731
57.1731
57.1731
57.1731
57.1731
57.1731
62.3848
62.3848
62.3848
62.3848
62.3848
62.3848
62.3848
62.3848
67.2009
67.2009
67.2009
67.2009
67.2009
67.2009
67.2009
67.2009
71.1537
71.1537
71.1537
71.1537
71.1537
71.1537
71.1537
71.1537
73.7967
73.7967
73.7967
73.7967
73.7967
73.7967
73.7967
73.7967
74.787
74.787
74.787
74.787
74.787
74.787
74.787
74.787
73.9575
73.9575
73.9575
73.9575
73.9575
73.9575
73.9575
73.9575
71.3537
71.3537
71.3537
71.3537
71.3537
71.3537
71.3537
71.3537
67.2243
67.2243
67.2243
67.2243
67.2243
67.2243
67.2243
67.2243
61.964
61.964
61.964
61.964
61.964
61.964
61.964
61.964
34.5636
34.5636
34.5636
34.5636
34.5636
34.5636
34.5636
34.5636
36.5611
36.5611
36.5611
36.5611
36.5611
36.5611
36.5611
36.5611
39.3423
39.3423
39.3423
39.3423
39.3423
39.3423
39.3423
39.3423
42.892
42.892
42.892
42.892
42.892
42.892
42.892
42.892
47.1502
47.1502
47.1502
47.1502
47.1502
47.1502
47.1502
47.1502
51.9854
51.9854
51.9854
51.9854
51.9854
51.9854
51.9854
51.9854
57.1731
57.1731
57.1731
57.1731
57.1731
57.1731
57.1731
57.1731
62.3848
62.3848
62.3848
62.3848
62.3848
62.3848
62.3848
62.3848
67.2009
67.2009
67.2009
67.2009
67.2009
67.2009
67.2009
67.2009
71.1537
71.1537
71.1537
71.1537
71.1537
71.1537
71.1537
71.1537
73.7967
73.7967
73.7967
73.7967
73.7967
73.7967
73.7967
73.7967
74.787
74.787
74.787
74.787
74.787
74.787
74.787
74.787
73.9575
73.9575
73.9575
73.9575
73.9575
73.9575
73.9575
73.9575
71.3537
71.3537
71.3537
71.3537
71.3537
71.3537
71.3537
71.3537
67.2243
67.2243
67.2243
67.2243
67.2243
67.2243
67.2243
67.2243
61.964
61.964
61.964
61.964
61.964
61.964
61.964
61.964
34.5636
34.5636
34.5636
34.5636
34.5636
34.5636
34.5636
34.5636
36.5611
36.5611
36.5611
36.5611
36.5611
36.5611
36.5611
36.5611
39.3423
39.3423
39.3423
39.3423
39.3423
39.3423
39.3423
39.3423
42.892
42.892
42.892
42.892
42.892
42.892
42.892
42.892
47.1502
47.1502
47.1502
47.1502
47.1502
47.1502
47.1502
47.1502
51.9854
51.9854
51.9854
51.9854
51.9854
51.9854
51.9854
51.9854
57.1731
57.1731
57.1731
57.1731
57.1731
57.1731
57.1731
57.1731
62.3848
62.3848
62.3848
62.3848
62.3848
62.3848
62.3848
62.3848
67.2009
67.2009
67.2009
67.2009
67.2009
67.2009
67.2009
67.2009
71.1537
71.1537
71.1537
71.1537
71.1537
71.1537
71.1537
71.1537
73.7967
73.7967
73.7967
73.7967
73.7967
73.7967
73.7967
73.7967
74.787
74.787
74.787
74.787
74.787
74.787
74.787
74.787
73.9575
73.9575
73.9575
73.9575
73.9575
73.9575
73.9575
73.9575
71.3537
71.3537
71.3537
71.3537
71.3537
71.3537
71.3537
71.3537
67.2243
67.2243
67.2243
67.2243
67.2243
67.2243
67.2243
67.2243
61.964
61.964
61.964
61.964
61.964
61.964
61.964
61.964
32.4393
32.4393
32.4393
32.4393
32.4393
32.4393
32.4393
32.4393
34.2771
34.2771
34.2771
34.2771
34.2771
34.2771
34.2771
34.2771
36.8383
36.8383
36.8383
36.8383
36.8383
36.8383
36.8383
36.8383
40.1076
40.1076
40.1076
40.1076
40.1076
40.1076
40.1076
40.1076
44.0284
44.0284
44.0284
44.0284
44.0284
44.0284
44.0284
44.0284
48.4797
48.4797
48.4797
48.4797
48.4797
48.4797
48.4797
48.4797
53.2563
53.2563
53.2563
53.2563
53.2563
53.2563
53.2563
53.2563
58.0605
58.0605
58.0605
58.0605
58.0605
58.0605
58.0605
58.0605
62.5129
62.5129
62.5129
62.5129
62.5129
62.5129
62.5129
62.5129
66.192
66.192
66.192
66.192
66.192
66.192
66.192
66.192
68.6947
68.6947
68.6947
68.6947
68.6947
68.6947
68.6947
68.6947
69.7109
69.7109
69.7109
69.7109
69.7109
69.7109
69.7109
69.7109
69.0866
69.0866
69.0866
69.0866
69.0866
69.0866
69.0866
69.0866
66.8565
66.8565
66.8565
66.8565
66.8565
66.8565
66.8565
66.8565
63.2361
63.2361
63.2361
63.2361
63.2361
63.2361
63.2361
63.2361
58.5726
58.5726
58.5726
58.5726
58.5726
58.5726
58.5726
58.5726
32.4393
32.4393
32.4393
32.4393
32.4393
32.4393
32.4393
32.4393
34.2771
34.2771
34.2771
34.2771
34.2771
34.2771
34.2771
34.2771
36.8383
36.8383
36.8383
36.8383
36.8383
36.8383
36.8383
36.8383
40.1076
40.1076
40.1076
40.1076
40.1076
40.1076
40.1076
40.1076
44.0284
44.0284
44.0284
44.0284
44.0284
44.0284
44.0284
44.0284
48.4797
48.4797
48.4797
48.4797
48.4797
48.4797
48.4797
48.4797
53.2563
53.2563
53.2563
53.2563
53.2563
53.2563
53.2563
53.2563
58.0605
58.0605
58.0605
58.0605
58.0605
58.0605
58.0605
58.0605
62.5129
62.5129
62.5129
62.5129
62.5129
62.5129
62.5129
62.5129
66.192
66.192
66.192
66.192
66.192
66.192
66.192
66.192
68.6947
68.6947
68.6947
68.6947
68.6947
68.6947
68.6947
68.6947
69.7109
69.7109
69.7109
69.7109
69.7109
69.7109
69.7109
69.7109
69.0866
69.0866
69.0866
69.0866
69.0866
69.0866
69.0866
69.0866
66.8565
66.8565
66.8565
66.8565
66.8565
66.8565
66.8565
66.8565
63.2361
63.2361
63.2361
63.2361
63.2361
63.2361
63.2361
63.2361
58.5726
58.5726
58.5726
58.5726
58.5726
58.5726
58.5726
58.5726
32.4393
32.4393
32.4393
32.4393
32.4393
32.4393
32.4393
32.4393
34.2771
34.2771
34.2771
34.2771
34.2771
34.2771
34.2771
34.2771
36.8383
36.8383
36.8383
36.8383
36.8383
36.8383
36.8383
36.8383
40.1076
40.1076
40.1076
40.1076
40.1076
40.1076
40.1076
40.1076
44.0284
44.0284
44.0284
44.0284
44.0284
44.0284
44.0284
44.0284
48.4797
48.4797
48.4797
48.4797
48.4797
48.4797
48.4797
48.4797
53.2563
53.2563
53.2563
53.2563
53.2563
53.2563
53.2563
53.2563
58.0605
58.0605
58.0605
58.0605
58.0605
58.0605
58.0605
58.0605
62.5129
62.5129
62.5129
62.5129
62.5129
62.5129
62.5129
62.5129
66.192
66.192
66.192
66.192
66.192
66.192
66.192
66.192
68.6947
68.6947
68.6947
68.6947
68.6947
68.6947
68.6947
68.6947
69.7109
69.7109
69.7109
69.7109
69.7109
69.7109
69.7109
69.7109
69.0866
69.0866
69.0866
69.0866
69.0866
69.0866
69.0866
69.0866
66.8565
66.8565
66.8565
66.8565
66.8565
66.8565
66.8565
66.8565
63.2361
63.2361
63.2361
63.2361
63.2361
63.2361
63.2361
63.2361
58.5726
58.5726
58.5726
58.5726
58.5726
58.5726
58.5726
58.5726
32.4393
32.4393
32.4393
32.4393
32.4393
32.4393
32.4393
32.4393
34.2771
34.2771
34.2771
34.2771
34.2771
34.2771
34.2771
34.2771
36.8383
36.8383
36.8383
36.8383
36.8383
36.8383
36.8383
36.8383
40.1076
40.1076
40.1076
40.1076
40.1076
40.1076
40.1076
40.1076
44.0284
44.0284
44.0284
44.0284
44.0284
44.0284
44.0284
44.0284
48.4797
48.4797
48.4797
48.4797
48.4797
48.4797
48.4797
48.4797
53.2563
53.2563
53.2563
53.2563
53.2563
53.2563
53.2563
53.2563
58.0605
58.0605
58.0605
58.0605
58.0605
58.0605
58.0605
58.0605
62.5129
62.5129
62.5129
62.5129
62.5129
62.5129
62.5129
62.5129
66.192
66.192
66.192
66.192
66.192
66.192
66.192
66.192
68.6947
68.6947
68.6947
68.6947
68.6947
68.6947
68.6947
68.6947
69.7109
69.7109
69.7109
69.7109
69.7109
69.7109
69.7109
69.7109
69.0866
69.0866
69.0866
69.0866
69.0866
69.0866
69.0866
69.0866
66.8565
66.8565
66.8565
66.8565
66.8565
66.8565
66.8565
66.8565
63.2361
63.2361
63.2361
63.2361
63.2361
63.2361
63.2361
63.2361
58.5726
58.5726
58.5726
58.5726
58.5726
58.5726
58.5726
58.5726
30.5977
30.5977
30.5977
30.5977
30.5977
30.5977
30.5977
30.5977
32.2612
32.2612
32.2612
32.2612
32.2612
32.2612
32.2612
32.2612
34.5827
34.5827
34.5827
34.5827
34.5827
34.5827
34.5827
34.5827
37.5437
37.5437
37.5437
37.5437
37.5437
37.5437
37.5437
37.5437
41.0884
41.0884
41.0884
41.0884
41.0884
41.0884
41.0884
41.0884
45.1034
45.1034
45.1034
45.1034
45.1034
45.1034
45.1034
45.1034
49.4011
49.4011
49.4011
49.4011
49.4011
49.4011
49.4011
49.4011
53.7133
53.7133
53.7133
53.7133
53.7133
53.7133
53.7133
53.7133
57.7031
57.7031
57.7031
57.7031
57.7031
57.7031
57.7031
57.7031
60.9988
60.9988
60.9988
60.9988
60.9988
60.9988
60.9988
60.9988
63.2489
63.2489
63.2489
63.2489
63.2489
63.2489
63.2489
63.2489
64.1843
64.1843
64.1843
64.1843
64.1843
64.1843
64.1843
64.1843
63.673
63.673
63.673
63.673
63.673
63.673
63.673
63.673
61.7465
61.7465
61.7465
61.7465
61.7465
61.7465
61.7465
61.7465
58.5917
58.5917
58.5917
58.5917
58.5917
58.5917
58.5917
58.5917
54.51
54.51
54.51
54.51
54.51
54.51
54.51
54.51
30.5977
30.5977
30.5977
30.5977
30.5977
30.5977
30.5977
30.5977
32.2612
32.2612
32.2612
32.2612
32.2612
32.2612
32.2612
32.2612
34.5827
34.5827
34.5827
34.5827
34.5827
34.5827
34.5827
34.5827
37.5437
37.5437
37.5437
37.5437
37.5437
37.5437
37.5437
37.5437
41.0884
41.0884
41.0884
41.0884
41.0884
41.0884
41.0884
41.0884
45.1034
45.1034
45.1034
45.1034
45.1034
45.1034
45.1034
45.1034
49.4011
49.4011
49.4011
49.4011
49.4011
49.4011
49.4011
49.4011
53.7133
53.7133
53.7133
53.7133
53.7133
53.7133
53.7133
53.7133
57.7031
57.7031
57.7031
57.7031
57.7031
57.7031
57.7031
57.7031
60.9988
60.9988
60.9988
60.9988
60.9988
60.9988
60.9988
60.9988
63.2489
63.2489
63.2489
63.2489
63.2489
63.2489
63.2489
63.2489
64.1843
64.1843
64.1843
64.1843
64.1843
64.1843
64.1843
64.1843
63.673
63.673
63.673
63.673
63.673
63.673
63.673
63.673
61.7465
61.7465
61.7465
61.7465
61.7465
61.7465
61.7465
61.7465
58.5917
58.5917
58.5917
58.5917
58.5917
58.5917
58.5917
58.5917
54.51
54.51
54.51
54.51
54.51
54.51
54.51
54.51
30.5977
30.5977
30.5977
30.5977
30.5977
30.5977
30.5977
30.5977
32.2612
32.2612
32.2612
32.2612
32.2612
32.2612
32.2612
32.2612
34.5827
34.5827
34.5827
34.5827
34.5827
34.5827
34.5827
34.5827
37.5437
37.5437
37.5437
37.5437
37.5437
37.5437
37.5437
37.5437
41.0884
41.0884
41.0884
41.0884
41.0884
41.0884
41.0884
41.0884
45.1034
45.1034
45.1034
45.1034
45.1034
45.1034
45.1034
45.1034
49.4011
49.4011
49.4011
49.4011
49.4011
49.4011
49.4011
49.4011
53.7133
53.7133
53.7133
53.7133
53.7133
53.7133
53.7133
53.7133
57.7031
57.7031
57.7031
57.7031
57.7031
57.7031
57.7031
57.7031
60.9988
60.9988
60.9988
60.9988
60.9988
60.9988
60.9988
60.9988
63.2489
63.2489
63.2489
63.2489
63.2489
63.2489
63.2489
63.2489
64.1843
64.1843
64.1843
64.1843
64.1843
64.1843
64.1843
64.1843
63.673
63.673
63.673
63.673
63.673
63.673
63.673
63.673
61.7465
61.7465
61.7465
61.7465
61.7465
61.7465
61.7465
61.7465
58.5917
58.5917
58.5917
58.5917
58.5917
58.5917
58.5917
58.5917
54.51
54.51
54.51
54.51
54.51
54.51
54.51
54.51
30.5977
30.5977
30.5977
30.5977
30.5977
30.5977
30.5977
30.5977
32.2612
32.2612
32.2612
32.2612
32.2612
32.2612
32.2612
32.2612
34.5827
34.5827
34.5827
34.5827
34.5827
34.5827
34.5827
34.5827
37.5437
37.5437
37.5437
37.5437
37.5437
37.5437
37.5437
37.5437
41.0884
41.0884
41.0884
41.0884
41.0884
41.0884
41.0884
41.0884
45.1034
45.1034
45.1034
45.1034
45.1034
45.1034
45.1034
45.1034
49.4011
49.4011
49.4011
49.4011
49.4011
49.4011
49.4011
49.4011
53.7133
53.7133
53.7133
53.7133
53.7133
53.7133
53.7133
53.7133
57.7031
57.7031
57.7031
57.7031
57.7031
57.7031
57.7031
57.7031
60.9988
60.9988
60.9988
60.9988
60.9988
60.9988
60.9988
60.9988
63.2489
63.2489
63.2489
63.2489
63.2489
63.2489
63.2489
63.2489
64.1843
64.1843
64.1843
64.1843
64.1843
64.1843
64.1843
64.1843
63.673
63.673
63.673
63.673
63.673
63.673
63.673
63.673
61.7465
61.7465
61.7465
61.7465
61.7465
61.7465
61.7465
61.7465
58.5917
58.5917
58.5917
58.5917
58.5917
58.5917
58.5917
58.5917
54.51
54.51
54.51
54.51
54.51
54.51
54.51
54.51
29.1176
29.1176
29.1176
29.1176
29.1176
29.1176
29.1176
29.1176
30.6077
30.6077
30.6077
30.6077
30.6077
30.6077
30.6077
30.6077
32.6897
32.6897
32.6897
32.6897
32.6897
32.6897
32.6897
32.6897
35.3405
35.3405
35.3405
35.3405
35.3405
35.3405
35.3405
35.3405
38.5028
38.5028
38.5028
38.5028
38.5028
38.5028
38.5028
38.5028
42.0682
42.0682
42.0682
42.0682
42.0682
42.0682
42.0682
42.0682
45.8638
45.8638
45.8638
45.8638
45.8638
45.8638
45.8638
45.8638
49.649
49.649
49.649
49.649
49.649
49.649
49.649
49.649
53.1273
53.1273
53.1273
53.1273
53.1273
53.1273
53.1273
53.1273
55.9775
55.9775
55.9775
55.9775
55.9775
55.9775
55.9775
55.9775
57.9002
57.9002
57.9002
57.9002
57.9002
57.9002
57.9002
57.9002
58.6717
58.6717
58.6717
58.6717
58.6717
58.6717
58.6717
58.6717
58.187
58.187
58.187
58.187
58.187
58.187
58.187
58.187
56.4809
56.4809
56.4809
56.4809
56.4809
56.4809
56.4809
56.4809
53.7184
53.7184
53.7184
53.7184
53.7184
53.7184
53.7184
53.7184
50.1587
50.1587
50.1587
50.1587
50.1587
50.1587
50.1587
50.1587
29.1176
29.1176
29.1176
29.1176
29.1176
29.1176
29.1176
29.1176
30.6077
30.6077
30.6077
30.6077
30.6077
30.6077
30.6077
30.6077
32.6897
32.6897
32.6897
32.6897
32.6897
32.6897
32.6897
32.6897
35.3405
35.3405
35.3405
35.3405
35.3405
35.3405
35.3405
35.3405
38.5028
38.5028
38.5028
38.5028
38.5028
38.5028
38.5028
38.5028
42.0682
42.0682
42.0682
42.0682
42.0682
42.0682
42.0682
42.0682
45.8638
45.8638
45.8638
45.8638
45.8638
45.8638
45.8638
45.8638
49.649
49.649
49.649
49.649
49.649
49.649
49.649
49.649
53.1273
53.1273
53.1273
53.1273
53.1273
53.1273
53.1273
53.1273
55.9775
55.9775
55.9775
55.9775
55.9775
55.9775
55.9775
55.9775
57.9002
57.9002
57.9002
57.9002
57.9002
57.9002
57.9002
57.9002
58.6717
58.6717
58.6717
58.6717
58.6717
58.6717
58.6717
58.6717
58.187
58.187
58.187
58.187
58.187
58.187
58.187
58.187
56.4809
56.4809
56.4809
56.4809
56.4809
56.4809
56.4809
56.4809
53.7184
53.7184
53.7184
53.7184
53.7184
53.7184
53.7184
53.7184
50.1587
50.1587
50.1587
50.1587
50.1587
50.1587
50.1587
50.1587
29.1176
29.1176
29.1176
29.1176
29.1176
29.1176
29.1176
29.1176
30.6077
30.6077
30.6077
30.6077
30.6077
30.6077
30.6077
30.6077
32.6897
32.6897
32.6897
32.6897
32.6897
32.6897
32.6897
32.6897
35.3405
35.3405
35.3405
35.3405
35.3405
35.3405
35.3405
35.3405
38.5028
38.5028
38.5028
38.5028
38.5028
38.5028
38.5028
38.5028
42.0682
42.0682
42.0682
42.0682
42.0682
42.0682
42.0682
42.0682
45.8638
45.8638
45.8638
45.8638
45.8638
45.8638
45.8638
45.8638
49.649
49.649
49.649
49.649
49.649
49.649
49.649
49.649
53.1273
53.1273
53.1273
53.1273
53.1273
53.1273
53.1273
53.1273
55.9775
55.9775
55.9775
55.9775
55.9775
55.9775
55.9775
55.9775
57.9002
57.9002
57.9002
57.9002
57.9002
57.9002
57.9002
57.9002
58.6717
58.6717
58.6717
58.6717
58.6717
58.6717
58.6717
58.6717
58.187
58.187
58.187
58.187
58.187
58.187
58.187
58.187
56.4809
56.4809
56.4809
56.4809
56.4809
56.4809
56.4809
56.4809
53.7184
53.7184
53.7184
53.7184
53.7184
53.7184
53.7184
53.7184
50.1587
50.1587
50.1587
50.1587
50.1587
50.1587
50.1587
50.1587
29.1176
29.1176
29.1176
29.1176
29.1176
29.1176
29.1176
29.1176
30.6077
30.6077
30.6077
30.6077
30.6077
30.6077
30.6077
30.6077
32.6897
32.6897
32.6897
32.6897
32.6897
32.6897
32.6897
32.6897
35.3405
35.3405
35.3405
35.3405
35.3405
35.3405
35.3405
35.3405
38.5028
38.5028
38.5028
38.5028
38.5028
38.5028
38.5028
38.5028
42.0682
42.0682
42.0682
42.0682
42.0682
42.0682
42.0682
42.0682
45.8638
45.8638
45.8638
45.8638
45.8638
45.8638
45.8638
45.8638
49.649
49.649
49.649
49.649
49.649
49.649
49.649
49.649
53.1273
53.1273
53.1273
53.1273
53.1273
53.1273
53.1273
53.1273
55.9775
55.9775
55.9775
55.9775
55.9775
55.9775
55.9775
55.9775
57.9002
57.9002
57.9002
57.9002
57.9002
57.9002
57.9002
57.9002
58.6717
58.6717
58.6717
58.6717
58.6717
58.6717
58.6717
58.6717
58.187
58.187
58.187
58.187
58.187
58.187
58.187
58.187
56.4809
56.4809
56.4809
56.4809
56.4809
56.4809
56.4809
56.4809
53.7184
53.7184
53.7184
53.7184
53.7184
53.7184
53.7184
53.7184
50.1587
50.1587
50.1587
50.1587
50.1587
50.1587
50.1587
50.1587
28.0494
28.0494
28.0494
28.0494
28.0494
28.0494
28.0494
28.0494
29.3768
29.3768
29.3768
29.3768
29.3768
29.3768
29.3768
29.3768
31.2327
31.2327
31.2327
31.2327
31.2327
31.2327
31.2327
31.2327
33.5886
33.5886
33.5886
33.5886
33.5886
33.5886
33.5886
33.5886
36.3839
36.3839
36.3839
36.3839
36.3839
36.3839
36.3839
36.3839
39.5131
39.5131
39.5131
39.5131
39.5131
39.5131
39.5131
39.5131
42.8157
42.8157
42.8157
42.8157
42.8157
42.8157
42.8157
42.8157
46.0753
46.0753
46.0753
46.0753
46.0753
46.0753
46.0753
46.0753
49.0324
49.0324
49.0324
49.0324
49.0324
49.0324
49.0324
49.0324
51.4128
51.4128
51.4128
51.4128
51.4128
51.4128
51.4128
51.4128
52.9679
52.9679
52.9679
52.9679
52.9679
52.9679
52.9679
52.9679
53.5183
53.5183
53.5183
53.5183
53.5183
53.5183
53.5183
53.5183
52.9879
52.9879
52.9879
52.9879
52.9879
52.9879
52.9879
52.9879
51.4196
51.4196
51.4196
51.4196
51.4196
51.4196
51.4196
51.4196
48.9621
48.9621
48.9621
48.9621
48.9621
48.9621
48.9621
48.9621
45.8402
45.8402
45.8402
45.8402
45.8402
45.8402
45.8402
45.8402
28.0494
28.0494
28.0494
28.0494
28.0494
28.0494
28.0494
28.0494
29.3768
29.3768
29.3768
29.3768
29.3768
29.3768
29.3768
29.3768
31.2327
31.2327
31.2327
31.2327
31.2327
31.2327
31.2327
31.2327
33.5886
33.5886
33.5886
33.5886
33.5886
33.5886
33.5886
33.5886
36.3839
36.3839
36.3839
36.3839
36.3839
36.3839
36.3839
36.3839
39.5131
39.5131
39.5131
39.5131
39.5131
39.5131
39.5131
39.5131
42.8157
42.8157
42.8157
42.8157
42.8157
42.8157
42.8157
42.8157
46.0753
46.0753
46.0753
46.0753
46.0753
46.0753
46.0753
46.0753
49.0324
49.0324
49.0324
49.0324
49.0324
49.0324
49.0324
49.0324
51.4128
51.4128
51.4128
51.4128
51.4128
51.4128
51.4128
51.4128
52.9679
52.9679
52.9679
52.9679
52.9679
52.9679
52.9679
52.9679
53.5183
53.5183
53.5183
53.5183
53.5183
53.5183
53.5183
53.5183
52.9879
52.9879
52.9879
52.9879
52.9879
52.9879
52.9879
52.9879
51.4196
51.4196
51.4196
51.4196
51.4196
51.4196
51.4196
51.4196
48.9621
48.9621
48.9621
48.9621
48.9621
48.9621
48.9621
48.9621
45.8402
45.8402
45.8402
45.8402
45.8402
45.8402
45.8402
45.8402
28.0494
28.0494
28.0494
28.0494
28.0494
28.0494
28.0494
28.0494
29.3768
29.3768
29.3768
29.3768
29.3768
29.3768
29.3768
29.3768
31.2327
31.2327
31.2327
31.2327
31.2327
31.2327
31.2327
31.2327
33.5886
33.5886
33.5886
33.5886
33.5886
33.5886
33.5886
33.5886
36.3839
36.3839
36.3839
36.3839
36.3839
36.3839
36.3839
36.3839
39.5131
39.5131
39.5131
39.5131
39.5131
39.5131
39.5131
39.5131
42.8157
42.8157
42.8157
42.8157
42.8157
42.8157
42.8157
42.8157
46.0753
46.0753
46.0753
46.0753
46.0753
46.0753
46.0753
46.0753
49.0324
49.0324
49.0324
49.0324
49.0324
49.0324
49.0324
49.0324
51.4128
51.4128
51.4128
51.4128
51.4128
51.4128
51.4128
51.4128
52.9679
52.9679
52.9679
52.9679
52.9679
52.9679
52.9679
52.9679
53.5183
53.5183
53.5183
53.5183
53.5183
53.5183
53.5183
53.5183
52.9879
52.9879
52.9879
52.9879
52.9879
52.9879
52.9879
52.9879
51.4196
51.4196
51.4196
51.4196
51.4196
51.4196
51.4196
51.4196
48.9621
48.9621
48.9621
48.9621
48.9621
48.9621
48.9621
48.9621
45.8402
45.8402
45.8402
45.8402
45.8402
45.8402
45.8402
45.8402
28.0494
28.0494
28.0494
28.0494
28.0494
28.0494
28.0494
28.0494
29.3768
29.3768
29.3768
29.3768
29.3768
29.3768
29.3768
29.3768
31.2327
31.2327
31.2327
31.2327
31.2327
31.2327
31.2327
31.2327
33.5886
33.5886
33.5886
33.5886
33.5886
33.5886
33.5886
33.5886
36.3839
36.3839
36.3839
36.3839
36.3839
36.3839
36.3839
36.3839
39.5131
39.5131
39.5131
39.5131
39.5131
39.5131
39.5131
39.5131
42.8157
42.8157
42.8157
42.8157
42.8157
42.8157
42.8157
42.8157
46.0753
46.0753
46.0753
46.0753
46.0753
46.0753
46.0753
46.0753
49.0324
49.0324
49.0324
49.0324
49.0324
49.0324
49.0324
49.0324
51.4128
51.4128
51.4128
51.4128
51.4128
51.4128
51.4128
51.4128
52.9679
52.9679
52.9679
52.9679
52.9679
52.9679
52.9679
52.9679
53.5183
53.5183
53.5183
53.5183
53.5183
53.5183
53.5183
53.5183
52.9879
52.9879
52.9879
52.9879
52.9879
52.9879
52.9879
52.9879
51.4196
51.4196
51.4196
51.4196
51.4196
51.4196
51.4196
51.4196
48.9621
48.9621
48.9621
48.9621
48.9621
48.9621
48.9621
48.9621
45.8402
45.8402
45.8402
45.8402
45.8402
45.8402
45.8402
45.8402
27.4224
27.4224
27.4224
27.4224
27.4224
27.4224
27.4224
27.4224
28.6029
28.6029
28.6029
28.6029
28.6029
28.6029
28.6029
28.6029
30.253
30.253
30.253
30.253
30.253
30.253
30.253
30.253
32.3379
32.3379
32.3379
32.3379
32.3379
32.3379
32.3379
32.3379
34.7934
34.7934
34.7934
34.7934
34.7934
34.7934
34.7934
34.7934
37.5152
37.5152
37.5152
37.5152
37.5152
37.5152
37.5152
37.5152
40.3526
40.3526
40.3526
40.3526
40.3526
40.3526
40.3526
40.3526
43.1103
43.1103
43.1103
43.1103
43.1103
43.1103
43.1103
43.1103
45.5616
45.5616
45.5616
45.5616
45.5616
45.5616
45.5616
45.5616
47.4747
47.4747
47.4747
47.4747
47.4747
47.4747
47.4747
47.4747
48.6472
48.6472
48.6472
48.6472
48.6472
48.6472
48.6472
48.6472
48.9414
48.9414
48.9414
48.9414
48.9414
48.9414
48.9414
48.9414
48.3103
48.3103
48.3103
48.3103
48.3103
48.3103
48.3103
48.3103
46.806
46.806
46.806
46.806
46.806
46.806
46.806
46.806
44.567
44.567
44.567
44.567
44.567
44.567
44.567
44.567
41.79
41.79
41.79
41.79
41.79
41.79
41.79
41.79
27.4224
27.4224
27.4224
27.4224
27.4224
27.4224
27.4224
27.4224
28.6029
28.6029
28.6029
28.6029
28.6029
28.6029
28.6029
28.6029
30.253
30.253
30.253
30.253
30.253
30.253
30.253
30.253
32.3379
32.3379
32.3379
32.3379
32.3379
32.3379
32.3379
32.3379
34.7934
34.7934
34.7934
34.7934
34.7934
34.7934
34.7934
34.7934
37.5152
37.5152
37.5152
37.5152
37.5152
37.5152
37.5152
37.5152
40.3526
40.3526
40.3526
40.3526
40.3526
40.3526
40.3526
40.3526
43.1103
43.1103
43.1103
43.1103
43.1103
43.1103
43.1103
43.1103
45.5616
45.5616
45.5616
45.5616
45.5616
45.5616
45.5616
45.5616
47.4747
47.4747
47.4747
47.4747
47.4747
47.4747
47.4747
47.4747
48.6472
48.6472
48.6472
48.6472
48.6472
48.6472
48.6472
48.6472
48.9414
48.9414
48.9414
48.9414
48.9414
48.9414
48.9414
48.9414
48.3103
48.3103
48.3103
48.3103
48.3103
48.3103
48.3103
48.3103
46.806
46.806
46.806
46.806
46.806
46.806
46.806
46.806
44.567
44.567
44.567
44.567
44.567
44.567
44.567
44.567
41.79
41.79
41.79
41.79
41.79
41.79
41.79
41.79
27.4224
27.4224
27.4224
27.4224
27.4224
27.4224
27.4224
27.4224
28.6029
28.6029
28.6029
28.6029
28.6029
28.6029
28.6029
28.6029
30.253
30.253
30.253
30.253
30.253
30.253
30.253
30.253
32.3379
32.3379
32.3379
32.3379
32.3379
32.3379
32.3379
32.3379
34.7934
34.7934
34.7934
34.7934
34.7934
34.7934
34.7934
34.7934
37.5152
37.5152
37.5152
37.5152
37.5152
37.5152
37.5152
37.5152
40.3526
40.3526
40.3526
40.3526
40.3526
40.3526
40.3526
40.3526
43.1103
43.1103
43.1103
43.1103
43.1103
43.1103
43.1103
43.1103
45.5616
45.5616
45.5616
45.5616
45.5616
45.5616
45.5616
45.5616
47.4747
47.4747
47.4747
47.4747
47.4747
47.4747
47.4747
47.4747
48.6472
48.6472
48.6472
48.6472
48.6472
48.6472
48.6472
48.6472
48.9414
48.9414
48.9414
48.9414
48.9414
48.9414
48.9414
48.9414
48.3103
48.3103
48.3103
48.3103
48.3103
48.3103
48.3103
48.3103
46.806
46.806
46.806
46.806
46.806
46.806
46.806
46.806
44.567
44.567
44.567
44.567
44.567
44.567
44.567
44.567
41.79
41.79
41.79
41.79
41.79
41.79
41.79
41.79
27.4224
27.4224
27.4224
27.4224
27.4224
27.4224
27.4224
27.4224
28.6029
28.6029
28.6029
28.6029
28.6029
28.6029
28.6029
28.6029
30.253
30.253
30.253
30.253
30.253
30.253
30.253
30.253
32.3379
32.3379
32.3379
32.3379
32.3379
32.3379
32.3379
32.3379
34.7934
34.7934
34.7934
34.7934
34.7934
34.7934
34.7934
34.7934
37.5152
37.5152
37.5152
37.5152
37.5152
37.5152
37.5152
37.5152
40.3526
40.3526
40.3526
40.3526
40.3526
40.3526
40.3526
40.3526
43.1103
43.1103
43.1103
43.1103
43.1103
43.1103
43.1103
43.1103
45.5616
45.5616
45.5616
45.5616
45.5616
45.5616
45.5616
45.5616
47.4747
47.4747
47.4747
47.4747
47.4747
47.4747
47.4747
47.4747
48.6472
48.6472
48.6472
48.6472
48.6472
48.6472
48.6472
48.6472
48.9414
48.9414
48.9414
48.9414
48.9414
48.9414
48.9414
48.9414
48.3103
48.3103
48.3103
48.3103
48.3103
48.3103
48.3103
48.3103
46.806
46.806
46.806
46.806
46.806
46.806
46.806
46.806
44.567
44.567
44.567
44.567
44.567
44.567
44.567
44.567
41.79
41.79
41.79
41.79
41.79
41.79
41.79
41.79
27.251
27.251
27.251
27.251
27.251
27.251
27.251
27.251
28.3019
28.3019
28.3019
28.3019
28.3019
28.3019
28.3019
28.3019
29.7681
29.7681
29.7681
29.7681
29.7681
29.7681
29.7681
29.7681
31.6088
31.6088
31.6088
31.6088
31.6088
31.6088
31.6088
31.6088
33.7554
33.7554
33.7554
33.7554
33.7554
33.7554
33.7554
33.7554
36.1041
36.1041
36.1041
36.1041
36.1041
36.1041
36.1041
36.1041
38.5119
38.5119
38.5119
38.5119
38.5119
38.5119
38.5119
38.5119
40.8016
40.8016
40.8016
40.8016
40.8016
40.8016
40.8016
40.8016
42.7752
42.7752
42.7752
42.7752
42.7752
42.7752
42.7752
42.7752
44.2383
44.2383
44.2383
44.2383
44.2383
44.2383
44.2383
44.2383
45.0296
45.0296
45.0296
45.0296
45.0296
45.0296
45.0296
45.0296
45.0493
45.0493
45.0493
45.0493
45.0493
45.0493
45.0493
45.0493
44.2771
44.2771
44.2771
44.2771
44.2771
44.2771
44.2771
44.2771
42.7757
42.7757
42.7757
42.7757
42.7757
42.7757
42.7757
42.7757
40.6768
40.6768
40.6768
40.6768
40.6768
40.6768
40.6768
40.6768
38.1552
38.1552
38.1552
38.1552
38.1552
38.1552
38.1552
38.1552
27.251
27.251
27.251
27.251
27.251
27.251
27.251
27.251
28.3019
28.3019
28.3019
28.3019
28.3019
28.3019
28.3019
28.3019
29.7681
29.7681
29.7681
29.7681
29.7681
29.7681
29.7681
29.7681
31.6088
31.6088
31.6088
31.6088
31.6088
31.6088
31.6088
31.6088
33.7554
33.7554
33.7554
33.7554
33.7554
33.7554
33.7554
33.7554
36.1041
36.1041
36.1041
36.1041
36.1041
36.1041
36.1041
36.1041
38.5119
38.5119
38.5119
38.5119
38.5119
38.5119
38.5119
38.5119
40.8016
40.8016
40.8016
40.8016
40.8016
40.8016
40.8016
40.8016
42.7752
42.7752
42.7752
42.7752
42.7752
42.7752
42.7752
42.7752
44.2383
44.2383
44.2383
44.2383
44.2383
44.2383
44.2383
44.2383
45.0296
45.0296
45.0296
45.0296
45.0296
45.0296
45.0296
45.0296
45.0493
45.0493
45.0493
45.0493
45.0493
45.0493
45.0493
45.0493
44.2771
44.2771
44.2771
44.2771
44.2771
44.2771
44.2771
44.2771
42.7757
42.7757
42.7757
42.7757
42.7757
42.7757
42.7757
42.7757
40.6768
40.6768
40.6768
40.6768
40.6768
40.6768
40.6768
40.6768
38.1552
38.1552
38.1552
38.1552
38.1552
38.1552
38.1552
38.1552
27.251
27.251
27.251
27.251
27.251
27.251
27.251
27.251
28.3019
28.3019
28.3019
28.3019
28.3019
28.3019
28.3019
28.3019
29.7681
29.7681
29.7681
29.7681
29.7681
29.7681
29.7681
29.7681
31.6088
31.6088
31.6088
31.6088
31.6088
31.6088
31.6088
31.6088
33.7554
33.7554
33.7554
33.7554
33.7554
33.7554
33.7554
33.7554
36.1041
36.1041
36.1041
36.1041
36.1041
36.1041
36.1041
36.1041
38.5119
38.5119
38.5119
38.5119
38.5119
38.5119
38.5119
38.5119
40.8016
40.8016
40.8016
40.8016
40.8016
40.8016
40.8016
40.8016
42.7752
42.7752
42.7752
42.7752
42.7752
42.7752
42.7752
42.7752
44.2383
44.2383
44.2383
44.2383
44.2383
44.2383
44.2383
44.2383
45.0296
45.0296
45.0296
45.0296
45.0296
45.0296
45.0296
45.0296
45.0493
45.0493
45.0493
45.0493
45.0493
45.0493
45.0493
45.0493
44.2771
44.2771
44.2771
44.2771
44.2771
44.2771
44.2771
44.2771
42.7757
42.7757
42.7757
42.7757
42.7757
42.7757
42.7757
42.7757
40.6768
40.6768
40.6768
40.6768
40.6768
40.6768
40.6768
40.6768
38.1552
38.1552
38.1552
38.1552
38.1552
38.1552
38.1552
38.1552
27.251
27.251
27.251
27.251
27.251
27.251
27.251
27.251
28.3019
28.3019
28.3019
28.3019
28.3019
28.3019
28.3019
28.3019
29.7681
29.7681
29.7681
29.7681
29.7681
29.7681
29.7681
29.7681
31.6088
31.6088
31.6088
31.6088
31.6088
31.6088
31.6088
31.6088
33.7554
33.7554
33.7554
33.7554
33.7554
33.7554
33.7554
33.7554
36.1041
36.1041
36.1041
36.1041
36.1041
36.1041
36.1041
36.1041
38.5119
38.5119
38.5119
38.5119
38.5119
38.5119
38.5119
38.5119
40.8016
40.8016
40.8016
40.8016
40.8016
40.8016
40.8016
40.8016
42.7752
42.7752
42.7752
42.7752
42.7752
42.7752
42.7752
42.7752
44.2383
44.2383
44.2383
44.2383
44.2383
44.2383
44.2383
44.2383
45.0296
45.0296
45.0296
45.0296
45.0296
45.0296
45.0296
45.0296
45.0493
45.0493
45.0493
45.0493
45.0493
45.0493
45.0493
45.0493
44.2771
44.2771
44.2771
44.2771
44.2771
44.2771
44.2771
44.2771
42.7757
42.7757
42.7757
42.7757
42.7757
42.7757
42.7757
42.7757
40.6768
40.6768
40.6768
40.6768
40.6768
40.6768
40.6768
40.6768
38.1552
38.1552
38.1552
38.1552
38.1552
38.1552
38.1552
38.1552
27.5391
27.5391
27.5391
27.5391
27.5391
27.5391
27.5391
27.5391
28.4767
28.4767
28.4767
28.4767
28.4767
28.4767
28.4767
28.4767
29.7794
29.7794
29.7794
29.7794
29.7794
29.7794
29.7794
29.7794
31.4008
31.4008
31.4008
31.4008
31.4008
31.4008
31.4008
31.4008
33.2678
33.2678
33.2678
33.2678
33.2678
33.2678
33.2678
33.2678
35.2763
35.2763
35.2763
35.2763
35.2763
35.2763
35.2763
35.2763
37.2899
37.2899
37.2899
37.2899
37.2899
37.2899
37.2899
37.2899
39.1467
39.1467
39.1467
39.1467
39.1467
39.1467
39.1467
39.1467
40.6739
40.6739
40.6739
40.6739
40.6739
40.6739
40.6739
40.6739
41.71
41.71
41.71
41.71
41.71
41.71
41.71
41.71
42.13
42.13
42.13
42.13
42.13
42.13
42.13
42.13
41.8671
41.8671
41.8671
41.8671
41.8671
41.8671
41.8671
41.8671
40.9256
40.9256
40.9256
40.9256
40.9256
40.9256
40.9256
40.9256
39.3784
39.3784
39.3784
39.3784
39.3784
39.3784
39.3784
39.3784
37.3529
37.3529
37.3529
37.3529
37.3529
37.3529
37.3529
37.3529
35.0071
35.0071
35.0071
35.0071
35.0071
35.0071
35.0071
35.0071
27.5391
27.5391
27.5391
27.5391
27.5391
27.5391
27.5391
27.5391
28.4767
28.4767
28.4767
28.4767
28.4767
28.4767
28.4767
28.4767
29.7794
29.7794
29.7794
29.7794
29.7794
29.7794
29.7794
29.7794
31.4008
31.4008
31.4008
31.4008
31.4008
31.4008
31.4008
31.4008
33.2678
33.2678
33.2678
33.2678
33.2678
33.2678
33.2678
33.2678
35.2763
35.2763
35.2763
35.2763
35.2763
35.2763
35.2763
35.2763
37.2899
37.2899
37.2899
37.2899
37.2899
37.2899
37.2899
37.2899
39.1467
39.1467
39.1467
39.1467
39.1467
39.1467
39.1467
39.1467
40.6739
40.6739
40.6739
40.6739
40.6739
40.6739
40.6739
40.6739
41.71
41.71
41.71
41.71
41.71
41.71
41.71
41.71
42.13
42.13
42.13
42.13
42.13
42.13
42.13
42.13
41.8671
41.8671
41.8671
41.8671
41.8671
41.8671
41.8671
41.8671
40.9256
40.9256
40.9256
40.9256
40.9256
40.9256
40.9256
40.9256
39.3784
39.3784
39.3784
39.3784
39.3784
39.3784
39.3784
39.3784
37.3529
37.3529
37.3529
37.3529
37.3529
37.3529
37.3529
37.3529
35.0071
35.0071
35.0071
35.0071
35.0071
35.0071
35.0071
35.0071
27.5391
27.5391
27.5391
27.5391
27.5391
27.5391
27.5391
27.5391
28.4767
28.4767
28.4767
28.4767
28.4767
28.4767
28.4767
28.4767
29.7794
29.7794
29.7794
29.7794
29.7794
29.7794
29.7794
29.7794
31.4008
31.4008
31.4008
31.4008
31.4008
31.4008
31.4008
31.4008
33.2678
33.2678
33.2678
33.2678
33.2678
33.2678
33.2678
33.2678
35.2763
35.2763
35.2763
35.2763
35.2763
35.2763
35.2763
35.2763
37.2899
37.2899
37.2899
37.2899
37.2899
37.2899
37.2899
37.2899
39.1467
39.1467
39.1467
39.1467
39.1467
39.1467
39.1467
39.1467
40.6739
40.6739
40.6739
40.6739
40.6739
40.6739
40.6739
40.6739
41.71
41.71
41.71
41.71
41.71
41.71
41.71
41.71
42.13
42.13
42.13
42.13
42.13
42.13
42.13
42.13
41.8671
41.8671
41.8671
41.8671
41.8671
41.8671
41.8671
41.8671
40.9256
40.9256
40.9256
40.9256
40.9256
40.9256
40.9256
40.9256
39.3784
39.3784
39.3784
39.3784
39.3784
39.3784
39.3784
39.3784
37.3529
37.3529
37.3529
37.3529
37.3529
37.3529
37.3529
37.3529
35.0071
35.0071
35.0071
35.0071
35.0071
35.0071
35.0071
35.0071
27.5391
27.5391
27.5391
27.5391
27.5391
27.5391
27.5391
27.5391
28.4767
28.4767
28.4767
28.4767
28.4767
28.4767
28.4767
28.4767
29.7794
29.7794
29.7794
29.7794
29.7794
29.7794
29.7794
29.7794
31.4008
31.4008
31.4008
31.4008
31.4008
31.4008
31.4008
31.4008
33.2678
33.2678
33.2678
33.2678
33.2678
33.2678
33.2678
33.2678
35.2763
35.2763
35.2763
35.2763
35.2763
35.2763
35.2763
35.2763
37.2899
37.2899
37.2899
37.2899
37.2899
37.2899
37.2899
37.2899
39.1467
39.1467
39.1467
39.1467
39.1467
39.1467
39.1467
39.1467
40.6739
40.6739
40.6739
40.6739
40.6739
40.6739
40.6739
40.6739
41.71
41.71
41.71
41.71
41.71
41.71
41.71
41.71
42.13
42.13
42.13
42.13
42.13
42.13
42.13
42.13
41.8671
41.8671
41.8671
41.8671
41.8671
41.8671
41.8671
41.8671
40.9256
40.9256
40.9256
40.9256
40.9256
40.9256
40.9256
40.9256
39.3784
39.3784
39.3784
39.3784
39.3784
39.3784
39.3784
39.3784
37.3529
37.3529
37.3529
37.3529
37.3529
37.3529
37.3529
37.3529
35.0071
35.0071
35.0071
35.0071
35.0071
35.0071
35.0071
35.0071
28.2807
28.2807
28.2807
28.2807
28.2807
28.2807
28.2807
28.2807
29.1187
29.1187
29.1187
29.1187
29.1187
29.1187
29.1187
29.1187
30.2749
30.2749
30.2749
30.2749
30.2749
30.2749
30.2749
30.2749
31.6974
31.6974
31.6974
31.6974
31.6974
31.6974
31.6974
31.6974
33.309
33.309
33.309
33.309
33.309
33.309
33.309
33.309
35.0049
35.0049
35.0049
35.0049
35.0049
35.0049
35.0049
35.0049
36.6544
36.6544
36.6544
36.6544
36.6544
36.6544
36.6544
36.6544
38.1094
38.1094
38.1094
38.1094
38.1094
38.1094
38.1094
38.1094
39.2191
39.2191
39.2191
39.2191
39.2191
39.2191
39.2191
39.2191
39.8511
39.8511
39.8511
39.8511
39.8511
39.8511
39.8511
39.8511
39.9119
39.9119
39.9119
39.9119
39.9119
39.9119
39.9119
39.9119
39.3644
39.3644
39.3644
39.3644
39.3644
39.3644
39.3644
39.3644
38.2338
38.2338
38.2338
38.2338
38.2338
38.2338
38.2338
38.2338
36.6031
36.6031
36.6031
36.6031
36.6031
36.6031
36.6031
36.6031
34.5971
34.5971
34.5971
34.5971
34.5971
34.5971
34.5971
34.5971
32.3604
32.3604
32.3604
32.3604
32.3604
32.3604
32.3604
32.3604
28.2807
28.2807
28.2807
28.2807
28.2807
28.2807
28.2807
28.2807
29.1187
29.1187
29.1187
29.1187
29.1187
29.1187
29.1187
29.1187
30.2749
30.2749
30.2749
30.2749
30.2749
30.2749
30.2749
30.2749
31.6974
31.6974
31.6974
31.6974
31.6974
31.6974
31.6974
31.6974
33.309
33.309
33.309
33.309
33.309
33.309
33.309
33.309
35.0049
35.0049
35.0049
35.0049
35.0049
35.0049
35.0049
35.0049
36.6544
36.6544
36.6544
36.6544
36.6544
36.6544
36.6544
36.6544
38.1094
38.1094
38.1094
38.1094
38.1094
38.1094
38.1094
38.1094
39.2191
39.2191
39.2191
39.2191
39.2191
39.2191
39.2191
39.2191
39.8511
39.8511
39.8511
39.8511
39.8511
39.8511
39.8511
39.8511
39.9119
39.9119
39.9119
39.9119
39.9119
39.9119
39.9119
39.9119
39.3644
39.3644
39.3644
39.3644
39.3644
39.3644
39.3644
39.3644
38.2338
38.2338
38.2338
38.2338
38.2338
38.2338
38.2338
38.2338
36.6031
36.6031
36.6031
36.6031
36.6031
36.6031
36.6031
36.6031
34.5971
34.5971
34.5971
34.5971
34.5971
34.5971
34.5971
34.5971
32.3604
32.3604
32.3604
32.3604
32.3604
32.3604
32.3604
32.3604
28.2807
28.2807
28.2807
28.2807
28.2807
28.2807
28.2807
28.2807
29.1187
29.1187
29.1187
29.1187
29.1187
29.1187
29.1187
29.1187
30.2749
30.2749
30.2749
30.2749
30.2749
30.2749
30.2749
30.2749
31.6974
31.6974
31.6974
31.6974
31.6974
31.6974
31.6974
31.6974
33.309
33.309
33.309
33.309
33.309
33.309
33.309
33.309
35.0049
35.0049
35.0049
35.0049
35.0049
35.0049
35.0049
35.0049
36.6544
36.6544
36.6544
36.6544
36.6544
36.6544
36.6544
36.6544
38.1094
38.1094
38.1094
38.1094
38.1094
38.1094
38.1094
38.1094
39.2191
39.2191
39.2191
39.2191
39.2191
39.2191
39.2191
39.2191
39.8511
39.8511
39.8511
39.8511
39.8511
39.8511
39.8511
39.8511
39.9119
39.9119
39.9119
39.9119
39.9119
39.9119
39.9119
39.9119
39.3644
39.3644
39.3644
39.3644
39.3644
39.3644
39.3644
39.3644
38.2338
38.2338
38.2338
38.2338
38.2338
38.2338
38.2338
38.2338
36.6031
36.6031
36.6031
36.6031
36.6031
36.6031
36.6031
36.6031
34.5971
34.5971
34.5971
34.5971
34.5971
34.5971
34.5971
34.5971
32.3604
32.3604
32.3604
32.3604
32.3604
32.3604
32.3604
32.3604
28.2807
28.2807
28.2807
28.2807
28.2807
28.2807
28.2807
28.2807
29.1187
29.1187
29.1187
29.1187
29.1187
29.1187
29.1187
29.1187
30.2749
30.2749
30.2749
30.2749
30.2749
30.2749
30.2749
30.2749
31.6974
31.6974
31.6974
31.6974
31.6974
31.6974
31.6974
31.6974
33.309
33.309
33.309
33.309
33.309
33.309
33.309
33.309
35.0049
35.0049
35.0049
35.0049
35.0049
35.0049
35.0049
35.0049
36.6544
36.6544
36.6544
36.6544
36.6544
36.6544
36.6544
36.6544
38.1094
38.1094
38.1094
38.1094
38.1094
38.1094
38.1094
38.1094
39.2191
39.2191
39.2191
39.2191
39.2191
39.2191
39.2191
39.2191
39.8511
39.8511
39.8511
39.8511
39.8511
39.8511
39.8511
39.8511
39.9119
39.9119
39.9119
39.9119
39.9119
39.9119
39.9119
39.9119
39.3644
39.3644
39.3644
39.3644
39.3644
39.3644
39.3644
39.3644
38.2338
38.2338
38.2338
38.2338
38.2338
38.2338
38.2338
38.2338
36.6031
36.6031
36.6031
36.6031
36.6031
36.6031
36.6031
36.6031
34.5971
34.5971
34.5971
34.5971
34.5971
34.5971
34.5971
34.5971
32.3604
32.3604
32.3604
32.3604
32.3604
32.3604
32.3604
32.3604
29.4577
29.4577
29.4577
29.4577
29.4577
29.4577
29.4577
29.4577
30.206
30.206
30.206
30.206
30.206
30.206
30.206
30.206
31.2278
31.2278
31.2278
31.2278
31.2278
31.2278
31.2278
31.2278
32.4661
32.4661
32.4661
32.4661
32.4661
32.4661
32.4661
32.4661
33.8398
33.8398
33.8398
33.8398
33.8398
33.8398
33.8398
33.8398
35.2437
35.2437
35.2437
35.2437
35.2437
35.2437
35.2437
35.2437
36.5523
36.5523
36.5523
36.5523
36.5523
36.5523
36.5523
36.5523
37.63
37.63
37.63
37.63
37.63
37.63
37.63
37.63
38.346
38.346
38.346
38.346
38.346
38.346
38.346
38.346
38.5936
38.5936
38.5936
38.5936
38.5936
38.5936
38.5936
38.5936
38.3075
38.3075
38.3075
38.3075
38.3075
38.3075
38.3075
38.3075
37.476
37.476
37.476
37.476
37.476
37.476
37.476
37.476
36.1434
36.1434
36.1434
36.1434
36.1434
36.1434
36.1434
36.1434
34.4011
34.4011
34.4011
34.4011
34.4011
34.4011
34.4011
34.4011
32.3723
32.3723
32.3723
32.3723
32.3723
32.3723
32.3723
32.3723
30.1909
30.1909
30.1909
30.1909
30.1909
30.1909
30.1909
30.1909
29.4577
29.4577
29.4577
29.4577
29.4577
29.4577
29.4577
29.4577
30.206
30.206
30.206
30.206
30.206
30.206
30.206
30.206
31.2278
31.2278
31.2278
31.2278
31.2278
31.2278
31.2278
31.2278
32.4661
32.4661
32.4661
32.4661
32.4661
32.4661
32.4661
32.4661
33.8398
33.8398
33.8398
33.8398
33.8398
33.8398
33.8398
33.8398
35.2437
35.2437
35.2437
35.2437
35.2437
35.2437
35.2437
35.2437
36.5523
36.5523
36.5523
36.5523
36.5523
36.5523
36.5523
36.5523
37.63
37.63
37.63
37.63
37.63
37.63
37.63
37.63
38.346
38.346
38.346
38.346
38.346
38.346
38.346
38.346
38.5936
38.5936
38.5936
38.5936
38.5936
38.5936
38.5936
38.5936
38.3075
38.3075
38.3075
38.3075
38.3075
38.3075
38.3075
38.3075
37.476
37.476
37.476
37.476
37.476
37.476
37.476
37.476
36.1434
36.1434
36.1434
36.1434
36.1434
36.1434
36.1434
36.1434
34.4011
34.4011
34.4011
34.4011
34.4011
34.4011
34.4011
34.4011
32.3723
32.3723
32.3723
32.3723
32.3723
32.3723
32.3723
32.3723
30.1909
30.1909
30.1909
30.1909
30.1909
30.1909
30.1909
30.1909
29.4577
29.4577
29.4577
29.4577
29.4577
29.4577
29.4577
29.4577
30.206
30.206
30.206
30.206
30.206
30.206
30.206
30.206
31.2278
31.2278
31.2278
31.2278
31.2278
31.2278
31.2278
31.2278
32.4661
32.4661
32.4661
32.4661
32.4661
32.4661
32.4661
32.4661
33.8398
33.8398
33.8398
33.8398
33.8398
33.8398
33.8398
33.8398
35.2437
35.2437
35.2437
35.2437
35.2437
35.2437
35.2437
35.2437
36.5523
36.5523
36.5523
36.5523
36.5523
36.5523
36.5523
36.5523
37.63
37.63
37.63
37.63
37.63
37.63
37.63
37.63
38.346
38.346
38.346
38.346
38.346
38.346
38.346
38.346
38.5936
38.5936
38.5936
38.5936
38.5936
38.5936
38.5936
38.5936
38.3075
38.3075
38.3075
38.3075
38.3075
38.3075
38.3075
38.3075
37.476
37.476
37.476
37.476
37.476
37.476
37.476
37.476
36.1434
36.1434
36.1434
36.1434
36.1434
36.1434
36.1434
36.1434
34.4011
34.4011
34.4011
34.4011
34.4011
34.4011
34.4011
34.4011
32.3723
32.3723
32.3723
32.3723
32.3723
32.3723
32.3723
32.3723
30.1909
30.1909
30.1909
30.1909
30.1909
30.1909
30.1909
30.1909
29.4577
29.4577
29.4577
29.4577
29.4577
29.4577
29.4577
29.4577
30.206
30.206
30.206
30.206
30.206
30.206
30.206
30.206
31.2278
31.2278
31.2278
31.2278
31.2278
31.2278
31.2278
31.2278
32.4661
32.4661
32.4661
32.4661
32.4661
32.4661
32.4661
32.4661
33.8398
33.8398
33.8398
33.8398
33.8398
33.8398
33.8398
33.8398
35.2437
35.2437
35.2437
35.2437
35.2437
35.2437
35.2437
35.2437
36.5523
36.5523
36.5523
36.5523
36.5523
36.5523
36.5523
36.5523
37.63
37.63
37.63
37.63
37.63
37.63
37.63
37.63
38.346
38.346
38.346
38.346
38.346
38.346
38.346
38.346
38.5936
38.5936
38.5936
38.5936
38.5936
38.5936
38.5936
38.5936
38.3075
38.3075
38.3075
38.3075
38.3075
38.3075
38.3075
38.3075
37.476
37.476
37.476
37.476
37.476
37.476
37.476
37.476
36.1434
36.1434
36.1434
36.1434
36.1434
36.1434
36.1434
36.1434
34.4011
34.4011
34.4011
34.4011
34.4011
34.4011
34.4011
34.4011
32.3723
32.3723
32.3723
32.3723
32.3723
32.3723
32.3723
32.3723
30.1909
30.1909
30.1909
30.1909
30.1909
30.1909
30.1909
30.1909
31.0331
31.0331
31.0331
31.0331
31.0331
31.0331
31.0331
31.0331
31.6975
31.6975
31.6975
31.6975
31.6975
31.6975
31.6975
31.6975
32.5919
32.5919
32.5919
32.5919
32.5919
32.5919
32.5919
32.5919
33.6546
33.6546
33.6546
33.6546
33.6546
33.6546
33.6546
33.6546
34.8013
34.8013
34.8013
34.8013
34.8013
34.8013
34.8013
34.8013
35.9268
35.9268
35.9268
35.9268
35.9268
35.9268
35.9268
35.9268
36.9109
36.9109
36.9109
36.9109
36.9109
36.9109
36.9109
36.9109
37.6296
37.6296
37.6296
37.6296
37.6296
37.6296
37.6296
37.6296
37.9707
37.9707
37.9707
37.9707
37.9707
37.9707
37.9707
37.9707
37.8507
37.8507
37.8507
37.8507
37.8507
37.8507
37.8507
37.8507
37.2293
37.2293
37.2293
37.2293
37.2293
37.2293
37.2293
37.2293
36.1172
36.1172
36.1172
36.1172
36.1172
36.1172
36.1172
36.1172
34.5748
34.5748
34.5748
34.5748
34.5748
34.5748
34.5748
34.5748
32.7015
32.7015
32.7015
32.7015
32.7015
32.7015
32.7015
32.7015
30.6187
30.6187
30.6187
30.6187
30.6187
30.6187
30.6187
30.6187
28.4517
28.4517
28.4517
28.4517
28.4517
28.4517
28.4517
28.4517
31.0331
31.0331
31.0331
31.0331
31.0331
31.0331
31.0331
31.0331
31.6975
31.6975
31.6975
31.6975
31.6975
31.6975
31.6975
31.6975
32.5919
32.5919
32.5919
32.5919
32.5919
32.5919
32.5919
32.5919
33.6546
33.6546
33.6546
33.6546
33.6546
33.6546
33.6546
33.6546
34.8013
34.8013
34.8013
34.8013
34.8013
34.8013
34.8013
34.8013
35.9268
35.9268
35.9268
35.9268
35.9268
35.9268
35.9268
35.9268
36.9109
36.9109
36.9109
36.9109
36.9109
36.9109
36.9109
36.9109
37.6296
37.6296
37.6296
37.6296
37.6296
37.6296
37.6296
37.6296
37.9707
37.9707
37.9707
37.9707
37.9707
37.9707
37.9707
37.9707
37.8507
37.8507
37.8507
37.8507
37.8507
37.8507
37.8507
37.8507
37.2293
37.2293
37.2293
37.2293
37.2293
37.2293
37.2293
37.2293
36.1172
36.1172
36.1172
36.1172
36.1172
36.1172
36.1172
36.1172
34.5748
34.5748
34.5748
34.5748
34.5748
34.5748
34.5748
34.5748
32.7015
32.7015
32.7015
32.7015
32.7015
32.7015
32.7015
32.7015
30.6187
30.6187
30.6187
30.6187
30.6187
30.6187
30.6187
30.6187
28.4517
28.4517
28.4517
28.4517
28.4517
28.4517
28.4517
28.4517
31.0331
31.0331
31.0331
31.0331
31.0331
31.0331
31.0331
31.0331
31.6975
31.6975
31.6975
31.6975
31.6975
31.6975
31.6975
31.6975
32.5919
32.5919
32.5919
32.5919
32.5919
32.5919
32.5919
32.5919
33.6546
33.6546
33.6546
33.6546
33.6546
33.6546
33.6546
33.6546
34.8013
34.8013
34.8013
34.8013
34.8013
34.8013
34.8013
34.8013
35.9268
35.9268
35.9268
35.9268
35.9268
35.9268
35.9268
35.9268
36.9109
36.9109
36.9109
36.9109
36.9109
36.9109
36.9109
36.9109
37.6296
37.6296
37.6296
37.6296
37.6296
37.6296
37.6296
37.6296
37.9707
37.9707
37.9707
37.9707
37.9707
37.9707
37.9707
37.9707
37.8507
37.8507
37.8507
37.8507
37.8507
37.8507
37.8507
37.8507
37.2293
37.2293
37.2293
37.2293
37.2293
37.2293
37.2293
37.2293
36.1172
36.1172
36.1172
36.1172
36.1172
36.1172
36.1172
36.1172
34.5748
34.5748
34.5748
34.5748
34.5748
34.5748
34.5748
34.5748
32.7015
32.7015
32.7015
32.7015
32.7015
32.7015
32.7015
32.7015
30.6187
30.6187
30.6187
30.6187
30.6187
30.6187
30.6187
30.6187
28.4517
28.4517
28.4517
28.4517
28.4517
28.4517
28.4517
28.4517
31.0331
31.0331
31.0331
31.0331
31.0331
31.0331
31.0331
31.0331
31.6975
31.6975
31.6975
31.6975
31.6975
31.6975
31.6975
31.6975
32.5919
32.5919
32.5919
32.5919
32.5919
32.5919
32.5919
32.5919
33.6546
33.6546
33.6546
33.6546
33.6546
33.6546
33.6546
33.6546
34.8013
34.8013
34.8013
34.8013
34.8013
34.8013
34.8013
34.8013
35.9268
35.9268
35.9268
35.9268
35.9268
35.9268
35.9268
35.9268
36.9109
36.9109
36.9109
36.9109
36.9109
36.9109
36.9109
36.9109
37.6296
37.6296
37.6296
37.6296
37.6296
37.6296
37.6296
37.6296
37.9707
37.9707
37.9707
37.9707
37.9707
37.9707
37.9707
37.9707
37.8507
37.8507
37.8507
37.8507
37.8507
37.8507
37.8507
37.8507
37.2293
37.2293
37.2293
37.2293
37.2293
37.2293
37.2293
37.2293
36.1172
36.1172
36.1172
36.1172
36.1172
36.1172
36.1172
36.1172
34.5748
34.5748
34.5748
34.5748
34.5748
34.5748
34.5748
34.5748
32.7015
32.7015
32.7015
32.7015
32.7015
32.7015
32.7015
32.7015
30.6187
30.6187
30.6187
30.6187
30.6187
30.6187
30.6187
30.6187
28.4517
28.4517
28.4517
28.4517
28.4517
28.4517
28.4517
28.4517
32.9432
32.9432
32.9432
32.9432
32.9432
32.9432
32.9432
32.9432
33.5248
33.5248
33.5248
33.5248
33.5248
33.5248
33.5248
33.5248
34.2934
34.2934
34.2934
34.2934
34.2934
34.2934
34.2934
34.2934
35.1837
35.1837
35.1837
35.1837
35.1837
35.1837
35.1837
35.1837
36.1089
36.1089
36.1089
36.1089
36.1089
36.1089
36.1089
36.1089
36.9644
36.9644
36.9644
36.9644
36.9644
36.9644
36.9644
36.9644
37.6355
37.6355
37.6355
37.6355
37.6355
37.6355
37.6355
37.6355
38.0098
38.0098
38.0098
38.0098
38.0098
38.0098
38.0098
38.0098
37.9923
37.9923
37.9923
37.9923
37.9923
37.9923
37.9923
37.9923
37.5206
37.5206
37.5206
37.5206
37.5206
37.5206
37.5206
37.5206
36.5766
36.5766
36.5766
36.5766
36.5766
36.5766
36.5766
36.5766
35.1909
35.1909
35.1909
35.1909
35.1909
35.1909
35.1909
35.1909
33.4375
33.4375
33.4375
33.4375
33.4375
33.4375
33.4375
33.4375
31.422
31.422
31.422
31.422
31.422
31.422
31.422
31.422
29.2646
29.2646
29.2646
29.2646
29.2646
29.2646
29.2646
29.2646
27.0829
27.0829
27.0829
27.0829
27.0829
27.0829
27.0829
27.0829
32.9432
32.9432
32.9432
32.9432
32.9432
32.9432
32.9432
32.9432
33.5248
33.5248
33.5248
33.5248
33.5248
33.5248
33.5248
33.5248
34.2934
34.2934
34.2934
34.2934
34.2934
34.2934
34.2934
34.2934
35.1837
35.1837
35.1837
35.1837
35.1837
35.1837
35.1837
35.1837
36.1089
36.1089
36.1089
36.1089
36.1089
36.1089
36.1089
36.1089
36.9644
36.9644
36.9644
36.9644
36.9644
36.9644
36.9644
36.9644
37.6355
37.6355
37.6355
37.6355
37.6355
37.6355
37.6355
37.6355
38.0098
38.0098
38.0098
38.0098
38.0098
38.0098
38.0098
38.0098
37.9923
37.9923
37.9923
37.9923
37.9923
37.9923
37.9923
37.9923
37.5206
37.5206
37.5206
37.5206
37.5206
37.5206
37.5206
37.5206
36.5766
36.5766
36.5766
36.5766
36.5766
36.5766
36.5766
36.5766
35.1909
35.1909
35.1909
35.1909
35.1909
35.1909
35.1909
35.1909
33.4375
33.4375
33.4375
33.4375
33.4375
33.4375
33.4375
33.4375
31.422
31.422
31.422
31.422
31.422
31.422
31.422
31.422
29.2646
29.2646
29.2646
29.2646
29.2646
29.2646
29.2646
29.2646
27.0829
27.0829
27.0829
27.0829
27.0829
27.0829
27.0829
27.0829
32.9432
32.9432
32.9432
32.9432
32.9432
32.9432
32.9432
32.9432
33.5248
33.5248
33.5248
33.5248
33.5248
33.5248
33.5248
33.5248
34.2934
34.2934
34.2934
34.2934
34.2934
34.2934
34.2934
34.2934
35.1837
35.1837
35.1837
35.1837
35.1837
35.1837
35.1837
35.1837
36.1089
36.1089
36.1089
36.1089
36.1089
36.1089
36.1089
36.1089
36.9644
36.9644
36.9644
36.9644
36.9644
36.9644
36.9644
36.9644
37.6355
37.6355
37.6355
37.6355
37.6355
37.6355
37.6355
37.6355
38.0098
38.0098
38.0098
38.0098
38.0098
38.0098
38.0098
38.0098
37.9923
37.9923
37.9923
37.9923
37.9923
37.9923
37.9923
37.9923
37.5206
37.5206
37.5206
37.5206
37.5206
37.5206
37.5206
37.5206
36.5766
36.5766
36.5766
36.5766
36.5766
36.5766
36.5766
36.5766
35.1909
35.1909
35.1909
35.1909
35.1909
35.1909
35.1909
35.1909
33.4375
33.4375
33.4375
33.4375
33.4375
33.4375
33.4375
33.4375
31.422
31.422
31.422
31.422
31.422
31.422
31.422
31.422
29.2646
29.2646
29.2646
29.2646
29.2646
29.2646
29.2646
29.2646
27.0829
27.0829
27.0829
27.0829
27.0829
27.0829
27.0829
27.0829
32.9432
32.9432
32.9432
32.9432
32.9432
32.9432
32.9432
32.9432
33.5248
33.5248
33.5248
33.5248
33.5248
33.5248
33.5248
33.5248
34.2934
34.2934
34.2934
34.2934
34.2934
34.2934
34.2934
34.2934
35.1837
35.1837
35.1837
35.1837
35.1837
35.1837
35.1837
35.1837
36.1089
36.1089
36.1089
36.1089
36.1089
36.1089
36.1089
36.1089
36.9644
36.9644
36.9644
36.9644
36.9644
36.9644
36.9644
36.9644
37.6355
37.6355
37.6355
37.6355
37.6355
37.6355
37.6355
37.6355
38.0098
38.0098
38.0098
38.0098
38.0098
38.0098
38.0098
38.0098
37.9923
37.9923
37.9923
37.9923
37.9923
37.9923
37.9923
37.9923
37.5206
37.5206
37.5206
37.5206
37.5206
37.5206
37.5206
37.5206
36.5766
36.5766
36.5766
36.5766
36.5766
36.5766
36.5766
36.5766
35.1909
35.1909
35.1909
35.1909
35.1909
35.1909
35.1909
35.1909
33.4375
33.4375
33.4375
33.4375
33.4375
33.4375
33.4375
33.4375
31.422
31.422
31.422
31.422
31.422
31.422
31.422
31.422
29.2646
29.2646
29.2646
29.2646
29.2646
29.2646
29.2646
29.2646
27.0829
27.0829
27.0829
27.0829
27.0829
27.0829
27.0829
27.0829
35.0889
35.0889
35.0889
35.0889
35.0889
35.0889
35.0889
35.0889
35.5837
35.5837
35.5837
35.5837
35.5837
35.5837
35.5837
35.5837
36.2238
36.2238
36.2238
36.2238
36.2238
36.2238
36.2238
36.2238
36.9408
36.9408
36.9408
36.9408
36.9408
36.9408
36.9408
36.9408
37.6465
37.6465
37.6465
37.6465
37.6465
37.6465
37.6465
37.6465
38.2379
38.2379
38.2379
38.2379
38.2379
38.2379
38.2379
38.2379
38.6064
38.6064
38.6064
38.6064
38.6064
38.6064
38.6064
38.6064
38.6508
38.6508
38.6508
38.6508
38.6508
38.6508
38.6508
38.6508
38.2924
38.2924
38.2924
38.2924
38.2924
38.2924
38.2924
38.2924
37.4878
37.4878
37.4878
37.4878
37.4878
37.4878
37.4878
37.4878
36.2387
36.2387
36.2387
36.2387
36.2387
36.2387
36.2387
36.2387
34.5924
34.5924
34.5924
34.5924
34.5924
34.5924
34.5924
34.5924
32.6345
32.6345
32.6345
32.6345
32.6345
32.6345
32.6345
32.6345
30.4753
30.4753
30.4753
30.4753
30.4753
30.4753
30.4753
30.4753
28.2333
28.2333
28.2333
28.2333
28.2333
28.2333
28.2333
28.2333
26.0193
26.0193
26.0193
26.0193
26.0193
26.0193
26.0193
26.0193
35.0889
35.0889
35.0889
35.0889
35.0889
35.0889
35.0889
35.0889
35.5837
35.5837
35.5837
35.5837
35.5837
35.5837
35.5837
35.5837
36.2238
36.2238
36.2238
36.2238
36.2238
36.2238
36.2238
36.2238
36.9408
36.9408
36.9408
36.9408
36.9408
36.9408
36.9408
36.9408
37.6465
37.6465
37.6465
37.6465
37.6465
37.6465
37.6465
37.6465
38.2379
38.2379
38.2379
38.2379
38.2379
38.2379
38.2379
38.2379
38.6064
38.6064
38.6064
38.6064
38.6064
38.6064
38.6064
38.6064
38.6508
38.6508
38.6508
38.6508
38.6508
38.6508
38.6508
38.6508
38.2924
38.2924
38.2924
38.2924
38.2924
38.2924
38.2924
38.2924
37.4878
37.4878
37.4878
37.4878
37.4878
37.4878
37.4878
37.4878
36.2387
36.2387
36.2387
36.2387
36.2387
36.2387
36.2387
36.2387
34.5924
34.5924
34.5924
34.5924
34.5924
34.5924
34.5924
34.5924
32.6345
32.6345
32.6345
32.6345
32.6345
32.6345
32.6345
32.6345
30.4753
30.4753
30.4753
30.4753
30.4753
30.4753
30.4753
30.4753
28.2333
28.2333
28.2333
28.2333
28.2333
28.2333
28.2333
28.2333
26.0193
26.0193
26.0193
26.0193
26.0193
26.0193
26.0193
26.0193
35.0889
35.0889
35.0889
35.0889
35.0889
35.0889
35.0889
35.0889
35.5837
35.5837
35.5837
35.5837
35.5837
35.5837
35.5837
35.5837
36.2238
36.2238
36.2238
36.2238
36.2238
36.2238
36.2238
36.2238
36.9408
36.9408
36.9408
36.9408
36.9408
36.9408
36.9408
36.9408
37.6465
37.6465
37.6465
37.6465
37.6465
37.6465
37.6465
37.6465
38.2379
38.2379
38.2379
38.2379
38.2379
38.2379
38.2379
38.2379
38.6064
38.6064
38.6064
38.6064
38.6064
38.6064
38.6064
38.6064
38.6508
38.6508
38.6508
38.6508
38.6508
38.6508
38.6508
38.6508
38.2924
38.2924
38.2924
38.2924
38.2924
38.2924
38.2924
38.2924
37.4878
37.4878
37.4878
37.4878
37.4878
37.4878
37.4878
37.4878
36.2387
36.2387
36.2387
36.2387
36.2387
36.2387
36.2387
36.2387
34.5924
34.5924
34.5924
34.5924
34.5924
34.5924
34.5924
34.5924
32.6345
32.6345
32.6345
32.6345
32.6345
32.6345
32.6345
32.6345
30.4753
30.4753
30.4753
30.4753
30.4753
30.4753
30.4753
30.4753
28.2333
28.2333
28.2333
28.2333
28.2333
28.2333
28.2333
28.2333
26.0193
26.0193
26.0193
26.0193
26.0193
26.0193
26.0193
26.0193
35.0889
35.0889
35.0889
35.0889
35.0889
35.0889
35.0889
35.0889
35.5837
35.5837
35.5837
35.5837
35.5837
35.5837
35.5837
35.5837
36.2238
36.2238
36.2238
36.2238
36.2238
36.2238
36.2238
36.2238
36.9408
36.9408
36.9408
36.9408
36.9408
36.9408
36.9408
36.9408
37.6465
37.6465
37.6465
37.6465
37.6465
37.6465
37.6465
37.6465
38.2379
38.2379
38.2379
38.2379
38.2379
38.2379
38.2379
38.2379
38.6064
38.6064
38.6064
38.6064
38.6064
38.6064
38.6064
38.6064
38.6508
38.6508
38.6508
38.6508
38.6508
38.6508
38.6508
38.6508
38.2924
38.2924
38.2924
38.2924
38.2924
38.2924
38.2924
38.2924
37.4878
37.4878
37.4878
37.4878
37.4878
37.4878
37.4878
37.4878
36.2387
36.2387
36.2387
36.2387
36.2387
36.2387
36.2387
36.2387
34.5924
34.5924
34.5924
34.5924
34.5924
34.5924
34.5924
34.5924
32.6345
32.6345
32.6345
32.6345
32.6345
32.6345
32.6345
32.6345
30.4753
30.4753
30.4753
30.4753
30.4753
30.4753
30.4753
30.4753
28.2333
28.2333
28.2333
28.2333
28.2333
28.2333
28.2333
28.2333
26.0193
26.0193
26.0193
26.0193
26.0193
26.0193
26.0193
26.0193
37.3305
37.3305
37.3305
37.3305
37.3305
37.3305
37.3305
37.3305
37.7298
37.7298
37.7298
37.7298
37.7298
37.7298
37.7298
37.7298
38.2348
38.2348
38.2348
38.2348
38.2348
38.2348
38.2348
38.2348
38.7756
38.7756
38.7756
38.7756
38.7756
38.7756
38.7756
38.7756
39.2636
39.2636
39.2636
39.2636
39.2636
39.2636
39.2636
39.2636
39.5983
39.5983
39.5983
39.5983
39.5983
39.5983
39.5983
39.5983
39.6776
39.6776
39.6776
39.6776
39.6776
39.6776
39.6776
39.6776
39.4115
39.4115
39.4115
39.4115
39.4115
39.4115
39.4115
39.4115
38.7359
38.7359
38.7359
38.7359
38.7359
38.7359
38.7359
38.7359
37.6247
37.6247
37.6247
37.6247
37.6247
37.6247
37.6247
37.6247
36.0963
36.0963
36.0963
36.0963
36.0963
36.0963
36.0963
36.0963
34.2118
34.2118
34.2118
34.2118
34.2118
34.2118
34.2118
34.2118
32.0659
32.0659
32.0659
32.0659
32.0659
32.0659
32.0659
32.0659
29.7723
29.7723
29.7723
29.7723
29.7723
29.7723
29.7723
29.7723
27.4469
27.4469
27.4469
27.4469
27.4469
27.4469
27.4469
27.4469
25.1942
25.1942
25.1942
25.1942
25.1942
25.1942
25.1942
25.1942
37.3305
37.3305
37.3305
37.3305
37.3305
37.3305
37.3305
37.3305
37.7298
37.7298
37.7298
37.7298
37.7298
37.7298
37.7298
37.7298
38.2348
38.2348
38.2348
38.2348
38.2348
38.2348
38.2348
38.2348
38.7756
38.7756
38.7756
38.7756
38.7756
38.7756
38.7756
38.7756
39.2636
39.2636
39.2636
39.2636
39.2636
39.2636
39.2636
39.2636
39.5983
39.5983
39.5983
39.5983
39.5983
39.5983
39.5983
39.5983
39.6776
39.6776
39.6776
39.6776
39.6776
39.6776
39.6776
39.6776
39.4115
39.4115
39.4115
39.4115
39.4115
39.4115
39.4115
39.4115
38.7359
38.7359
38.7359
38.7359
38.7359
38.7359
38.7359
38.7359
37.6247
37.6247
37.6247
37.6247
37.6247
37.6247
37.6247
37.6247
36.0963
36.0963
36.0963
36.0963
36.0963
36.0963
36.0963
36.0963
34.2118
34.2118
34.2118
34.2118
34.2118
34.2118
34.2118
34.2118
32.0659
32.0659
32.0659
32.0659
32.0659
32.0659
32.0659
32.0659
29.7723
29.7723
29.7723
29.7723
29.7723
29.7723
29.7723
29.7723
27.4469
27.4469
27.4469
27.4469
27.4469
27.4469
27.4469
27.4469
25.1942
25.1942
25.1942
25.1942
25.1942
25.1942
25.1942
25.1942
37.3305
37.3305
37.3305
37.3305
37.3305
37.3305
37.3305
37.3305
37.7298
37.7298
37.7298
37.7298
37.7298
37.7298
37.7298
37.7298
38.2348
38.2348
38.2348
38.2348
38.2348
38.2348
38.2348
38.2348
38.7756
38.7756
38.7756
38.7756
38.7756
38.7756
38.7756
38.7756
39.2636
39.2636
39.2636
39.2636
39.2636
39.2636
39.2636
39.2636
39.5983
39.5983
39.5983
39.5983
39.5983
39.5983
39.5983
39.5983
39.6776
39.6776
39.6776
39.6776
39.6776
39.6776
39.6776
39.6776
39.4115
39.4115
39.4115
39.4115
39.4115
39.4115
39.4115
39.4115
38.7359
38.7359
38.7359
38.7359
38.7359
38.7359
38.7359
38.7359
37.6247
37.6247
37.6247
37.6247
37.6247
37.6247
37.6247
37.6247
36.0963
36.0963
36.0963
36.0963
36.0963
36.0963
36.0963
36.0963
34.2118
34.2118
34.2118
34.2118
34.2118
34.2118
34.2118
34.2118
32.0659
32.0659
32.0659
32.0659
32.0659
32.0659
32.0659
32.0659
29.7723
29.7723
29.7723
29.7723
29.7723
29.7723
29.7723
29.7723
27.4469
27.4469
27.4469
27.4469
27.4469
27.4469
27.4469
27.4469
25.1942
25.1942
25.1942
25.1942
25.1942
25.1942
25.1942
25.1942
37.3305
37.3305
37.3305
37.3305
37.3305
37.3305
37.3305
37.3305
37.7298
37.7298
37.7298
37.7298
37.7298
37.7298
37.7298
37.7298
38.2348
38.2348
38.2348
38.2348
38.2348
38.2348
38.2348
38.2348
38.7756
38.7756
38.7756
38.7756
38.7756
38.7756
38.7756
38.7756
39.2636
39.2636
39.2636
39.2636
39.2636
39.2636
39.2636
39.2636
39.5983
39.5983
39.5983
39.5983
39.5983
39.5983
39.5983
39.5983
39.6776
39.6776
39.6776
39.6776
39.6776
39.6776
39.6776
39.6776
39.4115
39.4115
39.4115
39.4115
39.4115
39.4115
39.4115
39.4115
38.7359
38.7359
38.7359
38.7359
38.7359
38.7359
38.7359
38.7359
37.6247
37.6247
37.6247
37.6247
37.6247
37.6247
37.6247
37.6247
36.0963
36.0963
36.0963
36.0963
36.0963
36.0963
36.0963
36.0963
34.2118
34.2118
34.2118
34.2118
34.2118
34.2118
34.2118
34.2118
32.0659
32.0659
32.0659
32.0659
32.0659
32.0659
32.0659
32.0659
29.7723
29.7723
29.7723
29.7723
29.7723
29.7723
29.7723
29.7723
27.4469
27.4469
27.4469
27.4469
27.4469
27.4469
27.4469
27.4469
25.1942
25.1942
25.1942
25.1942
25.1942
25.1942
25.1942
25.1942
39.4904
39.4904
39.4904
39.4904
39.4904
39.4904
39.4904
39.4904
39.781
39.781
39.781
39.781
39.781
39.781
39.781
39.781
40.1426
40.1426
40.1426
40.1426
40.1426
40.1426
40.1426
40.1426
40.5047
40.5047
40.5047
40.5047
40.5047
40.5047
40.5047
40.5047
40.7795
40.7795
40.7795
40.7795
40.7795
40.7795
40.7795
40.7795
40.8701
40.8701
40.8701
40.8701
40.8701
40.8701
40.8701
40.8701
40.6812
40.6812
40.6812
40.6812
40.6812
40.6812
40.6812
40.6812
40.133
40.133
40.133
40.133
40.133
40.133
40.133
40.133
39.1748
39.1748
39.1748
39.1748
39.1748
39.1748
39.1748
39.1748
37.7947
37.7947
37.7947
37.7947
37.7947
37.7947
37.7947
37.7947
36.0248
36.0248
36.0248
36.0248
36.0248
36.0248
36.0248
36.0248
33.9369
33.9369
33.9369
33.9369
33.9369
33.9369
33.9369
33.9369
31.6318
31.6318
31.6318
31.6318
31.6318
31.6318
31.6318
31.6318
29.2248
29.2248
29.2248
29.2248
29.2248
29.2248
29.2248
29.2248
26.8289
26.8289
26.8289
26.8289
26.8289
26.8289
26.8289
26.8289
24.5426
24.5426
24.5426
24.5426
24.5426
24.5426
24.5426
24.5426
39.4904
39.4904
39.4904
39.4904
39.4904
39.4904
39.4904
39.4904
39.781
39.781
39.781
39.781
39.781
39.781
39.781
39.781
40.1426
40.1426
40.1426
40.1426
40.1426
40.1426
40.1426
40.1426
40.5047
40.5047
40.5047
40.5047
40.5047
40.5047
40.5047
40.5047
40.7795
40.7795
40.7795
40.7795
40.7795
40.7795
40.7795
40.7795
40.8701
40.8701
40.8701
40.8701
40.8701
40.8701
40.8701
40.8701
40.6812
40.6812
40.6812
40.6812
40.6812
40.6812
40.6812
40.6812
40.133
40.133
40.133
40.133
40.133
40.133
40.133
40.133
39.1748
39.1748
39.1748
39.1748
39.1748
39.1748
39.1748
39.1748
37.7947
37.7947
37.7947
37.7947
37.7947
37.7947
37.7947
37.7947
36.0248
36.0248
36.0248
36.0248
36.0248
36.0248
36.0248
36.0248
33.9369
33.9369
33.9369
33.9369
33.9369
33.9369
33.9369
33.9369
31.6318
31.6318
31.6318
31.6318
31.6318
31.6318
31.6318
31.6318
29.2248
29.2248
29.2248
29.2248
29.2248
29.2248
29.2248
29.2248
26.8289
26.8289
26.8289
26.8289
26.8289
26.8289
26.8289
26.8289
24.5426
24.5426
24.5426
24.5426
24.5426
24.5426
24.5426
24.5426
39.4904
39.4904
39.4904
39.4904
39.4904
39.4904
39.4904
39.4904
39.781
39.781
39.781
39.781
39.781
39.781
39.781
39.781
40.1426
40.1426
40.1426
40.1426
40.1426
40.1426
40.1426
40.1426
40.5047
40.5047
40.5047
40.5047
40.5047
40.5047
40.5047
40.5047
40.7795
40.7795
40.7795
40.7795
40.7795
40.7795
40.7795
40.7795
40.8701
40.8701
40.8701
40.8701
40.8701
40.8701
40.8701
40.8701
40.6812
40.6812
40.6812
40.6812
40.6812
40.6812
40.6812
40.6812
40.133
40.133
40.133
40.133
40.133
40.133
40.133
40.133
39.1748
39.1748
39.1748
39.1748
39.1748
39.1748
39.1748
39.1748
37.7947
37.7947
37.7947
37.7947
37.7947
37.7947
37.7947
37.7947
36.0248
36.0248
36.0248
36.0248
36.0248
36.0248
36.0248
36.0248
33.9369
33.9369
33.9369
33.9369
33.9369
33.9369
33.9369
33.9369
31.6318
31.6318
31.6318
31.6318
31.6318
31.6318
31.6318
31.6318
29.2248
29.2248
29.2248
29.2248
29.2248
29.2248
29.2248
29.2248
26.8289
26.8289
26.8289
26.8289
26.8289
26.8289
26.8289
26.8289
24.5426
24.5426
24.5426
24.5426
24.5426
24.5426
24.5426
24.5426
39.4904
39.4904
39.4904
39.4904
39.4904
39.4904
39.4904
39.4904
39.781
39.781
39.781
39.781
39.781
39.781
39.781
39.781
40.1426
40.1426
40.1426
40.1426
40.1426
40.1426
40.1426
40.1426
40.5047
40.5047
40.5047
40.5047
40.5047
40.5047
40.5047
40.5047
40.7795
40.7795
40.7795
40.7795
40.7795
40.7795
40.7795
40.7795
40.8701
40.8701
40.8701
40.8701
40.8701
40.8701
40.8701
40.8701
40.6812
40.6812
40.6812
40.6812
40.6812
40.6812
40.6812
40.6812
40.133
40.133
40.133
40.133
40.133
40.133
40.133
40.133
39.1748
39.1748
39.1748
39.1748
39.1748
39.1748
39.1748
39.1748
37.7947
37.7947
37.7947
37.7947
37.7947
37.7947
37.7947
37.7947
36.0248
36.0248
36.0248
36.0248
36.0248
36.0248
36.0248
36.0248
33.9369
33.9369
33.9369
33.9369
33.9369
33.9369
33.9369
33.9369
31.6318
31.6318
31.6318
31.6318
31.6318
31.6318
31.6318
31.6318
29.2248
29.2248
29.2248
29.2248
29.2248
29.2248
29.2248
29.2248
26.8289
26.8289
26.8289
26.8289
26.8289
26.8289
26.8289
26.8289
24.5426
24.5426
24.5426
24.5426
24.5426
24.5426
24.5426
24.5426
