8192
57.8149
57.8149
57.8149
57.8149
57.8149
57.8149
57.8149
57.8149
51.1526
51.1526
51.1526
51.1526
51.1526
51.1526
51.1526
51.1526
44.7077
44.7077
44.7077
44.7077
44.7077
44.7077
44.7077
44.7077
38.7644
38.7644
38.7644
38.7644
38.7644
38.7644
38.7644
38.7644
33.4881
33.4881
33.4881
33.4881
33.4881
33.4881
33.4881
33.4881
28.9438
28.9438
28.9438
28.9438
28.9438
28.9438
28.9438
28.9438
25.1237
25.1237
25.1237
25.1237
25.1237
25.1237
25.1237
25.1237
21.9746
21.9746
21.9746
21.9746
21.9746
21.9746
21.9746
21.9746
19.4207
19.4207
19.4207
19.4207
19.4207
19.4207
19.4207
19.4207
17.3792
17.3792
17.3792
17.3792
17.3792
17.3792
17.3792
17.3792
15.7703
15.7703
15.7703
15.7703
15.7703
15.7703
15.7703
15.7703
14.5228
14.5228
14.5228
14.5228
14.5228
14.5228
14.5228
14.5228
13.575
13.575
13.575
13.575
13.575
13.575
13.575
13.575
12.8756
12.8756
12.8756
12.8756
12.8756
12.8756
12.8756
12.8756
12.3813
12.3813
12.3813
12.3813
12.3813
12.3813
12.3813
12.3813
12.0553
12.0553
12.0553
12.0553
12.0553
12.0553
12.0553
12.0553
57.8149
57.8149
57.8149
57.8149
57.8149
57.8149
57.8149
57.8149
51.1526
51.1526
51.1526
51.1526
51.1526
51.1526
51.1526
51.1526
44.7077
44.7077
44.7077
44.7077
44.7077
44.7077
44.7077
44.7077
38.7644
38.7644
38.7644
38.7644
38.7644
38.7644
38.7644
38.7644
33.4881
33.4881
33.4881
33.4881
33.4881
33.4881
33.4881
33.4881
28.9438
28.9438
28.9438
28.9438
28.9438
28.9438
28.9438
28.9438
25.1237
25.1237
25.1237
25.1237
25.1237
25.1237
25.1237
25.1237
21.9746
21.9746
21.9746
21.9746
21.9746
21.9746
21.9746
21.9746
19.4207
19.4207
19.4207
19.4207
19.4207
19.4207
19.4207
19.4207
17.3792
17.3792
17.3792
17.3792
17.3792
17.3792
17.3792
17.3792
15.7703
15.7703
15.7703
15.7703
15.7703
15.7703
15.7703
15.7703
14.5228
14.5228
14.5228
14.5228
14.5228
14.5228
14.5228
14.5228
13.575
13.575
13.575
13.575
13.575
13.575
13.575
13.575
12.8756
12.8756
12.8756
12.8756
12.8756
12.8756
12.8756
12.8756
12.3813
12.3813
12.3813
12.3813
12.3813
12.3813
12.3813
12.3813
12.0553
12.0553
12.0553
12.0553
12.0553
12.0553
12.0553
12.0553
57.8149
57.8149
57.8149
57.8149
57.8149
57.8149
57.8149
57.8149
51.1526
51.1526
51.1526
51.1526
51.1526
51.1526
51.1526
51.1526
44.7077
44.7077
44.7077
44.7077
44.7077
44.7077
44.7077
44.7077
38.7644
38.7644
38.7644
38.7644
38.7644
38.7644
38.7644
38.7644
33.4881
33.4881
33.4881
33.4881
33.4881
33.4881
33.4881
33.4881
28.9438
28.9438
28.9438
28.9438
28.9438
28.9438
28.9438
28.9438
25.1237
25.1237
25.1237
25.1237
25.1237
25.1237
25.1237
25.1237
21.9746
21.9746
21.9746
21.9746
21.9746
21.9746
21.9746
21.9746
19.4207
19.4207
19.4207
19.4207
19.4207
19.4207
19.4207
19.4207
17.3792
17.3792
17.3792
17.3792
17.3792
17.3792
17.3792
17.3792
15.7703
15.7703
15.7703
15.7703
15.7703
15.7703
15.7703
15.7703
14.5228
14.5228
14.5228
14.5228
14.5228
14.5228
14.5228
14.5228
13.575
13.575
13.575
13.575
13.575
13.575
13.575
13.575
12.8756
12.8756
12.8756
12.8756
12.8756
12.8756
12.8756
12.8756
12.3813
12.3813
12.3813
12.3813
12.3813
12.3813
12.3813
12.3813
12.0553
12.0553
12.0553
12.0553
12.0553
12.0553
12.0553
12.0553
57.8149
57.8149
57.8149
57.8149
57.8149
57.8149
57.8149
57.8149
51.1526
51.1526
51.1526
51.1526
51.1526
51.1526
51.1526
51.1526
44.7077
44.7077
44.7077
44.7077
44.7077
44.7077
44.7077
44.7077
38.7644
38.7644
38.7644
38.7644
38.7644
38.7644
38.7644
38.7644
33.4881
33.4881
33.4881
33.4881
33.4881
33.4881
33.4881
33.4881
28.9438
28.9438
28.9438
28.9438
28.9438
28.9438
28.9438
28.9438
25.1237
25.1237
25.1237
25.1237
25.1237
25.1237
25.1237
25.1237
21.9746
21.9746
21.9746
21.9746
21.9746
21.9746
21.9746
21.9746
19.4207
19.4207
19.4207
19.4207
19.4207
19.4207
19.4207
19.4207
17.3792
17.3792
17.3792
17.3792
17.3792
17.3792
17.3792
17.3792
15.7703
15.7703
15.7703
15.7703
15.7703
15.7703
15.7703
15.7703
14.5228
14.5228
14.5228
14.5228
14.5228
14.5228
14.5228
14.5228
13.575
13.575
13.575
13.575
13.575
13.575
13.575
13.575
12.8756
12.8756
12.8756
12.8756
12.8756
12.8756
12.8756
12.8756
12.3813
12.3813
12.3813
12.3813
12.3813
12.3813
12.3813
12.3813
12.0553
12.0553
12.0553
12.0553
12.0553
12.0553
12.0553
12.0553
56.036
56.036
56.036
56.036
56.036
56.036
56.036
56.036
49.8885
49.8885
49.8885
49.8885
49.8885
49.8885
49.8885
49.8885
43.8978
43.8978
43.8978
43.8978
43.8978
43.8978
43.8978
43.8978
38.3345
38.3345
38.3345
38.3345
38.3345
38.3345
38.3345
38.3345
33.3617
33.3617
33.3617
33.3617
33.3617
33.3617
33.3617
33.3617
29.0497
29.0497
29.0497
29.0497
29.0497
29.0497
29.0497
29.0497
25.4004
25.4004
25.4004
25.4004
25.4004
25.4004
25.4004
25.4004
22.3715
22.3715
22.3715
22.3715
22.3715
22.3715
22.3715
22.3715
19.8979
19.8979
19.8979
19.8979
19.8979
19.8979
19.8979
19.8979
17.9059
17.9059
17.9059
17.9059
17.9059
17.9059
17.9059
17.9059
16.3232
16.3232
16.3232
16.3232
16.3232
16.3232
16.3232
16.3232
15.0837
15.0837
15.0837
15.0837
15.0837
15.0837
15.0837
15.0837
14.13
14.13
14.13
14.13
14.13
14.13
14.13
14.13
13.4131
13.4131
13.4131
13.4131
13.4131
13.4131
13.4131
13.4131
12.8919
12.8919
12.8919
12.8919
12.8919
12.8919
12.8919
12.8919
12.5313
12.5313
12.5313
12.5313
12.5313
12.5313
12.5313
12.5313
56.036
56.036
56.036
56.036
56.036
56.036
56.036
56.036
49.8885
49.8885
49.8885
49.8885
49.8885
49.8885
49.8885
49.8885
43.8978
43.8978
43.8978
43.8978
43.8978
43.8978
43.8978
43.8978
38.3345
38.3345
38.3345
38.3345
38.3345
38.3345
38.3345
38.3345
33.3617
33.3617
33.3617
33.3617
33.3617
33.3617
33.3617
33.3617
29.0497
29.0497
29.0497
29.0497
29.0497
29.0497
29.0497
29.0497
25.4004
25.4004
25.4004
25.4004
25.4004
25.4004
25.4004
25.4004
22.3715
22.3715
22.3715
22.3715
22.3715
22.3715
22.3715
22.3715
19.8979
19.8979
19.8979
19.8979
19.8979
19.8979
19.8979
19.8979
17.9059
17.9059
17.9059
17.9059
17.9059
17.9059
17.9059
17.9059
16.3232
16.3232
16.3232
16.3232
16.3232
16.3232
16.3232
16.3232
15.0837
15.0837
15.0837
15.0837
15.0837
15.0837
15.0837
15.0837
14.13
14.13
14.13
14.13
14.13
14.13
14.13
14.13
13.4131
13.4131
13.4131
13.4131
13.4131
13.4131
13.4131
13.4131
12.8919
12.8919
12.8919
12.8919
12.8919
12.8919
12.8919
12.8919
12.5313
12.5313
12.5313
12.5313
12.5313
12.5313
12.5313
12.5313
56.036
56.036
56.036
56.036
56.036
56.036
56.036
56.036
49.8885
49.8885
49.8885
49.8885
49.8885
49.8885
49.8885
49.8885
43.8978
43.8978
43.8978
43.8978
43.8978
43.8978
43.8978
43.8978
38.3345
38.3345
38.3345
38.3345
38.3345
38.3345
38.3345
38.3345
33.3617
33.3617
33.3617
33.3617
33.3617
33.3617
33.3617
33.3617
29.0497
29.0497
29.0497
29.0497
29.0497
29.0497
29.0497
29.0497
25.4004
25.4004
25.4004
25.4004
25.4004
25.4004
25.4004
25.4004
22.3715
22.3715
22.3715
22.3715
22.3715
22.3715
22.3715
22.3715
19.8979
19.8979
19.8979
19.8979
19.8979
19.8979
19.8979
19.8979
17.9059
17.9059
17.9059
17.9059
17.9059
17.9059
17.9059
17.9059
16.3232
16.3232
16.3232
16.3232
16.3232
16.3232
16.3232
16.3232
15.0837
15.0837
15.0837
15.0837
15.0837
15.0837
15.0837
15.0837
14.13
14.13
14.13
14.13
14.13
14.13
14.13
14.13
13.4131
13.4131
13.4131
13.4131
13.4131
13.4131
13.4131
13.4131
12.8919
12.8919
12.8919
12.8919
12.8919
12.8919
12.8919
12.8919
12.5313
12.5313
12.5313
12.5313
12.5313
12.5313
12.5313
12.5313
56.036
56.036
56.036
56.036
56.036
56.036
56.036
56.036
49.8885
49.8885
49.8885
49.8885
49.8885
49.8885
49.8885
49.8885
43.8978
43.8978
43.8978
43.8978
43.8978
43.8978
43.8978
43.8978
38.3345
38.3345
38.3345
38.3345
38.3345
38.3345
38.3345
38.3345
33.3617
33.3617
33.3617
33.3617
33.3617
33.3617
33.3617
33.3617
29.0497
29.0497
29.0497
29.0497
29.0497
29.0497
29.0497
29.0497
25.4004
25.4004
25.4004
25.4004
25.4004
25.4004
25.4004
25.4004
22.3715
22.3715
22.3715
22.3715
22.3715
22.3715
22.3715
22.3715
19.8979
19.8979
19.8979
19.8979
19.8979
19.8979
19.8979
19.8979
17.9059
17.9059
17.9059
17.9059
17.9059
17.9059
17.9059
17.9059
16.3232
16.3232
16.3232
16.3232
16.3232
16.3232
16.3232
16.3232
15.0837
15.0837
15.0837
15.0837
15.0837
15.0837
15.0837
15.0837
14.13
14.13
14.13
14.13
14.13
14.13
14.13
14.13
13.4131
13.4131
13.4131
13.4131
13.4131
13.4131
13.4131
13.4131
12.8919
12.8919
12.8919
12.8919
12.8919
12.8919
12.8919
12.8919
12.5313
12.5313
12.5313
12.5313
12.5313
12.5313
12.5313
12.5313
53.2753
53.2753
53.2753
53.2753
53.2753
53.2753
53.2753
53.2753
47.7455
47.7455
47.7455
47.7455
47.7455
47.7455
47.7455
47.7455
42.3221
42.3221
42.3221
42.3221
42.3221
42.3221
42.3221
42.3221
37.2535
37.2535
37.2535
37.2535
37.2535
37.2535
37.2535
37.2535
32.6935
32.6935
32.6935
32.6935
32.6935
32.6935
32.6935
32.6935
28.7133
28.7133
28.7133
28.7133
28.7133
28.7133
28.7133
28.7133
25.3219
25.3219
25.3219
25.3219
25.3219
25.3219
25.3219
25.3219
22.4878
22.4878
22.4878
22.4878
22.4878
22.4878
22.4878
22.4878
20.1568
20.1568
20.1568
20.1568
20.1568
20.1568
20.1568
20.1568
18.2654
18.2654
18.2654
18.2654
18.2654
18.2654
18.2654
18.2654
16.7501
16.7501
16.7501
16.7501
16.7501
16.7501
16.7501
16.7501
15.5516
15.5516
15.5516
15.5516
15.5516
15.5516
15.5516
15.5516
14.6177
14.6177
14.6177
14.6177
14.6177
14.6177
14.6177
14.6177
13.9032
13.9032
13.9032
13.9032
13.9032
13.9032
13.9032
13.9032
13.3701
13.3701
13.3701
13.3701
13.3701
13.3701
13.3701
13.3701
12.9861
12.9861
12.9861
12.9861
12.9861
12.9861
12.9861
12.9861
53.2753
53.2753
53.2753
53.2753
53.2753
53.2753
53.2753
53.2753
47.7455
47.7455
47.7455
47.7455
47.7455
47.7455
47.7455
47.7455
42.3221
42.3221
42.3221
42.3221
42.3221
42.3221
42.3221
42.3221
37.2535
37.2535
37.2535
37.2535
37.2535
37.2535
37.2535
37.2535
32.6935
32.6935
32.6935
32.6935
32.6935
32.6935
32.6935
32.6935
28.7133
28.7133
28.7133
28.7133
28.7133
28.7133
28.7133
28.7133
25.3219
25.3219
25.3219
25.3219
25.3219
25.3219
25.3219
25.3219
22.4878
22.4878
22.4878
22.4878
22.4878
22.4878
22.4878
22.4878
20.1568
20.1568
20.1568
20.1568
20.1568
20.1568
20.1568
20.1568
18.2654
18.2654
18.2654
18.2654
18.2654
18.2654
18.2654
18.2654
16.7501
16.7501
16.7501
16.7501
16.7501
16.7501
16.7501
16.7501
15.5516
15.5516
15.5516
15.5516
15.5516
15.5516
15.5516
15.5516
14.6177
14.6177
14.6177
14.6177
14.6177
14.6177
14.6177
14.6177
13.9032
13.9032
13.9032
13.9032
13.9032
13.9032
13.9032
13.9032
13.3701
13.3701
13.3701
13.3701
13.3701
13.3701
13.3701
13.3701
12.9861
12.9861
12.9861
12.9861
12.9861
12.9861
12.9861
12.9861
53.2753
53.2753
53.2753
53.2753
53.2753
53.2753
53.2753
53.2753
47.7455
47.7455
47.7455
47.7455
47.7455
47.7455
47.7455
47.7455
42.3221
42.3221
42.3221
42.3221
42.3221
42.3221
42.3221
42.3221
37.2535
37.2535
37.2535
37.2535
37.2535
37.2535
37.2535
37.2535
32.6935
32.6935
32.6935
32.6935
32.6935
32.6935
32.6935
32.6935
28.7133
28.7133
28.7133
28.7133
28.7133
28.7133
28.7133
28.7133
25.3219
25.3219
25.3219
25.3219
25.3219
25.3219
25.3219
25.3219
22.4878
22.4878
22.4878
22.4878
22.4878
22.4878
22.4878
22.4878
20.1568
20.1568
20.1568
20.1568
20.1568
20.1568
20.1568
20.1568
18.2654
18.2654
18.2654
18.2654
18.2654
18.2654
18.2654
18.2654
16.7501
16.7501
16.7501
16.7501
16.7501
16.7501
16.7501
16.7501
15.5516
15.5516
15.5516
15.5516
15.5516
15.5516
15.5516
15.5516
14.6177
14.6177
14.6177
14.6177
14.6177
14.6177
14.6177
14.6177
13.9032
13.9032
13.9032
13.9032
13.9032
13.9032
13.9032
13.9032
13.3701
13.3701
13.3701
13.3701
13.3701
13.3701
13.3701
13.3701
12.9861
12.9861
12.9861
12.9861
12.9861
12.9861
12.9861
12.9861
53.2753
53.2753
53.2753
53.2753
53.2753
53.2753
53.2753
53.2753
47.7455
47.7455
47.7455
47.7455
47.7455
47.7455
47.7455
47.7455
42.3221
42.3221
42.3221
42.3221
42.3221
42.3221
42.3221
42.3221
37.2535
37.2535
37.2535
37.2535
37.2535
37.2535
37.2535
37.2535
32.6935
32.6935
32.6935
32.6935
32.6935
32.6935
32.6935
32.6935
28.7133
28.7133
28.7133
28.7133
28.7133
28.7133
28.7133
28.7133
25.3219
25.3219
25.3219
25.3219
25.3219
25.3219
25.3219
25.3219
22.4878
22.4878
22.4878
22.4878
22.4878
22.4878
22.4878
22.4878
20.1568
20.1568
20.1568
20.1568
20.1568
20.1568
20.1568
20.1568
18.2654
18.2654
18.2654
18.2654
18.2654
18.2654
18.2654
18.2654
16.7501
16.7501
16.7501
16.7501
16.7501
16.7501
16.7501
16.7501
15.5516
15.5516
15.5516
15.5516
15.5516
15.5516
15.5516
15.5516
14.6177
14.6177
14.6177
14.6177
14.6177
14.6177
14.6177
14.6177
13.9032
13.9032
13.9032
13.9032
13.9032
13.9032
13.9032
13.9032
13.3701
13.3701
13.3701
13.3701
13.3701
13.3701
13.3701
13.3701
12.9861
12.9861
12.9861
12.9861
12.9861
12.9861
12.9861
12.9861
49.8555
49.8555
49.8555
49.8555
49.8555
49.8555
49.8555
49.8555
44.9771
44.9771
44.9771
44.9771
44.9771
44.9771
44.9771
44.9771
40.171
40.171
40.171
40.171
40.171
40.171
40.171
40.171
35.6572
35.6572
35.6572
35.6572
35.6572
35.6572
35.6572
35.6572
31.5743
31.5743
31.5743
31.5743
31.5743
31.5743
31.5743
31.5743
27.9902
27.9902
27.9902
27.9902
27.9902
27.9902
27.9902
27.9902
24.9179
24.9179
24.9179
24.9179
24.9179
24.9179
24.9179
24.9179
22.3344
22.3344
22.3344
22.3344
22.3344
22.3344
22.3344
22.3344
20.1956
20.1956
20.1956
20.1956
20.1956
20.1956
20.1956
20.1956
18.4481
18.4481
18.4481
18.4481
18.4481
18.4481
18.4481
18.4481
17.0369
17.0369
17.0369
17.0369
17.0369
17.0369
17.0369
17.0369
15.9103
15.9103
15.9103
15.9103
15.9103
15.9103
15.9103
15.9103
15.0215
15.0215
15.0215
15.0215
15.0215
15.0215
15.0215
15.0215
14.3299
14.3299
14.3299
14.3299
14.3299
14.3299
14.3299
14.3299
13.8012
13.8012
13.8012
13.8012
13.8012
13.8012
13.8012
13.8012
13.4065
13.4065
13.4065
13.4065
13.4065
13.4065
13.4065
13.4065
49.8555
49.8555
49.8555
49.8555
49.8555
49.8555
49.8555
49.8555
44.9771
44.9771
44.9771
44.9771
44.9771
44.9771
44.9771
44.9771
40.171
40.171
40.171
40.171
40.171
40.171
40.171
40.171
35.6572
35.6572
35.6572
35.6572
35.6572
35.6572
35.6572
35.6572
31.5743
31.5743
31.5743
31.5743
31.5743
31.5743
31.5743
31.5743
27.9902
27.9902
27.9902
27.9902
27.9902
27.9902
27.9902
27.9902
24.9179
24.9179
24.9179
24.9179
24.9179
24.9179
24.9179
24.9179
22.3344
22.3344
22.3344
22.3344
22.3344
22.3344
22.3344
22.3344
20.1956
20.1956
20.1956
20.1956
20.1956
20.1956
20.1956
20.1956
18.4481
18.4481
18.4481
18.4481
18.4481
18.4481
18.4481
18.4481
17.0369
17.0369
17.0369
17.0369
17.0369
17.0369
17.0369
17.0369
15.9103
15.9103
15.9103
15.9103
15.9103
15.9103
15.9103
15.9103
15.0215
15.0215
15.0215
15.0215
15.0215
15.0215
15.0215
15.0215
14.3299
14.3299
14.3299
14.3299
14.3299
14.3299
14.3299
14.3299
13.8012
13.8012
13.8012
13.8012
13.8012
13.8012
13.8012
13.8012
13.4065
13.4065
13.4065
13.4065
13.4065
13.4065
13.4065
13.4065
49.8555
49.8555
49.8555
49.8555
49.8555
49.8555
49.8555
49.8555
44.9771
44.9771
44.9771
44.9771
44.9771
44.9771
44.9771
44.9771
40.171
40.171
40.171
40.171
40.171
40.171
40.171
40.171
35.6572
35.6572
35.6572
35.6572
35.6572
35.6572
35.6572
35.6572
31.5743
31.5743
31.5743
31.5743
31.5743
31.5743
31.5743
31.5743
27.9902
27.9902
27.9902
27.9902
27.9902
27.9902
27.9902
27.9902
24.9179
24.9179
24.9179
24.9179
24.9179
24.9179
24.9179
24.9179
22.3344
22.3344
22.3344
22.3344
22.3344
22.3344
22.3344
22.3344
20.1956
20.1956
20.1956
20.1956
20.1956
20.1956
20.1956
20.1956
18.4481
18.4481
18.4481
18.4481
18.4481
18.4481
18.4481
18.4481
17.0369
17.0369
17.0369
17.0369
17.0369
17.0369
17.0369
17.0369
15.9103
15.9103
15.9103
15.9103
15.9103
15.9103
15.9103
15.9103
15.0215
15.0215
15.0215
15.0215
15.0215
15.0215
15.0215
15.0215
14.3299
14.3299
14.3299
14.3299
14.3299
14.3299
14.3299
14.3299
13.8012
13.8012
13.8012
13.8012
13.8012
13.8012
13.8012
13.8012
13.4065
13.4065
13.4065
13.4065
13.4065
13.4065
13.4065
13.4065
49.8555
49.8555
49.8555
49.8555
49.8555
49.8555
49.8555
49.8555
44.9771
44.9771
44.9771
44.9771
44.9771
44.9771
44.9771
44.9771
40.171
40.171
40.171
40.171
40.171
40.171
40.171
40.171
35.6572
35.6572
35.6572
35.6572
35.6572
35.6572
35.6572
35.6572
31.5743
31.5743
31.5743
31.5743
31.5743
31.5743
31.5743
31.5743
27.9902
27.9902
27.9902
27.9902
27.9902
27.9902
27.9902
27.9902
24.9179
24.9179
24.9179
24.9179
24.9179
24.9179
24.9179
24.9179
22.3344
22.3344
22.3344
22.3344
22.3344
22.3344
22.3344
22.3344
20.1956
20.1956
20.1956
20.1956
20.1956
20.1956
20.1956
20.1956
18.4481
18.4481
18.4481
18.4481
18.4481
18.4481
18.4481
18.4481
17.0369
17.0369
17.0369
17.0369
17.0369
17.0369
17.0369
17.0369
15.9103
15.9103
15.9103
15.9103
15.9103
15.9103
15.9103
15.9103
15.0215
15.0215
15.0215
15.0215
15.0215
15.0215
15.0215
15.0215
14.3299
14.3299
14.3299
14.3299
14.3299
14.3299
14.3299
14.3299
13.8012
13.8012
13.8012
13.8012
13.8012
13.8012
13.8012
13.8012
13.4065
13.4065
13.4065
13.4065
13.4065
13.4065
13.4065
13.4065
46.1052
46.1052
46.1052
46.1052
46.1052
46.1052
46.1052
46.1052
41.8548
41.8548
41.8548
41.8548
41.8548
41.8548
41.8548
41.8548
37.6602
37.6602
37.6602
37.6602
37.6602
37.6602
37.6602
37.6602
33.7099
33.7099
33.7099
33.7099
33.7099
33.7099
33.7099
33.7099
30.1242
30.1242
30.1242
30.1242
30.1242
30.1242
30.1242
30.1242
26.9638
26.9638
26.9638
26.9638
26.9638
26.9638
26.9638
26.9638
24.2427
24.2427
24.2427
24.2427
24.2427
24.2427
24.2427
24.2427
21.9436
21.9436
21.9436
21.9436
21.9436
21.9436
21.9436
21.9436
20.0305
20.0305
20.0305
20.0305
20.0305
20.0305
20.0305
20.0305
18.4586
18.4586
18.4586
18.4586
18.4586
18.4586
18.4586
18.4586
17.1808
17.1808
17.1808
17.1808
17.1808
17.1808
17.1808
17.1808
16.152
16.152
16.152
16.152
16.152
16.152
16.152
16.152
15.3309
15.3309
15.3309
15.3309
15.3309
15.3309
15.3309
15.3309
14.6817
14.6817
14.6817
14.6817
14.6817
14.6817
14.6817
14.6817
14.1736
14.1736
14.1736
14.1736
14.1736
14.1736
14.1736
14.1736
13.7817
13.7817
13.7817
13.7817
13.7817
13.7817
13.7817
13.7817
46.1052
46.1052
46.1052
46.1052
46.1052
46.1052
46.1052
46.1052
41.8548
41.8548
41.8548
41.8548
41.8548
41.8548
41.8548
41.8548
37.6602
37.6602
37.6602
37.6602
37.6602
37.6602
37.6602
37.6602
33.7099
33.7099
33.7099
33.7099
33.7099
33.7099
33.7099
33.7099
30.1242
30.1242
30.1242
30.1242
30.1242
30.1242
30.1242
30.1242
26.9638
26.9638
26.9638
26.9638
26.9638
26.9638
26.9638
26.9638
24.2427
24.2427
24.2427
24.2427
24.2427
24.2427
24.2427
24.2427
21.9436
21.9436
21.9436
21.9436
21.9436
21.9436
21.9436
21.9436
20.0305
20.0305
20.0305
20.0305
20.0305
20.0305
20.0305
20.0305
18.4586
18.4586
18.4586
18.4586
18.4586
18.4586
18.4586
18.4586
17.1808
17.1808
17.1808
17.1808
17.1808
17.1808
17.1808
17.1808
16.152
16.152
16.152
16.152
16.152
16.152
16.152
16.152
15.3309
15.3309
15.3309
15.3309
15.3309
15.3309
15.3309
15.3309
14.6817
14.6817
14.6817
14.6817
14.6817
14.6817
14.6817
14.6817
14.1736
14.1736
14.1736
14.1736
14.1736
14.1736
14.1736
14.1736
13.7817
13.7817
13.7817
13.7817
13.7817
13.7817
13.7817
13.7817
46.1052
46.1052
46.1052
46.1052
46.1052
46.1052
46.1052
46.1052
41.8548
41.8548
41.8548
41.8548
41.8548
41.8548
41.8548
41.8548
37.6602
37.6602
37.6602
37.6602
37.6602
37.6602
37.6602
37.6602
33.7099
33.7099
33.7099
33.7099
33.7099
33.7099
33.7099
33.7099
30.1242
30.1242
30.1242
30.1242
30.1242
30.1242
30.1242
30.1242
26.9638
26.9638
26.9638
26.9638
26.9638
26.9638
26.9638
26.9638
24.2427
24.2427
24.2427
24.2427
24.2427
24.2427
24.2427
24.2427
21.9436
21.9436
21.9436
21.9436
21.9436
21.9436
21.9436
21.9436
20.0305
20.0305
20.0305
20.0305
20.0305
20.0305
20.0305
20.0305
18.4586
18.4586
18.4586
18.4586
18.4586
18.4586
18.4586
18.4586
17.1808
17.1808
17.1808
17.1808
17.1808
17.1808
17.1808
17.1808
16.152
16.152
16.152
16.152
16.152
16.152
16.152
16.152
15.3309
15.3309
15.3309
15.3309
15.3309
15.3309
15.3309
15.3309
14.6817
14.6817
14.6817
14.6817
14.6817
14.6817
14.6817
14.6817
14.1736
14.1736
14.1736
14.1736
14.1736
14.1736
14.1736
14.1736
13.7817
13.7817
13.7817
13.7817
13.7817
13.7817
13.7817
13.7817
46.1052
46.1052
46.1052
46.1052
46.1052
46.1052
46.1052
46.1052
41.8548
41.8548
41.8548
41.8548
41.8548
41.8548
41.8548
41.8548
37.6602
37.6602
37.6602
37.6602
37.6602
37.6602
37.6602
37.6602
33.7099
33.7099
33.7099
33.7099
33.7099
33.7099
33.7099
33.7099
30.1242
30.1242
30.1242
30.1242
30.1242
30.1242
30.1242
30.1242
26.9638
26.9638
26.9638
26.9638
26.9638
26.9638
26.9638
26.9638
24.2427
24.2427
24.2427
24.2427
24.2427
24.2427
24.2427
24.2427
21.9436
21.9436
21.9436
21.9436
21.9436
21.9436
21.9436
21.9436
20.0305
20.0305
20.0305
20.0305
20.0305
20.0305
20.0305
20.0305
18.4586
18.4586
18.4586
18.4586
18.4586
18.4586
18.4586
18.4586
17.1808
17.1808
17.1808
17.1808
17.1808
17.1808
17.1808
17.1808
16.152
16.152
16.152
16.152
16.152
16.152
16.152
16.152
15.3309
15.3309
15.3309
15.3309
15.3309
15.3309
15.3309
15.3309
14.6817
14.6817
14.6817
14.6817
14.6817
14.6817
14.6817
14.6817
14.1736
14.1736
14.1736
14.1736
14.1736
14.1736
14.1736
14.1736
13.7817
13.7817
13.7817
13.7817
13.7817
13.7817
13.7817
13.7817
42.3117
42.3117
42.3117
42.3117
42.3117
42.3117
42.3117
42.3117
38.6264
38.6264
38.6264
38.6264
38.6264
38.6264
38.6264
38.6264
34.9959
34.9959
34.9959
34.9959
34.9959
34.9959
34.9959
34.9959
31.5775
31.5775
31.5775
31.5775
31.5775
31.5775
31.5775
31.5775
28.4721
28.4721
28.4721
28.4721
28.4721
28.4721
28.4721
28.4721
25.7308
25.7308
25.7308
25.7308
25.7308
25.7308
25.7308
25.7308
23.3657
23.3657
23.3657
23.3657
23.3657
23.3657
23.3657
23.3657
21.3627
21.3627
21.3627
21.3627
21.3627
21.3627
21.3627
21.3627
19.6916
19.6916
19.6916
19.6916
19.6916
19.6916
19.6916
19.6916
18.3139
18.3139
18.3139
18.3139
18.3139
18.3139
18.3139
18.3139
17.189
17.189
17.189
17.189
17.189
17.189
17.189
17.189
16.2774
16.2774
16.2774
16.2774
16.2774
16.2774
16.2774
16.2774
15.5426
15.5426
15.5426
15.5426
15.5426
15.5426
15.5426
15.5426
14.9526
14.9526
14.9526
14.9526
14.9526
14.9526
14.9526
14.9526
14.4803
14.4803
14.4803
14.4803
14.4803
14.4803
14.4803
14.4803
14.1044
14.1044
14.1044
14.1044
14.1044
14.1044
14.1044
14.1044
42.3117
42.3117
42.3117
42.3117
42.3117
42.3117
42.3117
42.3117
38.6264
38.6264
38.6264
38.6264
38.6264
38.6264
38.6264
38.6264
34.9959
34.9959
34.9959
34.9959
34.9959
34.9959
34.9959
34.9959
31.5775
31.5775
31.5775
31.5775
31.5775
31.5775
31.5775
31.5775
28.4721
28.4721
28.4721
28.4721
28.4721
28.4721
28.4721
28.4721
25.7308
25.7308
25.7308
25.7308
25.7308
25.7308
25.7308
25.7308
23.3657
23.3657
23.3657
23.3657
23.3657
23.3657
23.3657
23.3657
21.3627
21.3627
21.3627
21.3627
21.3627
21.3627
21.3627
21.3627
19.6916
19.6916
19.6916
19.6916
19.6916
19.6916
19.6916
19.6916
18.3139
18.3139
18.3139
18.3139
18.3139
18.3139
18.3139
18.3139
17.189
17.189
17.189
17.189
17.189
17.189
17.189
17.189
16.2774
16.2774
16.2774
16.2774
16.2774
16.2774
16.2774
16.2774
15.5426
15.5426
15.5426
15.5426
15.5426
15.5426
15.5426
15.5426
14.9526
14.9526
14.9526
14.9526
14.9526
14.9526
14.9526
14.9526
14.4803
14.4803
14.4803
14.4803
14.4803
14.4803
14.4803
14.4803
14.1044
14.1044
14.1044
14.1044
14.1044
14.1044
14.1044
14.1044
42.3117
42.3117
42.3117
42.3117
42.3117
42.3117
42.3117
42.3117
38.6264
38.6264
38.6264
38.6264
38.6264
38.6264
38.6264
38.6264
34.9959
34.9959
34.9959
34.9959
34.9959
34.9959
34.9959
34.9959
31.5775
31.5775
31.5775
31.5775
31.5775
31.5775
31.5775
31.5775
28.4721
28.4721
28.4721
28.4721
28.4721
28.4721
28.4721
28.4721
25.7308
25.7308
25.7308
25.7308
25.7308
25.7308
25.7308
25.7308
23.3657
23.3657
23.3657
23.3657
23.3657
23.3657
23.3657
23.3657
21.3627
21.3627
21.3627
21.3627
21.3627
21.3627
21.3627
21.3627
19.6916
19.6916
19.6916
19.6916
19.6916
19.6916
19.6916
19.6916
18.3139
18.3139
18.3139
18.3139
18.3139
18.3139
18.3139
18.3139
17.189
17.189
17.189
17.189
17.189
17.189
17.189
17.189
16.2774
16.2774
16.2774
16.2774
16.2774
16.2774
16.2774
16.2774
15.5426
15.5426
15.5426
15.5426
15.5426
15.5426
15.5426
15.5426
14.9526
14.9526
14.9526
14.9526
14.9526
14.9526
14.9526
14.9526
14.4803
14.4803
14.4803
14.4803
14.4803
14.4803
14.4803
14.4803
14.1044
14.1044
14.1044
14.1044
14.1044
14.1044
14.1044
14.1044
42.3117
42.3117
42.3117
42.3117
42.3117
42.3117
42.3117
42.3117
38.6264
38.6264
38.6264
38.6264
38.6264
38.6264
38.6264
38.6264
34.9959
34.9959
34.9959
34.9959
34.9959
34.9959
34.9959
34.9959
31.5775
31.5775
31.5775
31.5775
31.5775
31.5775
31.5775
31.5775
28.4721
28.4721
28.4721
28.4721
28.4721
28.4721
28.4721
28.4721
25.7308
25.7308
25.7308
25.7308
25.7308
25.7308
25.7308
25.7308
23.3657
23.3657
23.3657
23.3657
23.3657
23.3657
23.3657
23.3657
21.3627
21.3627
21.3627
21.3627
21.3627
21.3627
21.3627
21.3627
19.6916
19.6916
19.6916
19.6916
19.6916
19.6916
19.6916
19.6916
18.3139
18.3139
18.3139
18.3139
18.3139
18.3139
18.3139
18.3139
17.189
17.189
17.189
17.189
17.189
17.189
17.189
17.189
16.2774
16.2774
16.2774
16.2774
16.2774
16.2774
16.2774
16.2774
15.5426
15.5426
15.5426
15.5426
15.5426
15.5426
15.5426
15.5426
14.9526
14.9526
14.9526
14.9526
14.9526
14.9526
14.9526
14.9526
14.4803
14.4803
14.4803
14.4803
14.4803
14.4803
14.4803
14.4803
14.1044
14.1044
14.1044
14.1044
14.1044
14.1044
14.1044
14.1044
38.6947
38.6947
38.6947
38.6947
38.6947
38.6947
38.6947
38.6947
35.4901
35.4901
35.4901
35.4901
35.4901
35.4901
35.4901
35.4901
32.3511
32.3511
32.3511
32.3511
32.3511
32.3511
32.3511
32.3511
29.4066
29.4066
29.4066
29.4066
29.4066
29.4066
29.4066
29.4066
26.7384
26.7384
26.7384
26.7384
26.7384
26.7384
26.7384
26.7384
24.3869
24.3869
24.3869
24.3869
24.3869
24.3869
24.3869
24.3869
22.3608
22.3608
22.3608
22.3608
22.3608
22.3608
22.3608
22.3608
20.6467
20.6467
20.6467
20.6467
20.6467
20.6467
20.6467
20.6467
19.2177
19.2177
19.2177
19.2177
19.2177
19.2177
19.2177
19.2177
18.0402
18.0402
18.0402
18.0402
18.0402
18.0402
18.0402
18.0402
17.0778
17.0778
17.0778
17.0778
17.0778
17.0778
17.0778
17.0778
16.2953
16.2953
16.2953
16.2953
16.2953
16.2953
16.2953
16.2953
15.6597
15.6597
15.6597
15.6597
15.6597
15.6597
15.6597
15.6597
15.1421
15.1421
15.1421
15.1421
15.1421
15.1421
15.1421
15.1421
14.7185
14.7185
14.7185
14.7185
14.7185
14.7185
14.7185
14.7185
14.3706
14.3706
14.3706
14.3706
14.3706
14.3706
14.3706
14.3706
38.6947
38.6947
38.6947
38.6947
38.6947
38.6947
38.6947
38.6947
35.4901
35.4901
35.4901
35.4901
35.4901
35.4901
35.4901
35.4901
32.3511
32.3511
32.3511
32.3511
32.3511
32.3511
32.3511
32.3511
29.4066
29.4066
29.4066
29.4066
29.4066
29.4066
29.4066
29.4066
26.7384
26.7384
26.7384
26.7384
26.7384
26.7384
26.7384
26.7384
24.3869
24.3869
24.3869
24.3869
24.3869
24.3869
24.3869
24.3869
22.3608
22.3608
22.3608
22.3608
22.3608
22.3608
22.3608
22.3608
20.6467
20.6467
20.6467
20.6467
20.6467
20.6467
20.6467
20.6467
19.2177
19.2177
19.2177
19.2177
19.2177
19.2177
19.2177
19.2177
18.0402
18.0402
18.0402
18.0402
18.0402
18.0402
18.0402
18.0402
17.0778
17.0778
17.0778
17.0778
17.0778
17.0778
17.0778
17.0778
16.2953
16.2953
16.2953
16.2953
16.2953
16.2953
16.2953
16.2953
15.6597
15.6597
15.6597
15.6597
15.6597
15.6597
15.6597
15.6597
15.1421
15.1421
15.1421
15.1421
15.1421
15.1421
15.1421
15.1421
14.7185
14.7185
14.7185
14.7185
14.7185
14.7185
14.7185
14.7185
14.3706
14.3706
14.3706
14.3706
14.3706
14.3706
14.3706
14.3706
38.6947
38.6947
38.6947
38.6947
38.6947
38.6947
38.6947
38.6947
35.4901
35.4901
35.4901
35.4901
35.4901
35.4901
35.4901
35.4901
32.3511
32.3511
32.3511
32.3511
32.3511
32.3511
32.3511
32.3511
29.4066
29.4066
29.4066
29.4066
29.4066
29.4066
29.4066
29.4066
26.7384
26.7384
26.7384
26.7384
26.7384
26.7384
26.7384
26.7384
24.3869
24.3869
24.3869
24.3869
24.3869
24.3869
24.3869
24.3869
22.3608
22.3608
22.3608
22.3608
22.3608
22.3608
22.3608
22.3608
20.6467
20.6467
20.6467
20.6467
20.6467
20.6467
20.6467
20.6467
19.2177
19.2177
19.2177
19.2177
19.2177
19.2177
19.2177
19.2177
18.0402
18.0402
18.0402
18.0402
18.0402
18.0402
18.0402
18.0402
17.0778
17.0778
17.0778
17.0778
17.0778
17.0778
17.0778
17.0778
16.2953
16.2953
16.2953
16.2953
16.2953
16.2953
16.2953
16.2953
15.6597
15.6597
15.6597
15.6597
15.6597
15.6597
15.6597
15.6597
15.1421
15.1421
15.1421
15.1421
15.1421
15.1421
15.1421
15.1421
14.7185
14.7185
14.7185
14.7185
14.7185
14.7185
14.7185
14.7185
14.3706
14.3706
14.3706
14.3706
14.3706
14.3706
14.3706
14.3706
38.6947
38.6947
38.6947
38.6947
38.6947
38.6947
38.6947
38.6947
35.4901
35.4901
35.4901
35.4901
35.4901
35.4901
35.4901
35.4901
32.3511
32.3511
32.3511
32.3511
32.3511
32.3511
32.3511
32.3511
29.4066
29.4066
29.4066
29.4066
29.4066
29.4066
29.4066
29.4066
26.7384
26.7384
26.7384
26.7384
26.7384
26.7384
26.7384
26.7384
24.3869
24.3869
24.3869
24.3869
24.3869
24.3869
24.3869
24.3869
22.3608
22.3608
22.3608
22.3608
22.3608
22.3608
22.3608
22.3608
20.6467
20.6467
20.6467
20.6467
20.6467
20.6467
20.6467
20.6467
19.2177
19.2177
19.2177
19.2177
19.2177
19.2177
19.2177
19.2177
18.0402
18.0402
18.0402
18.0402
18.0402
18.0402
18.0402
18.0402
17.0778
17.0778
17.0778
17.0778
17.0778
17.0778
17.0778
17.0778
16.2953
16.2953
16.2953
16.2953
16.2953
16.2953
16.2953
16.2953
15.6597
15.6597
15.6597
15.6597
15.6597
15.6597
15.6597
15.6597
15.1421
15.1421
15.1421
15.1421
15.1421
15.1421
15.1421
15.1421
14.7185
14.7185
14.7185
14.7185
14.7185
14.7185
14.7185
14.7185
14.3706
14.3706
14.3706
14.3706
14.3706
14.3706
14.3706
14.3706
35.3994
35.3994
35.3994
35.3994
35.3994
35.3994
35.3994
35.3994
32.5846
32.5846
32.5846
32.5846
32.5846
32.5846
32.5846
32.5846
29.8543
29.8543
29.8543
29.8543
29.8543
29.8543
29.8543
29.8543
27.3125
27.3125
27.3125
27.3125
27.3125
27.3125
27.3125
27.3125
25.0234
25.0234
25.0234
25.0234
25.0234
25.0234
25.0234
25.0234
23.017
23.017
23.017
23.017
23.017
23.017
23.017
23.017
21.2975
21.2975
21.2975
21.2975
21.2975
21.2975
21.2975
21.2975
19.8507
19.8507
19.8507
19.8507
19.8507
19.8507
19.8507
19.8507
18.6515
18.6515
18.6515
18.6515
18.6515
18.6515
18.6515
18.6515
17.6687
17.6687
17.6687
17.6687
17.6687
17.6687
17.6687
17.6687
16.8692
16.8692
16.8692
16.8692
16.8692
16.8692
16.8692
16.8692
16.2201
16.2201
16.2201
16.2201
16.2201
16.2201
16.2201
16.2201
15.691
15.691
15.691
15.691
15.691
15.691
15.691
15.691
15.2549
15.2549
15.2549
15.2549
15.2549
15.2549
15.2549
15.2549
14.8898
14.8898
14.8898
14.8898
14.8898
14.8898
14.8898
14.8898
14.5801
14.5801
14.5801
14.5801
14.5801
14.5801
14.5801
14.5801
35.3994
35.3994
35.3994
35.3994
35.3994
35.3994
35.3994
35.3994
32.5846
32.5846
32.5846
32.5846
32.5846
32.5846
32.5846
32.5846
29.8543
29.8543
29.8543
29.8543
29.8543
29.8543
29.8543
29.8543
27.3125
27.3125
27.3125
27.3125
27.3125
27.3125
27.3125
27.3125
25.0234
25.0234
25.0234
25.0234
25.0234
25.0234
25.0234
25.0234
23.017
23.017
23.017
23.017
23.017
23.017
23.017
23.017
21.2975
21.2975
21.2975
21.2975
21.2975
21.2975
21.2975
21.2975
19.8507
19.8507
19.8507
19.8507
19.8507
19.8507
19.8507
19.8507
18.6515
18.6515
18.6515
18.6515
18.6515
18.6515
18.6515
18.6515
17.6687
17.6687
17.6687
17.6687
17.6687
17.6687
17.6687
17.6687
16.8692
16.8692
16.8692
16.8692
16.8692
16.8692
16.8692
16.8692
16.2201
16.2201
16.2201
16.2201
16.2201
16.2201
16.2201
16.2201
15.691
15.691
15.691
15.691
15.691
15.691
15.691
15.691
15.2549
15.2549
15.2549
15.2549
15.2549
15.2549
15.2549
15.2549
14.8898
14.8898
14.8898
14.8898
14.8898
14.8898
14.8898
14.8898
14.5801
14.5801
14.5801
14.5801
14.5801
14.5801
14.5801
14.5801
35.3994
35.3994
35.3994
35.3994
35.3994
35.3994
35.3994
35.3994
32.5846
32.5846
32.5846
32.5846
32.5846
32.5846
32.5846
32.5846
29.8543
29.8543
29.8543
29.8543
29.8543
29.8543
29.8543
29.8543
27.3125
27.3125
27.3125
27.3125
27.3125
27.3125
27.3125
27.3125
25.0234
25.0234
25.0234
25.0234
25.0234
25.0234
25.0234
25.0234
23.017
23.017
23.017
23.017
23.017
23.017
23.017
23.017
21.2975
21.2975
21.2975
21.2975
21.2975
21.2975
21.2975
21.2975
19.8507
19.8507
19.8507
19.8507
19.8507
19.8507
19.8507
19.8507
18.6515
18.6515
18.6515
18.6515
18.6515
18.6515
18.6515
18.6515
17.6687
17.6687
17.6687
17.6687
17.6687
17.6687
17.6687
17.6687
16.8692
16.8692
16.8692
16.8692
16.8692
16.8692
16.8692
16.8692
16.2201
16.2201
16.2201
16.2201
16.2201
16.2201
16.2201
16.2201
15.691
15.691
15.691
15.691
15.691
15.691
15.691
15.691
15.2549
15.2549
15.2549
15.2549
15.2549
15.2549
15.2549
15.2549
14.8898
14.8898
14.8898
14.8898
14.8898
14.8898
14.8898
14.8898
14.5801
14.5801
14.5801
14.5801
14.5801
14.5801
14.5801
14.5801
35.3994
35.3994
35.3994
35.3994
35.3994
35.3994
35.3994
35.3994
32.5846
32.5846
32.5846
32.5846
32.5846
32.5846
32.5846
32.5846
29.8543
29.8543
29.8543
29.8543
29.8543
29.8543
29.8543
29.8543
27.3125
27.3125
27.3125
27.3125
27.3125
27.3125
27.3125
27.3125
25.0234
25.0234
25.0234
25.0234
25.0234
25.0234
25.0234
25.0234
23.017
23.017
23.017
23.017
23.017
23.017
23.017
23.017
21.2975
21.2975
21.2975
21.2975
21.2975
21.2975
21.2975
21.2975
19.8507
19.8507
19.8507
19.8507
19.8507
19.8507
19.8507
19.8507
18.6515
18.6515
18.6515
18.6515
18.6515
18.6515
18.6515
18.6515
17.6687
17.6687
17.6687
17.6687
17.6687
17.6687
17.6687
17.6687
16.8692
16.8692
16.8692
16.8692
16.8692
16.8692
16.8692
16.8692
16.2201
16.2201
16.2201
16.2201
16.2201
16.2201
16.2201
16.2201
15.691
15.691
15.691
15.691
15.691
15.691
15.691
15.691
15.2549
15.2549
15.2549
15.2549
15.2549
15.2549
15.2549
15.2549
14.8898
14.8898
14.8898
14.8898
14.8898
14.8898
14.8898
14.8898
14.5801
14.5801
14.5801
14.5801
14.5801
14.5801
14.5801
14.5801
32.5045
32.5045
32.5045
32.5045
32.5045
32.5045
32.5045
32.5045
29.9924
29.9924
29.9924
29.9924
29.9924
29.9924
29.9924
29.9924
27.5884
27.5884
27.5884
27.5884
27.5884
27.5884
27.5884
27.5884
25.3752
25.3752
25.3752
25.3752
25.3752
25.3752
25.3752
25.3752
23.4018
23.4018
23.4018
23.4018
23.4018
23.4018
23.4018
23.4018
21.6886
21.6886
21.6886
21.6886
21.6886
21.6886
21.6886
21.6886
20.2349
20.2349
20.2349
20.2349
20.2349
20.2349
20.2349
20.2349
19.0251
19.0251
19.0251
19.0251
19.0251
19.0251
19.0251
19.0251
18.0342
18.0342
18.0342
18.0342
18.0342
18.0342
18.0342
18.0342
17.2326
17.2326
17.2326
17.2326
17.2326
17.2326
17.2326
17.2326
16.5885
16.5885
16.5885
16.5885
16.5885
16.5885
16.5885
16.5885
16.0706
16.0706
16.0706
16.0706
16.0706
16.0706
16.0706
16.0706
15.6496
15.6496
15.6496
15.6496
15.6496
15.6496
15.6496
15.6496
15.2996
15.2996
15.2996
15.2996
15.2996
15.2996
15.2996
15.2996
14.9996
14.9996
14.9996
14.9996
14.9996
14.9996
14.9996
14.9996
14.7358
14.7358
14.7358
14.7358
14.7358
14.7358
14.7358
14.7358
32.5045
32.5045
32.5045
32.5045
32.5045
32.5045
32.5045
32.5045
29.9924
29.9924
29.9924
29.9924
29.9924
29.9924
29.9924
29.9924
27.5884
27.5884
27.5884
27.5884
27.5884
27.5884
27.5884
27.5884
25.3752
25.3752
25.3752
25.3752
25.3752
25.3752
25.3752
25.3752
23.4018
23.4018
23.4018
23.4018
23.4018
23.4018
23.4018
23.4018
21.6886
21.6886
21.6886
21.6886
21.6886
21.6886
21.6886
21.6886
20.2349
20.2349
20.2349
20.2349
20.2349
20.2349
20.2349
20.2349
19.0251
19.0251
19.0251
19.0251
19.0251
19.0251
19.0251
19.0251
18.0342
18.0342
18.0342
18.0342
18.0342
18.0342
18.0342
18.0342
17.2326
17.2326
17.2326
17.2326
17.2326
17.2326
17.2326
17.2326
16.5885
16.5885
16.5885
16.5885
16.5885
16.5885
16.5885
16.5885
16.0706
16.0706
16.0706
16.0706
16.0706
16.0706
16.0706
16.0706
15.6496
15.6496
15.6496
15.6496
15.6496
15.6496
15.6496
15.6496
15.2996
15.2996
15.2996
15.2996
15.2996
15.2996
15.2996
15.2996
14.9996
14.9996
14.9996
14.9996
14.9996
14.9996
14.9996
14.9996
14.7358
14.7358
14.7358
14.7358
14.7358
14.7358
14.7358
14.7358
32.5045
32.5045
32.5045
32.5045
32.5045
32.5045
32.5045
32.5045
29.9924
29.9924
29.9924
29.9924
29.9924
29.9924
29.9924
29.9924
27.5884
27.5884
27.5884
27.5884
27.5884
27.5884
27.5884
27.5884
25.3752
25.3752
25.3752
25.3752
25.3752
25.3752
25.3752
25.3752
23.4018
23.4018
23.4018
23.4018
23.4018
23.4018
23.4018
23.4018
21.6886
21.6886
21.6886
21.6886
21.6886
21.6886
21.6886
21.6886
20.2349
20.2349
20.2349
20.2349
20.2349
20.2349
20.2349
20.2349
19.0251
19.0251
19.0251
19.0251
19.0251
19.0251
19.0251
19.0251
18.0342
18.0342
18.0342
18.0342
18.0342
18.0342
18.0342
18.0342
17.2326
17.2326
17.2326
17.2326
17.2326
17.2326
17.2326
17.2326
16.5885
16.5885
16.5885
16.5885
16.5885
16.5885
16.5885
16.5885
16.0706
16.0706
16.0706
16.0706
16.0706
16.0706
16.0706
16.0706
15.6496
15.6496
15.6496
15.6496
15.6496
15.6496
15.6496
15.6496
15.2996
15.2996
15.2996
15.2996
15.2996
15.2996
15.2996
15.2996
14.9996
14.9996
14.9996
14.9996
14.9996
14.9996
14.9996
14.9996
14.7358
14.7358
14.7358
14.7358
14.7358
14.7358
14.7358
14.7358
32.5045
32.5045
32.5045
32.5045
32.5045
32.5045
32.5045
32.5045
29.9924
29.9924
29.9924
29.9924
29.9924
29.9924
29.9924
29.9924
27.5884
27.5884
27.5884
27.5884
27.5884
27.5884
27.5884
27.5884
25.3752
25.3752
25.3752
25.3752
25.3752
25.3752
25.3752
25.3752
23.4018
23.4018
23.4018
23.4018
23.4018
23.4018
23.4018
23.4018
21.6886
21.6886
21.6886
21.6886
21.6886
21.6886
21.6886
21.6886
20.2349
20.2349
20.2349
20.2349
20.2349
20.2349
20.2349
20.2349
19.0251
19.0251
19.0251
19.0251
19.0251
19.0251
19.0251
19.0251
18.0342
18.0342
18.0342
18.0342
18.0342
18.0342
18.0342
18.0342
17.2326
17.2326
17.2326
17.2326
17.2326
17.2326
17.2326
17.2326
16.5885
16.5885
16.5885
16.5885
16.5885
16.5885
16.5885
16.5885
16.0706
16.0706
16.0706
16.0706
16.0706
16.0706
16.0706
16.0706
15.6496
15.6496
15.6496
15.6496
15.6496
15.6496
15.6496
15.6496
15.2996
15.2996
15.2996
15.2996
15.2996
15.2996
15.2996
15.2996
14.9996
14.9996
14.9996
14.9996
14.9996
14.9996
14.9996
14.9996
14.7358
14.7358
14.7358
14.7358
14.7358
14.7358
14.7358
14.7358
30.0363
30.0363
30.0363
30.0363
30.0363
30.0363
30.0363
30.0363
27.7496
27.7496
27.7496
27.7496
27.7496
27.7496
27.7496
27.7496
25.5966
25.5966
25.5966
25.5966
25.5966
25.5966
25.5966
25.5966
23.6424
23.6424
23.6424
23.6424
23.6424
23.6424
23.6424
23.6424
21.9228
21.9228
21.9228
21.9228
21.9228
21.9228
21.9228
21.9228
20.4502
20.4502
20.4502
20.4502
20.4502
20.4502
20.4502
20.4502
19.2189
19.2189
19.2189
19.2189
19.2189
19.2189
19.2189
19.2189
18.2113
18.2113
18.2113
18.2113
18.2113
18.2113
18.2113
18.2113
17.4023
17.4023
17.4023
17.4023
17.4023
17.4023
17.4023
17.4023
16.7627
16.7627
16.7627
16.7627
16.7627
16.7627
16.7627
16.7627
16.2613
16.2613
16.2613
16.2613
16.2613
16.2613
16.2613
16.2613
15.8672
15.8672
15.8672
15.8672
15.8672
15.8672
15.8672
15.8672
15.5512
15.5512
15.5512
15.5512
15.5512
15.5512
15.5512
15.5512
15.2877
15.2877
15.2877
15.2877
15.2877
15.2877
15.2877
15.2877
15.0562
15.0562
15.0562
15.0562
15.0562
15.0562
15.0562
15.0562
14.8435
14.8435
14.8435
14.8435
14.8435
14.8435
14.8435
14.8435
30.0363
30.0363
30.0363
30.0363
30.0363
30.0363
30.0363
30.0363
27.7496
27.7496
27.7496
27.7496
27.7496
27.7496
27.7496
27.7496
25.5966
25.5966
25.5966
25.5966
25.5966
25.5966
25.5966
25.5966
23.6424
23.6424
23.6424
23.6424
23.6424
23.6424
23.6424
23.6424
21.9228
21.9228
21.9228
21.9228
21.9228
21.9228
21.9228
21.9228
20.4502
20.4502
20.4502
20.4502
20.4502
20.4502
20.4502
20.4502
19.2189
19.2189
19.2189
19.2189
19.2189
19.2189
19.2189
19.2189
18.2113
18.2113
18.2113
18.2113
18.2113
18.2113
18.2113
18.2113
17.4023
17.4023
17.4023
17.4023
17.4023
17.4023
17.4023
17.4023
16.7627
16.7627
16.7627
16.7627
16.7627
16.7627
16.7627
16.7627
16.2613
16.2613
16.2613
16.2613
16.2613
16.2613
16.2613
16.2613
15.8672
15.8672
15.8672
15.8672
15.8672
15.8672
15.8672
15.8672
15.5512
15.5512
15.5512
15.5512
15.5512
15.5512
15.5512
15.5512
15.2877
15.2877
15.2877
15.2877
15.2877
15.2877
15.2877
15.2877
15.0562
15.0562
15.0562
15.0562
15.0562
15.0562
15.0562
15.0562
14.8435
14.8435
14.8435
14.8435
14.8435
14.8435
14.8435
14.8435
30.0363
30.0363
30.0363
30.0363
30.0363
30.0363
30.0363
30.0363
27.7496
27.7496
27.7496
27.7496
27.7496
27.7496
27.7496
27.7496
25.5966
25.5966
25.5966
25.5966
25.5966
25.5966
25.5966
25.5966
23.6424
23.6424
23.6424
23.6424
23.6424
23.6424
23.6424
23.6424
21.9228
21.9228
21.9228
21.9228
21.9228
21.9228
21.9228
21.9228
20.4502
20.4502
20.4502
20.4502
20.4502
20.4502
20.4502
20.4502
19.2189
19.2189
19.2189
19.2189
19.2189
19.2189
19.2189
19.2189
18.2113
18.2113
18.2113
18.2113
18.2113
18.2113
18.2113
18.2113
17.4023
17.4023
17.4023
17.4023
17.4023
17.4023
17.4023
17.4023
16.7627
16.7627
16.7627
16.7627
16.7627
16.7627
16.7627
16.7627
16.2613
16.2613
16.2613
16.2613
16.2613
16.2613
16.2613
16.2613
15.8672
15.8672
15.8672
15.8672
15.8672
15.8672
15.8672
15.8672
15.5512
15.5512
15.5512
15.5512
15.5512
15.5512
15.5512
15.5512
15.2877
15.2877
15.2877
15.2877
15.2877
15.2877
15.2877
15.2877
15.0562
15.0562
15.0562
15.0562
15.0562
15.0562
15.0562
15.0562
14.8435
14.8435
14.8435
14.8435
14.8435
14.8435
14.8435
14.8435
30.0363
30.0363
30.0363
30.0363
30.0363
30.0363
30.0363
30.0363
27.7496
27.7496
27.7496
27.7496
27.7496
27.7496
27.7496
27.7496
25.5966
25.5966
25.5966
25.5966
25.5966
25.5966
25.5966
25.5966
23.6424
23.6424
23.6424
23.6424
23.6424
23.6424
23.6424
23.6424
21.9228
21.9228
21.9228
21.9228
21.9228
21.9228
21.9228
21.9228
20.4502
20.4502
20.4502
20.4502
20.4502
20.4502
20.4502
20.4502
19.2189
19.2189
19.2189
19.2189
19.2189
19.2189
19.2189
19.2189
18.2113
18.2113
18.2113
18.2113
18.2113
18.2113
18.2113
18.2113
17.4023
17.4023
17.4023
17.4023
17.4023
17.4023
17.4023
17.4023
16.7627
16.7627
16.7627
16.7627
16.7627
16.7627
16.7627
16.7627
16.2613
16.2613
16.2613
16.2613
16.2613
16.2613
16.2613
16.2613
15.8672
15.8672
15.8672
15.8672
15.8672
15.8672
15.8672
15.8672
15.5512
15.5512
15.5512
15.5512
15.5512
15.5512
15.5512
15.5512
15.2877
15.2877
15.2877
15.2877
15.2877
15.2877
15.2877
15.2877
15.0562
15.0562
15.0562
15.0562
15.0562
15.0562
15.0562
15.0562
14.8435
14.8435
14.8435
14.8435
14.8435
14.8435
14.8435
14.8435
27.9841
27.9841
27.9841
27.9841
27.9841
27.9841
27.9841
27.9841
25.8579
25.8579
25.8579
25.8579
25.8579
25.8579
25.8579
25.8579
23.8914
23.8914
23.8914
23.8914
23.8914
23.8914
23.8914
23.8914
22.1348
22.1348
22.1348
22.1348
22.1348
22.1348
22.1348
22.1348
20.6133
20.6133
20.6133
20.6133
20.6133
20.6133
20.6133
20.6133
19.3321
19.3321
19.3321
19.3321
19.3321
19.3321
19.3321
19.3321
18.2812
18.2812
18.2812
18.2812
18.2812
18.2812
18.2812
18.2812
17.4411
17.4411
17.4411
17.4411
17.4411
17.4411
17.4411
17.4411
16.786
16.786
16.786
16.786
16.786
16.786
16.786
16.786
16.2865
16.2865
16.2865
16.2865
16.2865
16.2865
16.2865
16.2865
15.9115
15.9115
15.9115
15.9115
15.9115
15.9115
15.9115
15.9115
15.63
15.63
15.63
15.63
15.63
15.63
15.63
15.63
15.4126
15.4126
15.4126
15.4126
15.4126
15.4126
15.4126
15.4126
15.2329
15.2329
15.2329
15.2329
15.2329
15.2329
15.2329
15.2329
15.0699
15.0699
15.0699
15.0699
15.0699
15.0699
15.0699
15.0699
14.9109
14.9109
14.9109
14.9109
14.9109
14.9109
14.9109
14.9109
27.9841
27.9841
27.9841
27.9841
27.9841
27.9841
27.9841
27.9841
25.8579
25.8579
25.8579
25.8579
25.8579
25.8579
25.8579
25.8579
23.8914
23.8914
23.8914
23.8914
23.8914
23.8914
23.8914
23.8914
22.1348
22.1348
22.1348
22.1348
22.1348
22.1348
22.1348
22.1348
20.6133
20.6133
20.6133
20.6133
20.6133
20.6133
20.6133
20.6133
19.3321
19.3321
19.3321
19.3321
19.3321
19.3321
19.3321
19.3321
18.2812
18.2812
18.2812
18.2812
18.2812
18.2812
18.2812
18.2812
17.4411
17.4411
17.4411
17.4411
17.4411
17.4411
17.4411
17.4411
16.786
16.786
16.786
16.786
16.786
16.786
16.786
16.786
16.2865
16.2865
16.2865
16.2865
16.2865
16.2865
16.2865
16.2865
15.9115
15.9115
15.9115
15.9115
15.9115
15.9115
15.9115
15.9115
15.63
15.63
15.63
15.63
15.63
15.63
15.63
15.63
15.4126
15.4126
15.4126
15.4126
15.4126
15.4126
15.4126
15.4126
15.2329
15.2329
15.2329
15.2329
15.2329
15.2329
15.2329
15.2329
15.0699
15.0699
15.0699
15.0699
15.0699
15.0699
15.0699
15.0699
14.9109
14.9109
14.9109
14.9109
14.9109
14.9109
14.9109
14.9109
27.9841
27.9841
27.9841
27.9841
27.9841
27.9841
27.9841
27.9841
25.8579
25.8579
25.8579
25.8579
25.8579
25.8579
25.8579
25.8579
23.8914
23.8914
23.8914
23.8914
23.8914
23.8914
23.8914
23.8914
22.1348
22.1348
22.1348
22.1348
22.1348
22.1348
22.1348
22.1348
20.6133
20.6133
20.6133
20.6133
20.6133
20.6133
20.6133
20.6133
19.3321
19.3321
19.3321
19.3321
19.3321
19.3321
19.3321
19.3321
18.2812
18.2812
18.2812
18.2812
18.2812
18.2812
18.2812
18.2812
17.4411
17.4411
17.4411
17.4411
17.4411
17.4411
17.4411
17.4411
16.786
16.786
16.786
16.786
16.786
16.786
16.786
16.786
16.2865
16.2865
16.2865
16.2865
16.2865
16.2865
16.2865
16.2865
15.9115
15.9115
15.9115
15.9115
15.9115
15.9115
15.9115
15.9115
15.63
15.63
15.63
15.63
15.63
15.63
15.63
15.63
15.4126
15.4126
15.4126
15.4126
15.4126
15.4126
15.4126
15.4126
15.2329
15.2329
15.2329
15.2329
15.2329
15.2329
15.2329
15.2329
15.0699
15.0699
15.0699
15.0699
15.0699
15.0699
15.0699
15.0699
14.9109
14.9109
14.9109
14.9109
14.9109
14.9109
14.9109
14.9109
27.9841
27.9841
27.9841
27.9841
27.9841
27.9841
27.9841
27.9841
25.8579
25.8579
25.8579
25.8579
25.8579
25.8579
25.8579
25.8579
23.8914
23.8914
23.8914
23.8914
23.8914
23.8914
23.8914
23.8914
22.1348
22.1348
22.1348
22.1348
22.1348
22.1348
22.1348
22.1348
20.6133
20.6133
20.6133
20.6133
20.6133
20.6133
20.6133
20.6133
19.3321
19.3321
19.3321
19.3321
19.3321
19.3321
19.3321
19.3321
18.2812
18.2812
18.2812
18.2812
18.2812
18.2812
18.2812
18.2812
17.4411
17.4411
17.4411
17.4411
17.4411
17.4411
17.4411
17.4411
16.786
16.786
16.786
16.786
16.786
16.786
16.786
16.786
16.2865
16.2865
16.2865
16.2865
16.2865
16.2865
16.2865
16.2865
15.9115
15.9115
15.9115
15.9115
15.9115
15.9115
15.9115
15.9115
15.63
15.63
15.63
15.63
15.63
15.63
15.63
15.63
15.4126
15.4126
15.4126
15.4126
15.4126
15.4126
15.4126
15.4126
15.2329
15.2329
15.2329
15.2329
15.2329
15.2329
15.2329
15.2329
15.0699
15.0699
15.0699
15.0699
15.0699
15.0699
15.0699
15.0699
14.9109
14.9109
14.9109
14.9109
14.9109
14.9109
14.9109
14.9109
26.3139
26.3139
26.3139
26.3139
26.3139
26.3139
26.3139
26.3139
24.2964
24.2964
24.2964
24.2964
24.2964
24.2964
24.2964
24.2964
22.4635
22.4635
22.4635
22.4635
22.4635
22.4635
22.4635
22.4635
20.8536
20.8536
20.8536
20.8536
20.8536
20.8536
20.8536
20.8536
19.4827
19.4827
19.4827
19.4827
19.4827
19.4827
19.4827
19.4827
18.3498
18.3498
18.3498
18.3498
18.3498
18.3498
18.3498
18.3498
17.4415
17.4415
17.4415
17.4415
17.4415
17.4415
17.4415
17.4415
16.7363
16.7363
16.7363
16.7363
16.7363
16.7363
16.7363
16.7363
16.2078
16.2078
16.2078
16.2078
16.2078
16.2078
16.2078
16.2078
15.8261
15.8261
15.8261
15.8261
15.8261
15.8261
15.8261
15.8261
15.5601
15.5601
15.5601
15.5601
15.5601
15.5601
15.5601
15.5601
15.3782
15.3782
15.3782
15.3782
15.3782
15.3782
15.3782
15.3782
15.2501
15.2501
15.2501
15.2501
15.2501
15.2501
15.2501
15.2501
15.1487
15.1487
15.1487
15.1487
15.1487
15.1487
15.1487
15.1487
15.0521
15.0521
15.0521
15.0521
15.0521
15.0521
15.0521
15.0521
14.947
14.947
14.947
14.947
14.947
14.947
14.947
14.947
26.3139
26.3139
26.3139
26.3139
26.3139
26.3139
26.3139
26.3139
24.2964
24.2964
24.2964
24.2964
24.2964
24.2964
24.2964
24.2964
22.4635
22.4635
22.4635
22.4635
22.4635
22.4635
22.4635
22.4635
20.8536
20.8536
20.8536
20.8536
20.8536
20.8536
20.8536
20.8536
19.4827
19.4827
19.4827
19.4827
19.4827
19.4827
19.4827
19.4827
18.3498
18.3498
18.3498
18.3498
18.3498
18.3498
18.3498
18.3498
17.4415
17.4415
17.4415
17.4415
17.4415
17.4415
17.4415
17.4415
16.7363
16.7363
16.7363
16.7363
16.7363
16.7363
16.7363
16.7363
16.2078
16.2078
16.2078
16.2078
16.2078
16.2078
16.2078
16.2078
15.8261
15.8261
15.8261
15.8261
15.8261
15.8261
15.8261
15.8261
15.5601
15.5601
15.5601
15.5601
15.5601
15.5601
15.5601
15.5601
15.3782
15.3782
15.3782
15.3782
15.3782
15.3782
15.3782
15.3782
15.2501
15.2501
15.2501
15.2501
15.2501
15.2501
15.2501
15.2501
15.1487
15.1487
15.1487
15.1487
15.1487
15.1487
15.1487
15.1487
15.0521
15.0521
15.0521
15.0521
15.0521
15.0521
15.0521
15.0521
14.947
14.947
14.947
14.947
14.947
14.947
14.947
14.947
26.3139
26.3139
26.3139
26.3139
26.3139
26.3139
26.3139
26.3139
24.2964
24.2964
24.2964
24.2964
24.2964
24.2964
24.2964
24.2964
22.4635
22.4635
22.4635
22.4635
22.4635
22.4635
22.4635
22.4635
20.8536
20.8536
20.8536
20.8536
20.8536
20.8536
20.8536
20.8536
19.4827
19.4827
19.4827
19.4827
19.4827
19.4827
19.4827
19.4827
18.3498
18.3498
18.3498
18.3498
18.3498
18.3498
18.3498
18.3498
17.4415
17.4415
17.4415
17.4415
17.4415
17.4415
17.4415
17.4415
16.7363
16.7363
16.7363
16.7363
16.7363
16.7363
16.7363
16.7363
16.2078
16.2078
16.2078
16.2078
16.2078
16.2078
16.2078
16.2078
15.8261
15.8261
15.8261
15.8261
15.8261
15.8261
15.8261
15.8261
15.5601
15.5601
15.5601
15.5601
15.5601
15.5601
15.5601
15.5601
15.3782
15.3782
15.3782
15.3782
15.3782
15.3782
15.3782
15.3782
15.2501
15.2501
15.2501
15.2501
15.2501
15.2501
15.2501
15.2501
15.1487
15.1487
15.1487
15.1487
15.1487
15.1487
15.1487
15.1487
15.0521
15.0521
15.0521
15.0521
15.0521
15.0521
15.0521
15.0521
14.947
14.947
14.947
14.947
14.947
14.947
14.947
14.947
26.3139
26.3139
26.3139
26.3139
26.3139
26.3139
26.3139
26.3139
24.2964
24.2964
24.2964
24.2964
24.2964
24.2964
24.2964
24.2964
22.4635
22.4635
22.4635
22.4635
22.4635
22.4635
22.4635
22.4635
20.8536
20.8536
20.8536
20.8536
20.8536
20.8536
20.8536
20.8536
19.4827
19.4827
19.4827
19.4827
19.4827
19.4827
19.4827
19.4827
18.3498
18.3498
18.3498
18.3498
18.3498
18.3498
18.3498
18.3498
17.4415
17.4415
17.4415
17.4415
17.4415
17.4415
17.4415
17.4415
16.7363
16.7363
16.7363
16.7363
16.7363
16.7363
16.7363
16.7363
16.2078
16.2078
16.2078
16.2078
16.2078
16.2078
16.2078
16.2078
15.8261
15.8261
15.8261
15.8261
15.8261
15.8261
15.8261
15.8261
15.5601
15.5601
15.5601
15.5601
15.5601
15.5601
15.5601
15.5601
15.3782
15.3782
15.3782
15.3782
15.3782
15.3782
15.3782
15.3782
15.2501
15.2501
15.2501
15.2501
15.2501
15.2501
15.2501
15.2501
15.1487
15.1487
15.1487
15.1487
15.1487
15.1487
15.1487
15.1487
15.0521
15.0521
15.0521
15.0521
15.0521
15.0521
15.0521
15.0521
14.947
14.947
14.947
14.947
14.947
14.947
14.947
14.947
24.9787
24.9787
24.9787
24.9787
24.9787
24.9787
24.9787
24.9787
23.0304
23.0304
23.0304
23.0304
23.0304
23.0304
23.0304
23.0304
21.2901
21.2901
21.2901
21.2901
21.2901
21.2901
21.2901
21.2901
19.7862
19.7862
19.7862
19.7862
19.7862
19.7862
19.7862
19.7862
18.5272
18.5272
18.5272
18.5272
18.5272
18.5272
18.5272
18.5272
17.5069
17.5069
17.5069
17.5069
17.5069
17.5069
17.5069
17.5069
16.7089
16.7089
16.7089
16.7089
16.7089
16.7089
16.7089
16.7089
16.1102
16.1102
16.1102
16.1102
16.1102
16.1102
16.1102
16.1102
15.6834
15.6834
15.6834
15.6834
15.6834
15.6834
15.6834
15.6834
15.3986
15.3986
15.3986
15.3986
15.3986
15.3986
15.3986
15.3986
15.2242
15.2242
15.2242
15.2242
15.2242
15.2242
15.2242
15.2242
15.128
15.128
15.128
15.128
15.128
15.128
15.128
15.128
15.079
15.079
15.079
15.079
15.079
15.079
15.079
15.079
15.0487
15.0487
15.0487
15.0487
15.0487
15.0487
15.0487
15.0487
15.0142
15.0142
15.0142
15.0142
15.0142
15.0142
15.0142
15.0142
14.9613
14.9613
14.9613
14.9613
14.9613
14.9613
14.9613
14.9613
24.9787
24.9787
24.9787
24.9787
24.9787
24.9787
24.9787
24.9787
23.0304
23.0304
23.0304
23.0304
23.0304
23.0304
23.0304
23.0304
21.2901
21.2901
21.2901
21.2901
21.2901
21.2901
21.2901
21.2901
19.7862
19.7862
19.7862
19.7862
19.7862
19.7862
19.7862
19.7862
18.5272
18.5272
18.5272
18.5272
18.5272
18.5272
18.5272
18.5272
17.5069
17.5069
17.5069
17.5069
17.5069
17.5069
17.5069
17.5069
16.7089
16.7089
16.7089
16.7089
16.7089
16.7089
16.7089
16.7089
16.1102
16.1102
16.1102
16.1102
16.1102
16.1102
16.1102
16.1102
15.6834
15.6834
15.6834
15.6834
15.6834
15.6834
15.6834
15.6834
15.3986
15.3986
15.3986
15.3986
15.3986
15.3986
15.3986
15.3986
15.2242
15.2242
15.2242
15.2242
15.2242
15.2242
15.2242
15.2242
15.128
15.128
15.128
15.128
15.128
15.128
15.128
15.128
15.079
15.079
15.079
15.079
15.079
15.079
15.079
15.079
15.0487
15.0487
15.0487
15.0487
15.0487
15.0487
15.0487
15.0487
15.0142
15.0142
15.0142
15.0142
15.0142
15.0142
15.0142
15.0142
14.9613
14.9613
14.9613
14.9613
14.9613
14.9613
14.9613
14.9613
24.9787
24.9787
24.9787
24.9787
24.9787
24.9787
24.9787
24.9787
23.0304
23.0304
23.0304
23.0304
23.0304
23.0304
23.0304
23.0304
21.2901
21.2901
21.2901
21.2901
21.2901
21.2901
21.2901
21.2901
19.7862
19.7862
19.7862
19.7862
19.7862
19.7862
19.7862
19.7862
18.5272
18.5272
18.5272
18.5272
18.5272
18.5272
18.5272
18.5272
17.5069
17.5069
17.5069
17.5069
17.5069
17.5069
17.5069
17.5069
16.7089
16.7089
16.7089
16.7089
16.7089
16.7089
16.7089
16.7089
16.1102
16.1102
16.1102
16.1102
16.1102
16.1102
16.1102
16.1102
15.6834
15.6834
15.6834
15.6834
15.6834
15.6834
15.6834
15.6834
15.3986
15.3986
15.3986
15.3986
15.3986
15.3986
15.3986
15.3986
15.2242
15.2242
15.2242
15.2242
15.2242
15.2242
15.2242
15.2242
15.128
15.128
15.128
15.128
15.128
15.128
15.128
15.128
15.079
15.079
15.079
15.079
15.079
15.079
15.079
15.079
15.0487
15.0487
15.0487
15.0487
15.0487
15.0487
15.0487
15.0487
15.0142
15.0142
15.0142
15.0142
15.0142
15.0142
15.0142
15.0142
14.9613
14.9613
14.9613
14.9613
14.9613
14.9613
14.9613
14.9613
24.9787
24.9787
24.9787
24.9787
24.9787
24.9787
24.9787
24.9787
23.0304
23.0304
23.0304
23.0304
23.0304
23.0304
23.0304
23.0304
21.2901
21.2901
21.2901
21.2901
21.2901
21.2901
21.2901
21.2901
19.7862
19.7862
19.7862
19.7862
19.7862
19.7862
19.7862
19.7862
18.5272
18.5272
18.5272
18.5272
18.5272
18.5272
18.5272
18.5272
17.5069
17.5069
17.5069
17.5069
17.5069
17.5069
17.5069
17.5069
16.7089
16.7089
16.7089
16.7089
16.7089
16.7089
16.7089
16.7089
16.1102
16.1102
16.1102
16.1102
16.1102
16.1102
16.1102
16.1102
15.6834
15.6834
15.6834
15.6834
15.6834
15.6834
15.6834
15.6834
15.3986
15.3986
15.3986
15.3986
15.3986
15.3986
15.3986
15.3986
15.2242
15.2242
15.2242
15.2242
15.2242
15.2242
15.2242
15.2242
15.128
15.128
15.128
15.128
15.128
15.128
15.128
15.128
15.079
15.079
15.079
15.079
15.079
15.079
15.079
15.079
15.0487
15.0487
15.0487
15.0487
15.0487
15.0487
15.0487
15.0487
15.0142
15.0142
15.0142
15.0142
15.0142
15.0142
15.0142
15.0142
14.9613
14.9613
14.9613
14.9613
14.9613
14.9613
14.9613
14.9613
23.925
23.925
23.925
23.925
23.925
23.925
23.925
23.925
22.018
22.018
22.018
22.018
22.018
22.018
22.018
22.018
20.3404
20.3404
20.3404
20.3404
20.3404
20.3404
20.3404
20.3404
18.9119
18.9119
18.9119
18.9119
18.9119
18.9119
18.9119
18.9119
17.7349
17.7349
17.7349
17.7349
17.7349
17.7349
17.7349
17.7349
16.7989
16.7989
16.7989
16.7989
16.7989
16.7989
16.7989
16.7989
16.085
16.085
16.085
16.085
16.085
16.085
16.085
16.085
15.5689
15.5689
15.5689
15.5689
15.5689
15.5689
15.5689
15.5689
15.2226
15.2226
15.2226
15.2226
15.2226
15.2226
15.2226
15.2226
15.0159
15.0159
15.0159
15.0159
15.0159
15.0159
15.0159
15.0159
14.917
14.917
14.917
14.917
14.917
14.917
14.917
14.917
14.8932
14.8932
14.8932
14.8932
14.8932
14.8932
14.8932
14.8932
14.9125
14.9125
14.9125
14.9125
14.9125
14.9125
14.9125
14.9125
14.9453
14.9453
14.9453
14.9453
14.9453
14.9453
14.9453
14.9453
14.9675
14.9675
14.9675
14.9675
14.9675
14.9675
14.9675
14.9675
14.9634
14.9634
14.9634
14.9634
14.9634
14.9634
14.9634
14.9634
23.925
23.925
23.925
23.925
23.925
23.925
23.925
23.925
22.018
22.018
22.018
22.018
22.018
22.018
22.018
22.018
20.3404
20.3404
20.3404
20.3404
20.3404
20.3404
20.3404
20.3404
18.9119
18.9119
18.9119
18.9119
18.9119
18.9119
18.9119
18.9119
17.7349
17.7349
17.7349
17.7349
17.7349
17.7349
17.7349
17.7349
16.7989
16.7989
16.7989
16.7989
16.7989
16.7989
16.7989
16.7989
16.085
16.085
16.085
16.085
16.085
16.085
16.085
16.085
15.5689
15.5689
15.5689
15.5689
15.5689
15.5689
15.5689
15.5689
15.2226
15.2226
15.2226
15.2226
15.2226
15.2226
15.2226
15.2226
15.0159
15.0159
15.0159
15.0159
15.0159
15.0159
15.0159
15.0159
14.917
14.917
14.917
14.917
14.917
14.917
14.917
14.917
14.8932
14.8932
14.8932
14.8932
14.8932
14.8932
14.8932
14.8932
14.9125
14.9125
14.9125
14.9125
14.9125
14.9125
14.9125
14.9125
14.9453
14.9453
14.9453
14.9453
14.9453
14.9453
14.9453
14.9453
14.9675
14.9675
14.9675
14.9675
14.9675
14.9675
14.9675
14.9675
14.9634
14.9634
14.9634
14.9634
14.9634
14.9634
14.9634
14.9634
23.925
23.925
23.925
23.925
23.925
23.925
23.925
23.925
22.018
22.018
22.018
22.018
22.018
22.018
22.018
22.018
20.3404
20.3404
20.3404
20.3404
20.3404
20.3404
20.3404
20.3404
18.9119
18.9119
18.9119
18.9119
18.9119
18.9119
18.9119
18.9119
17.7349
17.7349
17.7349
17.7349
17.7349
17.7349
17.7349
17.7349
16.7989
16.7989
16.7989
16.7989
16.7989
16.7989
16.7989
16.7989
16.085
16.085
16.085
16.085
16.085
16.085
16.085
16.085
15.5689
15.5689
15.5689
15.5689
15.5689
15.5689
15.5689
15.5689
15.2226
15.2226
15.2226
15.2226
15.2226
15.2226
15.2226
15.2226
15.0159
15.0159
15.0159
15.0159
15.0159
15.0159
15.0159
15.0159
14.917
14.917
14.917
14.917
14.917
14.917
14.917
14.917
14.8932
14.8932
14.8932
14.8932
14.8932
14.8932
14.8932
14.8932
14.9125
14.9125
14.9125
14.9125
14.9125
14.9125
14.9125
14.9125
14.9453
14.9453
14.9453
14.9453
14.9453
14.9453
14.9453
14.9453
14.9675
14.9675
14.9675
14.9675
14.9675
14.9675
14.9675
14.9675
14.9634
14.9634
14.9634
14.9634
14.9634
14.9634
14.9634
14.9634
23.925
23.925
23.925
23.925
23.925
23.925
23.925
23.925
22.018
22.018
22.018
22.018
22.018
22.018
22.018
22.018
20.3404
20.3404
20.3404
20.3404
20.3404
20.3404
20.3404
20.3404
18.9119
18.9119
18.9119
18.9119
18.9119
18.9119
18.9119
18.9119
17.7349
17.7349
17.7349
17.7349
17.7349
17.7349
17.7349
17.7349
16.7989
16.7989
16.7989
16.7989
16.7989
16.7989
16.7989
16.7989
16.085
16.085
16.085
16.085
16.085
16.085
16.085
16.085
15.5689
15.5689
15.5689
15.5689
15.5689
15.5689
15.5689
15.5689
15.2226
15.2226
15.2226
15.2226
15.2226
15.2226
15.2226
15.2226
15.0159
15.0159
15.0159
15.0159
15.0159
15.0159
15.0159
15.0159
14.917
14.917
14.917
14.917
14.917
14.917
14.917
14.917
14.8932
14.8932
14.8932
14.8932
14.8932
14.8932
14.8932
14.8932
14.9125
14.9125
14.9125
14.9125
14.9125
14.9125
14.9125
14.9125
14.9453
14.9453
14.9453
14.9453
14.9453
14.9453
14.9453
14.9453
14.9675
14.9675
14.9675
14.9675
14.9675
14.9675
14.9675
14.9675
14.9634
14.9634
14.9634
14.9634
14.9634
14.9634
14.9634
14.9634
23.0975
23.0975
23.0975
23.0975
23.0975
23.0975
23.0975
23.0975
21.2148
21.2148
21.2148
21.2148
21.2148
21.2148
21.2148
21.2148
19.5798
19.5798
19.5798
19.5798
19.5798
19.5798
19.5798
19.5798
18.2054
18.2054
18.2054
18.2054
18.2054
18.2054
18.2054
18.2054
17.0886
17.0886
17.0886
17.0886
17.0886
17.0886
17.0886
17.0886
16.2157
16.2157
16.2157
16.2157
16.2157
16.2157
16.2157
16.2157
15.5658
15.5658
15.5658
15.5658
15.5658
15.5658
15.5658
15.5658
15.1133
15.1133
15.1133
15.1133
15.1133
15.1133
15.1133
15.1133
14.8301
14.8301
14.8301
14.8301
14.8301
14.8301
14.8301
14.8301
14.6858
14.6858
14.6858
14.6858
14.6858
14.6858
14.6858
14.6858
14.6483
14.6483
14.6483
14.6483
14.6483
14.6483
14.6483
14.6483
14.6846
14.6846
14.6846
14.6846
14.6846
14.6846
14.6846
14.6846
14.7619
14.7619
14.7619
14.7619
14.7619
14.7619
14.7619
14.7619
14.8495
14.8495
14.8495
14.8495
14.8495
14.8495
14.8495
14.8495
14.9219
14.9219
14.9219
14.9219
14.9219
14.9219
14.9219
14.9219
14.9624
14.9624
14.9624
14.9624
14.9624
14.9624
14.9624
14.9624
23.0975
23.0975
23.0975
23.0975
23.0975
23.0975
23.0975
23.0975
21.2148
21.2148
21.2148
21.2148
21.2148
21.2148
21.2148
21.2148
19.5798
19.5798
19.5798
19.5798
19.5798
19.5798
19.5798
19.5798
18.2054
18.2054
18.2054
18.2054
18.2054
18.2054
18.2054
18.2054
17.0886
17.0886
17.0886
17.0886
17.0886
17.0886
17.0886
17.0886
16.2157
16.2157
16.2157
16.2157
16.2157
16.2157
16.2157
16.2157
15.5658
15.5658
15.5658
15.5658
15.5658
15.5658
15.5658
15.5658
15.1133
15.1133
15.1133
15.1133
15.1133
15.1133
15.1133
15.1133
14.8301
14.8301
14.8301
14.8301
14.8301
14.8301
14.8301
14.8301
14.6858
14.6858
14.6858
14.6858
14.6858
14.6858
14.6858
14.6858
14.6483
14.6483
14.6483
14.6483
14.6483
14.6483
14.6483
14.6483
14.6846
14.6846
14.6846
14.6846
14.6846
14.6846
14.6846
14.6846
14.7619
14.7619
14.7619
14.7619
14.7619
14.7619
14.7619
14.7619
14.8495
14.8495
14.8495
14.8495
14.8495
14.8495
14.8495
14.8495
14.9219
14.9219
14.9219
14.9219
14.9219
14.9219
14.9219
14.9219
14.9624
14.9624
14.9624
14.9624
14.9624
14.9624
14.9624
14.9624
23.0975
23.0975
23.0975
23.0975
23.0975
23.0975
23.0975
23.0975
21.2148
21.2148
21.2148
21.2148
21.2148
21.2148
21.2148
21.2148
19.5798
19.5798
19.5798
19.5798
19.5798
19.5798
19.5798
19.5798
18.2054
18.2054
18.2054
18.2054
18.2054
18.2054
18.2054
18.2054
17.0886
17.0886
17.0886
17.0886
17.0886
17.0886
17.0886
17.0886
16.2157
16.2157
16.2157
16.2157
16.2157
16.2157
16.2157
16.2157
15.5658
15.5658
15.5658
15.5658
15.5658
15.5658
15.5658
15.5658
15.1133
15.1133
15.1133
15.1133
15.1133
15.1133
15.1133
15.1133
14.8301
14.8301
14.8301
14.8301
14.8301
14.8301
14.8301
14.8301
14.6858
14.6858
14.6858
14.6858
14.6858
14.6858
14.6858
14.6858
14.6483
14.6483
14.6483
14.6483
14.6483
14.6483
14.6483
14.6483
14.6846
14.6846
14.6846
14.6846
14.6846
14.6846
14.6846
14.6846
14.7619
14.7619
14.7619
14.7619
14.7619
14.7619
14.7619
14.7619
14.8495
14.8495
14.8495
14.8495
14.8495
14.8495
14.8495
14.8495
14.9219
14.9219
14.9219
14.9219
14.9219
14.9219
14.9219
14.9219
14.9624
14.9624
14.9624
14.9624
14.9624
14.9624
14.9624
14.9624
23.0975
23.0975
23.0975
23.0975
23.0975
23.0975
23.0975
23.0975
21.2148
21.2148
21.2148
21.2148
21.2148
21.2148
21.2148
21.2148
19.5798
19.5798
19.5798
19.5798
19.5798
19.5798
19.5798
19.5798
18.2054
18.2054
18.2054
18.2054
18.2054
18.2054
18.2054
18.2054
17.0886
17.0886
17.0886
17.0886
17.0886
17.0886
17.0886
17.0886
16.2157
16.2157
16.2157
16.2157
16.2157
16.2157
16.2157
16.2157
15.5658
15.5658
15.5658
15.5658
15.5658
15.5658
15.5658
15.5658
15.1133
15.1133
15.1133
15.1133
15.1133
15.1133
15.1133
15.1133
14.8301
14.8301
14.8301
14.8301
14.8301
14.8301
14.8301
14.8301
14.6858
14.6858
14.6858
14.6858
14.6858
14.6858
14.6858
14.6858
14.6483
14.6483
14.6483
14.6483
14.6483
14.6483
14.6483
14.6483
14.6846
14.6846
14.6846
14.6846
14.6846
14.6846
14.6846
14.6846
14.7619
14.7619
14.7619
14.7619
14.7619
14.7619
14.7619
14.7619
14.8495
14.8495
14.8495
14.8495
14.8495
14.8495
14.8495
14.8495
14.9219
14.9219
14.9219
14.9219
14.9219
14.9219
14.9219
14.9219
14.9624
14.9624
14.9624
14.9624
14.9624
14.9624
14.9624
14.9624
22.4416
22.4416
22.4416
22.4416
22.4416
22.4416
22.4416
22.4416
20.5762
20.5762
20.5762
20.5762
20.5762
20.5762
20.5762
20.5762
18.9731
18.9731
18.9731
18.9731
18.9731
18.9731
18.9731
18.9731
17.6397
17.6397
17.6397
17.6397
17.6397
17.6397
17.6397
17.6397
16.5689
16.5689
16.5689
16.5689
16.5689
16.5689
16.5689
16.5689
15.7444
15.7444
15.7444
15.7444
15.7444
15.7444
15.7444
15.7444
15.1437
15.1437
15.1437
15.1437
15.1437
15.1437
15.1437
15.1437
14.7407
14.7407
14.7407
14.7407
14.7407
14.7407
14.7407
14.7407
14.507
14.507
14.507
14.507
14.507
14.507
14.507
14.507
14.4123
14.4123
14.4123
14.4123
14.4123
14.4123
14.4123
14.4123
14.4245
14.4245
14.4245
14.4245
14.4245
14.4245
14.4245
14.4245
14.5103
14.5103
14.5103
14.5103
14.5103
14.5103
14.5103
14.5103
14.6361
14.6361
14.6361
14.6361
14.6361
14.6361
14.6361
14.6361
14.7704
14.7704
14.7704
14.7704
14.7704
14.7704
14.7704
14.7704
14.8864
14.8864
14.8864
14.8864
14.8864
14.8864
14.8864
14.8864
14.9661
14.9661
14.9661
14.9661
14.9661
14.9661
14.9661
14.9661
22.4416
22.4416
22.4416
22.4416
22.4416
22.4416
22.4416
22.4416
20.5762
20.5762
20.5762
20.5762
20.5762
20.5762
20.5762
20.5762
18.9731
18.9731
18.9731
18.9731
18.9731
18.9731
18.9731
18.9731
17.6397
17.6397
17.6397
17.6397
17.6397
17.6397
17.6397
17.6397
16.5689
16.5689
16.5689
16.5689
16.5689
16.5689
16.5689
16.5689
15.7444
15.7444
15.7444
15.7444
15.7444
15.7444
15.7444
15.7444
15.1437
15.1437
15.1437
15.1437
15.1437
15.1437
15.1437
15.1437
14.7407
14.7407
14.7407
14.7407
14.7407
14.7407
14.7407
14.7407
14.507
14.507
14.507
14.507
14.507
14.507
14.507
14.507
14.4123
14.4123
14.4123
14.4123
14.4123
14.4123
14.4123
14.4123
14.4245
14.4245
14.4245
14.4245
14.4245
14.4245
14.4245
14.4245
14.5103
14.5103
14.5103
14.5103
14.5103
14.5103
14.5103
14.5103
14.6361
14.6361
14.6361
14.6361
14.6361
14.6361
14.6361
14.6361
14.7704
14.7704
14.7704
14.7704
14.7704
14.7704
14.7704
14.7704
14.8864
14.8864
14.8864
14.8864
14.8864
14.8864
14.8864
14.8864
14.9661
14.9661
14.9661
14.9661
14.9661
14.9661
14.9661
14.9661
22.4416
22.4416
22.4416
22.4416
22.4416
22.4416
22.4416
22.4416
20.5762
20.5762
20.5762
20.5762
20.5762
20.5762
20.5762
20.5762
18.9731
18.9731
18.9731
18.9731
18.9731
18.9731
18.9731
18.9731
17.6397
17.6397
17.6397
17.6397
17.6397
17.6397
17.6397
17.6397
16.5689
16.5689
16.5689
16.5689
16.5689
16.5689
16.5689
16.5689
15.7444
15.7444
15.7444
15.7444
15.7444
15.7444
15.7444
15.7444
15.1437
15.1437
15.1437
15.1437
15.1437
15.1437
15.1437
15.1437
14.7407
14.7407
14.7407
14.7407
14.7407
14.7407
14.7407
14.7407
14.507
14.507
14.507
14.507
14.507
14.507
14.507
14.507
14.4123
14.4123
14.4123
14.4123
14.4123
14.4123
14.4123
14.4123
14.4245
14.4245
14.4245
14.4245
14.4245
14.4245
14.4245
14.4245
14.5103
14.5103
14.5103
14.5103
14.5103
14.5103
14.5103
14.5103
14.6361
14.6361
14.6361
14.6361
14.6361
14.6361
14.6361
14.6361
14.7704
14.7704
14.7704
14.7704
14.7704
14.7704
14.7704
14.7704
14.8864
14.8864
14.8864
14.8864
14.8864
14.8864
14.8864
14.8864
14.9661
14.9661
14.9661
14.9661
14.9661
14.9661
14.9661
14.9661
22.4416
22.4416
22.4416
22.4416
22.4416
22.4416
22.4416
22.4416
20.5762
20.5762
20.5762
20.5762
20.5762
20.5762
20.5762
20.5762
18.9731
18.9731
18.9731
18.9731
18.9731
18.9731
18.9731
18.9731
17.6397
17.6397
17.6397
17.6397
17.6397
17.6397
17.6397
17.6397
16.5689
16.5689
16.5689
16.5689
16.5689
16.5689
16.5689
16.5689
15.7444
15.7444
15.7444
15.7444
15.7444
15.7444
15.7444
15.7444
15.1437
15.1437
15.1437
15.1437
15.1437
15.1437
15.1437
15.1437
14.7407
14.7407
14.7407
14.7407
14.7407
14.7407
14.7407
14.7407
14.507
14.507
14.507
14.507
14.507
14.507
14.507
14.507
14.4123
14.4123
14.4123
14.4123
14.4123
14.4123
14.4123
14.4123
14.4245
14.4245
14.4245
14.4245
14.4245
14.4245
14.4245
14.4245
14.5103
14.5103
14.5103
14.5103
14.5103
14.5103
14.5103
14.5103
14.6361
14.6361
14.6361
14.6361
14.6361
14.6361
14.6361
14.6361
14.7704
14.7704
14.7704
14.7704
14.7704
14.7704
14.7704
14.7704
14.8864
14.8864
14.8864
14.8864
14.8864
14.8864
14.8864
14.8864
14.9661
14.9661
14.9661
14.9661
14.9661
14.9661
14.9661
14.9661
