8192
22.5717
22.5717
22.5717
22.5717
22.5717
22.5717
22.5717
22.5717
21.1607
21.1607
21.1607
21.1607
21.1607
21.1607
21.1607
21.1607
19.9926
19.9926
19.9926
19.9926
19.9926
19.9926
19.9926
19.9926
19.0608
19.0608
19.0608
19.0608
19.0608
19.0608
19.0608
19.0608
18.3542
18.3542
18.3542
18.3542
18.3542
18.3542
18.3542
18.3542
17.8602
17.8602
17.8602
17.8602
17.8602
17.8602
17.8602
17.8602
17.5659
17.5659
17.5659
17.5659
17.5659
17.5659
17.5659
17.5659
17.459
17.459
17.459
17.459
17.459
17.459
17.459
17.459
17.5284
17.5284
17.5284
17.5284
17.5284
17.5284
17.5284
17.5284
17.7643
17.7643
17.7643
17.7643
17.7643
17.7643
17.7643
17.7643
18.1576
18.1576
18.1576
18.1576
18.1576
18.1576
18.1576
18.1576
18.7002
18.7002
18.7002
18.7002
18.7002
18.7002
18.7002
18.7002
19.3842
19.3842
19.3842
19.3842
19.3842
19.3842
19.3842
19.3842
20.2012
20.2012
20.2012
20.2012
20.2012
20.2012
20.2012
20.2012
21.142
21.142
21.142
21.142
21.142
21.142
21.142
21.142
22.1957
22.1957
22.1957
22.1957
22.1957
22.1957
22.1957
22.1957
22.5717
22.5717
22.5717
22.5717
22.5717
22.5717
22.5717
22.5717
21.1607
21.1607
21.1607
21.1607
21.1607
21.1607
21.1607
21.1607
19.9926
19.9926
19.9926
19.9926
19.9926
19.9926
19.9926
19.9926
19.0608
19.0608
19.0608
19.0608
19.0608
19.0608
19.0608
19.0608
18.3542
18.3542
18.3542
18.3542
18.3542
18.3542
18.3542
18.3542
17.8602
17.8602
17.8602
17.8602
17.8602
17.8602
17.8602
17.8602
17.5659
17.5659
17.5659
17.5659
17.5659
17.5659
17.5659
17.5659
17.459
17.459
17.459
17.459
17.459
17.459
17.459
17.459
17.5284
17.5284
17.5284
17.5284
17.5284
17.5284
17.5284
17.5284
17.7643
17.7643
17.7643
17.7643
17.7643
17.7643
17.7643
17.7643
18.1576
18.1576
18.1576
18.1576
18.1576
18.1576
18.1576
18.1576
18.7002
18.7002
18.7002
18.7002
18.7002
18.7002
18.7002
18.7002
19.3842
19.3842
19.3842
19.3842
19.3842
19.3842
19.3842
19.3842
20.2012
20.2012
20.2012
20.2012
20.2012
20.2012
20.2012
20.2012
21.142
21.142
21.142
21.142
21.142
21.142
21.142
21.142
22.1957
22.1957
22.1957
22.1957
22.1957
22.1957
22.1957
22.1957
22.5717
22.5717
22.5717
22.5717
22.5717
22.5717
22.5717
22.5717
21.1607
21.1607
21.1607
21.1607
21.1607
21.1607
21.1607
21.1607
19.9926
19.9926
19.9926
19.9926
19.9926
19.9926
19.9926
19.9926
19.0608
19.0608
19.0608
19.0608
19.0608
19.0608
19.0608
19.0608
18.3542
18.3542
18.3542
18.3542
18.3542
18.3542
18.3542
18.3542
17.8602
17.8602
17.8602
17.8602
17.8602
17.8602
17.8602
17.8602
17.5659
17.5659
17.5659
17.5659
17.5659
17.5659
17.5659
17.5659
17.459
17.459
17.459
17.459
17.459
17.459
17.459
17.459
17.5284
17.5284
17.5284
17.5284
17.5284
17.5284
17.5284
17.5284
17.7643
17.7643
17.7643
17.7643
17.7643
17.7643
17.7643
17.7643
18.1576
18.1576
18.1576
18.1576
18.1576
18.1576
18.1576
18.1576
18.7002
18.7002
18.7002
18.7002
18.7002
18.7002
18.7002
18.7002
19.3842
19.3842
19.3842
19.3842
19.3842
19.3842
19.3842
19.3842
20.2012
20.2012
20.2012
20.2012
20.2012
20.2012
20.2012
20.2012
21.142
21.142
21.142
21.142
21.142
21.142
21.142
21.142
22.1957
22.1957
22.1957
22.1957
22.1957
22.1957
22.1957
22.1957
22.5717
22.5717
22.5717
22.5717
22.5717
22.5717
22.5717
22.5717
21.1607
21.1607
21.1607
21.1607
21.1607
21.1607
21.1607
21.1607
19.9926
19.9926
19.9926
19.9926
19.9926
19.9926
19.9926
19.9926
19.0608
19.0608
19.0608
19.0608
19.0608
19.0608
19.0608
19.0608
18.3542
18.3542
18.3542
18.3542
18.3542
18.3542
18.3542
18.3542
17.8602
17.8602
17.8602
17.8602
17.8602
17.8602
17.8602
17.8602
17.5659
17.5659
17.5659
17.5659
17.5659
17.5659
17.5659
17.5659
17.459
17.459
17.459
17.459
17.459
17.459
17.459
17.459
17.5284
17.5284
17.5284
17.5284
17.5284
17.5284
17.5284
17.5284
17.7643
17.7643
17.7643
17.7643
17.7643
17.7643
17.7643
17.7643
18.1576
18.1576
18.1576
18.1576
18.1576
18.1576
18.1576
18.1576
18.7002
18.7002
18.7002
18.7002
18.7002
18.7002
18.7002
18.7002
19.3842
19.3842
19.3842
19.3842
19.3842
19.3842
19.3842
19.3842
20.2012
20.2012
20.2012
20.2012
20.2012
20.2012
20.2012
20.2012
21.142
21.142
21.142
21.142
21.142
21.142
21.142
21.142
22.1957
22.1957
22.1957
22.1957
22.1957
22.1957
22.1957
22.1957
22.2965
22.2965
22.2965
22.2965
22.2965
22.2965
22.2965
22.2965
20.7622
20.7622
20.7622
20.7622
20.7622
20.7622
20.7622
20.7622
19.5048
19.5048
19.5048
19.5048
19.5048
19.5048
19.5048
19.5048
18.5113
18.5113
18.5113
18.5113
18.5113
18.5113
18.5113
18.5113
17.765
17.765
17.765
17.765
17.765
17.765
17.765
17.765
17.2485
17.2485
17.2485
17.2485
17.2485
17.2485
17.2485
17.2485
16.9452
16.9452
16.9452
16.9452
16.9452
16.9452
16.9452
16.9452
16.8399
16.8399
16.8399
16.8399
16.8399
16.8399
16.8399
16.8399
16.9199
16.9199
16.9199
16.9199
16.9199
16.9199
16.9199
16.9199
17.174
17.174
17.174
17.174
17.174
17.174
17.174
17.174
17.5926
17.5926
17.5926
17.5926
17.5926
17.5926
17.5926
17.5926
18.1674
18.1674
18.1674
18.1674
18.1674
18.1674
18.1674
18.1674
18.8909
18.8909
18.8909
18.8909
18.8909
18.8909
18.8909
18.8909
19.7551
19.7551
19.7551
19.7551
19.7551
19.7551
19.7551
19.7551
20.752
20.752
20.752
20.752
20.752
20.752
20.752
20.752
21.8718
21.8718
21.8718
21.8718
21.8718
21.8718
21.8718
21.8718
22.2965
22.2965
22.2965
22.2965
22.2965
22.2965
22.2965
22.2965
20.7622
20.7622
20.7622
20.7622
20.7622
20.7622
20.7622
20.7622
19.5048
19.5048
19.5048
19.5048
19.5048
19.5048
19.5048
19.5048
18.5113
18.5113
18.5113
18.5113
18.5113
18.5113
18.5113
18.5113
17.765
17.765
17.765
17.765
17.765
17.765
17.765
17.765
17.2485
17.2485
17.2485
17.2485
17.2485
17.2485
17.2485
17.2485
16.9452
16.9452
16.9452
16.9452
16.9452
16.9452
16.9452
16.9452
16.8399
16.8399
16.8399
16.8399
16.8399
16.8399
16.8399
16.8399
16.9199
16.9199
16.9199
16.9199
16.9199
16.9199
16.9199
16.9199
17.174
17.174
17.174
17.174
17.174
17.174
17.174
17.174
17.5926
17.5926
17.5926
17.5926
17.5926
17.5926
17.5926
17.5926
18.1674
18.1674
18.1674
18.1674
18.1674
18.1674
18.1674
18.1674
18.8909
18.8909
18.8909
18.8909
18.8909
18.8909
18.8909
18.8909
19.7551
19.7551
19.7551
19.7551
19.7551
19.7551
19.7551
19.7551
20.752
20.752
20.752
20.752
20.752
20.752
20.752
20.752
21.8718
21.8718
21.8718
21.8718
21.8718
21.8718
21.8718
21.8718
22.2965
22.2965
22.2965
22.2965
22.2965
22.2965
22.2965
22.2965
20.7622
20.7622
20.7622
20.7622
20.7622
20.7622
20.7622
20.7622
19.5048
19.5048
19.5048
19.5048
19.5048
19.5048
19.5048
19.5048
18.5113
18.5113
18.5113
18.5113
18.5113
18.5113
18.5113
18.5113
17.765
17.765
17.765
17.765
17.765
17.765
17.765
17.765
17.2485
17.2485
17.2485
17.2485
17.2485
17.2485
17.2485
17.2485
16.9452
16.9452
16.9452
16.9452
16.9452
16.9452
16.9452
16.9452
16.8399
16.8399
16.8399
16.8399
16.8399
16.8399
16.8399
16.8399
16.9199
16.9199
16.9199
16.9199
16.9199
16.9199
16.9199
16.9199
17.174
17.174
17.174
17.174
17.174
17.174
17.174
17.174
17.5926
17.5926
17.5926
17.5926
17.5926
17.5926
17.5926
17.5926
18.1674
18.1674
18.1674
18.1674
18.1674
18.1674
18.1674
18.1674
18.8909
18.8909
18.8909
18.8909
18.8909
18.8909
18.8909
18.8909
19.7551
19.7551
19.7551
19.7551
19.7551
19.7551
19.7551
19.7551
20.752
20.752
20.752
20.752
20.752
20.752
20.752
20.752
21.8718
21.8718
21.8718
21.8718
21.8718
21.8718
21.8718
21.8718
22.2965
22.2965
22.2965
22.2965
22.2965
22.2965
22.2965
22.2965
20.7622
20.7622
20.7622
20.7622
20.7622
20.7622
20.7622
20.7622
19.5048
19.5048
19.5048
19.5048
19.5048
19.5048
19.5048
19.5048
18.5113
18.5113
18.5113
18.5113
18.5113
18.5113
18.5113
18.5113
17.765
17.765
17.765
17.765
17.765
17.765
17.765
17.765
17.2485
17.2485
17.2485
17.2485
17.2485
17.2485
17.2485
17.2485
16.9452
16.9452
16.9452
16.9452
16.9452
16.9452
16.9452
16.9452
16.8399
16.8399
16.8399
16.8399
16.8399
16.8399
16.8399
16.8399
16.9199
16.9199
16.9199
16.9199
16.9199
16.9199
16.9199
16.9199
17.174
17.174
17.174
17.174
17.174
17.174
17.174
17.174
17.5926
17.5926
17.5926
17.5926
17.5926
17.5926
17.5926
17.5926
18.1674
18.1674
18.1674
18.1674
18.1674
18.1674
18.1674
18.1674
18.8909
18.8909
18.8909
18.8909
18.8909
18.8909
18.8909
18.8909
19.7551
19.7551
19.7551
19.7551
19.7551
19.7551
19.7551
19.7551
20.752
20.752
20.752
20.752
20.752
20.752
20.752
20.752
21.8718
21.8718
21.8718
21.8718
21.8718
21.8718
21.8718
21.8718
22.0534
22.0534
22.0534
22.0534
22.0534
22.0534
22.0534
22.0534
20.4051
20.4051
20.4051
20.4051
20.4051
20.4051
20.4051
20.4051
19.0674
19.0674
19.0674
19.0674
19.0674
19.0674
19.0674
19.0674
18.0195
18.0195
18.0195
18.0195
18.0195
18.0195
18.0195
18.0195
17.2388
17.2388
17.2388
17.2388
17.2388
17.2388
17.2388
17.2388
16.7028
16.7028
16.7028
16.7028
16.7028
16.7028
16.7028
16.7028
16.3911
16.3911
16.3911
16.3911
16.3911
16.3911
16.3911
16.3911
16.286
16.286
16.286
16.286
16.286
16.286
16.286
16.286
16.3727
16.3727
16.3727
16.3727
16.3727
16.3727
16.3727
16.3727
16.6387
16.6387
16.6387
16.6387
16.6387
16.6387
16.6387
16.6387
17.0741
17.0741
17.0741
17.0741
17.0741
17.0741
17.0741
17.0741
17.6705
17.6705
17.6705
17.6705
17.6705
17.6705
17.6705
17.6705
18.4203
18.4203
18.4203
18.4203
18.4203
18.4203
18.4203
18.4203
19.3168
19.3168
19.3168
19.3168
19.3168
19.3168
19.3168
19.3168
20.3527
20.3527
20.3527
20.3527
20.3527
20.3527
20.3527
20.3527
21.5204
21.5204
21.5204
21.5204
21.5204
21.5204
21.5204
21.5204
22.0534
22.0534
22.0534
22.0534
22.0534
22.0534
22.0534
22.0534
20.4051
20.4051
20.4051
20.4051
20.4051
20.4051
20.4051
20.4051
19.0674
19.0674
19.0674
19.0674
19.0674
19.0674
19.0674
19.0674
18.0195
18.0195
18.0195
18.0195
18.0195
18.0195
18.0195
18.0195
17.2388
17.2388
17.2388
17.2388
17.2388
17.2388
17.2388
17.2388
16.7028
16.7028
16.7028
16.7028
16.7028
16.7028
16.7028
16.7028
16.3911
16.3911
16.3911
16.3911
16.3911
16.3911
16.3911
16.3911
16.286
16.286
16.286
16.286
16.286
16.286
16.286
16.286
16.3727
16.3727
16.3727
16.3727
16.3727
16.3727
16.3727
16.3727
16.6387
16.6387
16.6387
16.6387
16.6387
16.6387
16.6387
16.6387
17.0741
17.0741
17.0741
17.0741
17.0741
17.0741
17.0741
17.0741
17.6705
17.6705
17.6705
17.6705
17.6705
17.6705
17.6705
17.6705
18.4203
18.4203
18.4203
18.4203
18.4203
18.4203
18.4203
18.4203
19.3168
19.3168
19.3168
19.3168
19.3168
19.3168
19.3168
19.3168
20.3527
20.3527
20.3527
20.3527
20.3527
20.3527
20.3527
20.3527
21.5204
21.5204
21.5204
21.5204
21.5204
21.5204
21.5204
21.5204
22.0534
22.0534
22.0534
22.0534
22.0534
22.0534
22.0534
22.0534
20.4051
20.4051
20.4051
20.4051
20.4051
20.4051
20.4051
20.4051
19.0674
19.0674
19.0674
19.0674
19.0674
19.0674
19.0674
19.0674
18.0195
18.0195
18.0195
18.0195
18.0195
18.0195
18.0195
18.0195
17.2388
17.2388
17.2388
17.2388
17.2388
17.2388
17.2388
17.2388
16.7028
16.7028
16.7028
16.7028
16.7028
16.7028
16.7028
16.7028
16.3911
16.3911
16.3911
16.3911
16.3911
16.3911
16.3911
16.3911
16.286
16.286
16.286
16.286
16.286
16.286
16.286
16.286
16.3727
16.3727
16.3727
16.3727
16.3727
16.3727
16.3727
16.3727
16.6387
16.6387
16.6387
16.6387
16.6387
16.6387
16.6387
16.6387
17.0741
17.0741
17.0741
17.0741
17.0741
17.0741
17.0741
17.0741
17.6705
17.6705
17.6705
17.6705
17.6705
17.6705
17.6705
17.6705
18.4203
18.4203
18.4203
18.4203
18.4203
18.4203
18.4203
18.4203
19.3168
19.3168
19.3168
19.3168
19.3168
19.3168
19.3168
19.3168
20.3527
20.3527
20.3527
20.3527
20.3527
20.3527
20.3527
20.3527
21.5204
21.5204
21.5204
21.5204
21.5204
21.5204
21.5204
21.5204
22.0534
22.0534
22.0534
22.0534
22.0534
22.0534
22.0534
22.0534
20.4051
20.4051
20.4051
20.4051
20.4051
20.4051
20.4051
20.4051
19.0674
19.0674
19.0674
19.0674
19.0674
19.0674
19.0674
19.0674
18.0195
18.0195
18.0195
18.0195
18.0195
18.0195
18.0195
18.0195
17.2388
17.2388
17.2388
17.2388
17.2388
17.2388
17.2388
17.2388
16.7028
16.7028
16.7028
16.7028
16.7028
16.7028
16.7028
16.7028
16.3911
16.3911
16.3911
16.3911
16.3911
16.3911
16.3911
16.3911
16.286
16.286
16.286
16.286
16.286
16.286
16.286
16.286
16.3727
16.3727
16.3727
16.3727
16.3727
16.3727
16.3727
16.3727
16.6387
16.6387
16.6387
16.6387
16.6387
16.6387
16.6387
16.6387
17.0741
17.0741
17.0741
17.0741
17.0741
17.0741
17.0741
17.0741
17.6705
17.6705
17.6705
17.6705
17.6705
17.6705
17.6705
17.6705
18.4203
18.4203
18.4203
18.4203
18.4203
18.4203
18.4203
18.4203
19.3168
19.3168
19.3168
19.3168
19.3168
19.3168
19.3168
19.3168
20.3527
20.3527
20.3527
20.3527
20.3527
20.3527
20.3527
20.3527
21.5204
21.5204
21.5204
21.5204
21.5204
21.5204
21.5204
21.5204
21.8304
21.8304
21.8304
21.8304
21.8304
21.8304
21.8304
21.8304
20.0825
20.0825
20.0825
20.0825
20.0825
20.0825
20.0825
20.0825
18.6763
18.6763
18.6763
18.6763
18.6763
18.6763
18.6763
18.6763
17.5835
17.5835
17.5835
17.5835
17.5835
17.5835
17.5835
17.5835
16.7749
16.7749
16.7749
16.7749
16.7749
16.7749
16.7749
16.7749
16.2234
16.2234
16.2234
16.2234
16.2234
16.2234
16.2234
16.2234
15.9048
15.9048
15.9048
15.9048
15.9048
15.9048
15.9048
15.9048
15.7986
15.7986
15.7986
15.7986
15.7986
15.7986
15.7986
15.7986
15.8883
15.8883
15.8883
15.8883
15.8883
15.8883
15.8883
15.8883
16.1602
16.1602
16.1602
16.1602
16.1602
16.1602
16.1602
16.1602
16.6037
16.6037
16.6037
16.6037
16.6037
16.6037
16.6037
16.6037
17.2101
17.2101
17.2101
17.2101
17.2101
17.2101
17.2101
17.2101
17.9723
17.9723
17.9723
17.9723
17.9723
17.9723
17.9723
17.9723
18.8843
18.8843
18.8843
18.8843
18.8843
18.8843
18.8843
18.8843
19.9405
19.9405
19.9405
19.9405
19.9405
19.9405
19.9405
19.9405
21.1346
21.1346
21.1346
21.1346
21.1346
21.1346
21.1346
21.1346
21.8304
21.8304
21.8304
21.8304
21.8304
21.8304
21.8304
21.8304
20.0825
20.0825
20.0825
20.0825
20.0825
20.0825
20.0825
20.0825
18.6763
18.6763
18.6763
18.6763
18.6763
18.6763
18.6763
18.6763
17.5835
17.5835
17.5835
17.5835
17.5835
17.5835
17.5835
17.5835
16.7749
16.7749
16.7749
16.7749
16.7749
16.7749
16.7749
16.7749
16.2234
16.2234
16.2234
16.2234
16.2234
16.2234
16.2234
16.2234
15.9048
15.9048
15.9048
15.9048
15.9048
15.9048
15.9048
15.9048
15.7986
15.7986
15.7986
15.7986
15.7986
15.7986
15.7986
15.7986
15.8883
15.8883
15.8883
15.8883
15.8883
15.8883
15.8883
15.8883
16.1602
16.1602
16.1602
16.1602
16.1602
16.1602
16.1602
16.1602
16.6037
16.6037
16.6037
16.6037
16.6037
16.6037
16.6037
16.6037
17.2101
17.2101
17.2101
17.2101
17.2101
17.2101
17.2101
17.2101
17.9723
17.9723
17.9723
17.9723
17.9723
17.9723
17.9723
17.9723
18.8843
18.8843
18.8843
18.8843
18.8843
18.8843
18.8843
18.8843
19.9405
19.9405
19.9405
19.9405
19.9405
19.9405
19.9405
19.9405
21.1346
21.1346
21.1346
21.1346
21.1346
21.1346
21.1346
21.1346
21.8304
21.8304
21.8304
21.8304
21.8304
21.8304
21.8304
21.8304
20.0825
20.0825
20.0825
20.0825
20.0825
20.0825
20.0825
20.0825
18.6763
18.6763
18.6763
18.6763
18.6763
18.6763
18.6763
18.6763
17.5835
17.5835
17.5835
17.5835
17.5835
17.5835
17.5835
17.5835
16.7749
16.7749
16.7749
16.7749
16.7749
16.7749
16.7749
16.7749
16.2234
16.2234
16.2234
16.2234
16.2234
16.2234
16.2234
16.2234
15.9048
15.9048
15.9048
15.9048
15.9048
15.9048
15.9048
15.9048
15.7986
15.7986
15.7986
15.7986
15.7986
15.7986
15.7986
15.7986
15.8883
15.8883
15.8883
15.8883
15.8883
15.8883
15.8883
15.8883
16.1602
16.1602
16.1602
16.1602
16.1602
16.1602
16.1602
16.1602
16.6037
16.6037
16.6037
16.6037
16.6037
16.6037
16.6037
16.6037
17.2101
17.2101
17.2101
17.2101
17.2101
17.2101
17.2101
17.2101
17.9723
17.9723
17.9723
17.9723
17.9723
17.9723
17.9723
17.9723
18.8843
18.8843
18.8843
18.8843
18.8843
18.8843
18.8843
18.8843
19.9405
19.9405
19.9405
19.9405
19.9405
19.9405
19.9405
19.9405
21.1346
21.1346
21.1346
21.1346
21.1346
21.1346
21.1346
21.1346
21.8304
21.8304
21.8304
21.8304
21.8304
21.8304
21.8304
21.8304
20.0825
20.0825
20.0825
20.0825
20.0825
20.0825
20.0825
20.0825
18.6763
18.6763
18.6763
18.6763
18.6763
18.6763
18.6763
18.6763
17.5835
17.5835
17.5835
17.5835
17.5835
17.5835
17.5835
17.5835
16.7749
16.7749
16.7749
16.7749
16.7749
16.7749
16.7749
16.7749
16.2234
16.2234
16.2234
16.2234
16.2234
16.2234
16.2234
16.2234
15.9048
15.9048
15.9048
15.9048
15.9048
15.9048
15.9048
15.9048
15.7986
15.7986
15.7986
15.7986
15.7986
15.7986
15.7986
15.7986
15.8883
15.8883
15.8883
15.8883
15.8883
15.8883
15.8883
15.8883
16.1602
16.1602
16.1602
16.1602
16.1602
16.1602
16.1602
16.1602
16.6037
16.6037
16.6037
16.6037
16.6037
16.6037
16.6037
16.6037
17.2101
17.2101
17.2101
17.2101
17.2101
17.2101
17.2101
17.2101
17.9723
17.9723
17.9723
17.9723
17.9723
17.9723
17.9723
17.9723
18.8843
18.8843
18.8843
18.8843
18.8843
18.8843
18.8843
18.8843
19.9405
19.9405
19.9405
19.9405
19.9405
19.9405
19.9405
19.9405
21.1346
21.1346
21.1346
21.1346
21.1346
21.1346
21.1346
21.1346
21.6116
21.6116
21.6116
21.6116
21.6116
21.6116
21.6116
21.6116
19.7825
19.7825
19.7825
19.7825
19.7825
19.7825
19.7825
19.7825
18.3227
18.3227
18.3227
18.3227
18.3227
18.3227
18.3227
18.3227
17.1964
17.1964
17.1964
17.1964
17.1964
17.1964
17.1964
17.1964
16.3681
16.3681
16.3681
16.3681
16.3681
16.3681
16.3681
16.3681
15.806
15.806
15.806
15.806
15.806
15.806
15.806
15.806
15.4827
15.4827
15.4827
15.4827
15.4827
15.4827
15.4827
15.4827
15.375
15.375
15.375
15.375
15.375
15.375
15.375
15.375
15.4647
15.4647
15.4647
15.4647
15.4647
15.4647
15.4647
15.4647
15.7368
15.7368
15.7368
15.7368
15.7368
15.7368
15.7368
15.7368
16.1801
16.1801
16.1801
16.1801
16.1801
16.1801
16.1801
16.1801
16.7856
16.7856
16.7856
16.7856
16.7856
16.7856
16.7856
16.7856
17.5463
17.5463
17.5463
17.5463
17.5463
17.5463
17.5463
17.5463
18.457
18.457
18.457
18.457
18.457
18.457
18.457
18.457
19.5135
19.5135
19.5135
19.5135
19.5135
19.5135
19.5135
19.5135
20.7117
20.7117
20.7117
20.7117
20.7117
20.7117
20.7117
20.7117
21.6116
21.6116
21.6116
21.6116
21.6116
21.6116
21.6116
21.6116
19.7825
19.7825
19.7825
19.7825
19.7825
19.7825
19.7825
19.7825
18.3227
18.3227
18.3227
18.3227
18.3227
18.3227
18.3227
18.3227
17.1964
17.1964
17.1964
17.1964
17.1964
17.1964
17.1964
17.1964
16.3681
16.3681
16.3681
16.3681
16.3681
16.3681
16.3681
16.3681
15.806
15.806
15.806
15.806
15.806
15.806
15.806
15.806
15.4827
15.4827
15.4827
15.4827
15.4827
15.4827
15.4827
15.4827
15.375
15.375
15.375
15.375
15.375
15.375
15.375
15.375
15.4647
15.4647
15.4647
15.4647
15.4647
15.4647
15.4647
15.4647
15.7368
15.7368
15.7368
15.7368
15.7368
15.7368
15.7368
15.7368
16.1801
16.1801
16.1801
16.1801
16.1801
16.1801
16.1801
16.1801
16.7856
16.7856
16.7856
16.7856
16.7856
16.7856
16.7856
16.7856
17.5463
17.5463
17.5463
17.5463
17.5463
17.5463
17.5463
17.5463
18.457
18.457
18.457
18.457
18.457
18.457
18.457
18.457
19.5135
19.5135
19.5135
19.5135
19.5135
19.5135
19.5135
19.5135
20.7117
20.7117
20.7117
20.7117
20.7117
20.7117
20.7117
20.7117
21.6116
21.6116
21.6116
21.6116
21.6116
21.6116
21.6116
21.6116
19.7825
19.7825
19.7825
19.7825
19.7825
19.7825
19.7825
19.7825
18.3227
18.3227
18.3227
18.3227
18.3227
18.3227
18.3227
18.3227
17.1964
17.1964
17.1964
17.1964
17.1964
17.1964
17.1964
17.1964
16.3681
16.3681
16.3681
16.3681
16.3681
16.3681
16.3681
16.3681
15.806
15.806
15.806
15.806
15.806
15.806
15.806
15.806
15.4827
15.4827
15.4827
15.4827
15.4827
15.4827
15.4827
15.4827
15.375
15.375
15.375
15.375
15.375
15.375
15.375
15.375
15.4647
15.4647
15.4647
15.4647
15.4647
15.4647
15.4647
15.4647
15.7368
15.7368
15.7368
15.7368
15.7368
15.7368
15.7368
15.7368
16.1801
16.1801
16.1801
16.1801
16.1801
16.1801
16.1801
16.1801
16.7856
16.7856
16.7856
16.7856
16.7856
16.7856
16.7856
16.7856
17.5463
17.5463
17.5463
17.5463
17.5463
17.5463
17.5463
17.5463
18.457
18.457
18.457
18.457
18.457
18.457
18.457
18.457
19.5135
19.5135
19.5135
19.5135
19.5135
19.5135
19.5135
19.5135
20.7117
20.7117
20.7117
20.7117
20.7117
20.7117
20.7117
20.7117
21.6116
21.6116
21.6116
21.6116
21.6116
21.6116
21.6116
21.6116
19.7825
19.7825
19.7825
19.7825
19.7825
19.7825
19.7825
19.7825
18.3227
18.3227
18.3227
18.3227
18.3227
18.3227
18.3227
18.3227
17.1964
17.1964
17.1964
17.1964
17.1964
17.1964
17.1964
17.1964
16.3681
16.3681
16.3681
16.3681
16.3681
16.3681
16.3681
16.3681
15.806
15.806
15.806
15.806
15.806
15.806
15.806
15.806
15.4827
15.4827
15.4827
15.4827
15.4827
15.4827
15.4827
15.4827
15.375
15.375
15.375
15.375
15.375
15.375
15.375
15.375
15.4647
15.4647
15.4647
15.4647
15.4647
15.4647
15.4647
15.4647
15.7368
15.7368
15.7368
15.7368
15.7368
15.7368
15.7368
15.7368
16.1801
16.1801
16.1801
16.1801
16.1801
16.1801
16.1801
16.1801
16.7856
16.7856
16.7856
16.7856
16.7856
16.7856
16.7856
16.7856
17.5463
17.5463
17.5463
17.5463
17.5463
17.5463
17.5463
17.5463
18.457
18.457
18.457
18.457
18.457
18.457
18.457
18.457
19.5135
19.5135
19.5135
19.5135
19.5135
19.5135
19.5135
19.5135
20.7117
20.7117
20.7117
20.7117
20.7117
20.7117
20.7117
20.7117
21.3818
21.3818
21.3818
21.3818
21.3818
21.3818
21.3818
21.3818
19.4941
19.4941
19.4941
19.4941
19.4941
19.4941
19.4941
19.4941
17.9985
17.9985
17.9985
17.9985
17.9985
17.9985
17.9985
17.9985
16.8517
16.8517
16.8517
16.8517
16.8517
16.8517
16.8517
16.8517
16.013
16.013
16.013
16.013
16.013
16.013
16.013
16.013
15.4464
15.4464
15.4464
15.4464
15.4464
15.4464
15.4464
15.4464
15.1212
15.1212
15.1212
15.1212
15.1212
15.1212
15.1212
15.1212
15.0125
15.0125
15.0125
15.0125
15.0125
15.0125
15.0125
15.0125
15.1
15.1
15.1
15.1
15.1
15.1
15.1
15.1
15.3677
15.3677
15.3677
15.3677
15.3677
15.3677
15.3677
15.3677
15.8035
15.8035
15.8035
15.8035
15.8035
15.8035
15.8035
15.8035
16.3979
16.3979
16.3979
16.3979
16.3979
16.3979
16.3979
16.3979
17.1442
17.1442
17.1442
17.1442
17.1442
17.1442
17.1442
17.1442
18.0375
18.0375
18.0375
18.0375
18.0375
18.0375
18.0375
18.0375
19.0749
19.0749
19.0749
19.0749
19.0749
19.0749
19.0749
19.0749
20.2549
20.2549
20.2549
20.2549
20.2549
20.2549
20.2549
20.2549
21.3818
21.3818
21.3818
21.3818
21.3818
21.3818
21.3818
21.3818
19.4941
19.4941
19.4941
19.4941
19.4941
19.4941
19.4941
19.4941
17.9985
17.9985
17.9985
17.9985
17.9985
17.9985
17.9985
17.9985
16.8517
16.8517
16.8517
16.8517
16.8517
16.8517
16.8517
16.8517
16.013
16.013
16.013
16.013
16.013
16.013
16.013
16.013
15.4464
15.4464
15.4464
15.4464
15.4464
15.4464
15.4464
15.4464
15.1212
15.1212
15.1212
15.1212
15.1212
15.1212
15.1212
15.1212
15.0125
15.0125
15.0125
15.0125
15.0125
15.0125
15.0125
15.0125
15.1
15.1
15.1
15.1
15.1
15.1
15.1
15.1
15.3677
15.3677
15.3677
15.3677
15.3677
15.3677
15.3677
15.3677
15.8035
15.8035
15.8035
15.8035
15.8035
15.8035
15.8035
15.8035
16.3979
16.3979
16.3979
16.3979
16.3979
16.3979
16.3979
16.3979
17.1442
17.1442
17.1442
17.1442
17.1442
17.1442
17.1442
17.1442
18.0375
18.0375
18.0375
18.0375
18.0375
18.0375
18.0375
18.0375
19.0749
19.0749
19.0749
19.0749
19.0749
19.0749
19.0749
19.0749
20.2549
20.2549
20.2549
20.2549
20.2549
20.2549
20.2549
20.2549
21.3818
21.3818
21.3818
21.3818
21.3818
21.3818
21.3818
21.3818
19.4941
19.4941
19.4941
19.4941
19.4941
19.4941
19.4941
19.4941
17.9985
17.9985
17.9985
17.9985
17.9985
17.9985
17.9985
17.9985
16.8517
16.8517
16.8517
16.8517
16.8517
16.8517
16.8517
16.8517
16.013
16.013
16.013
16.013
16.013
16.013
16.013
16.013
15.4464
15.4464
15.4464
15.4464
15.4464
15.4464
15.4464
15.4464
15.1212
15.1212
15.1212
15.1212
15.1212
15.1212
15.1212
15.1212
15.0125
15.0125
15.0125
15.0125
15.0125
15.0125
15.0125
15.0125
15.1
15.1
15.1
15.1
15.1
15.1
15.1
15.1
15.3677
15.3677
15.3677
15.3677
15.3677
15.3677
15.3677
15.3677
15.8035
15.8035
15.8035
15.8035
15.8035
15.8035
15.8035
15.8035
16.3979
16.3979
16.3979
16.3979
16.3979
16.3979
16.3979
16.3979
17.1442
17.1442
17.1442
17.1442
17.1442
17.1442
17.1442
17.1442
18.0375
18.0375
18.0375
18.0375
18.0375
18.0375
18.0375
18.0375
19.0749
19.0749
19.0749
19.0749
19.0749
19.0749
19.0749
19.0749
20.2549
20.2549
20.2549
20.2549
20.2549
20.2549
20.2549
20.2549
21.3818
21.3818
21.3818
21.3818
21.3818
21.3818
21.3818
21.3818
19.4941
19.4941
19.4941
19.4941
19.4941
19.4941
19.4941
19.4941
17.9985
17.9985
17.9985
17.9985
17.9985
17.9985
17.9985
17.9985
16.8517
16.8517
16.8517
16.8517
16.8517
16.8517
16.8517
16.8517
16.013
16.013
16.013
16.013
16.013
16.013
16.013
16.013
15.4464
15.4464
15.4464
15.4464
15.4464
15.4464
15.4464
15.4464
15.1212
15.1212
15.1212
15.1212
15.1212
15.1212
15.1212
15.1212
15.0125
15.0125
15.0125
15.0125
15.0125
15.0125
15.0125
15.0125
15.1
15.1
15.1
15.1
15.1
15.1
15.1
15.1
15.3677
15.3677
15.3677
15.3677
15.3677
15.3677
15.3677
15.3677
15.8035
15.8035
15.8035
15.8035
15.8035
15.8035
15.8035
15.8035
16.3979
16.3979
16.3979
16.3979
16.3979
16.3979
16.3979
16.3979
17.1442
17.1442
17.1442
17.1442
17.1442
17.1442
17.1442
17.1442
18.0375
18.0375
18.0375
18.0375
18.0375
18.0375
18.0375
18.0375
19.0749
19.0749
19.0749
19.0749
19.0749
19.0749
19.0749
19.0749
20.2549
20.2549
20.2549
20.2549
20.2549
20.2549
20.2549
20.2549
21.1309
21.1309
21.1309
21.1309
21.1309
21.1309
21.1309
21.1309
19.2103
19.2103
19.2103
19.2103
19.2103
19.2103
19.2103
19.2103
17.6983
17.6983
17.6983
17.6983
17.6983
17.6983
17.6983
17.6983
16.5455
16.5455
16.5455
16.5455
16.5455
16.5455
16.5455
16.5455
15.7066
15.7066
15.7066
15.7066
15.7066
15.7066
15.7066
15.7066
15.1422
15.1422
15.1422
15.1422
15.1422
15.1422
15.1422
15.1422
14.8191
14.8191
14.8191
14.8191
14.8191
14.8191
14.8191
14.8191
14.7106
14.7106
14.7106
14.7106
14.7106
14.7106
14.7106
14.7106
14.7947
14.7947
14.7947
14.7947
14.7947
14.7947
14.7947
14.7947
15.0546
15.0546
15.0546
15.0546
15.0546
15.0546
15.0546
15.0546
15.4769
15.4769
15.4769
15.4769
15.4769
15.4769
15.4769
15.4769
16.0517
16.0517
16.0517
16.0517
16.0517
16.0517
16.0517
16.0517
16.772
16.772
16.772
16.772
16.772
16.772
16.772
16.772
17.6335
17.6335
17.6335
17.6335
17.6335
17.6335
17.6335
17.6335
18.6344
18.6344
18.6344
18.6344
18.6344
18.6344
18.6344
18.6344
19.7752
19.7752
19.7752
19.7752
19.7752
19.7752
19.7752
19.7752
21.1309
21.1309
21.1309
21.1309
21.1309
21.1309
21.1309
21.1309
19.2103
19.2103
19.2103
19.2103
19.2103
19.2103
19.2103
19.2103
17.6983
17.6983
17.6983
17.6983
17.6983
17.6983
17.6983
17.6983
16.5455
16.5455
16.5455
16.5455
16.5455
16.5455
16.5455
16.5455
15.7066
15.7066
15.7066
15.7066
15.7066
15.7066
15.7066
15.7066
15.1422
15.1422
15.1422
15.1422
15.1422
15.1422
15.1422
15.1422
14.8191
14.8191
14.8191
14.8191
14.8191
14.8191
14.8191
14.8191
14.7106
14.7106
14.7106
14.7106
14.7106
14.7106
14.7106
14.7106
14.7947
14.7947
14.7947
14.7947
14.7947
14.7947
14.7947
14.7947
15.0546
15.0546
15.0546
15.0546
15.0546
15.0546
15.0546
15.0546
15.4769
15.4769
15.4769
15.4769
15.4769
15.4769
15.4769
15.4769
16.0517
16.0517
16.0517
16.0517
16.0517
16.0517
16.0517
16.0517
16.772
16.772
16.772
16.772
16.772
16.772
16.772
16.772
17.6335
17.6335
17.6335
17.6335
17.6335
17.6335
17.6335
17.6335
18.6344
18.6344
18.6344
18.6344
18.6344
18.6344
18.6344
18.6344
19.7752
19.7752
19.7752
19.7752
19.7752
19.7752
19.7752
19.7752
21.1309
21.1309
21.1309
21.1309
21.1309
21.1309
21.1309
21.1309
19.2103
19.2103
19.2103
19.2103
19.2103
19.2103
19.2103
19.2103
17.6983
17.6983
17.6983
17.6983
17.6983
17.6983
17.6983
17.6983
16.5455
16.5455
16.5455
16.5455
16.5455
16.5455
16.5455
16.5455
15.7066
15.7066
15.7066
15.7066
15.7066
15.7066
15.7066
15.7066
15.1422
15.1422
15.1422
15.1422
15.1422
15.1422
15.1422
15.1422
14.8191
14.8191
14.8191
14.8191
14.8191
14.8191
14.8191
14.8191
14.7106
14.7106
14.7106
14.7106
14.7106
14.7106
14.7106
14.7106
14.7947
14.7947
14.7947
14.7947
14.7947
14.7947
14.7947
14.7947
15.0546
15.0546
15.0546
15.0546
15.0546
15.0546
15.0546
15.0546
15.4769
15.4769
15.4769
15.4769
15.4769
15.4769
15.4769
15.4769
16.0517
16.0517
16.0517
16.0517
16.0517
16.0517
16.0517
16.0517
16.772
16.772
16.772
16.772
16.772
16.772
16.772
16.772
17.6335
17.6335
17.6335
17.6335
17.6335
17.6335
17.6335
17.6335
18.6344
18.6344
18.6344
18.6344
18.6344
18.6344
18.6344
18.6344
19.7752
19.7752
19.7752
19.7752
19.7752
19.7752
19.7752
19.7752
21.1309
21.1309
21.1309
21.1309
21.1309
21.1309
21.1309
21.1309
19.2103
19.2103
19.2103
19.2103
19.2103
19.2103
19.2103
19.2103
17.6983
17.6983
17.6983
17.6983
17.6983
17.6983
17.6983
17.6983
16.5455
16.5455
16.5455
16.5455
16.5455
16.5455
16.5455
16.5455
15.7066
15.7066
15.7066
15.7066
15.7066
15.7066
15.7066
15.7066
15.1422
15.1422
15.1422
15.1422
15.1422
15.1422
15.1422
15.1422
14.8191
14.8191
14.8191
14.8191
14.8191
14.8191
14.8191
14.8191
14.7106
14.7106
14.7106
14.7106
14.7106
14.7106
14.7106
14.7106
14.7947
14.7947
14.7947
14.7947
14.7947
14.7947
14.7947
14.7947
15.0546
15.0546
15.0546
15.0546
15.0546
15.0546
15.0546
15.0546
15.4769
15.4769
15.4769
15.4769
15.4769
15.4769
15.4769
15.4769
16.0517
16.0517
16.0517
16.0517
16.0517
16.0517
16.0517
16.0517
16.772
16.772
16.772
16.772
16.772
16.772
16.772
16.772
17.6335
17.6335
17.6335
17.6335
17.6335
17.6335
17.6335
17.6335
18.6344
18.6344
18.6344
18.6344
18.6344
18.6344
18.6344
18.6344
19.7752
19.7752
19.7752
19.7752
19.7752
19.7752
19.7752
19.7752
20.8564
20.8564
20.8564
20.8564
20.8564
20.8564
20.8564
20.8564
18.9305
18.9305
18.9305
18.9305
18.9305
18.9305
18.9305
18.9305
17.4226
17.4226
17.4226
17.4226
17.4226
17.4226
17.4226
17.4226
16.2787
16.2787
16.2787
16.2787
16.2787
16.2787
16.2787
16.2787
15.4502
15.4502
15.4502
15.4502
15.4502
15.4502
15.4502
15.4502
14.8953
14.8953
14.8953
14.8953
14.8953
14.8953
14.8953
14.8953
14.5789
14.5789
14.5789
14.5789
14.5789
14.5789
14.5789
14.5789
14.4726
14.4726
14.4726
14.4726
14.4726
14.4726
14.4726
14.4726
14.5536
14.5536
14.5536
14.5536
14.5536
14.5536
14.5536
14.5536
14.8033
14.8033
14.8033
14.8033
14.8033
14.8033
14.8033
14.8033
15.2078
15.2078
15.2078
15.2078
15.2078
15.2078
15.2078
15.2078
15.7563
15.7563
15.7563
15.7563
15.7563
15.7563
15.7563
15.7563
16.4414
16.4414
16.4414
16.4414
16.4414
16.4414
16.4414
16.4414
17.2591
17.2591
17.2591
17.2591
17.2591
17.2591
17.2591
17.2591
18.2087
18.2087
18.2087
18.2087
18.2087
18.2087
18.2087
18.2087
19.2926
19.2926
19.2926
19.2926
19.2926
19.2926
19.2926
19.2926
20.8564
20.8564
20.8564
20.8564
20.8564
20.8564
20.8564
20.8564
18.9305
18.9305
18.9305
18.9305
18.9305
18.9305
18.9305
18.9305
17.4226
17.4226
17.4226
17.4226
17.4226
17.4226
17.4226
17.4226
16.2787
16.2787
16.2787
16.2787
16.2787
16.2787
16.2787
16.2787
15.4502
15.4502
15.4502
15.4502
15.4502
15.4502
15.4502
15.4502
14.8953
14.8953
14.8953
14.8953
14.8953
14.8953
14.8953
14.8953
14.5789
14.5789
14.5789
14.5789
14.5789
14.5789
14.5789
14.5789
14.4726
14.4726
14.4726
14.4726
14.4726
14.4726
14.4726
14.4726
14.5536
14.5536
14.5536
14.5536
14.5536
14.5536
14.5536
14.5536
14.8033
14.8033
14.8033
14.8033
14.8033
14.8033
14.8033
14.8033
15.2078
15.2078
15.2078
15.2078
15.2078
15.2078
15.2078
15.2078
15.7563
15.7563
15.7563
15.7563
15.7563
15.7563
15.7563
15.7563
16.4414
16.4414
16.4414
16.4414
16.4414
16.4414
16.4414
16.4414
17.2591
17.2591
17.2591
17.2591
17.2591
17.2591
17.2591
17.2591
18.2087
18.2087
18.2087
18.2087
18.2087
18.2087
18.2087
18.2087
19.2926
19.2926
19.2926
19.2926
19.2926
19.2926
19.2926
19.2926
20.8564
20.8564
20.8564
20.8564
20.8564
20.8564
20.8564
20.8564
18.9305
18.9305
18.9305
18.9305
18.9305
18.9305
18.9305
18.9305
17.4226
17.4226
17.4226
17.4226
17.4226
17.4226
17.4226
17.4226
16.2787
16.2787
16.2787
16.2787
16.2787
16.2787
16.2787
16.2787
15.4502
15.4502
15.4502
15.4502
15.4502
15.4502
15.4502
15.4502
14.8953
14.8953
14.8953
14.8953
14.8953
14.8953
14.8953
14.8953
14.5789
14.5789
14.5789
14.5789
14.5789
14.5789
14.5789
14.5789
14.4726
14.4726
14.4726
14.4726
14.4726
14.4726
14.4726
14.4726
14.5536
14.5536
14.5536
14.5536
14.5536
14.5536
14.5536
14.5536
14.8033
14.8033
14.8033
14.8033
14.8033
14.8033
14.8033
14.8033
15.2078
15.2078
15.2078
15.2078
15.2078
15.2078
15.2078
15.2078
15.7563
15.7563
15.7563
15.7563
15.7563
15.7563
15.7563
15.7563
16.4414
16.4414
16.4414
16.4414
16.4414
16.4414
16.4414
16.4414
17.2591
17.2591
17.2591
17.2591
17.2591
17.2591
17.2591
17.2591
18.2087
18.2087
18.2087
18.2087
18.2087
18.2087
18.2087
18.2087
19.2926
19.2926
19.2926
19.2926
19.2926
19.2926
19.2926
19.2926
20.8564
20.8564
20.8564
20.8564
20.8564
20.8564
20.8564
20.8564
18.9305
18.9305
18.9305
18.9305
18.9305
18.9305
18.9305
18.9305
17.4226
17.4226
17.4226
17.4226
17.4226
17.4226
17.4226
17.4226
16.2787
16.2787
16.2787
16.2787
16.2787
16.2787
16.2787
16.2787
15.4502
15.4502
15.4502
15.4502
15.4502
15.4502
15.4502
15.4502
14.8953
14.8953
14.8953
14.8953
14.8953
14.8953
14.8953
14.8953
14.5789
14.5789
14.5789
14.5789
14.5789
14.5789
14.5789
14.5789
14.4726
14.4726
14.4726
14.4726
14.4726
14.4726
14.4726
14.4726
14.5536
14.5536
14.5536
14.5536
14.5536
14.5536
14.5536
14.5536
14.8033
14.8033
14.8033
14.8033
14.8033
14.8033
14.8033
14.8033
15.2078
15.2078
15.2078
15.2078
15.2078
15.2078
15.2078
15.2078
15.7563
15.7563
15.7563
15.7563
15.7563
15.7563
15.7563
15.7563
16.4414
16.4414
16.4414
16.4414
16.4414
16.4414
16.4414
16.4414
17.2591
17.2591
17.2591
17.2591
17.2591
17.2591
17.2591
17.2591
18.2087
18.2087
18.2087
18.2087
18.2087
18.2087
18.2087
18.2087
19.2926
19.2926
19.2926
19.2926
19.2926
19.2926
19.2926
19.2926
20.5655
20.5655
20.5655
20.5655
20.5655
20.5655
20.5655
20.5655
18.6617
18.6617
18.6617
18.6617
18.6617
18.6617
18.6617
18.6617
17.1782
17.1782
17.1782
17.1782
17.1782
17.1782
17.1782
17.1782
16.058
16.058
16.058
16.058
16.058
16.058
16.058
16.058
15.2506
15.2506
15.2506
15.2506
15.2506
15.2506
15.2506
15.2506
14.7126
14.7126
14.7126
14.7126
14.7126
14.7126
14.7126
14.7126
14.408
14.408
14.408
14.408
14.408
14.408
14.408
14.408
14.3071
14.3071
14.3071
14.3071
14.3071
14.3071
14.3071
14.3071
14.3859
14.3859
14.3859
14.3859
14.3859
14.3859
14.3859
14.3859
14.625
14.625
14.625
14.625
14.625
14.625
14.625
14.625
15.0091
15.0091
15.0091
15.0091
15.0091
15.0091
15.0091
15.0091
15.5268
15.5268
15.5268
15.5268
15.5268
15.5268
15.5268
15.5268
16.1701
16.1701
16.1701
16.1701
16.1701
16.1701
16.1701
16.1701
16.9352
16.9352
16.9352
16.9352
16.9352
16.9352
16.9352
16.9352
17.8221
17.8221
17.8221
17.8221
17.8221
17.8221
17.8221
17.8221
18.8353
18.8353
18.8353
18.8353
18.8353
18.8353
18.8353
18.8353
20.5655
20.5655
20.5655
20.5655
20.5655
20.5655
20.5655
20.5655
18.6617
18.6617
18.6617
18.6617
18.6617
18.6617
18.6617
18.6617
17.1782
17.1782
17.1782
17.1782
17.1782
17.1782
17.1782
17.1782
16.058
16.058
16.058
16.058
16.058
16.058
16.058
16.058
15.2506
15.2506
15.2506
15.2506
15.2506
15.2506
15.2506
15.2506
14.7126
14.7126
14.7126
14.7126
14.7126
14.7126
14.7126
14.7126
14.408
14.408
14.408
14.408
14.408
14.408
14.408
14.408
14.3071
14.3071
14.3071
14.3071
14.3071
14.3071
14.3071
14.3071
14.3859
14.3859
14.3859
14.3859
14.3859
14.3859
14.3859
14.3859
14.625
14.625
14.625
14.625
14.625
14.625
14.625
14.625
15.0091
15.0091
15.0091
15.0091
15.0091
15.0091
15.0091
15.0091
15.5268
15.5268
15.5268
15.5268
15.5268
15.5268
15.5268
15.5268
16.1701
16.1701
16.1701
16.1701
16.1701
16.1701
16.1701
16.1701
16.9352
16.9352
16.9352
16.9352
16.9352
16.9352
16.9352
16.9352
17.8221
17.8221
17.8221
17.8221
17.8221
17.8221
17.8221
17.8221
18.8353
18.8353
18.8353
18.8353
18.8353
18.8353
18.8353
18.8353
20.5655
20.5655
20.5655
20.5655
20.5655
20.5655
20.5655
20.5655
18.6617
18.6617
18.6617
18.6617
18.6617
18.6617
18.6617
18.6617
17.1782
17.1782
17.1782
17.1782
17.1782
17.1782
17.1782
17.1782
16.058
16.058
16.058
16.058
16.058
16.058
16.058
16.058
15.2506
15.2506
15.2506
15.2506
15.2506
15.2506
15.2506
15.2506
14.7126
14.7126
14.7126
14.7126
14.7126
14.7126
14.7126
14.7126
14.408
14.408
14.408
14.408
14.408
14.408
14.408
14.408
14.3071
14.3071
14.3071
14.3071
14.3071
14.3071
14.3071
14.3071
14.3859
14.3859
14.3859
14.3859
14.3859
14.3859
14.3859
14.3859
14.625
14.625
14.625
14.625
14.625
14.625
14.625
14.625
15.0091
15.0091
15.0091
15.0091
15.0091
15.0091
15.0091
15.0091
15.5268
15.5268
15.5268
15.5268
15.5268
15.5268
15.5268
15.5268
16.1701
16.1701
16.1701
16.1701
16.1701
16.1701
16.1701
16.1701
16.9352
16.9352
16.9352
16.9352
16.9352
16.9352
16.9352
16.9352
17.8221
17.8221
17.8221
17.8221
17.8221
17.8221
17.8221
17.8221
18.8353
18.8353
18.8353
18.8353
18.8353
18.8353
18.8353
18.8353
20.5655
20.5655
20.5655
20.5655
20.5655
20.5655
20.5655
20.5655
18.6617
18.6617
18.6617
18.6617
18.6617
18.6617
18.6617
18.6617
17.1782
17.1782
17.1782
17.1782
17.1782
17.1782
17.1782
17.1782
16.058
16.058
16.058
16.058
16.058
16.058
16.058
16.058
15.2506
15.2506
15.2506
15.2506
15.2506
15.2506
15.2506
15.2506
14.7126
14.7126
14.7126
14.7126
14.7126
14.7126
14.7126
14.7126
14.408
14.408
14.408
14.408
14.408
14.408
14.408
14.408
14.3071
14.3071
14.3071
14.3071
14.3071
14.3071
14.3071
14.3071
14.3859
14.3859
14.3859
14.3859
14.3859
14.3859
14.3859
14.3859
14.625
14.625
14.625
14.625
14.625
14.625
14.625
14.625
15.0091
15.0091
15.0091
15.0091
15.0091
15.0091
15.0091
15.0091
15.5268
15.5268
15.5268
15.5268
15.5268
15.5268
15.5268
15.5268
16.1701
16.1701
16.1701
16.1701
16.1701
16.1701
16.1701
16.1701
16.9352
16.9352
16.9352
16.9352
16.9352
16.9352
16.9352
16.9352
17.8221
17.8221
17.8221
17.8221
17.8221
17.8221
17.8221
17.8221
18.8353
18.8353
18.8353
18.8353
18.8353
18.8353
18.8353
18.8353
20.2755
20.2755
20.2755
20.2755
20.2755
20.2755
20.2755
20.2755
18.4195
18.4195
18.4195
18.4195
18.4195
18.4195
18.4195
18.4195
16.979
16.979
16.979
16.979
16.979
16.979
16.979
16.979
15.8964
15.8964
15.8964
15.8964
15.8964
15.8964
15.8964
15.8964
15.1202
15.1202
15.1202
15.1202
15.1202
15.1202
15.1202
15.1202
14.6069
14.6069
14.6069
14.6069
14.6069
14.6069
14.6069
14.6069
14.3195
14.3195
14.3195
14.3195
14.3195
14.3195
14.3195
14.3195
14.2279
14.2279
14.2279
14.2279
14.2279
14.2279
14.2279
14.2279
14.307
14.307
14.307
14.307
14.307
14.307
14.307
14.307
14.5364
14.5364
14.5364
14.5364
14.5364
14.5364
14.5364
14.5364
14.8997
14.8997
14.8997
14.8997
14.8997
14.8997
14.8997
14.8997
15.3845
15.3845
15.3845
15.3845
15.3845
15.3845
15.3845
15.3845
15.9823
15.9823
15.9823
15.9823
15.9823
15.9823
15.9823
15.9823
16.6893
16.6893
16.6893
16.6893
16.6893
16.6893
16.6893
16.6893
17.5063
17.5063
17.5063
17.5063
17.5063
17.5063
17.5063
17.5063
18.4393
18.4393
18.4393
18.4393
18.4393
18.4393
18.4393
18.4393
20.2755
20.2755
20.2755
20.2755
20.2755
20.2755
20.2755
20.2755
18.4195
18.4195
18.4195
18.4195
18.4195
18.4195
18.4195
18.4195
16.979
16.979
16.979
16.979
16.979
16.979
16.979
16.979
15.8964
15.8964
15.8964
15.8964
15.8964
15.8964
15.8964
15.8964
15.1202
15.1202
15.1202
15.1202
15.1202
15.1202
15.1202
15.1202
14.6069
14.6069
14.6069
14.6069
14.6069
14.6069
14.6069
14.6069
14.3195
14.3195
14.3195
14.3195
14.3195
14.3195
14.3195
14.3195
14.2279
14.2279
14.2279
14.2279
14.2279
14.2279
14.2279
14.2279
14.307
14.307
14.307
14.307
14.307
14.307
14.307
14.307
14.5364
14.5364
14.5364
14.5364
14.5364
14.5364
14.5364
14.5364
14.8997
14.8997
14.8997
14.8997
14.8997
14.8997
14.8997
14.8997
15.3845
15.3845
15.3845
15.3845
15.3845
15.3845
15.3845
15.3845
15.9823
15.9823
15.9823
15.9823
15.9823
15.9823
15.9823
15.9823
16.6893
16.6893
16.6893
16.6893
16.6893
16.6893
16.6893
16.6893
17.5063
17.5063
17.5063
17.5063
17.5063
17.5063
17.5063
17.5063
18.4393
18.4393
18.4393
18.4393
18.4393
18.4393
18.4393
18.4393
20.2755
20.2755
20.2755
20.2755
20.2755
20.2755
20.2755
20.2755
18.4195
18.4195
18.4195
18.4195
18.4195
18.4195
18.4195
18.4195
16.979
16.979
16.979
16.979
16.979
16.979
16.979
16.979
15.8964
15.8964
15.8964
15.8964
15.8964
15.8964
15.8964
15.8964
15.1202
15.1202
15.1202
15.1202
15.1202
15.1202
15.1202
15.1202
14.6069
14.6069
14.6069
14.6069
14.6069
14.6069
14.6069
14.6069
14.3195
14.3195
14.3195
14.3195
14.3195
14.3195
14.3195
14.3195
14.2279
14.2279
14.2279
14.2279
14.2279
14.2279
14.2279
14.2279
14.307
14.307
14.307
14.307
14.307
14.307
14.307
14.307
14.5364
14.5364
14.5364
14.5364
14.5364
14.5364
14.5364
14.5364
14.8997
14.8997
14.8997
14.8997
14.8997
14.8997
14.8997
14.8997
15.3845
15.3845
15.3845
15.3845
15.3845
15.3845
15.3845
15.3845
15.9823
15.9823
15.9823
15.9823
15.9823
15.9823
15.9823
15.9823
16.6893
16.6893
16.6893
16.6893
16.6893
16.6893
16.6893
16.6893
17.5063
17.5063
17.5063
17.5063
17.5063
17.5063
17.5063
17.5063
18.4393
18.4393
18.4393
18.4393
18.4393
18.4393
18.4393
18.4393
20.2755
20.2755
20.2755
20.2755
20.2755
20.2755
20.2755
20.2755
18.4195
18.4195
18.4195
18.4195
18.4195
18.4195
18.4195
18.4195
16.979
16.979
16.979
16.979
16.979
16.979
16.979
16.979
15.8964
15.8964
15.8964
15.8964
15.8964
15.8964
15.8964
15.8964
15.1202
15.1202
15.1202
15.1202
15.1202
15.1202
15.1202
15.1202
14.6069
14.6069
14.6069
14.6069
14.6069
14.6069
14.6069
14.6069
14.3195
14.3195
14.3195
14.3195
14.3195
14.3195
14.3195
14.3195
14.2279
14.2279
14.2279
14.2279
14.2279
14.2279
14.2279
14.2279
14.307
14.307
14.307
14.307
14.307
14.307
14.307
14.307
14.5364
14.5364
14.5364
14.5364
14.5364
14.5364
14.5364
14.5364
14.8997
14.8997
14.8997
14.8997
14.8997
14.8997
14.8997
14.8997
15.3845
15.3845
15.3845
15.3845
15.3845
15.3845
15.3845
15.3845
15.9823
15.9823
15.9823
15.9823
15.9823
15.9823
15.9823
15.9823
16.6893
16.6893
16.6893
16.6893
16.6893
16.6893
16.6893
16.6893
17.5063
17.5063
17.5063
17.5063
17.5063
17.5063
17.5063
17.5063
18.4393
18.4393
18.4393
18.4393
18.4393
18.4393
18.4393
18.4393
20.0131
20.0131
20.0131
20.0131
20.0131
20.0131
20.0131
20.0131
18.2271
18.2271
18.2271
18.2271
18.2271
18.2271
18.2271
18.2271
16.8462
16.8462
16.8462
16.8462
16.8462
16.8462
16.8462
16.8462
15.8134
15.8134
15.8134
15.8134
15.8134
15.8134
15.8134
15.8134
15.078
15.078
15.078
15.078
15.078
15.078
15.078
15.078
14.5966
14.5966
14.5966
14.5966
14.5966
14.5966
14.5966
14.5966
14.3326
14.3326
14.3326
14.3326
14.3326
14.3326
14.3326
14.3326
14.2551
14.2551
14.2551
14.2551
14.2551
14.2551
14.2551
14.2551
14.3384
14.3384
14.3384
14.3384
14.3384
14.3384
14.3384
14.3384
14.5609
14.5609
14.5609
14.5609
14.5609
14.5609
14.5609
14.5609
14.9051
14.9051
14.9051
14.9051
14.9051
14.9051
14.9051
14.9051
15.3575
15.3575
15.3575
15.3575
15.3575
15.3575
15.3575
15.3575
15.9091
15.9091
15.9091
15.9091
15.9091
15.9091
15.9091
15.9091
16.5559
16.5559
16.5559
16.5559
16.5559
16.5559
16.5559
16.5559
17.2994
17.2994
17.2994
17.2994
17.2994
17.2994
17.2994
17.2994
18.1471
18.1471
18.1471
18.1471
18.1471
18.1471
18.1471
18.1471
20.0131
20.0131
20.0131
20.0131
20.0131
20.0131
20.0131
20.0131
18.2271
18.2271
18.2271
18.2271
18.2271
18.2271
18.2271
18.2271
16.8462
16.8462
16.8462
16.8462
16.8462
16.8462
16.8462
16.8462
15.8134
15.8134
15.8134
15.8134
15.8134
15.8134
15.8134
15.8134
15.078
15.078
15.078
15.078
15.078
15.078
15.078
15.078
14.5966
14.5966
14.5966
14.5966
14.5966
14.5966
14.5966
14.5966
14.3326
14.3326
14.3326
14.3326
14.3326
14.3326
14.3326
14.3326
14.2551
14.2551
14.2551
14.2551
14.2551
14.2551
14.2551
14.2551
14.3384
14.3384
14.3384
14.3384
14.3384
14.3384
14.3384
14.3384
14.5609
14.5609
14.5609
14.5609
14.5609
14.5609
14.5609
14.5609
14.9051
14.9051
14.9051
14.9051
14.9051
14.9051
14.9051
14.9051
15.3575
15.3575
15.3575
15.3575
15.3575
15.3575
15.3575
15.3575
15.9091
15.9091
15.9091
15.9091
15.9091
15.9091
15.9091
15.9091
16.5559
16.5559
16.5559
16.5559
16.5559
16.5559
16.5559
16.5559
17.2994
17.2994
17.2994
17.2994
17.2994
17.2994
17.2994
17.2994
18.1471
18.1471
18.1471
18.1471
18.1471
18.1471
18.1471
18.1471
20.0131
20.0131
20.0131
20.0131
20.0131
20.0131
20.0131
20.0131
18.2271
18.2271
18.2271
18.2271
18.2271
18.2271
18.2271
18.2271
16.8462
16.8462
16.8462
16.8462
16.8462
16.8462
16.8462
16.8462
15.8134
15.8134
15.8134
15.8134
15.8134
15.8134
15.8134
15.8134
15.078
15.078
15.078
15.078
15.078
15.078
15.078
15.078
14.5966
14.5966
14.5966
14.5966
14.5966
14.5966
14.5966
14.5966
14.3326
14.3326
14.3326
14.3326
14.3326
14.3326
14.3326
14.3326
14.2551
14.2551
14.2551
14.2551
14.2551
14.2551
14.2551
14.2551
14.3384
14.3384
14.3384
14.3384
14.3384
14.3384
14.3384
14.3384
14.5609
14.5609
14.5609
14.5609
14.5609
14.5609
14.5609
14.5609
14.9051
14.9051
14.9051
14.9051
14.9051
14.9051
14.9051
14.9051
15.3575
15.3575
15.3575
15.3575
15.3575
15.3575
15.3575
15.3575
15.9091
15.9091
15.9091
15.9091
15.9091
15.9091
15.9091
15.9091
16.5559
16.5559
16.5559
16.5559
16.5559
16.5559
16.5559
16.5559
17.2994
17.2994
17.2994
17.2994
17.2994
17.2994
17.2994
17.2994
18.1471
18.1471
18.1471
18.1471
18.1471
18.1471
18.1471
18.1471
20.0131
20.0131
20.0131
20.0131
20.0131
20.0131
20.0131
20.0131
18.2271
18.2271
18.2271
18.2271
18.2271
18.2271
18.2271
18.2271
16.8462
16.8462
16.8462
16.8462
16.8462
16.8462
16.8462
16.8462
15.8134
15.8134
15.8134
15.8134
15.8134
15.8134
15.8134
15.8134
15.078
15.078
15.078
15.078
15.078
15.078
15.078
15.078
14.5966
14.5966
14.5966
14.5966
14.5966
14.5966
14.5966
14.5966
14.3326
14.3326
14.3326
14.3326
14.3326
14.3326
14.3326
14.3326
14.2551
14.2551
14.2551
14.2551
14.2551
14.2551
14.2551
14.2551
14.3384
14.3384
14.3384
14.3384
14.3384
14.3384
14.3384
14.3384
14.5609
14.5609
14.5609
14.5609
14.5609
14.5609
14.5609
14.5609
14.9051
14.9051
14.9051
14.9051
14.9051
14.9051
14.9051
14.9051
15.3575
15.3575
15.3575
15.3575
15.3575
15.3575
15.3575
15.3575
15.9091
15.9091
15.9091
15.9091
15.9091
15.9091
15.9091
15.9091
16.5559
16.5559
16.5559
16.5559
16.5559
16.5559
16.5559
16.5559
17.2994
17.2994
17.2994
17.2994
17.2994
17.2994
17.2994
17.2994
18.1471
18.1471
18.1471
18.1471
18.1471
18.1471
18.1471
18.1471
19.8132
19.8132
19.8132
19.8132
19.8132
19.8132
19.8132
19.8132
18.1153
18.1153
18.1153
18.1153
18.1153
18.1153
18.1153
18.1153
16.8075
16.8075
16.8075
16.8075
16.8075
16.8075
16.8075
16.8075
15.835
15.835
15.835
15.835
15.835
15.835
15.835
15.835
15.1489
15.1489
15.1489
15.1489
15.1489
15.1489
15.1489
15.1489
14.7071
14.7071
14.7071
14.7071
14.7071
14.7071
14.7071
14.7071
14.473
14.473
14.473
14.473
14.473
14.473
14.473
14.473
14.4157
14.4157
14.4157
14.4157
14.4157
14.4157
14.4157
14.4157
14.5086
14.5086
14.5086
14.5086
14.5086
14.5086
14.5086
14.5086
14.729
14.729
14.729
14.729
14.729
14.729
14.729
14.729
15.058
15.058
15.058
15.058
15.058
15.058
15.058
15.058
15.4812
15.4812
15.4812
15.4812
15.4812
15.4812
15.4812
15.4812
15.9888
15.9888
15.9888
15.9888
15.9888
15.9888
15.9888
15.9888
16.5764
16.5764
16.5764
16.5764
16.5764
16.5764
16.5764
16.5764
17.2465
17.2465
17.2465
17.2465
17.2465
17.2465
17.2465
17.2465
18.008
18.008
18.008
18.008
18.008
18.008
18.008
18.008
19.8132
19.8132
19.8132
19.8132
19.8132
19.8132
19.8132
19.8132
18.1153
18.1153
18.1153
18.1153
18.1153
18.1153
18.1153
18.1153
16.8075
16.8075
16.8075
16.8075
16.8075
16.8075
16.8075
16.8075
15.835
15.835
15.835
15.835
15.835
15.835
15.835
15.835
15.1489
15.1489
15.1489
15.1489
15.1489
15.1489
15.1489
15.1489
14.7071
14.7071
14.7071
14.7071
14.7071
14.7071
14.7071
14.7071
14.473
14.473
14.473
14.473
14.473
14.473
14.473
14.473
14.4157
14.4157
14.4157
14.4157
14.4157
14.4157
14.4157
14.4157
14.5086
14.5086
14.5086
14.5086
14.5086
14.5086
14.5086
14.5086
14.729
14.729
14.729
14.729
14.729
14.729
14.729
14.729
15.058
15.058
15.058
15.058
15.058
15.058
15.058
15.058
15.4812
15.4812
15.4812
15.4812
15.4812
15.4812
15.4812
15.4812
15.9888
15.9888
15.9888
15.9888
15.9888
15.9888
15.9888
15.9888
16.5764
16.5764
16.5764
16.5764
16.5764
16.5764
16.5764
16.5764
17.2465
17.2465
17.2465
17.2465
17.2465
17.2465
17.2465
17.2465
18.008
18.008
18.008
18.008
18.008
18.008
18.008
18.008
19.8132
19.8132
19.8132
19.8132
19.8132
19.8132
19.8132
19.8132
18.1153
18.1153
18.1153
18.1153
18.1153
18.1153
18.1153
18.1153
16.8075
16.8075
16.8075
16.8075
16.8075
16.8075
16.8075
16.8075
15.835
15.835
15.835
15.835
15.835
15.835
15.835
15.835
15.1489
15.1489
15.1489
15.1489
15.1489
15.1489
15.1489
15.1489
14.7071
14.7071
14.7071
14.7071
14.7071
14.7071
14.7071
14.7071
14.473
14.473
14.473
14.473
14.473
14.473
14.473
14.473
14.4157
14.4157
14.4157
14.4157
14.4157
14.4157
14.4157
14.4157
14.5086
14.5086
14.5086
14.5086
14.5086
14.5086
14.5086
14.5086
14.729
14.729
14.729
14.729
14.729
14.729
14.729
14.729
15.058
15.058
15.058
15.058
15.058
15.058
15.058
15.058
15.4812
15.4812
15.4812
15.4812
15.4812
15.4812
15.4812
15.4812
15.9888
15.9888
15.9888
15.9888
15.9888
15.9888
15.9888
15.9888
16.5764
16.5764
16.5764
16.5764
16.5764
16.5764
16.5764
16.5764
17.2465
17.2465
17.2465
17.2465
17.2465
17.2465
17.2465
17.2465
18.008
18.008
18.008
18.008
18.008
18.008
18.008
18.008
19.8132
19.8132
19.8132
19.8132
19.8132
19.8132
19.8132
19.8132
18.1153
18.1153
18.1153
18.1153
18.1153
18.1153
18.1153
18.1153
16.8075
16.8075
16.8075
16.8075
16.8075
16.8075
16.8075
16.8075
15.835
15.835
15.835
15.835
15.835
15.835
15.835
15.835
15.1489
15.1489
15.1489
15.1489
15.1489
15.1489
15.1489
15.1489
14.7071
14.7071
14.7071
14.7071
14.7071
14.7071
14.7071
14.7071
14.473
14.473
14.473
14.473
14.473
14.473
14.473
14.473
14.4157
14.4157
14.4157
14.4157
14.4157
14.4157
14.4157
14.4157
14.5086
14.5086
14.5086
14.5086
14.5086
14.5086
14.5086
14.5086
14.729
14.729
14.729
14.729
14.729
14.729
14.729
14.729
15.058
15.058
15.058
15.058
15.058
15.058
15.058
15.058
15.4812
15.4812
15.4812
15.4812
15.4812
15.4812
15.4812
15.4812
15.9888
15.9888
15.9888
15.9888
15.9888
15.9888
15.9888
15.9888
16.5764
16.5764
16.5764
16.5764
16.5764
16.5764
16.5764
16.5764
17.2465
17.2465
17.2465
17.2465
17.2465
17.2465
17.2465
17.2465
18.008
18.008
18.008
18.008
18.008
18.008
18.008
18.008
19.7172
19.7172
19.7172
19.7172
19.7172
19.7172
19.7172
19.7172
18.121
18.121
18.121
18.121
18.121
18.121
18.121
18.121
16.8969
16.8969
16.8969
16.8969
16.8969
16.8969
16.8969
16.8969
15.9936
15.9936
15.9936
15.9936
15.9936
15.9936
15.9936
15.9936
15.365
15.365
15.365
15.365
15.365
15.365
15.365
15.365
14.9703
14.9703
14.9703
14.9703
14.9703
14.9703
14.9703
14.9703
14.7739
14.7739
14.7739
14.7739
14.7739
14.7739
14.7739
14.7739
14.7444
14.7444
14.7444
14.7444
14.7444
14.7444
14.7444
14.7444
14.8543
14.8543
14.8543
14.8543
14.8543
14.8543
14.8543
14.8543
15.0796
15.0796
15.0796
15.0796
15.0796
15.0796
15.0796
15.0796
15.4001
15.4001
15.4001
15.4001
15.4001
15.4001
15.4001
15.4001
15.7998
15.7998
15.7998
15.7998
15.7998
15.7998
15.7998
15.7998
16.2681
16.2681
16.2681
16.2681
16.2681
16.2681
16.2681
16.2681
16.8008
16.8008
16.8008
16.8008
16.8008
16.8008
16.8008
16.8008
17.4006
17.4006
17.4006
17.4006
17.4006
17.4006
17.4006
17.4006
18.078
18.078
18.078
18.078
18.078
18.078
18.078
18.078
19.7172
19.7172
19.7172
19.7172
19.7172
19.7172
19.7172
19.7172
18.121
18.121
18.121
18.121
18.121
18.121
18.121
18.121
16.8969
16.8969
16.8969
16.8969
16.8969
16.8969
16.8969
16.8969
15.9936
15.9936
15.9936
15.9936
15.9936
15.9936
15.9936
15.9936
15.365
15.365
15.365
15.365
15.365
15.365
15.365
15.365
14.9703
14.9703
14.9703
14.9703
14.9703
14.9703
14.9703
14.9703
14.7739
14.7739
14.7739
14.7739
14.7739
14.7739
14.7739
14.7739
14.7444
14.7444
14.7444
14.7444
14.7444
14.7444
14.7444
14.7444
14.8543
14.8543
14.8543
14.8543
14.8543
14.8543
14.8543
14.8543
15.0796
15.0796
15.0796
15.0796
15.0796
15.0796
15.0796
15.0796
15.4001
15.4001
15.4001
15.4001
15.4001
15.4001
15.4001
15.4001
15.7998
15.7998
15.7998
15.7998
15.7998
15.7998
15.7998
15.7998
16.2681
16.2681
16.2681
16.2681
16.2681
16.2681
16.2681
16.2681
16.8008
16.8008
16.8008
16.8008
16.8008
16.8008
16.8008
16.8008
17.4006
17.4006
17.4006
17.4006
17.4006
17.4006
17.4006
17.4006
18.078
18.078
18.078
18.078
18.078
18.078
18.078
18.078
19.7172
19.7172
19.7172
19.7172
19.7172
19.7172
19.7172
19.7172
18.121
18.121
18.121
18.121
18.121
18.121
18.121
18.121
16.8969
16.8969
16.8969
16.8969
16.8969
16.8969
16.8969
16.8969
15.9936
15.9936
15.9936
15.9936
15.9936
15.9936
15.9936
15.9936
15.365
15.365
15.365
15.365
15.365
15.365
15.365
15.365
14.9703
14.9703
14.9703
14.9703
14.9703
14.9703
14.9703
14.9703
14.7739
14.7739
14.7739
14.7739
14.7739
14.7739
14.7739
14.7739
14.7444
14.7444
14.7444
14.7444
14.7444
14.7444
14.7444
14.7444
14.8543
14.8543
14.8543
14.8543
14.8543
14.8543
14.8543
14.8543
15.0796
15.0796
15.0796
15.0796
15.0796
15.0796
15.0796
15.0796
15.4001
15.4001
15.4001
15.4001
15.4001
15.4001
15.4001
15.4001
15.7998
15.7998
15.7998
15.7998
15.7998
15.7998
15.7998
15.7998
16.2681
16.2681
16.2681
16.2681
16.2681
16.2681
16.2681
16.2681
16.8008
16.8008
16.8008
16.8008
16.8008
16.8008
16.8008
16.8008
17.4006
17.4006
17.4006
17.4006
17.4006
17.4006
17.4006
17.4006
18.078
18.078
18.078
18.078
18.078
18.078
18.078
18.078
19.7172
19.7172
19.7172
19.7172
19.7172
19.7172
19.7172
19.7172
18.121
18.121
18.121
18.121
18.121
18.121
18.121
18.121
16.8969
16.8969
16.8969
16.8969
16.8969
16.8969
16.8969
16.8969
15.9936
15.9936
15.9936
15.9936
15.9936
15.9936
15.9936
15.9936
15.365
15.365
15.365
15.365
15.365
15.365
15.365
15.365
14.9703
14.9703
14.9703
14.9703
14.9703
14.9703
14.9703
14.9703
14.7739
14.7739
14.7739
14.7739
14.7739
14.7739
14.7739
14.7739
14.7444
14.7444
14.7444
14.7444
14.7444
14.7444
14.7444
14.7444
14.8543
14.8543
14.8543
14.8543
14.8543
14.8543
14.8543
14.8543
15.0796
15.0796
15.0796
15.0796
15.0796
15.0796
15.0796
15.0796
15.4001
15.4001
15.4001
15.4001
15.4001
15.4001
15.4001
15.4001
15.7998
15.7998
15.7998
15.7998
15.7998
15.7998
15.7998
15.7998
16.2681
16.2681
16.2681
16.2681
16.2681
16.2681
16.2681
16.2681
16.8008
16.8008
16.8008
16.8008
16.8008
16.8008
16.8008
16.8008
17.4006
17.4006
17.4006
17.4006
17.4006
17.4006
17.4006
17.4006
18.078
18.078
18.078
18.078
18.078
18.078
18.078
18.078
19.772
19.772
19.772
19.772
19.772
19.772
19.772
19.772
18.2868
18.2868
18.2868
18.2868
18.2868
18.2868
18.2868
18.2868
17.1546
17.1546
17.1546
17.1546
17.1546
17.1546
17.1546
17.1546
16.3284
16.3284
16.3284
16.3284
16.3284
16.3284
16.3284
16.3284
15.7655
15.7655
15.7655
15.7655
15.7655
15.7655
15.7655
15.7655
15.4268
15.4268
15.4268
15.4268
15.4268
15.4268
15.4268
15.4268
15.2773
15.2773
15.2773
15.2773
15.2773
15.2773
15.2773
15.2773
15.2853
15.2853
15.2853
15.2853
15.2853
15.2853
15.2853
15.2853
15.4222
15.4222
15.4222
15.4222
15.4222
15.4222
15.4222
15.4222
15.6623
15.6623
15.6623
15.6623
15.6623
15.6623
15.6623
15.6623
15.9837
15.9837
15.9837
15.9837
15.9837
15.9837
15.9837
15.9837
16.3686
16.3686
16.3686
16.3686
16.3686
16.3686
16.3686
16.3686
16.8054
16.8054
16.8054
16.8054
16.8054
16.8054
16.8054
16.8054
17.2896
17.2896
17.2896
17.2896
17.2896
17.2896
17.2896
17.2896
17.8246
17.8246
17.8246
17.8246
17.8246
17.8246
17.8246
17.8246
18.4224
18.4224
18.4224
18.4224
18.4224
18.4224
18.4224
18.4224
19.772
19.772
19.772
19.772
19.772
19.772
19.772
19.772
18.2868
18.2868
18.2868
18.2868
18.2868
18.2868
18.2868
18.2868
17.1546
17.1546
17.1546
17.1546
17.1546
17.1546
17.1546
17.1546
16.3284
16.3284
16.3284
16.3284
16.3284
16.3284
16.3284
16.3284
15.7655
15.7655
15.7655
15.7655
15.7655
15.7655
15.7655
15.7655
15.4268
15.4268
15.4268
15.4268
15.4268
15.4268
15.4268
15.4268
15.2773
15.2773
15.2773
15.2773
15.2773
15.2773
15.2773
15.2773
15.2853
15.2853
15.2853
15.2853
15.2853
15.2853
15.2853
15.2853
15.4222
15.4222
15.4222
15.4222
15.4222
15.4222
15.4222
15.4222
15.6623
15.6623
15.6623
15.6623
15.6623
15.6623
15.6623
15.6623
15.9837
15.9837
15.9837
15.9837
15.9837
15.9837
15.9837
15.9837
16.3686
16.3686
16.3686
16.3686
16.3686
16.3686
16.3686
16.3686
16.8054
16.8054
16.8054
16.8054
16.8054
16.8054
16.8054
16.8054
17.2896
17.2896
17.2896
17.2896
17.2896
17.2896
17.2896
17.2896
17.8246
17.8246
17.8246
17.8246
17.8246
17.8246
17.8246
17.8246
18.4224
18.4224
18.4224
18.4224
18.4224
18.4224
18.4224
18.4224
19.772
19.772
19.772
19.772
19.772
19.772
19.772
19.772
18.2868
18.2868
18.2868
18.2868
18.2868
18.2868
18.2868
18.2868
17.1546
17.1546
17.1546
17.1546
17.1546
17.1546
17.1546
17.1546
16.3284
16.3284
16.3284
16.3284
16.3284
16.3284
16.3284
16.3284
15.7655
15.7655
15.7655
15.7655
15.7655
15.7655
15.7655
15.7655
15.4268
15.4268
15.4268
15.4268
15.4268
15.4268
15.4268
15.4268
15.2773
15.2773
15.2773
15.2773
15.2773
15.2773
15.2773
15.2773
15.2853
15.2853
15.2853
15.2853
15.2853
15.2853
15.2853
15.2853
15.4222
15.4222
15.4222
15.4222
15.4222
15.4222
15.4222
15.4222
15.6623
15.6623
15.6623
15.6623
15.6623
15.6623
15.6623
15.6623
15.9837
15.9837
15.9837
15.9837
15.9837
15.9837
15.9837
15.9837
16.3686
16.3686
16.3686
16.3686
16.3686
16.3686
16.3686
16.3686
16.8054
16.8054
16.8054
16.8054
16.8054
16.8054
16.8054
16.8054
17.2896
17.2896
17.2896
17.2896
17.2896
17.2896
17.2896
17.2896
17.8246
17.8246
17.8246
17.8246
17.8246
17.8246
17.8246
17.8246
18.4224
18.4224
18.4224
18.4224
18.4224
18.4224
18.4224
18.4224
19.772
19.772
19.772
19.772
19.772
19.772
19.772
19.772
18.2868
18.2868
18.2868
18.2868
18.2868
18.2868
18.2868
18.2868
17.1546
17.1546
17.1546
17.1546
17.1546
17.1546
17.1546
17.1546
16.3284
16.3284
16.3284
16.3284
16.3284
16.3284
16.3284
16.3284
15.7655
15.7655
15.7655
15.7655
15.7655
15.7655
15.7655
15.7655
15.4268
15.4268
15.4268
15.4268
15.4268
15.4268
15.4268
15.4268
15.2773
15.2773
15.2773
15.2773
15.2773
15.2773
15.2773
15.2773
15.2853
15.2853
15.2853
15.2853
15.2853
15.2853
15.2853
15.2853
15.4222
15.4222
15.4222
15.4222
15.4222
15.4222
15.4222
15.4222
15.6623
15.6623
15.6623
15.6623
15.6623
15.6623
15.6623
15.6623
15.9837
15.9837
15.9837
15.9837
15.9837
15.9837
15.9837
15.9837
16.3686
16.3686
16.3686
16.3686
16.3686
16.3686
16.3686
16.3686
16.8054
16.8054
16.8054
16.8054
16.8054
16.8054
16.8054
16.8054
17.2896
17.2896
17.2896
17.2896
17.2896
17.2896
17.2896
17.2896
17.8246
17.8246
17.8246
17.8246
17.8246
17.8246
17.8246
17.8246
18.4224
18.4224
18.4224
18.4224
18.4224
18.4224
18.4224
18.4224
20.0293
20.0293
20.0293
20.0293
20.0293
20.0293
20.0293
20.0293
18.6615
18.6615
18.6615
18.6615
18.6615
18.6615
18.6615
18.6615
17.6279
17.6279
17.6279
17.6279
17.6279
17.6279
17.6279
17.6279
16.8868
16.8868
16.8868
16.8868
16.8868
16.8868
16.8868
16.8868
16.3987
16.3987
16.3987
16.3987
16.3987
16.3987
16.3987
16.3987
16.1266
16.1266
16.1266
16.1266
16.1266
16.1266
16.1266
16.1266
16.036
16.036
16.036
16.036
16.036
16.036
16.036
16.036
16.0946
16.0946
16.0946
16.0946
16.0946
16.0946
16.0946
16.0946
16.2721
16.2721
16.2721
16.2721
16.2721
16.2721
16.2721
16.2721
16.5407
16.5407
16.5407
16.5407
16.5407
16.5407
16.5407
16.5407
16.876
16.876
16.876
16.876
16.876
16.876
16.876
16.876
17.2582
17.2582
17.2582
17.2582
17.2582
17.2582
17.2582
17.2582
17.6742
17.6742
17.6742
17.6742
17.6742
17.6742
17.6742
17.6742
18.1189
18.1189
18.1189
18.1189
18.1189
18.1189
18.1189
18.1189
18.5965
18.5965
18.5965
18.5965
18.5965
18.5965
18.5965
18.5965
19.1204
19.1204
19.1204
19.1204
19.1204
19.1204
19.1204
19.1204
20.0293
20.0293
20.0293
20.0293
20.0293
20.0293
20.0293
20.0293
18.6615
18.6615
18.6615
18.6615
18.6615
18.6615
18.6615
18.6615
17.6279
17.6279
17.6279
17.6279
17.6279
17.6279
17.6279
17.6279
16.8868
16.8868
16.8868
16.8868
16.8868
16.8868
16.8868
16.8868
16.3987
16.3987
16.3987
16.3987
16.3987
16.3987
16.3987
16.3987
16.1266
16.1266
16.1266
16.1266
16.1266
16.1266
16.1266
16.1266
16.036
16.036
16.036
16.036
16.036
16.036
16.036
16.036
16.0946
16.0946
16.0946
16.0946
16.0946
16.0946
16.0946
16.0946
16.2721
16.2721
16.2721
16.2721
16.2721
16.2721
16.2721
16.2721
16.5407
16.5407
16.5407
16.5407
16.5407
16.5407
16.5407
16.5407
16.876
16.876
16.876
16.876
16.876
16.876
16.876
16.876
17.2582
17.2582
17.2582
17.2582
17.2582
17.2582
17.2582
17.2582
17.6742
17.6742
17.6742
17.6742
17.6742
17.6742
17.6742
17.6742
18.1189
18.1189
18.1189
18.1189
18.1189
18.1189
18.1189
18.1189
18.5965
18.5965
18.5965
18.5965
18.5965
18.5965
18.5965
18.5965
19.1204
19.1204
19.1204
19.1204
19.1204
19.1204
19.1204
19.1204
20.0293
20.0293
20.0293
20.0293
20.0293
20.0293
20.0293
20.0293
18.6615
18.6615
18.6615
18.6615
18.6615
18.6615
18.6615
18.6615
17.6279
17.6279
17.6279
17.6279
17.6279
17.6279
17.6279
17.6279
16.8868
16.8868
16.8868
16.8868
16.8868
16.8868
16.8868
16.8868
16.3987
16.3987
16.3987
16.3987
16.3987
16.3987
16.3987
16.3987
16.1266
16.1266
16.1266
16.1266
16.1266
16.1266
16.1266
16.1266
16.036
16.036
16.036
16.036
16.036
16.036
16.036
16.036
16.0946
16.0946
16.0946
16.0946
16.0946
16.0946
16.0946
16.0946
16.2721
16.2721
16.2721
16.2721
16.2721
16.2721
16.2721
16.2721
16.5407
16.5407
16.5407
16.5407
16.5407
16.5407
16.5407
16.5407
16.876
16.876
16.876
16.876
16.876
16.876
16.876
16.876
17.2582
17.2582
17.2582
17.2582
17.2582
17.2582
17.2582
17.2582
17.6742
17.6742
17.6742
17.6742
17.6742
17.6742
17.6742
17.6742
18.1189
18.1189
18.1189
18.1189
18.1189
18.1189
18.1189
18.1189
18.5965
18.5965
18.5965
18.5965
18.5965
18.5965
18.5965
18.5965
19.1204
19.1204
19.1204
19.1204
19.1204
19.1204
19.1204
19.1204
20.0293
20.0293
20.0293
20.0293
20.0293
20.0293
20.0293
20.0293
18.6615
18.6615
18.6615
18.6615
18.6615
18.6615
18.6615
18.6615
17.6279
17.6279
17.6279
17.6279
17.6279
17.6279
17.6279
17.6279
16.8868
16.8868
16.8868
16.8868
16.8868
16.8868
16.8868
16.8868
16.3987
16.3987
16.3987
16.3987
16.3987
16.3987
16.3987
16.3987
16.1266
16.1266
16.1266
16.1266
16.1266
16.1266
16.1266
16.1266
16.036
16.036
16.036
16.036
16.036
16.036
16.036
16.036
16.0946
16.0946
16.0946
16.0946
16.0946
16.0946
16.0946
16.0946
16.2721
16.2721
16.2721
16.2721
16.2721
16.2721
16.2721
16.2721
16.5407
16.5407
16.5407
16.5407
16.5407
16.5407
16.5407
16.5407
16.876
16.876
16.876
16.876
16.876
16.876
16.876
16.876
17.2582
17.2582
17.2582
17.2582
17.2582
17.2582
17.2582
17.2582
17.6742
17.6742
17.6742
17.6742
17.6742
17.6742
17.6742
17.6742
18.1189
18.1189
18.1189
18.1189
18.1189
18.1189
18.1189
18.1189
18.5965
18.5965
18.5965
18.5965
18.5965
18.5965
18.5965
18.5965
19.1204
19.1204
19.1204
19.1204
19.1204
19.1204
19.1204
19.1204
20.5461
20.5461
20.5461
20.5461
20.5461
20.5461
20.5461
20.5461
19.3008
19.3008
19.3008
19.3008
19.3008
19.3008
19.3008
19.3008
18.3727
18.3727
18.3727
18.3727
18.3727
18.3727
18.3727
18.3727
17.7259
17.7259
17.7259
17.7259
17.7259
17.7259
17.7259
17.7259
17.3242
17.3242
17.3242
17.3242
17.3242
17.3242
17.3242
17.3242
17.1327
17.1327
17.1327
17.1327
17.1327
17.1327
17.1327
17.1327
17.1171
17.1171
17.1171
17.1171
17.1171
17.1171
17.1171
17.1171
17.244
17.244
17.244
17.244
17.244
17.244
17.244
17.244
17.4808
17.4808
17.4808
17.4808
17.4808
17.4808
17.4808
17.4808
17.7968
17.7968
17.7968
17.7968
17.7968
17.7968
17.7968
17.7968
18.1642
18.1642
18.1642
18.1642
18.1642
18.1642
18.1642
18.1642
18.5602
18.5602
18.5602
18.5602
18.5602
18.5602
18.5602
18.5602
18.9697
18.9697
18.9697
18.9697
18.9697
18.9697
18.9697
18.9697
19.3868
19.3868
19.3868
19.3868
19.3868
19.3868
19.3868
19.3868
19.8158
19.8158
19.8158
19.8158
19.8158
19.8158
19.8158
19.8158
20.2723
20.2723
20.2723
20.2723
20.2723
20.2723
20.2723
20.2723
20.5461
20.5461
20.5461
20.5461
20.5461
20.5461
20.5461
20.5461
19.3008
19.3008
19.3008
19.3008
19.3008
19.3008
19.3008
19.3008
18.3727
18.3727
18.3727
18.3727
18.3727
18.3727
18.3727
18.3727
17.7259
17.7259
17.7259
17.7259
17.7259
17.7259
17.7259
17.7259
17.3242
17.3242
17.3242
17.3242
17.3242
17.3242
17.3242
17.3242
17.1327
17.1327
17.1327
17.1327
17.1327
17.1327
17.1327
17.1327
17.1171
17.1171
17.1171
17.1171
17.1171
17.1171
17.1171
17.1171
17.244
17.244
17.244
17.244
17.244
17.244
17.244
17.244
17.4808
17.4808
17.4808
17.4808
17.4808
17.4808
17.4808
17.4808
17.7968
17.7968
17.7968
17.7968
17.7968
17.7968
17.7968
17.7968
18.1642
18.1642
18.1642
18.1642
18.1642
18.1642
18.1642
18.1642
18.5602
18.5602
18.5602
18.5602
18.5602
18.5602
18.5602
18.5602
18.9697
18.9697
18.9697
18.9697
18.9697
18.9697
18.9697
18.9697
19.3868
19.3868
19.3868
19.3868
19.3868
19.3868
19.3868
19.3868
19.8158
19.8158
19.8158
19.8158
19.8158
19.8158
19.8158
19.8158
20.2723
20.2723
20.2723
20.2723
20.2723
20.2723
20.2723
20.2723
20.5461
20.5461
20.5461
20.5461
20.5461
20.5461
20.5461
20.5461
19.3008
19.3008
19.3008
19.3008
19.3008
19.3008
19.3008
19.3008
18.3727
18.3727
18.3727
18.3727
18.3727
18.3727
18.3727
18.3727
17.7259
17.7259
17.7259
17.7259
17.7259
17.7259
17.7259
17.7259
17.3242
17.3242
17.3242
17.3242
17.3242
17.3242
17.3242
17.3242
17.1327
17.1327
17.1327
17.1327
17.1327
17.1327
17.1327
17.1327
17.1171
17.1171
17.1171
17.1171
17.1171
17.1171
17.1171
17.1171
17.244
17.244
17.244
17.244
17.244
17.244
17.244
17.244
17.4808
17.4808
17.4808
17.4808
17.4808
17.4808
17.4808
17.4808
17.7968
17.7968
17.7968
17.7968
17.7968
17.7968
17.7968
17.7968
18.1642
18.1642
18.1642
18.1642
18.1642
18.1642
18.1642
18.1642
18.5602
18.5602
18.5602
18.5602
18.5602
18.5602
18.5602
18.5602
18.9697
18.9697
18.9697
18.9697
18.9697
18.9697
18.9697
18.9697
19.3868
19.3868
19.3868
19.3868
19.3868
19.3868
19.3868
19.3868
19.8158
19.8158
19.8158
19.8158
19.8158
19.8158
19.8158
19.8158
20.2723
20.2723
20.2723
20.2723
20.2723
20.2723
20.2723
20.2723
20.5461
20.5461
20.5461
20.5461
20.5461
20.5461
20.5461
20.5461
19.3008
19.3008
19.3008
19.3008
19.3008
19.3008
19.3008
19.3008
18.3727
18.3727
18.3727
18.3727
18.3727
18.3727
18.3727
18.3727
17.7259
17.7259
17.7259
17.7259
17.7259
17.7259
17.7259
17.7259
17.3242
17.3242
17.3242
17.3242
17.3242
17.3242
17.3242
17.3242
17.1327
17.1327
17.1327
17.1327
17.1327
17.1327
17.1327
17.1327
17.1171
17.1171
17.1171
17.1171
17.1171
17.1171
17.1171
17.1171
17.244
17.244
17.244
17.244
17.244
17.244
17.244
17.244
17.4808
17.4808
17.4808
17.4808
17.4808
17.4808
17.4808
17.4808
17.7968
17.7968
17.7968
17.7968
17.7968
17.7968
17.7968
17.7968
18.1642
18.1642
18.1642
18.1642
18.1642
18.1642
18.1642
18.1642
18.5602
18.5602
18.5602
18.5602
18.5602
18.5602
18.5602
18.5602
18.9697
18.9697
18.9697
18.9697
18.9697
18.9697
18.9697
18.9697
19.3868
19.3868
19.3868
19.3868
19.3868
19.3868
19.3868
19.3868
19.8158
19.8158
19.8158
19.8158
19.8158
19.8158
19.8158
19.8158
20.2723
20.2723
20.2723
20.2723
20.2723
20.2723
20.2723
20.2723
