8192
58.1062
58.1062
58.1062
58.1062
58.1062
58.1062
58.1062
58.1062
59.8224
59.8224
59.8224
59.8224
59.8224
59.8224
59.8224
59.8224
61.9116
61.9116
61.9116
61.9116
61.9116
61.9116
61.9116
61.9116
64.1608
64.1608
64.1608
64.1608
64.1608
64.1608
64.1608
64.1608
66.3142
66.3142
66.3142
66.3142
66.3142
66.3142
66.3142
66.3142
68.0889
68.0889
68.0889
68.0889
68.0889
68.0889
68.0889
68.0889
69.2035
69.2035
69.2035
69.2035
69.2035
69.2035
69.2035
69.2035
69.4187
69.4187
69.4187
69.4187
69.4187
69.4187
69.4187
69.4187
68.5775
68.5775
68.5775
68.5775
68.5775
68.5775
68.5775
68.5775
66.6366
66.6366
66.6366
66.6366
66.6366
66.6366
66.6366
66.6366
63.6773
63.6773
63.6773
63.6773
63.6773
63.6773
63.6773
63.6773
59.8914
59.8914
59.8914
59.8914
59.8914
59.8914
59.8914
59.8914
55.5442
55.5442
55.5442
55.5442
55.5442
55.5442
55.5442
55.5442
50.9302
50.9302
50.9302
50.9302
50.9302
50.9302
50.9302
50.9302
46.3276
46.3276
46.3276
46.3276
46.3276
46.3276
46.3276
46.3276
41.967
41.967
41.967
41.967
41.967
41.967
41.967
41.967
58.1062
58.1062
58.1062
58.1062
58.1062
58.1062
58.1062
58.1062
59.8224
59.8224
59.8224
59.8224
59.8224
59.8224
59.8224
59.8224
61.9116
61.9116
61.9116
61.9116
61.9116
61.9116
61.9116
61.9116
64.1608
64.1608
64.1608
64.1608
64.1608
64.1608
64.1608
64.1608
66.3142
66.3142
66.3142
66.3142
66.3142
66.3142
66.3142
66.3142
68.0889
68.0889
68.0889
68.0889
68.0889
68.0889
68.0889
68.0889
69.2035
69.2035
69.2035
69.2035
69.2035
69.2035
69.2035
69.2035
69.4187
69.4187
69.4187
69.4187
69.4187
69.4187
69.4187
69.4187
68.5775
68.5775
68.5775
68.5775
68.5775
68.5775
68.5775
68.5775
66.6366
66.6366
66.6366
66.6366
66.6366
66.6366
66.6366
66.6366
63.6773
63.6773
63.6773
63.6773
63.6773
63.6773
63.6773
63.6773
59.8914
59.8914
59.8914
59.8914
59.8914
59.8914
59.8914
59.8914
55.5442
55.5442
55.5442
55.5442
55.5442
55.5442
55.5442
55.5442
50.9302
50.9302
50.9302
50.9302
50.9302
50.9302
50.9302
50.9302
46.3276
46.3276
46.3276
46.3276
46.3276
46.3276
46.3276
46.3276
41.967
41.967
41.967
41.967
41.967
41.967
41.967
41.967
58.1062
58.1062
58.1062
58.1062
58.1062
58.1062
58.1062
58.1062
59.8224
59.8224
59.8224
59.8224
59.8224
59.8224
59.8224
59.8224
61.9116
61.9116
61.9116
61.9116
61.9116
61.9116
61.9116
61.9116
64.1608
64.1608
64.1608
64.1608
64.1608
64.1608
64.1608
64.1608
66.3142
66.3142
66.3142
66.3142
66.3142
66.3142
66.3142
66.3142
68.0889
68.0889
68.0889
68.0889
68.0889
68.0889
68.0889
68.0889
69.2035
69.2035
69.2035
69.2035
69.2035
69.2035
69.2035
69.2035
69.4187
69.4187
69.4187
69.4187
69.4187
69.4187
69.4187
69.4187
68.5775
68.5775
68.5775
68.5775
68.5775
68.5775
68.5775
68.5775
66.6366
66.6366
66.6366
66.6366
66.6366
66.6366
66.6366
66.6366
63.6773
63.6773
63.6773
63.6773
63.6773
63.6773
63.6773
63.6773
59.8914
59.8914
59.8914
59.8914
59.8914
59.8914
59.8914
59.8914
55.5442
55.5442
55.5442
55.5442
55.5442
55.5442
55.5442
55.5442
50.9302
50.9302
50.9302
50.9302
50.9302
50.9302
50.9302
50.9302
46.3276
46.3276
46.3276
46.3276
46.3276
46.3276
46.3276
46.3276
41.967
41.967
41.967
41.967
41.967
41.967
41.967
41.967
58.1062
58.1062
58.1062
58.1062
58.1062
58.1062
58.1062
58.1062
59.8224
59.8224
59.8224
59.8224
59.8224
59.8224
59.8224
59.8224
61.9116
61.9116
61.9116
61.9116
61.9116
61.9116
61.9116
61.9116
64.1608
64.1608
64.1608
64.1608
64.1608
64.1608
64.1608
64.1608
66.3142
66.3142
66.3142
66.3142
66.3142
66.3142
66.3142
66.3142
68.0889
68.0889
68.0889
68.0889
68.0889
68.0889
68.0889
68.0889
69.2035
69.2035
69.2035
69.2035
69.2035
69.2035
69.2035
69.2035
69.4187
69.4187
69.4187
69.4187
69.4187
69.4187
69.4187
69.4187
68.5775
68.5775
68.5775
68.5775
68.5775
68.5775
68.5775
68.5775
66.6366
66.6366
66.6366
66.6366
66.6366
66.6366
66.6366
66.6366
63.6773
63.6773
63.6773
63.6773
63.6773
63.6773
63.6773
63.6773
59.8914
59.8914
59.8914
59.8914
59.8914
59.8914
59.8914
59.8914
55.5442
55.5442
55.5442
55.5442
55.5442
55.5442
55.5442
55.5442
50.9302
50.9302
50.9302
50.9302
50.9302
50.9302
50.9302
50.9302
46.3276
46.3276
46.3276
46.3276
46.3276
46.3276
46.3276
46.3276
41.967
41.967
41.967
41.967
41.967
41.967
41.967
41.967
56.6005
56.6005
56.6005
56.6005
56.6005
56.6005
56.6005
56.6005
57.7918
57.7918
57.7918
57.7918
57.7918
57.7918
57.7918
57.7918
59.3267
59.3267
59.3267
59.3267
59.3267
59.3267
59.3267
59.3267
61.019
61.019
61.019
61.019
61.019
61.019
61.019
61.019
62.6496
62.6496
62.6496
62.6496
62.6496
62.6496
62.6496
62.6496
63.9795
63.9795
63.9795
63.9795
63.9795
63.9795
63.9795
63.9795
64.7737
64.7737
64.7737
64.7737
64.7737
64.7737
64.7737
64.7737
64.8306
64.8306
64.8306
64.8306
64.8306
64.8306
64.8306
64.8306
64.0153
64.0153
64.0153
64.0153
64.0153
64.0153
64.0153
64.0153
62.2835
62.2835
62.2835
62.2835
62.2835
62.2835
62.2835
62.2835
59.6908
59.6908
59.6908
59.6908
59.6908
59.6908
59.6908
59.6908
56.3843
56.3843
56.3843
56.3843
56.3843
56.3843
56.3843
56.3843
52.5755
52.5755
52.5755
52.5755
52.5755
52.5755
52.5755
52.5755
48.5048
48.5048
48.5048
48.5048
48.5048
48.5048
48.5048
48.5048
44.4065
44.4065
44.4065
44.4065
44.4065
44.4065
44.4065
44.4065
40.4809
40.4809
40.4809
40.4809
40.4809
40.4809
40.4809
40.4809
56.6005
56.6005
56.6005
56.6005
56.6005
56.6005
56.6005
56.6005
57.7918
57.7918
57.7918
57.7918
57.7918
57.7918
57.7918
57.7918
59.3267
59.3267
59.3267
59.3267
59.3267
59.3267
59.3267
59.3267
61.019
61.019
61.019
61.019
61.019
61.019
61.019
61.019
62.6496
62.6496
62.6496
62.6496
62.6496
62.6496
62.6496
62.6496
63.9795
63.9795
63.9795
63.9795
63.9795
63.9795
63.9795
63.9795
64.7737
64.7737
64.7737
64.7737
64.7737
64.7737
64.7737
64.7737
64.8306
64.8306
64.8306
64.8306
64.8306
64.8306
64.8306
64.8306
64.0153
64.0153
64.0153
64.0153
64.0153
64.0153
64.0153
64.0153
62.2835
62.2835
62.2835
62.2835
62.2835
62.2835
62.2835
62.2835
59.6908
59.6908
59.6908
59.6908
59.6908
59.6908
59.6908
59.6908
56.3843
56.3843
56.3843
56.3843
56.3843
56.3843
56.3843
56.3843
52.5755
52.5755
52.5755
52.5755
52.5755
52.5755
52.5755
52.5755
48.5048
48.5048
48.5048
48.5048
48.5048
48.5048
48.5048
48.5048
44.4065
44.4065
44.4065
44.4065
44.4065
44.4065
44.4065
44.4065
40.4809
40.4809
40.4809
40.4809
40.4809
40.4809
40.4809
40.4809
56.6005
56.6005
56.6005
56.6005
56.6005
56.6005
56.6005
56.6005
57.7918
57.7918
57.7918
57.7918
57.7918
57.7918
57.7918
57.7918
59.3267
59.3267
59.3267
59.3267
59.3267
59.3267
59.3267
59.3267
61.019
61.019
61.019
61.019
61.019
61.019
61.019
61.019
62.6496
62.6496
62.6496
62.6496
62.6496
62.6496
62.6496
62.6496
63.9795
63.9795
63.9795
63.9795
63.9795
63.9795
63.9795
63.9795
64.7737
64.7737
64.7737
64.7737
64.7737
64.7737
64.7737
64.7737
64.8306
64.8306
64.8306
64.8306
64.8306
64.8306
64.8306
64.8306
64.0153
64.0153
64.0153
64.0153
64.0153
64.0153
64.0153
64.0153
62.2835
62.2835
62.2835
62.2835
62.2835
62.2835
62.2835
62.2835
59.6908
59.6908
59.6908
59.6908
59.6908
59.6908
59.6908
59.6908
56.3843
56.3843
56.3843
56.3843
56.3843
56.3843
56.3843
56.3843
52.5755
52.5755
52.5755
52.5755
52.5755
52.5755
52.5755
52.5755
48.5048
48.5048
48.5048
48.5048
48.5048
48.5048
48.5048
48.5048
44.4065
44.4065
44.4065
44.4065
44.4065
44.4065
44.4065
44.4065
40.4809
40.4809
40.4809
40.4809
40.4809
40.4809
40.4809
40.4809
56.6005
56.6005
56.6005
56.6005
56.6005
56.6005
56.6005
56.6005
57.7918
57.7918
57.7918
57.7918
57.7918
57.7918
57.7918
57.7918
59.3267
59.3267
59.3267
59.3267
59.3267
59.3267
59.3267
59.3267
61.019
61.019
61.019
61.019
61.019
61.019
61.019
61.019
62.6496
62.6496
62.6496
62.6496
62.6496
62.6496
62.6496
62.6496
63.9795
63.9795
63.9795
63.9795
63.9795
63.9795
63.9795
63.9795
64.7737
64.7737
64.7737
64.7737
64.7737
64.7737
64.7737
64.7737
64.8306
64.8306
64.8306
64.8306
64.8306
64.8306
64.8306
64.8306
64.0153
64.0153
64.0153
64.0153
64.0153
64.0153
64.0153
64.0153
62.2835
62.2835
62.2835
62.2835
62.2835
62.2835
62.2835
62.2835
59.6908
59.6908
59.6908
59.6908
59.6908
59.6908
59.6908
59.6908
56.3843
56.3843
56.3843
56.3843
56.3843
56.3843
56.3843
56.3843
52.5755
52.5755
52.5755
52.5755
52.5755
52.5755
52.5755
52.5755
48.5048
48.5048
48.5048
48.5048
48.5048
48.5048
48.5048
48.5048
44.4065
44.4065
44.4065
44.4065
44.4065
44.4065
44.4065
44.4065
40.4809
40.4809
40.4809
40.4809
40.4809
40.4809
40.4809
40.4809
54.4561
54.4561
54.4561
54.4561
54.4561
54.4561
54.4561
54.4561
55.137
55.137
55.137
55.137
55.137
55.137
55.137
55.137
56.1271
56.1271
56.1271
56.1271
56.1271
56.1271
56.1271
56.1271
57.2661
57.2661
57.2661
57.2661
57.2661
57.2661
57.2661
57.2661
58.3702
58.3702
58.3702
58.3702
58.3702
58.3702
58.3702
58.3702
59.2428
59.2428
59.2428
59.2428
59.2428
59.2428
59.2428
59.2428
59.6929
59.6929
59.6929
59.6929
59.6929
59.6929
59.6929
59.6929
59.5572
59.5572
59.5572
59.5572
59.5572
59.5572
59.5572
59.5572
58.7249
58.7249
58.7249
58.7249
58.7249
58.7249
58.7249
58.7249
57.1554
57.1554
57.1554
57.1554
57.1554
57.1554
57.1554
57.1554
54.8868
54.8868
54.8868
54.8868
54.8868
54.8868
54.8868
54.8868
52.0284
52.0284
52.0284
52.0284
52.0284
52.0284
52.0284
52.0284
48.7431
48.7431
48.7431
48.7431
48.7431
48.7431
48.7431
48.7431
45.2209
45.2209
45.2209
45.2209
45.2209
45.2209
45.2209
45.2209
41.6512
41.6512
41.6512
41.6512
41.6512
41.6512
41.6512
41.6512
38.2006
38.2006
38.2006
38.2006
38.2006
38.2006
38.2006
38.2006
54.4561
54.4561
54.4561
54.4561
54.4561
54.4561
54.4561
54.4561
55.137
55.137
55.137
55.137
55.137
55.137
55.137
55.137
56.1271
56.1271
56.1271
56.1271
56.1271
56.1271
56.1271
56.1271
57.2661
57.2661
57.2661
57.2661
57.2661
57.2661
57.2661
57.2661
58.3702
58.3702
58.3702
58.3702
58.3702
58.3702
58.3702
58.3702
59.2428
59.2428
59.2428
59.2428
59.2428
59.2428
59.2428
59.2428
59.6929
59.6929
59.6929
59.6929
59.6929
59.6929
59.6929
59.6929
59.5572
59.5572
59.5572
59.5572
59.5572
59.5572
59.5572
59.5572
58.7249
58.7249
58.7249
58.7249
58.7249
58.7249
58.7249
58.7249
57.1554
57.1554
57.1554
57.1554
57.1554
57.1554
57.1554
57.1554
54.8868
54.8868
54.8868
54.8868
54.8868
54.8868
54.8868
54.8868
52.0284
52.0284
52.0284
52.0284
52.0284
52.0284
52.0284
52.0284
48.7431
48.7431
48.7431
48.7431
48.7431
48.7431
48.7431
48.7431
45.2209
45.2209
45.2209
45.2209
45.2209
45.2209
45.2209
45.2209
41.6512
41.6512
41.6512
41.6512
41.6512
41.6512
41.6512
41.6512
38.2006
38.2006
38.2006
38.2006
38.2006
38.2006
38.2006
38.2006
54.4561
54.4561
54.4561
54.4561
54.4561
54.4561
54.4561
54.4561
55.137
55.137
55.137
55.137
55.137
55.137
55.137
55.137
56.1271
56.1271
56.1271
56.1271
56.1271
56.1271
56.1271
56.1271
57.2661
57.2661
57.2661
57.2661
57.2661
57.2661
57.2661
57.2661
58.3702
58.3702
58.3702
58.3702
58.3702
58.3702
58.3702
58.3702
59.2428
59.2428
59.2428
59.2428
59.2428
59.2428
59.2428
59.2428
59.6929
59.6929
59.6929
59.6929
59.6929
59.6929
59.6929
59.6929
59.5572
59.5572
59.5572
59.5572
59.5572
59.5572
59.5572
59.5572
58.7249
58.7249
58.7249
58.7249
58.7249
58.7249
58.7249
58.7249
57.1554
57.1554
57.1554
57.1554
57.1554
57.1554
57.1554
57.1554
54.8868
54.8868
54.8868
54.8868
54.8868
54.8868
54.8868
54.8868
52.0284
52.0284
52.0284
52.0284
52.0284
52.0284
52.0284
52.0284
48.7431
48.7431
48.7431
48.7431
48.7431
48.7431
48.7431
48.7431
45.2209
45.2209
45.2209
45.2209
45.2209
45.2209
45.2209
45.2209
41.6512
41.6512
41.6512
41.6512
41.6512
41.6512
41.6512
41.6512
38.2006
38.2006
38.2006
38.2006
38.2006
38.2006
38.2006
38.2006
54.4561
54.4561
54.4561
54.4561
54.4561
54.4561
54.4561
54.4561
55.137
55.137
55.137
55.137
55.137
55.137
55.137
55.137
56.1271
56.1271
56.1271
56.1271
56.1271
56.1271
56.1271
56.1271
57.2661
57.2661
57.2661
57.2661
57.2661
57.2661
57.2661
57.2661
58.3702
58.3702
58.3702
58.3702
58.3702
58.3702
58.3702
58.3702
59.2428
59.2428
59.2428
59.2428
59.2428
59.2428
59.2428
59.2428
59.6929
59.6929
59.6929
59.6929
59.6929
59.6929
59.6929
59.6929
59.5572
59.5572
59.5572
59.5572
59.5572
59.5572
59.5572
59.5572
58.7249
58.7249
58.7249
58.7249
58.7249
58.7249
58.7249
58.7249
57.1554
57.1554
57.1554
57.1554
57.1554
57.1554
57.1554
57.1554
54.8868
54.8868
54.8868
54.8868
54.8868
54.8868
54.8868
54.8868
52.0284
52.0284
52.0284
52.0284
52.0284
52.0284
52.0284
52.0284
48.7431
48.7431
48.7431
48.7431
48.7431
48.7431
48.7431
48.7431
45.2209
45.2209
45.2209
45.2209
45.2209
45.2209
45.2209
45.2209
41.6512
41.6512
41.6512
41.6512
41.6512
41.6512
41.6512
41.6512
38.2006
38.2006
38.2006
38.2006
38.2006
38.2006
38.2006
38.2006
51.8802
51.8802
51.8802
51.8802
51.8802
51.8802
51.8802
51.8802
52.0877
52.0877
52.0877
52.0877
52.0877
52.0877
52.0877
52.0877
52.5676
52.5676
52.5676
52.5676
52.5676
52.5676
52.5676
52.5676
53.1842
53.1842
53.1842
53.1842
53.1842
53.1842
53.1842
53.1842
53.7866
53.7866
53.7866
53.7866
53.7866
53.7866
53.7866
53.7866
54.2164
54.2164
54.2164
54.2164
54.2164
54.2164
54.2164
54.2164
54.3233
54.3233
54.3233
54.3233
54.3233
54.3233
54.3233
54.3233
53.9796
53.9796
53.9796
53.9796
53.9796
53.9796
53.9796
53.9796
53.0981
53.0981
53.0981
53.0981
53.0981
53.0981
53.0981
53.0981
51.6452
51.6452
51.6452
51.6452
51.6452
51.6452
51.6452
51.6452
49.6467
49.6467
49.6467
49.6467
49.6467
49.6467
49.6467
49.6467
47.1832
47.1832
47.1832
47.1832
47.1832
47.1832
47.1832
47.1832
44.3765
44.3765
44.3765
44.3765
44.3765
44.3765
44.3765
44.3765
41.3718
41.3718
41.3718
41.3718
41.3718
41.3718
41.3718
41.3718
38.3164
38.3164
38.3164
38.3164
38.3164
38.3164
38.3164
38.3164
35.3436
35.3436
35.3436
35.3436
35.3436
35.3436
35.3436
35.3436
51.8802
51.8802
51.8802
51.8802
51.8802
51.8802
51.8802
51.8802
52.0877
52.0877
52.0877
52.0877
52.0877
52.0877
52.0877
52.0877
52.5676
52.5676
52.5676
52.5676
52.5676
52.5676
52.5676
52.5676
53.1842
53.1842
53.1842
53.1842
53.1842
53.1842
53.1842
53.1842
53.7866
53.7866
53.7866
53.7866
53.7866
53.7866
53.7866
53.7866
54.2164
54.2164
54.2164
54.2164
54.2164
54.2164
54.2164
54.2164
54.3233
54.3233
54.3233
54.3233
54.3233
54.3233
54.3233
54.3233
53.9796
53.9796
53.9796
53.9796
53.9796
53.9796
53.9796
53.9796
53.0981
53.0981
53.0981
53.0981
53.0981
53.0981
53.0981
53.0981
51.6452
51.6452
51.6452
51.6452
51.6452
51.6452
51.6452
51.6452
49.6467
49.6467
49.6467
49.6467
49.6467
49.6467
49.6467
49.6467
47.1832
47.1832
47.1832
47.1832
47.1832
47.1832
47.1832
47.1832
44.3765
44.3765
44.3765
44.3765
44.3765
44.3765
44.3765
44.3765
41.3718
41.3718
41.3718
41.3718
41.3718
41.3718
41.3718
41.3718
38.3164
38.3164
38.3164
38.3164
38.3164
38.3164
38.3164
38.3164
35.3436
35.3436
35.3436
35.3436
35.3436
35.3436
35.3436
35.3436
51.8802
51.8802
51.8802
51.8802
51.8802
51.8802
51.8802
51.8802
52.0877
52.0877
52.0877
52.0877
52.0877
52.0877
52.0877
52.0877
52.5676
52.5676
52.5676
52.5676
52.5676
52.5676
52.5676
52.5676
53.1842
53.1842
53.1842
53.1842
53.1842
53.1842
53.1842
53.1842
53.7866
53.7866
53.7866
53.7866
53.7866
53.7866
53.7866
53.7866
54.2164
54.2164
54.2164
54.2164
54.2164
54.2164
54.2164
54.2164
54.3233
54.3233
54.3233
54.3233
54.3233
54.3233
54.3233
54.3233
53.9796
53.9796
53.9796
53.9796
53.9796
53.9796
53.9796
53.9796
53.0981
53.0981
53.0981
53.0981
53.0981
53.0981
53.0981
53.0981
51.6452
51.6452
51.6452
51.6452
51.6452
51.6452
51.6452
51.6452
49.6467
49.6467
49.6467
49.6467
49.6467
49.6467
49.6467
49.6467
47.1832
47.1832
47.1832
47.1832
47.1832
47.1832
47.1832
47.1832
44.3765
44.3765
44.3765
44.3765
44.3765
44.3765
44.3765
44.3765
41.3718
41.3718
41.3718
41.3718
41.3718
41.3718
41.3718
41.3718
38.3164
38.3164
38.3164
38.3164
38.3164
38.3164
38.3164
38.3164
35.3436
35.3436
35.3436
35.3436
35.3436
35.3436
35.3436
35.3436
51.8802
51.8802
51.8802
51.8802
51.8802
51.8802
51.8802
51.8802
52.0877
52.0877
52.0877
52.0877
52.0877
52.0877
52.0877
52.0877
52.5676
52.5676
52.5676
52.5676
52.5676
52.5676
52.5676
52.5676
53.1842
53.1842
53.1842
53.1842
53.1842
53.1842
53.1842
53.1842
53.7866
53.7866
53.7866
53.7866
53.7866
53.7866
53.7866
53.7866
54.2164
54.2164
54.2164
54.2164
54.2164
54.2164
54.2164
54.2164
54.3233
54.3233
54.3233
54.3233
54.3233
54.3233
54.3233
54.3233
53.9796
53.9796
53.9796
53.9796
53.9796
53.9796
53.9796
53.9796
53.0981
53.0981
53.0981
53.0981
53.0981
53.0981
53.0981
53.0981
51.6452
51.6452
51.6452
51.6452
51.6452
51.6452
51.6452
51.6452
49.6467
49.6467
49.6467
49.6467
49.6467
49.6467
49.6467
49.6467
47.1832
47.1832
47.1832
47.1832
47.1832
47.1832
47.1832
47.1832
44.3765
44.3765
44.3765
44.3765
44.3765
44.3765
44.3765
44.3765
41.3718
41.3718
41.3718
41.3718
41.3718
41.3718
41.3718
41.3718
38.3164
38.3164
38.3164
38.3164
38.3164
38.3164
38.3164
38.3164
35.3436
35.3436
35.3436
35.3436
35.3436
35.3436
35.3436
35.3436
49.0848
49.0848
49.0848
49.0848
49.0848
49.0848
49.0848
49.0848
48.8702
48.8702
48.8702
48.8702
48.8702
48.8702
48.8702
48.8702
48.8912
48.8912
48.8912
48.8912
48.8912
48.8912
48.8912
48.8912
49.0352
49.0352
49.0352
49.0352
49.0352
49.0352
49.0352
49.0352
49.1805
49.1805
49.1805
49.1805
49.1805
49.1805
49.1805
49.1805
49.2035
49.2035
49.2035
49.2035
49.2035
49.2035
49.2035
49.2035
48.9883
48.9883
48.9883
48.9883
48.9883
48.9883
48.9883
48.9883
48.4383
48.4383
48.4383
48.4383
48.4383
48.4383
48.4383
48.4383
47.4885
47.4885
47.4885
47.4885
47.4885
47.4885
47.4885
47.4885
46.1134
46.1134
46.1134
46.1134
46.1134
46.1134
46.1134
46.1134
44.3312
44.3312
44.3312
44.3312
44.3312
44.3312
44.3312
44.3312
42.2002
42.2002
42.2002
42.2002
42.2002
42.2002
42.2002
42.2002
39.8099
39.8099
39.8099
39.8099
39.8099
39.8099
39.8099
39.8099
37.2676
37.2676
37.2676
37.2676
37.2676
37.2676
37.2676
37.2676
34.6843
34.6843
34.6843
34.6843
34.6843
34.6843
34.6843
34.6843
32.1622
32.1622
32.1622
32.1622
32.1622
32.1622
32.1622
32.1622
49.0848
49.0848
49.0848
49.0848
49.0848
49.0848
49.0848
49.0848
48.8702
48.8702
48.8702
48.8702
48.8702
48.8702
48.8702
48.8702
48.8912
48.8912
48.8912
48.8912
48.8912
48.8912
48.8912
48.8912
49.0352
49.0352
49.0352
49.0352
49.0352
49.0352
49.0352
49.0352
49.1805
49.1805
49.1805
49.1805
49.1805
49.1805
49.1805
49.1805
49.2035
49.2035
49.2035
49.2035
49.2035
49.2035
49.2035
49.2035
48.9883
48.9883
48.9883
48.9883
48.9883
48.9883
48.9883
48.9883
48.4383
48.4383
48.4383
48.4383
48.4383
48.4383
48.4383
48.4383
47.4885
47.4885
47.4885
47.4885
47.4885
47.4885
47.4885
47.4885
46.1134
46.1134
46.1134
46.1134
46.1134
46.1134
46.1134
46.1134
44.3312
44.3312
44.3312
44.3312
44.3312
44.3312
44.3312
44.3312
42.2002
42.2002
42.2002
42.2002
42.2002
42.2002
42.2002
42.2002
39.8099
39.8099
39.8099
39.8099
39.8099
39.8099
39.8099
39.8099
37.2676
37.2676
37.2676
37.2676
37.2676
37.2676
37.2676
37.2676
34.6843
34.6843
34.6843
34.6843
34.6843
34.6843
34.6843
34.6843
32.1622
32.1622
32.1622
32.1622
32.1622
32.1622
32.1622
32.1622
49.0848
49.0848
49.0848
49.0848
49.0848
49.0848
49.0848
49.0848
48.8702
48.8702
48.8702
48.8702
48.8702
48.8702
48.8702
48.8702
48.8912
48.8912
48.8912
48.8912
48.8912
48.8912
48.8912
48.8912
49.0352
49.0352
49.0352
49.0352
49.0352
49.0352
49.0352
49.0352
49.1805
49.1805
49.1805
49.1805
49.1805
49.1805
49.1805
49.1805
49.2035
49.2035
49.2035
49.2035
49.2035
49.2035
49.2035
49.2035
48.9883
48.9883
48.9883
48.9883
48.9883
48.9883
48.9883
48.9883
48.4383
48.4383
48.4383
48.4383
48.4383
48.4383
48.4383
48.4383
47.4885
47.4885
47.4885
47.4885
47.4885
47.4885
47.4885
47.4885
46.1134
46.1134
46.1134
46.1134
46.1134
46.1134
46.1134
46.1134
44.3312
44.3312
44.3312
44.3312
44.3312
44.3312
44.3312
44.3312
42.2002
42.2002
42.2002
42.2002
42.2002
42.2002
42.2002
42.2002
39.8099
39.8099
39.8099
39.8099
39.8099
39.8099
39.8099
39.8099
37.2676
37.2676
37.2676
37.2676
37.2676
37.2676
37.2676
37.2676
34.6843
34.6843
34.6843
34.6843
34.6843
34.6843
34.6843
34.6843
32.1622
32.1622
32.1622
32.1622
32.1622
32.1622
32.1622
32.1622
49.0848
49.0848
49.0848
49.0848
49.0848
49.0848
49.0848
49.0848
48.8702
48.8702
48.8702
48.8702
48.8702
48.8702
48.8702
48.8702
48.8912
48.8912
48.8912
48.8912
48.8912
48.8912
48.8912
48.8912
49.0352
49.0352
49.0352
49.0352
49.0352
49.0352
49.0352
49.0352
49.1805
49.1805
49.1805
49.1805
49.1805
49.1805
49.1805
49.1805
49.2035
49.2035
49.2035
49.2035
49.2035
49.2035
49.2035
49.2035
48.9883
48.9883
48.9883
48.9883
48.9883
48.9883
48.9883
48.9883
48.4383
48.4383
48.4383
48.4383
48.4383
48.4383
48.4383
48.4383
47.4885
47.4885
47.4885
47.4885
47.4885
47.4885
47.4885
47.4885
46.1134
46.1134
46.1134
46.1134
46.1134
46.1134
46.1134
46.1134
44.3312
44.3312
44.3312
44.3312
44.3312
44.3312
44.3312
44.3312
42.2002
42.2002
42.2002
42.2002
42.2002
42.2002
42.2002
42.2002
39.8099
39.8099
39.8099
39.8099
39.8099
39.8099
39.8099
39.8099
37.2676
37.2676
37.2676
37.2676
37.2676
37.2676
37.2676
37.2676
34.6843
34.6843
34.6843
34.6843
34.6843
34.6843
34.6843
34.6843
32.1622
32.1622
32.1622
32.1622
32.1622
32.1622
32.1622
32.1622
46.2622
46.2622
46.2622
46.2622
46.2622
46.2622
46.2622
46.2622
45.6826
45.6826
45.6826
45.6826
45.6826
45.6826
45.6826
45.6826
45.3037
45.3037
45.3037
45.3037
45.3037
45.3037
45.3037
45.3037
45.0344
45.0344
45.0344
45.0344
45.0344
45.0344
45.0344
45.0344
44.7791
44.7791
44.7791
44.7791
44.7791
44.7791
44.7791
44.7791
44.4431
44.4431
44.4431
44.4431
44.4431
44.4431
44.4431
44.4431
43.94
43.94
43.94
43.94
43.94
43.94
43.94
43.94
43.1994
43.1994
43.1994
43.1994
43.1994
43.1994
43.1994
43.1994
42.1747
42.1747
42.1747
42.1747
42.1747
42.1747
42.1747
42.1747
40.8485
40.8485
40.8485
40.8485
40.8485
40.8485
40.8485
40.8485
39.2343
39.2343
39.2343
39.2343
39.2343
39.2343
39.2343
39.2343
37.3742
37.3742
37.3742
37.3742
37.3742
37.3742
37.3742
37.3742
35.3325
35.3325
35.3325
35.3325
35.3325
35.3325
35.3325
35.3325
33.1865
33.1865
33.1865
33.1865
33.1865
33.1865
33.1865
33.1865
31.0169
31.0169
31.0169
31.0169
31.0169
31.0169
31.0169
31.0169
28.899
28.899
28.899
28.899
28.899
28.899
28.899
28.899
46.2622
46.2622
46.2622
46.2622
46.2622
46.2622
46.2622
46.2622
45.6826
45.6826
45.6826
45.6826
45.6826
45.6826
45.6826
45.6826
45.3037
45.3037
45.3037
45.3037
45.3037
45.3037
45.3037
45.3037
45.0344
45.0344
45.0344
45.0344
45.0344
45.0344
45.0344
45.0344
44.7791
44.7791
44.7791
44.7791
44.7791
44.7791
44.7791
44.7791
44.4431
44.4431
44.4431
44.4431
44.4431
44.4431
44.4431
44.4431
43.94
43.94
43.94
43.94
43.94
43.94
43.94
43.94
43.1994
43.1994
43.1994
43.1994
43.1994
43.1994
43.1994
43.1994
42.1747
42.1747
42.1747
42.1747
42.1747
42.1747
42.1747
42.1747
40.8485
40.8485
40.8485
40.8485
40.8485
40.8485
40.8485
40.8485
39.2343
39.2343
39.2343
39.2343
39.2343
39.2343
39.2343
39.2343
37.3742
37.3742
37.3742
37.3742
37.3742
37.3742
37.3742
37.3742
35.3325
35.3325
35.3325
35.3325
35.3325
35.3325
35.3325
35.3325
33.1865
33.1865
33.1865
33.1865
33.1865
33.1865
33.1865
33.1865
31.0169
31.0169
31.0169
31.0169
31.0169
31.0169
31.0169
31.0169
28.899
28.899
28.899
28.899
28.899
28.899
28.899
28.899
46.2622
46.2622
46.2622
46.2622
46.2622
46.2622
46.2622
46.2622
45.6826
45.6826
45.6826
45.6826
45.6826
45.6826
45.6826
45.6826
45.3037
45.3037
45.3037
45.3037
45.3037
45.3037
45.3037
45.3037
45.0344
45.0344
45.0344
45.0344
45.0344
45.0344
45.0344
45.0344
44.7791
44.7791
44.7791
44.7791
44.7791
44.7791
44.7791
44.7791
44.4431
44.4431
44.4431
44.4431
44.4431
44.4431
44.4431
44.4431
43.94
43.94
43.94
43.94
43.94
43.94
43.94
43.94
43.1994
43.1994
43.1994
43.1994
43.1994
43.1994
43.1994
43.1994
42.1747
42.1747
42.1747
42.1747
42.1747
42.1747
42.1747
42.1747
40.8485
40.8485
40.8485
40.8485
40.8485
40.8485
40.8485
40.8485
39.2343
39.2343
39.2343
39.2343
39.2343
39.2343
39.2343
39.2343
37.3742
37.3742
37.3742
37.3742
37.3742
37.3742
37.3742
37.3742
35.3325
35.3325
35.3325
35.3325
35.3325
35.3325
35.3325
35.3325
33.1865
33.1865
33.1865
33.1865
33.1865
33.1865
33.1865
33.1865
31.0169
31.0169
31.0169
31.0169
31.0169
31.0169
31.0169
31.0169
28.899
28.899
28.899
28.899
28.899
28.899
28.899
28.899
46.2622
46.2622
46.2622
46.2622
46.2622
46.2622
46.2622
46.2622
45.6826
45.6826
45.6826
45.6826
45.6826
45.6826
45.6826
45.6826
45.3037
45.3037
45.3037
45.3037
45.3037
45.3037
45.3037
45.3037
45.0344
45.0344
45.0344
45.0344
45.0344
45.0344
45.0344
45.0344
44.7791
44.7791
44.7791
44.7791
44.7791
44.7791
44.7791
44.7791
44.4431
44.4431
44.4431
44.4431
44.4431
44.4431
44.4431
44.4431
43.94
43.94
43.94
43.94
43.94
43.94
43.94
43.94
43.1994
43.1994
43.1994
43.1994
43.1994
43.1994
43.1994
43.1994
42.1747
42.1747
42.1747
42.1747
42.1747
42.1747
42.1747
42.1747
40.8485
40.8485
40.8485
40.8485
40.8485
40.8485
40.8485
40.8485
39.2343
39.2343
39.2343
39.2343
39.2343
39.2343
39.2343
39.2343
37.3742
37.3742
37.3742
37.3742
37.3742
37.3742
37.3742
37.3742
35.3325
35.3325
35.3325
35.3325
35.3325
35.3325
35.3325
35.3325
33.1865
33.1865
33.1865
33.1865
33.1865
33.1865
33.1865
33.1865
31.0169
31.0169
31.0169
31.0169
31.0169
31.0169
31.0169
31.0169
28.899
28.899
28.899
28.899
28.899
28.899
28.899
28.899
43.5699
43.5699
43.5699
43.5699
43.5699
43.5699
43.5699
43.5699
42.6809
42.6809
42.6809
42.6809
42.6809
42.6809
42.6809
42.6809
41.9614
41.9614
41.9614
41.9614
41.9614
41.9614
41.9614
41.9614
41.3397
41.3397
41.3397
41.3397
41.3397
41.3397
41.3397
41.3397
40.7427
40.7427
40.7427
40.7427
40.7427
40.7427
40.7427
40.7427
40.1001
40.1001
40.1001
40.1001
40.1001
40.1001
40.1001
40.1001
39.3495
39.3495
39.3495
39.3495
39.3495
39.3495
39.3495
39.3495
38.4417
38.4417
38.4417
38.4417
38.4417
38.4417
38.4417
38.4417
37.3449
37.3449
37.3449
37.3449
37.3449
37.3449
37.3449
37.3449
36.0485
36.0485
36.0485
36.0485
36.0485
36.0485
36.0485
36.0485
34.5631
34.5631
34.5631
34.5631
34.5631
34.5631
34.5631
34.5631
32.9188
32.9188
32.9188
32.9188
32.9188
32.9188
32.9188
32.9188
31.161
31.161
31.161
31.161
31.161
31.161
31.161
31.161
29.3437
29.3437
29.3437
29.3437
29.3437
29.3437
29.3437
29.3437
27.5239
27.5239
27.5239
27.5239
27.5239
27.5239
27.5239
27.5239
25.7547
25.7547
25.7547
25.7547
25.7547
25.7547
25.7547
25.7547
43.5699
43.5699
43.5699
43.5699
43.5699
43.5699
43.5699
43.5699
42.6809
42.6809
42.6809
42.6809
42.6809
42.6809
42.6809
42.6809
41.9614
41.9614
41.9614
41.9614
41.9614
41.9614
41.9614
41.9614
41.3397
41.3397
41.3397
41.3397
41.3397
41.3397
41.3397
41.3397
40.7427
40.7427
40.7427
40.7427
40.7427
40.7427
40.7427
40.7427
40.1001
40.1001
40.1001
40.1001
40.1001
40.1001
40.1001
40.1001
39.3495
39.3495
39.3495
39.3495
39.3495
39.3495
39.3495
39.3495
38.4417
38.4417
38.4417
38.4417
38.4417
38.4417
38.4417
38.4417
37.3449
37.3449
37.3449
37.3449
37.3449
37.3449
37.3449
37.3449
36.0485
36.0485
36.0485
36.0485
36.0485
36.0485
36.0485
36.0485
34.5631
34.5631
34.5631
34.5631
34.5631
34.5631
34.5631
34.5631
32.9188
32.9188
32.9188
32.9188
32.9188
32.9188
32.9188
32.9188
31.161
31.161
31.161
31.161
31.161
31.161
31.161
31.161
29.3437
29.3437
29.3437
29.3437
29.3437
29.3437
29.3437
29.3437
27.5239
27.5239
27.5239
27.5239
27.5239
27.5239
27.5239
27.5239
25.7547
25.7547
25.7547
25.7547
25.7547
25.7547
25.7547
25.7547
43.5699
43.5699
43.5699
43.5699
43.5699
43.5699
43.5699
43.5699
42.6809
42.6809
42.6809
42.6809
42.6809
42.6809
42.6809
42.6809
41.9614
41.9614
41.9614
41.9614
41.9614
41.9614
41.9614
41.9614
41.3397
41.3397
41.3397
41.3397
41.3397
41.3397
41.3397
41.3397
40.7427
40.7427
40.7427
40.7427
40.7427
40.7427
40.7427
40.7427
40.1001
40.1001
40.1001
40.1001
40.1001
40.1001
40.1001
40.1001
39.3495
39.3495
39.3495
39.3495
39.3495
39.3495
39.3495
39.3495
38.4417
38.4417
38.4417
38.4417
38.4417
38.4417
38.4417
38.4417
37.3449
37.3449
37.3449
37.3449
37.3449
37.3449
37.3449
37.3449
36.0485
36.0485
36.0485
36.0485
36.0485
36.0485
36.0485
36.0485
34.5631
34.5631
34.5631
34.5631
34.5631
34.5631
34.5631
34.5631
32.9188
32.9188
32.9188
32.9188
32.9188
32.9188
32.9188
32.9188
31.161
31.161
31.161
31.161
31.161
31.161
31.161
31.161
29.3437
29.3437
29.3437
29.3437
29.3437
29.3437
29.3437
29.3437
27.5239
27.5239
27.5239
27.5239
27.5239
27.5239
27.5239
27.5239
25.7547
25.7547
25.7547
25.7547
25.7547
25.7547
25.7547
25.7547
43.5699
43.5699
43.5699
43.5699
43.5699
43.5699
43.5699
43.5699
42.6809
42.6809
42.6809
42.6809
42.6809
42.6809
42.6809
42.6809
41.9614
41.9614
41.9614
41.9614
41.9614
41.9614
41.9614
41.9614
41.3397
41.3397
41.3397
41.3397
41.3397
41.3397
41.3397
41.3397
40.7427
40.7427
40.7427
40.7427
40.7427
40.7427
40.7427
40.7427
40.1001
40.1001
40.1001
40.1001
40.1001
40.1001
40.1001
40.1001
39.3495
39.3495
39.3495
39.3495
39.3495
39.3495
39.3495
39.3495
38.4417
38.4417
38.4417
38.4417
38.4417
38.4417
38.4417
38.4417
37.3449
37.3449
37.3449
37.3449
37.3449
37.3449
37.3449
37.3449
36.0485
36.0485
36.0485
36.0485
36.0485
36.0485
36.0485
36.0485
34.5631
34.5631
34.5631
34.5631
34.5631
34.5631
34.5631
34.5631
32.9188
32.9188
32.9188
32.9188
32.9188
32.9188
32.9188
32.9188
31.161
31.161
31.161
31.161
31.161
31.161
31.161
31.161
29.3437
29.3437
29.3437
29.3437
29.3437
29.3437
29.3437
29.3437
27.5239
27.5239
27.5239
27.5239
27.5239
27.5239
27.5239
27.5239
25.7547
25.7547
25.7547
25.7547
25.7547
25.7547
25.7547
25.7547
41.1234
41.1234
41.1234
41.1234
41.1234
41.1234
41.1234
41.1234
39.9746
39.9746
39.9746
39.9746
39.9746
39.9746
39.9746
39.9746
38.9681
38.9681
38.9681
38.9681
38.9681
38.9681
38.9681
38.9681
38.0501
38.0501
38.0501
38.0501
38.0501
38.0501
38.0501
38.0501
37.1669
37.1669
37.1669
37.1669
37.1669
37.1669
37.1669
37.1669
36.2682
36.2682
36.2682
36.2682
36.2682
36.2682
36.2682
36.2682
35.3109
35.3109
35.3109
35.3109
35.3109
35.3109
35.3109
35.3109
34.2621
34.2621
34.2621
34.2621
34.2621
34.2621
34.2621
34.2621
33.1015
33.1015
33.1015
33.1015
33.1015
33.1015
33.1015
33.1015
31.8235
31.8235
31.8235
31.8235
31.8235
31.8235
31.8235
31.8235
30.4366
30.4366
30.4366
30.4366
30.4366
30.4366
30.4366
30.4366
28.9622
28.9622
28.9622
28.9622
28.9622
28.9622
28.9622
28.9622
27.4314
27.4314
27.4314
27.4314
27.4314
27.4314
27.4314
27.4314
25.8808
25.8808
25.8808
25.8808
25.8808
25.8808
25.8808
25.8808
24.3489
24.3489
24.3489
24.3489
24.3489
24.3489
24.3489
24.3489
22.8718
22.8718
22.8718
22.8718
22.8718
22.8718
22.8718
22.8718
41.1234
41.1234
41.1234
41.1234
41.1234
41.1234
41.1234
41.1234
39.9746
39.9746
39.9746
39.9746
39.9746
39.9746
39.9746
39.9746
38.9681
38.9681
38.9681
38.9681
38.9681
38.9681
38.9681
38.9681
38.0501
38.0501
38.0501
38.0501
38.0501
38.0501
38.0501
38.0501
37.1669
37.1669
37.1669
37.1669
37.1669
37.1669
37.1669
37.1669
36.2682
36.2682
36.2682
36.2682
36.2682
36.2682
36.2682
36.2682
35.3109
35.3109
35.3109
35.3109
35.3109
35.3109
35.3109
35.3109
34.2621
34.2621
34.2621
34.2621
34.2621
34.2621
34.2621
34.2621
33.1015
33.1015
33.1015
33.1015
33.1015
33.1015
33.1015
33.1015
31.8235
31.8235
31.8235
31.8235
31.8235
31.8235
31.8235
31.8235
30.4366
30.4366
30.4366
30.4366
30.4366
30.4366
30.4366
30.4366
28.9622
28.9622
28.9622
28.9622
28.9622
28.9622
28.9622
28.9622
27.4314
27.4314
27.4314
27.4314
27.4314
27.4314
27.4314
27.4314
25.8808
25.8808
25.8808
25.8808
25.8808
25.8808
25.8808
25.8808
24.3489
24.3489
24.3489
24.3489
24.3489
24.3489
24.3489
24.3489
22.8718
22.8718
22.8718
22.8718
22.8718
22.8718
22.8718
22.8718
41.1234
41.1234
41.1234
41.1234
41.1234
41.1234
41.1234
41.1234
39.9746
39.9746
39.9746
39.9746
39.9746
39.9746
39.9746
39.9746
38.9681
38.9681
38.9681
38.9681
38.9681
38.9681
38.9681
38.9681
38.0501
38.0501
38.0501
38.0501
38.0501
38.0501
38.0501
38.0501
37.1669
37.1669
37.1669
37.1669
37.1669
37.1669
37.1669
37.1669
36.2682
36.2682
36.2682
36.2682
36.2682
36.2682
36.2682
36.2682
35.3109
35.3109
35.3109
35.3109
35.3109
35.3109
35.3109
35.3109
34.2621
34.2621
34.2621
34.2621
34.2621
34.2621
34.2621
34.2621
33.1015
33.1015
33.1015
33.1015
33.1015
33.1015
33.1015
33.1015
31.8235
31.8235
31.8235
31.8235
31.8235
31.8235
31.8235
31.8235
30.4366
30.4366
30.4366
30.4366
30.4366
30.4366
30.4366
30.4366
28.9622
28.9622
28.9622
28.9622
28.9622
28.9622
28.9622
28.9622
27.4314
27.4314
27.4314
27.4314
27.4314
27.4314
27.4314
27.4314
25.8808
25.8808
25.8808
25.8808
25.8808
25.8808
25.8808
25.8808
24.3489
24.3489
24.3489
24.3489
24.3489
24.3489
24.3489
24.3489
22.8718
22.8718
22.8718
22.8718
22.8718
22.8718
22.8718
22.8718
41.1234
41.1234
41.1234
41.1234
41.1234
41.1234
41.1234
41.1234
39.9746
39.9746
39.9746
39.9746
39.9746
39.9746
39.9746
39.9746
38.9681
38.9681
38.9681
38.9681
38.9681
38.9681
38.9681
38.9681
38.0501
38.0501
38.0501
38.0501
38.0501
38.0501
38.0501
38.0501
37.1669
37.1669
37.1669
37.1669
37.1669
37.1669
37.1669
37.1669
36.2682
36.2682
36.2682
36.2682
36.2682
36.2682
36.2682
36.2682
35.3109
35.3109
35.3109
35.3109
35.3109
35.3109
35.3109
35.3109
34.2621
34.2621
34.2621
34.2621
34.2621
34.2621
34.2621
34.2621
33.1015
33.1015
33.1015
33.1015
33.1015
33.1015
33.1015
33.1015
31.8235
31.8235
31.8235
31.8235
31.8235
31.8235
31.8235
31.8235
30.4366
30.4366
30.4366
30.4366
30.4366
30.4366
30.4366
30.4366
28.9622
28.9622
28.9622
28.9622
28.9622
28.9622
28.9622
28.9622
27.4314
27.4314
27.4314
27.4314
27.4314
27.4314
27.4314
27.4314
25.8808
25.8808
25.8808
25.8808
25.8808
25.8808
25.8808
25.8808
24.3489
24.3489
24.3489
24.3489
24.3489
24.3489
24.3489
24.3489
22.8718
22.8718
22.8718
22.8718
22.8718
22.8718
22.8718
22.8718
38.9973
38.9973
38.9973
38.9973
38.9973
38.9973
38.9973
38.9973
37.629
37.629
37.629
37.629
37.629
37.629
37.629
37.629
36.3806
36.3806
36.3806
36.3806
36.3806
36.3806
36.3806
36.3806
35.2142
35.2142
35.2142
35.2142
35.2142
35.2142
35.2142
35.2142
34.0928
34.0928
34.0928
34.0928
34.0928
34.0928
34.0928
34.0928
32.9826
32.9826
32.9826
32.9826
32.9826
32.9826
32.9826
32.9826
31.8555
31.8555
31.8555
31.8555
31.8555
31.8555
31.8555
31.8555
30.6909
30.6909
30.6909
30.6909
30.6909
30.6909
30.6909
30.6909
29.4769
29.4769
29.4769
29.4769
29.4769
29.4769
29.4769
29.4769
28.2111
28.2111
28.2111
28.2111
28.2111
28.2111
28.2111
28.2111
26.9003
26.9003
26.9003
26.9003
26.9003
26.9003
26.9003
26.9003
25.5591
25.5591
25.5591
25.5591
25.5591
25.5591
25.5591
25.5591
24.2079
24.2079
24.2079
24.2079
24.2079
24.2079
24.2079
24.2079
22.8705
22.8705
22.8705
22.8705
22.8705
22.8705
22.8705
22.8705
21.5714
21.5714
21.5714
21.5714
21.5714
21.5714
21.5714
21.5714
20.3337
20.3337
20.3337
20.3337
20.3337
20.3337
20.3337
20.3337
38.9973
38.9973
38.9973
38.9973
38.9973
38.9973
38.9973
38.9973
37.629
37.629
37.629
37.629
37.629
37.629
37.629
37.629
36.3806
36.3806
36.3806
36.3806
36.3806
36.3806
36.3806
36.3806
35.2142
35.2142
35.2142
35.2142
35.2142
35.2142
35.2142
35.2142
34.0928
34.0928
34.0928
34.0928
34.0928
34.0928
34.0928
34.0928
32.9826
32.9826
32.9826
32.9826
32.9826
32.9826
32.9826
32.9826
31.8555
31.8555
31.8555
31.8555
31.8555
31.8555
31.8555
31.8555
30.6909
30.6909
30.6909
30.6909
30.6909
30.6909
30.6909
30.6909
29.4769
29.4769
29.4769
29.4769
29.4769
29.4769
29.4769
29.4769
28.2111
28.2111
28.2111
28.2111
28.2111
28.2111
28.2111
28.2111
26.9003
26.9003
26.9003
26.9003
26.9003
26.9003
26.9003
26.9003
25.5591
25.5591
25.5591
25.5591
25.5591
25.5591
25.5591
25.5591
24.2079
24.2079
24.2079
24.2079
24.2079
24.2079
24.2079
24.2079
22.8705
22.8705
22.8705
22.8705
22.8705
22.8705
22.8705
22.8705
21.5714
21.5714
21.5714
21.5714
21.5714
21.5714
21.5714
21.5714
20.3337
20.3337
20.3337
20.3337
20.3337
20.3337
20.3337
20.3337
38.9973
38.9973
38.9973
38.9973
38.9973
38.9973
38.9973
38.9973
37.629
37.629
37.629
37.629
37.629
37.629
37.629
37.629
36.3806
36.3806
36.3806
36.3806
36.3806
36.3806
36.3806
36.3806
35.2142
35.2142
35.2142
35.2142
35.2142
35.2142
35.2142
35.2142
34.0928
34.0928
34.0928
34.0928
34.0928
34.0928
34.0928
34.0928
32.9826
32.9826
32.9826
32.9826
32.9826
32.9826
32.9826
32.9826
31.8555
31.8555
31.8555
31.8555
31.8555
31.8555
31.8555
31.8555
30.6909
30.6909
30.6909
30.6909
30.6909
30.6909
30.6909
30.6909
29.4769
29.4769
29.4769
29.4769
29.4769
29.4769
29.4769
29.4769
28.2111
28.2111
28.2111
28.2111
28.2111
28.2111
28.2111
28.2111
26.9003
26.9003
26.9003
26.9003
26.9003
26.9003
26.9003
26.9003
25.5591
25.5591
25.5591
25.5591
25.5591
25.5591
25.5591
25.5591
24.2079
24.2079
24.2079
24.2079
24.2079
24.2079
24.2079
24.2079
22.8705
22.8705
22.8705
22.8705
22.8705
22.8705
22.8705
22.8705
21.5714
21.5714
21.5714
21.5714
21.5714
21.5714
21.5714
21.5714
20.3337
20.3337
20.3337
20.3337
20.3337
20.3337
20.3337
20.3337
38.9973
38.9973
38.9973
38.9973
38.9973
38.9973
38.9973
38.9973
37.629
37.629
37.629
37.629
37.629
37.629
37.629
37.629
36.3806
36.3806
36.3806
36.3806
36.3806
36.3806
36.3806
36.3806
35.2142
35.2142
35.2142
35.2142
35.2142
35.2142
35.2142
35.2142
34.0928
34.0928
34.0928
34.0928
34.0928
34.0928
34.0928
34.0928
32.9826
32.9826
32.9826
32.9826
32.9826
32.9826
32.9826
32.9826
31.8555
31.8555
31.8555
31.8555
31.8555
31.8555
31.8555
31.8555
30.6909
30.6909
30.6909
30.6909
30.6909
30.6909
30.6909
30.6909
29.4769
29.4769
29.4769
29.4769
29.4769
29.4769
29.4769
29.4769
28.2111
28.2111
28.2111
28.2111
28.2111
28.2111
28.2111
28.2111
26.9003
26.9003
26.9003
26.9003
26.9003
26.9003
26.9003
26.9003
25.5591
25.5591
25.5591
25.5591
25.5591
25.5591
25.5591
25.5591
24.2079
24.2079
24.2079
24.2079
24.2079
24.2079
24.2079
24.2079
22.8705
22.8705
22.8705
22.8705
22.8705
22.8705
22.8705
22.8705
21.5714
21.5714
21.5714
21.5714
21.5714
21.5714
21.5714
21.5714
20.3337
20.3337
20.3337
20.3337
20.3337
20.3337
20.3337
20.3337
37.23
37.23
37.23
37.23
37.23
37.23
37.23
37.23
35.6725
35.6725
35.6725
35.6725
35.6725
35.6725
35.6725
35.6725
34.2171
34.2171
34.2171
34.2171
34.2171
34.2171
34.2171
34.2171
32.8406
32.8406
32.8406
32.8406
32.8406
32.8406
32.8406
32.8406
31.52
31.52
31.52
31.52
31.52
31.52
31.52
31.52
30.2351
30.2351
30.2351
30.2351
30.2351
30.2351
30.2351
30.2351
28.9693
28.9693
28.9693
28.9693
28.9693
28.9693
28.9693
28.9693
27.7109
27.7109
27.7109
27.7109
27.7109
27.7109
27.7109
27.7109
26.4537
26.4537
26.4537
26.4537
26.4537
26.4537
26.4537
26.4537
25.1971
25.1971
25.1971
25.1971
25.1971
25.1971
25.1971
25.1971
23.946
23.946
23.946
23.946
23.946
23.946
23.946
23.946
22.7095
22.7095
22.7095
22.7095
22.7095
22.7095
22.7095
22.7095
21.5001
21.5001
21.5001
21.5001
21.5001
21.5001
21.5001
21.5001
20.3317
20.3317
20.3317
20.3317
20.3317
20.3317
20.3317
20.3317
19.2189
19.2189
19.2189
19.2189
19.2189
19.2189
19.2189
19.2189
18.1749
18.1749
18.1749
18.1749
18.1749
18.1749
18.1749
18.1749
37.23
37.23
37.23
37.23
37.23
37.23
37.23
37.23
35.6725
35.6725
35.6725
35.6725
35.6725
35.6725
35.6725
35.6725
34.2171
34.2171
34.2171
34.2171
34.2171
34.2171
34.2171
34.2171
32.8406
32.8406
32.8406
32.8406
32.8406
32.8406
32.8406
32.8406
31.52
31.52
31.52
31.52
31.52
31.52
31.52
31.52
30.2351
30.2351
30.2351
30.2351
30.2351
30.2351
30.2351
30.2351
28.9693
28.9693
28.9693
28.9693
28.9693
28.9693
28.9693
28.9693
27.7109
27.7109
27.7109
27.7109
27.7109
27.7109
27.7109
27.7109
26.4537
26.4537
26.4537
26.4537
26.4537
26.4537
26.4537
26.4537
25.1971
25.1971
25.1971
25.1971
25.1971
25.1971
25.1971
25.1971
23.946
23.946
23.946
23.946
23.946
23.946
23.946
23.946
22.7095
22.7095
22.7095
22.7095
22.7095
22.7095
22.7095
22.7095
21.5001
21.5001
21.5001
21.5001
21.5001
21.5001
21.5001
21.5001
20.3317
20.3317
20.3317
20.3317
20.3317
20.3317
20.3317
20.3317
19.2189
19.2189
19.2189
19.2189
19.2189
19.2189
19.2189
19.2189
18.1749
18.1749
18.1749
18.1749
18.1749
18.1749
18.1749
18.1749
37.23
37.23
37.23
37.23
37.23
37.23
37.23
37.23
35.6725
35.6725
35.6725
35.6725
35.6725
35.6725
35.6725
35.6725
34.2171
34.2171
34.2171
34.2171
34.2171
34.2171
34.2171
34.2171
32.8406
32.8406
32.8406
32.8406
32.8406
32.8406
32.8406
32.8406
31.52
31.52
31.52
31.52
31.52
31.52
31.52
31.52
30.2351
30.2351
30.2351
30.2351
30.2351
30.2351
30.2351
30.2351
28.9693
28.9693
28.9693
28.9693
28.9693
28.9693
28.9693
28.9693
27.7109
27.7109
27.7109
27.7109
27.7109
27.7109
27.7109
27.7109
26.4537
26.4537
26.4537
26.4537
26.4537
26.4537
26.4537
26.4537
25.1971
25.1971
25.1971
25.1971
25.1971
25.1971
25.1971
25.1971
23.946
23.946
23.946
23.946
23.946
23.946
23.946
23.946
22.7095
22.7095
22.7095
22.7095
22.7095
22.7095
22.7095
22.7095
21.5001
21.5001
21.5001
21.5001
21.5001
21.5001
21.5001
21.5001
20.3317
20.3317
20.3317
20.3317
20.3317
20.3317
20.3317
20.3317
19.2189
19.2189
19.2189
19.2189
19.2189
19.2189
19.2189
19.2189
18.1749
18.1749
18.1749
18.1749
18.1749
18.1749
18.1749
18.1749
37.23
37.23
37.23
37.23
37.23
37.23
37.23
37.23
35.6725
35.6725
35.6725
35.6725
35.6725
35.6725
35.6725
35.6725
34.2171
34.2171
34.2171
34.2171
34.2171
34.2171
34.2171
34.2171
32.8406
32.8406
32.8406
32.8406
32.8406
32.8406
32.8406
32.8406
31.52
31.52
31.52
31.52
31.52
31.52
31.52
31.52
30.2351
30.2351
30.2351
30.2351
30.2351
30.2351
30.2351
30.2351
28.9693
28.9693
28.9693
28.9693
28.9693
28.9693
28.9693
28.9693
27.7109
27.7109
27.7109
27.7109
27.7109
27.7109
27.7109
27.7109
26.4537
26.4537
26.4537
26.4537
26.4537
26.4537
26.4537
26.4537
25.1971
25.1971
25.1971
25.1971
25.1971
25.1971
25.1971
25.1971
23.946
23.946
23.946
23.946
23.946
23.946
23.946
23.946
22.7095
22.7095
22.7095
22.7095
22.7095
22.7095
22.7095
22.7095
21.5001
21.5001
21.5001
21.5001
21.5001
21.5001
21.5001
21.5001
20.3317
20.3317
20.3317
20.3317
20.3317
20.3317
20.3317
20.3317
19.2189
19.2189
19.2189
19.2189
19.2189
19.2189
19.2189
19.2189
18.1749
18.1749
18.1749
18.1749
18.1749
18.1749
18.1749
18.1749
35.8294
35.8294
35.8294
35.8294
35.8294
35.8294
35.8294
35.8294
34.1035
34.1035
34.1035
34.1035
34.1035
34.1035
34.1035
34.1035
32.4669
32.4669
32.4669
32.4669
32.4669
32.4669
32.4669
32.4669
30.9091
30.9091
30.9091
30.9091
30.9091
30.9091
30.9091
30.9091
29.4197
29.4197
29.4197
29.4197
29.4197
29.4197
29.4197
29.4197
27.9892
27.9892
27.9892
27.9892
27.9892
27.9892
27.9892
27.9892
26.6095
26.6095
26.6095
26.6095
26.6095
26.6095
26.6095
26.6095
25.2753
25.2753
25.2753
25.2753
25.2753
25.2753
25.2753
25.2753
23.9838
23.9838
23.9838
23.9838
23.9838
23.9838
23.9838
23.9838
22.735
22.735
22.735
22.735
22.735
22.735
22.735
22.735
21.5315
21.5315
21.5315
21.5315
21.5315
21.5315
21.5315
21.5315
20.378
20.378
20.378
20.378
20.378
20.378
20.378
20.378
19.2807
19.2807
19.2807
19.2807
19.2807
19.2807
19.2807
19.2807
18.2464
18.2464
18.2464
18.2464
18.2464
18.2464
18.2464
18.2464
17.2821
17.2821
17.2821
17.2821
17.2821
17.2821
17.2821
17.2821
16.3939
16.3939
16.3939
16.3939
16.3939
16.3939
16.3939
16.3939
35.8294
35.8294
35.8294
35.8294
35.8294
35.8294
35.8294
35.8294
34.1035
34.1035
34.1035
34.1035
34.1035
34.1035
34.1035
34.1035
32.4669
32.4669
32.4669
32.4669
32.4669
32.4669
32.4669
32.4669
30.9091
30.9091
30.9091
30.9091
30.9091
30.9091
30.9091
30.9091
29.4197
29.4197
29.4197
29.4197
29.4197
29.4197
29.4197
29.4197
27.9892
27.9892
27.9892
27.9892
27.9892
27.9892
27.9892
27.9892
26.6095
26.6095
26.6095
26.6095
26.6095
26.6095
26.6095
26.6095
25.2753
25.2753
25.2753
25.2753
25.2753
25.2753
25.2753
25.2753
23.9838
23.9838
23.9838
23.9838
23.9838
23.9838
23.9838
23.9838
22.735
22.735
22.735
22.735
22.735
22.735
22.735
22.735
21.5315
21.5315
21.5315
21.5315
21.5315
21.5315
21.5315
21.5315
20.378
20.378
20.378
20.378
20.378
20.378
20.378
20.378
19.2807
19.2807
19.2807
19.2807
19.2807
19.2807
19.2807
19.2807
18.2464
18.2464
18.2464
18.2464
18.2464
18.2464
18.2464
18.2464
17.2821
17.2821
17.2821
17.2821
17.2821
17.2821
17.2821
17.2821
16.3939
16.3939
16.3939
16.3939
16.3939
16.3939
16.3939
16.3939
35.8294
35.8294
35.8294
35.8294
35.8294
35.8294
35.8294
35.8294
34.1035
34.1035
34.1035
34.1035
34.1035
34.1035
34.1035
34.1035
32.4669
32.4669
32.4669
32.4669
32.4669
32.4669
32.4669
32.4669
30.9091
30.9091
30.9091
30.9091
30.9091
30.9091
30.9091
30.9091
29.4197
29.4197
29.4197
29.4197
29.4197
29.4197
29.4197
29.4197
27.9892
27.9892
27.9892
27.9892
27.9892
27.9892
27.9892
27.9892
26.6095
26.6095
26.6095
26.6095
26.6095
26.6095
26.6095
26.6095
25.2753
25.2753
25.2753
25.2753
25.2753
25.2753
25.2753
25.2753
23.9838
23.9838
23.9838
23.9838
23.9838
23.9838
23.9838
23.9838
22.735
22.735
22.735
22.735
22.735
22.735
22.735
22.735
21.5315
21.5315
21.5315
21.5315
21.5315
21.5315
21.5315
21.5315
20.378
20.378
20.378
20.378
20.378
20.378
20.378
20.378
19.2807
19.2807
19.2807
19.2807
19.2807
19.2807
19.2807
19.2807
18.2464
18.2464
18.2464
18.2464
18.2464
18.2464
18.2464
18.2464
17.2821
17.2821
17.2821
17.2821
17.2821
17.2821
17.2821
17.2821
16.3939
16.3939
16.3939
16.3939
16.3939
16.3939
16.3939
16.3939
35.8294
35.8294
35.8294
35.8294
35.8294
35.8294
35.8294
35.8294
34.1035
34.1035
34.1035
34.1035
34.1035
34.1035
34.1035
34.1035
32.4669
32.4669
32.4669
32.4669
32.4669
32.4669
32.4669
32.4669
30.9091
30.9091
30.9091
30.9091
30.9091
30.9091
30.9091
30.9091
29.4197
29.4197
29.4197
29.4197
29.4197
29.4197
29.4197
29.4197
27.9892
27.9892
27.9892
27.9892
27.9892
27.9892
27.9892
27.9892
26.6095
26.6095
26.6095
26.6095
26.6095
26.6095
26.6095
26.6095
25.2753
25.2753
25.2753
25.2753
25.2753
25.2753
25.2753
25.2753
23.9838
23.9838
23.9838
23.9838
23.9838
23.9838
23.9838
23.9838
22.735
22.735
22.735
22.735
22.735
22.735
22.735
22.735
21.5315
21.5315
21.5315
21.5315
21.5315
21.5315
21.5315
21.5315
20.378
20.378
20.378
20.378
20.378
20.378
20.378
20.378
19.2807
19.2807
19.2807
19.2807
19.2807
19.2807
19.2807
19.2807
18.2464
18.2464
18.2464
18.2464
18.2464
18.2464
18.2464
18.2464
17.2821
17.2821
17.2821
17.2821
17.2821
17.2821
17.2821
17.2821
16.3939
16.3939
16.3939
16.3939
16.3939
16.3939
16.3939
16.3939
34.7797
34.7797
34.7797
34.7797
34.7797
34.7797
34.7797
34.7797
32.8982
32.8982
32.8982
32.8982
32.8982
32.8982
32.8982
32.8982
31.098
31.098
31.098
31.098
31.098
31.098
31.098
31.098
29.3802
29.3802
29.3802
29.3802
29.3802
29.3802
29.3802
29.3802
27.745
27.745
27.745
27.745
27.745
27.745
27.745
27.745
26.191
26.191
26.191
26.191
26.191
26.191
26.191
26.191
24.717
24.717
24.717
24.717
24.717
24.717
24.717
24.717
23.3213
23.3213
23.3213
23.3213
23.3213
23.3213
23.3213
23.3213
22.003
22.003
22.003
22.003
22.003
22.003
22.003
22.003
20.7615
20.7615
20.7615
20.7615
20.7615
20.7615
20.7615
20.7615
19.5971
19.5971
19.5971
19.5971
19.5971
19.5971
19.5971
19.5971
18.5104
18.5104
18.5104
18.5104
18.5104
18.5104
18.5104
18.5104
17.5026
17.5026
17.5026
17.5026
17.5026
17.5026
17.5026
17.5026
16.5753
16.5753
16.5753
16.5753
16.5753
16.5753
16.5753
16.5753
15.7296
15.7296
15.7296
15.7296
15.7296
15.7296
15.7296
15.7296
14.967
14.967
14.967
14.967
14.967
14.967
14.967
14.967
34.7797
34.7797
34.7797
34.7797
34.7797
34.7797
34.7797
34.7797
32.8982
32.8982
32.8982
32.8982
32.8982
32.8982
32.8982
32.8982
31.098
31.098
31.098
31.098
31.098
31.098
31.098
31.098
29.3802
29.3802
29.3802
29.3802
29.3802
29.3802
29.3802
29.3802
27.745
27.745
27.745
27.745
27.745
27.745
27.745
27.745
26.191
26.191
26.191
26.191
26.191
26.191
26.191
26.191
24.717
24.717
24.717
24.717
24.717
24.717
24.717
24.717
23.3213
23.3213
23.3213
23.3213
23.3213
23.3213
23.3213
23.3213
22.003
22.003
22.003
22.003
22.003
22.003
22.003
22.003
20.7615
20.7615
20.7615
20.7615
20.7615
20.7615
20.7615
20.7615
19.5971
19.5971
19.5971
19.5971
19.5971
19.5971
19.5971
19.5971
18.5104
18.5104
18.5104
18.5104
18.5104
18.5104
18.5104
18.5104
17.5026
17.5026
17.5026
17.5026
17.5026
17.5026
17.5026
17.5026
16.5753
16.5753
16.5753
16.5753
16.5753
16.5753
16.5753
16.5753
15.7296
15.7296
15.7296
15.7296
15.7296
15.7296
15.7296
15.7296
14.967
14.967
14.967
14.967
14.967
14.967
14.967
14.967
34.7797
34.7797
34.7797
34.7797
34.7797
34.7797
34.7797
34.7797
32.8982
32.8982
32.8982
32.8982
32.8982
32.8982
32.8982
32.8982
31.098
31.098
31.098
31.098
31.098
31.098
31.098
31.098
29.3802
29.3802
29.3802
29.3802
29.3802
29.3802
29.3802
29.3802
27.745
27.745
27.745
27.745
27.745
27.745
27.745
27.745
26.191
26.191
26.191
26.191
26.191
26.191
26.191
26.191
24.717
24.717
24.717
24.717
24.717
24.717
24.717
24.717
23.3213
23.3213
23.3213
23.3213
23.3213
23.3213
23.3213
23.3213
22.003
22.003
22.003
22.003
22.003
22.003
22.003
22.003
20.7615
20.7615
20.7615
20.7615
20.7615
20.7615
20.7615
20.7615
19.5971
19.5971
19.5971
19.5971
19.5971
19.5971
19.5971
19.5971
18.5104
18.5104
18.5104
18.5104
18.5104
18.5104
18.5104
18.5104
17.5026
17.5026
17.5026
17.5026
17.5026
17.5026
17.5026
17.5026
16.5753
16.5753
16.5753
16.5753
16.5753
16.5753
16.5753
16.5753
15.7296
15.7296
15.7296
15.7296
15.7296
15.7296
15.7296
15.7296
14.967
14.967
14.967
14.967
14.967
14.967
14.967
14.967
34.7797
34.7797
34.7797
34.7797
34.7797
34.7797
34.7797
34.7797
32.8982
32.8982
32.8982
32.8982
32.8982
32.8982
32.8982
32.8982
31.098
31.098
31.098
31.098
31.098
31.098
31.098
31.098
29.3802
29.3802
29.3802
29.3802
29.3802
29.3802
29.3802
29.3802
27.745
27.745
27.745
27.745
27.745
27.745
27.745
27.745
26.191
26.191
26.191
26.191
26.191
26.191
26.191
26.191
24.717
24.717
24.717
24.717
24.717
24.717
24.717
24.717
23.3213
23.3213
23.3213
23.3213
23.3213
23.3213
23.3213
23.3213
22.003
22.003
22.003
22.003
22.003
22.003
22.003
22.003
20.7615
20.7615
20.7615
20.7615
20.7615
20.7615
20.7615
20.7615
19.5971
19.5971
19.5971
19.5971
19.5971
19.5971
19.5971
19.5971
18.5104
18.5104
18.5104
18.5104
18.5104
18.5104
18.5104
18.5104
17.5026
17.5026
17.5026
17.5026
17.5026
17.5026
17.5026
17.5026
16.5753
16.5753
16.5753
16.5753
16.5753
16.5753
16.5753
16.5753
15.7296
15.7296
15.7296
15.7296
15.7296
15.7296
15.7296
15.7296
14.967
14.967
14.967
14.967
14.967
14.967
14.967
14.967
34.0448
34.0448
34.0448
34.0448
34.0448
34.0448
34.0448
34.0448
32.015
32.015
32.015
32.015
32.015
32.015
32.015
32.015
30.0631
30.0631
30.0631
30.0631
30.0631
30.0631
30.0631
30.0631
28.2012
28.2012
28.2012
28.2012
28.2012
28.2012
28.2012
28.2012
26.4376
26.4376
26.4376
26.4376
26.4376
26.4376
26.4376
26.4376
24.778
24.778
24.778
24.778
24.778
24.778
24.778
24.778
23.2252
23.2252
23.2252
23.2252
23.2252
23.2252
23.2252
23.2252
21.7799
21.7799
21.7799
21.7799
21.7799
21.7799
21.7799
21.7799
20.4414
20.4414
20.4414
20.4414
20.4414
20.4414
20.4414
20.4414
19.2078
19.2078
19.2078
19.2078
19.2078
19.2078
19.2078
19.2078
18.0766
18.0766
18.0766
18.0766
18.0766
18.0766
18.0766
18.0766
17.0449
17.0449
17.0449
17.0449
17.0449
17.0449
17.0449
17.0449
16.1102
16.1102
16.1102
16.1102
16.1102
16.1102
16.1102
16.1102
15.2693
15.2693
15.2693
15.2693
15.2693
15.2693
15.2693
15.2693
14.5199
14.5199
14.5199
14.5199
14.5199
14.5199
14.5199
14.5199
13.8593
13.8593
13.8593
13.8593
13.8593
13.8593
13.8593
13.8593
34.0448
34.0448
34.0448
34.0448
34.0448
34.0448
34.0448
34.0448
32.015
32.015
32.015
32.015
32.015
32.015
32.015
32.015
30.0631
30.0631
30.0631
30.0631
30.0631
30.0631
30.0631
30.0631
28.2012
28.2012
28.2012
28.2012
28.2012
28.2012
28.2012
28.2012
26.4376
26.4376
26.4376
26.4376
26.4376
26.4376
26.4376
26.4376
24.778
24.778
24.778
24.778
24.778
24.778
24.778
24.778
23.2252
23.2252
23.2252
23.2252
23.2252
23.2252
23.2252
23.2252
21.7799
21.7799
21.7799
21.7799
21.7799
21.7799
21.7799
21.7799
20.4414
20.4414
20.4414
20.4414
20.4414
20.4414
20.4414
20.4414
19.2078
19.2078
19.2078
19.2078
19.2078
19.2078
19.2078
19.2078
18.0766
18.0766
18.0766
18.0766
18.0766
18.0766
18.0766
18.0766
17.0449
17.0449
17.0449
17.0449
17.0449
17.0449
17.0449
17.0449
16.1102
16.1102
16.1102
16.1102
16.1102
16.1102
16.1102
16.1102
15.2693
15.2693
15.2693
15.2693
15.2693
15.2693
15.2693
15.2693
14.5199
14.5199
14.5199
14.5199
14.5199
14.5199
14.5199
14.5199
13.8593
13.8593
13.8593
13.8593
13.8593
13.8593
13.8593
13.8593
34.0448
34.0448
34.0448
34.0448
34.0448
34.0448
34.0448
34.0448
32.015
32.015
32.015
32.015
32.015
32.015
32.015
32.015
30.0631
30.0631
30.0631
30.0631
30.0631
30.0631
30.0631
30.0631
28.2012
28.2012
28.2012
28.2012
28.2012
28.2012
28.2012
28.2012
26.4376
26.4376
26.4376
26.4376
26.4376
26.4376
26.4376
26.4376
24.778
24.778
24.778
24.778
24.778
24.778
24.778
24.778
23.2252
23.2252
23.2252
23.2252
23.2252
23.2252
23.2252
23.2252
21.7799
21.7799
21.7799
21.7799
21.7799
21.7799
21.7799
21.7799
20.4414
20.4414
20.4414
20.4414
20.4414
20.4414
20.4414
20.4414
19.2078
19.2078
19.2078
19.2078
19.2078
19.2078
19.2078
19.2078
18.0766
18.0766
18.0766
18.0766
18.0766
18.0766
18.0766
18.0766
17.0449
17.0449
17.0449
17.0449
17.0449
17.0449
17.0449
17.0449
16.1102
16.1102
16.1102
16.1102
16.1102
16.1102
16.1102
16.1102
15.2693
15.2693
15.2693
15.2693
15.2693
15.2693
15.2693
15.2693
14.5199
14.5199
14.5199
14.5199
14.5199
14.5199
14.5199
14.5199
13.8593
13.8593
13.8593
13.8593
13.8593
13.8593
13.8593
13.8593
34.0448
34.0448
34.0448
34.0448
34.0448
34.0448
34.0448
34.0448
32.015
32.015
32.015
32.015
32.015
32.015
32.015
32.015
30.0631
30.0631
30.0631
30.0631
30.0631
30.0631
30.0631
30.0631
28.2012
28.2012
28.2012
28.2012
28.2012
28.2012
28.2012
28.2012
26.4376
26.4376
26.4376
26.4376
26.4376
26.4376
26.4376
26.4376
24.778
24.778
24.778
24.778
24.778
24.778
24.778
24.778
23.2252
23.2252
23.2252
23.2252
23.2252
23.2252
23.2252
23.2252
21.7799
21.7799
21.7799
21.7799
21.7799
21.7799
21.7799
21.7799
20.4414
20.4414
20.4414
20.4414
20.4414
20.4414
20.4414
20.4414
19.2078
19.2078
19.2078
19.2078
19.2078
19.2078
19.2078
19.2078
18.0766
18.0766
18.0766
18.0766
18.0766
18.0766
18.0766
18.0766
17.0449
17.0449
17.0449
17.0449
17.0449
17.0449
17.0449
17.0449
16.1102
16.1102
16.1102
16.1102
16.1102
16.1102
16.1102
16.1102
15.2693
15.2693
15.2693
15.2693
15.2693
15.2693
15.2693
15.2693
14.5199
14.5199
14.5199
14.5199
14.5199
14.5199
14.5199
14.5199
13.8593
13.8593
13.8593
13.8593
13.8593
13.8593
13.8593
13.8593
33.5717
33.5717
33.5717
33.5717
33.5717
33.5717
33.5717
33.5717
31.3976
31.3976
31.3976
31.3976
31.3976
31.3976
31.3976
31.3976
29.3033
29.3033
29.3033
29.3033
29.3033
29.3033
29.3033
29.3033
27.31
27.31
27.31
27.31
27.31
27.31
27.31
27.31
25.4332
25.4332
25.4332
25.4332
25.4332
25.4332
25.4332
25.4332
23.6832
23.6832
23.6832
23.6832
23.6832
23.6832
23.6832
23.6832
22.0654
22.0654
22.0654
22.0654
22.0654
22.0654
22.0654
22.0654
20.5814
20.5814
20.5814
20.5814
20.5814
20.5814
20.5814
20.5814
19.2293
19.2293
19.2293
19.2293
19.2293
19.2293
19.2293
19.2293
18.0054
18.0054
18.0054
18.0054
18.0054
18.0054
18.0054
18.0054
16.9044
16.9044
16.9044
16.9044
16.9044
16.9044
16.9044
16.9044
15.9202
15.9202
15.9202
15.9202
15.9202
15.9202
15.9202
15.9202
15.0466
15.0466
15.0466
15.0466
15.0466
15.0466
15.0466
15.0466
14.2777
14.2777
14.2777
14.2777
14.2777
14.2777
14.2777
14.2777
13.6079
13.6079
13.6079
13.6079
13.6079
13.6079
13.6079
13.6079
13.0321
13.0321
13.0321
13.0321
13.0321
13.0321
13.0321
13.0321
33.5717
33.5717
33.5717
33.5717
33.5717
33.5717
33.5717
33.5717
31.3976
31.3976
31.3976
31.3976
31.3976
31.3976
31.3976
31.3976
29.3033
29.3033
29.3033
29.3033
29.3033
29.3033
29.3033
29.3033
27.31
27.31
27.31
27.31
27.31
27.31
27.31
27.31
25.4332
25.4332
25.4332
25.4332
25.4332
25.4332
25.4332
25.4332
23.6832
23.6832
23.6832
23.6832
23.6832
23.6832
23.6832
23.6832
22.0654
22.0654
22.0654
22.0654
22.0654
22.0654
22.0654
22.0654
20.5814
20.5814
20.5814
20.5814
20.5814
20.5814
20.5814
20.5814
19.2293
19.2293
19.2293
19.2293
19.2293
19.2293
19.2293
19.2293
18.0054
18.0054
18.0054
18.0054
18.0054
18.0054
18.0054
18.0054
16.9044
16.9044
16.9044
16.9044
16.9044
16.9044
16.9044
16.9044
15.9202
15.9202
15.9202
15.9202
15.9202
15.9202
15.9202
15.9202
15.0466
15.0466
15.0466
15.0466
15.0466
15.0466
15.0466
15.0466
14.2777
14.2777
14.2777
14.2777
14.2777
14.2777
14.2777
14.2777
13.6079
13.6079
13.6079
13.6079
13.6079
13.6079
13.6079
13.6079
13.0321
13.0321
13.0321
13.0321
13.0321
13.0321
13.0321
13.0321
33.5717
33.5717
33.5717
33.5717
33.5717
33.5717
33.5717
33.5717
31.3976
31.3976
31.3976
31.3976
31.3976
31.3976
31.3976
31.3976
29.3033
29.3033
29.3033
29.3033
29.3033
29.3033
29.3033
29.3033
27.31
27.31
27.31
27.31
27.31
27.31
27.31
27.31
25.4332
25.4332
25.4332
25.4332
25.4332
25.4332
25.4332
25.4332
23.6832
23.6832
23.6832
23.6832
23.6832
23.6832
23.6832
23.6832
22.0654
22.0654
22.0654
22.0654
22.0654
22.0654
22.0654
22.0654
20.5814
20.5814
20.5814
20.5814
20.5814
20.5814
20.5814
20.5814
19.2293
19.2293
19.2293
19.2293
19.2293
19.2293
19.2293
19.2293
18.0054
18.0054
18.0054
18.0054
18.0054
18.0054
18.0054
18.0054
16.9044
16.9044
16.9044
16.9044
16.9044
16.9044
16.9044
16.9044
15.9202
15.9202
15.9202
15.9202
15.9202
15.9202
15.9202
15.9202
15.0466
15.0466
15.0466
15.0466
15.0466
15.0466
15.0466
15.0466
14.2777
14.2777
14.2777
14.2777
14.2777
14.2777
14.2777
14.2777
13.6079
13.6079
13.6079
13.6079
13.6079
13.6079
13.6079
13.6079
13.0321
13.0321
13.0321
13.0321
13.0321
13.0321
13.0321
13.0321
33.5717
33.5717
33.5717
33.5717
33.5717
33.5717
33.5717
33.5717
31.3976
31.3976
31.3976
31.3976
31.3976
31.3976
31.3976
31.3976
29.3033
29.3033
29.3033
29.3033
29.3033
29.3033
29.3033
29.3033
27.31
27.31
27.31
27.31
27.31
27.31
27.31
27.31
25.4332
25.4332
25.4332
25.4332
25.4332
25.4332
25.4332
25.4332
23.6832
23.6832
23.6832
23.6832
23.6832
23.6832
23.6832
23.6832
22.0654
22.0654
22.0654
22.0654
22.0654
22.0654
22.0654
22.0654
20.5814
20.5814
20.5814
20.5814
20.5814
20.5814
20.5814
20.5814
19.2293
19.2293
19.2293
19.2293
19.2293
19.2293
19.2293
19.2293
18.0054
18.0054
18.0054
18.0054
18.0054
18.0054
18.0054
18.0054
16.9044
16.9044
16.9044
16.9044
16.9044
16.9044
16.9044
16.9044
15.9202
15.9202
15.9202
15.9202
15.9202
15.9202
15.9202
15.9202
15.0466
15.0466
15.0466
15.0466
15.0466
15.0466
15.0466
15.0466
14.2777
14.2777
14.2777
14.2777
14.2777
14.2777
14.2777
14.2777
13.6079
13.6079
13.6079
13.6079
13.6079
13.6079
13.6079
13.6079
13.0321
13.0321
13.0321
13.0321
13.0321
13.0321
13.0321
13.0321
33.2915
33.2915
33.2915
33.2915
33.2915
33.2915
33.2915
33.2915
30.977
30.977
30.977
30.977
30.977
30.977
30.977
30.977
28.7495
28.7495
28.7495
28.7495
28.7495
28.7495
28.7495
28.7495
26.6378
26.6378
26.6378
26.6378
26.6378
26.6378
26.6378
26.6378
24.6628
24.6628
24.6628
24.6628
24.6628
24.6628
24.6628
24.6628
22.8378
22.8378
22.8378
22.8378
22.8378
22.8378
22.8378
22.8378
21.1691
21.1691
21.1691
21.1691
21.1691
21.1691
21.1691
21.1691
19.6576
19.6576
19.6576
19.6576
19.6576
19.6576
19.6576
19.6576
18.2999
18.2999
18.2999
18.2999
18.2999
18.2999
18.2999
18.2999
17.0897
17.0897
17.0897
17.0897
17.0897
17.0897
17.0897
17.0897
16.0187
16.0187
16.0187
16.0187
16.0187
16.0187
16.0187
16.0187
15.078
15.078
15.078
15.078
15.078
15.078
15.078
15.078
14.2585
14.2585
14.2585
14.2585
14.2585
14.2585
14.2585
14.2585
13.5518
13.5518
13.5518
13.5518
13.5518
13.5518
13.5518
13.5518
12.9501
12.9501
12.9501
12.9501
12.9501
12.9501
12.9501
12.9501
12.4466
12.4466
12.4466
12.4466
12.4466
12.4466
12.4466
12.4466
33.2915
33.2915
33.2915
33.2915
33.2915
33.2915
33.2915
33.2915
30.977
30.977
30.977
30.977
30.977
30.977
30.977
30.977
28.7495
28.7495
28.7495
28.7495
28.7495
28.7495
28.7495
28.7495
26.6378
26.6378
26.6378
26.6378
26.6378
26.6378
26.6378
26.6378
24.6628
24.6628
24.6628
24.6628
24.6628
24.6628
24.6628
24.6628
22.8378
22.8378
22.8378
22.8378
22.8378
22.8378
22.8378
22.8378
21.1691
21.1691
21.1691
21.1691
21.1691
21.1691
21.1691
21.1691
19.6576
19.6576
19.6576
19.6576
19.6576
19.6576
19.6576
19.6576
18.2999
18.2999
18.2999
18.2999
18.2999
18.2999
18.2999
18.2999
17.0897
17.0897
17.0897
17.0897
17.0897
17.0897
17.0897
17.0897
16.0187
16.0187
16.0187
16.0187
16.0187
16.0187
16.0187
16.0187
15.078
15.078
15.078
15.078
15.078
15.078
15.078
15.078
14.2585
14.2585
14.2585
14.2585
14.2585
14.2585
14.2585
14.2585
13.5518
13.5518
13.5518
13.5518
13.5518
13.5518
13.5518
13.5518
12.9501
12.9501
12.9501
12.9501
12.9501
12.9501
12.9501
12.9501
12.4466
12.4466
12.4466
12.4466
12.4466
12.4466
12.4466
12.4466
33.2915
33.2915
33.2915
33.2915
33.2915
33.2915
33.2915
33.2915
30.977
30.977
30.977
30.977
30.977
30.977
30.977
30.977
28.7495
28.7495
28.7495
28.7495
28.7495
28.7495
28.7495
28.7495
26.6378
26.6378
26.6378
26.6378
26.6378
26.6378
26.6378
26.6378
24.6628
24.6628
24.6628
24.6628
24.6628
24.6628
24.6628
24.6628
22.8378
22.8378
22.8378
22.8378
22.8378
22.8378
22.8378
22.8378
21.1691
21.1691
21.1691
21.1691
21.1691
21.1691
21.1691
21.1691
19.6576
19.6576
19.6576
19.6576
19.6576
19.6576
19.6576
19.6576
18.2999
18.2999
18.2999
18.2999
18.2999
18.2999
18.2999
18.2999
17.0897
17.0897
17.0897
17.0897
17.0897
17.0897
17.0897
17.0897
16.0187
16.0187
16.0187
16.0187
16.0187
16.0187
16.0187
16.0187
15.078
15.078
15.078
15.078
15.078
15.078
15.078
15.078
14.2585
14.2585
14.2585
14.2585
14.2585
14.2585
14.2585
14.2585
13.5518
13.5518
13.5518
13.5518
13.5518
13.5518
13.5518
13.5518
12.9501
12.9501
12.9501
12.9501
12.9501
12.9501
12.9501
12.9501
12.4466
12.4466
12.4466
12.4466
12.4466
12.4466
12.4466
12.4466
33.2915
33.2915
33.2915
33.2915
33.2915
33.2915
33.2915
33.2915
30.977
30.977
30.977
30.977
30.977
30.977
30.977
30.977
28.7495
28.7495
28.7495
28.7495
28.7495
28.7495
28.7495
28.7495
26.6378
26.6378
26.6378
26.6378
26.6378
26.6378
26.6378
26.6378
24.6628
24.6628
24.6628
24.6628
24.6628
24.6628
24.6628
24.6628
22.8378
22.8378
22.8378
22.8378
22.8378
22.8378
22.8378
22.8378
21.1691
21.1691
21.1691
21.1691
21.1691
21.1691
21.1691
21.1691
19.6576
19.6576
19.6576
19.6576
19.6576
19.6576
19.6576
19.6576
18.2999
18.2999
18.2999
18.2999
18.2999
18.2999
18.2999
18.2999
17.0897
17.0897
17.0897
17.0897
17.0897
17.0897
17.0897
17.0897
16.0187
16.0187
16.0187
16.0187
16.0187
16.0187
16.0187
16.0187
15.078
15.078
15.078
15.078
15.078
15.078
15.078
15.078
14.2585
14.2585
14.2585
14.2585
14.2585
14.2585
14.2585
14.2585
13.5518
13.5518
13.5518
13.5518
13.5518
13.5518
13.5518
13.5518
12.9501
12.9501
12.9501
12.9501
12.9501
12.9501
12.9501
12.9501
12.4466
12.4466
12.4466
12.4466
12.4466
12.4466
12.4466
12.4466
33.1205
33.1205
33.1205
33.1205
33.1205
33.1205
33.1205
33.1205
30.6729
30.6729
30.6729
30.6729
30.6729
30.6729
30.6729
30.6729
28.3245
28.3245
28.3245
28.3245
28.3245
28.3245
28.3245
28.3245
26.1104
26.1104
26.1104
26.1104
26.1104
26.1104
26.1104
26.1104
24.0548
24.0548
24.0548
24.0548
24.0548
24.0548
24.0548
24.0548
22.1723
22.1723
22.1723
22.1723
22.1723
22.1723
22.1723
22.1723
20.4688
20.4688
20.4688
20.4688
20.4688
20.4688
20.4688
20.4688
18.9435
18.9435
18.9435
18.9435
18.9435
18.9435
18.9435
18.9435
17.5905
17.5905
17.5905
17.5905
17.5905
17.5905
17.5905
17.5905
16.4005
16.4005
16.4005
16.4005
16.4005
16.4005
16.4005
16.4005
15.3626
15.3626
15.3626
15.3626
15.3626
15.3626
15.3626
15.3626
14.4651
14.4651
14.4651
14.4651
14.4651
14.4651
14.4651
14.4651
13.6966
13.6966
13.6966
13.6966
13.6966
13.6966
13.6966
13.6966
13.0467
13.0467
13.0467
13.0467
13.0467
13.0467
13.0467
13.0467
12.5061
12.5061
12.5061
12.5061
12.5061
12.5061
12.5061
12.5061
12.0669
12.0669
12.0669
12.0669
12.0669
12.0669
12.0669
12.0669
33.1205
33.1205
33.1205
33.1205
33.1205
33.1205
33.1205
33.1205
30.6729
30.6729
30.6729
30.6729
30.6729
30.6729
30.6729
30.6729
28.3245
28.3245
28.3245
28.3245
28.3245
28.3245
28.3245
28.3245
26.1104
26.1104
26.1104
26.1104
26.1104
26.1104
26.1104
26.1104
24.0548
24.0548
24.0548
24.0548
24.0548
24.0548
24.0548
24.0548
22.1723
22.1723
22.1723
22.1723
22.1723
22.1723
22.1723
22.1723
20.4688
20.4688
20.4688
20.4688
20.4688
20.4688
20.4688
20.4688
18.9435
18.9435
18.9435
18.9435
18.9435
18.9435
18.9435
18.9435
17.5905
17.5905
17.5905
17.5905
17.5905
17.5905
17.5905
17.5905
16.4005
16.4005
16.4005
16.4005
16.4005
16.4005
16.4005
16.4005
15.3626
15.3626
15.3626
15.3626
15.3626
15.3626
15.3626
15.3626
14.4651
14.4651
14.4651
14.4651
14.4651
14.4651
14.4651
14.4651
13.6966
13.6966
13.6966
13.6966
13.6966
13.6966
13.6966
13.6966
13.0467
13.0467
13.0467
13.0467
13.0467
13.0467
13.0467
13.0467
12.5061
12.5061
12.5061
12.5061
12.5061
12.5061
12.5061
12.5061
12.0669
12.0669
12.0669
12.0669
12.0669
12.0669
12.0669
12.0669
33.1205
33.1205
33.1205
33.1205
33.1205
33.1205
33.1205
33.1205
30.6729
30.6729
30.6729
30.6729
30.6729
30.6729
30.6729
30.6729
28.3245
28.3245
28.3245
28.3245
28.3245
28.3245
28.3245
28.3245
26.1104
26.1104
26.1104
26.1104
26.1104
26.1104
26.1104
26.1104
24.0548
24.0548
24.0548
24.0548
24.0548
24.0548
24.0548
24.0548
22.1723
22.1723
22.1723
22.1723
22.1723
22.1723
22.1723
22.1723
20.4688
20.4688
20.4688
20.4688
20.4688
20.4688
20.4688
20.4688
18.9435
18.9435
18.9435
18.9435
18.9435
18.9435
18.9435
18.9435
17.5905
17.5905
17.5905
17.5905
17.5905
17.5905
17.5905
17.5905
16.4005
16.4005
16.4005
16.4005
16.4005
16.4005
16.4005
16.4005
15.3626
15.3626
15.3626
15.3626
15.3626
15.3626
15.3626
15.3626
14.4651
14.4651
14.4651
14.4651
14.4651
14.4651
14.4651
14.4651
13.6966
13.6966
13.6966
13.6966
13.6966
13.6966
13.6966
13.6966
13.0467
13.0467
13.0467
13.0467
13.0467
13.0467
13.0467
13.0467
12.5061
12.5061
12.5061
12.5061
12.5061
12.5061
12.5061
12.5061
12.0669
12.0669
12.0669
12.0669
12.0669
12.0669
12.0669
12.0669
33.1205
33.1205
33.1205
33.1205
33.1205
33.1205
33.1205
33.1205
30.6729
30.6729
30.6729
30.6729
30.6729
30.6729
30.6729
30.6729
28.3245
28.3245
28.3245
28.3245
28.3245
28.3245
28.3245
28.3245
26.1104
26.1104
26.1104
26.1104
26.1104
26.1104
26.1104
26.1104
24.0548
24.0548
24.0548
24.0548
24.0548
24.0548
24.0548
24.0548
22.1723
22.1723
22.1723
22.1723
22.1723
22.1723
22.1723
22.1723
20.4688
20.4688
20.4688
20.4688
20.4688
20.4688
20.4688
20.4688
18.9435
18.9435
18.9435
18.9435
18.9435
18.9435
18.9435
18.9435
17.5905
17.5905
17.5905
17.5905
17.5905
17.5905
17.5905
17.5905
16.4005
16.4005
16.4005
16.4005
16.4005
16.4005
16.4005
16.4005
15.3626
15.3626
15.3626
15.3626
15.3626
15.3626
15.3626
15.3626
14.4651
14.4651
14.4651
14.4651
14.4651
14.4651
14.4651
14.4651
13.6966
13.6966
13.6966
13.6966
13.6966
13.6966
13.6966
13.6966
13.0467
13.0467
13.0467
13.0467
13.0467
13.0467
13.0467
13.0467
12.5061
12.5061
12.5061
12.5061
12.5061
12.5061
12.5061
12.5061
12.0669
12.0669
12.0669
12.0669
12.0669
12.0669
12.0669
12.0669
