8192
37.8609
37.8609
37.8609
37.8609
37.8609
37.8609
37.8609
37.8609
40.2683
40.2683
40.2683
40.2683
40.2683
40.2683
40.2683
40.2683
42.7641
42.7641
42.7641
42.7641
42.7641
42.7641
42.7641
42.7641
45.3552
45.3552
45.3552
45.3552
45.3552
45.3552
45.3552
45.3552
48.0729
48.0729
48.0729
48.0729
48.0729
48.0729
48.0729
48.0729
50.9738
50.9738
50.9738
50.9738
50.9738
50.9738
50.9738
50.9738
54.1372
54.1372
54.1372
54.1372
54.1372
54.1372
54.1372
54.1372
57.661
57.661
57.661
57.661
57.661
57.661
57.661
57.661
61.6539
61.6539
61.6539
61.6539
61.6539
61.6539
61.6539
61.6539
66.2261
66.2261
66.2261
66.2261
66.2261
66.2261
66.2261
66.2261
71.4778
71.4778
71.4778
71.4778
71.4778
71.4778
71.4778
71.4778
77.4807
77.4807
77.4807
77.4807
77.4807
77.4807
77.4807
77.4807
84.2587
84.2587
84.2587
84.2587
84.2587
84.2587
84.2587
84.2587
91.7602
91.7602
91.7602
91.7602
91.7602
91.7602
91.7602
91.7602
99.8302
99.8302
99.8302
99.8302
99.8302
99.8302
99.8302
99.8302
108.185
108.185
108.185
108.185
108.185
108.185
108.185
108.185
37.8609
37.8609
37.8609
37.8609
37.8609
37.8609
37.8609
37.8609
40.2683
40.2683
40.2683
40.2683
40.2683
40.2683
40.2683
40.2683
42.7641
42.7641
42.7641
42.7641
42.7641
42.7641
42.7641
42.7641
45.3552
45.3552
45.3552
45.3552
45.3552
45.3552
45.3552
45.3552
48.0729
48.0729
48.0729
48.0729
48.0729
48.0729
48.0729
48.0729
50.9738
50.9738
50.9738
50.9738
50.9738
50.9738
50.9738
50.9738
54.1372
54.1372
54.1372
54.1372
54.1372
54.1372
54.1372
54.1372
57.661
57.661
57.661
57.661
57.661
57.661
57.661
57.661
61.6539
61.6539
61.6539
61.6539
61.6539
61.6539
61.6539
61.6539
66.2261
66.2261
66.2261
66.2261
66.2261
66.2261
66.2261
66.2261
71.4778
71.4778
71.4778
71.4778
71.4778
71.4778
71.4778
71.4778
77.4807
77.4807
77.4807
77.4807
77.4807
77.4807
77.4807
77.4807
84.2587
84.2587
84.2587
84.2587
84.2587
84.2587
84.2587
84.2587
91.7602
91.7602
91.7602
91.7602
91.7602
91.7602
91.7602
91.7602
99.8302
99.8302
99.8302
99.8302
99.8302
99.8302
99.8302
99.8302
108.185
108.185
108.185
108.185
108.185
108.185
108.185
108.185
37.8609
37.8609
37.8609
37.8609
37.8609
37.8609
37.8609
37.8609
40.2683
40.2683
40.2683
40.2683
40.2683
40.2683
40.2683
40.2683
42.7641
42.7641
42.7641
42.7641
42.7641
42.7641
42.7641
42.7641
45.3552
45.3552
45.3552
45.3552
45.3552
45.3552
45.3552
45.3552
48.0729
48.0729
48.0729
48.0729
48.0729
48.0729
48.0729
48.0729
50.9738
50.9738
50.9738
50.9738
50.9738
50.9738
50.9738
50.9738
54.1372
54.1372
54.1372
54.1372
54.1372
54.1372
54.1372
54.1372
57.661
57.661
57.661
57.661
57.661
57.661
57.661
57.661
61.6539
61.6539
61.6539
61.6539
61.6539
61.6539
61.6539
61.6539
66.2261
66.2261
66.2261
66.2261
66.2261
66.2261
66.2261
66.2261
71.4778
71.4778
71.4778
71.4778
71.4778
71.4778
71.4778
71.4778
77.4807
77.4807
77.4807
77.4807
77.4807
77.4807
77.4807
77.4807
84.2587
84.2587
84.2587
84.2587
84.2587
84.2587
84.2587
84.2587
91.7602
91.7602
91.7602
91.7602
91.7602
91.7602
91.7602
91.7602
99.8302
99.8302
99.8302
99.8302
99.8302
99.8302
99.8302
99.8302
108.185
108.185
108.185
108.185
108.185
108.185
108.185
108.185
37.8609
37.8609
37.8609
37.8609
37.8609
37.8609
37.8609
37.8609
40.2683
40.2683
40.2683
40.2683
40.2683
40.2683
40.2683
40.2683
42.7641
42.7641
42.7641
42.7641
42.7641
42.7641
42.7641
42.7641
45.3552
45.3552
45.3552
45.3552
45.3552
45.3552
45.3552
45.3552
48.0729
48.0729
48.0729
48.0729
48.0729
48.0729
48.0729
48.0729
50.9738
50.9738
50.9738
50.9738
50.9738
50.9738
50.9738
50.9738
54.1372
54.1372
54.1372
54.1372
54.1372
54.1372
54.1372
54.1372
57.661
57.661
57.661
57.661
57.661
57.661
57.661
57.661
61.6539
61.6539
61.6539
61.6539
61.6539
61.6539
61.6539
61.6539
66.2261
66.2261
66.2261
66.2261
66.2261
66.2261
66.2261
66.2261
71.4778
71.4778
71.4778
71.4778
71.4778
71.4778
71.4778
71.4778
77.4807
77.4807
77.4807
77.4807
77.4807
77.4807
77.4807
77.4807
84.2587
84.2587
84.2587
84.2587
84.2587
84.2587
84.2587
84.2587
91.7602
91.7602
91.7602
91.7602
91.7602
91.7602
91.7602
91.7602
99.8302
99.8302
99.8302
99.8302
99.8302
99.8302
99.8302
99.8302
108.185
108.185
108.185
108.185
108.185
108.185
108.185
108.185
33.5297
33.5297
33.5297
33.5297
33.5297
33.5297
33.5297
33.5297
35.432
35.432
35.432
35.432
35.432
35.432
35.432
35.432
37.4528
37.4528
37.4528
37.4528
37.4528
37.4528
37.4528
37.4528
39.6125
39.6125
39.6125
39.6125
39.6125
39.6125
39.6125
39.6125
41.9517
41.9517
41.9517
41.9517
41.9517
41.9517
41.9517
41.9517
44.5311
44.5311
44.5311
44.5311
44.5311
44.5311
44.5311
44.5311
47.4298
47.4298
47.4298
47.4298
47.4298
47.4298
47.4298
47.4298
50.7425
50.7425
50.7425
50.7425
50.7425
50.7425
50.7425
50.7425
54.5731
54.5731
54.5731
54.5731
54.5731
54.5731
54.5731
54.5731
59.028
59.028
59.028
59.028
59.028
59.028
59.028
59.028
64.2044
64.2044
64.2044
64.2044
64.2044
64.2044
64.2044
64.2044
70.1753
70.1753
70.1753
70.1753
70.1753
70.1753
70.1753
70.1753
76.967
76.967
76.967
76.967
76.967
76.967
76.967
76.967
84.5345
84.5345
84.5345
84.5345
84.5345
84.5345
84.5345
84.5345
92.7284
92.7284
92.7284
92.7284
92.7284
92.7284
92.7284
92.7284
101.27
101.27
101.27
101.27
101.27
101.27
101.27
101.27
33.5297
33.5297
33.5297
33.5297
33.5297
33.5297
33.5297
33.5297
35.432
35.432
35.432
35.432
35.432
35.432
35.432
35.432
37.4528
37.4528
37.4528
37.4528
37.4528
37.4528
37.4528
37.4528
39.6125
39.6125
39.6125
39.6125
39.6125
39.6125
39.6125
39.6125
41.9517
41.9517
41.9517
41.9517
41.9517
41.9517
41.9517
41.9517
44.5311
44.5311
44.5311
44.5311
44.5311
44.5311
44.5311
44.5311
47.4298
47.4298
47.4298
47.4298
47.4298
47.4298
47.4298
47.4298
50.7425
50.7425
50.7425
50.7425
50.7425
50.7425
50.7425
50.7425
54.5731
54.5731
54.5731
54.5731
54.5731
54.5731
54.5731
54.5731
59.028
59.028
59.028
59.028
59.028
59.028
59.028
59.028
64.2044
64.2044
64.2044
64.2044
64.2044
64.2044
64.2044
64.2044
70.1753
70.1753
70.1753
70.1753
70.1753
70.1753
70.1753
70.1753
76.967
76.967
76.967
76.967
76.967
76.967
76.967
76.967
84.5345
84.5345
84.5345
84.5345
84.5345
84.5345
84.5345
84.5345
92.7284
92.7284
92.7284
92.7284
92.7284
92.7284
92.7284
92.7284
101.27
101.27
101.27
101.27
101.27
101.27
101.27
101.27
33.5297
33.5297
33.5297
33.5297
33.5297
33.5297
33.5297
33.5297
35.432
35.432
35.432
35.432
35.432
35.432
35.432
35.432
37.4528
37.4528
37.4528
37.4528
37.4528
37.4528
37.4528
37.4528
39.6125
39.6125
39.6125
39.6125
39.6125
39.6125
39.6125
39.6125
41.9517
41.9517
41.9517
41.9517
41.9517
41.9517
41.9517
41.9517
44.5311
44.5311
44.5311
44.5311
44.5311
44.5311
44.5311
44.5311
47.4298
47.4298
47.4298
47.4298
47.4298
47.4298
47.4298
47.4298
50.7425
50.7425
50.7425
50.7425
50.7425
50.7425
50.7425
50.7425
54.5731
54.5731
54.5731
54.5731
54.5731
54.5731
54.5731
54.5731
59.028
59.028
59.028
59.028
59.028
59.028
59.028
59.028
64.2044
64.2044
64.2044
64.2044
64.2044
64.2044
64.2044
64.2044
70.1753
70.1753
70.1753
70.1753
70.1753
70.1753
70.1753
70.1753
76.967
76.967
76.967
76.967
76.967
76.967
76.967
76.967
84.5345
84.5345
84.5345
84.5345
84.5345
84.5345
84.5345
84.5345
92.7284
92.7284
92.7284
92.7284
92.7284
92.7284
92.7284
92.7284
101.27
101.27
101.27
101.27
101.27
101.27
101.27
101.27
33.5297
33.5297
33.5297
33.5297
33.5297
33.5297
33.5297
33.5297
35.432
35.432
35.432
35.432
35.432
35.432
35.432
35.432
37.4528
37.4528
37.4528
37.4528
37.4528
37.4528
37.4528
37.4528
39.6125
39.6125
39.6125
39.6125
39.6125
39.6125
39.6125
39.6125
41.9517
41.9517
41.9517
41.9517
41.9517
41.9517
41.9517
41.9517
44.5311
44.5311
44.5311
44.5311
44.5311
44.5311
44.5311
44.5311
47.4298
47.4298
47.4298
47.4298
47.4298
47.4298
47.4298
47.4298
50.7425
50.7425
50.7425
50.7425
50.7425
50.7425
50.7425
50.7425
54.5731
54.5731
54.5731
54.5731
54.5731
54.5731
54.5731
54.5731
59.028
59.028
59.028
59.028
59.028
59.028
59.028
59.028
64.2044
64.2044
64.2044
64.2044
64.2044
64.2044
64.2044
64.2044
70.1753
70.1753
70.1753
70.1753
70.1753
70.1753
70.1753
70.1753
76.967
76.967
76.967
76.967
76.967
76.967
76.967
76.967
84.5345
84.5345
84.5345
84.5345
84.5345
84.5345
84.5345
84.5345
92.7284
92.7284
92.7284
92.7284
92.7284
92.7284
92.7284
92.7284
101.27
101.27
101.27
101.27
101.27
101.27
101.27
101.27
29.3369
29.3369
29.3369
29.3369
29.3369
29.3369
29.3369
29.3369
30.8064
30.8064
30.8064
30.8064
30.8064
30.8064
30.8064
30.8064
32.4128
32.4128
32.4128
32.4128
32.4128
32.4128
32.4128
32.4128
34.1845
34.1845
34.1845
34.1845
34.1845
34.1845
34.1845
34.1845
36.1665
36.1665
36.1665
36.1665
36.1665
36.1665
36.1665
36.1665
38.4206
38.4206
38.4206
38.4206
38.4206
38.4206
38.4206
38.4206
41.0239
41.0239
41.0239
41.0239
41.0239
41.0239
41.0239
41.0239
44.0668
44.0668
44.0668
44.0668
44.0668
44.0668
44.0668
44.0668
47.6491
47.6491
47.6491
47.6491
47.6491
47.6491
47.6491
47.6491
51.8738
51.8738
51.8738
51.8738
51.8738
51.8738
51.8738
51.8738
56.837
56.837
56.837
56.837
56.837
56.837
56.837
56.837
62.6146
62.6146
62.6146
62.6146
62.6146
62.6146
62.6146
62.6146
69.2395
69.2395
69.2395
69.2395
69.2395
69.2395
69.2395
69.2395
76.677
76.677
76.677
76.677
76.677
76.677
76.677
76.677
84.7919
84.7919
84.7919
84.7919
84.7919
84.7919
84.7919
84.7919
93.3212
93.3212
93.3212
93.3212
93.3212
93.3212
93.3212
93.3212
29.3369
29.3369
29.3369
29.3369
29.3369
29.3369
29.3369
29.3369
30.8064
30.8064
30.8064
30.8064
30.8064
30.8064
30.8064
30.8064
32.4128
32.4128
32.4128
32.4128
32.4128
32.4128
32.4128
32.4128
34.1845
34.1845
34.1845
34.1845
34.1845
34.1845
34.1845
34.1845
36.1665
36.1665
36.1665
36.1665
36.1665
36.1665
36.1665
36.1665
38.4206
38.4206
38.4206
38.4206
38.4206
38.4206
38.4206
38.4206
41.0239
41.0239
41.0239
41.0239
41.0239
41.0239
41.0239
41.0239
44.0668
44.0668
44.0668
44.0668
44.0668
44.0668
44.0668
44.0668
47.6491
47.6491
47.6491
47.6491
47.6491
47.6491
47.6491
47.6491
51.8738
51.8738
51.8738
51.8738
51.8738
51.8738
51.8738
51.8738
56.837
56.837
56.837
56.837
56.837
56.837
56.837
56.837
62.6146
62.6146
62.6146
62.6146
62.6146
62.6146
62.6146
62.6146
69.2395
69.2395
69.2395
69.2395
69.2395
69.2395
69.2395
69.2395
76.677
76.677
76.677
76.677
76.677
76.677
76.677
76.677
84.7919
84.7919
84.7919
84.7919
84.7919
84.7919
84.7919
84.7919
93.3212
93.3212
93.3212
93.3212
93.3212
93.3212
93.3212
93.3212
29.3369
29.3369
29.3369
29.3369
29.3369
29.3369
29.3369
29.3369
30.8064
30.8064
30.8064
30.8064
30.8064
30.8064
30.8064
30.8064
32.4128
32.4128
32.4128
32.4128
32.4128
32.4128
32.4128
32.4128
34.1845
34.1845
34.1845
34.1845
34.1845
34.1845
34.1845
34.1845
36.1665
36.1665
36.1665
36.1665
36.1665
36.1665
36.1665
36.1665
38.4206
38.4206
38.4206
38.4206
38.4206
38.4206
38.4206
38.4206
41.0239
41.0239
41.0239
41.0239
41.0239
41.0239
41.0239
41.0239
44.0668
44.0668
44.0668
44.0668
44.0668
44.0668
44.0668
44.0668
47.6491
47.6491
47.6491
47.6491
47.6491
47.6491
47.6491
47.6491
51.8738
51.8738
51.8738
51.8738
51.8738
51.8738
51.8738
51.8738
56.837
56.837
56.837
56.837
56.837
56.837
56.837
56.837
62.6146
62.6146
62.6146
62.6146
62.6146
62.6146
62.6146
62.6146
69.2395
69.2395
69.2395
69.2395
69.2395
69.2395
69.2395
69.2395
76.677
76.677
76.677
76.677
76.677
76.677
76.677
76.677
84.7919
84.7919
84.7919
84.7919
84.7919
84.7919
84.7919
84.7919
93.3212
93.3212
93.3212
93.3212
93.3212
93.3212
93.3212
93.3212
29.3369
29.3369
29.3369
29.3369
29.3369
29.3369
29.3369
29.3369
30.8064
30.8064
30.8064
30.8064
30.8064
30.8064
30.8064
30.8064
32.4128
32.4128
32.4128
32.4128
32.4128
32.4128
32.4128
32.4128
34.1845
34.1845
34.1845
34.1845
34.1845
34.1845
34.1845
34.1845
36.1665
36.1665
36.1665
36.1665
36.1665
36.1665
36.1665
36.1665
38.4206
38.4206
38.4206
38.4206
38.4206
38.4206
38.4206
38.4206
41.0239
41.0239
41.0239
41.0239
41.0239
41.0239
41.0239
41.0239
44.0668
44.0668
44.0668
44.0668
44.0668
44.0668
44.0668
44.0668
47.6491
47.6491
47.6491
47.6491
47.6491
47.6491
47.6491
47.6491
51.8738
51.8738
51.8738
51.8738
51.8738
51.8738
51.8738
51.8738
56.837
56.837
56.837
56.837
56.837
56.837
56.837
56.837
62.6146
62.6146
62.6146
62.6146
62.6146
62.6146
62.6146
62.6146
69.2395
69.2395
69.2395
69.2395
69.2395
69.2395
69.2395
69.2395
76.677
76.677
76.677
76.677
76.677
76.677
76.677
76.677
84.7919
84.7919
84.7919
84.7919
84.7919
84.7919
84.7919
84.7919
93.3212
93.3212
93.3212
93.3212
93.3212
93.3212
93.3212
93.3212
25.4912
25.4912
25.4912
25.4912
25.4912
25.4912
25.4912
25.4912
26.6113
26.6113
26.6113
26.6113
26.6113
26.6113
26.6113
26.6113
27.8766
27.8766
27.8766
27.8766
27.8766
27.8766
27.8766
27.8766
29.3191
29.3191
29.3191
29.3191
29.3191
29.3191
29.3191
29.3191
30.9846
30.9846
30.9846
30.9846
30.9846
30.9846
30.9846
30.9846
32.9331
32.9331
32.9331
32.9331
32.9331
32.9331
32.9331
32.9331
35.238
35.238
35.238
35.238
35.238
35.238
35.238
35.238
37.9847
37.9847
37.9847
37.9847
37.9847
37.9847
37.9847
37.9847
41.268
41.268
41.268
41.268
41.268
41.268
41.268
41.268
45.1874
45.1874
45.1874
45.1874
45.1874
45.1874
45.1874
45.1874
49.8381
49.8381
49.8381
49.8381
49.8381
49.8381
49.8381
49.8381
55.2985
55.2985
55.2985
55.2985
55.2985
55.2985
55.2985
55.2985
61.6099
61.6099
61.6099
61.6099
61.6099
61.6099
61.6099
61.6099
68.7503
68.7503
68.7503
68.7503
68.7503
68.7503
68.7503
68.7503
76.6035
76.6035
76.6035
76.6035
76.6035
76.6035
76.6035
76.6035
84.9298
84.9298
84.9298
84.9298
84.9298
84.9298
84.9298
84.9298
25.4912
25.4912
25.4912
25.4912
25.4912
25.4912
25.4912
25.4912
26.6113
26.6113
26.6113
26.6113
26.6113
26.6113
26.6113
26.6113
27.8766
27.8766
27.8766
27.8766
27.8766
27.8766
27.8766
27.8766
29.3191
29.3191
29.3191
29.3191
29.3191
29.3191
29.3191
29.3191
30.9846
30.9846
30.9846
30.9846
30.9846
30.9846
30.9846
30.9846
32.9331
32.9331
32.9331
32.9331
32.9331
32.9331
32.9331
32.9331
35.238
35.238
35.238
35.238
35.238
35.238
35.238
35.238
37.9847
37.9847
37.9847
37.9847
37.9847
37.9847
37.9847
37.9847
41.268
41.268
41.268
41.268
41.268
41.268
41.268
41.268
45.1874
45.1874
45.1874
45.1874
45.1874
45.1874
45.1874
45.1874
49.8381
49.8381
49.8381
49.8381
49.8381
49.8381
49.8381
49.8381
55.2985
55.2985
55.2985
55.2985
55.2985
55.2985
55.2985
55.2985
61.6099
61.6099
61.6099
61.6099
61.6099
61.6099
61.6099
61.6099
68.7503
68.7503
68.7503
68.7503
68.7503
68.7503
68.7503
68.7503
76.6035
76.6035
76.6035
76.6035
76.6035
76.6035
76.6035
76.6035
84.9298
84.9298
84.9298
84.9298
84.9298
84.9298
84.9298
84.9298
25.4912
25.4912
25.4912
25.4912
25.4912
25.4912
25.4912
25.4912
26.6113
26.6113
26.6113
26.6113
26.6113
26.6113
26.6113
26.6113
27.8766
27.8766
27.8766
27.8766
27.8766
27.8766
27.8766
27.8766
29.3191
29.3191
29.3191
29.3191
29.3191
29.3191
29.3191
29.3191
30.9846
30.9846
30.9846
30.9846
30.9846
30.9846
30.9846
30.9846
32.9331
32.9331
32.9331
32.9331
32.9331
32.9331
32.9331
32.9331
35.238
35.238
35.238
35.238
35.238
35.238
35.238
35.238
37.9847
37.9847
37.9847
37.9847
37.9847
37.9847
37.9847
37.9847
41.268
41.268
41.268
41.268
41.268
41.268
41.268
41.268
45.1874
45.1874
45.1874
45.1874
45.1874
45.1874
45.1874
45.1874
49.8381
49.8381
49.8381
49.8381
49.8381
49.8381
49.8381
49.8381
55.2985
55.2985
55.2985
55.2985
55.2985
55.2985
55.2985
55.2985
61.6099
61.6099
61.6099
61.6099
61.6099
61.6099
61.6099
61.6099
68.7503
68.7503
68.7503
68.7503
68.7503
68.7503
68.7503
68.7503
76.6035
76.6035
76.6035
76.6035
76.6035
76.6035
76.6035
76.6035
84.9298
84.9298
84.9298
84.9298
84.9298
84.9298
84.9298
84.9298
25.4912
25.4912
25.4912
25.4912
25.4912
25.4912
25.4912
25.4912
26.6113
26.6113
26.6113
26.6113
26.6113
26.6113
26.6113
26.6113
27.8766
27.8766
27.8766
27.8766
27.8766
27.8766
27.8766
27.8766
29.3191
29.3191
29.3191
29.3191
29.3191
29.3191
29.3191
29.3191
30.9846
30.9846
30.9846
30.9846
30.9846
30.9846
30.9846
30.9846
32.9331
32.9331
32.9331
32.9331
32.9331
32.9331
32.9331
32.9331
35.238
35.238
35.238
35.238
35.238
35.238
35.238
35.238
37.9847
37.9847
37.9847
37.9847
37.9847
37.9847
37.9847
37.9847
41.268
41.268
41.268
41.268
41.268
41.268
41.268
41.268
45.1874
45.1874
45.1874
45.1874
45.1874
45.1874
45.1874
45.1874
49.8381
49.8381
49.8381
49.8381
49.8381
49.8381
49.8381
49.8381
55.2985
55.2985
55.2985
55.2985
55.2985
55.2985
55.2985
55.2985
61.6099
61.6099
61.6099
61.6099
61.6099
61.6099
61.6099
61.6099
68.7503
68.7503
68.7503
68.7503
68.7503
68.7503
68.7503
68.7503
76.6035
76.6035
76.6035
76.6035
76.6035
76.6035
76.6035
76.6035
84.9298
84.9298
84.9298
84.9298
84.9298
84.9298
84.9298
84.9298
22.1299
22.1299
22.1299
22.1299
22.1299
22.1299
22.1299
22.1299
22.9829
22.9829
22.9829
22.9829
22.9829
22.9829
22.9829
22.9829
23.9813
23.9813
23.9813
23.9813
23.9813
23.9813
23.9813
23.9813
25.158
25.158
25.158
25.158
25.158
25.158
25.158
25.158
26.5571
26.5571
26.5571
26.5571
26.5571
26.5571
26.5571
26.5571
28.235
28.235
28.235
28.235
28.235
28.235
28.235
28.235
30.2601
30.2601
30.2601
30.2601
30.2601
30.2601
30.2601
30.2601
32.7118
32.7118
32.7118
32.7118
32.7118
32.7118
32.7118
32.7118
35.6795
35.6795
35.6795
35.6795
35.6795
35.6795
35.6795
35.6795
39.2577
39.2577
39.2577
39.2577
39.2577
39.2577
39.2577
39.2577
43.5399
43.5399
43.5399
43.5399
43.5399
43.5399
43.5399
43.5399
48.6058
48.6058
48.6058
48.6058
48.6058
48.6058
48.6058
48.6058
54.5037
54.5037
54.5037
54.5037
54.5037
54.5037
54.5037
54.5037
61.2248
61.2248
61.2248
61.2248
61.2248
61.2248
61.2248
61.2248
68.6743
68.6743
68.6743
68.6743
68.6743
68.6743
68.6743
68.6743
76.6394
76.6394
76.6394
76.6394
76.6394
76.6394
76.6394
76.6394
22.1299
22.1299
22.1299
22.1299
22.1299
22.1299
22.1299
22.1299
22.9829
22.9829
22.9829
22.9829
22.9829
22.9829
22.9829
22.9829
23.9813
23.9813
23.9813
23.9813
23.9813
23.9813
23.9813
23.9813
25.158
25.158
25.158
25.158
25.158
25.158
25.158
25.158
26.5571
26.5571
26.5571
26.5571
26.5571
26.5571
26.5571
26.5571
28.235
28.235
28.235
28.235
28.235
28.235
28.235
28.235
30.2601
30.2601
30.2601
30.2601
30.2601
30.2601
30.2601
30.2601
32.7118
32.7118
32.7118
32.7118
32.7118
32.7118
32.7118
32.7118
35.6795
35.6795
35.6795
35.6795
35.6795
35.6795
35.6795
35.6795
39.2577
39.2577
39.2577
39.2577
39.2577
39.2577
39.2577
39.2577
43.5399
43.5399
43.5399
43.5399
43.5399
43.5399
43.5399
43.5399
48.6058
48.6058
48.6058
48.6058
48.6058
48.6058
48.6058
48.6058
54.5037
54.5037
54.5037
54.5037
54.5037
54.5037
54.5037
54.5037
61.2248
61.2248
61.2248
61.2248
61.2248
61.2248
61.2248
61.2248
68.6743
68.6743
68.6743
68.6743
68.6743
68.6743
68.6743
68.6743
76.6394
76.6394
76.6394
76.6394
76.6394
76.6394
76.6394
76.6394
22.1299
22.1299
22.1299
22.1299
22.1299
22.1299
22.1299
22.1299
22.9829
22.9829
22.9829
22.9829
22.9829
22.9829
22.9829
22.9829
23.9813
23.9813
23.9813
23.9813
23.9813
23.9813
23.9813
23.9813
25.158
25.158
25.158
25.158
25.158
25.158
25.158
25.158
26.5571
26.5571
26.5571
26.5571
26.5571
26.5571
26.5571
26.5571
28.235
28.235
28.235
28.235
28.235
28.235
28.235
28.235
30.2601
30.2601
30.2601
30.2601
30.2601
30.2601
30.2601
30.2601
32.7118
32.7118
32.7118
32.7118
32.7118
32.7118
32.7118
32.7118
35.6795
35.6795
35.6795
35.6795
35.6795
35.6795
35.6795
35.6795
39.2577
39.2577
39.2577
39.2577
39.2577
39.2577
39.2577
39.2577
43.5399
43.5399
43.5399
43.5399
43.5399
43.5399
43.5399
43.5399
48.6058
48.6058
48.6058
48.6058
48.6058
48.6058
48.6058
48.6058
54.5037
54.5037
54.5037
54.5037
54.5037
54.5037
54.5037
54.5037
61.2248
61.2248
61.2248
61.2248
61.2248
61.2248
61.2248
61.2248
68.6743
68.6743
68.6743
68.6743
68.6743
68.6743
68.6743
68.6743
76.6394
76.6394
76.6394
76.6394
76.6394
76.6394
76.6394
76.6394
22.1299
22.1299
22.1299
22.1299
22.1299
22.1299
22.1299
22.1299
22.9829
22.9829
22.9829
22.9829
22.9829
22.9829
22.9829
22.9829
23.9813
23.9813
23.9813
23.9813
23.9813
23.9813
23.9813
23.9813
25.158
25.158
25.158
25.158
25.158
25.158
25.158
25.158
26.5571
26.5571
26.5571
26.5571
26.5571
26.5571
26.5571
26.5571
28.235
28.235
28.235
28.235
28.235
28.235
28.235
28.235
30.2601
30.2601
30.2601
30.2601
30.2601
30.2601
30.2601
30.2601
32.7118
32.7118
32.7118
32.7118
32.7118
32.7118
32.7118
32.7118
35.6795
35.6795
35.6795
35.6795
35.6795
35.6795
35.6795
35.6795
39.2577
39.2577
39.2577
39.2577
39.2577
39.2577
39.2577
39.2577
43.5399
43.5399
43.5399
43.5399
43.5399
43.5399
43.5399
43.5399
48.6058
48.6058
48.6058
48.6058
48.6058
48.6058
48.6058
48.6058
54.5037
54.5037
54.5037
54.5037
54.5037
54.5037
54.5037
54.5037
61.2248
61.2248
61.2248
61.2248
61.2248
61.2248
61.2248
61.2248
68.6743
68.6743
68.6743
68.6743
68.6743
68.6743
68.6743
68.6743
76.6394
76.6394
76.6394
76.6394
76.6394
76.6394
76.6394
76.6394
19.3199
19.3199
19.3199
19.3199
19.3199
19.3199
19.3199
19.3199
19.9787
19.9787
19.9787
19.9787
19.9787
19.9787
19.9787
19.9787
20.7781
20.7781
20.7781
20.7781
20.7781
20.7781
20.7781
20.7781
21.7495
21.7495
21.7495
21.7495
21.7495
21.7495
21.7495
21.7495
22.9341
22.9341
22.9341
22.9341
22.9341
22.9341
22.9341
22.9341
24.384
24.384
24.384
24.384
24.384
24.384
24.384
24.384
26.1616
26.1616
26.1616
26.1616
26.1616
26.1616
26.1616
26.1616
28.3401
28.3401
28.3401
28.3401
28.3401
28.3401
28.3401
28.3401
31.0022
31.0022
31.0022
31.0022
31.0022
31.0022
31.0022
31.0022
34.2371
34.2371
34.2371
34.2371
34.2371
34.2371
34.2371
34.2371
38.1343
38.1343
38.1343
38.1343
38.1343
38.1343
38.1343
38.1343
42.7731
42.7731
42.7731
42.7731
42.7731
42.7731
42.7731
42.7731
48.2064
48.2064
48.2064
48.2064
48.2064
48.2064
48.2064
48.2064
54.4374
54.4374
54.4374
54.4374
54.4374
54.4374
54.4374
54.4374
61.3906
61.3906
61.3906
61.3906
61.3906
61.3906
61.3906
61.3906
68.8828
68.8828
68.8828
68.8828
68.8828
68.8828
68.8828
68.8828
19.3199
19.3199
19.3199
19.3199
19.3199
19.3199
19.3199
19.3199
19.9787
19.9787
19.9787
19.9787
19.9787
19.9787
19.9787
19.9787
20.7781
20.7781
20.7781
20.7781
20.7781
20.7781
20.7781
20.7781
21.7495
21.7495
21.7495
21.7495
21.7495
21.7495
21.7495
21.7495
22.9341
22.9341
22.9341
22.9341
22.9341
22.9341
22.9341
22.9341
24.384
24.384
24.384
24.384
24.384
24.384
24.384
24.384
26.1616
26.1616
26.1616
26.1616
26.1616
26.1616
26.1616
26.1616
28.3401
28.3401
28.3401
28.3401
28.3401
28.3401
28.3401
28.3401
31.0022
31.0022
31.0022
31.0022
31.0022
31.0022
31.0022
31.0022
34.2371
34.2371
34.2371
34.2371
34.2371
34.2371
34.2371
34.2371
38.1343
38.1343
38.1343
38.1343
38.1343
38.1343
38.1343
38.1343
42.7731
42.7731
42.7731
42.7731
42.7731
42.7731
42.7731
42.7731
48.2064
48.2064
48.2064
48.2064
48.2064
48.2064
48.2064
48.2064
54.4374
54.4374
54.4374
54.4374
54.4374
54.4374
54.4374
54.4374
61.3906
61.3906
61.3906
61.3906
61.3906
61.3906
61.3906
61.3906
68.8828
68.8828
68.8828
68.8828
68.8828
68.8828
68.8828
68.8828
19.3199
19.3199
19.3199
19.3199
19.3199
19.3199
19.3199
19.3199
19.9787
19.9787
19.9787
19.9787
19.9787
19.9787
19.9787
19.9787
20.7781
20.7781
20.7781
20.7781
20.7781
20.7781
20.7781
20.7781
21.7495
21.7495
21.7495
21.7495
21.7495
21.7495
21.7495
21.7495
22.9341
22.9341
22.9341
22.9341
22.9341
22.9341
22.9341
22.9341
24.384
24.384
24.384
24.384
24.384
24.384
24.384
24.384
26.1616
26.1616
26.1616
26.1616
26.1616
26.1616
26.1616
26.1616
28.3401
28.3401
28.3401
28.3401
28.3401
28.3401
28.3401
28.3401
31.0022
31.0022
31.0022
31.0022
31.0022
31.0022
31.0022
31.0022
34.2371
34.2371
34.2371
34.2371
34.2371
34.2371
34.2371
34.2371
38.1343
38.1343
38.1343
38.1343
38.1343
38.1343
38.1343
38.1343
42.7731
42.7731
42.7731
42.7731
42.7731
42.7731
42.7731
42.7731
48.2064
48.2064
48.2064
48.2064
48.2064
48.2064
48.2064
48.2064
54.4374
54.4374
54.4374
54.4374
54.4374
54.4374
54.4374
54.4374
61.3906
61.3906
61.3906
61.3906
61.3906
61.3906
61.3906
61.3906
68.8828
68.8828
68.8828
68.8828
68.8828
68.8828
68.8828
68.8828
19.3199
19.3199
19.3199
19.3199
19.3199
19.3199
19.3199
19.3199
19.9787
19.9787
19.9787
19.9787
19.9787
19.9787
19.9787
19.9787
20.7781
20.7781
20.7781
20.7781
20.7781
20.7781
20.7781
20.7781
21.7495
21.7495
21.7495
21.7495
21.7495
21.7495
21.7495
21.7495
22.9341
22.9341
22.9341
22.9341
22.9341
22.9341
22.9341
22.9341
24.384
24.384
24.384
24.384
24.384
24.384
24.384
24.384
26.1616
26.1616
26.1616
26.1616
26.1616
26.1616
26.1616
26.1616
28.3401
28.3401
28.3401
28.3401
28.3401
28.3401
28.3401
28.3401
31.0022
31.0022
31.0022
31.0022
31.0022
31.0022
31.0022
31.0022
34.2371
34.2371
34.2371
34.2371
34.2371
34.2371
34.2371
34.2371
38.1343
38.1343
38.1343
38.1343
38.1343
38.1343
38.1343
38.1343
42.7731
42.7731
42.7731
42.7731
42.7731
42.7731
42.7731
42.7731
48.2064
48.2064
48.2064
48.2064
48.2064
48.2064
48.2064
48.2064
54.4374
54.4374
54.4374
54.4374
54.4374
54.4374
54.4374
54.4374
61.3906
61.3906
61.3906
61.3906
61.3906
61.3906
61.3906
61.3906
68.8828
68.8828
68.8828
68.8828
68.8828
68.8828
68.8828
68.8828
17.0722
17.0722
17.0722
17.0722
17.0722
17.0722
17.0722
17.0722
17.5978
17.5978
17.5978
17.5978
17.5978
17.5978
17.5978
17.5978
18.2557
18.2557
18.2557
18.2557
18.2557
18.2557
18.2557
18.2557
19.0753
19.0753
19.0753
19.0753
19.0753
19.0753
19.0753
19.0753
20.0944
20.0944
20.0944
20.0944
20.0944
20.0944
20.0944
20.0944
21.3602
21.3602
21.3602
21.3602
21.3602
21.3602
21.3602
21.3602
22.9295
22.9295
22.9295
22.9295
22.9295
22.9295
22.9295
22.9295
24.8689
24.8689
24.8689
24.8689
24.8689
24.8689
24.8689
24.8689
27.2541
27.2541
27.2541
27.2541
27.2541
27.2541
27.2541
27.2541
30.1677
30.1677
30.1677
30.1677
30.1677
30.1677
30.1677
30.1677
33.6941
33.6941
33.6941
33.6941
33.6941
33.6941
33.6941
33.6941
37.9098
37.9098
37.9098
37.9098
37.9098
37.9098
37.9098
37.9098
42.8697
42.8697
42.8697
42.8697
42.8697
42.8697
42.8697
42.8697
48.5851
48.5851
48.5851
48.5851
48.5851
48.5851
48.5851
48.5851
54.9983
54.9983
54.9983
54.9983
54.9983
54.9983
54.9983
54.9983
61.9542
61.9542
61.9542
61.9542
61.9542
61.9542
61.9542
61.9542
17.0722
17.0722
17.0722
17.0722
17.0722
17.0722
17.0722
17.0722
17.5978
17.5978
17.5978
17.5978
17.5978
17.5978
17.5978
17.5978
18.2557
18.2557
18.2557
18.2557
18.2557
18.2557
18.2557
18.2557
19.0753
19.0753
19.0753
19.0753
19.0753
19.0753
19.0753
19.0753
20.0944
20.0944
20.0944
20.0944
20.0944
20.0944
20.0944
20.0944
21.3602
21.3602
21.3602
21.3602
21.3602
21.3602
21.3602
21.3602
22.9295
22.9295
22.9295
22.9295
22.9295
22.9295
22.9295
22.9295
24.8689
24.8689
24.8689
24.8689
24.8689
24.8689
24.8689
24.8689
27.2541
27.2541
27.2541
27.2541
27.2541
27.2541
27.2541
27.2541
30.1677
30.1677
30.1677
30.1677
30.1677
30.1677
30.1677
30.1677
33.6941
33.6941
33.6941
33.6941
33.6941
33.6941
33.6941
33.6941
37.9098
37.9098
37.9098
37.9098
37.9098
37.9098
37.9098
37.9098
42.8697
42.8697
42.8697
42.8697
42.8697
42.8697
42.8697
42.8697
48.5851
48.5851
48.5851
48.5851
48.5851
48.5851
48.5851
48.5851
54.9983
54.9983
54.9983
54.9983
54.9983
54.9983
54.9983
54.9983
61.9542
61.9542
61.9542
61.9542
61.9542
61.9542
61.9542
61.9542
17.0722
17.0722
17.0722
17.0722
17.0722
17.0722
17.0722
17.0722
17.5978
17.5978
17.5978
17.5978
17.5978
17.5978
17.5978
17.5978
18.2557
18.2557
18.2557
18.2557
18.2557
18.2557
18.2557
18.2557
19.0753
19.0753
19.0753
19.0753
19.0753
19.0753
19.0753
19.0753
20.0944
20.0944
20.0944
20.0944
20.0944
20.0944
20.0944
20.0944
21.3602
21.3602
21.3602
21.3602
21.3602
21.3602
21.3602
21.3602
22.9295
22.9295
22.9295
22.9295
22.9295
22.9295
22.9295
22.9295
24.8689
24.8689
24.8689
24.8689
24.8689
24.8689
24.8689
24.8689
27.2541
27.2541
27.2541
27.2541
27.2541
27.2541
27.2541
27.2541
30.1677
30.1677
30.1677
30.1677
30.1677
30.1677
30.1677
30.1677
33.6941
33.6941
33.6941
33.6941
33.6941
33.6941
33.6941
33.6941
37.9098
37.9098
37.9098
37.9098
37.9098
37.9098
37.9098
37.9098
42.8697
42.8697
42.8697
42.8697
42.8697
42.8697
42.8697
42.8697
48.5851
48.5851
48.5851
48.5851
48.5851
48.5851
48.5851
48.5851
54.9983
54.9983
54.9983
54.9983
54.9983
54.9983
54.9983
54.9983
61.9542
61.9542
61.9542
61.9542
61.9542
61.9542
61.9542
61.9542
17.0722
17.0722
17.0722
17.0722
17.0722
17.0722
17.0722
17.0722
17.5978
17.5978
17.5978
17.5978
17.5978
17.5978
17.5978
17.5978
18.2557
18.2557
18.2557
18.2557
18.2557
18.2557
18.2557
18.2557
19.0753
19.0753
19.0753
19.0753
19.0753
19.0753
19.0753
19.0753
20.0944
20.0944
20.0944
20.0944
20.0944
20.0944
20.0944
20.0944
21.3602
21.3602
21.3602
21.3602
21.3602
21.3602
21.3602
21.3602
22.9295
22.9295
22.9295
22.9295
22.9295
22.9295
22.9295
22.9295
24.8689
24.8689
24.8689
24.8689
24.8689
24.8689
24.8689
24.8689
27.2541
27.2541
27.2541
27.2541
27.2541
27.2541
27.2541
27.2541
30.1677
30.1677
30.1677
30.1677
30.1677
30.1677
30.1677
30.1677
33.6941
33.6941
33.6941
33.6941
33.6941
33.6941
33.6941
33.6941
37.9098
37.9098
37.9098
37.9098
37.9098
37.9098
37.9098
37.9098
42.8697
42.8697
42.8697
42.8697
42.8697
42.8697
42.8697
42.8697
48.5851
48.5851
48.5851
48.5851
48.5851
48.5851
48.5851
48.5851
54.9983
54.9983
54.9983
54.9983
54.9983
54.9983
54.9983
54.9983
61.9542
61.9542
61.9542
61.9542
61.9542
61.9542
61.9542
61.9542
15.363
15.363
15.363
15.363
15.363
15.363
15.363
15.363
15.8038
15.8038
15.8038
15.8038
15.8038
15.8038
15.8038
15.8038
16.3673
16.3673
16.3673
16.3673
16.3673
16.3673
16.3673
16.3673
17.0803
17.0803
17.0803
17.0803
17.0803
17.0803
17.0803
17.0803
17.9774
17.9774
17.9774
17.9774
17.9774
17.9774
17.9774
17.9774
19.1012
19.1012
19.1012
19.1012
19.1012
19.1012
19.1012
19.1012
20.5028
20.5028
20.5028
20.5028
20.5028
20.5028
20.5028
20.5028
22.2427
22.2427
22.2427
22.2427
22.2427
22.2427
22.2427
22.2427
24.3894
24.3894
24.3894
24.3894
24.3894
24.3894
24.3894
24.3894
27.0185
27.0185
27.0185
27.0185
27.0185
27.0185
27.0185
27.0185
30.2077
30.2077
30.2077
30.2077
30.2077
30.2077
30.2077
30.2077
34.0293
34.0293
34.0293
34.0293
34.0293
34.0293
34.0293
34.0293
38.537
38.537
38.537
38.537
38.537
38.537
38.537
38.537
43.7472
43.7472
43.7472
43.7472
43.7472
43.7472
43.7472
43.7472
49.6162
49.6162
49.6162
49.6162
49.6162
49.6162
49.6162
49.6162
56.0133
56.0133
56.0133
56.0133
56.0133
56.0133
56.0133
56.0133
15.363
15.363
15.363
15.363
15.363
15.363
15.363
15.363
15.8038
15.8038
15.8038
15.8038
15.8038
15.8038
15.8038
15.8038
16.3673
16.3673
16.3673
16.3673
16.3673
16.3673
16.3673
16.3673
17.0803
17.0803
17.0803
17.0803
17.0803
17.0803
17.0803
17.0803
17.9774
17.9774
17.9774
17.9774
17.9774
17.9774
17.9774
17.9774
19.1012
19.1012
19.1012
19.1012
19.1012
19.1012
19.1012
19.1012
20.5028
20.5028
20.5028
20.5028
20.5028
20.5028
20.5028
20.5028
22.2427
22.2427
22.2427
22.2427
22.2427
22.2427
22.2427
22.2427
24.3894
24.3894
24.3894
24.3894
24.3894
24.3894
24.3894
24.3894
27.0185
27.0185
27.0185
27.0185
27.0185
27.0185
27.0185
27.0185
30.2077
30.2077
30.2077
30.2077
30.2077
30.2077
30.2077
30.2077
34.0293
34.0293
34.0293
34.0293
34.0293
34.0293
34.0293
34.0293
38.537
38.537
38.537
38.537
38.537
38.537
38.537
38.537
43.7472
43.7472
43.7472
43.7472
43.7472
43.7472
43.7472
43.7472
49.6162
49.6162
49.6162
49.6162
49.6162
49.6162
49.6162
49.6162
56.0133
56.0133
56.0133
56.0133
56.0133
56.0133
56.0133
56.0133
15.363
15.363
15.363
15.363
15.363
15.363
15.363
15.363
15.8038
15.8038
15.8038
15.8038
15.8038
15.8038
15.8038
15.8038
16.3673
16.3673
16.3673
16.3673
16.3673
16.3673
16.3673
16.3673
17.0803
17.0803
17.0803
17.0803
17.0803
17.0803
17.0803
17.0803
17.9774
17.9774
17.9774
17.9774
17.9774
17.9774
17.9774
17.9774
19.1012
19.1012
19.1012
19.1012
19.1012
19.1012
19.1012
19.1012
20.5028
20.5028
20.5028
20.5028
20.5028
20.5028
20.5028
20.5028
22.2427
22.2427
22.2427
22.2427
22.2427
22.2427
22.2427
22.2427
24.3894
24.3894
24.3894
24.3894
24.3894
24.3894
24.3894
24.3894
27.0185
27.0185
27.0185
27.0185
27.0185
27.0185
27.0185
27.0185
30.2077
30.2077
30.2077
30.2077
30.2077
30.2077
30.2077
30.2077
34.0293
34.0293
34.0293
34.0293
34.0293
34.0293
34.0293
34.0293
38.537
38.537
38.537
38.537
38.537
38.537
38.537
38.537
43.7472
43.7472
43.7472
43.7472
43.7472
43.7472
43.7472
43.7472
49.6162
49.6162
49.6162
49.6162
49.6162
49.6162
49.6162
49.6162
56.0133
56.0133
56.0133
56.0133
56.0133
56.0133
56.0133
56.0133
15.363
15.363
15.363
15.363
15.363
15.363
15.363
15.363
15.8038
15.8038
15.8038
15.8038
15.8038
15.8038
15.8038
15.8038
16.3673
16.3673
16.3673
16.3673
16.3673
16.3673
16.3673
16.3673
17.0803
17.0803
17.0803
17.0803
17.0803
17.0803
17.0803
17.0803
17.9774
17.9774
17.9774
17.9774
17.9774
17.9774
17.9774
17.9774
19.1012
19.1012
19.1012
19.1012
19.1012
19.1012
19.1012
19.1012
20.5028
20.5028
20.5028
20.5028
20.5028
20.5028
20.5028
20.5028
22.2427
22.2427
22.2427
22.2427
22.2427
22.2427
22.2427
22.2427
24.3894
24.3894
24.3894
24.3894
24.3894
24.3894
24.3894
24.3894
27.0185
27.0185
27.0185
27.0185
27.0185
27.0185
27.0185
27.0185
30.2077
30.2077
30.2077
30.2077
30.2077
30.2077
30.2077
30.2077
34.0293
34.0293
34.0293
34.0293
34.0293
34.0293
34.0293
34.0293
38.537
38.537
38.537
38.537
38.537
38.537
38.537
38.537
43.7472
43.7472
43.7472
43.7472
43.7472
43.7472
43.7472
43.7472
49.6162
49.6162
49.6162
49.6162
49.6162
49.6162
49.6162
49.6162
56.0133
56.0133
56.0133
56.0133
56.0133
56.0133
56.0133
56.0133
14.1517
14.1517
14.1517
14.1517
14.1517
14.1517
14.1517
14.1517
14.5464
14.5464
14.5464
14.5464
14.5464
14.5464
14.5464
14.5464
15.0535
15.0535
15.0535
15.0535
15.0535
15.0535
15.0535
15.0535
15.6977
15.6977
15.6977
15.6977
15.6977
15.6977
15.6977
15.6977
16.5105
16.5105
16.5105
16.5105
16.5105
16.5105
16.5105
16.5105
17.5302
17.5302
17.5302
17.5302
17.5302
17.5302
17.5302
17.5302
18.803
18.803
18.803
18.803
18.803
18.803
18.803
18.803
20.3834
20.3834
20.3834
20.3834
20.3834
20.3834
20.3834
20.3834
22.3331
22.3331
22.3331
22.3331
22.3331
22.3331
22.3331
22.3331
24.7205
24.7205
24.7205
24.7205
24.7205
24.7205
24.7205
24.7205
27.6159
27.6159
27.6159
27.6159
27.6159
27.6159
27.6159
27.6159
31.0857
31.0857
31.0857
31.0857
31.0857
31.0857
31.0857
31.0857
35.1802
35.1802
35.1802
35.1802
35.1802
35.1802
35.1802
35.1802
39.9181
39.9181
39.9181
39.9181
39.9181
39.9181
39.9181
39.9181
45.2654
45.2654
45.2654
45.2654
45.2654
45.2654
45.2654
45.2654
51.1128
51.1128
51.1128
51.1128
51.1128
51.1128
51.1128
51.1128
14.1517
14.1517
14.1517
14.1517
14.1517
14.1517
14.1517
14.1517
14.5464
14.5464
14.5464
14.5464
14.5464
14.5464
14.5464
14.5464
15.0535
15.0535
15.0535
15.0535
15.0535
15.0535
15.0535
15.0535
15.6977
15.6977
15.6977
15.6977
15.6977
15.6977
15.6977
15.6977
16.5105
16.5105
16.5105
16.5105
16.5105
16.5105
16.5105
16.5105
17.5302
17.5302
17.5302
17.5302
17.5302
17.5302
17.5302
17.5302
18.803
18.803
18.803
18.803
18.803
18.803
18.803
18.803
20.3834
20.3834
20.3834
20.3834
20.3834
20.3834
20.3834
20.3834
22.3331
22.3331
22.3331
22.3331
22.3331
22.3331
22.3331
22.3331
24.7205
24.7205
24.7205
24.7205
24.7205
24.7205
24.7205
24.7205
27.6159
27.6159
27.6159
27.6159
27.6159
27.6159
27.6159
27.6159
31.0857
31.0857
31.0857
31.0857
31.0857
31.0857
31.0857
31.0857
35.1802
35.1802
35.1802
35.1802
35.1802
35.1802
35.1802
35.1802
39.9181
39.9181
39.9181
39.9181
39.9181
39.9181
39.9181
39.9181
45.2654
45.2654
45.2654
45.2654
45.2654
45.2654
45.2654
45.2654
51.1128
51.1128
51.1128
51.1128
51.1128
51.1128
51.1128
51.1128
14.1517
14.1517
14.1517
14.1517
14.1517
14.1517
14.1517
14.1517
14.5464
14.5464
14.5464
14.5464
14.5464
14.5464
14.5464
14.5464
15.0535
15.0535
15.0535
15.0535
15.0535
15.0535
15.0535
15.0535
15.6977
15.6977
15.6977
15.6977
15.6977
15.6977
15.6977
15.6977
16.5105
16.5105
16.5105
16.5105
16.5105
16.5105
16.5105
16.5105
17.5302
17.5302
17.5302
17.5302
17.5302
17.5302
17.5302
17.5302
18.803
18.803
18.803
18.803
18.803
18.803
18.803
18.803
20.3834
20.3834
20.3834
20.3834
20.3834
20.3834
20.3834
20.3834
22.3331
22.3331
22.3331
22.3331
22.3331
22.3331
22.3331
22.3331
24.7205
24.7205
24.7205
24.7205
24.7205
24.7205
24.7205
24.7205
27.6159
27.6159
27.6159
27.6159
27.6159
27.6159
27.6159
27.6159
31.0857
31.0857
31.0857
31.0857
31.0857
31.0857
31.0857
31.0857
35.1802
35.1802
35.1802
35.1802
35.1802
35.1802
35.1802
35.1802
39.9181
39.9181
39.9181
39.9181
39.9181
39.9181
39.9181
39.9181
45.2654
45.2654
45.2654
45.2654
45.2654
45.2654
45.2654
45.2654
51.1128
51.1128
51.1128
51.1128
51.1128
51.1128
51.1128
51.1128
14.1517
14.1517
14.1517
14.1517
14.1517
14.1517
14.1517
14.1517
14.5464
14.5464
14.5464
14.5464
14.5464
14.5464
14.5464
14.5464
15.0535
15.0535
15.0535
15.0535
15.0535
15.0535
15.0535
15.0535
15.6977
15.6977
15.6977
15.6977
15.6977
15.6977
15.6977
15.6977
16.5105
16.5105
16.5105
16.5105
16.5105
16.5105
16.5105
16.5105
17.5302
17.5302
17.5302
17.5302
17.5302
17.5302
17.5302
17.5302
18.803
18.803
18.803
18.803
18.803
18.803
18.803
18.803
20.3834
20.3834
20.3834
20.3834
20.3834
20.3834
20.3834
20.3834
22.3331
22.3331
22.3331
22.3331
22.3331
22.3331
22.3331
22.3331
24.7205
24.7205
24.7205
24.7205
24.7205
24.7205
24.7205
24.7205
27.6159
27.6159
27.6159
27.6159
27.6159
27.6159
27.6159
27.6159
31.0857
31.0857
31.0857
31.0857
31.0857
31.0857
31.0857
31.0857
35.1802
35.1802
35.1802
35.1802
35.1802
35.1802
35.1802
35.1802
39.9181
39.9181
39.9181
39.9181
39.9181
39.9181
39.9181
39.9181
45.2654
45.2654
45.2654
45.2654
45.2654
45.2654
45.2654
45.2654
51.1128
51.1128
51.1128
51.1128
51.1128
51.1128
51.1128
51.1128
13.3963
13.3963
13.3963
13.3963
13.3963
13.3963
13.3963
13.3963
13.7762
13.7762
13.7762
13.7762
13.7762
13.7762
13.7762
13.7762
14.2585
14.2585
14.2585
14.2585
14.2585
14.2585
14.2585
14.2585
14.8658
14.8658
14.8658
14.8658
14.8658
14.8658
14.8658
14.8658
15.6266
15.6266
15.6266
15.6266
15.6266
15.6266
15.6266
15.6266
16.5758
16.5758
16.5758
16.5758
16.5758
16.5758
16.5758
16.5758
17.7551
17.7551
17.7551
17.7551
17.7551
17.7551
17.7551
17.7551
19.2133
19.2133
19.2133
19.2133
19.2133
19.2133
19.2133
19.2133
21.006
21.006
21.006
21.006
21.006
21.006
21.006
21.006
23.1941
23.1941
23.1941
23.1941
23.1941
23.1941
23.1941
23.1941
25.8406
25.8406
25.8406
25.8406
25.8406
25.8406
25.8406
25.8406
29.0046
29.0046
29.0046
29.0046
29.0046
29.0046
29.0046
29.0046
32.7318
32.7318
32.7318
32.7318
32.7318
32.7318
32.7318
32.7318
37.0402
37.0402
37.0402
37.0402
37.0402
37.0402
37.0402
37.0402
41.9029
41.9029
41.9029
41.9029
41.9029
41.9029
41.9029
41.9029
47.2275
47.2275
47.2275
47.2275
47.2275
47.2275
47.2275
47.2275
13.3963
13.3963
13.3963
13.3963
13.3963
13.3963
13.3963
13.3963
13.7762
13.7762
13.7762
13.7762
13.7762
13.7762
13.7762
13.7762
14.2585
14.2585
14.2585
14.2585
14.2585
14.2585
14.2585
14.2585
14.8658
14.8658
14.8658
14.8658
14.8658
14.8658
14.8658
14.8658
15.6266
15.6266
15.6266
15.6266
15.6266
15.6266
15.6266
15.6266
16.5758
16.5758
16.5758
16.5758
16.5758
16.5758
16.5758
16.5758
17.7551
17.7551
17.7551
17.7551
17.7551
17.7551
17.7551
17.7551
19.2133
19.2133
19.2133
19.2133
19.2133
19.2133
19.2133
19.2133
21.006
21.006
21.006
21.006
21.006
21.006
21.006
21.006
23.1941
23.1941
23.1941
23.1941
23.1941
23.1941
23.1941
23.1941
25.8406
25.8406
25.8406
25.8406
25.8406
25.8406
25.8406
25.8406
29.0046
29.0046
29.0046
29.0046
29.0046
29.0046
29.0046
29.0046
32.7318
32.7318
32.7318
32.7318
32.7318
32.7318
32.7318
32.7318
37.0402
37.0402
37.0402
37.0402
37.0402
37.0402
37.0402
37.0402
41.9029
41.9029
41.9029
41.9029
41.9029
41.9029
41.9029
41.9029
47.2275
47.2275
47.2275
47.2275
47.2275
47.2275
47.2275
47.2275
13.3963
13.3963
13.3963
13.3963
13.3963
13.3963
13.3963
13.3963
13.7762
13.7762
13.7762
13.7762
13.7762
13.7762
13.7762
13.7762
14.2585
14.2585
14.2585
14.2585
14.2585
14.2585
14.2585
14.2585
14.8658
14.8658
14.8658
14.8658
14.8658
14.8658
14.8658
14.8658
15.6266
15.6266
15.6266
15.6266
15.6266
15.6266
15.6266
15.6266
16.5758
16.5758
16.5758
16.5758
16.5758
16.5758
16.5758
16.5758
17.7551
17.7551
17.7551
17.7551
17.7551
17.7551
17.7551
17.7551
19.2133
19.2133
19.2133
19.2133
19.2133
19.2133
19.2133
19.2133
21.006
21.006
21.006
21.006
21.006
21.006
21.006
21.006
23.1941
23.1941
23.1941
23.1941
23.1941
23.1941
23.1941
23.1941
25.8406
25.8406
25.8406
25.8406
25.8406
25.8406
25.8406
25.8406
29.0046
29.0046
29.0046
29.0046
29.0046
29.0046
29.0046
29.0046
32.7318
32.7318
32.7318
32.7318
32.7318
32.7318
32.7318
32.7318
37.0402
37.0402
37.0402
37.0402
37.0402
37.0402
37.0402
37.0402
41.9029
41.9029
41.9029
41.9029
41.9029
41.9029
41.9029
41.9029
47.2275
47.2275
47.2275
47.2275
47.2275
47.2275
47.2275
47.2275
13.3963
13.3963
13.3963
13.3963
13.3963
13.3963
13.3963
13.3963
13.7762
13.7762
13.7762
13.7762
13.7762
13.7762
13.7762
13.7762
14.2585
14.2585
14.2585
14.2585
14.2585
14.2585
14.2585
14.2585
14.8658
14.8658
14.8658
14.8658
14.8658
14.8658
14.8658
14.8658
15.6266
15.6266
15.6266
15.6266
15.6266
15.6266
15.6266
15.6266
16.5758
16.5758
16.5758
16.5758
16.5758
16.5758
16.5758
16.5758
17.7551
17.7551
17.7551
17.7551
17.7551
17.7551
17.7551
17.7551
19.2133
19.2133
19.2133
19.2133
19.2133
19.2133
19.2133
19.2133
21.006
21.006
21.006
21.006
21.006
21.006
21.006
21.006
23.1941
23.1941
23.1941
23.1941
23.1941
23.1941
23.1941
23.1941
25.8406
25.8406
25.8406
25.8406
25.8406
25.8406
25.8406
25.8406
29.0046
29.0046
29.0046
29.0046
29.0046
29.0046
29.0046
29.0046
32.7318
32.7318
32.7318
32.7318
32.7318
32.7318
32.7318
32.7318
37.0402
37.0402
37.0402
37.0402
37.0402
37.0402
37.0402
37.0402
41.9029
41.9029
41.9029
41.9029
41.9029
41.9029
41.9029
41.9029
47.2275
47.2275
47.2275
47.2275
47.2275
47.2275
47.2275
47.2275
13.062
13.062
13.062
13.062
13.062
13.062
13.062
13.062
13.4544
13.4544
13.4544
13.4544
13.4544
13.4544
13.4544
13.4544
13.9394
13.9394
13.9394
13.9394
13.9394
13.9394
13.9394
13.9394
14.5376
14.5376
14.5376
14.5376
14.5376
14.5376
14.5376
14.5376
15.275
15.275
15.275
15.275
15.275
15.275
15.275
15.275
16.1831
16.1831
16.1831
16.1831
16.1831
16.1831
16.1831
16.1831
17.2998
17.2998
17.2998
17.2998
17.2998
17.2998
17.2998
17.2998
18.6687
18.6687
18.6687
18.6687
18.6687
18.6687
18.6687
18.6687
20.3396
20.3396
20.3396
20.3396
20.3396
20.3396
20.3396
20.3396
22.3662
22.3662
22.3662
22.3662
22.3662
22.3662
22.3662
22.3662
24.8041
24.8041
24.8041
24.8041
24.8041
24.8041
24.8041
24.8041
27.7049
27.7049
27.7049
27.7049
27.7049
27.7049
27.7049
27.7049
31.1084
31.1084
31.1084
31.1084
31.1084
31.1084
31.1084
31.1084
35.0307
35.0307
35.0307
35.0307
35.0307
35.0307
35.0307
35.0307
39.4488
39.4488
39.4488
39.4488
39.4488
39.4488
39.4488
39.4488
44.2844
44.2844
44.2844
44.2844
44.2844
44.2844
44.2844
44.2844
13.062
13.062
13.062
13.062
13.062
13.062
13.062
13.062
13.4544
13.4544
13.4544
13.4544
13.4544
13.4544
13.4544
13.4544
13.9394
13.9394
13.9394
13.9394
13.9394
13.9394
13.9394
13.9394
14.5376
14.5376
14.5376
14.5376
14.5376
14.5376
14.5376
14.5376
15.275
15.275
15.275
15.275
15.275
15.275
15.275
15.275
16.1831
16.1831
16.1831
16.1831
16.1831
16.1831
16.1831
16.1831
17.2998
17.2998
17.2998
17.2998
17.2998
17.2998
17.2998
17.2998
18.6687
18.6687
18.6687
18.6687
18.6687
18.6687
18.6687
18.6687
20.3396
20.3396
20.3396
20.3396
20.3396
20.3396
20.3396
20.3396
22.3662
22.3662
22.3662
22.3662
22.3662
22.3662
22.3662
22.3662
24.8041
24.8041
24.8041
24.8041
24.8041
24.8041
24.8041
24.8041
27.7049
27.7049
27.7049
27.7049
27.7049
27.7049
27.7049
27.7049
31.1084
31.1084
31.1084
31.1084
31.1084
31.1084
31.1084
31.1084
35.0307
35.0307
35.0307
35.0307
35.0307
35.0307
35.0307
35.0307
39.4488
39.4488
39.4488
39.4488
39.4488
39.4488
39.4488
39.4488
44.2844
44.2844
44.2844
44.2844
44.2844
44.2844
44.2844
44.2844
13.062
13.062
13.062
13.062
13.062
13.062
13.062
13.062
13.4544
13.4544
13.4544
13.4544
13.4544
13.4544
13.4544
13.4544
13.9394
13.9394
13.9394
13.9394
13.9394
13.9394
13.9394
13.9394
14.5376
14.5376
14.5376
14.5376
14.5376
14.5376
14.5376
14.5376
15.275
15.275
15.275
15.275
15.275
15.275
15.275
15.275
16.1831
16.1831
16.1831
16.1831
16.1831
16.1831
16.1831
16.1831
17.2998
17.2998
17.2998
17.2998
17.2998
17.2998
17.2998
17.2998
18.6687
18.6687
18.6687
18.6687
18.6687
18.6687
18.6687
18.6687
20.3396
20.3396
20.3396
20.3396
20.3396
20.3396
20.3396
20.3396
22.3662
22.3662
22.3662
22.3662
22.3662
22.3662
22.3662
22.3662
24.8041
24.8041
24.8041
24.8041
24.8041
24.8041
24.8041
24.8041
27.7049
27.7049
27.7049
27.7049
27.7049
27.7049
27.7049
27.7049
31.1084
31.1084
31.1084
31.1084
31.1084
31.1084
31.1084
31.1084
35.0307
35.0307
35.0307
35.0307
35.0307
35.0307
35.0307
35.0307
39.4488
39.4488
39.4488
39.4488
39.4488
39.4488
39.4488
39.4488
44.2844
44.2844
44.2844
44.2844
44.2844
44.2844
44.2844
44.2844
13.062
13.062
13.062
13.062
13.062
13.062
13.062
13.062
13.4544
13.4544
13.4544
13.4544
13.4544
13.4544
13.4544
13.4544
13.9394
13.9394
13.9394
13.9394
13.9394
13.9394
13.9394
13.9394
14.5376
14.5376
14.5376
14.5376
14.5376
14.5376
14.5376
14.5376
15.275
15.275
15.275
15.275
15.275
15.275
15.275
15.275
16.1831
16.1831
16.1831
16.1831
16.1831
16.1831
16.1831
16.1831
17.2998
17.2998
17.2998
17.2998
17.2998
17.2998
17.2998
17.2998
18.6687
18.6687
18.6687
18.6687
18.6687
18.6687
18.6687
18.6687
20.3396
20.3396
20.3396
20.3396
20.3396
20.3396
20.3396
20.3396
22.3662
22.3662
22.3662
22.3662
22.3662
22.3662
22.3662
22.3662
24.8041
24.8041
24.8041
24.8041
24.8041
24.8041
24.8041
24.8041
27.7049
27.7049
27.7049
27.7049
27.7049
27.7049
27.7049
27.7049
31.1084
31.1084
31.1084
31.1084
31.1084
31.1084
31.1084
31.1084
35.0307
35.0307
35.0307
35.0307
35.0307
35.0307
35.0307
35.0307
39.4488
39.4488
39.4488
39.4488
39.4488
39.4488
39.4488
39.4488
44.2844
44.2844
44.2844
44.2844
44.2844
44.2844
44.2844
44.2844
13.1256
13.1256
13.1256
13.1256
13.1256
13.1256
13.1256
13.1256
13.5564
13.5564
13.5564
13.5564
13.5564
13.5564
13.5564
13.5564
14.0699
14.0699
14.0699
14.0699
14.0699
14.0699
14.0699
14.0699
14.6848
14.6848
14.6848
14.6848
14.6848
14.6848
14.6848
14.6848
15.4244
15.4244
15.4244
15.4244
15.4244
15.4244
15.4244
15.4244
16.3174
16.3174
16.3174
16.3174
16.3174
16.3174
16.3174
16.3174
17.3978
17.3978
17.3978
17.3978
17.3978
17.3978
17.3978
17.3978
18.7047
18.7047
18.7047
18.7047
18.7047
18.7047
18.7047
18.7047
20.2821
20.2821
20.2821
20.2821
20.2821
20.2821
20.2821
20.2821
22.1774
22.1774
22.1774
22.1774
22.1774
22.1774
22.1774
22.1774
24.4385
24.4385
24.4385
24.4385
24.4385
24.4385
24.4385
24.4385
27.1099
27.1099
27.1099
27.1099
27.1099
27.1099
27.1099
27.1099
30.225
30.225
30.225
30.225
30.225
30.225
30.225
30.225
33.7969
33.7969
33.7969
33.7969
33.7969
33.7969
33.7969
33.7969
37.8054
37.8054
37.8054
37.8054
37.8054
37.8054
37.8054
37.8054
42.1835
42.1835
42.1835
42.1835
42.1835
42.1835
42.1835
42.1835
13.1256
13.1256
13.1256
13.1256
13.1256
13.1256
13.1256
13.1256
13.5564
13.5564
13.5564
13.5564
13.5564
13.5564
13.5564
13.5564
14.0699
14.0699
14.0699
14.0699
14.0699
14.0699
14.0699
14.0699
14.6848
14.6848
14.6848
14.6848
14.6848
14.6848
14.6848
14.6848
15.4244
15.4244
15.4244
15.4244
15.4244
15.4244
15.4244
15.4244
16.3174
16.3174
16.3174
16.3174
16.3174
16.3174
16.3174
16.3174
17.3978
17.3978
17.3978
17.3978
17.3978
17.3978
17.3978
17.3978
18.7047
18.7047
18.7047
18.7047
18.7047
18.7047
18.7047
18.7047
20.2821
20.2821
20.2821
20.2821
20.2821
20.2821
20.2821
20.2821
22.1774
22.1774
22.1774
22.1774
22.1774
22.1774
22.1774
22.1774
24.4385
24.4385
24.4385
24.4385
24.4385
24.4385
24.4385
24.4385
27.1099
27.1099
27.1099
27.1099
27.1099
27.1099
27.1099
27.1099
30.225
30.225
30.225
30.225
30.225
30.225
30.225
30.225
33.7969
33.7969
33.7969
33.7969
33.7969
33.7969
33.7969
33.7969
37.8054
37.8054
37.8054
37.8054
37.8054
37.8054
37.8054
37.8054
42.1835
42.1835
42.1835
42.1835
42.1835
42.1835
42.1835
42.1835
13.1256
13.1256
13.1256
13.1256
13.1256
13.1256
13.1256
13.1256
13.5564
13.5564
13.5564
13.5564
13.5564
13.5564
13.5564
13.5564
14.0699
14.0699
14.0699
14.0699
14.0699
14.0699
14.0699
14.0699
14.6848
14.6848
14.6848
14.6848
14.6848
14.6848
14.6848
14.6848
15.4244
15.4244
15.4244
15.4244
15.4244
15.4244
15.4244
15.4244
16.3174
16.3174
16.3174
16.3174
16.3174
16.3174
16.3174
16.3174
17.3978
17.3978
17.3978
17.3978
17.3978
17.3978
17.3978
17.3978
18.7047
18.7047
18.7047
18.7047
18.7047
18.7047
18.7047
18.7047
20.2821
20.2821
20.2821
20.2821
20.2821
20.2821
20.2821
20.2821
22.1774
22.1774
22.1774
22.1774
22.1774
22.1774
22.1774
22.1774
24.4385
24.4385
24.4385
24.4385
24.4385
24.4385
24.4385
24.4385
27.1099
27.1099
27.1099
27.1099
27.1099
27.1099
27.1099
27.1099
30.225
30.225
30.225
30.225
30.225
30.225
30.225
30.225
33.7969
33.7969
33.7969
33.7969
33.7969
33.7969
33.7969
33.7969
37.8054
37.8054
37.8054
37.8054
37.8054
37.8054
37.8054
37.8054
42.1835
42.1835
42.1835
42.1835
42.1835
42.1835
42.1835
42.1835
13.1256
13.1256
13.1256
13.1256
13.1256
13.1256
13.1256
13.1256
13.5564
13.5564
13.5564
13.5564
13.5564
13.5564
13.5564
13.5564
14.0699
14.0699
14.0699
14.0699
14.0699
14.0699
14.0699
14.0699
14.6848
14.6848
14.6848
14.6848
14.6848
14.6848
14.6848
14.6848
15.4244
15.4244
15.4244
15.4244
15.4244
15.4244
15.4244
15.4244
16.3174
16.3174
16.3174
16.3174
16.3174
16.3174
16.3174
16.3174
17.3978
17.3978
17.3978
17.3978
17.3978
17.3978
17.3978
17.3978
18.7047
18.7047
18.7047
18.7047
18.7047
18.7047
18.7047
18.7047
20.2821
20.2821
20.2821
20.2821
20.2821
20.2821
20.2821
20.2821
22.1774
22.1774
22.1774
22.1774
22.1774
22.1774
22.1774
22.1774
24.4385
24.4385
24.4385
24.4385
24.4385
24.4385
24.4385
24.4385
27.1099
27.1099
27.1099
27.1099
27.1099
27.1099
27.1099
27.1099
30.225
30.225
30.225
30.225
30.225
30.225
30.225
30.225
33.7969
33.7969
33.7969
33.7969
33.7969
33.7969
33.7969
33.7969
37.8054
37.8054
37.8054
37.8054
37.8054
37.8054
37.8054
37.8054
42.1835
42.1835
42.1835
42.1835
42.1835
42.1835
42.1835
42.1835
13.5754
13.5754
13.5754
13.5754
13.5754
13.5754
13.5754
13.5754
14.0708
14.0708
14.0708
14.0708
14.0708
14.0708
14.0708
14.0708
14.6388
14.6388
14.6388
14.6388
14.6388
14.6388
14.6388
14.6388
15.2955
15.2955
15.2955
15.2955
15.2955
15.2955
15.2955
15.2955
16.0615
16.0615
16.0615
16.0615
16.0615
16.0615
16.0615
16.0615
16.9623
16.9623
16.9623
16.9623
16.9623
16.9623
16.9623
16.9623
18.0281
18.0281
18.0281
18.0281
18.0281
18.0281
18.0281
18.0281
19.2938
19.2938
19.2938
19.2938
19.2938
19.2938
19.2938
19.2938
20.7979
20.7979
20.7979
20.7979
20.7979
20.7979
20.7979
20.7979
22.5818
22.5818
22.5818
22.5818
22.5818
22.5818
22.5818
22.5818
24.6866
24.6866
24.6866
24.6866
24.6866
24.6866
24.6866
24.6866
27.1498
27.1498
27.1498
27.1498
27.1498
27.1498
27.1498
27.1498
29.9989
29.9989
29.9989
29.9989
29.9989
29.9989
29.9989
29.9989
33.2438
33.2438
33.2438
33.2438
33.2438
33.2438
33.2438
33.2438
36.8667
36.8667
36.8667
36.8667
36.8667
36.8667
36.8667
36.8667
40.8106
40.8106
40.8106
40.8106
40.8106
40.8106
40.8106
40.8106
13.5754
13.5754
13.5754
13.5754
13.5754
13.5754
13.5754
13.5754
14.0708
14.0708
14.0708
14.0708
14.0708
14.0708
14.0708
14.0708
14.6388
14.6388
14.6388
14.6388
14.6388
14.6388
14.6388
14.6388
15.2955
15.2955
15.2955
15.2955
15.2955
15.2955
15.2955
15.2955
16.0615
16.0615
16.0615
16.0615
16.0615
16.0615
16.0615
16.0615
16.9623
16.9623
16.9623
16.9623
16.9623
16.9623
16.9623
16.9623
18.0281
18.0281
18.0281
18.0281
18.0281
18.0281
18.0281
18.0281
19.2938
19.2938
19.2938
19.2938
19.2938
19.2938
19.2938
19.2938
20.7979
20.7979
20.7979
20.7979
20.7979
20.7979
20.7979
20.7979
22.5818
22.5818
22.5818
22.5818
22.5818
22.5818
22.5818
22.5818
24.6866
24.6866
24.6866
24.6866
24.6866
24.6866
24.6866
24.6866
27.1498
27.1498
27.1498
27.1498
27.1498
27.1498
27.1498
27.1498
29.9989
29.9989
29.9989
29.9989
29.9989
29.9989
29.9989
29.9989
33.2438
33.2438
33.2438
33.2438
33.2438
33.2438
33.2438
33.2438
36.8667
36.8667
36.8667
36.8667
36.8667
36.8667
36.8667
36.8667
40.8106
40.8106
40.8106
40.8106
40.8106
40.8106
40.8106
40.8106
13.5754
13.5754
13.5754
13.5754
13.5754
13.5754
13.5754
13.5754
14.0708
14.0708
14.0708
14.0708
14.0708
14.0708
14.0708
14.0708
14.6388
14.6388
14.6388
14.6388
14.6388
14.6388
14.6388
14.6388
15.2955
15.2955
15.2955
15.2955
15.2955
15.2955
15.2955
15.2955
16.0615
16.0615
16.0615
16.0615
16.0615
16.0615
16.0615
16.0615
16.9623
16.9623
16.9623
16.9623
16.9623
16.9623
16.9623
16.9623
18.0281
18.0281
18.0281
18.0281
18.0281
18.0281
18.0281
18.0281
19.2938
19.2938
19.2938
19.2938
19.2938
19.2938
19.2938
19.2938
20.7979
20.7979
20.7979
20.7979
20.7979
20.7979
20.7979
20.7979
22.5818
22.5818
22.5818
22.5818
22.5818
22.5818
22.5818
22.5818
24.6866
24.6866
24.6866
24.6866
24.6866
24.6866
24.6866
24.6866
27.1498
27.1498
27.1498
27.1498
27.1498
27.1498
27.1498
27.1498
29.9989
29.9989
29.9989
29.9989
29.9989
29.9989
29.9989
29.9989
33.2438
33.2438
33.2438
33.2438
33.2438
33.2438
33.2438
33.2438
36.8667
36.8667
36.8667
36.8667
36.8667
36.8667
36.8667
36.8667
40.8106
40.8106
40.8106
40.8106
40.8106
40.8106
40.8106
40.8106
13.5754
13.5754
13.5754
13.5754
13.5754
13.5754
13.5754
13.5754
14.0708
14.0708
14.0708
14.0708
14.0708
14.0708
14.0708
14.0708
14.6388
14.6388
14.6388
14.6388
14.6388
14.6388
14.6388
14.6388
15.2955
15.2955
15.2955
15.2955
15.2955
15.2955
15.2955
15.2955
16.0615
16.0615
16.0615
16.0615
16.0615
16.0615
16.0615
16.0615
16.9623
16.9623
16.9623
16.9623
16.9623
16.9623
16.9623
16.9623
18.0281
18.0281
18.0281
18.0281
18.0281
18.0281
18.0281
18.0281
19.2938
19.2938
19.2938
19.2938
19.2938
19.2938
19.2938
19.2938
20.7979
20.7979
20.7979
20.7979
20.7979
20.7979
20.7979
20.7979
22.5818
22.5818
22.5818
22.5818
22.5818
22.5818
22.5818
22.5818
24.6866
24.6866
24.6866
24.6866
24.6866
24.6866
24.6866
24.6866
27.1498
27.1498
27.1498
27.1498
27.1498
27.1498
27.1498
27.1498
29.9989
29.9989
29.9989
29.9989
29.9989
29.9989
29.9989
29.9989
33.2438
33.2438
33.2438
33.2438
33.2438
33.2438
33.2438
33.2438
36.8667
36.8667
36.8667
36.8667
36.8667
36.8667
36.8667
36.8667
40.8106
40.8106
40.8106
40.8106
40.8106
40.8106
40.8106
40.8106
14.4066
14.4066
14.4066
14.4066
14.4066
14.4066
14.4066
14.4066
14.9951
14.9951
14.9951
14.9951
14.9951
14.9951
14.9951
14.9951
15.645
15.645
15.645
15.645
15.645
15.645
15.645
15.645
16.369
16.369
16.369
16.369
16.369
16.369
16.369
16.369
17.1842
17.1842
17.1842
17.1842
17.1842
17.1842
17.1842
17.1842
18.1125
18.1125
18.1125
18.1125
18.1125
18.1125
18.1125
18.1125
19.1803
19.1803
19.1803
19.1803
19.1803
19.1803
19.1803
19.1803
20.418
20.418
20.418
20.418
20.418
20.418
20.418
20.418
21.8595
21.8595
21.8595
21.8595
21.8595
21.8595
21.8595
21.8595
23.5402
23.5402
23.5402
23.5402
23.5402
23.5402
23.5402
23.5402
25.4955
25.4955
25.4955
25.4955
25.4955
25.4955
25.4955
25.4955
27.7568
27.7568
27.7568
27.7568
27.7568
27.7568
27.7568
27.7568
30.3468
30.3468
30.3468
30.3468
30.3468
30.3468
30.3468
30.3468
33.2732
33.2732
33.2732
33.2732
33.2732
33.2732
33.2732
33.2732
36.5204
36.5204
36.5204
36.5204
36.5204
36.5204
36.5204
36.5204
40.0414
40.0414
40.0414
40.0414
40.0414
40.0414
40.0414
40.0414
14.4066
14.4066
14.4066
14.4066
14.4066
14.4066
14.4066
14.4066
14.9951
14.9951
14.9951
14.9951
14.9951
14.9951
14.9951
14.9951
15.645
15.645
15.645
15.645
15.645
15.645
15.645
15.645
16.369
16.369
16.369
16.369
16.369
16.369
16.369
16.369
17.1842
17.1842
17.1842
17.1842
17.1842
17.1842
17.1842
17.1842
18.1125
18.1125
18.1125
18.1125
18.1125
18.1125
18.1125
18.1125
19.1803
19.1803
19.1803
19.1803
19.1803
19.1803
19.1803
19.1803
20.418
20.418
20.418
20.418
20.418
20.418
20.418
20.418
21.8595
21.8595
21.8595
21.8595
21.8595
21.8595
21.8595
21.8595
23.5402
23.5402
23.5402
23.5402
23.5402
23.5402
23.5402
23.5402
25.4955
25.4955
25.4955
25.4955
25.4955
25.4955
25.4955
25.4955
27.7568
27.7568
27.7568
27.7568
27.7568
27.7568
27.7568
27.7568
30.3468
30.3468
30.3468
30.3468
30.3468
30.3468
30.3468
30.3468
33.2732
33.2732
33.2732
33.2732
33.2732
33.2732
33.2732
33.2732
36.5204
36.5204
36.5204
36.5204
36.5204
36.5204
36.5204
36.5204
40.0414
40.0414
40.0414
40.0414
40.0414
40.0414
40.0414
40.0414
14.4066
14.4066
14.4066
14.4066
14.4066
14.4066
14.4066
14.4066
14.9951
14.9951
14.9951
14.9951
14.9951
14.9951
14.9951
14.9951
15.645
15.645
15.645
15.645
15.645
15.645
15.645
15.645
16.369
16.369
16.369
16.369
16.369
16.369
16.369
16.369
17.1842
17.1842
17.1842
17.1842
17.1842
17.1842
17.1842
17.1842
18.1125
18.1125
18.1125
18.1125
18.1125
18.1125
18.1125
18.1125
19.1803
19.1803
19.1803
19.1803
19.1803
19.1803
19.1803
19.1803
20.418
20.418
20.418
20.418
20.418
20.418
20.418
20.418
21.8595
21.8595
21.8595
21.8595
21.8595
21.8595
21.8595
21.8595
23.5402
23.5402
23.5402
23.5402
23.5402
23.5402
23.5402
23.5402
25.4955
25.4955
25.4955
25.4955
25.4955
25.4955
25.4955
25.4955
27.7568
27.7568
27.7568
27.7568
27.7568
27.7568
27.7568
27.7568
30.3468
30.3468
30.3468
30.3468
30.3468
30.3468
30.3468
30.3468
33.2732
33.2732
33.2732
33.2732
33.2732
33.2732
33.2732
33.2732
36.5204
36.5204
36.5204
36.5204
36.5204
36.5204
36.5204
36.5204
40.0414
40.0414
40.0414
40.0414
40.0414
40.0414
40.0414
40.0414
14.4066
14.4066
14.4066
14.4066
14.4066
14.4066
14.4066
14.4066
14.9951
14.9951
14.9951
14.9951
14.9951
14.9951
14.9951
14.9951
15.645
15.645
15.645
15.645
15.645
15.645
15.645
15.645
16.369
16.369
16.369
16.369
16.369
16.369
16.369
16.369
17.1842
17.1842
17.1842
17.1842
17.1842
17.1842
17.1842
17.1842
18.1125
18.1125
18.1125
18.1125
18.1125
18.1125
18.1125
18.1125
19.1803
19.1803
19.1803
19.1803
19.1803
19.1803
19.1803
19.1803
20.418
20.418
20.418
20.418
20.418
20.418
20.418
20.418
21.8595
21.8595
21.8595
21.8595
21.8595
21.8595
21.8595
21.8595
23.5402
23.5402
23.5402
23.5402
23.5402
23.5402
23.5402
23.5402
25.4955
25.4955
25.4955
25.4955
25.4955
25.4955
25.4955
25.4955
27.7568
27.7568
27.7568
27.7568
27.7568
27.7568
27.7568
27.7568
30.3468
30.3468
30.3468
30.3468
30.3468
30.3468
30.3468
30.3468
33.2732
33.2732
33.2732
33.2732
33.2732
33.2732
33.2732
33.2732
36.5204
36.5204
36.5204
36.5204
36.5204
36.5204
36.5204
36.5204
40.0414
40.0414
40.0414
40.0414
40.0414
40.0414
40.0414
40.0414
15.6139
15.6139
15.6139
15.6139
15.6139
15.6139
15.6139
15.6139
16.3263
16.3263
16.3263
16.3263
16.3263
16.3263
16.3263
16.3263
17.0869
17.0869
17.0869
17.0869
17.0869
17.0869
17.0869
17.0869
17.9038
17.9038
17.9038
17.9038
17.9038
17.9038
17.9038
17.9038
18.7896
18.7896
18.7896
18.7896
18.7896
18.7896
18.7896
18.7896
19.7617
19.7617
19.7617
19.7617
19.7617
19.7617
19.7617
19.7617
20.842
20.842
20.842
20.842
20.842
20.842
20.842
20.842
22.0566
22.0566
22.0566
22.0566
22.0566
22.0566
22.0566
22.0566
23.4348
23.4348
23.4348
23.4348
23.4348
23.4348
23.4348
23.4348
25.0076
25.0076
25.0076
25.0076
25.0076
25.0076
25.0076
25.0076
26.8053
26.8053
26.8053
26.8053
26.8053
26.8053
26.8053
26.8053
28.8552
28.8552
28.8552
28.8552
28.8552
28.8552
28.8552
28.8552
31.1768
31.1768
31.1768
31.1768
31.1768
31.1768
31.1768
31.1768
33.7771
33.7771
33.7771
33.7771
33.7771
33.7771
33.7771
33.7771
36.6444
36.6444
36.6444
36.6444
36.6444
36.6444
36.6444
36.6444
39.7415
39.7415
39.7415
39.7415
39.7415
39.7415
39.7415
39.7415
15.6139
15.6139
15.6139
15.6139
15.6139
15.6139
15.6139
15.6139
16.3263
16.3263
16.3263
16.3263
16.3263
16.3263
16.3263
16.3263
17.0869
17.0869
17.0869
17.0869
17.0869
17.0869
17.0869
17.0869
17.9038
17.9038
17.9038
17.9038
17.9038
17.9038
17.9038
17.9038
18.7896
18.7896
18.7896
18.7896
18.7896
18.7896
18.7896
18.7896
19.7617
19.7617
19.7617
19.7617
19.7617
19.7617
19.7617
19.7617
20.842
20.842
20.842
20.842
20.842
20.842
20.842
20.842
22.0566
22.0566
22.0566
22.0566
22.0566
22.0566
22.0566
22.0566
23.4348
23.4348
23.4348
23.4348
23.4348
23.4348
23.4348
23.4348
25.0076
25.0076
25.0076
25.0076
25.0076
25.0076
25.0076
25.0076
26.8053
26.8053
26.8053
26.8053
26.8053
26.8053
26.8053
26.8053
28.8552
28.8552
28.8552
28.8552
28.8552
28.8552
28.8552
28.8552
31.1768
31.1768
31.1768
31.1768
31.1768
31.1768
31.1768
31.1768
33.7771
33.7771
33.7771
33.7771
33.7771
33.7771
33.7771
33.7771
36.6444
36.6444
36.6444
36.6444
36.6444
36.6444
36.6444
36.6444
39.7415
39.7415
39.7415
39.7415
39.7415
39.7415
39.7415
39.7415
15.6139
15.6139
15.6139
15.6139
15.6139
15.6139
15.6139
15.6139
16.3263
16.3263
16.3263
16.3263
16.3263
16.3263
16.3263
16.3263
17.0869
17.0869
17.0869
17.0869
17.0869
17.0869
17.0869
17.0869
17.9038
17.9038
17.9038
17.9038
17.9038
17.9038
17.9038
17.9038
18.7896
18.7896
18.7896
18.7896
18.7896
18.7896
18.7896
18.7896
19.7617
19.7617
19.7617
19.7617
19.7617
19.7617
19.7617
19.7617
20.842
20.842
20.842
20.842
20.842
20.842
20.842
20.842
22.0566
22.0566
22.0566
22.0566
22.0566
22.0566
22.0566
22.0566
23.4348
23.4348
23.4348
23.4348
23.4348
23.4348
23.4348
23.4348
25.0076
25.0076
25.0076
25.0076
25.0076
25.0076
25.0076
25.0076
26.8053
26.8053
26.8053
26.8053
26.8053
26.8053
26.8053
26.8053
28.8552
28.8552
28.8552
28.8552
28.8552
28.8552
28.8552
28.8552
31.1768
31.1768
31.1768
31.1768
31.1768
31.1768
31.1768
31.1768
33.7771
33.7771
33.7771
33.7771
33.7771
33.7771
33.7771
33.7771
36.6444
36.6444
36.6444
36.6444
36.6444
36.6444
36.6444
36.6444
39.7415
39.7415
39.7415
39.7415
39.7415
39.7415
39.7415
39.7415
15.6139
15.6139
15.6139
15.6139
15.6139
15.6139
15.6139
15.6139
16.3263
16.3263
16.3263
16.3263
16.3263
16.3263
16.3263
16.3263
17.0869
17.0869
17.0869
17.0869
17.0869
17.0869
17.0869
17.0869
17.9038
17.9038
17.9038
17.9038
17.9038
17.9038
17.9038
17.9038
18.7896
18.7896
18.7896
18.7896
18.7896
18.7896
18.7896
18.7896
19.7617
19.7617
19.7617
19.7617
19.7617
19.7617
19.7617
19.7617
20.842
20.842
20.842
20.842
20.842
20.842
20.842
20.842
22.0566
22.0566
22.0566
22.0566
22.0566
22.0566
22.0566
22.0566
23.4348
23.4348
23.4348
23.4348
23.4348
23.4348
23.4348
23.4348
25.0076
25.0076
25.0076
25.0076
25.0076
25.0076
25.0076
25.0076
26.8053
26.8053
26.8053
26.8053
26.8053
26.8053
26.8053
26.8053
28.8552
28.8552
28.8552
28.8552
28.8552
28.8552
28.8552
28.8552
31.1768
31.1768
31.1768
31.1768
31.1768
31.1768
31.1768
31.1768
33.7771
33.7771
33.7771
33.7771
33.7771
33.7771
33.7771
33.7771
36.6444
36.6444
36.6444
36.6444
36.6444
36.6444
36.6444
36.6444
39.7415
39.7415
39.7415
39.7415
39.7415
39.7415
39.7415
39.7415
17.1793
17.1793
17.1793
17.1793
17.1793
17.1793
17.1793
17.1793
18.0471
18.0471
18.0471
18.0471
18.0471
18.0471
18.0471
18.0471
18.9474
18.9474
18.9474
18.9474
18.9474
18.9474
18.9474
18.9474
19.882
19.882
19.882
19.882
19.882
19.882
19.882
19.882
20.8569
20.8569
20.8569
20.8569
20.8569
20.8569
20.8569
20.8569
21.884
21.884
21.884
21.884
21.884
21.884
21.884
21.884
22.9801
22.9801
22.9801
22.9801
22.9801
22.9801
22.9801
22.9801
24.1668
24.1668
24.1668
24.1668
24.1668
24.1668
24.1668
24.1668
25.4696
25.4696
25.4696
25.4696
25.4696
25.4696
25.4696
25.4696
26.916
26.916
26.916
26.916
26.916
26.916
26.916
26.916
28.5337
28.5337
28.5337
28.5337
28.5337
28.5337
28.5337
28.5337
30.3477
30.3477
30.3477
30.3477
30.3477
30.3477
30.3477
30.3477
32.3769
32.3769
32.3769
32.3769
32.3769
32.3769
32.3769
32.3769
34.6301
34.6301
34.6301
34.6301
34.6301
34.6301
34.6301
34.6301
37.1012
37.1012
37.1012
37.1012
37.1012
37.1012
37.1012
37.1012
39.764
39.764
39.764
39.764
39.764
39.764
39.764
39.764
17.1793
17.1793
17.1793
17.1793
17.1793
17.1793
17.1793
17.1793
18.0471
18.0471
18.0471
18.0471
18.0471
18.0471
18.0471
18.0471
18.9474
18.9474
18.9474
18.9474
18.9474
18.9474
18.9474
18.9474
19.882
19.882
19.882
19.882
19.882
19.882
19.882
19.882
20.8569
20.8569
20.8569
20.8569
20.8569
20.8569
20.8569
20.8569
21.884
21.884
21.884
21.884
21.884
21.884
21.884
21.884
22.9801
22.9801
22.9801
22.9801
22.9801
22.9801
22.9801
22.9801
24.1668
24.1668
24.1668
24.1668
24.1668
24.1668
24.1668
24.1668
25.4696
25.4696
25.4696
25.4696
25.4696
25.4696
25.4696
25.4696
26.916
26.916
26.916
26.916
26.916
26.916
26.916
26.916
28.5337
28.5337
28.5337
28.5337
28.5337
28.5337
28.5337
28.5337
30.3477
30.3477
30.3477
30.3477
30.3477
30.3477
30.3477
30.3477
32.3769
32.3769
32.3769
32.3769
32.3769
32.3769
32.3769
32.3769
34.6301
34.6301
34.6301
34.6301
34.6301
34.6301
34.6301
34.6301
37.1012
37.1012
37.1012
37.1012
37.1012
37.1012
37.1012
37.1012
39.764
39.764
39.764
39.764
39.764
39.764
39.764
39.764
17.1793
17.1793
17.1793
17.1793
17.1793
17.1793
17.1793
17.1793
18.0471
18.0471
18.0471
18.0471
18.0471
18.0471
18.0471
18.0471
18.9474
18.9474
18.9474
18.9474
18.9474
18.9474
18.9474
18.9474
19.882
19.882
19.882
19.882
19.882
19.882
19.882
19.882
20.8569
20.8569
20.8569
20.8569
20.8569
20.8569
20.8569
20.8569
21.884
21.884
21.884
21.884
21.884
21.884
21.884
21.884
22.9801
22.9801
22.9801
22.9801
22.9801
22.9801
22.9801
22.9801
24.1668
24.1668
24.1668
24.1668
24.1668
24.1668
24.1668
24.1668
25.4696
25.4696
25.4696
25.4696
25.4696
25.4696
25.4696
25.4696
26.916
26.916
26.916
26.916
26.916
26.916
26.916
26.916
28.5337
28.5337
28.5337
28.5337
28.5337
28.5337
28.5337
28.5337
30.3477
30.3477
30.3477
30.3477
30.3477
30.3477
30.3477
30.3477
32.3769
32.3769
32.3769
32.3769
32.3769
32.3769
32.3769
32.3769
34.6301
34.6301
34.6301
34.6301
34.6301
34.6301
34.6301
34.6301
37.1012
37.1012
37.1012
37.1012
37.1012
37.1012
37.1012
37.1012
39.764
39.764
39.764
39.764
39.764
39.764
39.764
39.764
17.1793
17.1793
17.1793
17.1793
17.1793
17.1793
17.1793
17.1793
18.0471
18.0471
18.0471
18.0471
18.0471
18.0471
18.0471
18.0471
18.9474
18.9474
18.9474
18.9474
18.9474
18.9474
18.9474
18.9474
19.882
19.882
19.882
19.882
19.882
19.882
19.882
19.882
20.8569
20.8569
20.8569
20.8569
20.8569
20.8569
20.8569
20.8569
21.884
21.884
21.884
21.884
21.884
21.884
21.884
21.884
22.9801
22.9801
22.9801
22.9801
22.9801
22.9801
22.9801
22.9801
24.1668
24.1668
24.1668
24.1668
24.1668
24.1668
24.1668
24.1668
25.4696
25.4696
25.4696
25.4696
25.4696
25.4696
25.4696
25.4696
26.916
26.916
26.916
26.916
26.916
26.916
26.916
26.916
28.5337
28.5337
28.5337
28.5337
28.5337
28.5337
28.5337
28.5337
30.3477
30.3477
30.3477
30.3477
30.3477
30.3477
30.3477
30.3477
32.3769
32.3769
32.3769
32.3769
32.3769
32.3769
32.3769
32.3769
34.6301
34.6301
34.6301
34.6301
34.6301
34.6301
34.6301
34.6301
37.1012
37.1012
37.1012
37.1012
37.1012
37.1012
37.1012
37.1012
39.764
39.764
39.764
39.764
39.764
39.764
39.764
39.764
