8192
46.2791
46.2791
46.2791
46.2791
46.2791
46.2791
46.2791
46.2791
42.2528
42.2528
42.2528
42.2528
42.2528
42.2528
42.2528
42.2528
39.213
39.213
39.213
39.213
39.213
39.213
39.213
39.213
37.0324
37.0324
37.0324
37.0324
37.0324
37.0324
37.0324
37.0324
35.5881
35.5881
35.5881
35.5881
35.5881
35.5881
35.5881
35.5881
34.764
34.764
34.764
34.764
34.764
34.764
34.764
34.764
34.4484
34.4484
34.4484
34.4484
34.4484
34.4484
34.4484
34.4484
34.5296
34.5296
34.5296
34.5296
34.5296
34.5296
34.5296
34.5296
34.892
34.892
34.892
34.892
34.892
34.892
34.892
34.892
35.4129
35.4129
35.4129
35.4129
35.4129
35.4129
35.4129
35.4129
35.9651
35.9651
35.9651
35.9651
35.9651
35.9651
35.9651
35.9651
36.4225
36.4225
36.4225
36.4225
36.4225
36.4225
36.4225
36.4225
36.6713
36.6713
36.6713
36.6713
36.6713
36.6713
36.6713
36.6713
36.623
36.623
36.623
36.623
36.623
36.623
36.623
36.623
36.2267
36.2267
36.2267
36.2267
36.2267
36.2267
36.2267
36.2267
35.4759
35.4759
35.4759
35.4759
35.4759
35.4759
35.4759
35.4759
46.2791
46.2791
46.2791
46.2791
46.2791
46.2791
46.2791
46.2791
42.2528
42.2528
42.2528
42.2528
42.2528
42.2528
42.2528
42.2528
39.213
39.213
39.213
39.213
39.213
39.213
39.213
39.213
37.0324
37.0324
37.0324
37.0324
37.0324
37.0324
37.0324
37.0324
35.5881
35.5881
35.5881
35.5881
35.5881
35.5881
35.5881
35.5881
34.764
34.764
34.764
34.764
34.764
34.764
34.764
34.764
34.4484
34.4484
34.4484
34.4484
34.4484
34.4484
34.4484
34.4484
34.5296
34.5296
34.5296
34.5296
34.5296
34.5296
34.5296
34.5296
34.892
34.892
34.892
34.892
34.892
34.892
34.892
34.892
35.4129
35.4129
35.4129
35.4129
35.4129
35.4129
35.4129
35.4129
35.9651
35.9651
35.9651
35.9651
35.9651
35.9651
35.9651
35.9651
36.4225
36.4225
36.4225
36.4225
36.4225
36.4225
36.4225
36.4225
36.6713
36.6713
36.6713
36.6713
36.6713
36.6713
36.6713
36.6713
36.623
36.623
36.623
36.623
36.623
36.623
36.623
36.623
36.2267
36.2267
36.2267
36.2267
36.2267
36.2267
36.2267
36.2267
35.4759
35.4759
35.4759
35.4759
35.4759
35.4759
35.4759
35.4759
46.2791
46.2791
46.2791
46.2791
46.2791
46.2791
46.2791
46.2791
42.2528
42.2528
42.2528
42.2528
42.2528
42.2528
42.2528
42.2528
39.213
39.213
39.213
39.213
39.213
39.213
39.213
39.213
37.0324
37.0324
37.0324
37.0324
37.0324
37.0324
37.0324
37.0324
35.5881
35.5881
35.5881
35.5881
35.5881
35.5881
35.5881
35.5881
34.764
34.764
34.764
34.764
34.764
34.764
34.764
34.764
34.4484
34.4484
34.4484
34.4484
34.4484
34.4484
34.4484
34.4484
34.5296
34.5296
34.5296
34.5296
34.5296
34.5296
34.5296
34.5296
34.892
34.892
34.892
34.892
34.892
34.892
34.892
34.892
35.4129
35.4129
35.4129
35.4129
35.4129
35.4129
35.4129
35.4129
35.9651
35.9651
35.9651
35.9651
35.9651
35.9651
35.9651
35.9651
36.4225
36.4225
36.4225
36.4225
36.4225
36.4225
36.4225
36.4225
36.6713
36.6713
36.6713
36.6713
36.6713
36.6713
36.6713
36.6713
36.623
36.623
36.623
36.623
36.623
36.623
36.623
36.623
36.2267
36.2267
36.2267
36.2267
36.2267
36.2267
36.2267
36.2267
35.4759
35.4759
35.4759
35.4759
35.4759
35.4759
35.4759
35.4759
46.2791
46.2791
46.2791
46.2791
46.2791
46.2791
46.2791
46.2791
42.2528
42.2528
42.2528
42.2528
42.2528
42.2528
42.2528
42.2528
39.213
39.213
39.213
39.213
39.213
39.213
39.213
39.213
37.0324
37.0324
37.0324
37.0324
37.0324
37.0324
37.0324
37.0324
35.5881
35.5881
35.5881
35.5881
35.5881
35.5881
35.5881
35.5881
34.764
34.764
34.764
34.764
34.764
34.764
34.764
34.764
34.4484
34.4484
34.4484
34.4484
34.4484
34.4484
34.4484
34.4484
34.5296
34.5296
34.5296
34.5296
34.5296
34.5296
34.5296
34.5296
34.892
34.892
34.892
34.892
34.892
34.892
34.892
34.892
35.4129
35.4129
35.4129
35.4129
35.4129
35.4129
35.4129
35.4129
35.9651
35.9651
35.9651
35.9651
35.9651
35.9651
35.9651
35.9651
36.4225
36.4225
36.4225
36.4225
36.4225
36.4225
36.4225
36.4225
36.6713
36.6713
36.6713
36.6713
36.6713
36.6713
36.6713
36.6713
36.623
36.623
36.623
36.623
36.623
36.623
36.623
36.623
36.2267
36.2267
36.2267
36.2267
36.2267
36.2267
36.2267
36.2267
35.4759
35.4759
35.4759
35.4759
35.4759
35.4759
35.4759
35.4759
45.1642
45.1642
45.1642
45.1642
45.1642
45.1642
45.1642
45.1642
41.3146
41.3146
41.3146
41.3146
41.3146
41.3146
41.3146
41.3146
38.4329
38.4329
38.4329
38.4329
38.4329
38.4329
38.4329
38.4329
36.3967
36.3967
36.3967
36.3967
36.3967
36.3967
36.3967
36.3967
35.0879
35.0879
35.0879
35.0879
35.0879
35.0879
35.0879
35.0879
34.3951
34.3951
34.3951
34.3951
34.3951
34.3951
34.3951
34.3951
34.2104
34.2104
34.2104
34.2104
34.2104
34.2104
34.2104
34.2104
34.425
34.425
34.425
34.425
34.425
34.425
34.425
34.425
34.9241
34.9241
34.9241
34.9241
34.9241
34.9241
34.9241
34.9241
35.5843
35.5843
35.5843
35.5843
35.5843
35.5843
35.5843
35.5843
36.2749
36.2749
36.2749
36.2749
36.2749
36.2749
36.2749
36.2749
36.8644
36.8644
36.8644
36.8644
36.8644
36.8644
36.8644
36.8644
37.2323
37.2323
37.2323
37.2323
37.2323
37.2323
37.2323
37.2323
37.2832
37.2832
37.2832
37.2832
37.2832
37.2832
37.2832
37.2832
36.9602
36.9602
36.9602
36.9602
36.9602
36.9602
36.9602
36.9602
36.2532
36.2532
36.2532
36.2532
36.2532
36.2532
36.2532
36.2532
45.1642
45.1642
45.1642
45.1642
45.1642
45.1642
45.1642
45.1642
41.3146
41.3146
41.3146
41.3146
41.3146
41.3146
41.3146
41.3146
38.4329
38.4329
38.4329
38.4329
38.4329
38.4329
38.4329
38.4329
36.3967
36.3967
36.3967
36.3967
36.3967
36.3967
36.3967
36.3967
35.0879
35.0879
35.0879
35.0879
35.0879
35.0879
35.0879
35.0879
34.3951
34.3951
34.3951
34.3951
34.3951
34.3951
34.3951
34.3951
34.2104
34.2104
34.2104
34.2104
34.2104
34.2104
34.2104
34.2104
34.425
34.425
34.425
34.425
34.425
34.425
34.425
34.425
34.9241
34.9241
34.9241
34.9241
34.9241
34.9241
34.9241
34.9241
35.5843
35.5843
35.5843
35.5843
35.5843
35.5843
35.5843
35.5843
36.2749
36.2749
36.2749
36.2749
36.2749
36.2749
36.2749
36.2749
36.8644
36.8644
36.8644
36.8644
36.8644
36.8644
36.8644
36.8644
37.2323
37.2323
37.2323
37.2323
37.2323
37.2323
37.2323
37.2323
37.2832
37.2832
37.2832
37.2832
37.2832
37.2832
37.2832
37.2832
36.9602
36.9602
36.9602
36.9602
36.9602
36.9602
36.9602
36.9602
36.2532
36.2532
36.2532
36.2532
36.2532
36.2532
36.2532
36.2532
45.1642
45.1642
45.1642
45.1642
45.1642
45.1642
45.1642
45.1642
41.3146
41.3146
41.3146
41.3146
41.3146
41.3146
41.3146
41.3146
38.4329
38.4329
38.4329
38.4329
38.4329
38.4329
38.4329
38.4329
36.3967
36.3967
36.3967
36.3967
36.3967
36.3967
36.3967
36.3967
35.0879
35.0879
35.0879
35.0879
35.0879
35.0879
35.0879
35.0879
34.3951
34.3951
34.3951
34.3951
34.3951
34.3951
34.3951
34.3951
34.2104
34.2104
34.2104
34.2104
34.2104
34.2104
34.2104
34.2104
34.425
34.425
34.425
34.425
34.425
34.425
34.425
34.425
34.9241
34.9241
34.9241
34.9241
34.9241
34.9241
34.9241
34.9241
35.5843
35.5843
35.5843
35.5843
35.5843
35.5843
35.5843
35.5843
36.2749
36.2749
36.2749
36.2749
36.2749
36.2749
36.2749
36.2749
36.8644
36.8644
36.8644
36.8644
36.8644
36.8644
36.8644
36.8644
37.2323
37.2323
37.2323
37.2323
37.2323
37.2323
37.2323
37.2323
37.2832
37.2832
37.2832
37.2832
37.2832
37.2832
37.2832
37.2832
36.9602
36.9602
36.9602
36.9602
36.9602
36.9602
36.9602
36.9602
36.2532
36.2532
36.2532
36.2532
36.2532
36.2532
36.2532
36.2532
45.1642
45.1642
45.1642
45.1642
45.1642
45.1642
45.1642
45.1642
41.3146
41.3146
41.3146
41.3146
41.3146
41.3146
41.3146
41.3146
38.4329
38.4329
38.4329
38.4329
38.4329
38.4329
38.4329
38.4329
36.3967
36.3967
36.3967
36.3967
36.3967
36.3967
36.3967
36.3967
35.0879
35.0879
35.0879
35.0879
35.0879
35.0879
35.0879
35.0879
34.3951
34.3951
34.3951
34.3951
34.3951
34.3951
34.3951
34.3951
34.2104
34.2104
34.2104
34.2104
34.2104
34.2104
34.2104
34.2104
34.425
34.425
34.425
34.425
34.425
34.425
34.425
34.425
34.9241
34.9241
34.9241
34.9241
34.9241
34.9241
34.9241
34.9241
35.5843
35.5843
35.5843
35.5843
35.5843
35.5843
35.5843
35.5843
36.2749
36.2749
36.2749
36.2749
36.2749
36.2749
36.2749
36.2749
36.8644
36.8644
36.8644
36.8644
36.8644
36.8644
36.8644
36.8644
37.2323
37.2323
37.2323
37.2323
37.2323
37.2323
37.2323
37.2323
37.2832
37.2832
37.2832
37.2832
37.2832
37.2832
37.2832
37.2832
36.9602
36.9602
36.9602
36.9602
36.9602
36.9602
36.9602
36.9602
36.2532
36.2532
36.2532
36.2532
36.2532
36.2532
36.2532
36.2532
43.754
43.754
43.754
43.754
43.754
43.754
43.754
43.754
40.0908
40.0908
40.0908
40.0908
40.0908
40.0908
40.0908
40.0908
37.3664
37.3664
37.3664
37.3664
37.3664
37.3664
37.3664
37.3664
35.465
35.465
35.465
35.465
35.465
35.465
35.465
35.465
34.2753
34.2753
34.2753
34.2753
34.2753
34.2753
34.2753
34.2753
33.6915
33.6915
33.6915
33.6915
33.6915
33.6915
33.6915
33.6915
33.6114
33.6114
33.6114
33.6114
33.6114
33.6114
33.6114
33.6114
33.9307
33.9307
33.9307
33.9307
33.9307
33.9307
33.9307
33.9307
34.5379
34.5379
34.5379
34.5379
34.5379
34.5379
34.5379
34.5379
35.3117
35.3117
35.3117
35.3117
35.3117
35.3117
35.3117
35.3117
36.1214
36.1214
36.1214
36.1214
36.1214
36.1214
36.1214
36.1214
36.8338
36.8338
36.8338
36.8338
36.8338
36.8338
36.8338
36.8338
37.3244
37.3244
37.3244
37.3244
37.3244
37.3244
37.3244
37.3244
37.4926
37.4926
37.4926
37.4926
37.4926
37.4926
37.4926
37.4926
37.2761
37.2761
37.2761
37.2761
37.2761
37.2761
37.2761
37.2761
36.6601
36.6601
36.6601
36.6601
36.6601
36.6601
36.6601
36.6601
43.754
43.754
43.754
43.754
43.754
43.754
43.754
43.754
40.0908
40.0908
40.0908
40.0908
40.0908
40.0908
40.0908
40.0908
37.3664
37.3664
37.3664
37.3664
37.3664
37.3664
37.3664
37.3664
35.465
35.465
35.465
35.465
35.465
35.465
35.465
35.465
34.2753
34.2753
34.2753
34.2753
34.2753
34.2753
34.2753
34.2753
33.6915
33.6915
33.6915
33.6915
33.6915
33.6915
33.6915
33.6915
33.6114
33.6114
33.6114
33.6114
33.6114
33.6114
33.6114
33.6114
33.9307
33.9307
33.9307
33.9307
33.9307
33.9307
33.9307
33.9307
34.5379
34.5379
34.5379
34.5379
34.5379
34.5379
34.5379
34.5379
35.3117
35.3117
35.3117
35.3117
35.3117
35.3117
35.3117
35.3117
36.1214
36.1214
36.1214
36.1214
36.1214
36.1214
36.1214
36.1214
36.8338
36.8338
36.8338
36.8338
36.8338
36.8338
36.8338
36.8338
37.3244
37.3244
37.3244
37.3244
37.3244
37.3244
37.3244
37.3244
37.4926
37.4926
37.4926
37.4926
37.4926
37.4926
37.4926
37.4926
37.2761
37.2761
37.2761
37.2761
37.2761
37.2761
37.2761
37.2761
36.6601
36.6601
36.6601
36.6601
36.6601
36.6601
36.6601
36.6601
43.754
43.754
43.754
43.754
43.754
43.754
43.754
43.754
40.0908
40.0908
40.0908
40.0908
40.0908
40.0908
40.0908
40.0908
37.3664
37.3664
37.3664
37.3664
37.3664
37.3664
37.3664
37.3664
35.465
35.465
35.465
35.465
35.465
35.465
35.465
35.465
34.2753
34.2753
34.2753
34.2753
34.2753
34.2753
34.2753
34.2753
33.6915
33.6915
33.6915
33.6915
33.6915
33.6915
33.6915
33.6915
33.6114
33.6114
33.6114
33.6114
33.6114
33.6114
33.6114
33.6114
33.9307
33.9307
33.9307
33.9307
33.9307
33.9307
33.9307
33.9307
34.5379
34.5379
34.5379
34.5379
34.5379
34.5379
34.5379
34.5379
35.3117
35.3117
35.3117
35.3117
35.3117
35.3117
35.3117
35.3117
36.1214
36.1214
36.1214
36.1214
36.1214
36.1214
36.1214
36.1214
36.8338
36.8338
36.8338
36.8338
36.8338
36.8338
36.8338
36.8338
37.3244
37.3244
37.3244
37.3244
37.3244
37.3244
37.3244
37.3244
37.4926
37.4926
37.4926
37.4926
37.4926
37.4926
37.4926
37.4926
37.2761
37.2761
37.2761
37.2761
37.2761
37.2761
37.2761
37.2761
36.6601
36.6601
36.6601
36.6601
36.6601
36.6601
36.6601
36.6601
43.754
43.754
43.754
43.754
43.754
43.754
43.754
43.754
40.0908
40.0908
40.0908
40.0908
40.0908
40.0908
40.0908
40.0908
37.3664
37.3664
37.3664
37.3664
37.3664
37.3664
37.3664
37.3664
35.465
35.465
35.465
35.465
35.465
35.465
35.465
35.465
34.2753
34.2753
34.2753
34.2753
34.2753
34.2753
34.2753
34.2753
33.6915
33.6915
33.6915
33.6915
33.6915
33.6915
33.6915
33.6915
33.6114
33.6114
33.6114
33.6114
33.6114
33.6114
33.6114
33.6114
33.9307
33.9307
33.9307
33.9307
33.9307
33.9307
33.9307
33.9307
34.5379
34.5379
34.5379
34.5379
34.5379
34.5379
34.5379
34.5379
35.3117
35.3117
35.3117
35.3117
35.3117
35.3117
35.3117
35.3117
36.1214
36.1214
36.1214
36.1214
36.1214
36.1214
36.1214
36.1214
36.8338
36.8338
36.8338
36.8338
36.8338
36.8338
36.8338
36.8338
37.3244
37.3244
37.3244
37.3244
37.3244
37.3244
37.3244
37.3244
37.4926
37.4926
37.4926
37.4926
37.4926
37.4926
37.4926
37.4926
37.2761
37.2761
37.2761
37.2761
37.2761
37.2761
37.2761
37.2761
36.6601
36.6601
36.6601
36.6601
36.6601
36.6601
36.6601
36.6601
42.1462
42.1462
42.1462
42.1462
42.1462
42.1462
42.1462
42.1462
38.6717
38.6717
38.6717
38.6717
38.6717
38.6717
38.6717
38.6717
36.0979
36.0979
36.0979
36.0979
36.0979
36.0979
36.0979
36.0979
34.3174
34.3174
34.3174
34.3174
34.3174
34.3174
34.3174
34.3174
33.2262
33.2262
33.2262
33.2262
33.2262
33.2262
33.2262
33.2262
32.7256
32.7256
32.7256
32.7256
32.7256
32.7256
32.7256
32.7256
32.7198
32.7198
32.7198
32.7198
32.7198
32.7198
32.7198
32.7198
33.1106
33.1106
33.1106
33.1106
33.1106
33.1106
33.1106
33.1106
33.792
33.792
33.792
33.792
33.792
33.792
33.792
33.792
34.6473
34.6473
34.6473
34.6473
34.6473
34.6473
34.6473
34.6473
35.5493
35.5493
35.5493
35.5493
35.5493
35.5493
35.5493
35.5493
36.3664
36.3664
36.3664
36.3664
36.3664
36.3664
36.3664
36.3664
36.9739
36.9739
36.9739
36.9739
36.9739
36.9739
36.9739
36.9739
37.2684
37.2684
37.2684
37.2684
37.2684
37.2684
37.2684
37.2684
37.183
37.183
37.183
37.183
37.183
37.183
37.183
37.183
36.6973
36.6973
36.6973
36.6973
36.6973
36.6973
36.6973
36.6973
42.1462
42.1462
42.1462
42.1462
42.1462
42.1462
42.1462
42.1462
38.6717
38.6717
38.6717
38.6717
38.6717
38.6717
38.6717
38.6717
36.0979
36.0979
36.0979
36.0979
36.0979
36.0979
36.0979
36.0979
34.3174
34.3174
34.3174
34.3174
34.3174
34.3174
34.3174
34.3174
33.2262
33.2262
33.2262
33.2262
33.2262
33.2262
33.2262
33.2262
32.7256
32.7256
32.7256
32.7256
32.7256
32.7256
32.7256
32.7256
32.7198
32.7198
32.7198
32.7198
32.7198
32.7198
32.7198
32.7198
33.1106
33.1106
33.1106
33.1106
33.1106
33.1106
33.1106
33.1106
33.792
33.792
33.792
33.792
33.792
33.792
33.792
33.792
34.6473
34.6473
34.6473
34.6473
34.6473
34.6473
34.6473
34.6473
35.5493
35.5493
35.5493
35.5493
35.5493
35.5493
35.5493
35.5493
36.3664
36.3664
36.3664
36.3664
36.3664
36.3664
36.3664
36.3664
36.9739
36.9739
36.9739
36.9739
36.9739
36.9739
36.9739
36.9739
37.2684
37.2684
37.2684
37.2684
37.2684
37.2684
37.2684
37.2684
37.183
37.183
37.183
37.183
37.183
37.183
37.183
37.183
36.6973
36.6973
36.6973
36.6973
36.6973
36.6973
36.6973
36.6973
42.1462
42.1462
42.1462
42.1462
42.1462
42.1462
42.1462
42.1462
38.6717
38.6717
38.6717
38.6717
38.6717
38.6717
38.6717
38.6717
36.0979
36.0979
36.0979
36.0979
36.0979
36.0979
36.0979
36.0979
34.3174
34.3174
34.3174
34.3174
34.3174
34.3174
34.3174
34.3174
33.2262
33.2262
33.2262
33.2262
33.2262
33.2262
33.2262
33.2262
32.7256
32.7256
32.7256
32.7256
32.7256
32.7256
32.7256
32.7256
32.7198
32.7198
32.7198
32.7198
32.7198
32.7198
32.7198
32.7198
33.1106
33.1106
33.1106
33.1106
33.1106
33.1106
33.1106
33.1106
33.792
33.792
33.792
33.792
33.792
33.792
33.792
33.792
34.6473
34.6473
34.6473
34.6473
34.6473
34.6473
34.6473
34.6473
35.5493
35.5493
35.5493
35.5493
35.5493
35.5493
35.5493
35.5493
36.3664
36.3664
36.3664
36.3664
36.3664
36.3664
36.3664
36.3664
36.9739
36.9739
36.9739
36.9739
36.9739
36.9739
36.9739
36.9739
37.2684
37.2684
37.2684
37.2684
37.2684
37.2684
37.2684
37.2684
37.183
37.183
37.183
37.183
37.183
37.183
37.183
37.183
36.6973
36.6973
36.6973
36.6973
36.6973
36.6973
36.6973
36.6973
42.1462
42.1462
42.1462
42.1462
42.1462
42.1462
42.1462
42.1462
38.6717
38.6717
38.6717
38.6717
38.6717
38.6717
38.6717
38.6717
36.0979
36.0979
36.0979
36.0979
36.0979
36.0979
36.0979
36.0979
34.3174
34.3174
34.3174
34.3174
34.3174
34.3174
34.3174
34.3174
33.2262
33.2262
33.2262
33.2262
33.2262
33.2262
33.2262
33.2262
32.7256
32.7256
32.7256
32.7256
32.7256
32.7256
32.7256
32.7256
32.7198
32.7198
32.7198
32.7198
32.7198
32.7198
32.7198
32.7198
33.1106
33.1106
33.1106
33.1106
33.1106
33.1106
33.1106
33.1106
33.792
33.792
33.792
33.792
33.792
33.792
33.792
33.792
34.6473
34.6473
34.6473
34.6473
34.6473
34.6473
34.6473
34.6473
35.5493
35.5493
35.5493
35.5493
35.5493
35.5493
35.5493
35.5493
36.3664
36.3664
36.3664
36.3664
36.3664
36.3664
36.3664
36.3664
36.9739
36.9739
36.9739
36.9739
36.9739
36.9739
36.9739
36.9739
37.2684
37.2684
37.2684
37.2684
37.2684
37.2684
37.2684
37.2684
37.183
37.183
37.183
37.183
37.183
37.183
37.183
37.183
36.6973
36.6973
36.6973
36.6973
36.6973
36.6973
36.6973
36.6973
40.4621
40.4621
40.4621
40.4621
40.4621
40.4621
40.4621
40.4621
37.172
37.172
37.172
37.172
37.172
37.172
37.172
37.172
34.7378
34.7378
34.7378
34.7378
34.7378
34.7378
34.7378
34.7378
33.0613
33.0613
33.0613
33.0613
33.0613
33.0613
33.0613
33.0613
32.0468
32.0468
32.0468
32.0468
32.0468
32.0468
32.0468
32.0468
31.6032
31.6032
31.6032
31.6032
31.6032
31.6032
31.6032
31.6032
31.6415
31.6415
31.6415
31.6415
31.6415
31.6415
31.6415
31.6415
32.0706
32.0706
32.0706
32.0706
32.0706
32.0706
32.0706
32.0706
32.7916
32.7916
32.7916
32.7916
32.7916
32.7916
32.7916
32.7916
33.6944
33.6944
33.6944
33.6944
33.6944
33.6944
33.6944
33.6944
34.6581
34.6581
34.6581
34.6581
34.6581
34.6581
34.6581
34.6581
35.5562
35.5562
35.5562
35.5562
35.5562
35.5562
35.5562
35.5562
36.2666
36.2666
36.2666
36.2666
36.2666
36.2666
36.2666
36.2666
36.6862
36.6862
36.6862
36.6862
36.6862
36.6862
36.6862
36.6862
36.7449
36.7449
36.7449
36.7449
36.7449
36.7449
36.7449
36.7449
36.4169
36.4169
36.4169
36.4169
36.4169
36.4169
36.4169
36.4169
40.4621
40.4621
40.4621
40.4621
40.4621
40.4621
40.4621
40.4621
37.172
37.172
37.172
37.172
37.172
37.172
37.172
37.172
34.7378
34.7378
34.7378
34.7378
34.7378
34.7378
34.7378
34.7378
33.0613
33.0613
33.0613
33.0613
33.0613
33.0613
33.0613
33.0613
32.0468
32.0468
32.0468
32.0468
32.0468
32.0468
32.0468
32.0468
31.6032
31.6032
31.6032
31.6032
31.6032
31.6032
31.6032
31.6032
31.6415
31.6415
31.6415
31.6415
31.6415
31.6415
31.6415
31.6415
32.0706
32.0706
32.0706
32.0706
32.0706
32.0706
32.0706
32.0706
32.7916
32.7916
32.7916
32.7916
32.7916
32.7916
32.7916
32.7916
33.6944
33.6944
33.6944
33.6944
33.6944
33.6944
33.6944
33.6944
34.6581
34.6581
34.6581
34.6581
34.6581
34.6581
34.6581
34.6581
35.5562
35.5562
35.5562
35.5562
35.5562
35.5562
35.5562
35.5562
36.2666
36.2666
36.2666
36.2666
36.2666
36.2666
36.2666
36.2666
36.6862
36.6862
36.6862
36.6862
36.6862
36.6862
36.6862
36.6862
36.7449
36.7449
36.7449
36.7449
36.7449
36.7449
36.7449
36.7449
36.4169
36.4169
36.4169
36.4169
36.4169
36.4169
36.4169
36.4169
40.4621
40.4621
40.4621
40.4621
40.4621
40.4621
40.4621
40.4621
37.172
37.172
37.172
37.172
37.172
37.172
37.172
37.172
34.7378
34.7378
34.7378
34.7378
34.7378
34.7378
34.7378
34.7378
33.0613
33.0613
33.0613
33.0613
33.0613
33.0613
33.0613
33.0613
32.0468
32.0468
32.0468
32.0468
32.0468
32.0468
32.0468
32.0468
31.6032
31.6032
31.6032
31.6032
31.6032
31.6032
31.6032
31.6032
31.6415
31.6415
31.6415
31.6415
31.6415
31.6415
31.6415
31.6415
32.0706
32.0706
32.0706
32.0706
32.0706
32.0706
32.0706
32.0706
32.7916
32.7916
32.7916
32.7916
32.7916
32.7916
32.7916
32.7916
33.6944
33.6944
33.6944
33.6944
33.6944
33.6944
33.6944
33.6944
34.6581
34.6581
34.6581
34.6581
34.6581
34.6581
34.6581
34.6581
35.5562
35.5562
35.5562
35.5562
35.5562
35.5562
35.5562
35.5562
36.2666
36.2666
36.2666
36.2666
36.2666
36.2666
36.2666
36.2666
36.6862
36.6862
36.6862
36.6862
36.6862
36.6862
36.6862
36.6862
36.7449
36.7449
36.7449
36.7449
36.7449
36.7449
36.7449
36.7449
36.4169
36.4169
36.4169
36.4169
36.4169
36.4169
36.4169
36.4169
40.4621
40.4621
40.4621
40.4621
40.4621
40.4621
40.4621
40.4621
37.172
37.172
37.172
37.172
37.172
37.172
37.172
37.172
34.7378
34.7378
34.7378
34.7378
34.7378
34.7378
34.7378
34.7378
33.0613
33.0613
33.0613
33.0613
33.0613
33.0613
33.0613
33.0613
32.0468
32.0468
32.0468
32.0468
32.0468
32.0468
32.0468
32.0468
31.6032
31.6032
31.6032
31.6032
31.6032
31.6032
31.6032
31.6032
31.6415
31.6415
31.6415
31.6415
31.6415
31.6415
31.6415
31.6415
32.0706
32.0706
32.0706
32.0706
32.0706
32.0706
32.0706
32.0706
32.7916
32.7916
32.7916
32.7916
32.7916
32.7916
32.7916
32.7916
33.6944
33.6944
33.6944
33.6944
33.6944
33.6944
33.6944
33.6944
34.6581
34.6581
34.6581
34.6581
34.6581
34.6581
34.6581
34.6581
35.5562
35.5562
35.5562
35.5562
35.5562
35.5562
35.5562
35.5562
36.2666
36.2666
36.2666
36.2666
36.2666
36.2666
36.2666
36.2666
36.6862
36.6862
36.6862
36.6862
36.6862
36.6862
36.6862
36.6862
36.7449
36.7449
36.7449
36.7449
36.7449
36.7449
36.7449
36.7449
36.4169
36.4169
36.4169
36.4169
36.4169
36.4169
36.4169
36.4169
38.8296
38.8296
38.8296
38.8296
38.8296
38.8296
38.8296
38.8296
35.714
35.714
35.714
35.714
35.714
35.714
35.714
35.714
33.4054
33.4054
33.4054
33.4054
33.4054
33.4054
33.4054
33.4054
31.8154
31.8154
31.8154
31.8154
31.8154
31.8154
31.8154
31.8154
30.8568
30.8568
30.8568
30.8568
30.8568
30.8568
30.8568
30.8568
30.4462
30.4462
30.4462
30.4462
30.4462
30.4462
30.4462
30.4462
30.502
30.502
30.502
30.502
30.502
30.502
30.502
30.502
30.9402
30.9402
30.9402
30.9402
30.9402
30.9402
30.9402
30.9402
31.6696
31.6696
31.6696
31.6696
31.6696
31.6696
31.6696
31.6696
32.5883
32.5883
32.5883
32.5883
32.5883
32.5883
32.5883
32.5883
33.5838
33.5838
33.5838
33.5838
33.5838
33.5838
33.5838
33.5838
34.5369
34.5369
34.5369
34.5369
34.5369
34.5369
34.5369
34.5369
35.331
35.331
35.331
35.331
35.331
35.331
35.331
35.331
35.8657
35.8657
35.8657
35.8657
35.8657
35.8657
35.8657
35.8657
36.0699
36.0699
36.0699
36.0699
36.0699
36.0699
36.0699
36.0699
35.9128
35.9128
35.9128
35.9128
35.9128
35.9128
35.9128
35.9128
38.8296
38.8296
38.8296
38.8296
38.8296
38.8296
38.8296
38.8296
35.714
35.714
35.714
35.714
35.714
35.714
35.714
35.714
33.4054
33.4054
33.4054
33.4054
33.4054
33.4054
33.4054
33.4054
31.8154
31.8154
31.8154
31.8154
31.8154
31.8154
31.8154
31.8154
30.8568
30.8568
30.8568
30.8568
30.8568
30.8568
30.8568
30.8568
30.4462
30.4462
30.4462
30.4462
30.4462
30.4462
30.4462
30.4462
30.502
30.502
30.502
30.502
30.502
30.502
30.502
30.502
30.9402
30.9402
30.9402
30.9402
30.9402
30.9402
30.9402
30.9402
31.6696
31.6696
31.6696
31.6696
31.6696
31.6696
31.6696
31.6696
32.5883
32.5883
32.5883
32.5883
32.5883
32.5883
32.5883
32.5883
33.5838
33.5838
33.5838
33.5838
33.5838
33.5838
33.5838
33.5838
34.5369
34.5369
34.5369
34.5369
34.5369
34.5369
34.5369
34.5369
35.331
35.331
35.331
35.331
35.331
35.331
35.331
35.331
35.8657
35.8657
35.8657
35.8657
35.8657
35.8657
35.8657
35.8657
36.0699
36.0699
36.0699
36.0699
36.0699
36.0699
36.0699
36.0699
35.9128
35.9128
35.9128
35.9128
35.9128
35.9128
35.9128
35.9128
38.8296
38.8296
38.8296
38.8296
38.8296
38.8296
38.8296
38.8296
35.714
35.714
35.714
35.714
35.714
35.714
35.714
35.714
33.4054
33.4054
33.4054
33.4054
33.4054
33.4054
33.4054
33.4054
31.8154
31.8154
31.8154
31.8154
31.8154
31.8154
31.8154
31.8154
30.8568
30.8568
30.8568
30.8568
30.8568
30.8568
30.8568
30.8568
30.4462
30.4462
30.4462
30.4462
30.4462
30.4462
30.4462
30.4462
30.502
30.502
30.502
30.502
30.502
30.502
30.502
30.502
30.9402
30.9402
30.9402
30.9402
30.9402
30.9402
30.9402
30.9402
31.6696
31.6696
31.6696
31.6696
31.6696
31.6696
31.6696
31.6696
32.5883
32.5883
32.5883
32.5883
32.5883
32.5883
32.5883
32.5883
33.5838
33.5838
33.5838
33.5838
33.5838
33.5838
33.5838
33.5838
34.5369
34.5369
34.5369
34.5369
34.5369
34.5369
34.5369
34.5369
35.331
35.331
35.331
35.331
35.331
35.331
35.331
35.331
35.8657
35.8657
35.8657
35.8657
35.8657
35.8657
35.8657
35.8657
36.0699
36.0699
36.0699
36.0699
36.0699
36.0699
36.0699
36.0699
35.9128
35.9128
35.9128
35.9128
35.9128
35.9128
35.9128
35.9128
38.8296
38.8296
38.8296
38.8296
38.8296
38.8296
38.8296
38.8296
35.714
35.714
35.714
35.714
35.714
35.714
35.714
35.714
33.4054
33.4054
33.4054
33.4054
33.4054
33.4054
33.4054
33.4054
31.8154
31.8154
31.8154
31.8154
31.8154
31.8154
31.8154
31.8154
30.8568
30.8568
30.8568
30.8568
30.8568
30.8568
30.8568
30.8568
30.4462
30.4462
30.4462
30.4462
30.4462
30.4462
30.4462
30.4462
30.502
30.502
30.502
30.502
30.502
30.502
30.502
30.502
30.9402
30.9402
30.9402
30.9402
30.9402
30.9402
30.9402
30.9402
31.6696
31.6696
31.6696
31.6696
31.6696
31.6696
31.6696
31.6696
32.5883
32.5883
32.5883
32.5883
32.5883
32.5883
32.5883
32.5883
33.5838
33.5838
33.5838
33.5838
33.5838
33.5838
33.5838
33.5838
34.5369
34.5369
34.5369
34.5369
34.5369
34.5369
34.5369
34.5369
35.331
35.331
35.331
35.331
35.331
35.331
35.331
35.331
35.8657
35.8657
35.8657
35.8657
35.8657
35.8657
35.8657
35.8657
36.0699
36.0699
36.0699
36.0699
36.0699
36.0699
36.0699
36.0699
35.9128
35.9128
35.9128
35.9128
35.9128
35.9128
35.9128
35.9128
37.3688
37.3688
37.3688
37.3688
37.3688
37.3688
37.3688
37.3688
34.4141
34.4141
34.4141
34.4141
34.4141
34.4141
34.4141
34.4141
32.2155
32.2155
32.2155
32.2155
32.2155
32.2155
32.2155
32.2155
30.695
30.695
30.695
30.695
30.695
30.695
30.695
30.695
29.774
29.774
29.774
29.774
29.774
29.774
29.774
29.774
29.3768
29.3768
29.3768
29.3768
29.3768
29.3768
29.3768
29.3768
29.4287
29.4287
29.4287
29.4287
29.4287
29.4287
29.4287
29.4287
29.8529
29.8529
29.8529
29.8529
29.8529
29.8529
29.8529
29.8529
30.5661
30.5661
30.5661
30.5661
30.5661
30.5661
30.5661
30.5661
31.4751
31.4751
31.4751
31.4751
31.4751
31.4751
31.4751
31.4751
32.4764
32.4764
32.4764
32.4764
32.4764
32.4764
32.4764
32.4764
33.4599
33.4599
33.4599
33.4599
33.4599
33.4599
33.4599
33.4599
34.3167
34.3167
34.3167
34.3167
34.3167
34.3167
34.3167
34.3167
34.9509
34.9509
34.9509
34.9509
34.9509
34.9509
34.9509
34.9509
35.2921
35.2921
35.2921
35.2921
35.2921
35.2921
35.2921
35.2921
35.306
35.306
35.306
35.306
35.306
35.306
35.306
35.306
37.3688
37.3688
37.3688
37.3688
37.3688
37.3688
37.3688
37.3688
34.4141
34.4141
34.4141
34.4141
34.4141
34.4141
34.4141
34.4141
32.2155
32.2155
32.2155
32.2155
32.2155
32.2155
32.2155
32.2155
30.695
30.695
30.695
30.695
30.695
30.695
30.695
30.695
29.774
29.774
29.774
29.774
29.774
29.774
29.774
29.774
29.3768
29.3768
29.3768
29.3768
29.3768
29.3768
29.3768
29.3768
29.4287
29.4287
29.4287
29.4287
29.4287
29.4287
29.4287
29.4287
29.8529
29.8529
29.8529
29.8529
29.8529
29.8529
29.8529
29.8529
30.5661
30.5661
30.5661
30.5661
30.5661
30.5661
30.5661
30.5661
31.4751
31.4751
31.4751
31.4751
31.4751
31.4751
31.4751
31.4751
32.4764
32.4764
32.4764
32.4764
32.4764
32.4764
32.4764
32.4764
33.4599
33.4599
33.4599
33.4599
33.4599
33.4599
33.4599
33.4599
34.3167
34.3167
34.3167
34.3167
34.3167
34.3167
34.3167
34.3167
34.9509
34.9509
34.9509
34.9509
34.9509
34.9509
34.9509
34.9509
35.2921
35.2921
35.2921
35.2921
35.2921
35.2921
35.2921
35.2921
35.306
35.306
35.306
35.306
35.306
35.306
35.306
35.306
37.3688
37.3688
37.3688
37.3688
37.3688
37.3688
37.3688
37.3688
34.4141
34.4141
34.4141
34.4141
34.4141
34.4141
34.4141
34.4141
32.2155
32.2155
32.2155
32.2155
32.2155
32.2155
32.2155
32.2155
30.695
30.695
30.695
30.695
30.695
30.695
30.695
30.695
29.774
29.774
29.774
29.774
29.774
29.774
29.774
29.774
29.3768
29.3768
29.3768
29.3768
29.3768
29.3768
29.3768
29.3768
29.4287
29.4287
29.4287
29.4287
29.4287
29.4287
29.4287
29.4287
29.8529
29.8529
29.8529
29.8529
29.8529
29.8529
29.8529
29.8529
30.5661
30.5661
30.5661
30.5661
30.5661
30.5661
30.5661
30.5661
31.4751
31.4751
31.4751
31.4751
31.4751
31.4751
31.4751
31.4751
32.4764
32.4764
32.4764
32.4764
32.4764
32.4764
32.4764
32.4764
33.4599
33.4599
33.4599
33.4599
33.4599
33.4599
33.4599
33.4599
34.3167
34.3167
34.3167
34.3167
34.3167
34.3167
34.3167
34.3167
34.9509
34.9509
34.9509
34.9509
34.9509
34.9509
34.9509
34.9509
35.2921
35.2921
35.2921
35.2921
35.2921
35.2921
35.2921
35.2921
35.306
35.306
35.306
35.306
35.306
35.306
35.306
35.306
37.3688
37.3688
37.3688
37.3688
37.3688
37.3688
37.3688
37.3688
34.4141
34.4141
34.4141
34.4141
34.4141
34.4141
34.4141
34.4141
32.2155
32.2155
32.2155
32.2155
32.2155
32.2155
32.2155
32.2155
30.695
30.695
30.695
30.695
30.695
30.695
30.695
30.695
29.774
29.774
29.774
29.774
29.774
29.774
29.774
29.774
29.3768
29.3768
29.3768
29.3768
29.3768
29.3768
29.3768
29.3768
29.4287
29.4287
29.4287
29.4287
29.4287
29.4287
29.4287
29.4287
29.8529
29.8529
29.8529
29.8529
29.8529
29.8529
29.8529
29.8529
30.5661
30.5661
30.5661
30.5661
30.5661
30.5661
30.5661
30.5661
31.4751
31.4751
31.4751
31.4751
31.4751
31.4751
31.4751
31.4751
32.4764
32.4764
32.4764
32.4764
32.4764
32.4764
32.4764
32.4764
33.4599
33.4599
33.4599
33.4599
33.4599
33.4599
33.4599
33.4599
34.3167
34.3167
34.3167
34.3167
34.3167
34.3167
34.3167
34.3167
34.9509
34.9509
34.9509
34.9509
34.9509
34.9509
34.9509
34.9509
35.2921
35.2921
35.2921
35.2921
35.2921
35.2921
35.2921
35.2921
35.306
35.306
35.306
35.306
35.306
35.306
35.306
35.306
36.1827
36.1827
36.1827
36.1827
36.1827
36.1827
36.1827
36.1827
33.3731
33.3731
33.3731
33.3731
33.3731
33.3731
33.3731
33.3731
31.2688
31.2688
31.2688
31.2688
31.2688
31.2688
31.2688
31.2688
29.8025
29.8025
29.8025
29.8025
29.8025
29.8025
29.8025
29.8025
28.9043
28.9043
28.9043
28.9043
28.9043
28.9043
28.9043
28.9043
28.5056
28.5056
28.5056
28.5056
28.5056
28.5056
28.5056
28.5056
28.5384
28.5384
28.5384
28.5384
28.5384
28.5384
28.5384
28.5384
28.9328
28.9328
28.9328
28.9328
28.9328
28.9328
28.9328
28.9328
29.6128
29.6128
29.6128
29.6128
29.6128
29.6128
29.6128
29.6128
30.4937
30.4937
30.4937
30.4937
30.4937
30.4937
30.4937
30.4937
31.4813
31.4813
31.4813
31.4813
31.4813
31.4813
31.4813
31.4813
32.4751
32.4751
32.4751
32.4751
32.4751
32.4751
32.4751
32.4751
33.3747
33.3747
33.3747
33.3747
33.3747
33.3747
33.3747
33.3747
34.0901
34.0901
34.0901
34.0901
34.0901
34.0901
34.0901
34.0901
34.5535
34.5535
34.5535
34.5535
34.5535
34.5535
34.5535
34.5535
34.7283
34.7283
34.7283
34.7283
34.7283
34.7283
34.7283
34.7283
36.1827
36.1827
36.1827
36.1827
36.1827
36.1827
36.1827
36.1827
33.3731
33.3731
33.3731
33.3731
33.3731
33.3731
33.3731
33.3731
31.2688
31.2688
31.2688
31.2688
31.2688
31.2688
31.2688
31.2688
29.8025
29.8025
29.8025
29.8025
29.8025
29.8025
29.8025
29.8025
28.9043
28.9043
28.9043
28.9043
28.9043
28.9043
28.9043
28.9043
28.5056
28.5056
28.5056
28.5056
28.5056
28.5056
28.5056
28.5056
28.5384
28.5384
28.5384
28.5384
28.5384
28.5384
28.5384
28.5384
28.9328
28.9328
28.9328
28.9328
28.9328
28.9328
28.9328
28.9328
29.6128
29.6128
29.6128
29.6128
29.6128
29.6128
29.6128
29.6128
30.4937
30.4937
30.4937
30.4937
30.4937
30.4937
30.4937
30.4937
31.4813
31.4813
31.4813
31.4813
31.4813
31.4813
31.4813
31.4813
32.4751
32.4751
32.4751
32.4751
32.4751
32.4751
32.4751
32.4751
33.3747
33.3747
33.3747
33.3747
33.3747
33.3747
33.3747
33.3747
34.0901
34.0901
34.0901
34.0901
34.0901
34.0901
34.0901
34.0901
34.5535
34.5535
34.5535
34.5535
34.5535
34.5535
34.5535
34.5535
34.7283
34.7283
34.7283
34.7283
34.7283
34.7283
34.7283
34.7283
36.1827
36.1827
36.1827
36.1827
36.1827
36.1827
36.1827
36.1827
33.3731
33.3731
33.3731
33.3731
33.3731
33.3731
33.3731
33.3731
31.2688
31.2688
31.2688
31.2688
31.2688
31.2688
31.2688
31.2688
29.8025
29.8025
29.8025
29.8025
29.8025
29.8025
29.8025
29.8025
28.9043
28.9043
28.9043
28.9043
28.9043
28.9043
28.9043
28.9043
28.5056
28.5056
28.5056
28.5056
28.5056
28.5056
28.5056
28.5056
28.5384
28.5384
28.5384
28.5384
28.5384
28.5384
28.5384
28.5384
28.9328
28.9328
28.9328
28.9328
28.9328
28.9328
28.9328
28.9328
29.6128
29.6128
29.6128
29.6128
29.6128
29.6128
29.6128
29.6128
30.4937
30.4937
30.4937
30.4937
30.4937
30.4937
30.4937
30.4937
31.4813
31.4813
31.4813
31.4813
31.4813
31.4813
31.4813
31.4813
32.4751
32.4751
32.4751
32.4751
32.4751
32.4751
32.4751
32.4751
33.3747
33.3747
33.3747
33.3747
33.3747
33.3747
33.3747
33.3747
34.0901
34.0901
34.0901
34.0901
34.0901
34.0901
34.0901
34.0901
34.5535
34.5535
34.5535
34.5535
34.5535
34.5535
34.5535
34.5535
34.7283
34.7283
34.7283
34.7283
34.7283
34.7283
34.7283
34.7283
36.1827
36.1827
36.1827
36.1827
36.1827
36.1827
36.1827
36.1827
33.3731
33.3731
33.3731
33.3731
33.3731
33.3731
33.3731
33.3731
31.2688
31.2688
31.2688
31.2688
31.2688
31.2688
31.2688
31.2688
29.8025
29.8025
29.8025
29.8025
29.8025
29.8025
29.8025
29.8025
28.9043
28.9043
28.9043
28.9043
28.9043
28.9043
28.9043
28.9043
28.5056
28.5056
28.5056
28.5056
28.5056
28.5056
28.5056
28.5056
28.5384
28.5384
28.5384
28.5384
28.5384
28.5384
28.5384
28.5384
28.9328
28.9328
28.9328
28.9328
28.9328
28.9328
28.9328
28.9328
29.6128
29.6128
29.6128
29.6128
29.6128
29.6128
29.6128
29.6128
30.4937
30.4937
30.4937
30.4937
30.4937
30.4937
30.4937
30.4937
31.4813
31.4813
31.4813
31.4813
31.4813
31.4813
31.4813
31.4813
32.4751
32.4751
32.4751
32.4751
32.4751
32.4751
32.4751
32.4751
33.3747
33.3747
33.3747
33.3747
33.3747
33.3747
33.3747
33.3747
34.0901
34.0901
34.0901
34.0901
34.0901
34.0901
34.0901
34.0901
34.5535
34.5535
34.5535
34.5535
34.5535
34.5535
34.5535
34.5535
34.7283
34.7283
34.7283
34.7283
34.7283
34.7283
34.7283
34.7283
35.3528
35.3528
35.3528
35.3528
35.3528
35.3528
35.3528
35.3528
32.6725
32.6725
32.6725
32.6725
32.6725
32.6725
32.6725
32.6725
30.6482
30.6482
30.6482
30.6482
30.6482
30.6482
30.6482
30.6482
29.2233
29.2233
29.2233
29.2233
29.2233
29.2233
29.2233
29.2233
28.3366
28.3366
28.3366
28.3366
28.3366
28.3366
28.3366
28.3366
27.9264
27.9264
27.9264
27.9264
27.9264
27.9264
27.9264
27.9264
27.9311
27.9311
27.9311
27.9311
27.9311
27.9311
27.9311
27.9311
28.2867
28.2867
28.2867
28.2867
28.2867
28.2867
28.2867
28.2867
28.924
28.924
28.924
28.924
28.924
28.924
28.924
28.924
29.7662
29.7662
29.7662
29.7662
29.7662
29.7662
29.7662
29.7662
30.7278
30.7278
30.7278
30.7278
30.7278
30.7278
30.7278
30.7278
31.7175
31.7175
31.7175
31.7175
31.7175
31.7175
31.7175
31.7175
32.6434
32.6434
32.6434
32.6434
32.6434
32.6434
32.6434
32.6434
33.4226
33.4226
33.4226
33.4226
33.4226
33.4226
33.4226
33.4226
33.9903
33.9903
33.9903
33.9903
33.9903
33.9903
33.9903
33.9903
34.3093
34.3093
34.3093
34.3093
34.3093
34.3093
34.3093
34.3093
35.3528
35.3528
35.3528
35.3528
35.3528
35.3528
35.3528
35.3528
32.6725
32.6725
32.6725
32.6725
32.6725
32.6725
32.6725
32.6725
30.6482
30.6482
30.6482
30.6482
30.6482
30.6482
30.6482
30.6482
29.2233
29.2233
29.2233
29.2233
29.2233
29.2233
29.2233
29.2233
28.3366
28.3366
28.3366
28.3366
28.3366
28.3366
28.3366
28.3366
27.9264
27.9264
27.9264
27.9264
27.9264
27.9264
27.9264
27.9264
27.9311
27.9311
27.9311
27.9311
27.9311
27.9311
27.9311
27.9311
28.2867
28.2867
28.2867
28.2867
28.2867
28.2867
28.2867
28.2867
28.924
28.924
28.924
28.924
28.924
28.924
28.924
28.924
29.7662
29.7662
29.7662
29.7662
29.7662
29.7662
29.7662
29.7662
30.7278
30.7278
30.7278
30.7278
30.7278
30.7278
30.7278
30.7278
31.7175
31.7175
31.7175
31.7175
31.7175
31.7175
31.7175
31.7175
32.6434
32.6434
32.6434
32.6434
32.6434
32.6434
32.6434
32.6434
33.4226
33.4226
33.4226
33.4226
33.4226
33.4226
33.4226
33.4226
33.9903
33.9903
33.9903
33.9903
33.9903
33.9903
33.9903
33.9903
34.3093
34.3093
34.3093
34.3093
34.3093
34.3093
34.3093
34.3093
35.3528
35.3528
35.3528
35.3528
35.3528
35.3528
35.3528
35.3528
32.6725
32.6725
32.6725
32.6725
32.6725
32.6725
32.6725
32.6725
30.6482
30.6482
30.6482
30.6482
30.6482
30.6482
30.6482
30.6482
29.2233
29.2233
29.2233
29.2233
29.2233
29.2233
29.2233
29.2233
28.3366
28.3366
28.3366
28.3366
28.3366
28.3366
28.3366
28.3366
27.9264
27.9264
27.9264
27.9264
27.9264
27.9264
27.9264
27.9264
27.9311
27.9311
27.9311
27.9311
27.9311
27.9311
27.9311
27.9311
28.2867
28.2867
28.2867
28.2867
28.2867
28.2867
28.2867
28.2867
28.924
28.924
28.924
28.924
28.924
28.924
28.924
28.924
29.7662
29.7662
29.7662
29.7662
29.7662
29.7662
29.7662
29.7662
30.7278
30.7278
30.7278
30.7278
30.7278
30.7278
30.7278
30.7278
31.7175
31.7175
31.7175
31.7175
31.7175
31.7175
31.7175
31.7175
32.6434
32.6434
32.6434
32.6434
32.6434
32.6434
32.6434
32.6434
33.4226
33.4226
33.4226
33.4226
33.4226
33.4226
33.4226
33.4226
33.9903
33.9903
33.9903
33.9903
33.9903
33.9903
33.9903
33.9903
34.3093
34.3093
34.3093
34.3093
34.3093
34.3093
34.3093
34.3093
35.3528
35.3528
35.3528
35.3528
35.3528
35.3528
35.3528
35.3528
32.6725
32.6725
32.6725
32.6725
32.6725
32.6725
32.6725
32.6725
30.6482
30.6482
30.6482
30.6482
30.6482
30.6482
30.6482
30.6482
29.2233
29.2233
29.2233
29.2233
29.2233
29.2233
29.2233
29.2233
28.3366
28.3366
28.3366
28.3366
28.3366
28.3366
28.3366
28.3366
27.9264
27.9264
27.9264
27.9264
27.9264
27.9264
27.9264
27.9264
27.9311
27.9311
27.9311
27.9311
27.9311
27.9311
27.9311
27.9311
28.2867
28.2867
28.2867
28.2867
28.2867
28.2867
28.2867
28.2867
28.924
28.924
28.924
28.924
28.924
28.924
28.924
28.924
29.7662
29.7662
29.7662
29.7662
29.7662
29.7662
29.7662
29.7662
30.7278
30.7278
30.7278
30.7278
30.7278
30.7278
30.7278
30.7278
31.7175
31.7175
31.7175
31.7175
31.7175
31.7175
31.7175
31.7175
32.6434
32.6434
32.6434
32.6434
32.6434
32.6434
32.6434
32.6434
33.4226
33.4226
33.4226
33.4226
33.4226
33.4226
33.4226
33.4226
33.9903
33.9903
33.9903
33.9903
33.9903
33.9903
33.9903
33.9903
34.3093
34.3093
34.3093
34.3093
34.3093
34.3093
34.3093
34.3093
34.9394
34.9394
34.9394
34.9394
34.9394
34.9394
34.9394
34.9394
32.375
32.375
32.375
32.375
32.375
32.375
32.375
32.375
30.4191
30.4191
30.4191
30.4191
30.4191
30.4191
30.4191
30.4191
29.026
29.026
29.026
29.026
29.026
29.026
29.026
29.026
28.1434
28.1434
28.1434
28.1434
28.1434
28.1434
28.1434
28.1434
27.7163
27.7163
27.7163
27.7163
27.7163
27.7163
27.7163
27.7163
27.689
27.689
27.689
27.689
27.689
27.689
27.689
27.689
28.0029
28.0029
28.0029
28.0029
28.0029
28.0029
28.0029
28.0029
28.5949
28.5949
28.5949
28.5949
28.5949
28.5949
28.5949
28.5949
29.3947
29.3947
29.3947
29.3947
29.3947
29.3947
29.3947
29.3947
30.3248
30.3248
30.3248
30.3248
30.3248
30.3248
30.3248
30.3248
31.3021
31.3021
31.3021
31.3021
31.3021
31.3021
31.3021
31.3021
32.2429
32.2429
32.2429
32.2429
32.2429
32.2429
32.2429
32.2429
33.0707
33.0707
33.0707
33.0707
33.0707
33.0707
33.0707
33.0707
33.7248
33.7248
33.7248
33.7248
33.7248
33.7248
33.7248
33.7248
34.1685
34.1685
34.1685
34.1685
34.1685
34.1685
34.1685
34.1685
34.9394
34.9394
34.9394
34.9394
34.9394
34.9394
34.9394
34.9394
32.375
32.375
32.375
32.375
32.375
32.375
32.375
32.375
30.4191
30.4191
30.4191
30.4191
30.4191
30.4191
30.4191
30.4191
29.026
29.026
29.026
29.026
29.026
29.026
29.026
29.026
28.1434
28.1434
28.1434
28.1434
28.1434
28.1434
28.1434
28.1434
27.7163
27.7163
27.7163
27.7163
27.7163
27.7163
27.7163
27.7163
27.689
27.689
27.689
27.689
27.689
27.689
27.689
27.689
28.0029
28.0029
28.0029
28.0029
28.0029
28.0029
28.0029
28.0029
28.5949
28.5949
28.5949
28.5949
28.5949
28.5949
28.5949
28.5949
29.3947
29.3947
29.3947
29.3947
29.3947
29.3947
29.3947
29.3947
30.3248
30.3248
30.3248
30.3248
30.3248
30.3248
30.3248
30.3248
31.3021
31.3021
31.3021
31.3021
31.3021
31.3021
31.3021
31.3021
32.2429
32.2429
32.2429
32.2429
32.2429
32.2429
32.2429
32.2429
33.0707
33.0707
33.0707
33.0707
33.0707
33.0707
33.0707
33.0707
33.7248
33.7248
33.7248
33.7248
33.7248
33.7248
33.7248
33.7248
34.1685
34.1685
34.1685
34.1685
34.1685
34.1685
34.1685
34.1685
34.9394
34.9394
34.9394
34.9394
34.9394
34.9394
34.9394
34.9394
32.375
32.375
32.375
32.375
32.375
32.375
32.375
32.375
30.4191
30.4191
30.4191
30.4191
30.4191
30.4191
30.4191
30.4191
29.026
29.026
29.026
29.026
29.026
29.026
29.026
29.026
28.1434
28.1434
28.1434
28.1434
28.1434
28.1434
28.1434
28.1434
27.7163
27.7163
27.7163
27.7163
27.7163
27.7163
27.7163
27.7163
27.689
27.689
27.689
27.689
27.689
27.689
27.689
27.689
28.0029
28.0029
28.0029
28.0029
28.0029
28.0029
28.0029
28.0029
28.5949
28.5949
28.5949
28.5949
28.5949
28.5949
28.5949
28.5949
29.3947
29.3947
29.3947
29.3947
29.3947
29.3947
29.3947
29.3947
30.3248
30.3248
30.3248
30.3248
30.3248
30.3248
30.3248
30.3248
31.3021
31.3021
31.3021
31.3021
31.3021
31.3021
31.3021
31.3021
32.2429
32.2429
32.2429
32.2429
32.2429
32.2429
32.2429
32.2429
33.0707
33.0707
33.0707
33.0707
33.0707
33.0707
33.0707
33.0707
33.7248
33.7248
33.7248
33.7248
33.7248
33.7248
33.7248
33.7248
34.1685
34.1685
34.1685
34.1685
34.1685
34.1685
34.1685
34.1685
34.9394
34.9394
34.9394
34.9394
34.9394
34.9394
34.9394
34.9394
32.375
32.375
32.375
32.375
32.375
32.375
32.375
32.375
30.4191
30.4191
30.4191
30.4191
30.4191
30.4191
30.4191
30.4191
29.026
29.026
29.026
29.026
29.026
29.026
29.026
29.026
28.1434
28.1434
28.1434
28.1434
28.1434
28.1434
28.1434
28.1434
27.7163
27.7163
27.7163
27.7163
27.7163
27.7163
27.7163
27.7163
27.689
27.689
27.689
27.689
27.689
27.689
27.689
27.689
28.0029
28.0029
28.0029
28.0029
28.0029
28.0029
28.0029
28.0029
28.5949
28.5949
28.5949
28.5949
28.5949
28.5949
28.5949
28.5949
29.3947
29.3947
29.3947
29.3947
29.3947
29.3947
29.3947
29.3947
30.3248
30.3248
30.3248
30.3248
30.3248
30.3248
30.3248
30.3248
31.3021
31.3021
31.3021
31.3021
31.3021
31.3021
31.3021
31.3021
32.2429
32.2429
32.2429
32.2429
32.2429
32.2429
32.2429
32.2429
33.0707
33.0707
33.0707
33.0707
33.0707
33.0707
33.0707
33.0707
33.7248
33.7248
33.7248
33.7248
33.7248
33.7248
33.7248
33.7248
34.1685
34.1685
34.1685
34.1685
34.1685
34.1685
34.1685
34.1685
34.9832
34.9832
34.9832
34.9832
34.9832
34.9832
34.9832
34.9832
32.5257
32.5257
32.5257
32.5257
32.5257
32.5257
32.5257
32.5257
30.6309
30.6309
30.6309
30.6309
30.6309
30.6309
30.6309
30.6309
29.2645
29.2645
29.2645
29.2645
29.2645
29.2645
29.2645
29.2645
28.3828
28.3828
28.3828
28.3828
28.3828
28.3828
28.3828
28.3828
27.938
27.938
27.938
27.938
27.938
27.938
27.938
27.938
27.8796
27.8796
27.8796
27.8796
27.8796
27.8796
27.8796
27.8796
28.1543
28.1543
28.1543
28.1543
28.1543
28.1543
28.1543
28.1543
28.7038
28.7038
28.7038
28.7038
28.7038
28.7038
28.7038
28.7038
29.4637
29.4637
29.4637
29.4637
29.4637
29.4637
29.4637
29.4637
30.3628
30.3628
30.3628
30.3628
30.3628
30.3628
30.3628
30.3628
31.3252
31.3252
31.3252
31.3252
31.3252
31.3252
31.3252
31.3252
32.2742
32.2742
32.2742
32.2742
32.2742
32.2742
32.2742
32.2742
33.1394
33.1394
33.1394
33.1394
33.1394
33.1394
33.1394
33.1394
33.8641
33.8641
33.8641
33.8641
33.8641
33.8641
33.8641
33.8641
34.4123
34.4123
34.4123
34.4123
34.4123
34.4123
34.4123
34.4123
34.9832
34.9832
34.9832
34.9832
34.9832
34.9832
34.9832
34.9832
32.5257
32.5257
32.5257
32.5257
32.5257
32.5257
32.5257
32.5257
30.6309
30.6309
30.6309
30.6309
30.6309
30.6309
30.6309
30.6309
29.2645
29.2645
29.2645
29.2645
29.2645
29.2645
29.2645
29.2645
28.3828
28.3828
28.3828
28.3828
28.3828
28.3828
28.3828
28.3828
27.938
27.938
27.938
27.938
27.938
27.938
27.938
27.938
27.8796
27.8796
27.8796
27.8796
27.8796
27.8796
27.8796
27.8796
28.1543
28.1543
28.1543
28.1543
28.1543
28.1543
28.1543
28.1543
28.7038
28.7038
28.7038
28.7038
28.7038
28.7038
28.7038
28.7038
29.4637
29.4637
29.4637
29.4637
29.4637
29.4637
29.4637
29.4637
30.3628
30.3628
30.3628
30.3628
30.3628
30.3628
30.3628
30.3628
31.3252
31.3252
31.3252
31.3252
31.3252
31.3252
31.3252
31.3252
32.2742
32.2742
32.2742
32.2742
32.2742
32.2742
32.2742
32.2742
33.1394
33.1394
33.1394
33.1394
33.1394
33.1394
33.1394
33.1394
33.8641
33.8641
33.8641
33.8641
33.8641
33.8641
33.8641
33.8641
34.4123
34.4123
34.4123
34.4123
34.4123
34.4123
34.4123
34.4123
34.9832
34.9832
34.9832
34.9832
34.9832
34.9832
34.9832
34.9832
32.5257
32.5257
32.5257
32.5257
32.5257
32.5257
32.5257
32.5257
30.6309
30.6309
30.6309
30.6309
30.6309
30.6309
30.6309
30.6309
29.2645
29.2645
29.2645
29.2645
29.2645
29.2645
29.2645
29.2645
28.3828
28.3828
28.3828
28.3828
28.3828
28.3828
28.3828
28.3828
27.938
27.938
27.938
27.938
27.938
27.938
27.938
27.938
27.8796
27.8796
27.8796
27.8796
27.8796
27.8796
27.8796
27.8796
28.1543
28.1543
28.1543
28.1543
28.1543
28.1543
28.1543
28.1543
28.7038
28.7038
28.7038
28.7038
28.7038
28.7038
28.7038
28.7038
29.4637
29.4637
29.4637
29.4637
29.4637
29.4637
29.4637
29.4637
30.3628
30.3628
30.3628
30.3628
30.3628
30.3628
30.3628
30.3628
31.3252
31.3252
31.3252
31.3252
31.3252
31.3252
31.3252
31.3252
32.2742
32.2742
32.2742
32.2742
32.2742
32.2742
32.2742
32.2742
33.1394
33.1394
33.1394
33.1394
33.1394
33.1394
33.1394
33.1394
33.8641
33.8641
33.8641
33.8641
33.8641
33.8641
33.8641
33.8641
34.4123
34.4123
34.4123
34.4123
34.4123
34.4123
34.4123
34.4123
34.9832
34.9832
34.9832
34.9832
34.9832
34.9832
34.9832
34.9832
32.5257
32.5257
32.5257
32.5257
32.5257
32.5257
32.5257
32.5257
30.6309
30.6309
30.6309
30.6309
30.6309
30.6309
30.6309
30.6309
29.2645
29.2645
29.2645
29.2645
29.2645
29.2645
29.2645
29.2645
28.3828
28.3828
28.3828
28.3828
28.3828
28.3828
28.3828
28.3828
27.938
27.938
27.938
27.938
27.938
27.938
27.938
27.938
27.8796
27.8796
27.8796
27.8796
27.8796
27.8796
27.8796
27.8796
28.1543
28.1543
28.1543
28.1543
28.1543
28.1543
28.1543
28.1543
28.7038
28.7038
28.7038
28.7038
28.7038
28.7038
28.7038
28.7038
29.4637
29.4637
29.4637
29.4637
29.4637
29.4637
29.4637
29.4637
30.3628
30.3628
30.3628
30.3628
30.3628
30.3628
30.3628
30.3628
31.3252
31.3252
31.3252
31.3252
31.3252
31.3252
31.3252
31.3252
32.2742
32.2742
32.2742
32.2742
32.2742
32.2742
32.2742
32.2742
33.1394
33.1394
33.1394
33.1394
33.1394
33.1394
33.1394
33.1394
33.8641
33.8641
33.8641
33.8641
33.8641
33.8641
33.8641
33.8641
34.4123
34.4123
34.4123
34.4123
34.4123
34.4123
34.4123
34.4123
35.5062
35.5062
35.5062
35.5062
35.5062
35.5062
35.5062
35.5062
33.1539
33.1539
33.1539
33.1539
33.1539
33.1539
33.1539
33.1539
31.3196
31.3196
31.3196
31.3196
31.3196
31.3196
31.3196
31.3196
29.9804
29.9804
29.9804
29.9804
29.9804
29.9804
29.9804
29.9804
29.1018
29.1018
29.1018
29.1018
29.1018
29.1018
29.1018
29.1018
28.6432
28.6432
28.6432
28.6432
28.6432
28.6432
28.6432
28.6432
28.5596
28.5596
28.5596
28.5596
28.5596
28.5596
28.5596
28.5596
28.8022
28.8022
28.8022
28.8022
28.8022
28.8022
28.8022
28.8022
29.3171
29.3171
29.3171
29.3171
29.3171
29.3171
29.3171
29.3171
30.0445
30.0445
30.0445
30.0445
30.0445
30.0445
30.0445
30.0445
30.9184
30.9184
30.9184
30.9184
30.9184
30.9184
30.9184
30.9184
31.8686
31.8686
31.8686
31.8686
31.8686
31.8686
31.8686
31.8686
32.8241
32.8241
32.8241
32.8241
32.8241
32.8241
32.8241
32.8241
33.7194
33.7194
33.7194
33.7194
33.7194
33.7194
33.7194
33.7194
34.5013
34.5013
34.5013
34.5013
34.5013
34.5013
34.5013
34.5013
35.1352
35.1352
35.1352
35.1352
35.1352
35.1352
35.1352
35.1352
35.5062
35.5062
35.5062
35.5062
35.5062
35.5062
35.5062
35.5062
33.1539
33.1539
33.1539
33.1539
33.1539
33.1539
33.1539
33.1539
31.3196
31.3196
31.3196
31.3196
31.3196
31.3196
31.3196
31.3196
29.9804
29.9804
29.9804
29.9804
29.9804
29.9804
29.9804
29.9804
29.1018
29.1018
29.1018
29.1018
29.1018
29.1018
29.1018
29.1018
28.6432
28.6432
28.6432
28.6432
28.6432
28.6432
28.6432
28.6432
28.5596
28.5596
28.5596
28.5596
28.5596
28.5596
28.5596
28.5596
28.8022
28.8022
28.8022
28.8022
28.8022
28.8022
28.8022
28.8022
29.3171
29.3171
29.3171
29.3171
29.3171
29.3171
29.3171
29.3171
30.0445
30.0445
30.0445
30.0445
30.0445
30.0445
30.0445
30.0445
30.9184
30.9184
30.9184
30.9184
30.9184
30.9184
30.9184
30.9184
31.8686
31.8686
31.8686
31.8686
31.8686
31.8686
31.8686
31.8686
32.8241
32.8241
32.8241
32.8241
32.8241
32.8241
32.8241
32.8241
33.7194
33.7194
33.7194
33.7194
33.7194
33.7194
33.7194
33.7194
34.5013
34.5013
34.5013
34.5013
34.5013
34.5013
34.5013
34.5013
35.1352
35.1352
35.1352
35.1352
35.1352
35.1352
35.1352
35.1352
35.5062
35.5062
35.5062
35.5062
35.5062
35.5062
35.5062
35.5062
33.1539
33.1539
33.1539
33.1539
33.1539
33.1539
33.1539
33.1539
31.3196
31.3196
31.3196
31.3196
31.3196
31.3196
31.3196
31.3196
29.9804
29.9804
29.9804
29.9804
29.9804
29.9804
29.9804
29.9804
29.1018
29.1018
29.1018
29.1018
29.1018
29.1018
29.1018
29.1018
28.6432
28.6432
28.6432
28.6432
28.6432
28.6432
28.6432
28.6432
28.5596
28.5596
28.5596
28.5596
28.5596
28.5596
28.5596
28.5596
28.8022
28.8022
28.8022
28.8022
28.8022
28.8022
28.8022
28.8022
29.3171
29.3171
29.3171
29.3171
29.3171
29.3171
29.3171
29.3171
30.0445
30.0445
30.0445
30.0445
30.0445
30.0445
30.0445
30.0445
30.9184
30.9184
30.9184
30.9184
30.9184
30.9184
30.9184
30.9184
31.8686
31.8686
31.8686
31.8686
31.8686
31.8686
31.8686
31.8686
32.8241
32.8241
32.8241
32.8241
32.8241
32.8241
32.8241
32.8241
33.7194
33.7194
33.7194
33.7194
33.7194
33.7194
33.7194
33.7194
34.5013
34.5013
34.5013
34.5013
34.5013
34.5013
34.5013
34.5013
35.1352
35.1352
35.1352
35.1352
35.1352
35.1352
35.1352
35.1352
35.5062
35.5062
35.5062
35.5062
35.5062
35.5062
35.5062
35.5062
33.1539
33.1539
33.1539
33.1539
33.1539
33.1539
33.1539
33.1539
31.3196
31.3196
31.3196
31.3196
31.3196
31.3196
31.3196
31.3196
29.9804
29.9804
29.9804
29.9804
29.9804
29.9804
29.9804
29.9804
29.1018
29.1018
29.1018
29.1018
29.1018
29.1018
29.1018
29.1018
28.6432
28.6432
28.6432
28.6432
28.6432
28.6432
28.6432
28.6432
28.5596
28.5596
28.5596
28.5596
28.5596
28.5596
28.5596
28.5596
28.8022
28.8022
28.8022
28.8022
28.8022
28.8022
28.8022
28.8022
29.3171
29.3171
29.3171
29.3171
29.3171
29.3171
29.3171
29.3171
30.0445
30.0445
30.0445
30.0445
30.0445
30.0445
30.0445
30.0445
30.9184
30.9184
30.9184
30.9184
30.9184
30.9184
30.9184
30.9184
31.8686
31.8686
31.8686
31.8686
31.8686
31.8686
31.8686
31.8686
32.8241
32.8241
32.8241
32.8241
32.8241
32.8241
32.8241
32.8241
33.7194
33.7194
33.7194
33.7194
33.7194
33.7194
33.7194
33.7194
34.5013
34.5013
34.5013
34.5013
34.5013
34.5013
34.5013
34.5013
35.1352
35.1352
35.1352
35.1352
35.1352
35.1352
35.1352
35.1352
36.5106
36.5106
36.5106
36.5106
36.5106
36.5106
36.5106
36.5106
34.2717
34.2717
34.2717
34.2717
34.2717
34.2717
34.2717
34.2717
32.5059
32.5059
32.5059
32.5059
32.5059
32.5059
32.5059
32.5059
31.2022
31.2022
31.2022
31.2022
31.2022
31.2022
31.2022
31.2022
30.3358
30.3358
30.3358
30.3358
30.3358
30.3358
30.3358
30.3358
29.8735
29.8735
29.8735
29.8735
29.8735
29.8735
29.8735
29.8735
29.7759
29.7759
29.7759
29.7759
29.7759
29.7759
29.7759
29.7759
29.9987
29.9987
29.9987
29.9987
29.9987
29.9987
29.9987
29.9987
30.4917
30.4917
30.4917
30.4917
30.4917
30.4917
30.4917
30.4917
31.1989
31.1989
31.1989
31.1989
31.1989
31.1989
31.1989
31.1989
32.0583
32.0583
32.0583
32.0583
32.0583
32.0583
32.0583
32.0583
33.0036
33.0036
33.0036
33.0036
33.0036
33.0036
33.0036
33.0036
33.9681
33.9681
33.9681
33.9681
33.9681
33.9681
33.9681
33.9681
34.8902
34.8902
34.8902
34.8902
34.8902
34.8902
34.8902
34.8902
35.7191
35.7191
35.7191
35.7191
35.7191
35.7191
35.7191
35.7191
36.4214
36.4214
36.4214
36.4214
36.4214
36.4214
36.4214
36.4214
36.5106
36.5106
36.5106
36.5106
36.5106
36.5106
36.5106
36.5106
34.2717
34.2717
34.2717
34.2717
34.2717
34.2717
34.2717
34.2717
32.5059
32.5059
32.5059
32.5059
32.5059
32.5059
32.5059
32.5059
31.2022
31.2022
31.2022
31.2022
31.2022
31.2022
31.2022
31.2022
30.3358
30.3358
30.3358
30.3358
30.3358
30.3358
30.3358
30.3358
29.8735
29.8735
29.8735
29.8735
29.8735
29.8735
29.8735
29.8735
29.7759
29.7759
29.7759
29.7759
29.7759
29.7759
29.7759
29.7759
29.9987
29.9987
29.9987
29.9987
29.9987
29.9987
29.9987
29.9987
30.4917
30.4917
30.4917
30.4917
30.4917
30.4917
30.4917
30.4917
31.1989
31.1989
31.1989
31.1989
31.1989
31.1989
31.1989
31.1989
32.0583
32.0583
32.0583
32.0583
32.0583
32.0583
32.0583
32.0583
33.0036
33.0036
33.0036
33.0036
33.0036
33.0036
33.0036
33.0036
33.9681
33.9681
33.9681
33.9681
33.9681
33.9681
33.9681
33.9681
34.8902
34.8902
34.8902
34.8902
34.8902
34.8902
34.8902
34.8902
35.7191
35.7191
35.7191
35.7191
35.7191
35.7191
35.7191
35.7191
36.4214
36.4214
36.4214
36.4214
36.4214
36.4214
36.4214
36.4214
36.5106
36.5106
36.5106
36.5106
36.5106
36.5106
36.5106
36.5106
34.2717
34.2717
34.2717
34.2717
34.2717
34.2717
34.2717
34.2717
32.5059
32.5059
32.5059
32.5059
32.5059
32.5059
32.5059
32.5059
31.2022
31.2022
31.2022
31.2022
31.2022
31.2022
31.2022
31.2022
30.3358
30.3358
30.3358
30.3358
30.3358
30.3358
30.3358
30.3358
29.8735
29.8735
29.8735
29.8735
29.8735
29.8735
29.8735
29.8735
29.7759
29.7759
29.7759
29.7759
29.7759
29.7759
29.7759
29.7759
29.9987
29.9987
29.9987
29.9987
29.9987
29.9987
29.9987
29.9987
30.4917
30.4917
30.4917
30.4917
30.4917
30.4917
30.4917
30.4917
31.1989
31.1989
31.1989
31.1989
31.1989
31.1989
31.1989
31.1989
32.0583
32.0583
32.0583
32.0583
32.0583
32.0583
32.0583
32.0583
33.0036
33.0036
33.0036
33.0036
33.0036
33.0036
33.0036
33.0036
33.9681
33.9681
33.9681
33.9681
33.9681
33.9681
33.9681
33.9681
34.8902
34.8902
34.8902
34.8902
34.8902
34.8902
34.8902
34.8902
35.7191
35.7191
35.7191
35.7191
35.7191
35.7191
35.7191
35.7191
36.4214
36.4214
36.4214
36.4214
36.4214
36.4214
36.4214
36.4214
36.5106
36.5106
36.5106
36.5106
36.5106
36.5106
36.5106
36.5106
34.2717
34.2717
34.2717
34.2717
34.2717
34.2717
34.2717
34.2717
32.5059
32.5059
32.5059
32.5059
32.5059
32.5059
32.5059
32.5059
31.2022
31.2022
31.2022
31.2022
31.2022
31.2022
31.2022
31.2022
30.3358
30.3358
30.3358
30.3358
30.3358
30.3358
30.3358
30.3358
29.8735
29.8735
29.8735
29.8735
29.8735
29.8735
29.8735
29.8735
29.7759
29.7759
29.7759
29.7759
29.7759
29.7759
29.7759
29.7759
29.9987
29.9987
29.9987
29.9987
29.9987
29.9987
29.9987
29.9987
30.4917
30.4917
30.4917
30.4917
30.4917
30.4917
30.4917
30.4917
31.1989
31.1989
31.1989
31.1989
31.1989
31.1989
31.1989
31.1989
32.0583
32.0583
32.0583
32.0583
32.0583
32.0583
32.0583
32.0583
33.0036
33.0036
33.0036
33.0036
33.0036
33.0036
33.0036
33.0036
33.9681
33.9681
33.9681
33.9681
33.9681
33.9681
33.9681
33.9681
34.8902
34.8902
34.8902
34.8902
34.8902
34.8902
34.8902
34.8902
35.7191
35.7191
35.7191
35.7191
35.7191
35.7191
35.7191
35.7191
36.4214
36.4214
36.4214
36.4214
36.4214
36.4214
36.4214
36.4214
37.9737
37.9737
37.9737
37.9737
37.9737
37.9737
37.9737
37.9737
35.8688
35.8688
35.8688
35.8688
35.8688
35.8688
35.8688
35.8688
34.191
34.191
34.191
34.191
34.191
34.191
34.191
34.191
32.9413
32.9413
32.9413
32.9413
32.9413
32.9413
32.9413
32.9413
32.1052
32.1052
32.1052
32.1052
32.1052
32.1052
32.1052
32.1052
31.6571
31.6571
31.6571
31.6571
31.6571
31.6571
31.6571
31.6571
31.5639
31.5639
31.5639
31.5639
31.5639
31.5639
31.5639
31.5639
31.7854
31.7854
31.7854
31.7854
31.7854
31.7854
31.7854
31.7854
32.2752
32.2752
32.2752
32.2752
32.2752
32.2752
32.2752
32.2752
32.9798
32.9798
32.9798
32.9798
32.9798
32.9798
32.9798
32.9798
33.8401
33.8401
33.8401
33.8401
33.8401
33.8401
33.8401
33.8401
34.7925
34.7925
34.7925
34.7925
34.7925
34.7925
34.7925
34.7925
35.773
35.773
35.773
35.773
35.773
35.773
35.773
35.773
36.7221
36.7221
36.7221
36.7221
36.7221
36.7221
36.7221
36.7221
37.5905
37.5905
37.5905
37.5905
37.5905
37.5905
37.5905
37.5905
38.345
38.345
38.345
38.345
38.345
38.345
38.345
38.345
37.9737
37.9737
37.9737
37.9737
37.9737
37.9737
37.9737
37.9737
35.8688
35.8688
35.8688
35.8688
35.8688
35.8688
35.8688
35.8688
34.191
34.191
34.191
34.191
34.191
34.191
34.191
34.191
32.9413
32.9413
32.9413
32.9413
32.9413
32.9413
32.9413
32.9413
32.1052
32.1052
32.1052
32.1052
32.1052
32.1052
32.1052
32.1052
31.6571
31.6571
31.6571
31.6571
31.6571
31.6571
31.6571
31.6571
31.5639
31.5639
31.5639
31.5639
31.5639
31.5639
31.5639
31.5639
31.7854
31.7854
31.7854
31.7854
31.7854
31.7854
31.7854
31.7854
32.2752
32.2752
32.2752
32.2752
32.2752
32.2752
32.2752
32.2752
32.9798
32.9798
32.9798
32.9798
32.9798
32.9798
32.9798
32.9798
33.8401
33.8401
33.8401
33.8401
33.8401
33.8401
33.8401
33.8401
34.7925
34.7925
34.7925
34.7925
34.7925
34.7925
34.7925
34.7925
35.773
35.773
35.773
35.773
35.773
35.773
35.773
35.773
36.7221
36.7221
36.7221
36.7221
36.7221
36.7221
36.7221
36.7221
37.5905
37.5905
37.5905
37.5905
37.5905
37.5905
37.5905
37.5905
38.345
38.345
38.345
38.345
38.345
38.345
38.345
38.345
37.9737
37.9737
37.9737
37.9737
37.9737
37.9737
37.9737
37.9737
35.8688
35.8688
35.8688
35.8688
35.8688
35.8688
35.8688
35.8688
34.191
34.191
34.191
34.191
34.191
34.191
34.191
34.191
32.9413
32.9413
32.9413
32.9413
32.9413
32.9413
32.9413
32.9413
32.1052
32.1052
32.1052
32.1052
32.1052
32.1052
32.1052
32.1052
31.6571
31.6571
31.6571
31.6571
31.6571
31.6571
31.6571
31.6571
31.5639
31.5639
31.5639
31.5639
31.5639
31.5639
31.5639
31.5639
31.7854
31.7854
31.7854
31.7854
31.7854
31.7854
31.7854
31.7854
32.2752
32.2752
32.2752
32.2752
32.2752
32.2752
32.2752
32.2752
32.9798
32.9798
32.9798
32.9798
32.9798
32.9798
32.9798
32.9798
33.8401
33.8401
33.8401
33.8401
33.8401
33.8401
33.8401
33.8401
34.7925
34.7925
34.7925
34.7925
34.7925
34.7925
34.7925
34.7925
35.773
35.773
35.773
35.773
35.773
35.773
35.773
35.773
36.7221
36.7221
36.7221
36.7221
36.7221
36.7221
36.7221
36.7221
37.5905
37.5905
37.5905
37.5905
37.5905
37.5905
37.5905
37.5905
38.345
38.345
38.345
38.345
38.345
38.345
38.345
38.345
37.9737
37.9737
37.9737
37.9737
37.9737
37.9737
37.9737
37.9737
35.8688
35.8688
35.8688
35.8688
35.8688
35.8688
35.8688
35.8688
34.191
34.191
34.191
34.191
34.191
34.191
34.191
34.191
32.9413
32.9413
32.9413
32.9413
32.9413
32.9413
32.9413
32.9413
32.1052
32.1052
32.1052
32.1052
32.1052
32.1052
32.1052
32.1052
31.6571
31.6571
31.6571
31.6571
31.6571
31.6571
31.6571
31.6571
31.5639
31.5639
31.5639
31.5639
31.5639
31.5639
31.5639
31.5639
31.7854
31.7854
31.7854
31.7854
31.7854
31.7854
31.7854
31.7854
32.2752
32.2752
32.2752
32.2752
32.2752
32.2752
32.2752
32.2752
32.9798
32.9798
32.9798
32.9798
32.9798
32.9798
32.9798
32.9798
33.8401
33.8401
33.8401
33.8401
33.8401
33.8401
33.8401
33.8401
34.7925
34.7925
34.7925
34.7925
34.7925
34.7925
34.7925
34.7925
35.773
35.773
35.773
35.773
35.773
35.773
35.773
35.773
36.7221
36.7221
36.7221
36.7221
36.7221
36.7221
36.7221
36.7221
37.5905
37.5905
37.5905
37.5905
37.5905
37.5905
37.5905
37.5905
38.345
38.345
38.345
38.345
38.345
38.345
38.345
38.345
39.8401
39.8401
39.8401
39.8401
39.8401
39.8401
39.8401
39.8401
37.9038
37.9038
37.9038
37.9038
37.9038
37.9038
37.9038
37.9038
36.3469
36.3469
36.3469
36.3469
36.3469
36.3469
36.3469
36.3469
35.1823
35.1823
35.1823
35.1823
35.1823
35.1823
35.1823
35.1823
34.4058
34.4058
34.4058
34.4058
34.4058
34.4058
34.4058
34.4058
34.0004
34.0004
34.0004
34.0004
34.0004
34.0004
34.0004
34.0004
33.9389
33.9389
33.9389
33.9389
33.9389
33.9389
33.9389
33.9389
34.1861
34.1861
34.1861
34.1861
34.1861
34.1861
34.1861
34.1861
34.6984
34.6984
34.6984
34.6984
34.6984
34.6984
34.6984
34.6984
35.4248
35.4248
35.4248
35.4248
35.4248
35.4248
35.4248
35.4248
36.3076
36.3076
36.3076
36.3076
36.3076
36.3076
36.3076
36.3076
37.2845
37.2845
37.2845
37.2845
37.2845
37.2845
37.2845
37.2845
38.2924
38.2924
38.2924
38.2924
38.2924
38.2924
38.2924
38.2924
39.2723
39.2723
39.2723
39.2723
39.2723
39.2723
39.2723
39.2723
40.175
40.175
40.175
40.175
40.175
40.175
40.175
40.175
40.9668
40.9668
40.9668
40.9668
40.9668
40.9668
40.9668
40.9668
39.8401
39.8401
39.8401
39.8401
39.8401
39.8401
39.8401
39.8401
37.9038
37.9038
37.9038
37.9038
37.9038
37.9038
37.9038
37.9038
36.3469
36.3469
36.3469
36.3469
36.3469
36.3469
36.3469
36.3469
35.1823
35.1823
35.1823
35.1823
35.1823
35.1823
35.1823
35.1823
34.4058
34.4058
34.4058
34.4058
34.4058
34.4058
34.4058
34.4058
34.0004
34.0004
34.0004
34.0004
34.0004
34.0004
34.0004
34.0004
33.9389
33.9389
33.9389
33.9389
33.9389
33.9389
33.9389
33.9389
34.1861
34.1861
34.1861
34.1861
34.1861
34.1861
34.1861
34.1861
34.6984
34.6984
34.6984
34.6984
34.6984
34.6984
34.6984
34.6984
35.4248
35.4248
35.4248
35.4248
35.4248
35.4248
35.4248
35.4248
36.3076
36.3076
36.3076
36.3076
36.3076
36.3076
36.3076
36.3076
37.2845
37.2845
37.2845
37.2845
37.2845
37.2845
37.2845
37.2845
38.2924
38.2924
38.2924
38.2924
38.2924
38.2924
38.2924
38.2924
39.2723
39.2723
39.2723
39.2723
39.2723
39.2723
39.2723
39.2723
40.175
40.175
40.175
40.175
40.175
40.175
40.175
40.175
40.9668
40.9668
40.9668
40.9668
40.9668
40.9668
40.9668
40.9668
39.8401
39.8401
39.8401
39.8401
39.8401
39.8401
39.8401
39.8401
37.9038
37.9038
37.9038
37.9038
37.9038
37.9038
37.9038
37.9038
36.3469
36.3469
36.3469
36.3469
36.3469
36.3469
36.3469
36.3469
35.1823
35.1823
35.1823
35.1823
35.1823
35.1823
35.1823
35.1823
34.4058
34.4058
34.4058
34.4058
34.4058
34.4058
34.4058
34.4058
34.0004
34.0004
34.0004
34.0004
34.0004
34.0004
34.0004
34.0004
33.9389
33.9389
33.9389
33.9389
33.9389
33.9389
33.9389
33.9389
34.1861
34.1861
34.1861
34.1861
34.1861
34.1861
34.1861
34.1861
34.6984
34.6984
34.6984
34.6984
34.6984
34.6984
34.6984
34.6984
35.4248
35.4248
35.4248
35.4248
35.4248
35.4248
35.4248
35.4248
36.3076
36.3076
36.3076
36.3076
36.3076
36.3076
36.3076
36.3076
37.2845
37.2845
37.2845
37.2845
37.2845
37.2845
37.2845
37.2845
38.2924
38.2924
38.2924
38.2924
38.2924
38.2924
38.2924
38.2924
39.2723
39.2723
39.2723
39.2723
39.2723
39.2723
39.2723
39.2723
40.175
40.175
40.175
40.175
40.175
40.175
40.175
40.175
40.9668
40.9668
40.9668
40.9668
40.9668
40.9668
40.9668
40.9668
39.8401
39.8401
39.8401
39.8401
39.8401
39.8401
39.8401
39.8401
37.9038
37.9038
37.9038
37.9038
37.9038
37.9038
37.9038
37.9038
36.3469
36.3469
36.3469
36.3469
36.3469
36.3469
36.3469
36.3469
35.1823
35.1823
35.1823
35.1823
35.1823
35.1823
35.1823
35.1823
34.4058
34.4058
34.4058
34.4058
34.4058
34.4058
34.4058
34.4058
34.0004
34.0004
34.0004
34.0004
34.0004
34.0004
34.0004
34.0004
33.9389
33.9389
33.9389
33.9389
33.9389
33.9389
33.9389
33.9389
34.1861
34.1861
34.1861
34.1861
34.1861
34.1861
34.1861
34.1861
34.6984
34.6984
34.6984
34.6984
34.6984
34.6984
34.6984
34.6984
35.4248
35.4248
35.4248
35.4248
35.4248
35.4248
35.4248
35.4248
36.3076
36.3076
36.3076
36.3076
36.3076
36.3076
36.3076
36.3076
37.2845
37.2845
37.2845
37.2845
37.2845
37.2845
37.2845
37.2845
38.2924
38.2924
38.2924
38.2924
38.2924
38.2924
38.2924
38.2924
39.2723
39.2723
39.2723
39.2723
39.2723
39.2723
39.2723
39.2723
40.175
40.175
40.175
40.175
40.175
40.175
40.175
40.175
40.9668
40.9668
40.9668
40.9668
40.9668
40.9668
40.9668
40.9668
42.0114
42.0114
42.0114
42.0114
42.0114
42.0114
42.0114
42.0114
40.2922
40.2922
40.2922
40.2922
40.2922
40.2922
40.2922
40.2922
38.9033
38.9033
38.9033
38.9033
38.9033
38.9033
38.9033
38.9033
37.8689
37.8689
37.8689
37.8689
37.8689
37.8689
37.8689
37.8689
37.1947
37.1947
37.1947
37.1947
37.1947
37.1947
37.1947
37.1947
36.8725
36.8725
36.8725
36.8725
36.8725
36.8725
36.8725
36.8725
36.8819
36.8819
36.8819
36.8819
36.8819
36.8819
36.8819
36.8819
37.192
37.192
37.192
37.192
37.192
37.192
37.192
37.192
37.7624
37.7624
37.7624
37.7624
37.7624
37.7624
37.7624
37.7624
38.5435
38.5435
38.5435
38.5435
38.5435
38.5435
38.5435
38.5435
39.4782
39.4782
39.4782
39.4782
39.4782
39.4782
39.4782
39.4782
40.5038
40.5038
40.5038
40.5038
40.5038
40.5038
40.5038
40.5038
41.5562
41.5562
41.5562
41.5562
41.5562
41.5562
41.5562
41.5562
42.5751
42.5751
42.5751
42.5751
42.5751
42.5751
42.5751
42.5751
43.5095
43.5095
43.5095
43.5095
43.5095
43.5095
43.5095
43.5095
44.3239
44.3239
44.3239
44.3239
44.3239
44.3239
44.3239
44.3239
42.0114
42.0114
42.0114
42.0114
42.0114
42.0114
42.0114
42.0114
40.2922
40.2922
40.2922
40.2922
40.2922
40.2922
40.2922
40.2922
38.9033
38.9033
38.9033
38.9033
38.9033
38.9033
38.9033
38.9033
37.8689
37.8689
37.8689
37.8689
37.8689
37.8689
37.8689
37.8689
37.1947
37.1947
37.1947
37.1947
37.1947
37.1947
37.1947
37.1947
36.8725
36.8725
36.8725
36.8725
36.8725
36.8725
36.8725
36.8725
36.8819
36.8819
36.8819
36.8819
36.8819
36.8819
36.8819
36.8819
37.192
37.192
37.192
37.192
37.192
37.192
37.192
37.192
37.7624
37.7624
37.7624
37.7624
37.7624
37.7624
37.7624
37.7624
38.5435
38.5435
38.5435
38.5435
38.5435
38.5435
38.5435
38.5435
39.4782
39.4782
39.4782
39.4782
39.4782
39.4782
39.4782
39.4782
40.5038
40.5038
40.5038
40.5038
40.5038
40.5038
40.5038
40.5038
41.5562
41.5562
41.5562
41.5562
41.5562
41.5562
41.5562
41.5562
42.5751
42.5751
42.5751
42.5751
42.5751
42.5751
42.5751
42.5751
43.5095
43.5095
43.5095
43.5095
43.5095
43.5095
43.5095
43.5095
44.3239
44.3239
44.3239
44.3239
44.3239
44.3239
44.3239
44.3239
42.0114
42.0114
42.0114
42.0114
42.0114
42.0114
42.0114
42.0114
40.2922
40.2922
40.2922
40.2922
40.2922
40.2922
40.2922
40.2922
38.9033
38.9033
38.9033
38.9033
38.9033
38.9033
38.9033
38.9033
37.8689
37.8689
37.8689
37.8689
37.8689
37.8689
37.8689
37.8689
37.1947
37.1947
37.1947
37.1947
37.1947
37.1947
37.1947
37.1947
36.8725
36.8725
36.8725
36.8725
36.8725
36.8725
36.8725
36.8725
36.8819
36.8819
36.8819
36.8819
36.8819
36.8819
36.8819
36.8819
37.192
37.192
37.192
37.192
37.192
37.192
37.192
37.192
37.7624
37.7624
37.7624
37.7624
37.7624
37.7624
37.7624
37.7624
38.5435
38.5435
38.5435
38.5435
38.5435
38.5435
38.5435
38.5435
39.4782
39.4782
39.4782
39.4782
39.4782
39.4782
39.4782
39.4782
40.5038
40.5038
40.5038
40.5038
40.5038
40.5038
40.5038
40.5038
41.5562
41.5562
41.5562
41.5562
41.5562
41.5562
41.5562
41.5562
42.5751
42.5751
42.5751
42.5751
42.5751
42.5751
42.5751
42.5751
43.5095
43.5095
43.5095
43.5095
43.5095
43.5095
43.5095
43.5095
44.3239
44.3239
44.3239
44.3239
44.3239
44.3239
44.3239
44.3239
42.0114
42.0114
42.0114
42.0114
42.0114
42.0114
42.0114
42.0114
40.2922
40.2922
40.2922
40.2922
40.2922
40.2922
40.2922
40.2922
38.9033
38.9033
38.9033
38.9033
38.9033
38.9033
38.9033
38.9033
37.8689
37.8689
37.8689
37.8689
37.8689
37.8689
37.8689
37.8689
37.1947
37.1947
37.1947
37.1947
37.1947
37.1947
37.1947
37.1947
36.8725
36.8725
36.8725
36.8725
36.8725
36.8725
36.8725
36.8725
36.8819
36.8819
36.8819
36.8819
36.8819
36.8819
36.8819
36.8819
37.192
37.192
37.192
37.192
37.192
37.192
37.192
37.192
37.7624
37.7624
37.7624
37.7624
37.7624
37.7624
37.7624
37.7624
38.5435
38.5435
38.5435
38.5435
38.5435
38.5435
38.5435
38.5435
39.4782
39.4782
39.4782
39.4782
39.4782
39.4782
39.4782
39.4782
40.5038
40.5038
40.5038
40.5038
40.5038
40.5038
40.5038
40.5038
41.5562
41.5562
41.5562
41.5562
41.5562
41.5562
41.5562
41.5562
42.5751
42.5751
42.5751
42.5751
42.5751
42.5751
42.5751
42.5751
43.5095
43.5095
43.5095
43.5095
43.5095
43.5095
43.5095
43.5095
44.3239
44.3239
44.3239
44.3239
44.3239
44.3239
44.3239
44.3239
