8192
34.4085
34.4085
34.4085
34.4085
34.4085
34.4085
34.4085
34.4085
33.0992
33.0992
33.0992
33.0992
33.0992
33.0992
33.0992
33.0992
31.6457
31.6457
31.6457
31.6457
31.6457
31.6457
31.6457
31.6457
30.1542
30.1542
30.1542
30.1542
30.1542
30.1542
30.1542
30.1542
28.7255
28.7255
28.7255
28.7255
28.7255
28.7255
28.7255
28.7255
27.4466
27.4466
27.4466
27.4466
27.4466
27.4466
27.4466
27.4466
26.3859
26.3859
26.3859
26.3859
26.3859
26.3859
26.3859
26.3859
25.5931
25.5931
25.5931
25.5931
25.5931
25.5931
25.5931
25.5931
25.1019
25.1019
25.1019
25.1019
25.1019
25.1019
25.1019
25.1019
24.933
24.933
24.933
24.933
24.933
24.933
24.933
24.933
25.0969
25.0969
25.0969
25.0969
25.0969
25.0969
25.0969
25.0969
25.5952
25.5952
25.5952
25.5952
25.5952
25.5952
25.5952
25.5952
26.4207
26.4207
26.4207
26.4207
26.4207
26.4207
26.4207
26.4207
27.5557
27.5557
27.5557
27.5557
27.5557
27.5557
27.5557
27.5557
28.9687
28.9687
28.9687
28.9687
28.9687
28.9687
28.9687
28.9687
30.6119
30.6119
30.6119
30.6119
30.6119
30.6119
30.6119
30.6119
34.4085
34.4085
34.4085
34.4085
34.4085
34.4085
34.4085
34.4085
33.0992
33.0992
33.0992
33.0992
33.0992
33.0992
33.0992
33.0992
31.6457
31.6457
31.6457
31.6457
31.6457
31.6457
31.6457
31.6457
30.1542
30.1542
30.1542
30.1542
30.1542
30.1542
30.1542
30.1542
28.7255
28.7255
28.7255
28.7255
28.7255
28.7255
28.7255
28.7255
27.4466
27.4466
27.4466
27.4466
27.4466
27.4466
27.4466
27.4466
26.3859
26.3859
26.3859
26.3859
26.3859
26.3859
26.3859
26.3859
25.5931
25.5931
25.5931
25.5931
25.5931
25.5931
25.5931
25.5931
25.1019
25.1019
25.1019
25.1019
25.1019
25.1019
25.1019
25.1019
24.933
24.933
24.933
24.933
24.933
24.933
24.933
24.933
25.0969
25.0969
25.0969
25.0969
25.0969
25.0969
25.0969
25.0969
25.5952
25.5952
25.5952
25.5952
25.5952
25.5952
25.5952
25.5952
26.4207
26.4207
26.4207
26.4207
26.4207
26.4207
26.4207
26.4207
27.5557
27.5557
27.5557
27.5557
27.5557
27.5557
27.5557
27.5557
28.9687
28.9687
28.9687
28.9687
28.9687
28.9687
28.9687
28.9687
30.6119
30.6119
30.6119
30.6119
30.6119
30.6119
30.6119
30.6119
34.4085
34.4085
34.4085
34.4085
34.4085
34.4085
34.4085
34.4085
33.0992
33.0992
33.0992
33.0992
33.0992
33.0992
33.0992
33.0992
31.6457
31.6457
31.6457
31.6457
31.6457
31.6457
31.6457
31.6457
30.1542
30.1542
30.1542
30.1542
30.1542
30.1542
30.1542
30.1542
28.7255
28.7255
28.7255
28.7255
28.7255
28.7255
28.7255
28.7255
27.4466
27.4466
27.4466
27.4466
27.4466
27.4466
27.4466
27.4466
26.3859
26.3859
26.3859
26.3859
26.3859
26.3859
26.3859
26.3859
25.5931
25.5931
25.5931
25.5931
25.5931
25.5931
25.5931
25.5931
25.1019
25.1019
25.1019
25.1019
25.1019
25.1019
25.1019
25.1019
24.933
24.933
24.933
24.933
24.933
24.933
24.933
24.933
25.0969
25.0969
25.0969
25.0969
25.0969
25.0969
25.0969
25.0969
25.5952
25.5952
25.5952
25.5952
25.5952
25.5952
25.5952
25.5952
26.4207
26.4207
26.4207
26.4207
26.4207
26.4207
26.4207
26.4207
27.5557
27.5557
27.5557
27.5557
27.5557
27.5557
27.5557
27.5557
28.9687
28.9687
28.9687
28.9687
28.9687
28.9687
28.9687
28.9687
30.6119
30.6119
30.6119
30.6119
30.6119
30.6119
30.6119
30.6119
34.4085
34.4085
34.4085
34.4085
34.4085
34.4085
34.4085
34.4085
33.0992
33.0992
33.0992
33.0992
33.0992
33.0992
33.0992
33.0992
31.6457
31.6457
31.6457
31.6457
31.6457
31.6457
31.6457
31.6457
30.1542
30.1542
30.1542
30.1542
30.1542
30.1542
30.1542
30.1542
28.7255
28.7255
28.7255
28.7255
28.7255
28.7255
28.7255
28.7255
27.4466
27.4466
27.4466
27.4466
27.4466
27.4466
27.4466
27.4466
26.3859
26.3859
26.3859
26.3859
26.3859
26.3859
26.3859
26.3859
25.5931
25.5931
25.5931
25.5931
25.5931
25.5931
25.5931
25.5931
25.1019
25.1019
25.1019
25.1019
25.1019
25.1019
25.1019
25.1019
24.933
24.933
24.933
24.933
24.933
24.933
24.933
24.933
25.0969
25.0969
25.0969
25.0969
25.0969
25.0969
25.0969
25.0969
25.5952
25.5952
25.5952
25.5952
25.5952
25.5952
25.5952
25.5952
26.4207
26.4207
26.4207
26.4207
26.4207
26.4207
26.4207
26.4207
27.5557
27.5557
27.5557
27.5557
27.5557
27.5557
27.5557
27.5557
28.9687
28.9687
28.9687
28.9687
28.9687
28.9687
28.9687
28.9687
30.6119
30.6119
30.6119
30.6119
30.6119
30.6119
30.6119
30.6119
35.2001
35.2001
35.2001
35.2001
35.2001
35.2001
35.2001
35.2001
33.878
33.878
33.878
33.878
33.878
33.878
33.878
33.878
32.3901
32.3901
32.3901
32.3901
32.3901
32.3901
32.3901
32.3901
30.849
30.849
30.849
30.849
30.849
30.849
30.849
30.849
29.3626
29.3626
29.3626
29.3626
29.3626
29.3626
29.3626
29.3626
28.0236
28.0236
28.0236
28.0236
28.0236
28.0236
28.0236
28.0236
26.9056
26.9056
26.9056
26.9056
26.9056
26.9056
26.9056
26.9056
26.062
26.062
26.062
26.062
26.062
26.062
26.062
26.062
25.5292
25.5292
25.5292
25.5292
25.5292
25.5292
25.5292
25.5292
25.3298
25.3298
25.3298
25.3298
25.3298
25.3298
25.3298
25.3298
25.4758
25.4758
25.4758
25.4758
25.4758
25.4758
25.4758
25.4758
25.9705
25.9705
25.9705
25.9705
25.9705
25.9705
25.9705
25.9705
26.8086
26.8086
26.8086
26.8086
26.8086
26.8086
26.8086
26.8086
27.9743
27.9743
27.9743
27.9743
27.9743
27.9743
27.9743
27.9743
29.4381
29.4381
29.4381
29.4381
29.4381
29.4381
29.4381
29.4381
31.154
31.154
31.154
31.154
31.154
31.154
31.154
31.154
35.2001
35.2001
35.2001
35.2001
35.2001
35.2001
35.2001
35.2001
33.878
33.878
33.878
33.878
33.878
33.878
33.878
33.878
32.3901
32.3901
32.3901
32.3901
32.3901
32.3901
32.3901
32.3901
30.849
30.849
30.849
30.849
30.849
30.849
30.849
30.849
29.3626
29.3626
29.3626
29.3626
29.3626
29.3626
29.3626
29.3626
28.0236
28.0236
28.0236
28.0236
28.0236
28.0236
28.0236
28.0236
26.9056
26.9056
26.9056
26.9056
26.9056
26.9056
26.9056
26.9056
26.062
26.062
26.062
26.062
26.062
26.062
26.062
26.062
25.5292
25.5292
25.5292
25.5292
25.5292
25.5292
25.5292
25.5292
25.3298
25.3298
25.3298
25.3298
25.3298
25.3298
25.3298
25.3298
25.4758
25.4758
25.4758
25.4758
25.4758
25.4758
25.4758
25.4758
25.9705
25.9705
25.9705
25.9705
25.9705
25.9705
25.9705
25.9705
26.8086
26.8086
26.8086
26.8086
26.8086
26.8086
26.8086
26.8086
27.9743
27.9743
27.9743
27.9743
27.9743
27.9743
27.9743
27.9743
29.4381
29.4381
29.4381
29.4381
29.4381
29.4381
29.4381
29.4381
31.154
31.154
31.154
31.154
31.154
31.154
31.154
31.154
35.2001
35.2001
35.2001
35.2001
35.2001
35.2001
35.2001
35.2001
33.878
33.878
33.878
33.878
33.878
33.878
33.878
33.878
32.3901
32.3901
32.3901
32.3901
32.3901
32.3901
32.3901
32.3901
30.849
30.849
30.849
30.849
30.849
30.849
30.849
30.849
29.3626
29.3626
29.3626
29.3626
29.3626
29.3626
29.3626
29.3626
28.0236
28.0236
28.0236
28.0236
28.0236
28.0236
28.0236
28.0236
26.9056
26.9056
26.9056
26.9056
26.9056
26.9056
26.9056
26.9056
26.062
26.062
26.062
26.062
26.062
26.062
26.062
26.062
25.5292
25.5292
25.5292
25.5292
25.5292
25.5292
25.5292
25.5292
25.3298
25.3298
25.3298
25.3298
25.3298
25.3298
25.3298
25.3298
25.4758
25.4758
25.4758
25.4758
25.4758
25.4758
25.4758
25.4758
25.9705
25.9705
25.9705
25.9705
25.9705
25.9705
25.9705
25.9705
26.8086
26.8086
26.8086
26.8086
26.8086
26.8086
26.8086
26.8086
27.9743
27.9743
27.9743
27.9743
27.9743
27.9743
27.9743
27.9743
29.4381
29.4381
29.4381
29.4381
29.4381
29.4381
29.4381
29.4381
31.154
31.154
31.154
31.154
31.154
31.154
31.154
31.154
35.2001
35.2001
35.2001
35.2001
35.2001
35.2001
35.2001
35.2001
33.878
33.878
33.878
33.878
33.878
33.878
33.878
33.878
32.3901
32.3901
32.3901
32.3901
32.3901
32.3901
32.3901
32.3901
30.849
30.849
30.849
30.849
30.849
30.849
30.849
30.849
29.3626
29.3626
29.3626
29.3626
29.3626
29.3626
29.3626
29.3626
28.0236
28.0236
28.0236
28.0236
28.0236
28.0236
28.0236
28.0236
26.9056
26.9056
26.9056
26.9056
26.9056
26.9056
26.9056
26.9056
26.062
26.062
26.062
26.062
26.062
26.062
26.062
26.062
25.5292
25.5292
25.5292
25.5292
25.5292
25.5292
25.5292
25.5292
25.3298
25.3298
25.3298
25.3298
25.3298
25.3298
25.3298
25.3298
25.4758
25.4758
25.4758
25.4758
25.4758
25.4758
25.4758
25.4758
25.9705
25.9705
25.9705
25.9705
25.9705
25.9705
25.9705
25.9705
26.8086
26.8086
26.8086
26.8086
26.8086
26.8086
26.8086
26.8086
27.9743
27.9743
27.9743
27.9743
27.9743
27.9743
27.9743
27.9743
29.4381
29.4381
29.4381
29.4381
29.4381
29.4381
29.4381
29.4381
31.154
31.154
31.154
31.154
31.154
31.154
31.154
31.154
35.6791
35.6791
35.6791
35.6791
35.6791
35.6791
35.6791
35.6791
34.4093
34.4093
34.4093
34.4093
34.4093
34.4093
34.4093
34.4093
32.9551
32.9551
32.9551
32.9551
32.9551
32.9551
32.9551
32.9551
31.4321
31.4321
31.4321
31.4321
31.4321
31.4321
31.4321
31.4321
29.9522
29.9522
29.9522
29.9522
29.9522
29.9522
29.9522
29.9522
28.6127
28.6127
28.6127
28.6127
28.6127
28.6127
28.6127
28.6127
27.4913
27.4913
27.4913
27.4913
27.4913
27.4913
27.4913
27.4913
26.6453
26.6453
26.6453
26.6453
26.6453
26.6453
26.6453
26.6453
26.1142
26.1142
26.1142
26.1142
26.1142
26.1142
26.1142
26.1142
25.9231
25.9231
25.9231
25.9231
25.9231
25.9231
25.9231
25.9231
26.0862
26.0862
26.0862
26.0862
26.0862
26.0862
26.0862
26.0862
26.6088
26.6088
26.6088
26.6088
26.6088
26.6088
26.6088
26.6088
27.4868
27.4868
27.4868
27.4868
27.4868
27.4868
27.4868
27.4868
28.7057
28.7057
28.7057
28.7057
28.7057
28.7057
28.7057
28.7057
30.2365
30.2365
30.2365
30.2365
30.2365
30.2365
30.2365
30.2365
32.0329
32.0329
32.0329
32.0329
32.0329
32.0329
32.0329
32.0329
35.6791
35.6791
35.6791
35.6791
35.6791
35.6791
35.6791
35.6791
34.4093
34.4093
34.4093
34.4093
34.4093
34.4093
34.4093
34.4093
32.9551
32.9551
32.9551
32.9551
32.9551
32.9551
32.9551
32.9551
31.4321
31.4321
31.4321
31.4321
31.4321
31.4321
31.4321
31.4321
29.9522
29.9522
29.9522
29.9522
29.9522
29.9522
29.9522
29.9522
28.6127
28.6127
28.6127
28.6127
28.6127
28.6127
28.6127
28.6127
27.4913
27.4913
27.4913
27.4913
27.4913
27.4913
27.4913
27.4913
26.6453
26.6453
26.6453
26.6453
26.6453
26.6453
26.6453
26.6453
26.1142
26.1142
26.1142
26.1142
26.1142
26.1142
26.1142
26.1142
25.9231
25.9231
25.9231
25.9231
25.9231
25.9231
25.9231
25.9231
26.0862
26.0862
26.0862
26.0862
26.0862
26.0862
26.0862
26.0862
26.6088
26.6088
26.6088
26.6088
26.6088
26.6088
26.6088
26.6088
27.4868
27.4868
27.4868
27.4868
27.4868
27.4868
27.4868
27.4868
28.7057
28.7057
28.7057
28.7057
28.7057
28.7057
28.7057
28.7057
30.2365
30.2365
30.2365
30.2365
30.2365
30.2365
30.2365
30.2365
32.0329
32.0329
32.0329
32.0329
32.0329
32.0329
32.0329
32.0329
35.6791
35.6791
35.6791
35.6791
35.6791
35.6791
35.6791
35.6791
34.4093
34.4093
34.4093
34.4093
34.4093
34.4093
34.4093
34.4093
32.9551
32.9551
32.9551
32.9551
32.9551
32.9551
32.9551
32.9551
31.4321
31.4321
31.4321
31.4321
31.4321
31.4321
31.4321
31.4321
29.9522
29.9522
29.9522
29.9522
29.9522
29.9522
29.9522
29.9522
28.6127
28.6127
28.6127
28.6127
28.6127
28.6127
28.6127
28.6127
27.4913
27.4913
27.4913
27.4913
27.4913
27.4913
27.4913
27.4913
26.6453
26.6453
26.6453
26.6453
26.6453
26.6453
26.6453
26.6453
26.1142
26.1142
26.1142
26.1142
26.1142
26.1142
26.1142
26.1142
25.9231
25.9231
25.9231
25.9231
25.9231
25.9231
25.9231
25.9231
26.0862
26.0862
26.0862
26.0862
26.0862
26.0862
26.0862
26.0862
26.6088
26.6088
26.6088
26.6088
26.6088
26.6088
26.6088
26.6088
27.4868
27.4868
27.4868
27.4868
27.4868
27.4868
27.4868
27.4868
28.7057
28.7057
28.7057
28.7057
28.7057
28.7057
28.7057
28.7057
30.2365
30.2365
30.2365
30.2365
30.2365
30.2365
30.2365
30.2365
32.0329
32.0329
32.0329
32.0329
32.0329
32.0329
32.0329
32.0329
35.6791
35.6791
35.6791
35.6791
35.6791
35.6791
35.6791
35.6791
34.4093
34.4093
34.4093
34.4093
34.4093
34.4093
34.4093
34.4093
32.9551
32.9551
32.9551
32.9551
32.9551
32.9551
32.9551
32.9551
31.4321
31.4321
31.4321
31.4321
31.4321
31.4321
31.4321
31.4321
29.9522
29.9522
29.9522
29.9522
29.9522
29.9522
29.9522
29.9522
28.6127
28.6127
28.6127
28.6127
28.6127
28.6127
28.6127
28.6127
27.4913
27.4913
27.4913
27.4913
27.4913
27.4913
27.4913
27.4913
26.6453
26.6453
26.6453
26.6453
26.6453
26.6453
26.6453
26.6453
26.1142
26.1142
26.1142
26.1142
26.1142
26.1142
26.1142
26.1142
25.9231
25.9231
25.9231
25.9231
25.9231
25.9231
25.9231
25.9231
26.0862
26.0862
26.0862
26.0862
26.0862
26.0862
26.0862
26.0862
26.6088
26.6088
26.6088
26.6088
26.6088
26.6088
26.6088
26.6088
27.4868
27.4868
27.4868
27.4868
27.4868
27.4868
27.4868
27.4868
28.7057
28.7057
28.7057
28.7057
28.7057
28.7057
28.7057
28.7057
30.2365
30.2365
30.2365
30.2365
30.2365
30.2365
30.2365
30.2365
32.0329
32.0329
32.0329
32.0329
32.0329
32.0329
32.0329
32.0329
35.8402
35.8402
35.8402
35.8402
35.8402
35.8402
35.8402
35.8402
34.6834
34.6834
34.6834
34.6834
34.6834
34.6834
34.6834
34.6834
33.3283
33.3283
33.3283
33.3283
33.3283
33.3283
33.3283
33.3283
31.8896
31.8896
31.8896
31.8896
31.8896
31.8896
31.8896
31.8896
30.4802
30.4802
30.4802
30.4802
30.4802
30.4802
30.4802
30.4802
29.1999
29.1999
29.1999
29.1999
29.1999
29.1999
29.1999
29.1999
28.1296
28.1296
28.1296
28.1296
28.1296
28.1296
28.1296
28.1296
27.3301
27.3301
27.3301
27.3301
27.3301
27.3301
27.3301
27.3301
26.8444
26.8444
26.8444
26.8444
26.8444
26.8444
26.8444
26.8444
26.7008
26.7008
26.7008
26.7008
26.7008
26.7008
26.7008
26.7008
26.9161
26.9161
26.9161
26.9161
26.9161
26.9161
26.9161
26.9161
27.4974
27.4974
27.4974
27.4974
27.4974
27.4974
27.4974
27.4974
28.4419
28.4419
28.4419
28.4419
28.4419
28.4419
28.4419
28.4419
29.7351
29.7351
29.7351
29.7351
29.7351
29.7351
29.7351
29.7351
31.347
31.347
31.347
31.347
31.347
31.347
31.347
31.347
33.2288
33.2288
33.2288
33.2288
33.2288
33.2288
33.2288
33.2288
35.8402
35.8402
35.8402
35.8402
35.8402
35.8402
35.8402
35.8402
34.6834
34.6834
34.6834
34.6834
34.6834
34.6834
34.6834
34.6834
33.3283
33.3283
33.3283
33.3283
33.3283
33.3283
33.3283
33.3283
31.8896
31.8896
31.8896
31.8896
31.8896
31.8896
31.8896
31.8896
30.4802
30.4802
30.4802
30.4802
30.4802
30.4802
30.4802
30.4802
29.1999
29.1999
29.1999
29.1999
29.1999
29.1999
29.1999
29.1999
28.1296
28.1296
28.1296
28.1296
28.1296
28.1296
28.1296
28.1296
27.3301
27.3301
27.3301
27.3301
27.3301
27.3301
27.3301
27.3301
26.8444
26.8444
26.8444
26.8444
26.8444
26.8444
26.8444
26.8444
26.7008
26.7008
26.7008
26.7008
26.7008
26.7008
26.7008
26.7008
26.9161
26.9161
26.9161
26.9161
26.9161
26.9161
26.9161
26.9161
27.4974
27.4974
27.4974
27.4974
27.4974
27.4974
27.4974
27.4974
28.4419
28.4419
28.4419
28.4419
28.4419
28.4419
28.4419
28.4419
29.7351
29.7351
29.7351
29.7351
29.7351
29.7351
29.7351
29.7351
31.347
31.347
31.347
31.347
31.347
31.347
31.347
31.347
33.2288
33.2288
33.2288
33.2288
33.2288
33.2288
33.2288
33.2288
35.8402
35.8402
35.8402
35.8402
35.8402
35.8402
35.8402
35.8402
34.6834
34.6834
34.6834
34.6834
34.6834
34.6834
34.6834
34.6834
33.3283
33.3283
33.3283
33.3283
33.3283
33.3283
33.3283
33.3283
31.8896
31.8896
31.8896
31.8896
31.8896
31.8896
31.8896
31.8896
30.4802
30.4802
30.4802
30.4802
30.4802
30.4802
30.4802
30.4802
29.1999
29.1999
29.1999
29.1999
29.1999
29.1999
29.1999
29.1999
28.1296
28.1296
28.1296
28.1296
28.1296
28.1296
28.1296
28.1296
27.3301
27.3301
27.3301
27.3301
27.3301
27.3301
27.3301
27.3301
26.8444
26.8444
26.8444
26.8444
26.8444
26.8444
26.8444
26.8444
26.7008
26.7008
26.7008
26.7008
26.7008
26.7008
26.7008
26.7008
26.9161
26.9161
26.9161
26.9161
26.9161
26.9161
26.9161
26.9161
27.4974
27.4974
27.4974
27.4974
27.4974
27.4974
27.4974
27.4974
28.4419
28.4419
28.4419
28.4419
28.4419
28.4419
28.4419
28.4419
29.7351
29.7351
29.7351
29.7351
29.7351
29.7351
29.7351
29.7351
31.347
31.347
31.347
31.347
31.347
31.347
31.347
31.347
33.2288
33.2288
33.2288
33.2288
33.2288
33.2288
33.2288
33.2288
35.8402
35.8402
35.8402
35.8402
35.8402
35.8402
35.8402
35.8402
34.6834
34.6834
34.6834
34.6834
34.6834
34.6834
34.6834
34.6834
33.3283
33.3283
33.3283
33.3283
33.3283
33.3283
33.3283
33.3283
31.8896
31.8896
31.8896
31.8896
31.8896
31.8896
31.8896
31.8896
30.4802
30.4802
30.4802
30.4802
30.4802
30.4802
30.4802
30.4802
29.1999
29.1999
29.1999
29.1999
29.1999
29.1999
29.1999
29.1999
28.1296
28.1296
28.1296
28.1296
28.1296
28.1296
28.1296
28.1296
27.3301
27.3301
27.3301
27.3301
27.3301
27.3301
27.3301
27.3301
26.8444
26.8444
26.8444
26.8444
26.8444
26.8444
26.8444
26.8444
26.7008
26.7008
26.7008
26.7008
26.7008
26.7008
26.7008
26.7008
26.9161
26.9161
26.9161
26.9161
26.9161
26.9161
26.9161
26.9161
27.4974
27.4974
27.4974
27.4974
27.4974
27.4974
27.4974
27.4974
28.4419
28.4419
28.4419
28.4419
28.4419
28.4419
28.4419
28.4419
29.7351
29.7351
29.7351
29.7351
29.7351
29.7351
29.7351
29.7351
31.347
31.347
31.347
31.347
31.347
31.347
31.347
31.347
33.2288
33.2288
33.2288
33.2288
33.2288
33.2288
33.2288
33.2288
35.7236
35.7236
35.7236
35.7236
35.7236
35.7236
35.7236
35.7236
34.7294
34.7294
34.7294
34.7294
34.7294
34.7294
34.7294
34.7294
33.5292
33.5292
33.5292
33.5292
33.5292
33.5292
33.5292
33.5292
32.2333
32.2333
32.2333
32.2333
32.2333
32.2333
32.2333
32.2333
30.9524
30.9524
30.9524
30.9524
30.9524
30.9524
30.9524
30.9524
29.7865
29.7865
29.7865
29.7865
29.7865
29.7865
29.7865
29.7865
28.8185
28.8185
28.8185
28.8185
28.8185
28.8185
28.8185
28.8185
28.1122
28.1122
28.1122
28.1122
28.1122
28.1122
28.1122
28.1122
27.7142
27.7142
27.7142
27.7142
27.7142
27.7142
27.7142
27.7142
27.656
27.656
27.656
27.656
27.656
27.656
27.656
27.656
27.9574
27.9574
27.9574
27.9574
27.9574
27.9574
27.9574
27.9574
28.6271
28.6271
28.6271
28.6271
28.6271
28.6271
28.6271
28.6271
29.663
29.663
29.663
29.663
29.663
29.663
29.663
29.663
31.0494
31.0494
31.0494
31.0494
31.0494
31.0494
31.0494
31.0494
32.7536
32.7536
32.7536
32.7536
32.7536
32.7536
32.7536
32.7536
34.7218
34.7218
34.7218
34.7218
34.7218
34.7218
34.7218
34.7218
35.7236
35.7236
35.7236
35.7236
35.7236
35.7236
35.7236
35.7236
34.7294
34.7294
34.7294
34.7294
34.7294
34.7294
34.7294
34.7294
33.5292
33.5292
33.5292
33.5292
33.5292
33.5292
33.5292
33.5292
32.2333
32.2333
32.2333
32.2333
32.2333
32.2333
32.2333
32.2333
30.9524
30.9524
30.9524
30.9524
30.9524
30.9524
30.9524
30.9524
29.7865
29.7865
29.7865
29.7865
29.7865
29.7865
29.7865
29.7865
28.8185
28.8185
28.8185
28.8185
28.8185
28.8185
28.8185
28.8185
28.1122
28.1122
28.1122
28.1122
28.1122
28.1122
28.1122
28.1122
27.7142
27.7142
27.7142
27.7142
27.7142
27.7142
27.7142
27.7142
27.656
27.656
27.656
27.656
27.656
27.656
27.656
27.656
27.9574
27.9574
27.9574
27.9574
27.9574
27.9574
27.9574
27.9574
28.6271
28.6271
28.6271
28.6271
28.6271
28.6271
28.6271
28.6271
29.663
29.663
29.663
29.663
29.663
29.663
29.663
29.663
31.0494
31.0494
31.0494
31.0494
31.0494
31.0494
31.0494
31.0494
32.7536
32.7536
32.7536
32.7536
32.7536
32.7536
32.7536
32.7536
34.7218
34.7218
34.7218
34.7218
34.7218
34.7218
34.7218
34.7218
35.7236
35.7236
35.7236
35.7236
35.7236
35.7236
35.7236
35.7236
34.7294
34.7294
34.7294
34.7294
34.7294
34.7294
34.7294
34.7294
33.5292
33.5292
33.5292
33.5292
33.5292
33.5292
33.5292
33.5292
32.2333
32.2333
32.2333
32.2333
32.2333
32.2333
32.2333
32.2333
30.9524
30.9524
30.9524
30.9524
30.9524
30.9524
30.9524
30.9524
29.7865
29.7865
29.7865
29.7865
29.7865
29.7865
29.7865
29.7865
28.8185
28.8185
28.8185
28.8185
28.8185
28.8185
28.8185
28.8185
28.1122
28.1122
28.1122
28.1122
28.1122
28.1122
28.1122
28.1122
27.7142
27.7142
27.7142
27.7142
27.7142
27.7142
27.7142
27.7142
27.656
27.656
27.656
27.656
27.656
27.656
27.656
27.656
27.9574
27.9574
27.9574
27.9574
27.9574
27.9574
27.9574
27.9574
28.6271
28.6271
28.6271
28.6271
28.6271
28.6271
28.6271
28.6271
29.663
29.663
29.663
29.663
29.663
29.663
29.663
29.663
31.0494
31.0494
31.0494
31.0494
31.0494
31.0494
31.0494
31.0494
32.7536
32.7536
32.7536
32.7536
32.7536
32.7536
32.7536
32.7536
34.7218
34.7218
34.7218
34.7218
34.7218
34.7218
34.7218
34.7218
35.7236
35.7236
35.7236
35.7236
35.7236
35.7236
35.7236
35.7236
34.7294
34.7294
34.7294
34.7294
34.7294
34.7294
34.7294
34.7294
33.5292
33.5292
33.5292
33.5292
33.5292
33.5292
33.5292
33.5292
32.2333
32.2333
32.2333
32.2333
32.2333
32.2333
32.2333
32.2333
30.9524
30.9524
30.9524
30.9524
30.9524
30.9524
30.9524
30.9524
29.7865
29.7865
29.7865
29.7865
29.7865
29.7865
29.7865
29.7865
28.8185
28.8185
28.8185
28.8185
28.8185
28.8185
28.8185
28.8185
28.1122
28.1122
28.1122
28.1122
28.1122
28.1122
28.1122
28.1122
27.7142
27.7142
27.7142
27.7142
27.7142
27.7142
27.7142
27.7142
27.656
27.656
27.656
27.656
27.656
27.656
27.656
27.656
27.9574
27.9574
27.9574
27.9574
27.9574
27.9574
27.9574
27.9574
28.6271
28.6271
28.6271
28.6271
28.6271
28.6271
28.6271
28.6271
29.663
29.663
29.663
29.663
29.663
29.663
29.663
29.663
31.0494
31.0494
31.0494
31.0494
31.0494
31.0494
31.0494
31.0494
32.7536
32.7536
32.7536
32.7536
32.7536
32.7536
32.7536
32.7536
34.7218
34.7218
34.7218
34.7218
34.7218
34.7218
34.7218
34.7218
35.4081
35.4081
35.4081
35.4081
35.4081
35.4081
35.4081
35.4081
34.6108
34.6108
34.6108
34.6108
34.6108
34.6108
34.6108
34.6108
33.6068
33.6068
33.6068
33.6068
33.6068
33.6068
33.6068
33.6068
32.4991
32.4991
32.4991
32.4991
32.4991
32.4991
32.4991
32.4991
31.3938
31.3938
31.3938
31.3938
31.3938
31.3938
31.3938
31.3938
30.3889
30.3889
30.3889
30.3889
30.3889
30.3889
30.3889
30.3889
29.5677
29.5677
29.5677
29.5677
29.5677
29.5677
29.5677
29.5677
28.9964
28.9964
28.9964
28.9964
28.9964
28.9964
28.9964
28.9964
28.7245
28.7245
28.7245
28.7245
28.7245
28.7245
28.7245
28.7245
28.7868
28.7868
28.7868
28.7868
28.7868
28.7868
28.7868
28.7868
29.2055
29.2055
29.2055
29.2055
29.2055
29.2055
29.2055
29.2055
29.9909
29.9909
29.9909
29.9909
29.9909
29.9909
29.9909
29.9909
31.1403
31.1403
31.1403
31.1403
31.1403
31.1403
31.1403
31.1403
32.6354
32.6354
32.6354
32.6354
32.6354
32.6354
32.6354
32.6354
34.4387
34.4387
34.4387
34.4387
34.4387
34.4387
34.4387
34.4387
36.4891
36.4891
36.4891
36.4891
36.4891
36.4891
36.4891
36.4891
35.4081
35.4081
35.4081
35.4081
35.4081
35.4081
35.4081
35.4081
34.6108
34.6108
34.6108
34.6108
34.6108
34.6108
34.6108
34.6108
33.6068
33.6068
33.6068
33.6068
33.6068
33.6068
33.6068
33.6068
32.4991
32.4991
32.4991
32.4991
32.4991
32.4991
32.4991
32.4991
31.3938
31.3938
31.3938
31.3938
31.3938
31.3938
31.3938
31.3938
30.3889
30.3889
30.3889
30.3889
30.3889
30.3889
30.3889
30.3889
29.5677
29.5677
29.5677
29.5677
29.5677
29.5677
29.5677
29.5677
28.9964
28.9964
28.9964
28.9964
28.9964
28.9964
28.9964
28.9964
28.7245
28.7245
28.7245
28.7245
28.7245
28.7245
28.7245
28.7245
28.7868
28.7868
28.7868
28.7868
28.7868
28.7868
28.7868
28.7868
29.2055
29.2055
29.2055
29.2055
29.2055
29.2055
29.2055
29.2055
29.9909
29.9909
29.9909
29.9909
29.9909
29.9909
29.9909
29.9909
31.1403
31.1403
31.1403
31.1403
31.1403
31.1403
31.1403
31.1403
32.6354
32.6354
32.6354
32.6354
32.6354
32.6354
32.6354
32.6354
34.4387
34.4387
34.4387
34.4387
34.4387
34.4387
34.4387
34.4387
36.4891
36.4891
36.4891
36.4891
36.4891
36.4891
36.4891
36.4891
35.4081
35.4081
35.4081
35.4081
35.4081
35.4081
35.4081
35.4081
34.6108
34.6108
34.6108
34.6108
34.6108
34.6108
34.6108
34.6108
33.6068
33.6068
33.6068
33.6068
33.6068
33.6068
33.6068
33.6068
32.4991
32.4991
32.4991
32.4991
32.4991
32.4991
32.4991
32.4991
31.3938
31.3938
31.3938
31.3938
31.3938
31.3938
31.3938
31.3938
30.3889
30.3889
30.3889
30.3889
30.3889
30.3889
30.3889
30.3889
29.5677
29.5677
29.5677
29.5677
29.5677
29.5677
29.5677
29.5677
28.9964
28.9964
28.9964
28.9964
28.9964
28.9964
28.9964
28.9964
28.7245
28.7245
28.7245
28.7245
28.7245
28.7245
28.7245
28.7245
28.7868
28.7868
28.7868
28.7868
28.7868
28.7868
28.7868
28.7868
29.2055
29.2055
29.2055
29.2055
29.2055
29.2055
29.2055
29.2055
29.9909
29.9909
29.9909
29.9909
29.9909
29.9909
29.9909
29.9909
31.1403
31.1403
31.1403
31.1403
31.1403
31.1403
31.1403
31.1403
32.6354
32.6354
32.6354
32.6354
32.6354
32.6354
32.6354
32.6354
34.4387
34.4387
34.4387
34.4387
34.4387
34.4387
34.4387
34.4387
36.4891
36.4891
36.4891
36.4891
36.4891
36.4891
36.4891
36.4891
35.4081
35.4081
35.4081
35.4081
35.4081
35.4081
35.4081
35.4081
34.6108
34.6108
34.6108
34.6108
34.6108
34.6108
34.6108
34.6108
33.6068
33.6068
33.6068
33.6068
33.6068
33.6068
33.6068
33.6068
32.4991
32.4991
32.4991
32.4991
32.4991
32.4991
32.4991
32.4991
31.3938
31.3938
31.3938
31.3938
31.3938
31.3938
31.3938
31.3938
30.3889
30.3889
30.3889
30.3889
30.3889
30.3889
30.3889
30.3889
29.5677
29.5677
29.5677
29.5677
29.5677
29.5677
29.5677
29.5677
28.9964
28.9964
28.9964
28.9964
28.9964
28.9964
28.9964
28.9964
28.7245
28.7245
28.7245
28.7245
28.7245
28.7245
28.7245
28.7245
28.7868
28.7868
28.7868
28.7868
28.7868
28.7868
28.7868
28.7868
29.2055
29.2055
29.2055
29.2055
29.2055
29.2055
29.2055
29.2055
29.9909
29.9909
29.9909
29.9909
29.9909
29.9909
29.9909
29.9909
31.1403
31.1403
31.1403
31.1403
31.1403
31.1403
31.1403
31.1403
32.6354
32.6354
32.6354
32.6354
32.6354
32.6354
32.6354
32.6354
34.4387
34.4387
34.4387
34.4387
34.4387
34.4387
34.4387
34.4387
36.4891
36.4891
36.4891
36.4891
36.4891
36.4891
36.4891
36.4891
34.9989
34.9989
34.9989
34.9989
34.9989
34.9989
34.9989
34.9989
34.416
34.416
34.416
34.416
34.416
34.416
34.416
34.416
33.633
33.633
33.633
33.633
33.633
33.633
33.633
33.633
32.7435
32.7435
32.7435
32.7435
32.7435
32.7435
32.7435
32.7435
31.8471
31.8471
31.8471
31.8471
31.8471
31.8471
31.8471
31.8471
31.0381
31.0381
31.0381
31.0381
31.0381
31.0381
31.0381
31.0381
30.3988
30.3988
30.3988
30.3988
30.3988
30.3988
30.3988
30.3988
29.9965
29.9965
29.9965
29.9965
29.9965
29.9965
29.9965
29.9965
29.8831
29.8831
29.8831
29.8831
29.8831
29.8831
29.8831
29.8831
30.0959
30.0959
30.0959
30.0959
30.0959
30.0959
30.0959
30.0959
30.659
30.659
30.659
30.659
30.659
30.659
30.659
30.659
31.5829
31.5829
31.5829
31.5829
31.5829
31.5829
31.5829
31.5829
32.8633
32.8633
32.8633
32.8633
32.8633
32.8633
32.8633
32.8633
34.4776
34.4776
34.4776
34.4776
34.4776
34.4776
34.4776
34.4776
36.381
36.381
36.381
36.381
36.381
36.381
36.381
36.381
38.5026
38.5026
38.5026
38.5026
38.5026
38.5026
38.5026
38.5026
34.9989
34.9989
34.9989
34.9989
34.9989
34.9989
34.9989
34.9989
34.416
34.416
34.416
34.416
34.416
34.416
34.416
34.416
33.633
33.633
33.633
33.633
33.633
33.633
33.633
33.633
32.7435
32.7435
32.7435
32.7435
32.7435
32.7435
32.7435
32.7435
31.8471
31.8471
31.8471
31.8471
31.8471
31.8471
31.8471
31.8471
31.0381
31.0381
31.0381
31.0381
31.0381
31.0381
31.0381
31.0381
30.3988
30.3988
30.3988
30.3988
30.3988
30.3988
30.3988
30.3988
29.9965
29.9965
29.9965
29.9965
29.9965
29.9965
29.9965
29.9965
29.8831
29.8831
29.8831
29.8831
29.8831
29.8831
29.8831
29.8831
30.0959
30.0959
30.0959
30.0959
30.0959
30.0959
30.0959
30.0959
30.659
30.659
30.659
30.659
30.659
30.659
30.659
30.659
31.5829
31.5829
31.5829
31.5829
31.5829
31.5829
31.5829
31.5829
32.8633
32.8633
32.8633
32.8633
32.8633
32.8633
32.8633
32.8633
34.4776
34.4776
34.4776
34.4776
34.4776
34.4776
34.4776
34.4776
36.381
36.381
36.381
36.381
36.381
36.381
36.381
36.381
38.5026
38.5026
38.5026
38.5026
38.5026
38.5026
38.5026
38.5026
34.9989
34.9989
34.9989
34.9989
34.9989
34.9989
34.9989
34.9989
34.416
34.416
34.416
34.416
34.416
34.416
34.416
34.416
33.633
33.633
33.633
33.633
33.633
33.633
33.633
33.633
32.7435
32.7435
32.7435
32.7435
32.7435
32.7435
32.7435
32.7435
31.8471
31.8471
31.8471
31.8471
31.8471
31.8471
31.8471
31.8471
31.0381
31.0381
31.0381
31.0381
31.0381
31.0381
31.0381
31.0381
30.3988
30.3988
30.3988
30.3988
30.3988
30.3988
30.3988
30.3988
29.9965
29.9965
29.9965
29.9965
29.9965
29.9965
29.9965
29.9965
29.8831
29.8831
29.8831
29.8831
29.8831
29.8831
29.8831
29.8831
30.0959
30.0959
30.0959
30.0959
30.0959
30.0959
30.0959
30.0959
30.659
30.659
30.659
30.659
30.659
30.659
30.659
30.659
31.5829
31.5829
31.5829
31.5829
31.5829
31.5829
31.5829
31.5829
32.8633
32.8633
32.8633
32.8633
32.8633
32.8633
32.8633
32.8633
34.4776
34.4776
34.4776
34.4776
34.4776
34.4776
34.4776
34.4776
36.381
36.381
36.381
36.381
36.381
36.381
36.381
36.381
38.5026
38.5026
38.5026
38.5026
38.5026
38.5026
38.5026
38.5026
34.9989
34.9989
34.9989
34.9989
34.9989
34.9989
34.9989
34.9989
34.416
34.416
34.416
34.416
34.416
34.416
34.416
34.416
33.633
33.633
33.633
33.633
33.633
33.633
33.633
33.633
32.7435
32.7435
32.7435
32.7435
32.7435
32.7435
32.7435
32.7435
31.8471
31.8471
31.8471
31.8471
31.8471
31.8471
31.8471
31.8471
31.0381
31.0381
31.0381
31.0381
31.0381
31.0381
31.0381
31.0381
30.3988
30.3988
30.3988
30.3988
30.3988
30.3988
30.3988
30.3988
29.9965
29.9965
29.9965
29.9965
29.9965
29.9965
29.9965
29.9965
29.8831
29.8831
29.8831
29.8831
29.8831
29.8831
29.8831
29.8831
30.0959
30.0959
30.0959
30.0959
30.0959
30.0959
30.0959
30.0959
30.659
30.659
30.659
30.659
30.659
30.659
30.659
30.659
31.5829
31.5829
31.5829
31.5829
31.5829
31.5829
31.5829
31.5829
32.8633
32.8633
32.8633
32.8633
32.8633
32.8633
32.8633
32.8633
34.4776
34.4776
34.4776
34.4776
34.4776
34.4776
34.4776
34.4776
36.381
36.381
36.381
36.381
36.381
36.381
36.381
36.381
38.5026
38.5026
38.5026
38.5026
38.5026
38.5026
38.5026
38.5026
34.6146
34.6146
34.6146
34.6146
34.6146
34.6146
34.6146
34.6146
34.2483
34.2483
34.2483
34.2483
34.2483
34.2483
34.2483
34.2483
33.6946
33.6946
33.6946
33.6946
33.6946
33.6946
33.6946
33.6946
33.0374
33.0374
33.0374
33.0374
33.0374
33.0374
33.0374
33.0374
32.3684
32.3684
32.3684
32.3684
32.3684
32.3684
32.3684
32.3684
31.7769
31.7769
31.7769
31.7769
31.7769
31.7769
31.7769
31.7769
31.3432
31.3432
31.3432
31.3432
31.3432
31.3432
31.3432
31.3432
31.1344
31.1344
31.1344
31.1344
31.1344
31.1344
31.1344
31.1344
31.2036
31.2036
31.2036
31.2036
31.2036
31.2036
31.2036
31.2036
31.5897
31.5897
31.5897
31.5897
31.5897
31.5897
31.5897
31.5897
32.3175
32.3175
32.3175
32.3175
32.3175
32.3175
32.3175
32.3175
33.3964
33.3964
33.3964
33.3964
33.3964
33.3964
33.3964
33.3964
34.8187
34.8187
34.8187
34.8187
34.8187
34.8187
34.8187
34.8187
36.5554
36.5554
36.5554
36.5554
36.5554
36.5554
36.5554
36.5554
38.5522
38.5522
38.5522
38.5522
38.5522
38.5522
38.5522
38.5522
40.7262
40.7262
40.7262
40.7262
40.7262
40.7262
40.7262
40.7262
34.6146
34.6146
34.6146
34.6146
34.6146
34.6146
34.6146
34.6146
34.2483
34.2483
34.2483
34.2483
34.2483
34.2483
34.2483
34.2483
33.6946
33.6946
33.6946
33.6946
33.6946
33.6946
33.6946
33.6946
33.0374
33.0374
33.0374
33.0374
33.0374
33.0374
33.0374
33.0374
32.3684
32.3684
32.3684
32.3684
32.3684
32.3684
32.3684
32.3684
31.7769
31.7769
31.7769
31.7769
31.7769
31.7769
31.7769
31.7769
31.3432
31.3432
31.3432
31.3432
31.3432
31.3432
31.3432
31.3432
31.1344
31.1344
31.1344
31.1344
31.1344
31.1344
31.1344
31.1344
31.2036
31.2036
31.2036
31.2036
31.2036
31.2036
31.2036
31.2036
31.5897
31.5897
31.5897
31.5897
31.5897
31.5897
31.5897
31.5897
32.3175
32.3175
32.3175
32.3175
32.3175
32.3175
32.3175
32.3175
33.3964
33.3964
33.3964
33.3964
33.3964
33.3964
33.3964
33.3964
34.8187
34.8187
34.8187
34.8187
34.8187
34.8187
34.8187
34.8187
36.5554
36.5554
36.5554
36.5554
36.5554
36.5554
36.5554
36.5554
38.5522
38.5522
38.5522
38.5522
38.5522
38.5522
38.5522
38.5522
40.7262
40.7262
40.7262
40.7262
40.7262
40.7262
40.7262
40.7262
34.6146
34.6146
34.6146
34.6146
34.6146
34.6146
34.6146
34.6146
34.2483
34.2483
34.2483
34.2483
34.2483
34.2483
34.2483
34.2483
33.6946
33.6946
33.6946
33.6946
33.6946
33.6946
33.6946
33.6946
33.0374
33.0374
33.0374
33.0374
33.0374
33.0374
33.0374
33.0374
32.3684
32.3684
32.3684
32.3684
32.3684
32.3684
32.3684
32.3684
31.7769
31.7769
31.7769
31.7769
31.7769
31.7769
31.7769
31.7769
31.3432
31.3432
31.3432
31.3432
31.3432
31.3432
31.3432
31.3432
31.1344
31.1344
31.1344
31.1344
31.1344
31.1344
31.1344
31.1344
31.2036
31.2036
31.2036
31.2036
31.2036
31.2036
31.2036
31.2036
31.5897
31.5897
31.5897
31.5897
31.5897
31.5897
31.5897
31.5897
32.3175
32.3175
32.3175
32.3175
32.3175
32.3175
32.3175
32.3175
33.3964
33.3964
33.3964
33.3964
33.3964
33.3964
33.3964
33.3964
34.8187
34.8187
34.8187
34.8187
34.8187
34.8187
34.8187
34.8187
36.5554
36.5554
36.5554
36.5554
36.5554
36.5554
36.5554
36.5554
38.5522
38.5522
38.5522
38.5522
38.5522
38.5522
38.5522
38.5522
40.7262
40.7262
40.7262
40.7262
40.7262
40.7262
40.7262
40.7262
34.6146
34.6146
34.6146
34.6146
34.6146
34.6146
34.6146
34.6146
34.2483
34.2483
34.2483
34.2483
34.2483
34.2483
34.2483
34.2483
33.6946
33.6946
33.6946
33.6946
33.6946
33.6946
33.6946
33.6946
33.0374
33.0374
33.0374
33.0374
33.0374
33.0374
33.0374
33.0374
32.3684
32.3684
32.3684
32.3684
32.3684
32.3684
32.3684
32.3684
31.7769
31.7769
31.7769
31.7769
31.7769
31.7769
31.7769
31.7769
31.3432
31.3432
31.3432
31.3432
31.3432
31.3432
31.3432
31.3432
31.1344
31.1344
31.1344
31.1344
31.1344
31.1344
31.1344
31.1344
31.2036
31.2036
31.2036
31.2036
31.2036
31.2036
31.2036
31.2036
31.5897
31.5897
31.5897
31.5897
31.5897
31.5897
31.5897
31.5897
32.3175
32.3175
32.3175
32.3175
32.3175
32.3175
32.3175
32.3175
33.3964
33.3964
33.3964
33.3964
33.3964
33.3964
33.3964
33.3964
34.8187
34.8187
34.8187
34.8187
34.8187
34.8187
34.8187
34.8187
36.5554
36.5554
36.5554
36.5554
36.5554
36.5554
36.5554
36.5554
38.5522
38.5522
38.5522
38.5522
38.5522
38.5522
38.5522
38.5522
40.7262
40.7262
40.7262
40.7262
40.7262
40.7262
40.7262
40.7262
34.375
34.375
34.375
34.375
34.375
34.375
34.375
34.375
34.2152
34.2152
34.2152
34.2152
34.2152
34.2152
34.2152
34.2152
33.8853
33.8853
33.8853
33.8853
33.8853
33.8853
33.8853
33.8853
33.4599
33.4599
33.4599
33.4599
33.4599
33.4599
33.4599
33.4599
33.0226
33.0226
33.0226
33.0226
33.0226
33.0226
33.0226
33.0226
32.657
32.657
32.657
32.657
32.657
32.657
32.657
32.657
32.4401
32.4401
32.4401
32.4401
32.4401
32.4401
32.4401
32.4401
32.4381
32.4381
32.4381
32.4381
32.4381
32.4381
32.4381
32.4381
32.704
32.704
32.704
32.704
32.704
32.704
32.704
32.704
33.2768
33.2768
33.2768
33.2768
33.2768
33.2768
33.2768
33.2768
34.1804
34.1804
34.1804
34.1804
34.1804
34.1804
34.1804
34.1804
35.4217
35.4217
35.4217
35.4217
35.4217
35.4217
35.4217
35.4217
36.9876
36.9876
36.9876
36.9876
36.9876
36.9876
36.9876
36.9876
38.8403
38.8403
38.8403
38.8403
38.8403
38.8403
38.8403
38.8403
40.9143
40.9143
40.9143
40.9143
40.9143
40.9143
40.9143
40.9143
43.1127
43.1127
43.1127
43.1127
43.1127
43.1127
43.1127
43.1127
34.375
34.375
34.375
34.375
34.375
34.375
34.375
34.375
34.2152
34.2152
34.2152
34.2152
34.2152
34.2152
34.2152
34.2152
33.8853
33.8853
33.8853
33.8853
33.8853
33.8853
33.8853
33.8853
33.4599
33.4599
33.4599
33.4599
33.4599
33.4599
33.4599
33.4599
33.0226
33.0226
33.0226
33.0226
33.0226
33.0226
33.0226
33.0226
32.657
32.657
32.657
32.657
32.657
32.657
32.657
32.657
32.4401
32.4401
32.4401
32.4401
32.4401
32.4401
32.4401
32.4401
32.4381
32.4381
32.4381
32.4381
32.4381
32.4381
32.4381
32.4381
32.704
32.704
32.704
32.704
32.704
32.704
32.704
32.704
33.2768
33.2768
33.2768
33.2768
33.2768
33.2768
33.2768
33.2768
34.1804
34.1804
34.1804
34.1804
34.1804
34.1804
34.1804
34.1804
35.4217
35.4217
35.4217
35.4217
35.4217
35.4217
35.4217
35.4217
36.9876
36.9876
36.9876
36.9876
36.9876
36.9876
36.9876
36.9876
38.8403
38.8403
38.8403
38.8403
38.8403
38.8403
38.8403
38.8403
40.9143
40.9143
40.9143
40.9143
40.9143
40.9143
40.9143
40.9143
43.1127
43.1127
43.1127
43.1127
43.1127
43.1127
43.1127
43.1127
34.375
34.375
34.375
34.375
34.375
34.375
34.375
34.375
34.2152
34.2152
34.2152
34.2152
34.2152
34.2152
34.2152
34.2152
33.8853
33.8853
33.8853
33.8853
33.8853
33.8853
33.8853
33.8853
33.4599
33.4599
33.4599
33.4599
33.4599
33.4599
33.4599
33.4599
33.0226
33.0226
33.0226
33.0226
33.0226
33.0226
33.0226
33.0226
32.657
32.657
32.657
32.657
32.657
32.657
32.657
32.657
32.4401
32.4401
32.4401
32.4401
32.4401
32.4401
32.4401
32.4401
32.4381
32.4381
32.4381
32.4381
32.4381
32.4381
32.4381
32.4381
32.704
32.704
32.704
32.704
32.704
32.704
32.704
32.704
33.2768
33.2768
33.2768
33.2768
33.2768
33.2768
33.2768
33.2768
34.1804
34.1804
34.1804
34.1804
34.1804
34.1804
34.1804
34.1804
35.4217
35.4217
35.4217
35.4217
35.4217
35.4217
35.4217
35.4217
36.9876
36.9876
36.9876
36.9876
36.9876
36.9876
36.9876
36.9876
38.8403
38.8403
38.8403
38.8403
38.8403
38.8403
38.8403
38.8403
40.9143
40.9143
40.9143
40.9143
40.9143
40.9143
40.9143
40.9143
43.1127
43.1127
43.1127
43.1127
43.1127
43.1127
43.1127
43.1127
34.375
34.375
34.375
34.375
34.375
34.375
34.375
34.375
34.2152
34.2152
34.2152
34.2152
34.2152
34.2152
34.2152
34.2152
33.8853
33.8853
33.8853
33.8853
33.8853
33.8853
33.8853
33.8853
33.4599
33.4599
33.4599
33.4599
33.4599
33.4599
33.4599
33.4599
33.0226
33.0226
33.0226
33.0226
33.0226
33.0226
33.0226
33.0226
32.657
32.657
32.657
32.657
32.657
32.657
32.657
32.657
32.4401
32.4401
32.4401
32.4401
32.4401
32.4401
32.4401
32.4401
32.4381
32.4381
32.4381
32.4381
32.4381
32.4381
32.4381
32.4381
32.704
32.704
32.704
32.704
32.704
32.704
32.704
32.704
33.2768
33.2768
33.2768
33.2768
33.2768
33.2768
33.2768
33.2768
34.1804
34.1804
34.1804
34.1804
34.1804
34.1804
34.1804
34.1804
35.4217
35.4217
35.4217
35.4217
35.4217
35.4217
35.4217
35.4217
36.9876
36.9876
36.9876
36.9876
36.9876
36.9876
36.9876
36.9876
38.8403
38.8403
38.8403
38.8403
38.8403
38.8403
38.8403
38.8403
40.9143
40.9143
40.9143
40.9143
40.9143
40.9143
40.9143
40.9143
43.1127
43.1127
43.1127
43.1127
43.1127
43.1127
43.1127
43.1127
34.3935
34.3935
34.3935
34.3935
34.3935
34.3935
34.3935
34.3935
34.4214
34.4214
34.4214
34.4214
34.4214
34.4214
34.4214
34.4214
34.2994
34.2994
34.2994
34.2994
34.2994
34.2994
34.2994
34.2994
34.0933
34.0933
34.0933
34.0933
34.0933
34.0933
34.0933
34.0933
33.8791
33.8791
33.8791
33.8791
33.8791
33.8791
33.8791
33.8791
33.7347
33.7347
33.7347
33.7347
33.7347
33.7347
33.7347
33.7347
33.7334
33.7334
33.7334
33.7334
33.7334
33.7334
33.7334
33.7334
33.9392
33.9392
33.9392
33.9392
33.9392
33.9392
33.9392
33.9392
34.4037
34.4037
34.4037
34.4037
34.4037
34.4037
34.4037
34.4037
35.1648
35.1648
35.1648
35.1648
35.1648
35.1648
35.1648
35.1648
36.2439
36.2439
36.2439
36.2439
36.2439
36.2439
36.2439
36.2439
37.6432
37.6432
37.6432
37.6432
37.6432
37.6432
37.6432
37.6432
39.3421
39.3421
39.3421
39.3421
39.3421
39.3421
39.3421
39.3421
41.2927
41.2927
41.2927
41.2927
41.2927
41.2927
41.2927
41.2927
43.4161
43.4161
43.4161
43.4161
43.4161
43.4161
43.4161
43.4161
45.601
45.601
45.601
45.601
45.601
45.601
45.601
45.601
34.3935
34.3935
34.3935
34.3935
34.3935
34.3935
34.3935
34.3935
34.4214
34.4214
34.4214
34.4214
34.4214
34.4214
34.4214
34.4214
34.2994
34.2994
34.2994
34.2994
34.2994
34.2994
34.2994
34.2994
34.0933
34.0933
34.0933
34.0933
34.0933
34.0933
34.0933
34.0933
33.8791
33.8791
33.8791
33.8791
33.8791
33.8791
33.8791
33.8791
33.7347
33.7347
33.7347
33.7347
33.7347
33.7347
33.7347
33.7347
33.7334
33.7334
33.7334
33.7334
33.7334
33.7334
33.7334
33.7334
33.9392
33.9392
33.9392
33.9392
33.9392
33.9392
33.9392
33.9392
34.4037
34.4037
34.4037
34.4037
34.4037
34.4037
34.4037
34.4037
35.1648
35.1648
35.1648
35.1648
35.1648
35.1648
35.1648
35.1648
36.2439
36.2439
36.2439
36.2439
36.2439
36.2439
36.2439
36.2439
37.6432
37.6432
37.6432
37.6432
37.6432
37.6432
37.6432
37.6432
39.3421
39.3421
39.3421
39.3421
39.3421
39.3421
39.3421
39.3421
41.2927
41.2927
41.2927
41.2927
41.2927
41.2927
41.2927
41.2927
43.4161
43.4161
43.4161
43.4161
43.4161
43.4161
43.4161
43.4161
45.601
45.601
45.601
45.601
45.601
45.601
45.601
45.601
34.3935
34.3935
34.3935
34.3935
34.3935
34.3935
34.3935
34.3935
34.4214
34.4214
34.4214
34.4214
34.4214
34.4214
34.4214
34.4214
34.2994
34.2994
34.2994
34.2994
34.2994
34.2994
34.2994
34.2994
34.0933
34.0933
34.0933
34.0933
34.0933
34.0933
34.0933
34.0933
33.8791
33.8791
33.8791
33.8791
33.8791
33.8791
33.8791
33.8791
33.7347
33.7347
33.7347
33.7347
33.7347
33.7347
33.7347
33.7347
33.7334
33.7334
33.7334
33.7334
33.7334
33.7334
33.7334
33.7334
33.9392
33.9392
33.9392
33.9392
33.9392
33.9392
33.9392
33.9392
34.4037
34.4037
34.4037
34.4037
34.4037
34.4037
34.4037
34.4037
35.1648
35.1648
35.1648
35.1648
35.1648
35.1648
35.1648
35.1648
36.2439
36.2439
36.2439
36.2439
36.2439
36.2439
36.2439
36.2439
37.6432
37.6432
37.6432
37.6432
37.6432
37.6432
37.6432
37.6432
39.3421
39.3421
39.3421
39.3421
39.3421
39.3421
39.3421
39.3421
41.2927
41.2927
41.2927
41.2927
41.2927
41.2927
41.2927
41.2927
43.4161
43.4161
43.4161
43.4161
43.4161
43.4161
43.4161
43.4161
45.601
45.601
45.601
45.601
45.601
45.601
45.601
45.601
34.3935
34.3935
34.3935
34.3935
34.3935
34.3935
34.3935
34.3935
34.4214
34.4214
34.4214
34.4214
34.4214
34.4214
34.4214
34.4214
34.2994
34.2994
34.2994
34.2994
34.2994
34.2994
34.2994
34.2994
34.0933
34.0933
34.0933
34.0933
34.0933
34.0933
34.0933
34.0933
33.8791
33.8791
33.8791
33.8791
33.8791
33.8791
33.8791
33.8791
33.7347
33.7347
33.7347
33.7347
33.7347
33.7347
33.7347
33.7347
33.7334
33.7334
33.7334
33.7334
33.7334
33.7334
33.7334
33.7334
33.9392
33.9392
33.9392
33.9392
33.9392
33.9392
33.9392
33.9392
34.4037
34.4037
34.4037
34.4037
34.4037
34.4037
34.4037
34.4037
35.1648
35.1648
35.1648
35.1648
35.1648
35.1648
35.1648
35.1648
36.2439
36.2439
36.2439
36.2439
36.2439
36.2439
36.2439
36.2439
37.6432
37.6432
37.6432
37.6432
37.6432
37.6432
37.6432
37.6432
39.3421
39.3421
39.3421
39.3421
39.3421
39.3421
39.3421
39.3421
41.2927
41.2927
41.2927
41.2927
41.2927
41.2927
41.2927
41.2927
43.4161
43.4161
43.4161
43.4161
43.4161
43.4161
43.4161
43.4161
45.601
45.601
45.601
45.601
45.601
45.601
45.601
45.601
34.7739
34.7739
34.7739
34.7739
34.7739
34.7739
34.7739
34.7739
34.9654
34.9654
34.9654
34.9654
34.9654
34.9654
34.9654
34.9654
35.0275
35.0275
35.0275
35.0275
35.0275
35.0275
35.0275
35.0275
35.0186
35.0186
35.0186
35.0186
35.0186
35.0186
35.0186
35.0186
35.008
35.008
35.008
35.008
35.008
35.008
35.008
35.008
35.0682
35.0682
35.0682
35.0682
35.0682
35.0682
35.0682
35.0682
35.2683
35.2683
35.2683
35.2683
35.2683
35.2683
35.2683
35.2683
35.6694
35.6694
35.6694
35.6694
35.6694
35.6694
35.6694
35.6694
36.321
36.321
36.321
36.321
36.321
36.321
36.321
36.321
37.2579
37.2579
37.2579
37.2579
37.2579
37.2579
37.2579
37.2579
38.4973
38.4973
38.4973
38.4973
38.4973
38.4973
38.4973
38.4973
40.0352
40.0352
40.0352
40.0352
40.0352
40.0352
40.0352
40.0352
41.842
41.842
41.842
41.842
41.842
41.842
41.842
41.842
43.858
43.858
43.858
43.858
43.858
43.858
43.858
43.858
45.9904
45.9904
45.9904
45.9904
45.9904
45.9904
45.9904
45.9904
48.1142
48.1142
48.1142
48.1142
48.1142
48.1142
48.1142
48.1142
34.7739
34.7739
34.7739
34.7739
34.7739
34.7739
34.7739
34.7739
34.9654
34.9654
34.9654
34.9654
34.9654
34.9654
34.9654
34.9654
35.0275
35.0275
35.0275
35.0275
35.0275
35.0275
35.0275
35.0275
35.0186
35.0186
35.0186
35.0186
35.0186
35.0186
35.0186
35.0186
35.008
35.008
35.008
35.008
35.008
35.008
35.008
35.008
35.0682
35.0682
35.0682
35.0682
35.0682
35.0682
35.0682
35.0682
35.2683
35.2683
35.2683
35.2683
35.2683
35.2683
35.2683
35.2683
35.6694
35.6694
35.6694
35.6694
35.6694
35.6694
35.6694
35.6694
36.321
36.321
36.321
36.321
36.321
36.321
36.321
36.321
37.2579
37.2579
37.2579
37.2579
37.2579
37.2579
37.2579
37.2579
38.4973
38.4973
38.4973
38.4973
38.4973
38.4973
38.4973
38.4973
40.0352
40.0352
40.0352
40.0352
40.0352
40.0352
40.0352
40.0352
41.842
41.842
41.842
41.842
41.842
41.842
41.842
41.842
43.858
43.858
43.858
43.858
43.858
43.858
43.858
43.858
45.9904
45.9904
45.9904
45.9904
45.9904
45.9904
45.9904
45.9904
48.1142
48.1142
48.1142
48.1142
48.1142
48.1142
48.1142
48.1142
34.7739
34.7739
34.7739
34.7739
34.7739
34.7739
34.7739
34.7739
34.9654
34.9654
34.9654
34.9654
34.9654
34.9654
34.9654
34.9654
35.0275
35.0275
35.0275
35.0275
35.0275
35.0275
35.0275
35.0275
35.0186
35.0186
35.0186
35.0186
35.0186
35.0186
35.0186
35.0186
35.008
35.008
35.008
35.008
35.008
35.008
35.008
35.008
35.0682
35.0682
35.0682
35.0682
35.0682
35.0682
35.0682
35.0682
35.2683
35.2683
35.2683
35.2683
35.2683
35.2683
35.2683
35.2683
35.6694
35.6694
35.6694
35.6694
35.6694
35.6694
35.6694
35.6694
36.321
36.321
36.321
36.321
36.321
36.321
36.321
36.321
37.2579
37.2579
37.2579
37.2579
37.2579
37.2579
37.2579
37.2579
38.4973
38.4973
38.4973
38.4973
38.4973
38.4973
38.4973
38.4973
40.0352
40.0352
40.0352
40.0352
40.0352
40.0352
40.0352
40.0352
41.842
41.842
41.842
41.842
41.842
41.842
41.842
41.842
43.858
43.858
43.858
43.858
43.858
43.858
43.858
43.858
45.9904
45.9904
45.9904
45.9904
45.9904
45.9904
45.9904
45.9904
48.1142
48.1142
48.1142
48.1142
48.1142
48.1142
48.1142
48.1142
34.7739
34.7739
34.7739
34.7739
34.7739
34.7739
34.7739
34.7739
34.9654
34.9654
34.9654
34.9654
34.9654
34.9654
34.9654
34.9654
35.0275
35.0275
35.0275
35.0275
35.0275
35.0275
35.0275
35.0275
35.0186
35.0186
35.0186
35.0186
35.0186
35.0186
35.0186
35.0186
35.008
35.008
35.008
35.008
35.008
35.008
35.008
35.008
35.0682
35.0682
35.0682
35.0682
35.0682
35.0682
35.0682
35.0682
35.2683
35.2683
35.2683
35.2683
35.2683
35.2683
35.2683
35.2683
35.6694
35.6694
35.6694
35.6694
35.6694
35.6694
35.6694
35.6694
36.321
36.321
36.321
36.321
36.321
36.321
36.321
36.321
37.2579
37.2579
37.2579
37.2579
37.2579
37.2579
37.2579
37.2579
38.4973
38.4973
38.4973
38.4973
38.4973
38.4973
38.4973
38.4973
40.0352
40.0352
40.0352
40.0352
40.0352
40.0352
40.0352
40.0352
41.842
41.842
41.842
41.842
41.842
41.842
41.842
41.842
43.858
43.858
43.858
43.858
43.858
43.858
43.858
43.858
45.9904
45.9904
45.9904
45.9904
45.9904
45.9904
45.9904
45.9904
48.1142
48.1142
48.1142
48.1142
48.1142
48.1142
48.1142
48.1142
35.6096
35.6096
35.6096
35.6096
35.6096
35.6096
35.6096
35.6096
35.9375
35.9375
35.9375
35.9375
35.9375
35.9375
35.9375
35.9375
36.1542
36.1542
36.1542
36.1542
36.1542
36.1542
36.1542
36.1542
36.3127
36.3127
36.3127
36.3127
36.3127
36.3127
36.3127
36.3127
36.4763
36.4763
36.4763
36.4763
36.4763
36.4763
36.4763
36.4763
36.7127
36.7127
36.7127
36.7127
36.7127
36.7127
36.7127
36.7127
37.0869
37.0869
37.0869
37.0869
37.0869
37.0869
37.0869
37.0869
37.6565
37.6565
37.6565
37.6565
37.6565
37.6565
37.6565
37.6565
38.4677
38.4677
38.4677
38.4677
38.4677
38.4677
38.4677
38.4677
39.5512
39.5512
39.5512
39.5512
39.5512
39.5512
39.5512
39.5512
40.9187
40.9187
40.9187
40.9187
40.9187
40.9187
40.9187
40.9187
42.5585
42.5585
42.5585
42.5585
42.5585
42.5585
42.5585
42.5585
44.4308
44.4308
44.4308
44.4308
44.4308
44.4308
44.4308
44.4308
46.464
46.464
46.464
46.464
46.464
46.464
46.464
46.464
48.5522
48.5522
48.5522
48.5522
48.5522
48.5522
48.5522
48.5522
50.5582
50.5582
50.5582
50.5582
50.5582
50.5582
50.5582
50.5582
35.6096
35.6096
35.6096
35.6096
35.6096
35.6096
35.6096
35.6096
35.9375
35.9375
35.9375
35.9375
35.9375
35.9375
35.9375
35.9375
36.1542
36.1542
36.1542
36.1542
36.1542
36.1542
36.1542
36.1542
36.3127
36.3127
36.3127
36.3127
36.3127
36.3127
36.3127
36.3127
36.4763
36.4763
36.4763
36.4763
36.4763
36.4763
36.4763
36.4763
36.7127
36.7127
36.7127
36.7127
36.7127
36.7127
36.7127
36.7127
37.0869
37.0869
37.0869
37.0869
37.0869
37.0869
37.0869
37.0869
37.6565
37.6565
37.6565
37.6565
37.6565
37.6565
37.6565
37.6565
38.4677
38.4677
38.4677
38.4677
38.4677
38.4677
38.4677
38.4677
39.5512
39.5512
39.5512
39.5512
39.5512
39.5512
39.5512
39.5512
40.9187
40.9187
40.9187
40.9187
40.9187
40.9187
40.9187
40.9187
42.5585
42.5585
42.5585
42.5585
42.5585
42.5585
42.5585
42.5585
44.4308
44.4308
44.4308
44.4308
44.4308
44.4308
44.4308
44.4308
46.464
46.464
46.464
46.464
46.464
46.464
46.464
46.464
48.5522
48.5522
48.5522
48.5522
48.5522
48.5522
48.5522
48.5522
50.5582
50.5582
50.5582
50.5582
50.5582
50.5582
50.5582
50.5582
35.6096
35.6096
35.6096
35.6096
35.6096
35.6096
35.6096
35.6096
35.9375
35.9375
35.9375
35.9375
35.9375
35.9375
35.9375
35.9375
36.1542
36.1542
36.1542
36.1542
36.1542
36.1542
36.1542
36.1542
36.3127
36.3127
36.3127
36.3127
36.3127
36.3127
36.3127
36.3127
36.4763
36.4763
36.4763
36.4763
36.4763
36.4763
36.4763
36.4763
36.7127
36.7127
36.7127
36.7127
36.7127
36.7127
36.7127
36.7127
37.0869
37.0869
37.0869
37.0869
37.0869
37.0869
37.0869
37.0869
37.6565
37.6565
37.6565
37.6565
37.6565
37.6565
37.6565
37.6565
38.4677
38.4677
38.4677
38.4677
38.4677
38.4677
38.4677
38.4677
39.5512
39.5512
39.5512
39.5512
39.5512
39.5512
39.5512
39.5512
40.9187
40.9187
40.9187
40.9187
40.9187
40.9187
40.9187
40.9187
42.5585
42.5585
42.5585
42.5585
42.5585
42.5585
42.5585
42.5585
44.4308
44.4308
44.4308
44.4308
44.4308
44.4308
44.4308
44.4308
46.464
46.464
46.464
46.464
46.464
46.464
46.464
46.464
48.5522
48.5522
48.5522
48.5522
48.5522
48.5522
48.5522
48.5522
50.5582
50.5582
50.5582
50.5582
50.5582
50.5582
50.5582
50.5582
35.6096
35.6096
35.6096
35.6096
35.6096
35.6096
35.6096
35.6096
35.9375
35.9375
35.9375
35.9375
35.9375
35.9375
35.9375
35.9375
36.1542
36.1542
36.1542
36.1542
36.1542
36.1542
36.1542
36.1542
36.3127
36.3127
36.3127
36.3127
36.3127
36.3127
36.3127
36.3127
36.4763
36.4763
36.4763
36.4763
36.4763
36.4763
36.4763
36.4763
36.7127
36.7127
36.7127
36.7127
36.7127
36.7127
36.7127
36.7127
37.0869
37.0869
37.0869
37.0869
37.0869
37.0869
37.0869
37.0869
37.6565
37.6565
37.6565
37.6565
37.6565
37.6565
37.6565
37.6565
38.4677
38.4677
38.4677
38.4677
38.4677
38.4677
38.4677
38.4677
39.5512
39.5512
39.5512
39.5512
39.5512
39.5512
39.5512
39.5512
40.9187
40.9187
40.9187
40.9187
40.9187
40.9187
40.9187
40.9187
42.5585
42.5585
42.5585
42.5585
42.5585
42.5585
42.5585
42.5585
44.4308
44.4308
44.4308
44.4308
44.4308
44.4308
44.4308
44.4308
46.464
46.464
46.464
46.464
46.464
46.464
46.464
46.464
48.5522
48.5522
48.5522
48.5522
48.5522
48.5522
48.5522
48.5522
50.5582
50.5582
50.5582
50.5582
50.5582
50.5582
50.5582
50.5582
36.9846
36.9846
36.9846
36.9846
36.9846
36.9846
36.9846
36.9846
37.4192
37.4192
37.4192
37.4192
37.4192
37.4192
37.4192
37.4192
37.7567
37.7567
37.7567
37.7567
37.7567
37.7567
37.7567
37.7567
38.0453
38.0453
38.0453
38.0453
38.0453
38.0453
38.0453
38.0453
38.3441
38.3441
38.3441
38.3441
38.3441
38.3441
38.3441
38.3441
38.7162
38.7162
38.7162
38.7162
38.7162
38.7162
38.7162
38.7162
39.2229
39.2229
39.2229
39.2229
39.2229
39.2229
39.2229
39.2229
39.9182
39.9182
39.9182
39.9182
39.9182
39.9182
39.9182
39.9182
40.844
40.844
40.844
40.844
40.844
40.844
40.844
40.844
42.0263
42.0263
42.0263
42.0263
42.0263
42.0263
42.0263
42.0263
43.4701
43.4701
43.4701
43.4701
43.4701
43.4701
43.4701
43.4701
45.1555
45.1555
45.1555
45.1555
45.1555
45.1555
45.1555
45.1555
47.0327
47.0327
47.0327
47.0327
47.0327
47.0327
47.0327
47.0327
49.0189
49.0189
49.0189
49.0189
49.0189
49.0189
49.0189
49.0189
50.9973
50.9973
50.9973
50.9973
50.9973
50.9973
50.9973
50.9973
52.8221
52.8221
52.8221
52.8221
52.8221
52.8221
52.8221
52.8221
36.9846
36.9846
36.9846
36.9846
36.9846
36.9846
36.9846
36.9846
37.4192
37.4192
37.4192
37.4192
37.4192
37.4192
37.4192
37.4192
37.7567
37.7567
37.7567
37.7567
37.7567
37.7567
37.7567
37.7567
38.0453
38.0453
38.0453
38.0453
38.0453
38.0453
38.0453
38.0453
38.3441
38.3441
38.3441
38.3441
38.3441
38.3441
38.3441
38.3441
38.7162
38.7162
38.7162
38.7162
38.7162
38.7162
38.7162
38.7162
39.2229
39.2229
39.2229
39.2229
39.2229
39.2229
39.2229
39.2229
39.9182
39.9182
39.9182
39.9182
39.9182
39.9182
39.9182
39.9182
40.844
40.844
40.844
40.844
40.844
40.844
40.844
40.844
42.0263
42.0263
42.0263
42.0263
42.0263
42.0263
42.0263
42.0263
43.4701
43.4701
43.4701
43.4701
43.4701
43.4701
43.4701
43.4701
45.1555
45.1555
45.1555
45.1555
45.1555
45.1555
45.1555
45.1555
47.0327
47.0327
47.0327
47.0327
47.0327
47.0327
47.0327
47.0327
49.0189
49.0189
49.0189
49.0189
49.0189
49.0189
49.0189
49.0189
50.9973
50.9973
50.9973
50.9973
50.9973
50.9973
50.9973
50.9973
52.8221
52.8221
52.8221
52.8221
52.8221
52.8221
52.8221
52.8221
36.9846
36.9846
36.9846
36.9846
36.9846
36.9846
36.9846
36.9846
37.4192
37.4192
37.4192
37.4192
37.4192
37.4192
37.4192
37.4192
37.7567
37.7567
37.7567
37.7567
37.7567
37.7567
37.7567
37.7567
38.0453
38.0453
38.0453
38.0453
38.0453
38.0453
38.0453
38.0453
38.3441
38.3441
38.3441
38.3441
38.3441
38.3441
38.3441
38.3441
38.7162
38.7162
38.7162
38.7162
38.7162
38.7162
38.7162
38.7162
39.2229
39.2229
39.2229
39.2229
39.2229
39.2229
39.2229
39.2229
39.9182
39.9182
39.9182
39.9182
39.9182
39.9182
39.9182
39.9182
40.844
40.844
40.844
40.844
40.844
40.844
40.844
40.844
42.0263
42.0263
42.0263
42.0263
42.0263
42.0263
42.0263
42.0263
43.4701
43.4701
43.4701
43.4701
43.4701
43.4701
43.4701
43.4701
45.1555
45.1555
45.1555
45.1555
45.1555
45.1555
45.1555
45.1555
47.0327
47.0327
47.0327
47.0327
47.0327
47.0327
47.0327
47.0327
49.0189
49.0189
49.0189
49.0189
49.0189
49.0189
49.0189
49.0189
50.9973
50.9973
50.9973
50.9973
50.9973
50.9973
50.9973
50.9973
52.8221
52.8221
52.8221
52.8221
52.8221
52.8221
52.8221
52.8221
36.9846
36.9846
36.9846
36.9846
36.9846
36.9846
36.9846
36.9846
37.4192
37.4192
37.4192
37.4192
37.4192
37.4192
37.4192
37.4192
37.7567
37.7567
37.7567
37.7567
37.7567
37.7567
37.7567
37.7567
38.0453
38.0453
38.0453
38.0453
38.0453
38.0453
38.0453
38.0453
38.3441
38.3441
38.3441
38.3441
38.3441
38.3441
38.3441
38.3441
38.7162
38.7162
38.7162
38.7162
38.7162
38.7162
38.7162
38.7162
39.2229
39.2229
39.2229
39.2229
39.2229
39.2229
39.2229
39.2229
39.9182
39.9182
39.9182
39.9182
39.9182
39.9182
39.9182
39.9182
40.844
40.844
40.844
40.844
40.844
40.844
40.844
40.844
42.0263
42.0263
42.0263
42.0263
42.0263
42.0263
42.0263
42.0263
43.4701
43.4701
43.4701
43.4701
43.4701
43.4701
43.4701
43.4701
45.1555
45.1555
45.1555
45.1555
45.1555
45.1555
45.1555
45.1555
47.0327
47.0327
47.0327
47.0327
47.0327
47.0327
47.0327
47.0327
49.0189
49.0189
49.0189
49.0189
49.0189
49.0189
49.0189
49.0189
50.9973
50.9973
50.9973
50.9973
50.9973
50.9973
50.9973
50.9973
52.8221
52.8221
52.8221
52.8221
52.8221
52.8221
52.8221
52.8221
38.9727
38.9727
38.9727
38.9727
38.9727
38.9727
38.9727
38.9727
39.4818
39.4818
39.4818
39.4818
39.4818
39.4818
39.4818
39.4818
39.9009
39.9009
39.9009
39.9009
39.9009
39.9009
39.9009
39.9009
40.2749
40.2749
40.2749
40.2749
40.2749
40.2749
40.2749
40.2749
40.6593
40.6593
40.6593
40.6593
40.6593
40.6593
40.6593
40.6593
41.1136
41.1136
41.1136
41.1136
41.1136
41.1136
41.1136
41.1136
41.6958
41.6958
41.6958
41.6958
41.6958
41.6958
41.6958
41.6958
42.4562
42.4562
42.4562
42.4562
42.4562
42.4562
42.4562
42.4562
43.4324
43.4324
43.4324
43.4324
43.4324
43.4324
43.4324
43.4324
44.645
44.645
44.645
44.645
44.645
44.645
44.645
44.645
46.0926
46.0926
46.0926
46.0926
46.0926
46.0926
46.0926
46.0926
47.7473
47.7473
47.7473
47.7473
47.7473
47.7473
47.7473
47.7473
49.5507
49.5507
49.5507
49.5507
49.5507
49.5507
49.5507
49.5507
51.4112
51.4112
51.4112
51.4112
51.4112
51.4112
51.4112
51.4112
53.205
53.205
53.205
53.205
53.205
53.205
53.205
53.205
54.7828
54.7828
54.7828
54.7828
54.7828
54.7828
54.7828
54.7828
38.9727
38.9727
38.9727
38.9727
38.9727
38.9727
38.9727
38.9727
39.4818
39.4818
39.4818
39.4818
39.4818
39.4818
39.4818
39.4818
39.9009
39.9009
39.9009
39.9009
39.9009
39.9009
39.9009
39.9009
40.2749
40.2749
40.2749
40.2749
40.2749
40.2749
40.2749
40.2749
40.6593
40.6593
40.6593
40.6593
40.6593
40.6593
40.6593
40.6593
41.1136
41.1136
41.1136
41.1136
41.1136
41.1136
41.1136
41.1136
41.6958
41.6958
41.6958
41.6958
41.6958
41.6958
41.6958
41.6958
42.4562
42.4562
42.4562
42.4562
42.4562
42.4562
42.4562
42.4562
43.4324
43.4324
43.4324
43.4324
43.4324
43.4324
43.4324
43.4324
44.645
44.645
44.645
44.645
44.645
44.645
44.645
44.645
46.0926
46.0926
46.0926
46.0926
46.0926
46.0926
46.0926
46.0926
47.7473
47.7473
47.7473
47.7473
47.7473
47.7473
47.7473
47.7473
49.5507
49.5507
49.5507
49.5507
49.5507
49.5507
49.5507
49.5507
51.4112
51.4112
51.4112
51.4112
51.4112
51.4112
51.4112
51.4112
53.205
53.205
53.205
53.205
53.205
53.205
53.205
53.205
54.7828
54.7828
54.7828
54.7828
54.7828
54.7828
54.7828
54.7828
38.9727
38.9727
38.9727
38.9727
38.9727
38.9727
38.9727
38.9727
39.4818
39.4818
39.4818
39.4818
39.4818
39.4818
39.4818
39.4818
39.9009
39.9009
39.9009
39.9009
39.9009
39.9009
39.9009
39.9009
40.2749
40.2749
40.2749
40.2749
40.2749
40.2749
40.2749
40.2749
40.6593
40.6593
40.6593
40.6593
40.6593
40.6593
40.6593
40.6593
41.1136
41.1136
41.1136
41.1136
41.1136
41.1136
41.1136
41.1136
41.6958
41.6958
41.6958
41.6958
41.6958
41.6958
41.6958
41.6958
42.4562
42.4562
42.4562
42.4562
42.4562
42.4562
42.4562
42.4562
43.4324
43.4324
43.4324
43.4324
43.4324
43.4324
43.4324
43.4324
44.645
44.645
44.645
44.645
44.645
44.645
44.645
44.645
46.0926
46.0926
46.0926
46.0926
46.0926
46.0926
46.0926
46.0926
47.7473
47.7473
47.7473
47.7473
47.7473
47.7473
47.7473
47.7473
49.5507
49.5507
49.5507
49.5507
49.5507
49.5507
49.5507
49.5507
51.4112
51.4112
51.4112
51.4112
51.4112
51.4112
51.4112
51.4112
53.205
53.205
53.205
53.205
53.205
53.205
53.205
53.205
54.7828
54.7828
54.7828
54.7828
54.7828
54.7828
54.7828
54.7828
38.9727
38.9727
38.9727
38.9727
38.9727
38.9727
38.9727
38.9727
39.4818
39.4818
39.4818
39.4818
39.4818
39.4818
39.4818
39.4818
39.9009
39.9009
39.9009
39.9009
39.9009
39.9009
39.9009
39.9009
40.2749
40.2749
40.2749
40.2749
40.2749
40.2749
40.2749
40.2749
40.6593
40.6593
40.6593
40.6593
40.6593
40.6593
40.6593
40.6593
41.1136
41.1136
41.1136
41.1136
41.1136
41.1136
41.1136
41.1136
41.6958
41.6958
41.6958
41.6958
41.6958
41.6958
41.6958
41.6958
42.4562
42.4562
42.4562
42.4562
42.4562
42.4562
42.4562
42.4562
43.4324
43.4324
43.4324
43.4324
43.4324
43.4324
43.4324
43.4324
44.645
44.645
44.645
44.645
44.645
44.645
44.645
44.645
46.0926
46.0926
46.0926
46.0926
46.0926
46.0926
46.0926
46.0926
47.7473
47.7473
47.7473
47.7473
47.7473
47.7473
47.7473
47.7473
49.5507
49.5507
49.5507
49.5507
49.5507
49.5507
49.5507
49.5507
51.4112
51.4112
51.4112
51.4112
51.4112
51.4112
51.4112
51.4112
53.205
53.205
53.205
53.205
53.205
53.205
53.205
53.205
54.7828
54.7828
54.7828
54.7828
54.7828
54.7828
54.7828
54.7828
41.6333
41.6333
41.6333
41.6333
41.6333
41.6333
41.6333
41.6333
42.1811
42.1811
42.1811
42.1811
42.1811
42.1811
42.1811
42.1811
42.6366
42.6366
42.6366
42.6366
42.6366
42.6366
42.6366
42.6366
43.042
43.042
43.042
43.042
43.042
43.042
43.042
43.042
43.4504
43.4504
43.4504
43.4504
43.4504
43.4504
43.4504
43.4504
43.9188
43.9188
43.9188
43.9188
43.9188
43.9188
43.9188
43.9188
44.5024
44.5024
44.5024
44.5024
44.5024
44.5024
44.5024
44.5024
45.2482
45.2482
45.2482
45.2482
45.2482
45.2482
45.2482
45.2482
46.1902
46.1902
46.1902
46.1902
46.1902
46.1902
46.1902
46.1902
47.344
47.344
47.344
47.344
47.344
47.344
47.344
47.344
48.7026
48.7026
48.7026
48.7026
48.7026
48.7026
48.7026
48.7026
50.2321
50.2321
50.2321
50.2321
50.2321
50.2321
50.2321
50.2321
51.8675
51.8675
51.8675
51.8675
51.8675
51.8675
51.8675
51.8675
53.5132
53.5132
53.5132
53.5132
53.5132
53.5132
53.5132
53.5132
55.0432
55.0432
55.0432
55.0432
55.0432
55.0432
55.0432
55.0432
56.3101
56.3101
56.3101
56.3101
56.3101
56.3101
56.3101
56.3101
41.6333
41.6333
41.6333
41.6333
41.6333
41.6333
41.6333
41.6333
42.1811
42.1811
42.1811
42.1811
42.1811
42.1811
42.1811
42.1811
42.6366
42.6366
42.6366
42.6366
42.6366
42.6366
42.6366
42.6366
43.042
43.042
43.042
43.042
43.042
43.042
43.042
43.042
43.4504
43.4504
43.4504
43.4504
43.4504
43.4504
43.4504
43.4504
43.9188
43.9188
43.9188
43.9188
43.9188
43.9188
43.9188
43.9188
44.5024
44.5024
44.5024
44.5024
44.5024
44.5024
44.5024
44.5024
45.2482
45.2482
45.2482
45.2482
45.2482
45.2482
45.2482
45.2482
46.1902
46.1902
46.1902
46.1902
46.1902
46.1902
46.1902
46.1902
47.344
47.344
47.344
47.344
47.344
47.344
47.344
47.344
48.7026
48.7026
48.7026
48.7026
48.7026
48.7026
48.7026
48.7026
50.2321
50.2321
50.2321
50.2321
50.2321
50.2321
50.2321
50.2321
51.8675
51.8675
51.8675
51.8675
51.8675
51.8675
51.8675
51.8675
53.5132
53.5132
53.5132
53.5132
53.5132
53.5132
53.5132
53.5132
55.0432
55.0432
55.0432
55.0432
55.0432
55.0432
55.0432
55.0432
56.3101
56.3101
56.3101
56.3101
56.3101
56.3101
56.3101
56.3101
41.6333
41.6333
41.6333
41.6333
41.6333
41.6333
41.6333
41.6333
42.1811
42.1811
42.1811
42.1811
42.1811
42.1811
42.1811
42.1811
42.6366
42.6366
42.6366
42.6366
42.6366
42.6366
42.6366
42.6366
43.042
43.042
43.042
43.042
43.042
43.042
43.042
43.042
43.4504
43.4504
43.4504
43.4504
43.4504
43.4504
43.4504
43.4504
43.9188
43.9188
43.9188
43.9188
43.9188
43.9188
43.9188
43.9188
44.5024
44.5024
44.5024
44.5024
44.5024
44.5024
44.5024
44.5024
45.2482
45.2482
45.2482
45.2482
45.2482
45.2482
45.2482
45.2482
46.1902
46.1902
46.1902
46.1902
46.1902
46.1902
46.1902
46.1902
47.344
47.344
47.344
47.344
47.344
47.344
47.344
47.344
48.7026
48.7026
48.7026
48.7026
48.7026
48.7026
48.7026
48.7026
50.2321
50.2321
50.2321
50.2321
50.2321
50.2321
50.2321
50.2321
51.8675
51.8675
51.8675
51.8675
51.8675
51.8675
51.8675
51.8675
53.5132
53.5132
53.5132
53.5132
53.5132
53.5132
53.5132
53.5132
55.0432
55.0432
55.0432
55.0432
55.0432
55.0432
55.0432
55.0432
56.3101
56.3101
56.3101
56.3101
56.3101
56.3101
56.3101
56.3101
41.6333
41.6333
41.6333
41.6333
41.6333
41.6333
41.6333
41.6333
42.1811
42.1811
42.1811
42.1811
42.1811
42.1811
42.1811
42.1811
42.6366
42.6366
42.6366
42.6366
42.6366
42.6366
42.6366
42.6366
43.042
43.042
43.042
43.042
43.042
43.042
43.042
43.042
43.4504
43.4504
43.4504
43.4504
43.4504
43.4504
43.4504
43.4504
43.9188
43.9188
43.9188
43.9188
43.9188
43.9188
43.9188
43.9188
44.5024
44.5024
44.5024
44.5024
44.5024
44.5024
44.5024
44.5024
45.2482
45.2482
45.2482
45.2482
45.2482
45.2482
45.2482
45.2482
46.1902
46.1902
46.1902
46.1902
46.1902
46.1902
46.1902
46.1902
47.344
47.344
47.344
47.344
47.344
47.344
47.344
47.344
48.7026
48.7026
48.7026
48.7026
48.7026
48.7026
48.7026
48.7026
50.2321
50.2321
50.2321
50.2321
50.2321
50.2321
50.2321
50.2321
51.8675
51.8675
51.8675
51.8675
51.8675
51.8675
51.8675
51.8675
53.5132
53.5132
53.5132
53.5132
53.5132
53.5132
53.5132
53.5132
55.0432
55.0432
55.0432
55.0432
55.0432
55.0432
55.0432
55.0432
56.3101
56.3101
56.3101
56.3101
56.3101
56.3101
56.3101
56.3101
45.0018
45.0018
45.0018
45.0018
45.0018
45.0018
45.0018
45.0018
45.5479
45.5479
45.5479
45.5479
45.5479
45.5479
45.5479
45.5479
45.9866
45.9866
45.9866
45.9866
45.9866
45.9866
45.9866
45.9866
46.359
46.359
46.359
46.359
46.359
46.359
46.359
46.359
46.7165
46.7165
46.7165
46.7165
46.7165
46.7165
46.7165
46.7165
47.1149
47.1149
47.1149
47.1149
47.1149
47.1149
47.1149
47.1149
47.6078
47.6078
47.6078
47.6078
47.6078
47.6078
47.6078
47.6078
48.2404
48.2404
48.2404
48.2404
48.2404
48.2404
48.2404
48.2404
49.0439
49.0439
49.0439
49.0439
49.0439
49.0439
49.0439
49.0439
50.0307
50.0307
50.0307
50.0307
50.0307
50.0307
50.0307
50.0307
51.1906
51.1906
51.1906
51.1906
51.1906
51.1906
51.1906
51.1906
52.4859
52.4859
52.4859
52.4859
52.4859
52.4859
52.4859
52.4859
53.85
53.85
53.85
53.85
53.85
53.85
53.85
53.85
55.1876
55.1876
55.1876
55.1876
55.1876
55.1876
55.1876
55.1876
56.3765
56.3765
56.3765
56.3765
56.3765
56.3765
56.3765
56.3765
57.2782
57.2782
57.2782
57.2782
57.2782
57.2782
57.2782
57.2782
45.0018
45.0018
45.0018
45.0018
45.0018
45.0018
45.0018
45.0018
45.5479
45.5479
45.5479
45.5479
45.5479
45.5479
45.5479
45.5479
45.9866
45.9866
45.9866
45.9866
45.9866
45.9866
45.9866
45.9866
46.359
46.359
46.359
46.359
46.359
46.359
46.359
46.359
46.7165
46.7165
46.7165
46.7165
46.7165
46.7165
46.7165
46.7165
47.1149
47.1149
47.1149
47.1149
47.1149
47.1149
47.1149
47.1149
47.6078
47.6078
47.6078
47.6078
47.6078
47.6078
47.6078
47.6078
48.2404
48.2404
48.2404
48.2404
48.2404
48.2404
48.2404
48.2404
49.0439
49.0439
49.0439
49.0439
49.0439
49.0439
49.0439
49.0439
50.0307
50.0307
50.0307
50.0307
50.0307
50.0307
50.0307
50.0307
51.1906
51.1906
51.1906
51.1906
51.1906
51.1906
51.1906
51.1906
52.4859
52.4859
52.4859
52.4859
52.4859
52.4859
52.4859
52.4859
53.85
53.85
53.85
53.85
53.85
53.85
53.85
53.85
55.1876
55.1876
55.1876
55.1876
55.1876
55.1876
55.1876
55.1876
56.3765
56.3765
56.3765
56.3765
56.3765
56.3765
56.3765
56.3765
57.2782
57.2782
57.2782
57.2782
57.2782
57.2782
57.2782
57.2782
45.0018
45.0018
45.0018
45.0018
45.0018
45.0018
45.0018
45.0018
45.5479
45.5479
45.5479
45.5479
45.5479
45.5479
45.5479
45.5479
45.9866
45.9866
45.9866
45.9866
45.9866
45.9866
45.9866
45.9866
46.359
46.359
46.359
46.359
46.359
46.359
46.359
46.359
46.7165
46.7165
46.7165
46.7165
46.7165
46.7165
46.7165
46.7165
47.1149
47.1149
47.1149
47.1149
47.1149
47.1149
47.1149
47.1149
47.6078
47.6078
47.6078
47.6078
47.6078
47.6078
47.6078
47.6078
48.2404
48.2404
48.2404
48.2404
48.2404
48.2404
48.2404
48.2404
49.0439
49.0439
49.0439
49.0439
49.0439
49.0439
49.0439
49.0439
50.0307
50.0307
50.0307
50.0307
50.0307
50.0307
50.0307
50.0307
51.1906
51.1906
51.1906
51.1906
51.1906
51.1906
51.1906
51.1906
52.4859
52.4859
52.4859
52.4859
52.4859
52.4859
52.4859
52.4859
53.85
53.85
53.85
53.85
53.85
53.85
53.85
53.85
55.1876
55.1876
55.1876
55.1876
55.1876
55.1876
55.1876
55.1876
56.3765
56.3765
56.3765
56.3765
56.3765
56.3765
56.3765
56.3765
57.2782
57.2782
57.2782
57.2782
57.2782
57.2782
57.2782
57.2782
45.0018
45.0018
45.0018
45.0018
45.0018
45.0018
45.0018
45.0018
45.5479
45.5479
45.5479
45.5479
45.5479
45.5479
45.5479
45.5479
45.9866
45.9866
45.9866
45.9866
45.9866
45.9866
45.9866
45.9866
46.359
46.359
46.359
46.359
46.359
46.359
46.359
46.359
46.7165
46.7165
46.7165
46.7165
46.7165
46.7165
46.7165
46.7165
47.1149
47.1149
47.1149
47.1149
47.1149
47.1149
47.1149
47.1149
47.6078
47.6078
47.6078
47.6078
47.6078
47.6078
47.6078
47.6078
48.2404
48.2404
48.2404
48.2404
48.2404
48.2404
48.2404
48.2404
49.0439
49.0439
49.0439
49.0439
49.0439
49.0439
49.0439
49.0439
50.0307
50.0307
50.0307
50.0307
50.0307
50.0307
50.0307
50.0307
51.1906
51.1906
51.1906
51.1906
51.1906
51.1906
51.1906
51.1906
52.4859
52.4859
52.4859
52.4859
52.4859
52.4859
52.4859
52.4859
53.85
53.85
53.85
53.85
53.85
53.85
53.85
53.85
55.1876
55.1876
55.1876
55.1876
55.1876
55.1876
55.1876
55.1876
56.3765
56.3765
56.3765
56.3765
56.3765
56.3765
56.3765
56.3765
57.2782
57.2782
57.2782
57.2782
57.2782
57.2782
57.2782
57.2782
