8192
41.366
41.366
41.366
41.366
41.366
41.366
41.366
41.366
41.5318
41.5318
41.5318
41.5318
41.5318
41.5318
41.5318
41.5318
41.7416
41.7416
41.7416
41.7416
41.7416
41.7416
41.7416
41.7416
41.9254
41.9254
41.9254
41.9254
41.9254
41.9254
41.9254
41.9254
41.9975
41.9975
41.9975
41.9975
41.9975
41.9975
41.9975
41.9975
41.865
41.865
41.865
41.865
41.865
41.865
41.865
41.865
41.4395
41.4395
41.4395
41.4395
41.4395
41.4395
41.4395
41.4395
40.6504
40.6504
40.6504
40.6504
40.6504
40.6504
40.6504
40.6504
39.4575
39.4575
39.4575
39.4575
39.4575
39.4575
39.4575
39.4575
37.8606
37.8606
37.8606
37.8606
37.8606
37.8606
37.8606
37.8606
35.9011
35.9011
35.9011
35.9011
35.9011
35.9011
35.9011
35.9011
33.6581
33.6581
33.6581
33.6581
33.6581
33.6581
33.6581
33.6581
31.2359
31.2359
31.2359
31.2359
31.2359
31.2359
31.2359
31.2359
28.7491
28.7491
28.7491
28.7491
28.7491
28.7491
28.7491
28.7491
26.3072
26.3072
26.3072
26.3072
26.3072
26.3072
26.3072
26.3072
24.0031
24.0031
24.0031
24.0031
24.0031
24.0031
24.0031
24.0031
41.366
41.366
41.366
41.366
41.366
41.366
41.366
41.366
41.5318
41.5318
41.5318
41.5318
41.5318
41.5318
41.5318
41.5318
41.7416
41.7416
41.7416
41.7416
41.7416
41.7416
41.7416
41.7416
41.9254
41.9254
41.9254
41.9254
41.9254
41.9254
41.9254
41.9254
41.9975
41.9975
41.9975
41.9975
41.9975
41.9975
41.9975
41.9975
41.865
41.865
41.865
41.865
41.865
41.865
41.865
41.865
41.4395
41.4395
41.4395
41.4395
41.4395
41.4395
41.4395
41.4395
40.6504
40.6504
40.6504
40.6504
40.6504
40.6504
40.6504
40.6504
39.4575
39.4575
39.4575
39.4575
39.4575
39.4575
39.4575
39.4575
37.8606
37.8606
37.8606
37.8606
37.8606
37.8606
37.8606
37.8606
35.9011
35.9011
35.9011
35.9011
35.9011
35.9011
35.9011
35.9011
33.6581
33.6581
33.6581
33.6581
33.6581
33.6581
33.6581
33.6581
31.2359
31.2359
31.2359
31.2359
31.2359
31.2359
31.2359
31.2359
28.7491
28.7491
28.7491
28.7491
28.7491
28.7491
28.7491
28.7491
26.3072
26.3072
26.3072
26.3072
26.3072
26.3072
26.3072
26.3072
24.0031
24.0031
24.0031
24.0031
24.0031
24.0031
24.0031
24.0031
41.366
41.366
41.366
41.366
41.366
41.366
41.366
41.366
41.5318
41.5318
41.5318
41.5318
41.5318
41.5318
41.5318
41.5318
41.7416
41.7416
41.7416
41.7416
41.7416
41.7416
41.7416
41.7416
41.9254
41.9254
41.9254
41.9254
41.9254
41.9254
41.9254
41.9254
41.9975
41.9975
41.9975
41.9975
41.9975
41.9975
41.9975
41.9975
41.865
41.865
41.865
41.865
41.865
41.865
41.865
41.865
41.4395
41.4395
41.4395
41.4395
41.4395
41.4395
41.4395
41.4395
40.6504
40.6504
40.6504
40.6504
40.6504
40.6504
40.6504
40.6504
39.4575
39.4575
39.4575
39.4575
39.4575
39.4575
39.4575
39.4575
37.8606
37.8606
37.8606
37.8606
37.8606
37.8606
37.8606
37.8606
35.9011
35.9011
35.9011
35.9011
35.9011
35.9011
35.9011
35.9011
33.6581
33.6581
33.6581
33.6581
33.6581
33.6581
33.6581
33.6581
31.2359
31.2359
31.2359
31.2359
31.2359
31.2359
31.2359
31.2359
28.7491
28.7491
28.7491
28.7491
28.7491
28.7491
28.7491
28.7491
26.3072
26.3072
26.3072
26.3072
26.3072
26.3072
26.3072
26.3072
24.0031
24.0031
24.0031
24.0031
24.0031
24.0031
24.0031
24.0031
41.366
41.366
41.366
41.366
41.366
41.366
41.366
41.366
41.5318
41.5318
41.5318
41.5318
41.5318
41.5318
41.5318
41.5318
41.7416
41.7416
41.7416
41.7416
41.7416
41.7416
41.7416
41.7416
41.9254
41.9254
41.9254
41.9254
41.9254
41.9254
41.9254
41.9254
41.9975
41.9975
41.9975
41.9975
41.9975
41.9975
41.9975
41.9975
41.865
41.865
41.865
41.865
41.865
41.865
41.865
41.865
41.4395
41.4395
41.4395
41.4395
41.4395
41.4395
41.4395
41.4395
40.6504
40.6504
40.6504
40.6504
40.6504
40.6504
40.6504
40.6504
39.4575
39.4575
39.4575
39.4575
39.4575
39.4575
39.4575
39.4575
37.8606
37.8606
37.8606
37.8606
37.8606
37.8606
37.8606
37.8606
35.9011
35.9011
35.9011
35.9011
35.9011
35.9011
35.9011
35.9011
33.6581
33.6581
33.6581
33.6581
33.6581
33.6581
33.6581
33.6581
31.2359
31.2359
31.2359
31.2359
31.2359
31.2359
31.2359
31.2359
28.7491
28.7491
28.7491
28.7491
28.7491
28.7491
28.7491
28.7491
26.3072
26.3072
26.3072
26.3072
26.3072
26.3072
26.3072
26.3072
24.0031
24.0031
24.0031
24.0031
24.0031
24.0031
24.0031
24.0031
42.7544
42.7544
42.7544
42.7544
42.7544
42.7544
42.7544
42.7544
42.7787
42.7787
42.7787
42.7787
42.7787
42.7787
42.7787
42.7787
42.8304
42.8304
42.8304
42.8304
42.8304
42.8304
42.8304
42.8304
42.8414
42.8414
42.8414
42.8414
42.8414
42.8414
42.8414
42.8414
42.7289
42.7289
42.7289
42.7289
42.7289
42.7289
42.7289
42.7289
42.4045
42.4045
42.4045
42.4045
42.4045
42.4045
42.4045
42.4045
41.7858
41.7858
41.7858
41.7858
41.7858
41.7858
41.7858
41.7858
40.8098
40.8098
40.8098
40.8098
40.8098
40.8098
40.8098
40.8098
39.4442
39.4442
39.4442
39.4442
39.4442
39.4442
39.4442
39.4442
37.6962
37.6962
37.6962
37.6962
37.6962
37.6962
37.6962
37.6962
35.6129
35.6129
35.6129
35.6129
35.6129
35.6129
35.6129
35.6129
33.2764
33.2764
33.2764
33.2764
33.2764
33.2764
33.2764
33.2764
30.7913
30.7913
30.7913
30.7913
30.7913
30.7913
30.7913
30.7913
28.2697
28.2697
28.2697
28.2697
28.2697
28.2697
28.2697
28.2697
25.8169
25.8169
25.8169
25.8169
25.8169
25.8169
25.8169
25.8169
23.5205
23.5205
23.5205
23.5205
23.5205
23.5205
23.5205
23.5205
42.7544
42.7544
42.7544
42.7544
42.7544
42.7544
42.7544
42.7544
42.7787
42.7787
42.7787
42.7787
42.7787
42.7787
42.7787
42.7787
42.8304
42.8304
42.8304
42.8304
42.8304
42.8304
42.8304
42.8304
42.8414
42.8414
42.8414
42.8414
42.8414
42.8414
42.8414
42.8414
42.7289
42.7289
42.7289
42.7289
42.7289
42.7289
42.7289
42.7289
42.4045
42.4045
42.4045
42.4045
42.4045
42.4045
42.4045
42.4045
41.7858
41.7858
41.7858
41.7858
41.7858
41.7858
41.7858
41.7858
40.8098
40.8098
40.8098
40.8098
40.8098
40.8098
40.8098
40.8098
39.4442
39.4442
39.4442
39.4442
39.4442
39.4442
39.4442
39.4442
37.6962
37.6962
37.6962
37.6962
37.6962
37.6962
37.6962
37.6962
35.6129
35.6129
35.6129
35.6129
35.6129
35.6129
35.6129
35.6129
33.2764
33.2764
33.2764
33.2764
33.2764
33.2764
33.2764
33.2764
30.7913
30.7913
30.7913
30.7913
30.7913
30.7913
30.7913
30.7913
28.2697
28.2697
28.2697
28.2697
28.2697
28.2697
28.2697
28.2697
25.8169
25.8169
25.8169
25.8169
25.8169
25.8169
25.8169
25.8169
23.5205
23.5205
23.5205
23.5205
23.5205
23.5205
23.5205
23.5205
42.7544
42.7544
42.7544
42.7544
42.7544
42.7544
42.7544
42.7544
42.7787
42.7787
42.7787
42.7787
42.7787
42.7787
42.7787
42.7787
42.8304
42.8304
42.8304
42.8304
42.8304
42.8304
42.8304
42.8304
42.8414
42.8414
42.8414
42.8414
42.8414
42.8414
42.8414
42.8414
42.7289
42.7289
42.7289
42.7289
42.7289
42.7289
42.7289
42.7289
42.4045
42.4045
42.4045
42.4045
42.4045
42.4045
42.4045
42.4045
41.7858
41.7858
41.7858
41.7858
41.7858
41.7858
41.7858
41.7858
40.8098
40.8098
40.8098
40.8098
40.8098
40.8098
40.8098
40.8098
39.4442
39.4442
39.4442
39.4442
39.4442
39.4442
39.4442
39.4442
37.6962
37.6962
37.6962
37.6962
37.6962
37.6962
37.6962
37.6962
35.6129
35.6129
35.6129
35.6129
35.6129
35.6129
35.6129
35.6129
33.2764
33.2764
33.2764
33.2764
33.2764
33.2764
33.2764
33.2764
30.7913
30.7913
30.7913
30.7913
30.7913
30.7913
30.7913
30.7913
28.2697
28.2697
28.2697
28.2697
28.2697
28.2697
28.2697
28.2697
25.8169
25.8169
25.8169
25.8169
25.8169
25.8169
25.8169
25.8169
23.5205
23.5205
23.5205
23.5205
23.5205
23.5205
23.5205
23.5205
42.7544
42.7544
42.7544
42.7544
42.7544
42.7544
42.7544
42.7544
42.7787
42.7787
42.7787
42.7787
42.7787
42.7787
42.7787
42.7787
42.8304
42.8304
42.8304
42.8304
42.8304
42.8304
42.8304
42.8304
42.8414
42.8414
42.8414
42.8414
42.8414
42.8414
42.8414
42.8414
42.7289
42.7289
42.7289
42.7289
42.7289
42.7289
42.7289
42.7289
42.4045
42.4045
42.4045
42.4045
42.4045
42.4045
42.4045
42.4045
41.7858
41.7858
41.7858
41.7858
41.7858
41.7858
41.7858
41.7858
40.8098
40.8098
40.8098
40.8098
40.8098
40.8098
40.8098
40.8098
39.4442
39.4442
39.4442
39.4442
39.4442
39.4442
39.4442
39.4442
37.6962
37.6962
37.6962
37.6962
37.6962
37.6962
37.6962
37.6962
35.6129
35.6129
35.6129
35.6129
35.6129
35.6129
35.6129
35.6129
33.2764
33.2764
33.2764
33.2764
33.2764
33.2764
33.2764
33.2764
30.7913
30.7913
30.7913
30.7913
30.7913
30.7913
30.7913
30.7913
28.2697
28.2697
28.2697
28.2697
28.2697
28.2697
28.2697
28.2697
25.8169
25.8169
25.8169
25.8169
25.8169
25.8169
25.8169
25.8169
23.5205
23.5205
23.5205
23.5205
23.5205
23.5205
23.5205
23.5205
43.4843
43.4843
43.4843
43.4843
43.4843
43.4843
43.4843
43.4843
43.3528
43.3528
43.3528
43.3528
43.3528
43.3528
43.3528
43.3528
43.2448
43.2448
43.2448
43.2448
43.2448
43.2448
43.2448
43.2448
43.0949
43.0949
43.0949
43.0949
43.0949
43.0949
43.0949
43.0949
42.8238
42.8238
42.8238
42.8238
42.8238
42.8238
42.8238
42.8238
42.3476
42.3476
42.3476
42.3476
42.3476
42.3476
42.3476
42.3476
41.5892
41.5892
41.5892
41.5892
41.5892
41.5892
41.5892
41.5892
40.4907
40.4907
40.4907
40.4907
40.4907
40.4907
40.4907
40.4907
39.0249
39.0249
39.0249
39.0249
39.0249
39.0249
39.0249
39.0249
37.202
37.202
37.202
37.202
37.202
37.202
37.202
37.202
35.0706
35.0706
35.0706
35.0706
35.0706
35.0706
35.0706
35.0706
32.7118
32.7118
32.7118
32.7118
32.7118
32.7118
32.7118
32.7118
30.2271
30.2271
30.2271
30.2271
30.2271
30.2271
30.2271
30.2271
27.7244
27.7244
27.7244
27.7244
27.7244
27.7244
27.7244
27.7244
25.3038
25.3038
25.3038
25.3038
25.3038
25.3038
25.3038
25.3038
23.048
23.048
23.048
23.048
23.048
23.048
23.048
23.048
43.4843
43.4843
43.4843
43.4843
43.4843
43.4843
43.4843
43.4843
43.3528
43.3528
43.3528
43.3528
43.3528
43.3528
43.3528
43.3528
43.2448
43.2448
43.2448
43.2448
43.2448
43.2448
43.2448
43.2448
43.0949
43.0949
43.0949
43.0949
43.0949
43.0949
43.0949
43.0949
42.8238
42.8238
42.8238
42.8238
42.8238
42.8238
42.8238
42.8238
42.3476
42.3476
42.3476
42.3476
42.3476
42.3476
42.3476
42.3476
41.5892
41.5892
41.5892
41.5892
41.5892
41.5892
41.5892
41.5892
40.4907
40.4907
40.4907
40.4907
40.4907
40.4907
40.4907
40.4907
39.0249
39.0249
39.0249
39.0249
39.0249
39.0249
39.0249
39.0249
37.202
37.202
37.202
37.202
37.202
37.202
37.202
37.202
35.0706
35.0706
35.0706
35.0706
35.0706
35.0706
35.0706
35.0706
32.7118
32.7118
32.7118
32.7118
32.7118
32.7118
32.7118
32.7118
30.2271
30.2271
30.2271
30.2271
30.2271
30.2271
30.2271
30.2271
27.7244
27.7244
27.7244
27.7244
27.7244
27.7244
27.7244
27.7244
25.3038
25.3038
25.3038
25.3038
25.3038
25.3038
25.3038
25.3038
23.048
23.048
23.048
23.048
23.048
23.048
23.048
23.048
43.4843
43.4843
43.4843
43.4843
43.4843
43.4843
43.4843
43.4843
43.3528
43.3528
43.3528
43.3528
43.3528
43.3528
43.3528
43.3528
43.2448
43.2448
43.2448
43.2448
43.2448
43.2448
43.2448
43.2448
43.0949
43.0949
43.0949
43.0949
43.0949
43.0949
43.0949
43.0949
42.8238
42.8238
42.8238
42.8238
42.8238
42.8238
42.8238
42.8238
42.3476
42.3476
42.3476
42.3476
42.3476
42.3476
42.3476
42.3476
41.5892
41.5892
41.5892
41.5892
41.5892
41.5892
41.5892
41.5892
40.4907
40.4907
40.4907
40.4907
40.4907
40.4907
40.4907
40.4907
39.0249
39.0249
39.0249
39.0249
39.0249
39.0249
39.0249
39.0249
37.202
37.202
37.202
37.202
37.202
37.202
37.202
37.202
35.0706
35.0706
35.0706
35.0706
35.0706
35.0706
35.0706
35.0706
32.7118
32.7118
32.7118
32.7118
32.7118
32.7118
32.7118
32.7118
30.2271
30.2271
30.2271
30.2271
30.2271
30.2271
30.2271
30.2271
27.7244
27.7244
27.7244
27.7244
27.7244
27.7244
27.7244
27.7244
25.3038
25.3038
25.3038
25.3038
25.3038
25.3038
25.3038
25.3038
23.048
23.048
23.048
23.048
23.048
23.048
23.048
23.048
43.4843
43.4843
43.4843
43.4843
43.4843
43.4843
43.4843
43.4843
43.3528
43.3528
43.3528
43.3528
43.3528
43.3528
43.3528
43.3528
43.2448
43.2448
43.2448
43.2448
43.2448
43.2448
43.2448
43.2448
43.0949
43.0949
43.0949
43.0949
43.0949
43.0949
43.0949
43.0949
42.8238
42.8238
42.8238
42.8238
42.8238
42.8238
42.8238
42.8238
42.3476
42.3476
42.3476
42.3476
42.3476
42.3476
42.3476
42.3476
41.5892
41.5892
41.5892
41.5892
41.5892
41.5892
41.5892
41.5892
40.4907
40.4907
40.4907
40.4907
40.4907
40.4907
40.4907
40.4907
39.0249
39.0249
39.0249
39.0249
39.0249
39.0249
39.0249
39.0249
37.202
37.202
37.202
37.202
37.202
37.202
37.202
37.202
35.0706
35.0706
35.0706
35.0706
35.0706
35.0706
35.0706
35.0706
32.7118
32.7118
32.7118
32.7118
32.7118
32.7118
32.7118
32.7118
30.2271
30.2271
30.2271
30.2271
30.2271
30.2271
30.2271
30.2271
27.7244
27.7244
27.7244
27.7244
27.7244
27.7244
27.7244
27.7244
25.3038
25.3038
25.3038
25.3038
25.3038
25.3038
25.3038
25.3038
23.048
23.048
23.048
23.048
23.048
23.048
23.048
23.048
43.4488
43.4488
43.4488
43.4488
43.4488
43.4488
43.4488
43.4488
43.1527
43.1527
43.1527
43.1527
43.1527
43.1527
43.1527
43.1527
42.8895
42.8895
42.8895
42.8895
42.8895
42.8895
42.8895
42.8895
42.5968
42.5968
42.5968
42.5968
42.5968
42.5968
42.5968
42.5968
42.1994
42.1994
42.1994
42.1994
42.1994
42.1994
42.1994
42.1994
41.6175
41.6175
41.6175
41.6175
41.6175
41.6175
41.6175
41.6175
40.778
40.778
40.778
40.778
40.778
40.778
40.778
40.778
39.6264
39.6264
39.6264
39.6264
39.6264
39.6264
39.6264
39.6264
38.1368
38.1368
38.1368
38.1368
38.1368
38.1368
38.1368
38.1368
36.3189
36.3189
36.3189
36.3189
36.3189
36.3189
36.3189
36.3189
34.2187
34.2187
34.2187
34.2187
34.2187
34.2187
34.2187
34.2187
31.9122
31.9122
31.9122
31.9122
31.9122
31.9122
31.9122
31.9122
29.4951
29.4951
29.4951
29.4951
29.4951
29.4951
29.4951
29.4951
27.0689
27.0689
27.0689
27.0689
27.0689
27.0689
27.0689
27.0689
24.728
24.728
24.728
24.728
24.728
24.728
24.728
24.728
22.5502
22.5502
22.5502
22.5502
22.5502
22.5502
22.5502
22.5502
43.4488
43.4488
43.4488
43.4488
43.4488
43.4488
43.4488
43.4488
43.1527
43.1527
43.1527
43.1527
43.1527
43.1527
43.1527
43.1527
42.8895
42.8895
42.8895
42.8895
42.8895
42.8895
42.8895
42.8895
42.5968
42.5968
42.5968
42.5968
42.5968
42.5968
42.5968
42.5968
42.1994
42.1994
42.1994
42.1994
42.1994
42.1994
42.1994
42.1994
41.6175
41.6175
41.6175
41.6175
41.6175
41.6175
41.6175
41.6175
40.778
40.778
40.778
40.778
40.778
40.778
40.778
40.778
39.6264
39.6264
39.6264
39.6264
39.6264
39.6264
39.6264
39.6264
38.1368
38.1368
38.1368
38.1368
38.1368
38.1368
38.1368
38.1368
36.3189
36.3189
36.3189
36.3189
36.3189
36.3189
36.3189
36.3189
34.2187
34.2187
34.2187
34.2187
34.2187
34.2187
34.2187
34.2187
31.9122
31.9122
31.9122
31.9122
31.9122
31.9122
31.9122
31.9122
29.4951
29.4951
29.4951
29.4951
29.4951
29.4951
29.4951
29.4951
27.0689
27.0689
27.0689
27.0689
27.0689
27.0689
27.0689
27.0689
24.728
24.728
24.728
24.728
24.728
24.728
24.728
24.728
22.5502
22.5502
22.5502
22.5502
22.5502
22.5502
22.5502
22.5502
43.4488
43.4488
43.4488
43.4488
43.4488
43.4488
43.4488
43.4488
43.1527
43.1527
43.1527
43.1527
43.1527
43.1527
43.1527
43.1527
42.8895
42.8895
42.8895
42.8895
42.8895
42.8895
42.8895
42.8895
42.5968
42.5968
42.5968
42.5968
42.5968
42.5968
42.5968
42.5968
42.1994
42.1994
42.1994
42.1994
42.1994
42.1994
42.1994
42.1994
41.6175
41.6175
41.6175
41.6175
41.6175
41.6175
41.6175
41.6175
40.778
40.778
40.778
40.778
40.778
40.778
40.778
40.778
39.6264
39.6264
39.6264
39.6264
39.6264
39.6264
39.6264
39.6264
38.1368
38.1368
38.1368
38.1368
38.1368
38.1368
38.1368
38.1368
36.3189
36.3189
36.3189
36.3189
36.3189
36.3189
36.3189
36.3189
34.2187
34.2187
34.2187
34.2187
34.2187
34.2187
34.2187
34.2187
31.9122
31.9122
31.9122
31.9122
31.9122
31.9122
31.9122
31.9122
29.4951
29.4951
29.4951
29.4951
29.4951
29.4951
29.4951
29.4951
27.0689
27.0689
27.0689
27.0689
27.0689
27.0689
27.0689
27.0689
24.728
24.728
24.728
24.728
24.728
24.728
24.728
24.728
22.5502
22.5502
22.5502
22.5502
22.5502
22.5502
22.5502
22.5502
43.4488
43.4488
43.4488
43.4488
43.4488
43.4488
43.4488
43.4488
43.1527
43.1527
43.1527
43.1527
43.1527
43.1527
43.1527
43.1527
42.8895
42.8895
42.8895
42.8895
42.8895
42.8895
42.8895
42.8895
42.5968
42.5968
42.5968
42.5968
42.5968
42.5968
42.5968
42.5968
42.1994
42.1994
42.1994
42.1994
42.1994
42.1994
42.1994
42.1994
41.6175
41.6175
41.6175
41.6175
41.6175
41.6175
41.6175
41.6175
40.778
40.778
40.778
40.778
40.778
40.778
40.778
40.778
39.6264
39.6264
39.6264
39.6264
39.6264
39.6264
39.6264
39.6264
38.1368
38.1368
38.1368
38.1368
38.1368
38.1368
38.1368
38.1368
36.3189
36.3189
36.3189
36.3189
36.3189
36.3189
36.3189
36.3189
34.2187
34.2187
34.2187
34.2187
34.2187
34.2187
34.2187
34.2187
31.9122
31.9122
31.9122
31.9122
31.9122
31.9122
31.9122
31.9122
29.4951
29.4951
29.4951
29.4951
29.4951
29.4951
29.4951
29.4951
27.0689
27.0689
27.0689
27.0689
27.0689
27.0689
27.0689
27.0689
24.728
24.728
24.728
24.728
24.728
24.728
24.728
24.728
22.5502
22.5502
22.5502
22.5502
22.5502
22.5502
22.5502
22.5502
42.6267
42.6267
42.6267
42.6267
42.6267
42.6267
42.6267
42.6267
42.1654
42.1654
42.1654
42.1654
42.1654
42.1654
42.1654
42.1654
41.7583
41.7583
41.7583
41.7583
41.7583
41.7583
41.7583
41.7583
41.3463
41.3463
41.3463
41.3463
41.3463
41.3463
41.3463
41.3463
40.8579
40.8579
40.8579
40.8579
40.8579
40.8579
40.8579
40.8579
40.2172
40.2172
40.2172
40.2172
40.2172
40.2172
40.2172
40.2172
39.3543
39.3543
39.3543
39.3543
39.3543
39.3543
39.3543
39.3543
38.2159
38.2159
38.2159
38.2159
38.2159
38.2159
38.2159
38.2159
36.775
36.775
36.775
36.775
36.775
36.775
36.775
36.775
35.0375
35.0375
35.0375
35.0375
35.0375
35.0375
35.0375
35.0375
33.043
33.043
33.043
33.043
33.043
33.043
33.043
33.043
30.8597
30.8597
30.8597
30.8597
30.8597
30.8597
30.8597
30.8597
28.5744
28.5744
28.5744
28.5744
28.5744
28.5744
28.5744
28.5744
26.2806
26.2806
26.2806
26.2806
26.2806
26.2806
26.2806
26.2806
24.0662
24.0662
24.0662
24.0662
24.0662
24.0662
24.0662
24.0662
22.0042
22.0042
22.0042
22.0042
22.0042
22.0042
22.0042
22.0042
42.6267
42.6267
42.6267
42.6267
42.6267
42.6267
42.6267
42.6267
42.1654
42.1654
42.1654
42.1654
42.1654
42.1654
42.1654
42.1654
41.7583
41.7583
41.7583
41.7583
41.7583
41.7583
41.7583
41.7583
41.3463
41.3463
41.3463
41.3463
41.3463
41.3463
41.3463
41.3463
40.8579
40.8579
40.8579
40.8579
40.8579
40.8579
40.8579
40.8579
40.2172
40.2172
40.2172
40.2172
40.2172
40.2172
40.2172
40.2172
39.3543
39.3543
39.3543
39.3543
39.3543
39.3543
39.3543
39.3543
38.2159
38.2159
38.2159
38.2159
38.2159
38.2159
38.2159
38.2159
36.775
36.775
36.775
36.775
36.775
36.775
36.775
36.775
35.0375
35.0375
35.0375
35.0375
35.0375
35.0375
35.0375
35.0375
33.043
33.043
33.043
33.043
33.043
33.043
33.043
33.043
30.8597
30.8597
30.8597
30.8597
30.8597
30.8597
30.8597
30.8597
28.5744
28.5744
28.5744
28.5744
28.5744
28.5744
28.5744
28.5744
26.2806
26.2806
26.2806
26.2806
26.2806
26.2806
26.2806
26.2806
24.0662
24.0662
24.0662
24.0662
24.0662
24.0662
24.0662
24.0662
22.0042
22.0042
22.0042
22.0042
22.0042
22.0042
22.0042
22.0042
42.6267
42.6267
42.6267
42.6267
42.6267
42.6267
42.6267
42.6267
42.1654
42.1654
42.1654
42.1654
42.1654
42.1654
42.1654
42.1654
41.7583
41.7583
41.7583
41.7583
41.7583
41.7583
41.7583
41.7583
41.3463
41.3463
41.3463
41.3463
41.3463
41.3463
41.3463
41.3463
40.8579
40.8579
40.8579
40.8579
40.8579
40.8579
40.8579
40.8579
40.2172
40.2172
40.2172
40.2172
40.2172
40.2172
40.2172
40.2172
39.3543
39.3543
39.3543
39.3543
39.3543
39.3543
39.3543
39.3543
38.2159
38.2159
38.2159
38.2159
38.2159
38.2159
38.2159
38.2159
36.775
36.775
36.775
36.775
36.775
36.775
36.775
36.775
35.0375
35.0375
35.0375
35.0375
35.0375
35.0375
35.0375
35.0375
33.043
33.043
33.043
33.043
33.043
33.043
33.043
33.043
30.8597
30.8597
30.8597
30.8597
30.8597
30.8597
30.8597
30.8597
28.5744
28.5744
28.5744
28.5744
28.5744
28.5744
28.5744
28.5744
26.2806
26.2806
26.2806
26.2806
26.2806
26.2806
26.2806
26.2806
24.0662
24.0662
24.0662
24.0662
24.0662
24.0662
24.0662
24.0662
22.0042
22.0042
22.0042
22.0042
22.0042
22.0042
22.0042
22.0042
42.6267
42.6267
42.6267
42.6267
42.6267
42.6267
42.6267
42.6267
42.1654
42.1654
42.1654
42.1654
42.1654
42.1654
42.1654
42.1654
41.7583
41.7583
41.7583
41.7583
41.7583
41.7583
41.7583
41.7583
41.3463
41.3463
41.3463
41.3463
41.3463
41.3463
41.3463
41.3463
40.8579
40.8579
40.8579
40.8579
40.8579
40.8579
40.8579
40.8579
40.2172
40.2172
40.2172
40.2172
40.2172
40.2172
40.2172
40.2172
39.3543
39.3543
39.3543
39.3543
39.3543
39.3543
39.3543
39.3543
38.2159
38.2159
38.2159
38.2159
38.2159
38.2159
38.2159
38.2159
36.775
36.775
36.775
36.775
36.775
36.775
36.775
36.775
35.0375
35.0375
35.0375
35.0375
35.0375
35.0375
35.0375
35.0375
33.043
33.043
33.043
33.043
33.043
33.043
33.043
33.043
30.8597
30.8597
30.8597
30.8597
30.8597
30.8597
30.8597
30.8597
28.5744
28.5744
28.5744
28.5744
28.5744
28.5744
28.5744
28.5744
26.2806
26.2806
26.2806
26.2806
26.2806
26.2806
26.2806
26.2806
24.0662
24.0662
24.0662
24.0662
24.0662
24.0662
24.0662
24.0662
22.0042
22.0042
22.0042
22.0042
22.0042
22.0042
22.0042
22.0042
41.0869
41.0869
41.0869
41.0869
41.0869
41.0869
41.0869
41.0869
40.4696
40.4696
40.4696
40.4696
40.4696
40.4696
40.4696
40.4696
39.9363
39.9363
39.9363
39.9363
39.9363
39.9363
39.9363
39.9363
39.4312
39.4312
39.4312
39.4312
39.4312
39.4312
39.4312
39.4312
38.8865
38.8865
38.8865
38.8865
38.8865
38.8865
38.8865
38.8865
38.2299
38.2299
38.2299
38.2299
38.2299
38.2299
38.2299
38.2299
37.3936
37.3936
37.3936
37.3936
37.3936
37.3936
37.3936
37.3936
36.3245
36.3245
36.3245
36.3245
36.3245
36.3245
36.3245
36.3245
34.9928
34.9928
34.9928
34.9928
34.9928
34.9928
34.9928
34.9928
33.3983
33.3983
33.3983
33.3983
33.3983
33.3983
33.3983
33.3983
31.5718
31.5718
31.5718
31.5718
31.5718
31.5718
31.5718
31.5718
29.5709
29.5709
29.5709
29.5709
29.5709
29.5709
29.5709
29.5709
27.4721
27.4721
27.4721
27.4721
27.4721
27.4721
27.4721
27.4721
25.3592
25.3592
25.3592
25.3592
25.3592
25.3592
25.3592
25.3592
23.3128
23.3128
23.3128
23.3128
23.3128
23.3128
23.3128
23.3128
21.4012
21.4012
21.4012
21.4012
21.4012
21.4012
21.4012
21.4012
41.0869
41.0869
41.0869
41.0869
41.0869
41.0869
41.0869
41.0869
40.4696
40.4696
40.4696
40.4696
40.4696
40.4696
40.4696
40.4696
39.9363
39.9363
39.9363
39.9363
39.9363
39.9363
39.9363
39.9363
39.4312
39.4312
39.4312
39.4312
39.4312
39.4312
39.4312
39.4312
38.8865
38.8865
38.8865
38.8865
38.8865
38.8865
38.8865
38.8865
38.2299
38.2299
38.2299
38.2299
38.2299
38.2299
38.2299
38.2299
37.3936
37.3936
37.3936
37.3936
37.3936
37.3936
37.3936
37.3936
36.3245
36.3245
36.3245
36.3245
36.3245
36.3245
36.3245
36.3245
34.9928
34.9928
34.9928
34.9928
34.9928
34.9928
34.9928
34.9928
33.3983
33.3983
33.3983
33.3983
33.3983
33.3983
33.3983
33.3983
31.5718
31.5718
31.5718
31.5718
31.5718
31.5718
31.5718
31.5718
29.5709
29.5709
29.5709
29.5709
29.5709
29.5709
29.5709
29.5709
27.4721
27.4721
27.4721
27.4721
27.4721
27.4721
27.4721
27.4721
25.3592
25.3592
25.3592
25.3592
25.3592
25.3592
25.3592
25.3592
23.3128
23.3128
23.3128
23.3128
23.3128
23.3128
23.3128
23.3128
21.4012
21.4012
21.4012
21.4012
21.4012
21.4012
21.4012
21.4012
41.0869
41.0869
41.0869
41.0869
41.0869
41.0869
41.0869
41.0869
40.4696
40.4696
40.4696
40.4696
40.4696
40.4696
40.4696
40.4696
39.9363
39.9363
39.9363
39.9363
39.9363
39.9363
39.9363
39.9363
39.4312
39.4312
39.4312
39.4312
39.4312
39.4312
39.4312
39.4312
38.8865
38.8865
38.8865
38.8865
38.8865
38.8865
38.8865
38.8865
38.2299
38.2299
38.2299
38.2299
38.2299
38.2299
38.2299
38.2299
37.3936
37.3936
37.3936
37.3936
37.3936
37.3936
37.3936
37.3936
36.3245
36.3245
36.3245
36.3245
36.3245
36.3245
36.3245
36.3245
34.9928
34.9928
34.9928
34.9928
34.9928
34.9928
34.9928
34.9928
33.3983
33.3983
33.3983
33.3983
33.3983
33.3983
33.3983
33.3983
31.5718
31.5718
31.5718
31.5718
31.5718
31.5718
31.5718
31.5718
29.5709
29.5709
29.5709
29.5709
29.5709
29.5709
29.5709
29.5709
27.4721
27.4721
27.4721
27.4721
27.4721
27.4721
27.4721
27.4721
25.3592
25.3592
25.3592
25.3592
25.3592
25.3592
25.3592
25.3592
23.3128
23.3128
23.3128
23.3128
23.3128
23.3128
23.3128
23.3128
21.4012
21.4012
21.4012
21.4012
21.4012
21.4012
21.4012
21.4012
41.0869
41.0869
41.0869
41.0869
41.0869
41.0869
41.0869
41.0869
40.4696
40.4696
40.4696
40.4696
40.4696
40.4696
40.4696
40.4696
39.9363
39.9363
39.9363
39.9363
39.9363
39.9363
39.9363
39.9363
39.4312
39.4312
39.4312
39.4312
39.4312
39.4312
39.4312
39.4312
38.8865
38.8865
38.8865
38.8865
38.8865
38.8865
38.8865
38.8865
38.2299
38.2299
38.2299
38.2299
38.2299
38.2299
38.2299
38.2299
37.3936
37.3936
37.3936
37.3936
37.3936
37.3936
37.3936
37.3936
36.3245
36.3245
36.3245
36.3245
36.3245
36.3245
36.3245
36.3245
34.9928
34.9928
34.9928
34.9928
34.9928
34.9928
34.9928
34.9928
33.3983
33.3983
33.3983
33.3983
33.3983
33.3983
33.3983
33.3983
31.5718
31.5718
31.5718
31.5718
31.5718
31.5718
31.5718
31.5718
29.5709
29.5709
29.5709
29.5709
29.5709
29.5709
29.5709
29.5709
27.4721
27.4721
27.4721
27.4721
27.4721
27.4721
27.4721
27.4721
25.3592
25.3592
25.3592
25.3592
25.3592
25.3592
25.3592
25.3592
23.3128
23.3128
23.3128
23.3128
23.3128
23.3128
23.3128
23.3128
21.4012
21.4012
21.4012
21.4012
21.4012
21.4012
21.4012
21.4012
38.9741
38.9741
38.9741
38.9741
38.9741
38.9741
38.9741
38.9741
38.2185
38.2185
38.2185
38.2185
38.2185
38.2185
38.2185
38.2185
37.5816
37.5816
37.5816
37.5816
37.5816
37.5816
37.5816
37.5816
37.0101
37.0101
37.0101
37.0101
37.0101
37.0101
37.0101
37.0101
36.4397
36.4397
36.4397
36.4397
36.4397
36.4397
36.4397
36.4397
35.8014
35.8014
35.8014
35.8014
35.8014
35.8014
35.8014
35.8014
35.0295
35.0295
35.0295
35.0295
35.0295
35.0295
35.0295
35.0295
34.0704
34.0704
34.0704
34.0704
34.0704
34.0704
34.0704
34.0704
32.8907
32.8907
32.8907
32.8907
32.8907
32.8907
32.8907
32.8907
31.4832
31.4832
31.4832
31.4832
31.4832
31.4832
31.4832
31.4832
29.8686
29.8686
29.8686
29.8686
29.8686
29.8686
29.8686
29.8686
28.0928
28.0928
28.0928
28.0928
28.0928
28.0928
28.0928
28.0928
26.2204
26.2204
26.2204
26.2204
26.2204
26.2204
26.2204
26.2204
24.3248
24.3248
24.3248
24.3248
24.3248
24.3248
24.3248
24.3248
22.4784
22.4784
22.4784
22.4784
22.4784
22.4784
22.4784
22.4784
20.7448
20.7448
20.7448
20.7448
20.7448
20.7448
20.7448
20.7448
38.9741
38.9741
38.9741
38.9741
38.9741
38.9741
38.9741
38.9741
38.2185
38.2185
38.2185
38.2185
38.2185
38.2185
38.2185
38.2185
37.5816
37.5816
37.5816
37.5816
37.5816
37.5816
37.5816
37.5816
37.0101
37.0101
37.0101
37.0101
37.0101
37.0101
37.0101
37.0101
36.4397
36.4397
36.4397
36.4397
36.4397
36.4397
36.4397
36.4397
35.8014
35.8014
35.8014
35.8014
35.8014
35.8014
35.8014
35.8014
35.0295
35.0295
35.0295
35.0295
35.0295
35.0295
35.0295
35.0295
34.0704
34.0704
34.0704
34.0704
34.0704
34.0704
34.0704
34.0704
32.8907
32.8907
32.8907
32.8907
32.8907
32.8907
32.8907
32.8907
31.4832
31.4832
31.4832
31.4832
31.4832
31.4832
31.4832
31.4832
29.8686
29.8686
29.8686
29.8686
29.8686
29.8686
29.8686
29.8686
28.0928
28.0928
28.0928
28.0928
28.0928
28.0928
28.0928
28.0928
26.2204
26.2204
26.2204
26.2204
26.2204
26.2204
26.2204
26.2204
24.3248
24.3248
24.3248
24.3248
24.3248
24.3248
24.3248
24.3248
22.4784
22.4784
22.4784
22.4784
22.4784
22.4784
22.4784
22.4784
20.7448
20.7448
20.7448
20.7448
20.7448
20.7448
20.7448
20.7448
38.9741
38.9741
38.9741
38.9741
38.9741
38.9741
38.9741
38.9741
38.2185
38.2185
38.2185
38.2185
38.2185
38.2185
38.2185
38.2185
37.5816
37.5816
37.5816
37.5816
37.5816
37.5816
37.5816
37.5816
37.0101
37.0101
37.0101
37.0101
37.0101
37.0101
37.0101
37.0101
36.4397
36.4397
36.4397
36.4397
36.4397
36.4397
36.4397
36.4397
35.8014
35.8014
35.8014
35.8014
35.8014
35.8014
35.8014
35.8014
35.0295
35.0295
35.0295
35.0295
35.0295
35.0295
35.0295
35.0295
34.0704
34.0704
34.0704
34.0704
34.0704
34.0704
34.0704
34.0704
32.8907
32.8907
32.8907
32.8907
32.8907
32.8907
32.8907
32.8907
31.4832
31.4832
31.4832
31.4832
31.4832
31.4832
31.4832
31.4832
29.8686
29.8686
29.8686
29.8686
29.8686
29.8686
29.8686
29.8686
28.0928
28.0928
28.0928
28.0928
28.0928
28.0928
28.0928
28.0928
26.2204
26.2204
26.2204
26.2204
26.2204
26.2204
26.2204
26.2204
24.3248
24.3248
24.3248
24.3248
24.3248
24.3248
24.3248
24.3248
22.4784
22.4784
22.4784
22.4784
22.4784
22.4784
22.4784
22.4784
20.7448
20.7448
20.7448
20.7448
20.7448
20.7448
20.7448
20.7448
38.9741
38.9741
38.9741
38.9741
38.9741
38.9741
38.9741
38.9741
38.2185
38.2185
38.2185
38.2185
38.2185
38.2185
38.2185
38.2185
37.5816
37.5816
37.5816
37.5816
37.5816
37.5816
37.5816
37.5816
37.0101
37.0101
37.0101
37.0101
37.0101
37.0101
37.0101
37.0101
36.4397
36.4397
36.4397
36.4397
36.4397
36.4397
36.4397
36.4397
35.8014
35.8014
35.8014
35.8014
35.8014
35.8014
35.8014
35.8014
35.0295
35.0295
35.0295
35.0295
35.0295
35.0295
35.0295
35.0295
34.0704
34.0704
34.0704
34.0704
34.0704
34.0704
34.0704
34.0704
32.8907
32.8907
32.8907
32.8907
32.8907
32.8907
32.8907
32.8907
31.4832
31.4832
31.4832
31.4832
31.4832
31.4832
31.4832
31.4832
29.8686
29.8686
29.8686
29.8686
29.8686
29.8686
29.8686
29.8686
28.0928
28.0928
28.0928
28.0928
28.0928
28.0928
28.0928
28.0928
26.2204
26.2204
26.2204
26.2204
26.2204
26.2204
26.2204
26.2204
24.3248
24.3248
24.3248
24.3248
24.3248
24.3248
24.3248
24.3248
22.4784
22.4784
22.4784
22.4784
22.4784
22.4784
22.4784
22.4784
20.7448
20.7448
20.7448
20.7448
20.7448
20.7448
20.7448
20.7448
36.4791
36.4791
36.4791
36.4791
36.4791
36.4791
36.4791
36.4791
35.6096
35.6096
35.6096
35.6096
35.6096
35.6096
35.6096
35.6096
34.8938
34.8938
34.8938
34.8938
34.8938
34.8938
34.8938
34.8938
34.2805
34.2805
34.2805
34.2805
34.2805
34.2805
34.2805
34.2805
33.7085
33.7085
33.7085
33.7085
33.7085
33.7085
33.7085
33.7085
33.1122
33.1122
33.1122
33.1122
33.1122
33.1122
33.1122
33.1122
32.428
32.428
32.428
32.428
32.428
32.428
32.428
32.428
31.6021
31.6021
31.6021
31.6021
31.6021
31.6021
31.6021
31.6021
30.5976
30.5976
30.5976
30.5976
30.5976
30.5976
30.5976
30.5976
29.4002
29.4002
29.4002
29.4002
29.4002
29.4002
29.4002
29.4002
28.0207
28.0207
28.0207
28.0207
28.0207
28.0207
28.0207
28.0207
26.4931
26.4931
26.4931
26.4931
26.4931
26.4931
26.4931
26.4931
24.8697
24.8697
24.8697
24.8697
24.8697
24.8697
24.8697
24.8697
23.2129
23.2129
23.2129
23.2129
23.2129
23.2129
23.2129
23.2129
21.5867
21.5867
21.5867
21.5867
21.5867
21.5867
21.5867
21.5867
20.0492
20.0492
20.0492
20.0492
20.0492
20.0492
20.0492
20.0492
36.4791
36.4791
36.4791
36.4791
36.4791
36.4791
36.4791
36.4791
35.6096
35.6096
35.6096
35.6096
35.6096
35.6096
35.6096
35.6096
34.8938
34.8938
34.8938
34.8938
34.8938
34.8938
34.8938
34.8938
34.2805
34.2805
34.2805
34.2805
34.2805
34.2805
34.2805
34.2805
33.7085
33.7085
33.7085
33.7085
33.7085
33.7085
33.7085
33.7085
33.1122
33.1122
33.1122
33.1122
33.1122
33.1122
33.1122
33.1122
32.428
32.428
32.428
32.428
32.428
32.428
32.428
32.428
31.6021
31.6021
31.6021
31.6021
31.6021
31.6021
31.6021
31.6021
30.5976
30.5976
30.5976
30.5976
30.5976
30.5976
30.5976
30.5976
29.4002
29.4002
29.4002
29.4002
29.4002
29.4002
29.4002
29.4002
28.0207
28.0207
28.0207
28.0207
28.0207
28.0207
28.0207
28.0207
26.4931
26.4931
26.4931
26.4931
26.4931
26.4931
26.4931
26.4931
24.8697
24.8697
24.8697
24.8697
24.8697
24.8697
24.8697
24.8697
23.2129
23.2129
23.2129
23.2129
23.2129
23.2129
23.2129
23.2129
21.5867
21.5867
21.5867
21.5867
21.5867
21.5867
21.5867
21.5867
20.0492
20.0492
20.0492
20.0492
20.0492
20.0492
20.0492
20.0492
36.4791
36.4791
36.4791
36.4791
36.4791
36.4791
36.4791
36.4791
35.6096
35.6096
35.6096
35.6096
35.6096
35.6096
35.6096
35.6096
34.8938
34.8938
34.8938
34.8938
34.8938
34.8938
34.8938
34.8938
34.2805
34.2805
34.2805
34.2805
34.2805
34.2805
34.2805
34.2805
33.7085
33.7085
33.7085
33.7085
33.7085
33.7085
33.7085
33.7085
33.1122
33.1122
33.1122
33.1122
33.1122
33.1122
33.1122
33.1122
32.428
32.428
32.428
32.428
32.428
32.428
32.428
32.428
31.6021
31.6021
31.6021
31.6021
31.6021
31.6021
31.6021
31.6021
30.5976
30.5976
30.5976
30.5976
30.5976
30.5976
30.5976
30.5976
29.4002
29.4002
29.4002
29.4002
29.4002
29.4002
29.4002
29.4002
28.0207
28.0207
28.0207
28.0207
28.0207
28.0207
28.0207
28.0207
26.4931
26.4931
26.4931
26.4931
26.4931
26.4931
26.4931
26.4931
24.8697
24.8697
24.8697
24.8697
24.8697
24.8697
24.8697
24.8697
23.2129
23.2129
23.2129
23.2129
23.2129
23.2129
23.2129
23.2129
21.5867
21.5867
21.5867
21.5867
21.5867
21.5867
21.5867
21.5867
20.0492
20.0492
20.0492
20.0492
20.0492
20.0492
20.0492
20.0492
36.4791
36.4791
36.4791
36.4791
36.4791
36.4791
36.4791
36.4791
35.6096
35.6096
35.6096
35.6096
35.6096
35.6096
35.6096
35.6096
34.8938
34.8938
34.8938
34.8938
34.8938
34.8938
34.8938
34.8938
34.2805
34.2805
34.2805
34.2805
34.2805
34.2805
34.2805
34.2805
33.7085
33.7085
33.7085
33.7085
33.7085
33.7085
33.7085
33.7085
33.1122
33.1122
33.1122
33.1122
33.1122
33.1122
33.1122
33.1122
32.428
32.428
32.428
32.428
32.428
32.428
32.428
32.428
31.6021
31.6021
31.6021
31.6021
31.6021
31.6021
31.6021
31.6021
30.5976
30.5976
30.5976
30.5976
30.5976
30.5976
30.5976
30.5976
29.4002
29.4002
29.4002
29.4002
29.4002
29.4002
29.4002
29.4002
28.0207
28.0207
28.0207
28.0207
28.0207
28.0207
28.0207
28.0207
26.4931
26.4931
26.4931
26.4931
26.4931
26.4931
26.4931
26.4931
24.8697
24.8697
24.8697
24.8697
24.8697
24.8697
24.8697
24.8697
23.2129
23.2129
23.2129
23.2129
23.2129
23.2129
23.2129
23.2129
21.5867
21.5867
21.5867
21.5867
21.5867
21.5867
21.5867
21.5867
20.0492
20.0492
20.0492
20.0492
20.0492
20.0492
20.0492
20.0492
33.8048
33.8048
33.8048
33.8048
33.8048
33.8048
33.8048
33.8048
32.8491
32.8491
32.8491
32.8491
32.8491
32.8491
32.8491
32.8491
32.0787
32.0787
32.0787
32.0787
32.0787
32.0787
32.0787
32.0787
31.4444
31.4444
31.4444
31.4444
31.4444
31.4444
31.4444
31.4444
30.8877
30.8877
30.8877
30.8877
30.8877
30.8877
30.8877
30.8877
30.3464
30.3464
30.3464
30.3464
30.3464
30.3464
30.3464
30.3464
29.7594
29.7594
29.7594
29.7594
29.7594
29.7594
29.7594
29.7594
29.0733
29.0733
29.0733
29.0733
29.0733
29.0733
29.0733
29.0733
28.2487
28.2487
28.2487
28.2487
28.2487
28.2487
28.2487
28.2487
27.2651
27.2651
27.2651
27.2651
27.2651
27.2651
27.2651
27.2651
26.1243
26.1243
26.1243
26.1243
26.1243
26.1243
26.1243
26.1243
24.8489
24.8489
24.8489
24.8489
24.8489
24.8489
24.8489
24.8489
23.4797
23.4797
23.4797
23.4797
23.4797
23.4797
23.4797
23.4797
22.0681
22.0681
22.0681
22.0681
22.0681
22.0681
22.0681
22.0681
20.6695
20.6695
20.6695
20.6695
20.6695
20.6695
20.6695
20.6695
19.3364
19.3364
19.3364
19.3364
19.3364
19.3364
19.3364
19.3364
33.8048
33.8048
33.8048
33.8048
33.8048
33.8048
33.8048
33.8048
32.8491
32.8491
32.8491
32.8491
32.8491
32.8491
32.8491
32.8491
32.0787
32.0787
32.0787
32.0787
32.0787
32.0787
32.0787
32.0787
31.4444
31.4444
31.4444
31.4444
31.4444
31.4444
31.4444
31.4444
30.8877
30.8877
30.8877
30.8877
30.8877
30.8877
30.8877
30.8877
30.3464
30.3464
30.3464
30.3464
30.3464
30.3464
30.3464
30.3464
29.7594
29.7594
29.7594
29.7594
29.7594
29.7594
29.7594
29.7594
29.0733
29.0733
29.0733
29.0733
29.0733
29.0733
29.0733
29.0733
28.2487
28.2487
28.2487
28.2487
28.2487
28.2487
28.2487
28.2487
27.2651
27.2651
27.2651
27.2651
27.2651
27.2651
27.2651
27.2651
26.1243
26.1243
26.1243
26.1243
26.1243
26.1243
26.1243
26.1243
24.8489
24.8489
24.8489
24.8489
24.8489
24.8489
24.8489
24.8489
23.4797
23.4797
23.4797
23.4797
23.4797
23.4797
23.4797
23.4797
22.0681
22.0681
22.0681
22.0681
22.0681
22.0681
22.0681
22.0681
20.6695
20.6695
20.6695
20.6695
20.6695
20.6695
20.6695
20.6695
19.3364
19.3364
19.3364
19.3364
19.3364
19.3364
19.3364
19.3364
33.8048
33.8048
33.8048
33.8048
33.8048
33.8048
33.8048
33.8048
32.8491
32.8491
32.8491
32.8491
32.8491
32.8491
32.8491
32.8491
32.0787
32.0787
32.0787
32.0787
32.0787
32.0787
32.0787
32.0787
31.4444
31.4444
31.4444
31.4444
31.4444
31.4444
31.4444
31.4444
30.8877
30.8877
30.8877
30.8877
30.8877
30.8877
30.8877
30.8877
30.3464
30.3464
30.3464
30.3464
30.3464
30.3464
30.3464
30.3464
29.7594
29.7594
29.7594
29.7594
29.7594
29.7594
29.7594
29.7594
29.0733
29.0733
29.0733
29.0733
29.0733
29.0733
29.0733
29.0733
28.2487
28.2487
28.2487
28.2487
28.2487
28.2487
28.2487
28.2487
27.2651
27.2651
27.2651
27.2651
27.2651
27.2651
27.2651
27.2651
26.1243
26.1243
26.1243
26.1243
26.1243
26.1243
26.1243
26.1243
24.8489
24.8489
24.8489
24.8489
24.8489
24.8489
24.8489
24.8489
23.4797
23.4797
23.4797
23.4797
23.4797
23.4797
23.4797
23.4797
22.0681
22.0681
22.0681
22.0681
22.0681
22.0681
22.0681
22.0681
20.6695
20.6695
20.6695
20.6695
20.6695
20.6695
20.6695
20.6695
19.3364
19.3364
19.3364
19.3364
19.3364
19.3364
19.3364
19.3364
33.8048
33.8048
33.8048
33.8048
33.8048
33.8048
33.8048
33.8048
32.8491
32.8491
32.8491
32.8491
32.8491
32.8491
32.8491
32.8491
32.0787
32.0787
32.0787
32.0787
32.0787
32.0787
32.0787
32.0787
31.4444
31.4444
31.4444
31.4444
31.4444
31.4444
31.4444
31.4444
30.8877
30.8877
30.8877
30.8877
30.8877
30.8877
30.8877
30.8877
30.3464
30.3464
30.3464
30.3464
30.3464
30.3464
30.3464
30.3464
29.7594
29.7594
29.7594
29.7594
29.7594
29.7594
29.7594
29.7594
29.0733
29.0733
29.0733
29.0733
29.0733
29.0733
29.0733
29.0733
28.2487
28.2487
28.2487
28.2487
28.2487
28.2487
28.2487
28.2487
27.2651
27.2651
27.2651
27.2651
27.2651
27.2651
27.2651
27.2651
26.1243
26.1243
26.1243
26.1243
26.1243
26.1243
26.1243
26.1243
24.8489
24.8489
24.8489
24.8489
24.8489
24.8489
24.8489
24.8489
23.4797
23.4797
23.4797
23.4797
23.4797
23.4797
23.4797
23.4797
22.0681
22.0681
22.0681
22.0681
22.0681
22.0681
22.0681
22.0681
20.6695
20.6695
20.6695
20.6695
20.6695
20.6695
20.6695
20.6695
19.3364
19.3364
19.3364
19.3364
19.3364
19.3364
19.3364
19.3364
31.1368
31.1368
31.1368
31.1368
31.1368
31.1368
31.1368
31.1368
30.1223
30.1223
30.1223
30.1223
30.1223
30.1223
30.1223
30.1223
29.3193
29.3193
29.3193
29.3193
29.3193
29.3193
29.3193
29.3193
28.6798
28.6798
28.6798
28.6798
28.6798
28.6798
28.6798
28.6798
28.1482
28.1482
28.1482
28.1482
28.1482
28.1482
28.1482
28.1482
27.6658
27.6658
27.6658
27.6658
27.6658
27.6658
27.6658
27.6658
27.1743
27.1743
27.1743
27.1743
27.1743
27.1743
27.1743
27.1743
26.6216
26.6216
26.6216
26.6216
26.6216
26.6216
26.6216
26.6216
25.9669
25.9669
25.9669
25.9669
25.9669
25.9669
25.9669
25.9669
25.1851
25.1851
25.1851
25.1851
25.1851
25.1851
25.1851
25.1851
24.2703
24.2703
24.2703
24.2703
24.2703
24.2703
24.2703
24.2703
23.2356
23.2356
23.2356
23.2356
23.2356
23.2356
23.2356
23.2356
22.1108
22.1108
22.1108
22.1108
22.1108
22.1108
22.1108
22.1108
20.9372
20.9372
20.9372
20.9372
20.9372
20.9372
20.9372
20.9372
19.7619
19.7619
19.7619
19.7619
19.7619
19.7619
19.7619
19.7619
18.6313
18.6313
18.6313
18.6313
18.6313
18.6313
18.6313
18.6313
31.1368
31.1368
31.1368
31.1368
31.1368
31.1368
31.1368
31.1368
30.1223
30.1223
30.1223
30.1223
30.1223
30.1223
30.1223
30.1223
29.3193
29.3193
29.3193
29.3193
29.3193
29.3193
29.3193
29.3193
28.6798
28.6798
28.6798
28.6798
28.6798
28.6798
28.6798
28.6798
28.1482
28.1482
28.1482
28.1482
28.1482
28.1482
28.1482
28.1482
27.6658
27.6658
27.6658
27.6658
27.6658
27.6658
27.6658
27.6658
27.1743
27.1743
27.1743
27.1743
27.1743
27.1743
27.1743
27.1743
26.6216
26.6216
26.6216
26.6216
26.6216
26.6216
26.6216
26.6216
25.9669
25.9669
25.9669
25.9669
25.9669
25.9669
25.9669
25.9669
25.1851
25.1851
25.1851
25.1851
25.1851
25.1851
25.1851
25.1851
24.2703
24.2703
24.2703
24.2703
24.2703
24.2703
24.2703
24.2703
23.2356
23.2356
23.2356
23.2356
23.2356
23.2356
23.2356
23.2356
22.1108
22.1108
22.1108
22.1108
22.1108
22.1108
22.1108
22.1108
20.9372
20.9372
20.9372
20.9372
20.9372
20.9372
20.9372
20.9372
19.7619
19.7619
19.7619
19.7619
19.7619
19.7619
19.7619
19.7619
18.6313
18.6313
18.6313
18.6313
18.6313
18.6313
18.6313
18.6313
31.1368
31.1368
31.1368
31.1368
31.1368
31.1368
31.1368
31.1368
30.1223
30.1223
30.1223
30.1223
30.1223
30.1223
30.1223
30.1223
29.3193
29.3193
29.3193
29.3193
29.3193
29.3193
29.3193
29.3193
28.6798
28.6798
28.6798
28.6798
28.6798
28.6798
28.6798
28.6798
28.1482
28.1482
28.1482
28.1482
28.1482
28.1482
28.1482
28.1482
27.6658
27.6658
27.6658
27.6658
27.6658
27.6658
27.6658
27.6658
27.1743
27.1743
27.1743
27.1743
27.1743
27.1743
27.1743
27.1743
26.6216
26.6216
26.6216
26.6216
26.6216
26.6216
26.6216
26.6216
25.9669
25.9669
25.9669
25.9669
25.9669
25.9669
25.9669
25.9669
25.1851
25.1851
25.1851
25.1851
25.1851
25.1851
25.1851
25.1851
24.2703
24.2703
24.2703
24.2703
24.2703
24.2703
24.2703
24.2703
23.2356
23.2356
23.2356
23.2356
23.2356
23.2356
23.2356
23.2356
22.1108
22.1108
22.1108
22.1108
22.1108
22.1108
22.1108
22.1108
20.9372
20.9372
20.9372
20.9372
20.9372
20.9372
20.9372
20.9372
19.7619
19.7619
19.7619
19.7619
19.7619
19.7619
19.7619
19.7619
18.6313
18.6313
18.6313
18.6313
18.6313
18.6313
18.6313
18.6313
31.1368
31.1368
31.1368
31.1368
31.1368
31.1368
31.1368
31.1368
30.1223
30.1223
30.1223
30.1223
30.1223
30.1223
30.1223
30.1223
29.3193
29.3193
29.3193
29.3193
29.3193
29.3193
29.3193
29.3193
28.6798
28.6798
28.6798
28.6798
28.6798
28.6798
28.6798
28.6798
28.1482
28.1482
28.1482
28.1482
28.1482
28.1482
28.1482
28.1482
27.6658
27.6658
27.6658
27.6658
27.6658
27.6658
27.6658
27.6658
27.1743
27.1743
27.1743
27.1743
27.1743
27.1743
27.1743
27.1743
26.6216
26.6216
26.6216
26.6216
26.6216
26.6216
26.6216
26.6216
25.9669
25.9669
25.9669
25.9669
25.9669
25.9669
25.9669
25.9669
25.1851
25.1851
25.1851
25.1851
25.1851
25.1851
25.1851
25.1851
24.2703
24.2703
24.2703
24.2703
24.2703
24.2703
24.2703
24.2703
23.2356
23.2356
23.2356
23.2356
23.2356
23.2356
23.2356
23.2356
22.1108
22.1108
22.1108
22.1108
22.1108
22.1108
22.1108
22.1108
20.9372
20.9372
20.9372
20.9372
20.9372
20.9372
20.9372
20.9372
19.7619
19.7619
19.7619
19.7619
19.7619
19.7619
19.7619
19.7619
18.6313
18.6313
18.6313
18.6313
18.6313
18.6313
18.6313
18.6313
28.6246
28.6246
28.6246
28.6246
28.6246
28.6246
28.6246
28.6246
27.5754
27.5754
27.5754
27.5754
27.5754
27.5754
27.5754
27.5754
26.7575
26.7575
26.7575
26.7575
26.7575
26.7575
26.7575
26.7575
26.1237
26.1237
26.1237
26.1237
26.1237
26.1237
26.1237
26.1237
25.6213
25.6213
25.6213
25.6213
25.6213
25.6213
25.6213
25.6213
25.1948
25.1948
25.1948
25.1948
25.1948
25.1948
25.1948
25.1948
24.7894
24.7894
24.7894
24.7894
24.7894
24.7894
24.7894
24.7894
24.3551
24.3551
24.3551
24.3551
24.3551
24.3551
24.3551
24.3551
23.8505
23.8505
23.8505
23.8505
23.8505
23.8505
23.8505
23.8505
23.248
23.248
23.248
23.248
23.248
23.248
23.248
23.248
22.5355
22.5355
22.5355
22.5355
22.5355
22.5355
22.5355
22.5355
21.7183
21.7183
21.7183
21.7183
21.7183
21.7183
21.7183
21.7183
20.817
20.817
20.817
20.817
20.817
20.817
20.817
20.817
19.8637
19.8637
19.8637
19.8637
19.8637
19.8637
19.8637
19.8637
18.8977
18.8977
18.8977
18.8977
18.8977
18.8977
18.8977
18.8977
17.9594
17.9594
17.9594
17.9594
17.9594
17.9594
17.9594
17.9594
28.6246
28.6246
28.6246
28.6246
28.6246
28.6246
28.6246
28.6246
27.5754
27.5754
27.5754
27.5754
27.5754
27.5754
27.5754
27.5754
26.7575
26.7575
26.7575
26.7575
26.7575
26.7575
26.7575
26.7575
26.1237
26.1237
26.1237
26.1237
26.1237
26.1237
26.1237
26.1237
25.6213
25.6213
25.6213
25.6213
25.6213
25.6213
25.6213
25.6213
25.1948
25.1948
25.1948
25.1948
25.1948
25.1948
25.1948
25.1948
24.7894
24.7894
24.7894
24.7894
24.7894
24.7894
24.7894
24.7894
24.3551
24.3551
24.3551
24.3551
24.3551
24.3551
24.3551
24.3551
23.8505
23.8505
23.8505
23.8505
23.8505
23.8505
23.8505
23.8505
23.248
23.248
23.248
23.248
23.248
23.248
23.248
23.248
22.5355
22.5355
22.5355
22.5355
22.5355
22.5355
22.5355
22.5355
21.7183
21.7183
21.7183
21.7183
21.7183
21.7183
21.7183
21.7183
20.817
20.817
20.817
20.817
20.817
20.817
20.817
20.817
19.8637
19.8637
19.8637
19.8637
19.8637
19.8637
19.8637
19.8637
18.8977
18.8977
18.8977
18.8977
18.8977
18.8977
18.8977
18.8977
17.9594
17.9594
17.9594
17.9594
17.9594
17.9594
17.9594
17.9594
28.6246
28.6246
28.6246
28.6246
28.6246
28.6246
28.6246
28.6246
27.5754
27.5754
27.5754
27.5754
27.5754
27.5754
27.5754
27.5754
26.7575
26.7575
26.7575
26.7575
26.7575
26.7575
26.7575
26.7575
26.1237
26.1237
26.1237
26.1237
26.1237
26.1237
26.1237
26.1237
25.6213
25.6213
25.6213
25.6213
25.6213
25.6213
25.6213
25.6213
25.1948
25.1948
25.1948
25.1948
25.1948
25.1948
25.1948
25.1948
24.7894
24.7894
24.7894
24.7894
24.7894
24.7894
24.7894
24.7894
24.3551
24.3551
24.3551
24.3551
24.3551
24.3551
24.3551
24.3551
23.8505
23.8505
23.8505
23.8505
23.8505
23.8505
23.8505
23.8505
23.248
23.248
23.248
23.248
23.248
23.248
23.248
23.248
22.5355
22.5355
22.5355
22.5355
22.5355
22.5355
22.5355
22.5355
21.7183
21.7183
21.7183
21.7183
21.7183
21.7183
21.7183
21.7183
20.817
20.817
20.817
20.817
20.817
20.817
20.817
20.817
19.8637
19.8637
19.8637
19.8637
19.8637
19.8637
19.8637
19.8637
18.8977
18.8977
18.8977
18.8977
18.8977
18.8977
18.8977
18.8977
17.9594
17.9594
17.9594
17.9594
17.9594
17.9594
17.9594
17.9594
28.6246
28.6246
28.6246
28.6246
28.6246
28.6246
28.6246
28.6246
27.5754
27.5754
27.5754
27.5754
27.5754
27.5754
27.5754
27.5754
26.7575
26.7575
26.7575
26.7575
26.7575
26.7575
26.7575
26.7575
26.1237
26.1237
26.1237
26.1237
26.1237
26.1237
26.1237
26.1237
25.6213
25.6213
25.6213
25.6213
25.6213
25.6213
25.6213
25.6213
25.1948
25.1948
25.1948
25.1948
25.1948
25.1948
25.1948
25.1948
24.7894
24.7894
24.7894
24.7894
24.7894
24.7894
24.7894
24.7894
24.3551
24.3551
24.3551
24.3551
24.3551
24.3551
24.3551
24.3551
23.8505
23.8505
23.8505
23.8505
23.8505
23.8505
23.8505
23.8505
23.248
23.248
23.248
23.248
23.248
23.248
23.248
23.248
22.5355
22.5355
22.5355
22.5355
22.5355
22.5355
22.5355
22.5355
21.7183
21.7183
21.7183
21.7183
21.7183
21.7183
21.7183
21.7183
20.817
20.817
20.817
20.817
20.817
20.817
20.817
20.817
19.8637
19.8637
19.8637
19.8637
19.8637
19.8637
19.8637
19.8637
18.8977
18.8977
18.8977
18.8977
18.8977
18.8977
18.8977
18.8977
17.9594
17.9594
17.9594
17.9594
17.9594
17.9594
17.9594
17.9594
26.3732
26.3732
26.3732
26.3732
26.3732
26.3732
26.3732
26.3732
25.3091
25.3091
25.3091
25.3091
25.3091
25.3091
25.3091
25.3091
24.4893
24.4893
24.4893
24.4893
24.4893
24.4893
24.4893
24.4893
23.8675
23.8675
23.8675
23.8675
23.8675
23.8675
23.8675
23.8675
23.3938
23.3938
23.3938
23.3938
23.3938
23.3938
23.3938
23.3938
23.0161
23.0161
23.0161
23.0161
23.0161
23.0161
23.0161
23.0161
22.6831
22.6831
22.6831
22.6831
22.6831
22.6831
22.6831
22.6831
22.3473
22.3473
22.3473
22.3473
22.3473
22.3473
22.3473
22.3473
21.9683
21.9683
21.9683
21.9683
21.9683
21.9683
21.9683
21.9683
21.5167
21.5167
21.5167
21.5167
21.5167
21.5167
21.5167
21.5167
20.9766
20.9766
20.9766
20.9766
20.9766
20.9766
20.9766
20.9766
20.3471
20.3471
20.3471
20.3471
20.3471
20.3471
20.3471
20.3471
19.6413
19.6413
19.6413
19.6413
19.6413
19.6413
19.6413
19.6413
18.8835
18.8835
18.8835
18.8835
18.8835
18.8835
18.8835
18.8835
18.1058
18.1058
18.1058
18.1058
18.1058
18.1058
18.1058
18.1058
17.343
17.343
17.343
17.343
17.343
17.343
17.343
17.343
26.3732
26.3732
26.3732
26.3732
26.3732
26.3732
26.3732
26.3732
25.3091
25.3091
25.3091
25.3091
25.3091
25.3091
25.3091
25.3091
24.4893
24.4893
24.4893
24.4893
24.4893
24.4893
24.4893
24.4893
23.8675
23.8675
23.8675
23.8675
23.8675
23.8675
23.8675
23.8675
23.3938
23.3938
23.3938
23.3938
23.3938
23.3938
23.3938
23.3938
23.0161
23.0161
23.0161
23.0161
23.0161
23.0161
23.0161
23.0161
22.6831
22.6831
22.6831
22.6831
22.6831
22.6831
22.6831
22.6831
22.3473
22.3473
22.3473
22.3473
22.3473
22.3473
22.3473
22.3473
21.9683
21.9683
21.9683
21.9683
21.9683
21.9683
21.9683
21.9683
21.5167
21.5167
21.5167
21.5167
21.5167
21.5167
21.5167
21.5167
20.9766
20.9766
20.9766
20.9766
20.9766
20.9766
20.9766
20.9766
20.3471
20.3471
20.3471
20.3471
20.3471
20.3471
20.3471
20.3471
19.6413
19.6413
19.6413
19.6413
19.6413
19.6413
19.6413
19.6413
18.8835
18.8835
18.8835
18.8835
18.8835
18.8835
18.8835
18.8835
18.1058
18.1058
18.1058
18.1058
18.1058
18.1058
18.1058
18.1058
17.343
17.343
17.343
17.343
17.343
17.343
17.343
17.343
26.3732
26.3732
26.3732
26.3732
26.3732
26.3732
26.3732
26.3732
25.3091
25.3091
25.3091
25.3091
25.3091
25.3091
25.3091
25.3091
24.4893
24.4893
24.4893
24.4893
24.4893
24.4893
24.4893
24.4893
23.8675
23.8675
23.8675
23.8675
23.8675
23.8675
23.8675
23.8675
23.3938
23.3938
23.3938
23.3938
23.3938
23.3938
23.3938
23.3938
23.0161
23.0161
23.0161
23.0161
23.0161
23.0161
23.0161
23.0161
22.6831
22.6831
22.6831
22.6831
22.6831
22.6831
22.6831
22.6831
22.3473
22.3473
22.3473
22.3473
22.3473
22.3473
22.3473
22.3473
21.9683
21.9683
21.9683
21.9683
21.9683
21.9683
21.9683
21.9683
21.5167
21.5167
21.5167
21.5167
21.5167
21.5167
21.5167
21.5167
20.9766
20.9766
20.9766
20.9766
20.9766
20.9766
20.9766
20.9766
20.3471
20.3471
20.3471
20.3471
20.3471
20.3471
20.3471
20.3471
19.6413
19.6413
19.6413
19.6413
19.6413
19.6413
19.6413
19.6413
18.8835
18.8835
18.8835
18.8835
18.8835
18.8835
18.8835
18.8835
18.1058
18.1058
18.1058
18.1058
18.1058
18.1058
18.1058
18.1058
17.343
17.343
17.343
17.343
17.343
17.343
17.343
17.343
26.3732
26.3732
26.3732
26.3732
26.3732
26.3732
26.3732
26.3732
25.3091
25.3091
25.3091
25.3091
25.3091
25.3091
25.3091
25.3091
24.4893
24.4893
24.4893
24.4893
24.4893
24.4893
24.4893
24.4893
23.8675
23.8675
23.8675
23.8675
23.8675
23.8675
23.8675
23.8675
23.3938
23.3938
23.3938
23.3938
23.3938
23.3938
23.3938
23.3938
23.0161
23.0161
23.0161
23.0161
23.0161
23.0161
23.0161
23.0161
22.6831
22.6831
22.6831
22.6831
22.6831
22.6831
22.6831
22.6831
22.3473
22.3473
22.3473
22.3473
22.3473
22.3473
22.3473
22.3473
21.9683
21.9683
21.9683
21.9683
21.9683
21.9683
21.9683
21.9683
21.5167
21.5167
21.5167
21.5167
21.5167
21.5167
21.5167
21.5167
20.9766
20.9766
20.9766
20.9766
20.9766
20.9766
20.9766
20.9766
20.3471
20.3471
20.3471
20.3471
20.3471
20.3471
20.3471
20.3471
19.6413
19.6413
19.6413
19.6413
19.6413
19.6413
19.6413
19.6413
18.8835
18.8835
18.8835
18.8835
18.8835
18.8835
18.8835
18.8835
18.1058
18.1058
18.1058
18.1058
18.1058
18.1058
18.1058
18.1058
17.343
17.343
17.343
17.343
17.343
17.343
17.343
17.343
24.4464
24.4464
24.4464
24.4464
24.4464
24.4464
24.4464
24.4464
23.3817
23.3817
23.3817
23.3817
23.3817
23.3817
23.3817
23.3817
22.5683
22.5683
22.5683
22.5683
22.5683
22.5683
22.5683
22.5683
21.9611
21.9611
21.9611
21.9611
21.9611
21.9611
21.9611
21.9611
21.5127
21.5127
21.5127
21.5127
21.5127
21.5127
21.5127
21.5127
21.1744
21.1744
21.1744
21.1744
21.1744
21.1744
21.1744
21.1744
20.8984
20.8984
20.8984
20.8984
20.8984
20.8984
20.8984
20.8984
20.64
20.64
20.64
20.64
20.64
20.64
20.64
20.64
20.3605
20.3605
20.3605
20.3605
20.3605
20.3605
20.3605
20.3605
20.03
20.03
20.03
20.03
20.03
20.03
20.03
20.03
19.6303
19.6303
19.6303
19.6303
19.6303
19.6303
19.6303
19.6303
19.1559
19.1559
19.1559
19.1559
19.1559
19.1559
19.1559
19.1559
18.6141
18.6141
18.6141
18.6141
18.6141
18.6141
18.6141
18.6141
18.0232
18.0232
18.0232
18.0232
18.0232
18.0232
18.0232
18.0232
17.4087
17.4087
17.4087
17.4087
17.4087
17.4087
17.4087
17.4087
16.8004
16.8004
16.8004
16.8004
16.8004
16.8004
16.8004
16.8004
24.4464
24.4464
24.4464
24.4464
24.4464
24.4464
24.4464
24.4464
23.3817
23.3817
23.3817
23.3817
23.3817
23.3817
23.3817
23.3817
22.5683
22.5683
22.5683
22.5683
22.5683
22.5683
22.5683
22.5683
21.9611
21.9611
21.9611
21.9611
21.9611
21.9611
21.9611
21.9611
21.5127
21.5127
21.5127
21.5127
21.5127
21.5127
21.5127
21.5127
21.1744
21.1744
21.1744
21.1744
21.1744
21.1744
21.1744
21.1744
20.8984
20.8984
20.8984
20.8984
20.8984
20.8984
20.8984
20.8984
20.64
20.64
20.64
20.64
20.64
20.64
20.64
20.64
20.3605
20.3605
20.3605
20.3605
20.3605
20.3605
20.3605
20.3605
20.03
20.03
20.03
20.03
20.03
20.03
20.03
20.03
19.6303
19.6303
19.6303
19.6303
19.6303
19.6303
19.6303
19.6303
19.1559
19.1559
19.1559
19.1559
19.1559
19.1559
19.1559
19.1559
18.6141
18.6141
18.6141
18.6141
18.6141
18.6141
18.6141
18.6141
18.0232
18.0232
18.0232
18.0232
18.0232
18.0232
18.0232
18.0232
17.4087
17.4087
17.4087
17.4087
17.4087
17.4087
17.4087
17.4087
16.8004
16.8004
16.8004
16.8004
16.8004
16.8004
16.8004
16.8004
24.4464
24.4464
24.4464
24.4464
24.4464
24.4464
24.4464
24.4464
23.3817
23.3817
23.3817
23.3817
23.3817
23.3817
23.3817
23.3817
22.5683
22.5683
22.5683
22.5683
22.5683
22.5683
22.5683
22.5683
21.9611
21.9611
21.9611
21.9611
21.9611
21.9611
21.9611
21.9611
21.5127
21.5127
21.5127
21.5127
21.5127
21.5127
21.5127
21.5127
21.1744
21.1744
21.1744
21.1744
21.1744
21.1744
21.1744
21.1744
20.8984
20.8984
20.8984
20.8984
20.8984
20.8984
20.8984
20.8984
20.64
20.64
20.64
20.64
20.64
20.64
20.64
20.64
20.3605
20.3605
20.3605
20.3605
20.3605
20.3605
20.3605
20.3605
20.03
20.03
20.03
20.03
20.03
20.03
20.03
20.03
19.6303
19.6303
19.6303
19.6303
19.6303
19.6303
19.6303
19.6303
19.1559
19.1559
19.1559
19.1559
19.1559
19.1559
19.1559
19.1559
18.6141
18.6141
18.6141
18.6141
18.6141
18.6141
18.6141
18.6141
18.0232
18.0232
18.0232
18.0232
18.0232
18.0232
18.0232
18.0232
17.4087
17.4087
17.4087
17.4087
17.4087
17.4087
17.4087
17.4087
16.8004
16.8004
16.8004
16.8004
16.8004
16.8004
16.8004
16.8004
24.4464
24.4464
24.4464
24.4464
24.4464
24.4464
24.4464
24.4464
23.3817
23.3817
23.3817
23.3817
23.3817
23.3817
23.3817
23.3817
22.5683
22.5683
22.5683
22.5683
22.5683
22.5683
22.5683
22.5683
21.9611
21.9611
21.9611
21.9611
21.9611
21.9611
21.9611
21.9611
21.5127
21.5127
21.5127
21.5127
21.5127
21.5127
21.5127
21.5127
21.1744
21.1744
21.1744
21.1744
21.1744
21.1744
21.1744
21.1744
20.8984
20.8984
20.8984
20.8984
20.8984
20.8984
20.8984
20.8984
20.64
20.64
20.64
20.64
20.64
20.64
20.64
20.64
20.3605
20.3605
20.3605
20.3605
20.3605
20.3605
20.3605
20.3605
20.03
20.03
20.03
20.03
20.03
20.03
20.03
20.03
19.6303
19.6303
19.6303
19.6303
19.6303
19.6303
19.6303
19.6303
19.1559
19.1559
19.1559
19.1559
19.1559
19.1559
19.1559
19.1559
18.6141
18.6141
18.6141
18.6141
18.6141
18.6141
18.6141
18.6141
18.0232
18.0232
18.0232
18.0232
18.0232
18.0232
18.0232
18.0232
17.4087
17.4087
17.4087
17.4087
17.4087
17.4087
17.4087
17.4087
16.8004
16.8004
16.8004
16.8004
16.8004
16.8004
16.8004
16.8004
22.8735
22.8735
22.8735
22.8735
22.8735
22.8735
22.8735
22.8735
21.8177
21.8177
21.8177
21.8177
21.8177
21.8177
21.8177
21.8177
21.0151
21.0151
21.0151
21.0151
21.0151
21.0151
21.0151
21.0151
20.4223
20.4223
20.4223
20.4223
20.4223
20.4223
20.4223
20.4223
19.994
19.994
19.994
19.994
19.994
19.994
19.994
19.994
19.6849
19.6849
19.6849
19.6849
19.6849
19.6849
19.6849
19.6849
19.4505
19.4505
19.4505
19.4505
19.4505
19.4505
19.4505
19.4505
19.2491
19.2491
19.2491
19.2491
19.2491
19.2491
19.2491
19.2491
19.044
19.044
19.044
19.044
19.044
19.044
19.044
19.044
18.8057
18.8057
18.8057
18.8057
18.8057
18.8057
18.8057
18.8057
18.515
18.515
18.515
18.515
18.515
18.515
18.515
18.515
18.1634
18.1634
18.1634
18.1634
18.1634
18.1634
18.1634
18.1634
17.7539
17.7539
17.7539
17.7539
17.7539
17.7539
17.7539
17.7539
17.2996
17.2996
17.2996
17.2996
17.2996
17.2996
17.2996
17.2996
16.8213
16.8213
16.8213
16.8213
16.8213
16.8213
16.8213
16.8213
16.3441
16.3441
16.3441
16.3441
16.3441
16.3441
16.3441
16.3441
22.8735
22.8735
22.8735
22.8735
22.8735
22.8735
22.8735
22.8735
21.8177
21.8177
21.8177
21.8177
21.8177
21.8177
21.8177
21.8177
21.0151
21.0151
21.0151
21.0151
21.0151
21.0151
21.0151
21.0151
20.4223
20.4223
20.4223
20.4223
20.4223
20.4223
20.4223
20.4223
19.994
19.994
19.994
19.994
19.994
19.994
19.994
19.994
19.6849
19.6849
19.6849
19.6849
19.6849
19.6849
19.6849
19.6849
19.4505
19.4505
19.4505
19.4505
19.4505
19.4505
19.4505
19.4505
19.2491
19.2491
19.2491
19.2491
19.2491
19.2491
19.2491
19.2491
19.044
19.044
19.044
19.044
19.044
19.044
19.044
19.044
18.8057
18.8057
18.8057
18.8057
18.8057
18.8057
18.8057
18.8057
18.515
18.515
18.515
18.515
18.515
18.515
18.515
18.515
18.1634
18.1634
18.1634
18.1634
18.1634
18.1634
18.1634
18.1634
17.7539
17.7539
17.7539
17.7539
17.7539
17.7539
17.7539
17.7539
17.2996
17.2996
17.2996
17.2996
17.2996
17.2996
17.2996
17.2996
16.8213
16.8213
16.8213
16.8213
16.8213
16.8213
16.8213
16.8213
16.3441
16.3441
16.3441
16.3441
16.3441
16.3441
16.3441
16.3441
22.8735
22.8735
22.8735
22.8735
22.8735
22.8735
22.8735
22.8735
21.8177
21.8177
21.8177
21.8177
21.8177
21.8177
21.8177
21.8177
21.0151
21.0151
21.0151
21.0151
21.0151
21.0151
21.0151
21.0151
20.4223
20.4223
20.4223
20.4223
20.4223
20.4223
20.4223
20.4223
19.994
19.994
19.994
19.994
19.994
19.994
19.994
19.994
19.6849
19.6849
19.6849
19.6849
19.6849
19.6849
19.6849
19.6849
19.4505
19.4505
19.4505
19.4505
19.4505
19.4505
19.4505
19.4505
19.2491
19.2491
19.2491
19.2491
19.2491
19.2491
19.2491
19.2491
19.044
19.044
19.044
19.044
19.044
19.044
19.044
19.044
18.8057
18.8057
18.8057
18.8057
18.8057
18.8057
18.8057
18.8057
18.515
18.515
18.515
18.515
18.515
18.515
18.515
18.515
18.1634
18.1634
18.1634
18.1634
18.1634
18.1634
18.1634
18.1634
17.7539
17.7539
17.7539
17.7539
17.7539
17.7539
17.7539
17.7539
17.2996
17.2996
17.2996
17.2996
17.2996
17.2996
17.2996
17.2996
16.8213
16.8213
16.8213
16.8213
16.8213
16.8213
16.8213
16.8213
16.3441
16.3441
16.3441
16.3441
16.3441
16.3441
16.3441
16.3441
22.8735
22.8735
22.8735
22.8735
22.8735
22.8735
22.8735
22.8735
21.8177
21.8177
21.8177
21.8177
21.8177
21.8177
21.8177
21.8177
21.0151
21.0151
21.0151
21.0151
21.0151
21.0151
21.0151
21.0151
20.4223
20.4223
20.4223
20.4223
20.4223
20.4223
20.4223
20.4223
19.994
19.994
19.994
19.994
19.994
19.994
19.994
19.994
19.6849
19.6849
19.6849
19.6849
19.6849
19.6849
19.6849
19.6849
19.4505
19.4505
19.4505
19.4505
19.4505
19.4505
19.4505
19.4505
19.2491
19.2491
19.2491
19.2491
19.2491
19.2491
19.2491
19.2491
19.044
19.044
19.044
19.044
19.044
19.044
19.044
19.044
18.8057
18.8057
18.8057
18.8057
18.8057
18.8057
18.8057
18.8057
18.515
18.515
18.515
18.515
18.515
18.515
18.515
18.515
18.1634
18.1634
18.1634
18.1634
18.1634
18.1634
18.1634
18.1634
17.7539
17.7539
17.7539
17.7539
17.7539
17.7539
17.7539
17.7539
17.2996
17.2996
17.2996
17.2996
17.2996
17.2996
17.2996
17.2996
16.8213
16.8213
16.8213
16.8213
16.8213
16.8213
16.8213
16.8213
16.3441
16.3441
16.3441
16.3441
16.3441
16.3441
16.3441
16.3441
21.6597
21.6597
21.6597
21.6597
21.6597
21.6597
21.6597
21.6597
20.6182
20.6182
20.6182
20.6182
20.6182
20.6182
20.6182
20.6182
19.828
19.828
19.828
19.828
19.828
19.828
19.828
19.828
19.247
19.247
19.247
19.247
19.247
19.247
19.247
19.247
18.8326
18.8326
18.8326
18.8326
18.8326
18.8326
18.8326
18.8326
18.5426
18.5426
18.5426
18.5426
18.5426
18.5426
18.5426
18.5426
18.3353
18.3353
18.3353
18.3353
18.3353
18.3353
18.3353
18.3353
18.1721
18.1721
18.1721
18.1721
18.1721
18.1721
18.1721
18.1721
18.0184
18.0184
18.0184
18.0184
18.0184
18.0184
18.0184
18.0184
17.846
17.846
17.846
17.846
17.846
17.846
17.846
17.846
17.6352
17.6352
17.6352
17.6352
17.6352
17.6352
17.6352
17.6352
17.3757
17.3757
17.3757
17.3757
17.3757
17.3757
17.3757
17.3757
17.0679
17.0679
17.0679
17.0679
17.0679
17.0679
17.0679
17.0679
16.7209
16.7209
16.7209
16.7209
16.7209
16.7209
16.7209
16.7209
16.3514
16.3514
16.3514
16.3514
16.3514
16.3514
16.3514
16.3514
15.9809
15.9809
15.9809
15.9809
15.9809
15.9809
15.9809
15.9809
21.6597
21.6597
21.6597
21.6597
21.6597
21.6597
21.6597
21.6597
20.6182
20.6182
20.6182
20.6182
20.6182
20.6182
20.6182
20.6182
19.828
19.828
19.828
19.828
19.828
19.828
19.828
19.828
19.247
19.247
19.247
19.247
19.247
19.247
19.247
19.247
18.8326
18.8326
18.8326
18.8326
18.8326
18.8326
18.8326
18.8326
18.5426
18.5426
18.5426
18.5426
18.5426
18.5426
18.5426
18.5426
18.3353
18.3353
18.3353
18.3353
18.3353
18.3353
18.3353
18.3353
18.1721
18.1721
18.1721
18.1721
18.1721
18.1721
18.1721
18.1721
18.0184
18.0184
18.0184
18.0184
18.0184
18.0184
18.0184
18.0184
17.846
17.846
17.846
17.846
17.846
17.846
17.846
17.846
17.6352
17.6352
17.6352
17.6352
17.6352
17.6352
17.6352
17.6352
17.3757
17.3757
17.3757
17.3757
17.3757
17.3757
17.3757
17.3757
17.0679
17.0679
17.0679
17.0679
17.0679
17.0679
17.0679
17.0679
16.7209
16.7209
16.7209
16.7209
16.7209
16.7209
16.7209
16.7209
16.3514
16.3514
16.3514
16.3514
16.3514
16.3514
16.3514
16.3514
15.9809
15.9809
15.9809
15.9809
15.9809
15.9809
15.9809
15.9809
21.6597
21.6597
21.6597
21.6597
21.6597
21.6597
21.6597
21.6597
20.6182
20.6182
20.6182
20.6182
20.6182
20.6182
20.6182
20.6182
19.828
19.828
19.828
19.828
19.828
19.828
19.828
19.828
19.247
19.247
19.247
19.247
19.247
19.247
19.247
19.247
18.8326
18.8326
18.8326
18.8326
18.8326
18.8326
18.8326
18.8326
18.5426
18.5426
18.5426
18.5426
18.5426
18.5426
18.5426
18.5426
18.3353
18.3353
18.3353
18.3353
18.3353
18.3353
18.3353
18.3353
18.1721
18.1721
18.1721
18.1721
18.1721
18.1721
18.1721
18.1721
18.0184
18.0184
18.0184
18.0184
18.0184
18.0184
18.0184
18.0184
17.846
17.846
17.846
17.846
17.846
17.846
17.846
17.846
17.6352
17.6352
17.6352
17.6352
17.6352
17.6352
17.6352
17.6352
17.3757
17.3757
17.3757
17.3757
17.3757
17.3757
17.3757
17.3757
17.0679
17.0679
17.0679
17.0679
17.0679
17.0679
17.0679
17.0679
16.7209
16.7209
16.7209
16.7209
16.7209
16.7209
16.7209
16.7209
16.3514
16.3514
16.3514
16.3514
16.3514
16.3514
16.3514
16.3514
15.9809
15.9809
15.9809
15.9809
15.9809
15.9809
15.9809
15.9809
21.6597
21.6597
21.6597
21.6597
21.6597
21.6597
21.6597
21.6597
20.6182
20.6182
20.6182
20.6182
20.6182
20.6182
20.6182
20.6182
19.828
19.828
19.828
19.828
19.828
19.828
19.828
19.828
19.247
19.247
19.247
19.247
19.247
19.247
19.247
19.247
18.8326
18.8326
18.8326
18.8326
18.8326
18.8326
18.8326
18.8326
18.5426
18.5426
18.5426
18.5426
18.5426
18.5426
18.5426
18.5426
18.3353
18.3353
18.3353
18.3353
18.3353
18.3353
18.3353
18.3353
18.1721
18.1721
18.1721
18.1721
18.1721
18.1721
18.1721
18.1721
18.0184
18.0184
18.0184
18.0184
18.0184
18.0184
18.0184
18.0184
17.846
17.846
17.846
17.846
17.846
17.846
17.846
17.846
17.6352
17.6352
17.6352
17.6352
17.6352
17.6352
17.6352
17.6352
17.3757
17.3757
17.3757
17.3757
17.3757
17.3757
17.3757
17.3757
17.0679
17.0679
17.0679
17.0679
17.0679
17.0679
17.0679
17.0679
16.7209
16.7209
16.7209
16.7209
16.7209
16.7209
16.7209
16.7209
16.3514
16.3514
16.3514
16.3514
16.3514
16.3514
16.3514
16.3514
15.9809
15.9809
15.9809
15.9809
15.9809
15.9809
15.9809
15.9809
20.794
20.794
20.794
20.794
20.794
20.794
20.794
20.794
19.7698
19.7698
19.7698
19.7698
19.7698
19.7698
19.7698
19.7698
18.9912
18.9912
18.9912
18.9912
18.9912
18.9912
18.9912
18.9912
18.4185
18.4185
18.4185
18.4185
18.4185
18.4185
18.4185
18.4185
18.0115
18.0115
18.0115
18.0115
18.0115
18.0115
18.0115
18.0115
17.7305
17.7305
17.7305
17.7305
17.7305
17.7305
17.7305
17.7305
17.5371
17.5371
17.5371
17.5371
17.5371
17.5371
17.5371
17.5371
17.3952
17.3952
17.3952
17.3952
17.3952
17.3952
17.3952
17.3952
17.2725
17.2725
17.2725
17.2725
17.2725
17.2725
17.2725
17.2725
17.1423
17.1423
17.1423
17.1423
17.1423
17.1423
17.1423
17.1423
16.985
16.985
16.985
16.985
16.985
16.985
16.985
16.985
16.79
16.79
16.79
16.79
16.79
16.79
16.79
16.79
16.5552
16.5552
16.5552
16.5552
16.5552
16.5552
16.5552
16.5552
16.2874
16.2874
16.2874
16.2874
16.2874
16.2874
16.2874
16.2874
16.0002
16.0002
16.0002
16.0002
16.0002
16.0002
16.0002
16.0002
15.7118
15.7118
15.7118
15.7118
15.7118
15.7118
15.7118
15.7118
20.794
20.794
20.794
20.794
20.794
20.794
20.794
20.794
19.7698
19.7698
19.7698
19.7698
19.7698
19.7698
19.7698
19.7698
18.9912
18.9912
18.9912
18.9912
18.9912
18.9912
18.9912
18.9912
18.4185
18.4185
18.4185
18.4185
18.4185
18.4185
18.4185
18.4185
18.0115
18.0115
18.0115
18.0115
18.0115
18.0115
18.0115
18.0115
17.7305
17.7305
17.7305
17.7305
17.7305
17.7305
17.7305
17.7305
17.5371
17.5371
17.5371
17.5371
17.5371
17.5371
17.5371
17.5371
17.3952
17.3952
17.3952
17.3952
17.3952
17.3952
17.3952
17.3952
17.2725
17.2725
17.2725
17.2725
17.2725
17.2725
17.2725
17.2725
17.1423
17.1423
17.1423
17.1423
17.1423
17.1423
17.1423
17.1423
16.985
16.985
16.985
16.985
16.985
16.985
16.985
16.985
16.79
16.79
16.79
16.79
16.79
16.79
16.79
16.79
16.5552
16.5552
16.5552
16.5552
16.5552
16.5552
16.5552
16.5552
16.2874
16.2874
16.2874
16.2874
16.2874
16.2874
16.2874
16.2874
16.0002
16.0002
16.0002
16.0002
16.0002
16.0002
16.0002
16.0002
15.7118
15.7118
15.7118
15.7118
15.7118
15.7118
15.7118
15.7118
20.794
20.794
20.794
20.794
20.794
20.794
20.794
20.794
19.7698
19.7698
19.7698
19.7698
19.7698
19.7698
19.7698
19.7698
18.9912
18.9912
18.9912
18.9912
18.9912
18.9912
18.9912
18.9912
18.4185
18.4185
18.4185
18.4185
18.4185
18.4185
18.4185
18.4185
18.0115
18.0115
18.0115
18.0115
18.0115
18.0115
18.0115
18.0115
17.7305
17.7305
17.7305
17.7305
17.7305
17.7305
17.7305
17.7305
17.5371
17.5371
17.5371
17.5371
17.5371
17.5371
17.5371
17.5371
17.3952
17.3952
17.3952
17.3952
17.3952
17.3952
17.3952
17.3952
17.2725
17.2725
17.2725
17.2725
17.2725
17.2725
17.2725
17.2725
17.1423
17.1423
17.1423
17.1423
17.1423
17.1423
17.1423
17.1423
16.985
16.985
16.985
16.985
16.985
16.985
16.985
16.985
16.79
16.79
16.79
16.79
16.79
16.79
16.79
16.79
16.5552
16.5552
16.5552
16.5552
16.5552
16.5552
16.5552
16.5552
16.2874
16.2874
16.2874
16.2874
16.2874
16.2874
16.2874
16.2874
16.0002
16.0002
16.0002
16.0002
16.0002
16.0002
16.0002
16.0002
15.7118
15.7118
15.7118
15.7118
15.7118
15.7118
15.7118
15.7118
20.794
20.794
20.794
20.794
20.794
20.794
20.794
20.794
19.7698
19.7698
19.7698
19.7698
19.7698
19.7698
19.7698
19.7698
18.9912
18.9912
18.9912
18.9912
18.9912
18.9912
18.9912
18.9912
18.4185
18.4185
18.4185
18.4185
18.4185
18.4185
18.4185
18.4185
18.0115
18.0115
18.0115
18.0115
18.0115
18.0115
18.0115
18.0115
17.7305
17.7305
17.7305
17.7305
17.7305
17.7305
17.7305
17.7305
17.5371
17.5371
17.5371
17.5371
17.5371
17.5371
17.5371
17.5371
17.3952
17.3952
17.3952
17.3952
17.3952
17.3952
17.3952
17.3952
17.2725
17.2725
17.2725
17.2725
17.2725
17.2725
17.2725
17.2725
17.1423
17.1423
17.1423
17.1423
17.1423
17.1423
17.1423
17.1423
16.985
16.985
16.985
16.985
16.985
16.985
16.985
16.985
16.79
16.79
16.79
16.79
16.79
16.79
16.79
16.79
16.5552
16.5552
16.5552
16.5552
16.5552
16.5552
16.5552
16.5552
16.2874
16.2874
16.2874
16.2874
16.2874
16.2874
16.2874
16.2874
16.0002
16.0002
16.0002
16.0002
16.0002
16.0002
16.0002
16.0002
15.7118
15.7118
15.7118
15.7118
15.7118
15.7118
15.7118
15.7118
