8192
21.906
21.906
21.906
21.906
21.906
21.906
21.906
21.906
20.0599
20.0599
20.0599
20.0599
20.0599
20.0599
20.0599
20.0599
18.4862
18.4862
18.4862
18.4862
18.4862
18.4862
18.4862
18.4862
17.188
17.188
17.188
17.188
17.188
17.188
17.188
17.188
16.1555
16.1555
16.1555
16.1555
16.1555
16.1555
16.1555
16.1555
15.3703
15.3703
15.3703
15.3703
15.3703
15.3703
15.3703
15.3703
14.8093
14.8093
14.8093
14.8093
14.8093
14.8093
14.8093
14.8093
14.446
14.446
14.446
14.446
14.446
14.446
14.446
14.446
14.2521
14.2521
14.2521
14.2521
14.2521
14.2521
14.2521
14.2521
14.1974
14.1974
14.1974
14.1974
14.1974
14.1974
14.1974
14.1974
14.2498
14.2498
14.2498
14.2498
14.2498
14.2498
14.2498
14.2498
14.3761
14.3761
14.3761
14.3761
14.3761
14.3761
14.3761
14.3761
14.5421
14.5421
14.5421
14.5421
14.5421
14.5421
14.5421
14.5421
14.7156
14.7156
14.7156
14.7156
14.7156
14.7156
14.7156
14.7156
14.8686
14.8686
14.8686
14.8686
14.8686
14.8686
14.8686
14.8686
14.982
14.982
14.982
14.982
14.982
14.982
14.982
14.982
21.906
21.906
21.906
21.906
21.906
21.906
21.906
21.906
20.0599
20.0599
20.0599
20.0599
20.0599
20.0599
20.0599
20.0599
18.4862
18.4862
18.4862
18.4862
18.4862
18.4862
18.4862
18.4862
17.188
17.188
17.188
17.188
17.188
17.188
17.188
17.188
16.1555
16.1555
16.1555
16.1555
16.1555
16.1555
16.1555
16.1555
15.3703
15.3703
15.3703
15.3703
15.3703
15.3703
15.3703
15.3703
14.8093
14.8093
14.8093
14.8093
14.8093
14.8093
14.8093
14.8093
14.446
14.446
14.446
14.446
14.446
14.446
14.446
14.446
14.2521
14.2521
14.2521
14.2521
14.2521
14.2521
14.2521
14.2521
14.1974
14.1974
14.1974
14.1974
14.1974
14.1974
14.1974
14.1974
14.2498
14.2498
14.2498
14.2498
14.2498
14.2498
14.2498
14.2498
14.3761
14.3761
14.3761
14.3761
14.3761
14.3761
14.3761
14.3761
14.5421
14.5421
14.5421
14.5421
14.5421
14.5421
14.5421
14.5421
14.7156
14.7156
14.7156
14.7156
14.7156
14.7156
14.7156
14.7156
14.8686
14.8686
14.8686
14.8686
14.8686
14.8686
14.8686
14.8686
14.982
14.982
14.982
14.982
14.982
14.982
14.982
14.982
21.906
21.906
21.906
21.906
21.906
21.906
21.906
21.906
20.0599
20.0599
20.0599
20.0599
20.0599
20.0599
20.0599
20.0599
18.4862
18.4862
18.4862
18.4862
18.4862
18.4862
18.4862
18.4862
17.188
17.188
17.188
17.188
17.188
17.188
17.188
17.188
16.1555
16.1555
16.1555
16.1555
16.1555
16.1555
16.1555
16.1555
15.3703
15.3703
15.3703
15.3703
15.3703
15.3703
15.3703
15.3703
14.8093
14.8093
14.8093
14.8093
14.8093
14.8093
14.8093
14.8093
14.446
14.446
14.446
14.446
14.446
14.446
14.446
14.446
14.2521
14.2521
14.2521
14.2521
14.2521
14.2521
14.2521
14.2521
14.1974
14.1974
14.1974
14.1974
14.1974
14.1974
14.1974
14.1974
14.2498
14.2498
14.2498
14.2498
14.2498
14.2498
14.2498
14.2498
14.3761
14.3761
14.3761
14.3761
14.3761
14.3761
14.3761
14.3761
14.5421
14.5421
14.5421
14.5421
14.5421
14.5421
14.5421
14.5421
14.7156
14.7156
14.7156
14.7156
14.7156
14.7156
14.7156
14.7156
14.8686
14.8686
14.8686
14.8686
14.8686
14.8686
14.8686
14.8686
14.982
14.982
14.982
14.982
14.982
14.982
14.982
14.982
21.906
21.906
21.906
21.906
21.906
21.906
21.906
21.906
20.0599
20.0599
20.0599
20.0599
20.0599
20.0599
20.0599
20.0599
18.4862
18.4862
18.4862
18.4862
18.4862
18.4862
18.4862
18.4862
17.188
17.188
17.188
17.188
17.188
17.188
17.188
17.188
16.1555
16.1555
16.1555
16.1555
16.1555
16.1555
16.1555
16.1555
15.3703
15.3703
15.3703
15.3703
15.3703
15.3703
15.3703
15.3703
14.8093
14.8093
14.8093
14.8093
14.8093
14.8093
14.8093
14.8093
14.446
14.446
14.446
14.446
14.446
14.446
14.446
14.446
14.2521
14.2521
14.2521
14.2521
14.2521
14.2521
14.2521
14.2521
14.1974
14.1974
14.1974
14.1974
14.1974
14.1974
14.1974
14.1974
14.2498
14.2498
14.2498
14.2498
14.2498
14.2498
14.2498
14.2498
14.3761
14.3761
14.3761
14.3761
14.3761
14.3761
14.3761
14.3761
14.5421
14.5421
14.5421
14.5421
14.5421
14.5421
14.5421
14.5421
14.7156
14.7156
14.7156
14.7156
14.7156
14.7156
14.7156
14.7156
14.8686
14.8686
14.8686
14.8686
14.8686
14.8686
14.8686
14.8686
14.982
14.982
14.982
14.982
14.982
14.982
14.982
14.982
21.4442
21.4442
21.4442
21.4442
21.4442
21.4442
21.4442
21.4442
19.6274
19.6274
19.6274
19.6274
19.6274
19.6274
19.6274
19.6274
18.0876
18.0876
18.0876
18.0876
18.0876
18.0876
18.0876
18.0876
16.8252
16.8252
16.8252
16.8252
16.8252
16.8252
16.8252
16.8252
15.8288
15.8288
15.8288
15.8288
15.8288
15.8288
15.8288
15.8288
15.0791
15.0791
15.0791
15.0791
15.0791
15.0791
15.0791
15.0791
14.5525
14.5525
14.5525
14.5525
14.5525
14.5525
14.5525
14.5525
14.2229
14.2229
14.2229
14.2229
14.2229
14.2229
14.2229
14.2229
14.0622
14.0622
14.0622
14.0622
14.0622
14.0622
14.0622
14.0622
14.0406
14.0406
14.0406
14.0406
14.0406
14.0406
14.0406
14.0406
14.1263
14.1263
14.1263
14.1263
14.1263
14.1263
14.1263
14.1263
14.2858
14.2858
14.2858
14.2858
14.2858
14.2858
14.2858
14.2858
14.4851
14.4851
14.4851
14.4851
14.4851
14.4851
14.4851
14.4851
14.6908
14.6908
14.6908
14.6908
14.6908
14.6908
14.6908
14.6908
14.8744
14.8744
14.8744
14.8744
14.8744
14.8744
14.8744
14.8744
15.0157
15.0157
15.0157
15.0157
15.0157
15.0157
15.0157
15.0157
21.4442
21.4442
21.4442
21.4442
21.4442
21.4442
21.4442
21.4442
19.6274
19.6274
19.6274
19.6274
19.6274
19.6274
19.6274
19.6274
18.0876
18.0876
18.0876
18.0876
18.0876
18.0876
18.0876
18.0876
16.8252
16.8252
16.8252
16.8252
16.8252
16.8252
16.8252
16.8252
15.8288
15.8288
15.8288
15.8288
15.8288
15.8288
15.8288
15.8288
15.0791
15.0791
15.0791
15.0791
15.0791
15.0791
15.0791
15.0791
14.5525
14.5525
14.5525
14.5525
14.5525
14.5525
14.5525
14.5525
14.2229
14.2229
14.2229
14.2229
14.2229
14.2229
14.2229
14.2229
14.0622
14.0622
14.0622
14.0622
14.0622
14.0622
14.0622
14.0622
14.0406
14.0406
14.0406
14.0406
14.0406
14.0406
14.0406
14.0406
14.1263
14.1263
14.1263
14.1263
14.1263
14.1263
14.1263
14.1263
14.2858
14.2858
14.2858
14.2858
14.2858
14.2858
14.2858
14.2858
14.4851
14.4851
14.4851
14.4851
14.4851
14.4851
14.4851
14.4851
14.6908
14.6908
14.6908
14.6908
14.6908
14.6908
14.6908
14.6908
14.8744
14.8744
14.8744
14.8744
14.8744
14.8744
14.8744
14.8744
15.0157
15.0157
15.0157
15.0157
15.0157
15.0157
15.0157
15.0157
21.4442
21.4442
21.4442
21.4442
21.4442
21.4442
21.4442
21.4442
19.6274
19.6274
19.6274
19.6274
19.6274
19.6274
19.6274
19.6274
18.0876
18.0876
18.0876
18.0876
18.0876
18.0876
18.0876
18.0876
16.8252
16.8252
16.8252
16.8252
16.8252
16.8252
16.8252
16.8252
15.8288
15.8288
15.8288
15.8288
15.8288
15.8288
15.8288
15.8288
15.0791
15.0791
15.0791
15.0791
15.0791
15.0791
15.0791
15.0791
14.5525
14.5525
14.5525
14.5525
14.5525
14.5525
14.5525
14.5525
14.2229
14.2229
14.2229
14.2229
14.2229
14.2229
14.2229
14.2229
14.0622
14.0622
14.0622
14.0622
14.0622
14.0622
14.0622
14.0622
14.0406
14.0406
14.0406
14.0406
14.0406
14.0406
14.0406
14.0406
14.1263
14.1263
14.1263
14.1263
14.1263
14.1263
14.1263
14.1263
14.2858
14.2858
14.2858
14.2858
14.2858
14.2858
14.2858
14.2858
14.4851
14.4851
14.4851
14.4851
14.4851
14.4851
14.4851
14.4851
14.6908
14.6908
14.6908
14.6908
14.6908
14.6908
14.6908
14.6908
14.8744
14.8744
14.8744
14.8744
14.8744
14.8744
14.8744
14.8744
15.0157
15.0157
15.0157
15.0157
15.0157
15.0157
15.0157
15.0157
21.4442
21.4442
21.4442
21.4442
21.4442
21.4442
21.4442
21.4442
19.6274
19.6274
19.6274
19.6274
19.6274
19.6274
19.6274
19.6274
18.0876
18.0876
18.0876
18.0876
18.0876
18.0876
18.0876
18.0876
16.8252
16.8252
16.8252
16.8252
16.8252
16.8252
16.8252
16.8252
15.8288
15.8288
15.8288
15.8288
15.8288
15.8288
15.8288
15.8288
15.0791
15.0791
15.0791
15.0791
15.0791
15.0791
15.0791
15.0791
14.5525
14.5525
14.5525
14.5525
14.5525
14.5525
14.5525
14.5525
14.2229
14.2229
14.2229
14.2229
14.2229
14.2229
14.2229
14.2229
14.0622
14.0622
14.0622
14.0622
14.0622
14.0622
14.0622
14.0622
14.0406
14.0406
14.0406
14.0406
14.0406
14.0406
14.0406
14.0406
14.1263
14.1263
14.1263
14.1263
14.1263
14.1263
14.1263
14.1263
14.2858
14.2858
14.2858
14.2858
14.2858
14.2858
14.2858
14.2858
14.4851
14.4851
14.4851
14.4851
14.4851
14.4851
14.4851
14.4851
14.6908
14.6908
14.6908
14.6908
14.6908
14.6908
14.6908
14.6908
14.8744
14.8744
14.8744
14.8744
14.8744
14.8744
14.8744
14.8744
15.0157
15.0157
15.0157
15.0157
15.0157
15.0157
15.0157
15.0157
21.0165
21.0165
21.0165
21.0165
21.0165
21.0165
21.0165
21.0165
19.2453
19.2453
19.2453
19.2453
19.2453
19.2453
19.2453
19.2453
17.7498
17.7498
17.7498
17.7498
17.7498
17.7498
17.7498
17.7498
16.5291
16.5291
16.5291
16.5291
16.5291
16.5291
16.5291
16.5291
15.5711
15.5711
15.5711
15.5711
15.5711
15.5711
15.5711
15.5711
14.857
14.857
14.857
14.857
14.857
14.857
14.857
14.857
14.3633
14.3633
14.3633
14.3633
14.3633
14.3633
14.3633
14.3633
14.0646
14.0646
14.0646
14.0646
14.0646
14.0646
14.0646
14.0646
13.9335
13.9335
13.9335
13.9335
13.9335
13.9335
13.9335
13.9335
13.9406
13.9406
13.9406
13.9406
13.9406
13.9406
13.9406
13.9406
14.0546
14.0546
14.0546
14.0546
14.0546
14.0546
14.0546
14.0546
14.242
14.242
14.242
14.242
14.242
14.242
14.242
14.242
14.4685
14.4685
14.4685
14.4685
14.4685
14.4685
14.4685
14.4685
14.7005
14.7005
14.7005
14.7005
14.7005
14.7005
14.7005
14.7005
14.9085
14.9085
14.9085
14.9085
14.9085
14.9085
14.9085
14.9085
15.0717
15.0717
15.0717
15.0717
15.0717
15.0717
15.0717
15.0717
21.0165
21.0165
21.0165
21.0165
21.0165
21.0165
21.0165
21.0165
19.2453
19.2453
19.2453
19.2453
19.2453
19.2453
19.2453
19.2453
17.7498
17.7498
17.7498
17.7498
17.7498
17.7498
17.7498
17.7498
16.5291
16.5291
16.5291
16.5291
16.5291
16.5291
16.5291
16.5291
15.5711
15.5711
15.5711
15.5711
15.5711
15.5711
15.5711
15.5711
14.857
14.857
14.857
14.857
14.857
14.857
14.857
14.857
14.3633
14.3633
14.3633
14.3633
14.3633
14.3633
14.3633
14.3633
14.0646
14.0646
14.0646
14.0646
14.0646
14.0646
14.0646
14.0646
13.9335
13.9335
13.9335
13.9335
13.9335
13.9335
13.9335
13.9335
13.9406
13.9406
13.9406
13.9406
13.9406
13.9406
13.9406
13.9406
14.0546
14.0546
14.0546
14.0546
14.0546
14.0546
14.0546
14.0546
14.242
14.242
14.242
14.242
14.242
14.242
14.242
14.242
14.4685
14.4685
14.4685
14.4685
14.4685
14.4685
14.4685
14.4685
14.7005
14.7005
14.7005
14.7005
14.7005
14.7005
14.7005
14.7005
14.9085
14.9085
14.9085
14.9085
14.9085
14.9085
14.9085
14.9085
15.0717
15.0717
15.0717
15.0717
15.0717
15.0717
15.0717
15.0717
21.0165
21.0165
21.0165
21.0165
21.0165
21.0165
21.0165
21.0165
19.2453
19.2453
19.2453
19.2453
19.2453
19.2453
19.2453
19.2453
17.7498
17.7498
17.7498
17.7498
17.7498
17.7498
17.7498
17.7498
16.5291
16.5291
16.5291
16.5291
16.5291
16.5291
16.5291
16.5291
15.5711
15.5711
15.5711
15.5711
15.5711
15.5711
15.5711
15.5711
14.857
14.857
14.857
14.857
14.857
14.857
14.857
14.857
14.3633
14.3633
14.3633
14.3633
14.3633
14.3633
14.3633
14.3633
14.0646
14.0646
14.0646
14.0646
14.0646
14.0646
14.0646
14.0646
13.9335
13.9335
13.9335
13.9335
13.9335
13.9335
13.9335
13.9335
13.9406
13.9406
13.9406
13.9406
13.9406
13.9406
13.9406
13.9406
14.0546
14.0546
14.0546
14.0546
14.0546
14.0546
14.0546
14.0546
14.242
14.242
14.242
14.242
14.242
14.242
14.242
14.242
14.4685
14.4685
14.4685
14.4685
14.4685
14.4685
14.4685
14.4685
14.7005
14.7005
14.7005
14.7005
14.7005
14.7005
14.7005
14.7005
14.9085
14.9085
14.9085
14.9085
14.9085
14.9085
14.9085
14.9085
15.0717
15.0717
15.0717
15.0717
15.0717
15.0717
15.0717
15.0717
21.0165
21.0165
21.0165
21.0165
21.0165
21.0165
21.0165
21.0165
19.2453
19.2453
19.2453
19.2453
19.2453
19.2453
19.2453
19.2453
17.7498
17.7498
17.7498
17.7498
17.7498
17.7498
17.7498
17.7498
16.5291
16.5291
16.5291
16.5291
16.5291
16.5291
16.5291
16.5291
15.5711
15.5711
15.5711
15.5711
15.5711
15.5711
15.5711
15.5711
14.857
14.857
14.857
14.857
14.857
14.857
14.857
14.857
14.3633
14.3633
14.3633
14.3633
14.3633
14.3633
14.3633
14.3633
14.0646
14.0646
14.0646
14.0646
14.0646
14.0646
14.0646
14.0646
13.9335
13.9335
13.9335
13.9335
13.9335
13.9335
13.9335
13.9335
13.9406
13.9406
13.9406
13.9406
13.9406
13.9406
13.9406
13.9406
14.0546
14.0546
14.0546
14.0546
14.0546
14.0546
14.0546
14.0546
14.242
14.242
14.242
14.242
14.242
14.242
14.242
14.242
14.4685
14.4685
14.4685
14.4685
14.4685
14.4685
14.4685
14.4685
14.7005
14.7005
14.7005
14.7005
14.7005
14.7005
14.7005
14.7005
14.9085
14.9085
14.9085
14.9085
14.9085
14.9085
14.9085
14.9085
15.0717
15.0717
15.0717
15.0717
15.0717
15.0717
15.0717
15.0717
20.5917
20.5917
20.5917
20.5917
20.5917
20.5917
20.5917
20.5917
18.8868
18.8868
18.8868
18.8868
18.8868
18.8868
18.8868
18.8868
17.4499
17.4499
17.4499
17.4499
17.4499
17.4499
17.4499
17.4499
16.2804
16.2804
16.2804
16.2804
16.2804
16.2804
16.2804
16.2804
15.3671
15.3671
15.3671
15.3671
15.3671
15.3671
15.3671
15.3671
14.6917
14.6917
14.6917
14.6917
14.6917
14.6917
14.6917
14.6917
14.2324
14.2324
14.2324
14.2324
14.2324
14.2324
14.2324
14.2324
13.9646
13.9646
13.9646
13.9646
13.9646
13.9646
13.9646
13.9646
13.8617
13.8617
13.8617
13.8617
13.8617
13.8617
13.8617
13.8617
13.8951
13.8951
13.8951
13.8951
13.8951
13.8951
13.8951
13.8951
14.0341
14.0341
14.0341
14.0341
14.0341
14.0341
14.0341
14.0341
14.2454
14.2454
14.2454
14.2454
14.2454
14.2454
14.2454
14.2454
14.4944
14.4944
14.4944
14.4944
14.4944
14.4944
14.4944
14.4944
14.7473
14.7473
14.7473
14.7473
14.7473
14.7473
14.7473
14.7473
14.9741
14.9741
14.9741
14.9741
14.9741
14.9741
14.9741
14.9741
15.1534
15.1534
15.1534
15.1534
15.1534
15.1534
15.1534
15.1534
20.5917
20.5917
20.5917
20.5917
20.5917
20.5917
20.5917
20.5917
18.8868
18.8868
18.8868
18.8868
18.8868
18.8868
18.8868
18.8868
17.4499
17.4499
17.4499
17.4499
17.4499
17.4499
17.4499
17.4499
16.2804
16.2804
16.2804
16.2804
16.2804
16.2804
16.2804
16.2804
15.3671
15.3671
15.3671
15.3671
15.3671
15.3671
15.3671
15.3671
14.6917
14.6917
14.6917
14.6917
14.6917
14.6917
14.6917
14.6917
14.2324
14.2324
14.2324
14.2324
14.2324
14.2324
14.2324
14.2324
13.9646
13.9646
13.9646
13.9646
13.9646
13.9646
13.9646
13.9646
13.8617
13.8617
13.8617
13.8617
13.8617
13.8617
13.8617
13.8617
13.8951
13.8951
13.8951
13.8951
13.8951
13.8951
13.8951
13.8951
14.0341
14.0341
14.0341
14.0341
14.0341
14.0341
14.0341
14.0341
14.2454
14.2454
14.2454
14.2454
14.2454
14.2454
14.2454
14.2454
14.4944
14.4944
14.4944
14.4944
14.4944
14.4944
14.4944
14.4944
14.7473
14.7473
14.7473
14.7473
14.7473
14.7473
14.7473
14.7473
14.9741
14.9741
14.9741
14.9741
14.9741
14.9741
14.9741
14.9741
15.1534
15.1534
15.1534
15.1534
15.1534
15.1534
15.1534
15.1534
20.5917
20.5917
20.5917
20.5917
20.5917
20.5917
20.5917
20.5917
18.8868
18.8868
18.8868
18.8868
18.8868
18.8868
18.8868
18.8868
17.4499
17.4499
17.4499
17.4499
17.4499
17.4499
17.4499
17.4499
16.2804
16.2804
16.2804
16.2804
16.2804
16.2804
16.2804
16.2804
15.3671
15.3671
15.3671
15.3671
15.3671
15.3671
15.3671
15.3671
14.6917
14.6917
14.6917
14.6917
14.6917
14.6917
14.6917
14.6917
14.2324
14.2324
14.2324
14.2324
14.2324
14.2324
14.2324
14.2324
13.9646
13.9646
13.9646
13.9646
13.9646
13.9646
13.9646
13.9646
13.8617
13.8617
13.8617
13.8617
13.8617
13.8617
13.8617
13.8617
13.8951
13.8951
13.8951
13.8951
13.8951
13.8951
13.8951
13.8951
14.0341
14.0341
14.0341
14.0341
14.0341
14.0341
14.0341
14.0341
14.2454
14.2454
14.2454
14.2454
14.2454
14.2454
14.2454
14.2454
14.4944
14.4944
14.4944
14.4944
14.4944
14.4944
14.4944
14.4944
14.7473
14.7473
14.7473
14.7473
14.7473
14.7473
14.7473
14.7473
14.9741
14.9741
14.9741
14.9741
14.9741
14.9741
14.9741
14.9741
15.1534
15.1534
15.1534
15.1534
15.1534
15.1534
15.1534
15.1534
20.5917
20.5917
20.5917
20.5917
20.5917
20.5917
20.5917
20.5917
18.8868
18.8868
18.8868
18.8868
18.8868
18.8868
18.8868
18.8868
17.4499
17.4499
17.4499
17.4499
17.4499
17.4499
17.4499
17.4499
16.2804
16.2804
16.2804
16.2804
16.2804
16.2804
16.2804
16.2804
15.3671
15.3671
15.3671
15.3671
15.3671
15.3671
15.3671
15.3671
14.6917
14.6917
14.6917
14.6917
14.6917
14.6917
14.6917
14.6917
14.2324
14.2324
14.2324
14.2324
14.2324
14.2324
14.2324
14.2324
13.9646
13.9646
13.9646
13.9646
13.9646
13.9646
13.9646
13.9646
13.8617
13.8617
13.8617
13.8617
13.8617
13.8617
13.8617
13.8617
13.8951
13.8951
13.8951
13.8951
13.8951
13.8951
13.8951
13.8951
14.0341
14.0341
14.0341
14.0341
14.0341
14.0341
14.0341
14.0341
14.2454
14.2454
14.2454
14.2454
14.2454
14.2454
14.2454
14.2454
14.4944
14.4944
14.4944
14.4944
14.4944
14.4944
14.4944
14.4944
14.7473
14.7473
14.7473
14.7473
14.7473
14.7473
14.7473
14.7473
14.9741
14.9741
14.9741
14.9741
14.9741
14.9741
14.9741
14.9741
15.1534
15.1534
15.1534
15.1534
15.1534
15.1534
15.1534
15.1534
20.1485
20.1485
20.1485
20.1485
20.1485
20.1485
20.1485
20.1485
18.5324
18.5324
18.5324
18.5324
18.5324
18.5324
18.5324
18.5324
17.1707
17.1707
17.1707
17.1707
17.1707
17.1707
17.1707
17.1707
16.0645
16.0645
16.0645
16.0645
16.0645
16.0645
16.0645
16.0645
15.2041
15.2041
15.2041
15.2041
15.2041
15.2041
15.2041
15.2041
14.5732
14.5732
14.5732
14.5732
14.5732
14.5732
14.5732
14.5732
14.1517
14.1517
14.1517
14.1517
14.1517
14.1517
14.1517
14.1517
13.9165
13.9165
13.9165
13.9165
13.9165
13.9165
13.9165
13.9165
13.8424
13.8424
13.8424
13.8424
13.8424
13.8424
13.8424
13.8424
13.9015
13.9015
13.9015
13.9015
13.9015
13.9015
13.9015
13.9015
14.0637
14.0637
14.0637
14.0637
14.0637
14.0637
14.0637
14.0637
14.296
14.296
14.296
14.296
14.296
14.296
14.296
14.296
14.5637
14.5637
14.5637
14.5637
14.5637
14.5637
14.5637
14.5637
14.8328
14.8328
14.8328
14.8328
14.8328
14.8328
14.8328
14.8328
15.0728
15.0728
15.0728
15.0728
15.0728
15.0728
15.0728
15.0728
15.2622
15.2622
15.2622
15.2622
15.2622
15.2622
15.2622
15.2622
20.1485
20.1485
20.1485
20.1485
20.1485
20.1485
20.1485
20.1485
18.5324
18.5324
18.5324
18.5324
18.5324
18.5324
18.5324
18.5324
17.1707
17.1707
17.1707
17.1707
17.1707
17.1707
17.1707
17.1707
16.0645
16.0645
16.0645
16.0645
16.0645
16.0645
16.0645
16.0645
15.2041
15.2041
15.2041
15.2041
15.2041
15.2041
15.2041
15.2041
14.5732
14.5732
14.5732
14.5732
14.5732
14.5732
14.5732
14.5732
14.1517
14.1517
14.1517
14.1517
14.1517
14.1517
14.1517
14.1517
13.9165
13.9165
13.9165
13.9165
13.9165
13.9165
13.9165
13.9165
13.8424
13.8424
13.8424
13.8424
13.8424
13.8424
13.8424
13.8424
13.9015
13.9015
13.9015
13.9015
13.9015
13.9015
13.9015
13.9015
14.0637
14.0637
14.0637
14.0637
14.0637
14.0637
14.0637
14.0637
14.296
14.296
14.296
14.296
14.296
14.296
14.296
14.296
14.5637
14.5637
14.5637
14.5637
14.5637
14.5637
14.5637
14.5637
14.8328
14.8328
14.8328
14.8328
14.8328
14.8328
14.8328
14.8328
15.0728
15.0728
15.0728
15.0728
15.0728
15.0728
15.0728
15.0728
15.2622
15.2622
15.2622
15.2622
15.2622
15.2622
15.2622
15.2622
20.1485
20.1485
20.1485
20.1485
20.1485
20.1485
20.1485
20.1485
18.5324
18.5324
18.5324
18.5324
18.5324
18.5324
18.5324
18.5324
17.1707
17.1707
17.1707
17.1707
17.1707
17.1707
17.1707
17.1707
16.0645
16.0645
16.0645
16.0645
16.0645
16.0645
16.0645
16.0645
15.2041
15.2041
15.2041
15.2041
15.2041
15.2041
15.2041
15.2041
14.5732
14.5732
14.5732
14.5732
14.5732
14.5732
14.5732
14.5732
14.1517
14.1517
14.1517
14.1517
14.1517
14.1517
14.1517
14.1517
13.9165
13.9165
13.9165
13.9165
13.9165
13.9165
13.9165
13.9165
13.8424
13.8424
13.8424
13.8424
13.8424
13.8424
13.8424
13.8424
13.9015
13.9015
13.9015
13.9015
13.9015
13.9015
13.9015
13.9015
14.0637
14.0637
14.0637
14.0637
14.0637
14.0637
14.0637
14.0637
14.296
14.296
14.296
14.296
14.296
14.296
14.296
14.296
14.5637
14.5637
14.5637
14.5637
14.5637
14.5637
14.5637
14.5637
14.8328
14.8328
14.8328
14.8328
14.8328
14.8328
14.8328
14.8328
15.0728
15.0728
15.0728
15.0728
15.0728
15.0728
15.0728
15.0728
15.2622
15.2622
15.2622
15.2622
15.2622
15.2622
15.2622
15.2622
20.1485
20.1485
20.1485
20.1485
20.1485
20.1485
20.1485
20.1485
18.5324
18.5324
18.5324
18.5324
18.5324
18.5324
18.5324
18.5324
17.1707
17.1707
17.1707
17.1707
17.1707
17.1707
17.1707
17.1707
16.0645
16.0645
16.0645
16.0645
16.0645
16.0645
16.0645
16.0645
15.2041
15.2041
15.2041
15.2041
15.2041
15.2041
15.2041
15.2041
14.5732
14.5732
14.5732
14.5732
14.5732
14.5732
14.5732
14.5732
14.1517
14.1517
14.1517
14.1517
14.1517
14.1517
14.1517
14.1517
13.9165
13.9165
13.9165
13.9165
13.9165
13.9165
13.9165
13.9165
13.8424
13.8424
13.8424
13.8424
13.8424
13.8424
13.8424
13.8424
13.9015
13.9015
13.9015
13.9015
13.9015
13.9015
13.9015
13.9015
14.0637
14.0637
14.0637
14.0637
14.0637
14.0637
14.0637
14.0637
14.296
14.296
14.296
14.296
14.296
14.296
14.296
14.296
14.5637
14.5637
14.5637
14.5637
14.5637
14.5637
14.5637
14.5637
14.8328
14.8328
14.8328
14.8328
14.8328
14.8328
14.8328
14.8328
15.0728
15.0728
15.0728
15.0728
15.0728
15.0728
15.0728
15.0728
15.2622
15.2622
15.2622
15.2622
15.2622
15.2622
15.2622
15.2622
19.676
19.676
19.676
19.676
19.676
19.676
19.676
19.676
18.1704
18.1704
18.1704
18.1704
18.1704
18.1704
18.1704
18.1704
16.901
16.901
16.901
16.901
16.901
16.901
16.901
16.901
15.8707
15.8707
15.8707
15.8707
15.8707
15.8707
15.8707
15.8707
15.0726
15.0726
15.0726
15.0726
15.0726
15.0726
15.0726
15.0726
14.4932
14.4932
14.4932
14.4932
14.4932
14.4932
14.4932
14.4932
14.1143
14.1143
14.1143
14.1143
14.1143
14.1143
14.1143
14.1143
13.915
13.915
13.915
13.915
13.915
13.915
13.915
13.915
13.8713
13.8713
13.8713
13.8713
13.8713
13.8713
13.8713
13.8713
13.9567
13.9567
13.9567
13.9567
13.9567
13.9567
13.9567
13.9567
14.1413
14.1413
14.1413
14.1413
14.1413
14.1413
14.1413
14.1413
14.3925
14.3925
14.3925
14.3925
14.3925
14.3925
14.3925
14.3925
14.6757
14.6757
14.6757
14.6757
14.6757
14.6757
14.6757
14.6757
14.9567
14.9567
14.9567
14.9567
14.9567
14.9567
14.9567
14.9567
15.2049
15.2049
15.2049
15.2049
15.2049
15.2049
15.2049
15.2049
15.3987
15.3987
15.3987
15.3987
15.3987
15.3987
15.3987
15.3987
19.676
19.676
19.676
19.676
19.676
19.676
19.676
19.676
18.1704
18.1704
18.1704
18.1704
18.1704
18.1704
18.1704
18.1704
16.901
16.901
16.901
16.901
16.901
16.901
16.901
16.901
15.8707
15.8707
15.8707
15.8707
15.8707
15.8707
15.8707
15.8707
15.0726
15.0726
15.0726
15.0726
15.0726
15.0726
15.0726
15.0726
14.4932
14.4932
14.4932
14.4932
14.4932
14.4932
14.4932
14.4932
14.1143
14.1143
14.1143
14.1143
14.1143
14.1143
14.1143
14.1143
13.915
13.915
13.915
13.915
13.915
13.915
13.915
13.915
13.8713
13.8713
13.8713
13.8713
13.8713
13.8713
13.8713
13.8713
13.9567
13.9567
13.9567
13.9567
13.9567
13.9567
13.9567
13.9567
14.1413
14.1413
14.1413
14.1413
14.1413
14.1413
14.1413
14.1413
14.3925
14.3925
14.3925
14.3925
14.3925
14.3925
14.3925
14.3925
14.6757
14.6757
14.6757
14.6757
14.6757
14.6757
14.6757
14.6757
14.9567
14.9567
14.9567
14.9567
14.9567
14.9567
14.9567
14.9567
15.2049
15.2049
15.2049
15.2049
15.2049
15.2049
15.2049
15.2049
15.3987
15.3987
15.3987
15.3987
15.3987
15.3987
15.3987
15.3987
19.676
19.676
19.676
19.676
19.676
19.676
19.676
19.676
18.1704
18.1704
18.1704
18.1704
18.1704
18.1704
18.1704
18.1704
16.901
16.901
16.901
16.901
16.901
16.901
16.901
16.901
15.8707
15.8707
15.8707
15.8707
15.8707
15.8707
15.8707
15.8707
15.0726
15.0726
15.0726
15.0726
15.0726
15.0726
15.0726
15.0726
14.4932
14.4932
14.4932
14.4932
14.4932
14.4932
14.4932
14.4932
14.1143
14.1143
14.1143
14.1143
14.1143
14.1143
14.1143
14.1143
13.915
13.915
13.915
13.915
13.915
13.915
13.915
13.915
13.8713
13.8713
13.8713
13.8713
13.8713
13.8713
13.8713
13.8713
13.9567
13.9567
13.9567
13.9567
13.9567
13.9567
13.9567
13.9567
14.1413
14.1413
14.1413
14.1413
14.1413
14.1413
14.1413
14.1413
14.3925
14.3925
14.3925
14.3925
14.3925
14.3925
14.3925
14.3925
14.6757
14.6757
14.6757
14.6757
14.6757
14.6757
14.6757
14.6757
14.9567
14.9567
14.9567
14.9567
14.9567
14.9567
14.9567
14.9567
15.2049
15.2049
15.2049
15.2049
15.2049
15.2049
15.2049
15.2049
15.3987
15.3987
15.3987
15.3987
15.3987
15.3987
15.3987
15.3987
19.676
19.676
19.676
19.676
19.676
19.676
19.676
19.676
18.1704
18.1704
18.1704
18.1704
18.1704
18.1704
18.1704
18.1704
16.901
16.901
16.901
16.901
16.901
16.901
16.901
16.901
15.8707
15.8707
15.8707
15.8707
15.8707
15.8707
15.8707
15.8707
15.0726
15.0726
15.0726
15.0726
15.0726
15.0726
15.0726
15.0726
14.4932
14.4932
14.4932
14.4932
14.4932
14.4932
14.4932
14.4932
14.1143
14.1143
14.1143
14.1143
14.1143
14.1143
14.1143
14.1143
13.915
13.915
13.915
13.915
13.915
13.915
13.915
13.915
13.8713
13.8713
13.8713
13.8713
13.8713
13.8713
13.8713
13.8713
13.9567
13.9567
13.9567
13.9567
13.9567
13.9567
13.9567
13.9567
14.1413
14.1413
14.1413
14.1413
14.1413
14.1413
14.1413
14.1413
14.3925
14.3925
14.3925
14.3925
14.3925
14.3925
14.3925
14.3925
14.6757
14.6757
14.6757
14.6757
14.6757
14.6757
14.6757
14.6757
14.9567
14.9567
14.9567
14.9567
14.9567
14.9567
14.9567
14.9567
15.2049
15.2049
15.2049
15.2049
15.2049
15.2049
15.2049
15.2049
15.3987
15.3987
15.3987
15.3987
15.3987
15.3987
15.3987
15.3987
19.1731
19.1731
19.1731
19.1731
19.1731
19.1731
19.1731
19.1731
17.7971
17.7971
17.7971
17.7971
17.7971
17.7971
17.7971
17.7971
16.635
16.635
16.635
16.635
16.635
16.635
16.635
16.635
15.6927
15.6927
15.6927
15.6927
15.6927
15.6927
15.6927
15.6927
14.9665
14.9665
14.9665
14.9665
14.9665
14.9665
14.9665
14.9665
14.4456
14.4456
14.4456
14.4456
14.4456
14.4456
14.4456
14.4456
14.1148
14.1148
14.1148
14.1148
14.1148
14.1148
14.1148
14.1148
13.9551
13.9551
13.9551
13.9551
13.9551
13.9551
13.9551
13.9551
13.9445
13.9445
13.9445
13.9445
13.9445
13.9445
13.9445
13.9445
14.0571
14.0571
14.0571
14.0571
14.0571
14.0571
14.0571
14.0571
14.264
14.264
14.264
14.264
14.264
14.264
14.264
14.264
14.5327
14.5327
14.5327
14.5327
14.5327
14.5327
14.5327
14.5327
14.8287
14.8287
14.8287
14.8287
14.8287
14.8287
14.8287
14.8287
15.1176
15.1176
15.1176
15.1176
15.1176
15.1176
15.1176
15.1176
15.369
15.369
15.369
15.369
15.369
15.369
15.369
15.369
15.5613
15.5613
15.5613
15.5613
15.5613
15.5613
15.5613
15.5613
19.1731
19.1731
19.1731
19.1731
19.1731
19.1731
19.1731
19.1731
17.7971
17.7971
17.7971
17.7971
17.7971
17.7971
17.7971
17.7971
16.635
16.635
16.635
16.635
16.635
16.635
16.635
16.635
15.6927
15.6927
15.6927
15.6927
15.6927
15.6927
15.6927
15.6927
14.9665
14.9665
14.9665
14.9665
14.9665
14.9665
14.9665
14.9665
14.4456
14.4456
14.4456
14.4456
14.4456
14.4456
14.4456
14.4456
14.1148
14.1148
14.1148
14.1148
14.1148
14.1148
14.1148
14.1148
13.9551
13.9551
13.9551
13.9551
13.9551
13.9551
13.9551
13.9551
13.9445
13.9445
13.9445
13.9445
13.9445
13.9445
13.9445
13.9445
14.0571
14.0571
14.0571
14.0571
14.0571
14.0571
14.0571
14.0571
14.264
14.264
14.264
14.264
14.264
14.264
14.264
14.264
14.5327
14.5327
14.5327
14.5327
14.5327
14.5327
14.5327
14.5327
14.8287
14.8287
14.8287
14.8287
14.8287
14.8287
14.8287
14.8287
15.1176
15.1176
15.1176
15.1176
15.1176
15.1176
15.1176
15.1176
15.369
15.369
15.369
15.369
15.369
15.369
15.369
15.369
15.5613
15.5613
15.5613
15.5613
15.5613
15.5613
15.5613
15.5613
19.1731
19.1731
19.1731
19.1731
19.1731
19.1731
19.1731
19.1731
17.7971
17.7971
17.7971
17.7971
17.7971
17.7971
17.7971
17.7971
16.635
16.635
16.635
16.635
16.635
16.635
16.635
16.635
15.6927
15.6927
15.6927
15.6927
15.6927
15.6927
15.6927
15.6927
14.9665
14.9665
14.9665
14.9665
14.9665
14.9665
14.9665
14.9665
14.4456
14.4456
14.4456
14.4456
14.4456
14.4456
14.4456
14.4456
14.1148
14.1148
14.1148
14.1148
14.1148
14.1148
14.1148
14.1148
13.9551
13.9551
13.9551
13.9551
13.9551
13.9551
13.9551
13.9551
13.9445
13.9445
13.9445
13.9445
13.9445
13.9445
13.9445
13.9445
14.0571
14.0571
14.0571
14.0571
14.0571
14.0571
14.0571
14.0571
14.264
14.264
14.264
14.264
14.264
14.264
14.264
14.264
14.5327
14.5327
14.5327
14.5327
14.5327
14.5327
14.5327
14.5327
14.8287
14.8287
14.8287
14.8287
14.8287
14.8287
14.8287
14.8287
15.1176
15.1176
15.1176
15.1176
15.1176
15.1176
15.1176
15.1176
15.369
15.369
15.369
15.369
15.369
15.369
15.369
15.369
15.5613
15.5613
15.5613
15.5613
15.5613
15.5613
15.5613
15.5613
19.1731
19.1731
19.1731
19.1731
19.1731
19.1731
19.1731
19.1731
17.7971
17.7971
17.7971
17.7971
17.7971
17.7971
17.7971
17.7971
16.635
16.635
16.635
16.635
16.635
16.635
16.635
16.635
15.6927
15.6927
15.6927
15.6927
15.6927
15.6927
15.6927
15.6927
14.9665
14.9665
14.9665
14.9665
14.9665
14.9665
14.9665
14.9665
14.4456
14.4456
14.4456
14.4456
14.4456
14.4456
14.4456
14.4456
14.1148
14.1148
14.1148
14.1148
14.1148
14.1148
14.1148
14.1148
13.9551
13.9551
13.9551
13.9551
13.9551
13.9551
13.9551
13.9551
13.9445
13.9445
13.9445
13.9445
13.9445
13.9445
13.9445
13.9445
14.0571
14.0571
14.0571
14.0571
14.0571
14.0571
14.0571
14.0571
14.264
14.264
14.264
14.264
14.264
14.264
14.264
14.264
14.5327
14.5327
14.5327
14.5327
14.5327
14.5327
14.5327
14.5327
14.8287
14.8287
14.8287
14.8287
14.8287
14.8287
14.8287
14.8287
15.1176
15.1176
15.1176
15.1176
15.1176
15.1176
15.1176
15.1176
15.369
15.369
15.369
15.369
15.369
15.369
15.369
15.369
15.5613
15.5613
15.5613
15.5613
15.5613
15.5613
15.5613
15.5613
18.6475
18.6475
18.6475
18.6475
18.6475
18.6475
18.6475
18.6475
17.4151
17.4151
17.4151
17.4151
17.4151
17.4151
17.4151
17.4151
16.3724
16.3724
16.3724
16.3724
16.3724
16.3724
16.3724
16.3724
15.5281
15.5281
15.5281
15.5281
15.5281
15.5281
15.5281
15.5281
14.8818
14.8818
14.8818
14.8818
14.8818
14.8818
14.8818
14.8818
14.4262
14.4262
14.4262
14.4262
14.4262
14.4262
14.4262
14.4262
14.1487
14.1487
14.1487
14.1487
14.1487
14.1487
14.1487
14.1487
14.0326
14.0326
14.0326
14.0326
14.0326
14.0326
14.0326
14.0326
14.0575
14.0575
14.0575
14.0575
14.0575
14.0575
14.0575
14.0575
14.1989
14.1989
14.1989
14.1989
14.1989
14.1989
14.1989
14.1989
14.4281
14.4281
14.4281
14.4281
14.4281
14.4281
14.4281
14.4281
14.7131
14.7131
14.7131
14.7131
14.7131
14.7131
14.7131
14.7131
15.0192
15.0192
15.0192
15.0192
15.0192
15.0192
15.0192
15.0192
15.3122
15.3122
15.3122
15.3122
15.3122
15.3122
15.3122
15.3122
15.5618
15.5618
15.5618
15.5618
15.5618
15.5618
15.5618
15.5618
15.7472
15.7472
15.7472
15.7472
15.7472
15.7472
15.7472
15.7472
18.6475
18.6475
18.6475
18.6475
18.6475
18.6475
18.6475
18.6475
17.4151
17.4151
17.4151
17.4151
17.4151
17.4151
17.4151
17.4151
16.3724
16.3724
16.3724
16.3724
16.3724
16.3724
16.3724
16.3724
15.5281
15.5281
15.5281
15.5281
15.5281
15.5281
15.5281
15.5281
14.8818
14.8818
14.8818
14.8818
14.8818
14.8818
14.8818
14.8818
14.4262
14.4262
14.4262
14.4262
14.4262
14.4262
14.4262
14.4262
14.1487
14.1487
14.1487
14.1487
14.1487
14.1487
14.1487
14.1487
14.0326
14.0326
14.0326
14.0326
14.0326
14.0326
14.0326
14.0326
14.0575
14.0575
14.0575
14.0575
14.0575
14.0575
14.0575
14.0575
14.1989
14.1989
14.1989
14.1989
14.1989
14.1989
14.1989
14.1989
14.4281
14.4281
14.4281
14.4281
14.4281
14.4281
14.4281
14.4281
14.7131
14.7131
14.7131
14.7131
14.7131
14.7131
14.7131
14.7131
15.0192
15.0192
15.0192
15.0192
15.0192
15.0192
15.0192
15.0192
15.3122
15.3122
15.3122
15.3122
15.3122
15.3122
15.3122
15.3122
15.5618
15.5618
15.5618
15.5618
15.5618
15.5618
15.5618
15.5618
15.7472
15.7472
15.7472
15.7472
15.7472
15.7472
15.7472
15.7472
18.6475
18.6475
18.6475
18.6475
18.6475
18.6475
18.6475
18.6475
17.4151
17.4151
17.4151
17.4151
17.4151
17.4151
17.4151
17.4151
16.3724
16.3724
16.3724
16.3724
16.3724
16.3724
16.3724
16.3724
15.5281
15.5281
15.5281
15.5281
15.5281
15.5281
15.5281
15.5281
14.8818
14.8818
14.8818
14.8818
14.8818
14.8818
14.8818
14.8818
14.4262
14.4262
14.4262
14.4262
14.4262
14.4262
14.4262
14.4262
14.1487
14.1487
14.1487
14.1487
14.1487
14.1487
14.1487
14.1487
14.0326
14.0326
14.0326
14.0326
14.0326
14.0326
14.0326
14.0326
14.0575
14.0575
14.0575
14.0575
14.0575
14.0575
14.0575
14.0575
14.1989
14.1989
14.1989
14.1989
14.1989
14.1989
14.1989
14.1989
14.4281
14.4281
14.4281
14.4281
14.4281
14.4281
14.4281
14.4281
14.7131
14.7131
14.7131
14.7131
14.7131
14.7131
14.7131
14.7131
15.0192
15.0192
15.0192
15.0192
15.0192
15.0192
15.0192
15.0192
15.3122
15.3122
15.3122
15.3122
15.3122
15.3122
15.3122
15.3122
15.5618
15.5618
15.5618
15.5618
15.5618
15.5618
15.5618
15.5618
15.7472
15.7472
15.7472
15.7472
15.7472
15.7472
15.7472
15.7472
18.6475
18.6475
18.6475
18.6475
18.6475
18.6475
18.6475
18.6475
17.4151
17.4151
17.4151
17.4151
17.4151
17.4151
17.4151
17.4151
16.3724
16.3724
16.3724
16.3724
16.3724
16.3724
16.3724
16.3724
15.5281
15.5281
15.5281
15.5281
15.5281
15.5281
15.5281
15.5281
14.8818
14.8818
14.8818
14.8818
14.8818
14.8818
14.8818
14.8818
14.4262
14.4262
14.4262
14.4262
14.4262
14.4262
14.4262
14.4262
14.1487
14.1487
14.1487
14.1487
14.1487
14.1487
14.1487
14.1487
14.0326
14.0326
14.0326
14.0326
14.0326
14.0326
14.0326
14.0326
14.0575
14.0575
14.0575
14.0575
14.0575
14.0575
14.0575
14.0575
14.1989
14.1989
14.1989
14.1989
14.1989
14.1989
14.1989
14.1989
14.4281
14.4281
14.4281
14.4281
14.4281
14.4281
14.4281
14.4281
14.7131
14.7131
14.7131
14.7131
14.7131
14.7131
14.7131
14.7131
15.0192
15.0192
15.0192
15.0192
15.0192
15.0192
15.0192
15.0192
15.3122
15.3122
15.3122
15.3122
15.3122
15.3122
15.3122
15.3122
15.5618
15.5618
15.5618
15.5618
15.5618
15.5618
15.5618
15.5618
15.7472
15.7472
15.7472
15.7472
15.7472
15.7472
15.7472
15.7472
18.1128
18.1128
18.1128
18.1128
18.1128
18.1128
18.1128
18.1128
17.0323
17.0323
17.0323
17.0323
17.0323
17.0323
17.0323
17.0323
16.1166
16.1166
16.1166
16.1166
16.1166
16.1166
16.1166
16.1166
15.3774
15.3774
15.3774
15.3774
15.3774
15.3774
15.3774
15.3774
14.8173
14.8173
14.8173
14.8173
14.8173
14.8173
14.8173
14.8173
14.4322
14.4322
14.4322
14.4322
14.4322
14.4322
14.4322
14.4322
14.2123
14.2123
14.2123
14.2123
14.2123
14.2123
14.2123
14.2123
14.1433
14.1433
14.1433
14.1433
14.1433
14.1433
14.1433
14.1433
14.2061
14.2061
14.2061
14.2061
14.2061
14.2061
14.2061
14.2061
14.3772
14.3772
14.3772
14.3772
14.3772
14.3772
14.3772
14.3772
14.6287
14.6287
14.6287
14.6287
14.6287
14.6287
14.6287
14.6287
14.9286
14.9286
14.9286
14.9286
14.9286
14.9286
14.9286
14.9286
15.2424
15.2424
15.2424
15.2424
15.2424
15.2424
15.2424
15.2424
15.5357
15.5357
15.5357
15.5357
15.5357
15.5357
15.5357
15.5357
15.7787
15.7787
15.7787
15.7787
15.7787
15.7787
15.7787
15.7787
15.9515
15.9515
15.9515
15.9515
15.9515
15.9515
15.9515
15.9515
18.1128
18.1128
18.1128
18.1128
18.1128
18.1128
18.1128
18.1128
17.0323
17.0323
17.0323
17.0323
17.0323
17.0323
17.0323
17.0323
16.1166
16.1166
16.1166
16.1166
16.1166
16.1166
16.1166
16.1166
15.3774
15.3774
15.3774
15.3774
15.3774
15.3774
15.3774
15.3774
14.8173
14.8173
14.8173
14.8173
14.8173
14.8173
14.8173
14.8173
14.4322
14.4322
14.4322
14.4322
14.4322
14.4322
14.4322
14.4322
14.2123
14.2123
14.2123
14.2123
14.2123
14.2123
14.2123
14.2123
14.1433
14.1433
14.1433
14.1433
14.1433
14.1433
14.1433
14.1433
14.2061
14.2061
14.2061
14.2061
14.2061
14.2061
14.2061
14.2061
14.3772
14.3772
14.3772
14.3772
14.3772
14.3772
14.3772
14.3772
14.6287
14.6287
14.6287
14.6287
14.6287
14.6287
14.6287
14.6287
14.9286
14.9286
14.9286
14.9286
14.9286
14.9286
14.9286
14.9286
15.2424
15.2424
15.2424
15.2424
15.2424
15.2424
15.2424
15.2424
15.5357
15.5357
15.5357
15.5357
15.5357
15.5357
15.5357
15.5357
15.7787
15.7787
15.7787
15.7787
15.7787
15.7787
15.7787
15.7787
15.9515
15.9515
15.9515
15.9515
15.9515
15.9515
15.9515
15.9515
18.1128
18.1128
18.1128
18.1128
18.1128
18.1128
18.1128
18.1128
17.0323
17.0323
17.0323
17.0323
17.0323
17.0323
17.0323
17.0323
16.1166
16.1166
16.1166
16.1166
16.1166
16.1166
16.1166
16.1166
15.3774
15.3774
15.3774
15.3774
15.3774
15.3774
15.3774
15.3774
14.8173
14.8173
14.8173
14.8173
14.8173
14.8173
14.8173
14.8173
14.4322
14.4322
14.4322
14.4322
14.4322
14.4322
14.4322
14.4322
14.2123
14.2123
14.2123
14.2123
14.2123
14.2123
14.2123
14.2123
14.1433
14.1433
14.1433
14.1433
14.1433
14.1433
14.1433
14.1433
14.2061
14.2061
14.2061
14.2061
14.2061
14.2061
14.2061
14.2061
14.3772
14.3772
14.3772
14.3772
14.3772
14.3772
14.3772
14.3772
14.6287
14.6287
14.6287
14.6287
14.6287
14.6287
14.6287
14.6287
14.9286
14.9286
14.9286
14.9286
14.9286
14.9286
14.9286
14.9286
15.2424
15.2424
15.2424
15.2424
15.2424
15.2424
15.2424
15.2424
15.5357
15.5357
15.5357
15.5357
15.5357
15.5357
15.5357
15.5357
15.7787
15.7787
15.7787
15.7787
15.7787
15.7787
15.7787
15.7787
15.9515
15.9515
15.9515
15.9515
15.9515
15.9515
15.9515
15.9515
18.1128
18.1128
18.1128
18.1128
18.1128
18.1128
18.1128
18.1128
17.0323
17.0323
17.0323
17.0323
17.0323
17.0323
17.0323
17.0323
16.1166
16.1166
16.1166
16.1166
16.1166
16.1166
16.1166
16.1166
15.3774
15.3774
15.3774
15.3774
15.3774
15.3774
15.3774
15.3774
14.8173
14.8173
14.8173
14.8173
14.8173
14.8173
14.8173
14.8173
14.4322
14.4322
14.4322
14.4322
14.4322
14.4322
14.4322
14.4322
14.2123
14.2123
14.2123
14.2123
14.2123
14.2123
14.2123
14.2123
14.1433
14.1433
14.1433
14.1433
14.1433
14.1433
14.1433
14.1433
14.2061
14.2061
14.2061
14.2061
14.2061
14.2061
14.2061
14.2061
14.3772
14.3772
14.3772
14.3772
14.3772
14.3772
14.3772
14.3772
14.6287
14.6287
14.6287
14.6287
14.6287
14.6287
14.6287
14.6287
14.9286
14.9286
14.9286
14.9286
14.9286
14.9286
14.9286
14.9286
15.2424
15.2424
15.2424
15.2424
15.2424
15.2424
15.2424
15.2424
15.5357
15.5357
15.5357
15.5357
15.5357
15.5357
15.5357
15.5357
15.7787
15.7787
15.7787
15.7787
15.7787
15.7787
15.7787
15.7787
15.9515
15.9515
15.9515
15.9515
15.9515
15.9515
15.9515
15.9515
17.5863
17.5863
17.5863
17.5863
17.5863
17.5863
17.5863
17.5863
16.6594
16.6594
16.6594
16.6594
16.6594
16.6594
16.6594
16.6594
15.8738
15.8738
15.8738
15.8738
15.8738
15.8738
15.8738
15.8738
15.2431
15.2431
15.2431
15.2431
15.2431
15.2431
15.2431
15.2431
14.7729
14.7729
14.7729
14.7729
14.7729
14.7729
14.7729
14.7729
14.4617
14.4617
14.4617
14.4617
14.4617
14.4617
14.4617
14.4617
14.3025
14.3025
14.3025
14.3025
14.3025
14.3025
14.3025
14.3025
14.2827
14.2827
14.2827
14.2827
14.2827
14.2827
14.2827
14.2827
14.3849
14.3849
14.3849
14.3849
14.3849
14.3849
14.3849
14.3849
14.5865
14.5865
14.5865
14.5865
14.5865
14.5865
14.5865
14.5865
14.8598
14.8598
14.8598
14.8598
14.8598
14.8598
14.8598
14.8598
15.1729
15.1729
15.1729
15.1729
15.1729
15.1729
15.1729
15.1729
15.4913
15.4913
15.4913
15.4913
15.4913
15.4913
15.4913
15.4913
15.7811
15.7811
15.7811
15.7811
15.7811
15.7811
15.7811
15.7811
16.0128
16.0128
16.0128
16.0128
16.0128
16.0128
16.0128
16.0128
16.1677
16.1677
16.1677
16.1677
16.1677
16.1677
16.1677
16.1677
17.5863
17.5863
17.5863
17.5863
17.5863
17.5863
17.5863
17.5863
16.6594
16.6594
16.6594
16.6594
16.6594
16.6594
16.6594
16.6594
15.8738
15.8738
15.8738
15.8738
15.8738
15.8738
15.8738
15.8738
15.2431
15.2431
15.2431
15.2431
15.2431
15.2431
15.2431
15.2431
14.7729
14.7729
14.7729
14.7729
14.7729
14.7729
14.7729
14.7729
14.4617
14.4617
14.4617
14.4617
14.4617
14.4617
14.4617
14.4617
14.3025
14.3025
14.3025
14.3025
14.3025
14.3025
14.3025
14.3025
14.2827
14.2827
14.2827
14.2827
14.2827
14.2827
14.2827
14.2827
14.3849
14.3849
14.3849
14.3849
14.3849
14.3849
14.3849
14.3849
14.5865
14.5865
14.5865
14.5865
14.5865
14.5865
14.5865
14.5865
14.8598
14.8598
14.8598
14.8598
14.8598
14.8598
14.8598
14.8598
15.1729
15.1729
15.1729
15.1729
15.1729
15.1729
15.1729
15.1729
15.4913
15.4913
15.4913
15.4913
15.4913
15.4913
15.4913
15.4913
15.7811
15.7811
15.7811
15.7811
15.7811
15.7811
15.7811
15.7811
16.0128
16.0128
16.0128
16.0128
16.0128
16.0128
16.0128
16.0128
16.1677
16.1677
16.1677
16.1677
16.1677
16.1677
16.1677
16.1677
17.5863
17.5863
17.5863
17.5863
17.5863
17.5863
17.5863
17.5863
16.6594
16.6594
16.6594
16.6594
16.6594
16.6594
16.6594
16.6594
15.8738
15.8738
15.8738
15.8738
15.8738
15.8738
15.8738
15.8738
15.2431
15.2431
15.2431
15.2431
15.2431
15.2431
15.2431
15.2431
14.7729
14.7729
14.7729
14.7729
14.7729
14.7729
14.7729
14.7729
14.4617
14.4617
14.4617
14.4617
14.4617
14.4617
14.4617
14.4617
14.3025
14.3025
14.3025
14.3025
14.3025
14.3025
14.3025
14.3025
14.2827
14.2827
14.2827
14.2827
14.2827
14.2827
14.2827
14.2827
14.3849
14.3849
14.3849
14.3849
14.3849
14.3849
14.3849
14.3849
14.5865
14.5865
14.5865
14.5865
14.5865
14.5865
14.5865
14.5865
14.8598
14.8598
14.8598
14.8598
14.8598
14.8598
14.8598
14.8598
15.1729
15.1729
15.1729
15.1729
15.1729
15.1729
15.1729
15.1729
15.4913
15.4913
15.4913
15.4913
15.4913
15.4913
15.4913
15.4913
15.7811
15.7811
15.7811
15.7811
15.7811
15.7811
15.7811
15.7811
16.0128
16.0128
16.0128
16.0128
16.0128
16.0128
16.0128
16.0128
16.1677
16.1677
16.1677
16.1677
16.1677
16.1677
16.1677
16.1677
17.5863
17.5863
17.5863
17.5863
17.5863
17.5863
17.5863
17.5863
16.6594
16.6594
16.6594
16.6594
16.6594
16.6594
16.6594
16.6594
15.8738
15.8738
15.8738
15.8738
15.8738
15.8738
15.8738
15.8738
15.2431
15.2431
15.2431
15.2431
15.2431
15.2431
15.2431
15.2431
14.7729
14.7729
14.7729
14.7729
14.7729
14.7729
14.7729
14.7729
14.4617
14.4617
14.4617
14.4617
14.4617
14.4617
14.4617
14.4617
14.3025
14.3025
14.3025
14.3025
14.3025
14.3025
14.3025
14.3025
14.2827
14.2827
14.2827
14.2827
14.2827
14.2827
14.2827
14.2827
14.3849
14.3849
14.3849
14.3849
14.3849
14.3849
14.3849
14.3849
14.5865
14.5865
14.5865
14.5865
14.5865
14.5865
14.5865
14.5865
14.8598
14.8598
14.8598
14.8598
14.8598
14.8598
14.8598
14.8598
15.1729
15.1729
15.1729
15.1729
15.1729
15.1729
15.1729
15.1729
15.4913
15.4913
15.4913
15.4913
15.4913
15.4913
15.4913
15.4913
15.7811
15.7811
15.7811
15.7811
15.7811
15.7811
15.7811
15.7811
16.0128
16.0128
16.0128
16.0128
16.0128
16.0128
16.0128
16.0128
16.1677
16.1677
16.1677
16.1677
16.1677
16.1677
16.1677
16.1677
17.086
17.086
17.086
17.086
17.086
17.086
17.086
17.086
16.3089
16.3089
16.3089
16.3089
16.3089
16.3089
16.3089
16.3089
15.6516
15.6516
15.6516
15.6516
15.6516
15.6516
15.6516
15.6516
15.1291
15.1291
15.1291
15.1291
15.1291
15.1291
15.1291
15.1291
14.7493
14.7493
14.7493
14.7493
14.7493
14.7493
14.7493
14.7493
14.5132
14.5132
14.5132
14.5132
14.5132
14.5132
14.5132
14.5132
14.4157
14.4157
14.4157
14.4157
14.4157
14.4157
14.4157
14.4157
14.4461
14.4461
14.4461
14.4461
14.4461
14.4461
14.4461
14.4461
14.588
14.588
14.588
14.588
14.588
14.588
14.588
14.588
14.8195
14.8195
14.8195
14.8195
14.8195
14.8195
14.8195
14.8195
15.1132
15.1132
15.1132
15.1132
15.1132
15.1132
15.1132
15.1132
15.4373
15.4373
15.4373
15.4373
15.4373
15.4373
15.4373
15.4373
15.7572
15.7572
15.7572
15.7572
15.7572
15.7572
15.7572
15.7572
16.0393
16.0393
16.0393
16.0393
16.0393
16.0393
16.0393
16.0393
16.2551
16.2551
16.2551
16.2551
16.2551
16.2551
16.2551
16.2551
16.3873
16.3873
16.3873
16.3873
16.3873
16.3873
16.3873
16.3873
17.086
17.086
17.086
17.086
17.086
17.086
17.086
17.086
16.3089
16.3089
16.3089
16.3089
16.3089
16.3089
16.3089
16.3089
15.6516
15.6516
15.6516
15.6516
15.6516
15.6516
15.6516
15.6516
15.1291
15.1291
15.1291
15.1291
15.1291
15.1291
15.1291
15.1291
14.7493
14.7493
14.7493
14.7493
14.7493
14.7493
14.7493
14.7493
14.5132
14.5132
14.5132
14.5132
14.5132
14.5132
14.5132
14.5132
14.4157
14.4157
14.4157
14.4157
14.4157
14.4157
14.4157
14.4157
14.4461
14.4461
14.4461
14.4461
14.4461
14.4461
14.4461
14.4461
14.588
14.588
14.588
14.588
14.588
14.588
14.588
14.588
14.8195
14.8195
14.8195
14.8195
14.8195
14.8195
14.8195
14.8195
15.1132
15.1132
15.1132
15.1132
15.1132
15.1132
15.1132
15.1132
15.4373
15.4373
15.4373
15.4373
15.4373
15.4373
15.4373
15.4373
15.7572
15.7572
15.7572
15.7572
15.7572
15.7572
15.7572
15.7572
16.0393
16.0393
16.0393
16.0393
16.0393
16.0393
16.0393
16.0393
16.2551
16.2551
16.2551
16.2551
16.2551
16.2551
16.2551
16.2551
16.3873
16.3873
16.3873
16.3873
16.3873
16.3873
16.3873
16.3873
17.086
17.086
17.086
17.086
17.086
17.086
17.086
17.086
16.3089
16.3089
16.3089
16.3089
16.3089
16.3089
16.3089
16.3089
15.6516
15.6516
15.6516
15.6516
15.6516
15.6516
15.6516
15.6516
15.1291
15.1291
15.1291
15.1291
15.1291
15.1291
15.1291
15.1291
14.7493
14.7493
14.7493
14.7493
14.7493
14.7493
14.7493
14.7493
14.5132
14.5132
14.5132
14.5132
14.5132
14.5132
14.5132
14.5132
14.4157
14.4157
14.4157
14.4157
14.4157
14.4157
14.4157
14.4157
14.4461
14.4461
14.4461
14.4461
14.4461
14.4461
14.4461
14.4461
14.588
14.588
14.588
14.588
14.588
14.588
14.588
14.588
14.8195
14.8195
14.8195
14.8195
14.8195
14.8195
14.8195
14.8195
15.1132
15.1132
15.1132
15.1132
15.1132
15.1132
15.1132
15.1132
15.4373
15.4373
15.4373
15.4373
15.4373
15.4373
15.4373
15.4373
15.7572
15.7572
15.7572
15.7572
15.7572
15.7572
15.7572
15.7572
16.0393
16.0393
16.0393
16.0393
16.0393
16.0393
16.0393
16.0393
16.2551
16.2551
16.2551
16.2551
16.2551
16.2551
16.2551
16.2551
16.3873
16.3873
16.3873
16.3873
16.3873
16.3873
16.3873
16.3873
17.086
17.086
17.086
17.086
17.086
17.086
17.086
17.086
16.3089
16.3089
16.3089
16.3089
16.3089
16.3089
16.3089
16.3089
15.6516
15.6516
15.6516
15.6516
15.6516
15.6516
15.6516
15.6516
15.1291
15.1291
15.1291
15.1291
15.1291
15.1291
15.1291
15.1291
14.7493
14.7493
14.7493
14.7493
14.7493
14.7493
14.7493
14.7493
14.5132
14.5132
14.5132
14.5132
14.5132
14.5132
14.5132
14.5132
14.4157
14.4157
14.4157
14.4157
14.4157
14.4157
14.4157
14.4157
14.4461
14.4461
14.4461
14.4461
14.4461
14.4461
14.4461
14.4461
14.588
14.588
14.588
14.588
14.588
14.588
14.588
14.588
14.8195
14.8195
14.8195
14.8195
14.8195
14.8195
14.8195
14.8195
15.1132
15.1132
15.1132
15.1132
15.1132
15.1132
15.1132
15.1132
15.4373
15.4373
15.4373
15.4373
15.4373
15.4373
15.4373
15.4373
15.7572
15.7572
15.7572
15.7572
15.7572
15.7572
15.7572
15.7572
16.0393
16.0393
16.0393
16.0393
16.0393
16.0393
16.0393
16.0393
16.2551
16.2551
16.2551
16.2551
16.2551
16.2551
16.2551
16.2551
16.3873
16.3873
16.3873
16.3873
16.3873
16.3873
16.3873
16.3873
16.6288
16.6288
16.6288
16.6288
16.6288
16.6288
16.6288
16.6288
15.9924
15.9924
15.9924
15.9924
15.9924
15.9924
15.9924
15.9924
15.4571
15.4571
15.4571
15.4571
15.4571
15.4571
15.4571
15.4571
15.0389
15.0389
15.0389
15.0389
15.0389
15.0389
15.0389
15.0389
14.7471
14.7471
14.7471
14.7471
14.7471
14.7471
14.7471
14.7471
14.5846
14.5846
14.5846
14.5846
14.5846
14.5846
14.5846
14.5846
14.5478
14.5478
14.5478
14.5478
14.5478
14.5478
14.5478
14.5478
14.6274
14.6274
14.6274
14.6274
14.6274
14.6274
14.6274
14.6274
14.8078
14.8078
14.8078
14.8078
14.8078
14.8078
14.8078
14.8078
15.0675
15.0675
15.0675
15.0675
15.0675
15.0675
15.0675
15.0675
15.3793
15.3793
15.3793
15.3793
15.3793
15.3793
15.3793
15.3793
15.7113
15.7113
15.7113
15.7113
15.7113
15.7113
15.7113
15.7113
16.0291
16.0291
16.0291
16.0291
16.0291
16.0291
16.0291
16.0291
16.2995
16.2995
16.2995
16.2995
16.2995
16.2995
16.2995
16.2995
16.495
16.495
16.495
16.495
16.495
16.495
16.495
16.495
16.6
16.6
16.6
16.6
16.6
16.6
16.6
16.6
16.6288
16.6288
16.6288
16.6288
16.6288
16.6288
16.6288
16.6288
15.9924
15.9924
15.9924
15.9924
15.9924
15.9924
15.9924
15.9924
15.4571
15.4571
15.4571
15.4571
15.4571
15.4571
15.4571
15.4571
15.0389
15.0389
15.0389
15.0389
15.0389
15.0389
15.0389
15.0389
14.7471
14.7471
14.7471
14.7471
14.7471
14.7471
14.7471
14.7471
14.5846
14.5846
14.5846
14.5846
14.5846
14.5846
14.5846
14.5846
14.5478
14.5478
14.5478
14.5478
14.5478
14.5478
14.5478
14.5478
14.6274
14.6274
14.6274
14.6274
14.6274
14.6274
14.6274
14.6274
14.8078
14.8078
14.8078
14.8078
14.8078
14.8078
14.8078
14.8078
15.0675
15.0675
15.0675
15.0675
15.0675
15.0675
15.0675
15.0675
15.3793
15.3793
15.3793
15.3793
15.3793
15.3793
15.3793
15.3793
15.7113
15.7113
15.7113
15.7113
15.7113
15.7113
15.7113
15.7113
16.0291
16.0291
16.0291
16.0291
16.0291
16.0291
16.0291
16.0291
16.2995
16.2995
16.2995
16.2995
16.2995
16.2995
16.2995
16.2995
16.495
16.495
16.495
16.495
16.495
16.495
16.495
16.495
16.6
16.6
16.6
16.6
16.6
16.6
16.6
16.6
16.6288
16.6288
16.6288
16.6288
16.6288
16.6288
16.6288
16.6288
15.9924
15.9924
15.9924
15.9924
15.9924
15.9924
15.9924
15.9924
15.4571
15.4571
15.4571
15.4571
15.4571
15.4571
15.4571
15.4571
15.0389
15.0389
15.0389
15.0389
15.0389
15.0389
15.0389
15.0389
14.7471
14.7471
14.7471
14.7471
14.7471
14.7471
14.7471
14.7471
14.5846
14.5846
14.5846
14.5846
14.5846
14.5846
14.5846
14.5846
14.5478
14.5478
14.5478
14.5478
14.5478
14.5478
14.5478
14.5478
14.6274
14.6274
14.6274
14.6274
14.6274
14.6274
14.6274
14.6274
14.8078
14.8078
14.8078
14.8078
14.8078
14.8078
14.8078
14.8078
15.0675
15.0675
15.0675
15.0675
15.0675
15.0675
15.0675
15.0675
15.3793
15.3793
15.3793
15.3793
15.3793
15.3793
15.3793
15.3793
15.7113
15.7113
15.7113
15.7113
15.7113
15.7113
15.7113
15.7113
16.0291
16.0291
16.0291
16.0291
16.0291
16.0291
16.0291
16.0291
16.2995
16.2995
16.2995
16.2995
16.2995
16.2995
16.2995
16.2995
16.495
16.495
16.495
16.495
16.495
16.495
16.495
16.495
16.6
16.6
16.6
16.6
16.6
16.6
16.6
16.6
16.6288
16.6288
16.6288
16.6288
16.6288
16.6288
16.6288
16.6288
15.9924
15.9924
15.9924
15.9924
15.9924
15.9924
15.9924
15.9924
15.4571
15.4571
15.4571
15.4571
15.4571
15.4571
15.4571
15.4571
15.0389
15.0389
15.0389
15.0389
15.0389
15.0389
15.0389
15.0389
14.7471
14.7471
14.7471
14.7471
14.7471
14.7471
14.7471
14.7471
14.5846
14.5846
14.5846
14.5846
14.5846
14.5846
14.5846
14.5846
14.5478
14.5478
14.5478
14.5478
14.5478
14.5478
14.5478
14.5478
14.6274
14.6274
14.6274
14.6274
14.6274
14.6274
14.6274
14.6274
14.8078
14.8078
14.8078
14.8078
14.8078
14.8078
14.8078
14.8078
15.0675
15.0675
15.0675
15.0675
15.0675
15.0675
15.0675
15.0675
15.3793
15.3793
15.3793
15.3793
15.3793
15.3793
15.3793
15.3793
15.7113
15.7113
15.7113
15.7113
15.7113
15.7113
15.7113
15.7113
16.0291
16.0291
16.0291
16.0291
16.0291
16.0291
16.0291
16.0291
16.2995
16.2995
16.2995
16.2995
16.2995
16.2995
16.2995
16.2995
16.495
16.495
16.495
16.495
16.495
16.495
16.495
16.495
16.6
16.6
16.6
16.6
16.6
16.6
16.6
16.6
16.2284
16.2284
16.2284
16.2284
16.2284
16.2284
16.2284
16.2284
15.7196
15.7196
15.7196
15.7196
15.7196
15.7196
15.7196
15.7196
15.2963
15.2963
15.2963
15.2963
15.2963
15.2963
15.2963
15.2963
14.975
14.975
14.975
14.975
14.975
14.975
14.975
14.975
14.7659
14.7659
14.7659
14.7659
14.7659
14.7659
14.7659
14.7659
14.6729
14.6729
14.6729
14.6729
14.6729
14.6729
14.6729
14.6729
14.6935
14.6935
14.6935
14.6935
14.6935
14.6935
14.6935
14.6935
14.8193
14.8193
14.8193
14.8193
14.8193
14.8193
14.8193
14.8193
15.0353
15.0353
15.0353
15.0353
15.0353
15.0353
15.0353
15.0353
15.32
15.32
15.32
15.32
15.32
15.32
15.32
15.32
15.6465
15.6465
15.6465
15.6465
15.6465
15.6465
15.6465
15.6465
15.9825
15.9825
15.9825
15.9825
15.9825
15.9825
15.9825
15.9825
16.2941
16.2941
16.2941
16.2941
16.2941
16.2941
16.2941
16.2941
16.5485
16.5485
16.5485
16.5485
16.5485
16.5485
16.5485
16.5485
16.7198
16.7198
16.7198
16.7198
16.7198
16.7198
16.7198
16.7198
16.7943
16.7943
16.7943
16.7943
16.7943
16.7943
16.7943
16.7943
16.2284
16.2284
16.2284
16.2284
16.2284
16.2284
16.2284
16.2284
15.7196
15.7196
15.7196
15.7196
15.7196
15.7196
15.7196
15.7196
15.2963
15.2963
15.2963
15.2963
15.2963
15.2963
15.2963
15.2963
14.975
14.975
14.975
14.975
14.975
14.975
14.975
14.975
14.7659
14.7659
14.7659
14.7659
14.7659
14.7659
14.7659
14.7659
14.6729
14.6729
14.6729
14.6729
14.6729
14.6729
14.6729
14.6729
14.6935
14.6935
14.6935
14.6935
14.6935
14.6935
14.6935
14.6935
14.8193
14.8193
14.8193
14.8193
14.8193
14.8193
14.8193
14.8193
15.0353
15.0353
15.0353
15.0353
15.0353
15.0353
15.0353
15.0353
15.32
15.32
15.32
15.32
15.32
15.32
15.32
15.32
15.6465
15.6465
15.6465
15.6465
15.6465
15.6465
15.6465
15.6465
15.9825
15.9825
15.9825
15.9825
15.9825
15.9825
15.9825
15.9825
16.2941
16.2941
16.2941
16.2941
16.2941
16.2941
16.2941
16.2941
16.5485
16.5485
16.5485
16.5485
16.5485
16.5485
16.5485
16.5485
16.7198
16.7198
16.7198
16.7198
16.7198
16.7198
16.7198
16.7198
16.7943
16.7943
16.7943
16.7943
16.7943
16.7943
16.7943
16.7943
16.2284
16.2284
16.2284
16.2284
16.2284
16.2284
16.2284
16.2284
15.7196
15.7196
15.7196
15.7196
15.7196
15.7196
15.7196
15.7196
15.2963
15.2963
15.2963
15.2963
15.2963
15.2963
15.2963
15.2963
14.975
14.975
14.975
14.975
14.975
14.975
14.975
14.975
14.7659
14.7659
14.7659
14.7659
14.7659
14.7659
14.7659
14.7659
14.6729
14.6729
14.6729
14.6729
14.6729
14.6729
14.6729
14.6729
14.6935
14.6935
14.6935
14.6935
14.6935
14.6935
14.6935
14.6935
14.8193
14.8193
14.8193
14.8193
14.8193
14.8193
14.8193
14.8193
15.0353
15.0353
15.0353
15.0353
15.0353
15.0353
15.0353
15.0353
15.32
15.32
15.32
15.32
15.32
15.32
15.32
15.32
15.6465
15.6465
15.6465
15.6465
15.6465
15.6465
15.6465
15.6465
15.9825
15.9825
15.9825
15.9825
15.9825
15.9825
15.9825
15.9825
16.2941
16.2941
16.2941
16.2941
16.2941
16.2941
16.2941
16.2941
16.5485
16.5485
16.5485
16.5485
16.5485
16.5485
16.5485
16.5485
16.7198
16.7198
16.7198
16.7198
16.7198
16.7198
16.7198
16.7198
16.7943
16.7943
16.7943
16.7943
16.7943
16.7943
16.7943
16.7943
16.2284
16.2284
16.2284
16.2284
16.2284
16.2284
16.2284
16.2284
15.7196
15.7196
15.7196
15.7196
15.7196
15.7196
15.7196
15.7196
15.2963
15.2963
15.2963
15.2963
15.2963
15.2963
15.2963
15.2963
14.975
14.975
14.975
14.975
14.975
14.975
14.975
14.975
14.7659
14.7659
14.7659
14.7659
14.7659
14.7659
14.7659
14.7659
14.6729
14.6729
14.6729
14.6729
14.6729
14.6729
14.6729
14.6729
14.6935
14.6935
14.6935
14.6935
14.6935
14.6935
14.6935
14.6935
14.8193
14.8193
14.8193
14.8193
14.8193
14.8193
14.8193
14.8193
15.0353
15.0353
15.0353
15.0353
15.0353
15.0353
15.0353
15.0353
15.32
15.32
15.32
15.32
15.32
15.32
15.32
15.32
15.6465
15.6465
15.6465
15.6465
15.6465
15.6465
15.6465
15.6465
15.9825
15.9825
15.9825
15.9825
15.9825
15.9825
15.9825
15.9825
16.2941
16.2941
16.2941
16.2941
16.2941
16.2941
16.2941
16.2941
16.5485
16.5485
16.5485
16.5485
16.5485
16.5485
16.5485
16.5485
16.7198
16.7198
16.7198
16.7198
16.7198
16.7198
16.7198
16.7198
16.7943
16.7943
16.7943
16.7943
16.7943
16.7943
16.7943
16.7943
15.8945
15.8945
15.8945
15.8945
15.8945
15.8945
15.8945
15.8945
15.4971
15.4971
15.4971
15.4971
15.4971
15.4971
15.4971
15.4971
15.1731
15.1731
15.1731
15.1731
15.1731
15.1731
15.1731
15.1731
14.9386
14.9386
14.9386
14.9386
14.9386
14.9386
14.9386
14.9386
14.804
14.804
14.804
14.804
14.804
14.804
14.804
14.804
14.7738
14.7738
14.7738
14.7738
14.7738
14.7738
14.7738
14.7738
14.8462
14.8462
14.8462
14.8462
14.8462
14.8462
14.8462
14.8462
15.013
15.013
15.013
15.013
15.013
15.013
15.013
15.013
15.2597
15.2597
15.2597
15.2597
15.2597
15.2597
15.2597
15.2597
15.5647
15.5647
15.5647
15.5647
15.5647
15.5647
15.5647
15.5647
15.9009
15.9009
15.9009
15.9009
15.9009
15.9009
15.9009
15.9009
16.2363
16.2363
16.2363
16.2363
16.2363
16.2363
16.2363
16.2363
16.5372
16.5372
16.5372
16.5372
16.5372
16.5372
16.5372
16.5372
16.7719
16.7719
16.7719
16.7719
16.7719
16.7719
16.7719
16.7719
16.9156
16.9156
16.9156
16.9156
16.9156
16.9156
16.9156
16.9156
16.9572
16.9572
16.9572
16.9572
16.9572
16.9572
16.9572
16.9572
15.8945
15.8945
15.8945
15.8945
15.8945
15.8945
15.8945
15.8945
15.4971
15.4971
15.4971
15.4971
15.4971
15.4971
15.4971
15.4971
15.1731
15.1731
15.1731
15.1731
15.1731
15.1731
15.1731
15.1731
14.9386
14.9386
14.9386
14.9386
14.9386
14.9386
14.9386
14.9386
14.804
14.804
14.804
14.804
14.804
14.804
14.804
14.804
14.7738
14.7738
14.7738
14.7738
14.7738
14.7738
14.7738
14.7738
14.8462
14.8462
14.8462
14.8462
14.8462
14.8462
14.8462
14.8462
15.013
15.013
15.013
15.013
15.013
15.013
15.013
15.013
15.2597
15.2597
15.2597
15.2597
15.2597
15.2597
15.2597
15.2597
15.5647
15.5647
15.5647
15.5647
15.5647
15.5647
15.5647
15.5647
15.9009
15.9009
15.9009
15.9009
15.9009
15.9009
15.9009
15.9009
16.2363
16.2363
16.2363
16.2363
16.2363
16.2363
16.2363
16.2363
16.5372
16.5372
16.5372
16.5372
16.5372
16.5372
16.5372
16.5372
16.7719
16.7719
16.7719
16.7719
16.7719
16.7719
16.7719
16.7719
16.9156
16.9156
16.9156
16.9156
16.9156
16.9156
16.9156
16.9156
16.9572
16.9572
16.9572
16.9572
16.9572
16.9572
16.9572
16.9572
15.8945
15.8945
15.8945
15.8945
15.8945
15.8945
15.8945
15.8945
15.4971
15.4971
15.4971
15.4971
15.4971
15.4971
15.4971
15.4971
15.1731
15.1731
15.1731
15.1731
15.1731
15.1731
15.1731
15.1731
14.9386
14.9386
14.9386
14.9386
14.9386
14.9386
14.9386
14.9386
14.804
14.804
14.804
14.804
14.804
14.804
14.804
14.804
14.7738
14.7738
14.7738
14.7738
14.7738
14.7738
14.7738
14.7738
14.8462
14.8462
14.8462
14.8462
14.8462
14.8462
14.8462
14.8462
15.013
15.013
15.013
15.013
15.013
15.013
15.013
15.013
15.2597
15.2597
15.2597
15.2597
15.2597
15.2597
15.2597
15.2597
15.5647
15.5647
15.5647
15.5647
15.5647
15.5647
15.5647
15.5647
15.9009
15.9009
15.9009
15.9009
15.9009
15.9009
15.9009
15.9009
16.2363
16.2363
16.2363
16.2363
16.2363
16.2363
16.2363
16.2363
16.5372
16.5372
16.5372
16.5372
16.5372
16.5372
16.5372
16.5372
16.7719
16.7719
16.7719
16.7719
16.7719
16.7719
16.7719
16.7719
16.9156
16.9156
16.9156
16.9156
16.9156
16.9156
16.9156
16.9156
16.9572
16.9572
16.9572
16.9572
16.9572
16.9572
16.9572
16.9572
15.8945
15.8945
15.8945
15.8945
15.8945
15.8945
15.8945
15.8945
15.4971
15.4971
15.4971
15.4971
15.4971
15.4971
15.4971
15.4971
15.1731
15.1731
15.1731
15.1731
15.1731
15.1731
15.1731
15.1731
14.9386
14.9386
14.9386
14.9386
14.9386
14.9386
14.9386
14.9386
14.804
14.804
14.804
14.804
14.804
14.804
14.804
14.804
14.7738
14.7738
14.7738
14.7738
14.7738
14.7738
14.7738
14.7738
14.8462
14.8462
14.8462
14.8462
14.8462
14.8462
14.8462
14.8462
15.013
15.013
15.013
15.013
15.013
15.013
15.013
15.013
15.2597
15.2597
15.2597
15.2597
15.2597
15.2597
15.2597
15.2597
15.5647
15.5647
15.5647
15.5647
15.5647
15.5647
15.5647
15.5647
15.9009
15.9009
15.9009
15.9009
15.9009
15.9009
15.9009
15.9009
16.2363
16.2363
16.2363
16.2363
16.2363
16.2363
16.2363
16.2363
16.5372
16.5372
16.5372
16.5372
16.5372
16.5372
16.5372
16.5372
16.7719
16.7719
16.7719
16.7719
16.7719
16.7719
16.7719
16.7719
16.9156
16.9156
16.9156
16.9156
16.9156
16.9156
16.9156
16.9156
16.9572
16.9572
16.9572
16.9572
16.9572
16.9572
16.9572
16.9572
15.6323
15.6323
15.6323
15.6323
15.6323
15.6323
15.6323
15.6323
15.3283
15.3283
15.3283
15.3283
15.3283
15.3283
15.3283
15.3283
15.0885
15.0885
15.0885
15.0885
15.0885
15.0885
15.0885
15.0885
14.9281
14.9281
14.9281
14.9281
14.9281
14.9281
14.9281
14.9281
14.8574
14.8574
14.8574
14.8574
14.8574
14.8574
14.8574
14.8574
14.881
14.881
14.881
14.881
14.881
14.881
14.881
14.881
14.9972
14.9972
14.9972
14.9972
14.9972
14.9972
14.9972
14.9972
15.1979
15.1979
15.1979
15.1979
15.1979
15.1979
15.1979
15.1979
15.4686
15.4686
15.4686
15.4686
15.4686
15.4686
15.4686
15.4686
15.7876
15.7876
15.7876
15.7876
15.7876
15.7876
15.7876
15.7876
16.1276
16.1276
16.1276
16.1276
16.1276
16.1276
16.1276
16.1276
16.457
16.457
16.457
16.457
16.457
16.457
16.457
16.457
16.7426
16.7426
16.7426
16.7426
16.7426
16.7426
16.7426
16.7426
16.9538
16.9538
16.9538
16.9538
16.9538
16.9538
16.9538
16.9538
17.0677
17.0677
17.0677
17.0677
17.0677
17.0677
17.0677
17.0677
17.0755
17.0755
17.0755
17.0755
17.0755
17.0755
17.0755
17.0755
15.6323
15.6323
15.6323
15.6323
15.6323
15.6323
15.6323
15.6323
15.3283
15.3283
15.3283
15.3283
15.3283
15.3283
15.3283
15.3283
15.0885
15.0885
15.0885
15.0885
15.0885
15.0885
15.0885
15.0885
14.9281
14.9281
14.9281
14.9281
14.9281
14.9281
14.9281
14.9281
14.8574
14.8574
14.8574
14.8574
14.8574
14.8574
14.8574
14.8574
14.881
14.881
14.881
14.881
14.881
14.881
14.881
14.881
14.9972
14.9972
14.9972
14.9972
14.9972
14.9972
14.9972
14.9972
15.1979
15.1979
15.1979
15.1979
15.1979
15.1979
15.1979
15.1979
15.4686
15.4686
15.4686
15.4686
15.4686
15.4686
15.4686
15.4686
15.7876
15.7876
15.7876
15.7876
15.7876
15.7876
15.7876
15.7876
16.1276
16.1276
16.1276
16.1276
16.1276
16.1276
16.1276
16.1276
16.457
16.457
16.457
16.457
16.457
16.457
16.457
16.457
16.7426
16.7426
16.7426
16.7426
16.7426
16.7426
16.7426
16.7426
16.9538
16.9538
16.9538
16.9538
16.9538
16.9538
16.9538
16.9538
17.0677
17.0677
17.0677
17.0677
17.0677
17.0677
17.0677
17.0677
17.0755
17.0755
17.0755
17.0755
17.0755
17.0755
17.0755
17.0755
15.6323
15.6323
15.6323
15.6323
15.6323
15.6323
15.6323
15.6323
15.3283
15.3283
15.3283
15.3283
15.3283
15.3283
15.3283
15.3283
15.0885
15.0885
15.0885
15.0885
15.0885
15.0885
15.0885
15.0885
14.9281
14.9281
14.9281
14.9281
14.9281
14.9281
14.9281
14.9281
14.8574
14.8574
14.8574
14.8574
14.8574
14.8574
14.8574
14.8574
14.881
14.881
14.881
14.881
14.881
14.881
14.881
14.881
14.9972
14.9972
14.9972
14.9972
14.9972
14.9972
14.9972
14.9972
15.1979
15.1979
15.1979
15.1979
15.1979
15.1979
15.1979
15.1979
15.4686
15.4686
15.4686
15.4686
15.4686
15.4686
15.4686
15.4686
15.7876
15.7876
15.7876
15.7876
15.7876
15.7876
15.7876
15.7876
16.1276
16.1276
16.1276
16.1276
16.1276
16.1276
16.1276
16.1276
16.457
16.457
16.457
16.457
16.457
16.457
16.457
16.457
16.7426
16.7426
16.7426
16.7426
16.7426
16.7426
16.7426
16.7426
16.9538
16.9538
16.9538
16.9538
16.9538
16.9538
16.9538
16.9538
17.0677
17.0677
17.0677
17.0677
17.0677
17.0677
17.0677
17.0677
17.0755
17.0755
17.0755
17.0755
17.0755
17.0755
17.0755
17.0755
15.6323
15.6323
15.6323
15.6323
15.6323
15.6323
15.6323
15.6323
15.3283
15.3283
15.3283
15.3283
15.3283
15.3283
15.3283
15.3283
15.0885
15.0885
15.0885
15.0885
15.0885
15.0885
15.0885
15.0885
14.9281
14.9281
14.9281
14.9281
14.9281
14.9281
14.9281
14.9281
14.8574
14.8574
14.8574
14.8574
14.8574
14.8574
14.8574
14.8574
14.881
14.881
14.881
14.881
14.881
14.881
14.881
14.881
14.9972
14.9972
14.9972
14.9972
14.9972
14.9972
14.9972
14.9972
15.1979
15.1979
15.1979
15.1979
15.1979
15.1979
15.1979
15.1979
15.4686
15.4686
15.4686
15.4686
15.4686
15.4686
15.4686
15.4686
15.7876
15.7876
15.7876
15.7876
15.7876
15.7876
15.7876
15.7876
16.1276
16.1276
16.1276
16.1276
16.1276
16.1276
16.1276
16.1276
16.457
16.457
16.457
16.457
16.457
16.457
16.457
16.457
16.7426
16.7426
16.7426
16.7426
16.7426
16.7426
16.7426
16.7426
16.9538
16.9538
16.9538
16.9538
16.9538
16.9538
16.9538
16.9538
17.0677
17.0677
17.0677
17.0677
17.0677
17.0677
17.0677
17.0677
17.0755
17.0755
17.0755
17.0755
17.0755
17.0755
17.0755
17.0755
15.4426
15.4426
15.4426
15.4426
15.4426
15.4426
15.4426
15.4426
15.2128
15.2128
15.2128
15.2128
15.2128
15.2128
15.2128
15.2128
15.0403
15.0403
15.0403
15.0403
15.0403
15.0403
15.0403
15.0403
14.9397
14.9397
14.9397
14.9397
14.9397
14.9397
14.9397
14.9397
14.9204
14.9204
14.9204
14.9204
14.9204
14.9204
14.9204
14.9204
14.9866
14.9866
14.9866
14.9866
14.9866
14.9866
14.9866
14.9866
15.1367
15.1367
15.1367
15.1367
15.1367
15.1367
15.1367
15.1367
15.3622
15.3622
15.3622
15.3622
15.3622
15.3622
15.3622
15.3622
15.6483
15.6483
15.6483
15.6483
15.6483
15.6483
15.6483
15.6483
15.9736
15.9736
15.9736
15.9736
15.9736
15.9736
15.9736
15.9736
16.3106
16.3106
16.3106
16.3106
16.3106
16.3106
16.3106
16.3106
16.6281
16.6281
16.6281
16.6281
16.6281
16.6281
16.6281
16.6281
16.8939
16.8939
16.8939
16.8939
16.8939
16.8939
16.8939
16.8939
17.0787
17.0787
17.0787
17.0787
17.0787
17.0787
17.0787
17.0787
17.1616
17.1616
17.1616
17.1616
17.1616
17.1616
17.1616
17.1616
17.1359
17.1359
17.1359
17.1359
17.1359
17.1359
17.1359
17.1359
15.4426
15.4426
15.4426
15.4426
15.4426
15.4426
15.4426
15.4426
15.2128
15.2128
15.2128
15.2128
15.2128
15.2128
15.2128
15.2128
15.0403
15.0403
15.0403
15.0403
15.0403
15.0403
15.0403
15.0403
14.9397
14.9397
14.9397
14.9397
14.9397
14.9397
14.9397
14.9397
14.9204
14.9204
14.9204
14.9204
14.9204
14.9204
14.9204
14.9204
14.9866
14.9866
14.9866
14.9866
14.9866
14.9866
14.9866
14.9866
15.1367
15.1367
15.1367
15.1367
15.1367
15.1367
15.1367
15.1367
15.3622
15.3622
15.3622
15.3622
15.3622
15.3622
15.3622
15.3622
15.6483
15.6483
15.6483
15.6483
15.6483
15.6483
15.6483
15.6483
15.9736
15.9736
15.9736
15.9736
15.9736
15.9736
15.9736
15.9736
16.3106
16.3106
16.3106
16.3106
16.3106
16.3106
16.3106
16.3106
16.6281
16.6281
16.6281
16.6281
16.6281
16.6281
16.6281
16.6281
16.8939
16.8939
16.8939
16.8939
16.8939
16.8939
16.8939
16.8939
17.0787
17.0787
17.0787
17.0787
17.0787
17.0787
17.0787
17.0787
17.1616
17.1616
17.1616
17.1616
17.1616
17.1616
17.1616
17.1616
17.1359
17.1359
17.1359
17.1359
17.1359
17.1359
17.1359
17.1359
15.4426
15.4426
15.4426
15.4426
15.4426
15.4426
15.4426
15.4426
15.2128
15.2128
15.2128
15.2128
15.2128
15.2128
15.2128
15.2128
15.0403
15.0403
15.0403
15.0403
15.0403
15.0403
15.0403
15.0403
14.9397
14.9397
14.9397
14.9397
14.9397
14.9397
14.9397
14.9397
14.9204
14.9204
14.9204
14.9204
14.9204
14.9204
14.9204
14.9204
14.9866
14.9866
14.9866
14.9866
14.9866
14.9866
14.9866
14.9866
15.1367
15.1367
15.1367
15.1367
15.1367
15.1367
15.1367
15.1367
15.3622
15.3622
15.3622
15.3622
15.3622
15.3622
15.3622
15.3622
15.6483
15.6483
15.6483
15.6483
15.6483
15.6483
15.6483
15.6483
15.9736
15.9736
15.9736
15.9736
15.9736
15.9736
15.9736
15.9736
16.3106
16.3106
16.3106
16.3106
16.3106
16.3106
16.3106
16.3106
16.6281
16.6281
16.6281
16.6281
16.6281
16.6281
16.6281
16.6281
16.8939
16.8939
16.8939
16.8939
16.8939
16.8939
16.8939
16.8939
17.0787
17.0787
17.0787
17.0787
17.0787
17.0787
17.0787
17.0787
17.1616
17.1616
17.1616
17.1616
17.1616
17.1616
17.1616
17.1616
17.1359
17.1359
17.1359
17.1359
17.1359
17.1359
17.1359
17.1359
15.4426
15.4426
15.4426
15.4426
15.4426
15.4426
15.4426
15.4426
15.2128
15.2128
15.2128
15.2128
15.2128
15.2128
15.2128
15.2128
15.0403
15.0403
15.0403
15.0403
15.0403
15.0403
15.0403
15.0403
14.9397
14.9397
14.9397
14.9397
14.9397
14.9397
14.9397
14.9397
14.9204
14.9204
14.9204
14.9204
14.9204
14.9204
14.9204
14.9204
14.9866
14.9866
14.9866
14.9866
14.9866
14.9866
14.9866
14.9866
15.1367
15.1367
15.1367
15.1367
15.1367
15.1367
15.1367
15.1367
15.3622
15.3622
15.3622
15.3622
15.3622
15.3622
15.3622
15.3622
15.6483
15.6483
15.6483
15.6483
15.6483
15.6483
15.6483
15.6483
15.9736
15.9736
15.9736
15.9736
15.9736
15.9736
15.9736
15.9736
16.3106
16.3106
16.3106
16.3106
16.3106
16.3106
16.3106
16.3106
16.6281
16.6281
16.6281
16.6281
16.6281
16.6281
16.6281
16.6281
16.8939
16.8939
16.8939
16.8939
16.8939
16.8939
16.8939
16.8939
17.0787
17.0787
17.0787
17.0787
17.0787
17.0787
17.0787
17.0787
17.1616
17.1616
17.1616
17.1616
17.1616
17.1616
17.1616
17.1616
17.1359
17.1359
17.1359
17.1359
17.1359
17.1359
17.1359
17.1359
