8192
23.3494
23.3494
23.3494
23.3494
23.3494
23.3494
23.3494
23.3494
24.587
24.587
24.587
24.587
24.587
24.587
24.587
24.587
25.8888
25.8888
25.8888
25.8888
25.8888
25.8888
25.8888
25.8888
27.2308
27.2308
27.2308
27.2308
27.2308
27.2308
27.2308
27.2308
28.5844
28.5844
28.5844
28.5844
28.5844
28.5844
28.5844
28.5844
29.9161
29.9161
29.9161
29.9161
29.9161
29.9161
29.9161
29.9161
31.1879
31.1879
31.1879
31.1879
31.1879
31.1879
31.1879
31.1879
32.3586
32.3586
32.3586
32.3586
32.3586
32.3586
32.3586
32.3586
33.3854
33.3854
33.3854
33.3854
33.3854
33.3854
33.3854
33.3854
34.2268
34.2268
34.2268
34.2268
34.2268
34.2268
34.2268
34.2268
34.8455
34.8455
34.8455
34.8455
34.8455
34.8455
34.8455
34.8455
35.2121
35.2121
35.2121
35.2121
35.2121
35.2121
35.2121
35.2121
35.3085
35.3085
35.3085
35.3085
35.3085
35.3085
35.3085
35.3085
35.1308
35.1308
35.1308
35.1308
35.1308
35.1308
35.1308
35.1308
34.69
34.69
34.69
34.69
34.69
34.69
34.69
34.69
34.0131
34.0131
34.0131
34.0131
34.0131
34.0131
34.0131
34.0131
23.3494
23.3494
23.3494
23.3494
23.3494
23.3494
23.3494
23.3494
24.587
24.587
24.587
24.587
24.587
24.587
24.587
24.587
25.8888
25.8888
25.8888
25.8888
25.8888
25.8888
25.8888
25.8888
27.2308
27.2308
27.2308
27.2308
27.2308
27.2308
27.2308
27.2308
28.5844
28.5844
28.5844
28.5844
28.5844
28.5844
28.5844
28.5844
29.9161
29.9161
29.9161
29.9161
29.9161
29.9161
29.9161
29.9161
31.1879
31.1879
31.1879
31.1879
31.1879
31.1879
31.1879
31.1879
32.3586
32.3586
32.3586
32.3586
32.3586
32.3586
32.3586
32.3586
33.3854
33.3854
33.3854
33.3854
33.3854
33.3854
33.3854
33.3854
34.2268
34.2268
34.2268
34.2268
34.2268
34.2268
34.2268
34.2268
34.8455
34.8455
34.8455
34.8455
34.8455
34.8455
34.8455
34.8455
35.2121
35.2121
35.2121
35.2121
35.2121
35.2121
35.2121
35.2121
35.3085
35.3085
35.3085
35.3085
35.3085
35.3085
35.3085
35.3085
35.1308
35.1308
35.1308
35.1308
35.1308
35.1308
35.1308
35.1308
34.69
34.69
34.69
34.69
34.69
34.69
34.69
34.69
34.0131
34.0131
34.0131
34.0131
34.0131
34.0131
34.0131
34.0131
23.3494
23.3494
23.3494
23.3494
23.3494
23.3494
23.3494
23.3494
24.587
24.587
24.587
24.587
24.587
24.587
24.587
24.587
25.8888
25.8888
25.8888
25.8888
25.8888
25.8888
25.8888
25.8888
27.2308
27.2308
27.2308
27.2308
27.2308
27.2308
27.2308
27.2308
28.5844
28.5844
28.5844
28.5844
28.5844
28.5844
28.5844
28.5844
29.9161
29.9161
29.9161
29.9161
29.9161
29.9161
29.9161
29.9161
31.1879
31.1879
31.1879
31.1879
31.1879
31.1879
31.1879
31.1879
32.3586
32.3586
32.3586
32.3586
32.3586
32.3586
32.3586
32.3586
33.3854
33.3854
33.3854
33.3854
33.3854
33.3854
33.3854
33.3854
34.2268
34.2268
34.2268
34.2268
34.2268
34.2268
34.2268
34.2268
34.8455
34.8455
34.8455
34.8455
34.8455
34.8455
34.8455
34.8455
35.2121
35.2121
35.2121
35.2121
35.2121
35.2121
35.2121
35.2121
35.3085
35.3085
35.3085
35.3085
35.3085
35.3085
35.3085
35.3085
35.1308
35.1308
35.1308
35.1308
35.1308
35.1308
35.1308
35.1308
34.69
34.69
34.69
34.69
34.69
34.69
34.69
34.69
34.0131
34.0131
34.0131
34.0131
34.0131
34.0131
34.0131
34.0131
23.3494
23.3494
23.3494
23.3494
23.3494
23.3494
23.3494
23.3494
24.587
24.587
24.587
24.587
24.587
24.587
24.587
24.587
25.8888
25.8888
25.8888
25.8888
25.8888
25.8888
25.8888
25.8888
27.2308
27.2308
27.2308
27.2308
27.2308
27.2308
27.2308
27.2308
28.5844
28.5844
28.5844
28.5844
28.5844
28.5844
28.5844
28.5844
29.9161
29.9161
29.9161
29.9161
29.9161
29.9161
29.9161
29.9161
31.1879
31.1879
31.1879
31.1879
31.1879
31.1879
31.1879
31.1879
32.3586
32.3586
32.3586
32.3586
32.3586
32.3586
32.3586
32.3586
33.3854
33.3854
33.3854
33.3854
33.3854
33.3854
33.3854
33.3854
34.2268
34.2268
34.2268
34.2268
34.2268
34.2268
34.2268
34.2268
34.8455
34.8455
34.8455
34.8455
34.8455
34.8455
34.8455
34.8455
35.2121
35.2121
35.2121
35.2121
35.2121
35.2121
35.2121
35.2121
35.3085
35.3085
35.3085
35.3085
35.3085
35.3085
35.3085
35.3085
35.1308
35.1308
35.1308
35.1308
35.1308
35.1308
35.1308
35.1308
34.69
34.69
34.69
34.69
34.69
34.69
34.69
34.69
34.0131
34.0131
34.0131
34.0131
34.0131
34.0131
34.0131
34.0131
23.1029
23.1029
23.1029
23.1029
23.1029
23.1029
23.1029
23.1029
24.4306
24.4306
24.4306
24.4306
24.4306
24.4306
24.4306
24.4306
25.8364
25.8364
25.8364
25.8364
25.8364
25.8364
25.8364
25.8364
27.2971
27.2971
27.2971
27.2971
27.2971
27.2971
27.2971
27.2971
28.7839
28.7839
28.7839
28.7839
28.7839
28.7839
28.7839
28.7839
30.2622
30.2622
30.2622
30.2622
30.2622
30.2622
30.2622
30.2622
31.6912
31.6912
31.6912
31.6912
31.6912
31.6912
31.6912
31.6912
33.0252
33.0252
33.0252
33.0252
33.0252
33.0252
33.0252
33.0252
34.2153
34.2153
34.2153
34.2153
34.2153
34.2153
34.2153
34.2153
35.2118
35.2118
35.2118
35.2118
35.2118
35.2118
35.2118
35.2118
35.9684
35.9684
35.9684
35.9684
35.9684
35.9684
35.9684
35.9684
36.4467
36.4467
36.4467
36.4467
36.4467
36.4467
36.4467
36.4467
36.6203
36.6203
36.6203
36.6203
36.6203
36.6203
36.6203
36.6203
36.4787
36.4787
36.4787
36.4787
36.4787
36.4787
36.4787
36.4787
36.03
36.03
36.03
36.03
36.03
36.03
36.03
36.03
35.3007
35.3007
35.3007
35.3007
35.3007
35.3007
35.3007
35.3007
23.1029
23.1029
23.1029
23.1029
23.1029
23.1029
23.1029
23.1029
24.4306
24.4306
24.4306
24.4306
24.4306
24.4306
24.4306
24.4306
25.8364
25.8364
25.8364
25.8364
25.8364
25.8364
25.8364
25.8364
27.2971
27.2971
27.2971
27.2971
27.2971
27.2971
27.2971
27.2971
28.7839
28.7839
28.7839
28.7839
28.7839
28.7839
28.7839
28.7839
30.2622
30.2622
30.2622
30.2622
30.2622
30.2622
30.2622
30.2622
31.6912
31.6912
31.6912
31.6912
31.6912
31.6912
31.6912
31.6912
33.0252
33.0252
33.0252
33.0252
33.0252
33.0252
33.0252
33.0252
34.2153
34.2153
34.2153
34.2153
34.2153
34.2153
34.2153
34.2153
35.2118
35.2118
35.2118
35.2118
35.2118
35.2118
35.2118
35.2118
35.9684
35.9684
35.9684
35.9684
35.9684
35.9684
35.9684
35.9684
36.4467
36.4467
36.4467
36.4467
36.4467
36.4467
36.4467
36.4467
36.6203
36.6203
36.6203
36.6203
36.6203
36.6203
36.6203
36.6203
36.4787
36.4787
36.4787
36.4787
36.4787
36.4787
36.4787
36.4787
36.03
36.03
36.03
36.03
36.03
36.03
36.03
36.03
35.3007
35.3007
35.3007
35.3007
35.3007
35.3007
35.3007
35.3007
23.1029
23.1029
23.1029
23.1029
23.1029
23.1029
23.1029
23.1029
24.4306
24.4306
24.4306
24.4306
24.4306
24.4306
24.4306
24.4306
25.8364
25.8364
25.8364
25.8364
25.8364
25.8364
25.8364
25.8364
27.2971
27.2971
27.2971
27.2971
27.2971
27.2971
27.2971
27.2971
28.7839
28.7839
28.7839
28.7839
28.7839
28.7839
28.7839
28.7839
30.2622
30.2622
30.2622
30.2622
30.2622
30.2622
30.2622
30.2622
31.6912
31.6912
31.6912
31.6912
31.6912
31.6912
31.6912
31.6912
33.0252
33.0252
33.0252
33.0252
33.0252
33.0252
33.0252
33.0252
34.2153
34.2153
34.2153
34.2153
34.2153
34.2153
34.2153
34.2153
35.2118
35.2118
35.2118
35.2118
35.2118
35.2118
35.2118
35.2118
35.9684
35.9684
35.9684
35.9684
35.9684
35.9684
35.9684
35.9684
36.4467
36.4467
36.4467
36.4467
36.4467
36.4467
36.4467
36.4467
36.6203
36.6203
36.6203
36.6203
36.6203
36.6203
36.6203
36.6203
36.4787
36.4787
36.4787
36.4787
36.4787
36.4787
36.4787
36.4787
36.03
36.03
36.03
36.03
36.03
36.03
36.03
36.03
35.3007
35.3007
35.3007
35.3007
35.3007
35.3007
35.3007
35.3007
23.1029
23.1029
23.1029
23.1029
23.1029
23.1029
23.1029
23.1029
24.4306
24.4306
24.4306
24.4306
24.4306
24.4306
24.4306
24.4306
25.8364
25.8364
25.8364
25.8364
25.8364
25.8364
25.8364
25.8364
27.2971
27.2971
27.2971
27.2971
27.2971
27.2971
27.2971
27.2971
28.7839
28.7839
28.7839
28.7839
28.7839
28.7839
28.7839
28.7839
30.2622
30.2622
30.2622
30.2622
30.2622
30.2622
30.2622
30.2622
31.6912
31.6912
31.6912
31.6912
31.6912
31.6912
31.6912
31.6912
33.0252
33.0252
33.0252
33.0252
33.0252
33.0252
33.0252
33.0252
34.2153
34.2153
34.2153
34.2153
34.2153
34.2153
34.2153
34.2153
35.2118
35.2118
35.2118
35.2118
35.2118
35.2118
35.2118
35.2118
35.9684
35.9684
35.9684
35.9684
35.9684
35.9684
35.9684
35.9684
36.4467
36.4467
36.4467
36.4467
36.4467
36.4467
36.4467
36.4467
36.6203
36.6203
36.6203
36.6203
36.6203
36.6203
36.6203
36.6203
36.4787
36.4787
36.4787
36.4787
36.4787
36.4787
36.4787
36.4787
36.03
36.03
36.03
36.03
36.03
36.03
36.03
36.03
35.3007
35.3007
35.3007
35.3007
35.3007
35.3007
35.3007
35.3007
22.8099
22.8099
22.8099
22.8099
22.8099
22.8099
22.8099
22.8099
24.2089
24.2089
24.2089
24.2089
24.2089
24.2089
24.2089
24.2089
25.7014
25.7014
25.7014
25.7014
25.7014
25.7014
25.7014
25.7014
27.2662
27.2662
27.2662
27.2662
27.2662
27.2662
27.2662
27.2662
28.8763
28.8763
28.8763
28.8763
28.8763
28.8763
28.8763
28.8763
30.4973
30.4973
30.4973
30.4973
30.4973
30.4973
30.4973
30.4973
32.0876
32.0876
32.0876
32.0876
32.0876
32.0876
32.0876
32.0876
33.5982
33.5982
33.5982
33.5982
33.5982
33.5982
33.5982
33.5982
34.9747
34.9747
34.9747
34.9747
34.9747
34.9747
34.9747
34.9747
36.1593
36.1593
36.1593
36.1593
36.1593
36.1593
36.1593
36.1593
37.0961
37.0961
37.0961
37.0961
37.0961
37.0961
37.0961
37.0961
37.7352
37.7352
37.7352
37.7352
37.7352
37.7352
37.7352
37.7352
38.0393
38.0393
38.0393
38.0393
38.0393
38.0393
38.0393
38.0393
37.9881
37.9881
37.9881
37.9881
37.9881
37.9881
37.9881
37.9881
37.583
37.583
37.583
37.583
37.583
37.583
37.583
37.583
36.8477
36.8477
36.8477
36.8477
36.8477
36.8477
36.8477
36.8477
22.8099
22.8099
22.8099
22.8099
22.8099
22.8099
22.8099
22.8099
24.2089
24.2089
24.2089
24.2089
24.2089
24.2089
24.2089
24.2089
25.7014
25.7014
25.7014
25.7014
25.7014
25.7014
25.7014
25.7014
27.2662
27.2662
27.2662
27.2662
27.2662
27.2662
27.2662
27.2662
28.8763
28.8763
28.8763
28.8763
28.8763
28.8763
28.8763
28.8763
30.4973
30.4973
30.4973
30.4973
30.4973
30.4973
30.4973
30.4973
32.0876
32.0876
32.0876
32.0876
32.0876
32.0876
32.0876
32.0876
33.5982
33.5982
33.5982
33.5982
33.5982
33.5982
33.5982
33.5982
34.9747
34.9747
34.9747
34.9747
34.9747
34.9747
34.9747
34.9747
36.1593
36.1593
36.1593
36.1593
36.1593
36.1593
36.1593
36.1593
37.0961
37.0961
37.0961
37.0961
37.0961
37.0961
37.0961
37.0961
37.7352
37.7352
37.7352
37.7352
37.7352
37.7352
37.7352
37.7352
38.0393
38.0393
38.0393
38.0393
38.0393
38.0393
38.0393
38.0393
37.9881
37.9881
37.9881
37.9881
37.9881
37.9881
37.9881
37.9881
37.583
37.583
37.583
37.583
37.583
37.583
37.583
37.583
36.8477
36.8477
36.8477
36.8477
36.8477
36.8477
36.8477
36.8477
22.8099
22.8099
22.8099
22.8099
22.8099
22.8099
22.8099
22.8099
24.2089
24.2089
24.2089
24.2089
24.2089
24.2089
24.2089
24.2089
25.7014
25.7014
25.7014
25.7014
25.7014
25.7014
25.7014
25.7014
27.2662
27.2662
27.2662
27.2662
27.2662
27.2662
27.2662
27.2662
28.8763
28.8763
28.8763
28.8763
28.8763
28.8763
28.8763
28.8763
30.4973
30.4973
30.4973
30.4973
30.4973
30.4973
30.4973
30.4973
32.0876
32.0876
32.0876
32.0876
32.0876
32.0876
32.0876
32.0876
33.5982
33.5982
33.5982
33.5982
33.5982
33.5982
33.5982
33.5982
34.9747
34.9747
34.9747
34.9747
34.9747
34.9747
34.9747
34.9747
36.1593
36.1593
36.1593
36.1593
36.1593
36.1593
36.1593
36.1593
37.0961
37.0961
37.0961
37.0961
37.0961
37.0961
37.0961
37.0961
37.7352
37.7352
37.7352
37.7352
37.7352
37.7352
37.7352
37.7352
38.0393
38.0393
38.0393
38.0393
38.0393
38.0393
38.0393
38.0393
37.9881
37.9881
37.9881
37.9881
37.9881
37.9881
37.9881
37.9881
37.583
37.583
37.583
37.583
37.583
37.583
37.583
37.583
36.8477
36.8477
36.8477
36.8477
36.8477
36.8477
36.8477
36.8477
22.8099
22.8099
22.8099
22.8099
22.8099
22.8099
22.8099
22.8099
24.2089
24.2089
24.2089
24.2089
24.2089
24.2089
24.2089
24.2089
25.7014
25.7014
25.7014
25.7014
25.7014
25.7014
25.7014
25.7014
27.2662
27.2662
27.2662
27.2662
27.2662
27.2662
27.2662
27.2662
28.8763
28.8763
28.8763
28.8763
28.8763
28.8763
28.8763
28.8763
30.4973
30.4973
30.4973
30.4973
30.4973
30.4973
30.4973
30.4973
32.0876
32.0876
32.0876
32.0876
32.0876
32.0876
32.0876
32.0876
33.5982
33.5982
33.5982
33.5982
33.5982
33.5982
33.5982
33.5982
34.9747
34.9747
34.9747
34.9747
34.9747
34.9747
34.9747
34.9747
36.1593
36.1593
36.1593
36.1593
36.1593
36.1593
36.1593
36.1593
37.0961
37.0961
37.0961
37.0961
37.0961
37.0961
37.0961
37.0961
37.7352
37.7352
37.7352
37.7352
37.7352
37.7352
37.7352
37.7352
38.0393
38.0393
38.0393
38.0393
38.0393
38.0393
38.0393
38.0393
37.9881
37.9881
37.9881
37.9881
37.9881
37.9881
37.9881
37.9881
37.583
37.583
37.583
37.583
37.583
37.583
37.583
37.583
36.8477
36.8477
36.8477
36.8477
36.8477
36.8477
36.8477
36.8477
22.4598
22.4598
22.4598
22.4598
22.4598
22.4598
22.4598
22.4598
23.9067
23.9067
23.9067
23.9067
23.9067
23.9067
23.9067
23.9067
25.4628
25.4628
25.4628
25.4628
25.4628
25.4628
25.4628
25.4628
27.1107
27.1107
27.1107
27.1107
27.1107
27.1107
27.1107
27.1107
28.8268
28.8268
28.8268
28.8268
28.8268
28.8268
28.8268
28.8268
30.5793
30.5793
30.5793
30.5793
30.5793
30.5793
30.5793
30.5793
32.3276
32.3276
32.3276
32.3276
32.3276
32.3276
32.3276
32.3276
34.0217
34.0217
34.0217
34.0217
34.0217
34.0217
34.0217
34.0217
35.6028
35.6028
35.6028
35.6028
35.6028
35.6028
35.6028
35.6028
37.0062
37.0062
37.0062
37.0062
37.0062
37.0062
37.0062
37.0062
38.1656
38.1656
38.1656
38.1656
38.1656
38.1656
38.1656
38.1656
39.0184
39.0184
39.0184
39.0184
39.0184
39.0184
39.0184
39.0184
39.5131
39.5131
39.5131
39.5131
39.5131
39.5131
39.5131
39.5131
39.6162
39.6162
39.6162
39.6162
39.6162
39.6162
39.6162
39.6162
39.3178
39.3178
39.3178
39.3178
39.3178
39.3178
39.3178
39.3178
38.6345
38.6345
38.6345
38.6345
38.6345
38.6345
38.6345
38.6345
22.4598
22.4598
22.4598
22.4598
22.4598
22.4598
22.4598
22.4598
23.9067
23.9067
23.9067
23.9067
23.9067
23.9067
23.9067
23.9067
25.4628
25.4628
25.4628
25.4628
25.4628
25.4628
25.4628
25.4628
27.1107
27.1107
27.1107
27.1107
27.1107
27.1107
27.1107
27.1107
28.8268
28.8268
28.8268
28.8268
28.8268
28.8268
28.8268
28.8268
30.5793
30.5793
30.5793
30.5793
30.5793
30.5793
30.5793
30.5793
32.3276
32.3276
32.3276
32.3276
32.3276
32.3276
32.3276
32.3276
34.0217
34.0217
34.0217
34.0217
34.0217
34.0217
34.0217
34.0217
35.6028
35.6028
35.6028
35.6028
35.6028
35.6028
35.6028
35.6028
37.0062
37.0062
37.0062
37.0062
37.0062
37.0062
37.0062
37.0062
38.1656
38.1656
38.1656
38.1656
38.1656
38.1656
38.1656
38.1656
39.0184
39.0184
39.0184
39.0184
39.0184
39.0184
39.0184
39.0184
39.5131
39.5131
39.5131
39.5131
39.5131
39.5131
39.5131
39.5131
39.6162
39.6162
39.6162
39.6162
39.6162
39.6162
39.6162
39.6162
39.3178
39.3178
39.3178
39.3178
39.3178
39.3178
39.3178
39.3178
38.6345
38.6345
38.6345
38.6345
38.6345
38.6345
38.6345
38.6345
22.4598
22.4598
22.4598
22.4598
22.4598
22.4598
22.4598
22.4598
23.9067
23.9067
23.9067
23.9067
23.9067
23.9067
23.9067
23.9067
25.4628
25.4628
25.4628
25.4628
25.4628
25.4628
25.4628
25.4628
27.1107
27.1107
27.1107
27.1107
27.1107
27.1107
27.1107
27.1107
28.8268
28.8268
28.8268
28.8268
28.8268
28.8268
28.8268
28.8268
30.5793
30.5793
30.5793
30.5793
30.5793
30.5793
30.5793
30.5793
32.3276
32.3276
32.3276
32.3276
32.3276
32.3276
32.3276
32.3276
34.0217
34.0217
34.0217
34.0217
34.0217
34.0217
34.0217
34.0217
35.6028
35.6028
35.6028
35.6028
35.6028
35.6028
35.6028
35.6028
37.0062
37.0062
37.0062
37.0062
37.0062
37.0062
37.0062
37.0062
38.1656
38.1656
38.1656
38.1656
38.1656
38.1656
38.1656
38.1656
39.0184
39.0184
39.0184
39.0184
39.0184
39.0184
39.0184
39.0184
39.5131
39.5131
39.5131
39.5131
39.5131
39.5131
39.5131
39.5131
39.6162
39.6162
39.6162
39.6162
39.6162
39.6162
39.6162
39.6162
39.3178
39.3178
39.3178
39.3178
39.3178
39.3178
39.3178
39.3178
38.6345
38.6345
38.6345
38.6345
38.6345
38.6345
38.6345
38.6345
22.4598
22.4598
22.4598
22.4598
22.4598
22.4598
22.4598
22.4598
23.9067
23.9067
23.9067
23.9067
23.9067
23.9067
23.9067
23.9067
25.4628
25.4628
25.4628
25.4628
25.4628
25.4628
25.4628
25.4628
27.1107
27.1107
27.1107
27.1107
27.1107
27.1107
27.1107
27.1107
28.8268
28.8268
28.8268
28.8268
28.8268
28.8268
28.8268
28.8268
30.5793
30.5793
30.5793
30.5793
30.5793
30.5793
30.5793
30.5793
32.3276
32.3276
32.3276
32.3276
32.3276
32.3276
32.3276
32.3276
34.0217
34.0217
34.0217
34.0217
34.0217
34.0217
34.0217
34.0217
35.6028
35.6028
35.6028
35.6028
35.6028
35.6028
35.6028
35.6028
37.0062
37.0062
37.0062
37.0062
37.0062
37.0062
37.0062
37.0062
38.1656
38.1656
38.1656
38.1656
38.1656
38.1656
38.1656
38.1656
39.0184
39.0184
39.0184
39.0184
39.0184
39.0184
39.0184
39.0184
39.5131
39.5131
39.5131
39.5131
39.5131
39.5131
39.5131
39.5131
39.6162
39.6162
39.6162
39.6162
39.6162
39.6162
39.6162
39.6162
39.3178
39.3178
39.3178
39.3178
39.3178
39.3178
39.3178
39.3178
38.6345
38.6345
38.6345
38.6345
38.6345
38.6345
38.6345
38.6345
22.0476
22.0476
22.0476
22.0476
22.0476
22.0476
22.0476
22.0476
23.5158
23.5158
23.5158
23.5158
23.5158
23.5158
23.5158
23.5158
25.1085
25.1085
25.1085
25.1085
25.1085
25.1085
25.1085
25.1085
26.8132
26.8132
26.8132
26.8132
26.8132
26.8132
26.8132
26.8132
28.6116
28.6116
28.6116
28.6116
28.6116
28.6116
28.6116
28.6116
30.4768
30.4768
30.4768
30.4768
30.4768
30.4768
30.4768
30.4768
32.3716
32.3716
32.3716
32.3716
32.3716
32.3716
32.3716
32.3716
34.2472
34.2472
34.2472
34.2472
34.2472
34.2472
34.2472
34.2472
36.0432
36.0432
36.0432
36.0432
36.0432
36.0432
36.0432
36.0432
37.6894
37.6894
37.6894
37.6894
37.6894
37.6894
37.6894
37.6894
39.1095
39.1095
39.1095
39.1095
39.1095
39.1095
39.1095
39.1095
40.2273
40.2273
40.2273
40.2273
40.2273
40.2273
40.2273
40.2273
40.9749
40.9749
40.9749
40.9749
40.9749
40.9749
40.9749
40.9749
41.3014
41.3014
41.3014
41.3014
41.3014
41.3014
41.3014
41.3014
41.1808
41.1808
41.1808
41.1808
41.1808
41.1808
41.1808
41.1808
40.6174
40.6174
40.6174
40.6174
40.6174
40.6174
40.6174
40.6174
22.0476
22.0476
22.0476
22.0476
22.0476
22.0476
22.0476
22.0476
23.5158
23.5158
23.5158
23.5158
23.5158
23.5158
23.5158
23.5158
25.1085
25.1085
25.1085
25.1085
25.1085
25.1085
25.1085
25.1085
26.8132
26.8132
26.8132
26.8132
26.8132
26.8132
26.8132
26.8132
28.6116
28.6116
28.6116
28.6116
28.6116
28.6116
28.6116
28.6116
30.4768
30.4768
30.4768
30.4768
30.4768
30.4768
30.4768
30.4768
32.3716
32.3716
32.3716
32.3716
32.3716
32.3716
32.3716
32.3716
34.2472
34.2472
34.2472
34.2472
34.2472
34.2472
34.2472
34.2472
36.0432
36.0432
36.0432
36.0432
36.0432
36.0432
36.0432
36.0432
37.6894
37.6894
37.6894
37.6894
37.6894
37.6894
37.6894
37.6894
39.1095
39.1095
39.1095
39.1095
39.1095
39.1095
39.1095
39.1095
40.2273
40.2273
40.2273
40.2273
40.2273
40.2273
40.2273
40.2273
40.9749
40.9749
40.9749
40.9749
40.9749
40.9749
40.9749
40.9749
41.3014
41.3014
41.3014
41.3014
41.3014
41.3014
41.3014
41.3014
41.1808
41.1808
41.1808
41.1808
41.1808
41.1808
41.1808
41.1808
40.6174
40.6174
40.6174
40.6174
40.6174
40.6174
40.6174
40.6174
22.0476
22.0476
22.0476
22.0476
22.0476
22.0476
22.0476
22.0476
23.5158
23.5158
23.5158
23.5158
23.5158
23.5158
23.5158
23.5158
25.1085
25.1085
25.1085
25.1085
25.1085
25.1085
25.1085
25.1085
26.8132
26.8132
26.8132
26.8132
26.8132
26.8132
26.8132
26.8132
28.6116
28.6116
28.6116
28.6116
28.6116
28.6116
28.6116
28.6116
30.4768
30.4768
30.4768
30.4768
30.4768
30.4768
30.4768
30.4768
32.3716
32.3716
32.3716
32.3716
32.3716
32.3716
32.3716
32.3716
34.2472
34.2472
34.2472
34.2472
34.2472
34.2472
34.2472
34.2472
36.0432
36.0432
36.0432
36.0432
36.0432
36.0432
36.0432
36.0432
37.6894
37.6894
37.6894
37.6894
37.6894
37.6894
37.6894
37.6894
39.1095
39.1095
39.1095
39.1095
39.1095
39.1095
39.1095
39.1095
40.2273
40.2273
40.2273
40.2273
40.2273
40.2273
40.2273
40.2273
40.9749
40.9749
40.9749
40.9749
40.9749
40.9749
40.9749
40.9749
41.3014
41.3014
41.3014
41.3014
41.3014
41.3014
41.3014
41.3014
41.1808
41.1808
41.1808
41.1808
41.1808
41.1808
41.1808
41.1808
40.6174
40.6174
40.6174
40.6174
40.6174
40.6174
40.6174
40.6174
22.0476
22.0476
22.0476
22.0476
22.0476
22.0476
22.0476
22.0476
23.5158
23.5158
23.5158
23.5158
23.5158
23.5158
23.5158
23.5158
25.1085
25.1085
25.1085
25.1085
25.1085
25.1085
25.1085
25.1085
26.8132
26.8132
26.8132
26.8132
26.8132
26.8132
26.8132
26.8132
28.6116
28.6116
28.6116
28.6116
28.6116
28.6116
28.6116
28.6116
30.4768
30.4768
30.4768
30.4768
30.4768
30.4768
30.4768
30.4768
32.3716
32.3716
32.3716
32.3716
32.3716
32.3716
32.3716
32.3716
34.2472
34.2472
34.2472
34.2472
34.2472
34.2472
34.2472
34.2472
36.0432
36.0432
36.0432
36.0432
36.0432
36.0432
36.0432
36.0432
37.6894
37.6894
37.6894
37.6894
37.6894
37.6894
37.6894
37.6894
39.1095
39.1095
39.1095
39.1095
39.1095
39.1095
39.1095
39.1095
40.2273
40.2273
40.2273
40.2273
40.2273
40.2273
40.2273
40.2273
40.9749
40.9749
40.9749
40.9749
40.9749
40.9749
40.9749
40.9749
41.3014
41.3014
41.3014
41.3014
41.3014
41.3014
41.3014
41.3014
41.1808
41.1808
41.1808
41.1808
41.1808
41.1808
41.1808
41.1808
40.6174
40.6174
40.6174
40.6174
40.6174
40.6174
40.6174
40.6174
21.5763
21.5763
21.5763
21.5763
21.5763
21.5763
21.5763
21.5763
23.0382
23.0382
23.0382
23.0382
23.0382
23.0382
23.0382
23.0382
24.6381
24.6381
24.6381
24.6381
24.6381
24.6381
24.6381
24.6381
26.3698
26.3698
26.3698
26.3698
26.3698
26.3698
26.3698
26.3698
28.2218
28.2218
28.2218
28.2218
28.2218
28.2218
28.2218
28.2218
30.1739
30.1739
30.1739
30.1739
30.1739
30.1739
30.1739
30.1739
32.195
32.195
32.195
32.195
32.195
32.195
32.195
32.195
34.2405
34.2405
34.2405
34.2405
34.2405
34.2405
34.2405
34.2405
36.2511
36.2511
36.2511
36.2511
36.2511
36.2511
36.2511
36.2511
38.1534
38.1534
38.1534
38.1534
38.1534
38.1534
38.1534
38.1534
39.863
39.863
39.863
39.863
39.863
39.863
39.863
39.863
41.2902
41.2902
41.2902
41.2902
41.2902
41.2902
41.2902
41.2902
42.3491
42.3491
42.3491
42.3491
42.3491
42.3491
42.3491
42.3491
42.968
42.968
42.968
42.968
42.968
42.968
42.968
42.968
43.0998
43.0998
43.0998
43.0998
43.0998
43.0998
43.0998
43.0998
42.7306
42.7306
42.7306
42.7306
42.7306
42.7306
42.7306
42.7306
21.5763
21.5763
21.5763
21.5763
21.5763
21.5763
21.5763
21.5763
23.0382
23.0382
23.0382
23.0382
23.0382
23.0382
23.0382
23.0382
24.6381
24.6381
24.6381
24.6381
24.6381
24.6381
24.6381
24.6381
26.3698
26.3698
26.3698
26.3698
26.3698
26.3698
26.3698
26.3698
28.2218
28.2218
28.2218
28.2218
28.2218
28.2218
28.2218
28.2218
30.1739
30.1739
30.1739
30.1739
30.1739
30.1739
30.1739
30.1739
32.195
32.195
32.195
32.195
32.195
32.195
32.195
32.195
34.2405
34.2405
34.2405
34.2405
34.2405
34.2405
34.2405
34.2405
36.2511
36.2511
36.2511
36.2511
36.2511
36.2511
36.2511
36.2511
38.1534
38.1534
38.1534
38.1534
38.1534
38.1534
38.1534
38.1534
39.863
39.863
39.863
39.863
39.863
39.863
39.863
39.863
41.2902
41.2902
41.2902
41.2902
41.2902
41.2902
41.2902
41.2902
42.3491
42.3491
42.3491
42.3491
42.3491
42.3491
42.3491
42.3491
42.968
42.968
42.968
42.968
42.968
42.968
42.968
42.968
43.0998
43.0998
43.0998
43.0998
43.0998
43.0998
43.0998
43.0998
42.7306
42.7306
42.7306
42.7306
42.7306
42.7306
42.7306
42.7306
21.5763
21.5763
21.5763
21.5763
21.5763
21.5763
21.5763
21.5763
23.0382
23.0382
23.0382
23.0382
23.0382
23.0382
23.0382
23.0382
24.6381
24.6381
24.6381
24.6381
24.6381
24.6381
24.6381
24.6381
26.3698
26.3698
26.3698
26.3698
26.3698
26.3698
26.3698
26.3698
28.2218
28.2218
28.2218
28.2218
28.2218
28.2218
28.2218
28.2218
30.1739
30.1739
30.1739
30.1739
30.1739
30.1739
30.1739
30.1739
32.195
32.195
32.195
32.195
32.195
32.195
32.195
32.195
34.2405
34.2405
34.2405
34.2405
34.2405
34.2405
34.2405
34.2405
36.2511
36.2511
36.2511
36.2511
36.2511
36.2511
36.2511
36.2511
38.1534
38.1534
38.1534
38.1534
38.1534
38.1534
38.1534
38.1534
39.863
39.863
39.863
39.863
39.863
39.863
39.863
39.863
41.2902
41.2902
41.2902
41.2902
41.2902
41.2902
41.2902
41.2902
42.3491
42.3491
42.3491
42.3491
42.3491
42.3491
42.3491
42.3491
42.968
42.968
42.968
42.968
42.968
42.968
42.968
42.968
43.0998
43.0998
43.0998
43.0998
43.0998
43.0998
43.0998
43.0998
42.7306
42.7306
42.7306
42.7306
42.7306
42.7306
42.7306
42.7306
21.5763
21.5763
21.5763
21.5763
21.5763
21.5763
21.5763
21.5763
23.0382
23.0382
23.0382
23.0382
23.0382
23.0382
23.0382
23.0382
24.6381
24.6381
24.6381
24.6381
24.6381
24.6381
24.6381
24.6381
26.3698
26.3698
26.3698
26.3698
26.3698
26.3698
26.3698
26.3698
28.2218
28.2218
28.2218
28.2218
28.2218
28.2218
28.2218
28.2218
30.1739
30.1739
30.1739
30.1739
30.1739
30.1739
30.1739
30.1739
32.195
32.195
32.195
32.195
32.195
32.195
32.195
32.195
34.2405
34.2405
34.2405
34.2405
34.2405
34.2405
34.2405
34.2405
36.2511
36.2511
36.2511
36.2511
36.2511
36.2511
36.2511
36.2511
38.1534
38.1534
38.1534
38.1534
38.1534
38.1534
38.1534
38.1534
39.863
39.863
39.863
39.863
39.863
39.863
39.863
39.863
41.2902
41.2902
41.2902
41.2902
41.2902
41.2902
41.2902
41.2902
42.3491
42.3491
42.3491
42.3491
42.3491
42.3491
42.3491
42.3491
42.968
42.968
42.968
42.968
42.968
42.968
42.968
42.968
43.0998
43.0998
43.0998
43.0998
43.0998
43.0998
43.0998
43.0998
42.7306
42.7306
42.7306
42.7306
42.7306
42.7306
42.7306
42.7306
21.0583
21.0583
21.0583
21.0583
21.0583
21.0583
21.0583
21.0583
22.4872
22.4872
22.4872
22.4872
22.4872
22.4872
22.4872
22.4872
24.0649
24.0649
24.0649
24.0649
24.0649
24.0649
24.0649
24.0649
25.7925
25.7925
25.7925
25.7925
25.7925
25.7925
25.7925
25.7925
27.6662
27.6662
27.6662
27.6662
27.6662
27.6662
27.6662
27.6662
29.6745
29.6745
29.6745
29.6745
29.6745
29.6745
29.6745
29.6745
31.7943
31.7943
31.7943
31.7943
31.7943
31.7943
31.7943
31.7943
33.9881
33.9881
33.9881
33.9881
33.9881
33.9881
33.9881
33.9881
36.2008
36.2008
36.2008
36.2008
36.2008
36.2008
36.2008
36.2008
38.3591
38.3591
38.3591
38.3591
38.3591
38.3591
38.3591
38.3591
40.3733
40.3733
40.3733
40.3733
40.3733
40.3733
40.3733
40.3733
42.1417
42.1417
42.1417
42.1417
42.1417
42.1417
42.1417
42.1417
43.5604
43.5604
43.5604
43.5604
43.5604
43.5604
43.5604
43.5604
44.5343
44.5343
44.5343
44.5343
44.5343
44.5343
44.5343
44.5343
44.9907
44.9907
44.9907
44.9907
44.9907
44.9907
44.9907
44.9907
44.8913
44.8913
44.8913
44.8913
44.8913
44.8913
44.8913
44.8913
21.0583
21.0583
21.0583
21.0583
21.0583
21.0583
21.0583
21.0583
22.4872
22.4872
22.4872
22.4872
22.4872
22.4872
22.4872
22.4872
24.0649
24.0649
24.0649
24.0649
24.0649
24.0649
24.0649
24.0649
25.7925
25.7925
25.7925
25.7925
25.7925
25.7925
25.7925
25.7925
27.6662
27.6662
27.6662
27.6662
27.6662
27.6662
27.6662
27.6662
29.6745
29.6745
29.6745
29.6745
29.6745
29.6745
29.6745
29.6745
31.7943
31.7943
31.7943
31.7943
31.7943
31.7943
31.7943
31.7943
33.9881
33.9881
33.9881
33.9881
33.9881
33.9881
33.9881
33.9881
36.2008
36.2008
36.2008
36.2008
36.2008
36.2008
36.2008
36.2008
38.3591
38.3591
38.3591
38.3591
38.3591
38.3591
38.3591
38.3591
40.3733
40.3733
40.3733
40.3733
40.3733
40.3733
40.3733
40.3733
42.1417
42.1417
42.1417
42.1417
42.1417
42.1417
42.1417
42.1417
43.5604
43.5604
43.5604
43.5604
43.5604
43.5604
43.5604
43.5604
44.5343
44.5343
44.5343
44.5343
44.5343
44.5343
44.5343
44.5343
44.9907
44.9907
44.9907
44.9907
44.9907
44.9907
44.9907
44.9907
44.8913
44.8913
44.8913
44.8913
44.8913
44.8913
44.8913
44.8913
21.0583
21.0583
21.0583
21.0583
21.0583
21.0583
21.0583
21.0583
22.4872
22.4872
22.4872
22.4872
22.4872
22.4872
22.4872
22.4872
24.0649
24.0649
24.0649
24.0649
24.0649
24.0649
24.0649
24.0649
25.7925
25.7925
25.7925
25.7925
25.7925
25.7925
25.7925
25.7925
27.6662
27.6662
27.6662
27.6662
27.6662
27.6662
27.6662
27.6662
29.6745
29.6745
29.6745
29.6745
29.6745
29.6745
29.6745
29.6745
31.7943
31.7943
31.7943
31.7943
31.7943
31.7943
31.7943
31.7943
33.9881
33.9881
33.9881
33.9881
33.9881
33.9881
33.9881
33.9881
36.2008
36.2008
36.2008
36.2008
36.2008
36.2008
36.2008
36.2008
38.3591
38.3591
38.3591
38.3591
38.3591
38.3591
38.3591
38.3591
40.3733
40.3733
40.3733
40.3733
40.3733
40.3733
40.3733
40.3733
42.1417
42.1417
42.1417
42.1417
42.1417
42.1417
42.1417
42.1417
43.5604
43.5604
43.5604
43.5604
43.5604
43.5604
43.5604
43.5604
44.5343
44.5343
44.5343
44.5343
44.5343
44.5343
44.5343
44.5343
44.9907
44.9907
44.9907
44.9907
44.9907
44.9907
44.9907
44.9907
44.8913
44.8913
44.8913
44.8913
44.8913
44.8913
44.8913
44.8913
21.0583
21.0583
21.0583
21.0583
21.0583
21.0583
21.0583
21.0583
22.4872
22.4872
22.4872
22.4872
22.4872
22.4872
22.4872
22.4872
24.0649
24.0649
24.0649
24.0649
24.0649
24.0649
24.0649
24.0649
25.7925
25.7925
25.7925
25.7925
25.7925
25.7925
25.7925
25.7925
27.6662
27.6662
27.6662
27.6662
27.6662
27.6662
27.6662
27.6662
29.6745
29.6745
29.6745
29.6745
29.6745
29.6745
29.6745
29.6745
31.7943
31.7943
31.7943
31.7943
31.7943
31.7943
31.7943
31.7943
33.9881
33.9881
33.9881
33.9881
33.9881
33.9881
33.9881
33.9881
36.2008
36.2008
36.2008
36.2008
36.2008
36.2008
36.2008
36.2008
38.3591
38.3591
38.3591
38.3591
38.3591
38.3591
38.3591
38.3591
40.3733
40.3733
40.3733
40.3733
40.3733
40.3733
40.3733
40.3733
42.1417
42.1417
42.1417
42.1417
42.1417
42.1417
42.1417
42.1417
43.5604
43.5604
43.5604
43.5604
43.5604
43.5604
43.5604
43.5604
44.5343
44.5343
44.5343
44.5343
44.5343
44.5343
44.5343
44.5343
44.9907
44.9907
44.9907
44.9907
44.9907
44.9907
44.9907
44.9907
44.8913
44.8913
44.8913
44.8913
44.8913
44.8913
44.8913
44.8913
20.5165
20.5165
20.5165
20.5165
20.5165
20.5165
20.5165
20.5165
21.8882
21.8882
21.8882
21.8882
21.8882
21.8882
21.8882
21.8882
23.4166
23.4166
23.4166
23.4166
23.4166
23.4166
23.4166
23.4166
25.1101
25.1101
25.1101
25.1101
25.1101
25.1101
25.1101
25.1101
26.9733
26.9733
26.9733
26.9733
26.9733
26.9733
26.9733
26.9733
29.0042
29.0042
29.0042
29.0042
29.0042
29.0042
29.0042
29.0042
31.1897
31.1897
31.1897
31.1897
31.1897
31.1897
31.1897
31.1897
33.5015
33.5015
33.5015
33.5015
33.5015
33.5015
33.5015
33.5015
35.8921
35.8921
35.8921
35.8921
35.8921
35.8921
35.8921
35.8921
38.292
38.292
38.292
38.292
38.292
38.292
38.292
38.292
40.6094
40.6094
40.6094
40.6094
40.6094
40.6094
40.6094
40.6094
42.734
42.734
42.734
42.734
42.734
42.734
42.734
42.734
44.5448
44.5448
44.5448
44.5448
44.5448
44.5448
44.5448
44.5448
45.9228
45.9228
45.9228
45.9228
45.9228
45.9228
45.9228
45.9228
46.7665
46.7665
46.7665
46.7665
46.7665
46.7665
46.7665
46.7665
47.0076
47.0076
47.0076
47.0076
47.0076
47.0076
47.0076
47.0076
20.5165
20.5165
20.5165
20.5165
20.5165
20.5165
20.5165
20.5165
21.8882
21.8882
21.8882
21.8882
21.8882
21.8882
21.8882
21.8882
23.4166
23.4166
23.4166
23.4166
23.4166
23.4166
23.4166
23.4166
25.1101
25.1101
25.1101
25.1101
25.1101
25.1101
25.1101
25.1101
26.9733
26.9733
26.9733
26.9733
26.9733
26.9733
26.9733
26.9733
29.0042
29.0042
29.0042
29.0042
29.0042
29.0042
29.0042
29.0042
31.1897
31.1897
31.1897
31.1897
31.1897
31.1897
31.1897
31.1897
33.5015
33.5015
33.5015
33.5015
33.5015
33.5015
33.5015
33.5015
35.8921
35.8921
35.8921
35.8921
35.8921
35.8921
35.8921
35.8921
38.292
38.292
38.292
38.292
38.292
38.292
38.292
38.292
40.6094
40.6094
40.6094
40.6094
40.6094
40.6094
40.6094
40.6094
42.734
42.734
42.734
42.734
42.734
42.734
42.734
42.734
44.5448
44.5448
44.5448
44.5448
44.5448
44.5448
44.5448
44.5448
45.9228
45.9228
45.9228
45.9228
45.9228
45.9228
45.9228
45.9228
46.7665
46.7665
46.7665
46.7665
46.7665
46.7665
46.7665
46.7665
47.0076
47.0076
47.0076
47.0076
47.0076
47.0076
47.0076
47.0076
20.5165
20.5165
20.5165
20.5165
20.5165
20.5165
20.5165
20.5165
21.8882
21.8882
21.8882
21.8882
21.8882
21.8882
21.8882
21.8882
23.4166
23.4166
23.4166
23.4166
23.4166
23.4166
23.4166
23.4166
25.1101
25.1101
25.1101
25.1101
25.1101
25.1101
25.1101
25.1101
26.9733
26.9733
26.9733
26.9733
26.9733
26.9733
26.9733
26.9733
29.0042
29.0042
29.0042
29.0042
29.0042
29.0042
29.0042
29.0042
31.1897
31.1897
31.1897
31.1897
31.1897
31.1897
31.1897
31.1897
33.5015
33.5015
33.5015
33.5015
33.5015
33.5015
33.5015
33.5015
35.8921
35.8921
35.8921
35.8921
35.8921
35.8921
35.8921
35.8921
38.292
38.292
38.292
38.292
38.292
38.292
38.292
38.292
40.6094
40.6094
40.6094
40.6094
40.6094
40.6094
40.6094
40.6094
42.734
42.734
42.734
42.734
42.734
42.734
42.734
42.734
44.5448
44.5448
44.5448
44.5448
44.5448
44.5448
44.5448
44.5448
45.9228
45.9228
45.9228
45.9228
45.9228
45.9228
45.9228
45.9228
46.7665
46.7665
46.7665
46.7665
46.7665
46.7665
46.7665
46.7665
47.0076
47.0076
47.0076
47.0076
47.0076
47.0076
47.0076
47.0076
20.5165
20.5165
20.5165
20.5165
20.5165
20.5165
20.5165
20.5165
21.8882
21.8882
21.8882
21.8882
21.8882
21.8882
21.8882
21.8882
23.4166
23.4166
23.4166
23.4166
23.4166
23.4166
23.4166
23.4166
25.1101
25.1101
25.1101
25.1101
25.1101
25.1101
25.1101
25.1101
26.9733
26.9733
26.9733
26.9733
26.9733
26.9733
26.9733
26.9733
29.0042
29.0042
29.0042
29.0042
29.0042
29.0042
29.0042
29.0042
31.1897
31.1897
31.1897
31.1897
31.1897
31.1897
31.1897
31.1897
33.5015
33.5015
33.5015
33.5015
33.5015
33.5015
33.5015
33.5015
35.8921
35.8921
35.8921
35.8921
35.8921
35.8921
35.8921
35.8921
38.292
38.292
38.292
38.292
38.292
38.292
38.292
38.292
40.6094
40.6094
40.6094
40.6094
40.6094
40.6094
40.6094
40.6094
42.734
42.734
42.734
42.734
42.734
42.734
42.734
42.734
44.5448
44.5448
44.5448
44.5448
44.5448
44.5448
44.5448
44.5448
45.9228
45.9228
45.9228
45.9228
45.9228
45.9228
45.9228
45.9228
46.7665
46.7665
46.7665
46.7665
46.7665
46.7665
46.7665
46.7665
47.0076
47.0076
47.0076
47.0076
47.0076
47.0076
47.0076
47.0076
19.9833
19.9833
19.9833
19.9833
19.9833
19.9833
19.9833
19.9833
21.278
21.278
21.278
21.278
21.278
21.278
21.278
21.278
22.7341
22.7341
22.7341
22.7341
22.7341
22.7341
22.7341
22.7341
24.3668
24.3668
24.3668
24.3668
24.3668
24.3668
24.3668
24.3668
26.1894
26.1894
26.1894
26.1894
26.1894
26.1894
26.1894
26.1894
28.2097
28.2097
28.2097
28.2097
28.2097
28.2097
28.2097
28.2097
30.4254
30.4254
30.4254
30.4254
30.4254
30.4254
30.4254
30.4254
32.8194
32.8194
32.8194
32.8194
32.8194
32.8194
32.8194
32.8194
35.3542
35.3542
35.3542
35.3542
35.3542
35.3542
35.3542
35.3542
37.9674
37.9674
37.9674
37.9674
37.9674
37.9674
37.9674
37.9674
40.5696
40.5696
40.5696
40.5696
40.5696
40.5696
40.5696
40.5696
43.0455
43.0455
43.0455
43.0455
43.0455
43.0455
43.0455
43.0455
45.2604
45.2604
45.2604
45.2604
45.2604
45.2604
45.2604
45.2604
47.0724
47.0724
47.0724
47.0724
47.0724
47.0724
47.0724
47.0724
48.3497
48.3497
48.3497
48.3497
48.3497
48.3497
48.3497
48.3497
48.9898
48.9898
48.9898
48.9898
48.9898
48.9898
48.9898
48.9898
19.9833
19.9833
19.9833
19.9833
19.9833
19.9833
19.9833
19.9833
21.278
21.278
21.278
21.278
21.278
21.278
21.278
21.278
22.7341
22.7341
22.7341
22.7341
22.7341
22.7341
22.7341
22.7341
24.3668
24.3668
24.3668
24.3668
24.3668
24.3668
24.3668
24.3668
26.1894
26.1894
26.1894
26.1894
26.1894
26.1894
26.1894
26.1894
28.2097
28.2097
28.2097
28.2097
28.2097
28.2097
28.2097
28.2097
30.4254
30.4254
30.4254
30.4254
30.4254
30.4254
30.4254
30.4254
32.8194
32.8194
32.8194
32.8194
32.8194
32.8194
32.8194
32.8194
35.3542
35.3542
35.3542
35.3542
35.3542
35.3542
35.3542
35.3542
37.9674
37.9674
37.9674
37.9674
37.9674
37.9674
37.9674
37.9674
40.5696
40.5696
40.5696
40.5696
40.5696
40.5696
40.5696
40.5696
43.0455
43.0455
43.0455
43.0455
43.0455
43.0455
43.0455
43.0455
45.2604
45.2604
45.2604
45.2604
45.2604
45.2604
45.2604
45.2604
47.0724
47.0724
47.0724
47.0724
47.0724
47.0724
47.0724
47.0724
48.3497
48.3497
48.3497
48.3497
48.3497
48.3497
48.3497
48.3497
48.9898
48.9898
48.9898
48.9898
48.9898
48.9898
48.9898
48.9898
19.9833
19.9833
19.9833
19.9833
19.9833
19.9833
19.9833
19.9833
21.278
21.278
21.278
21.278
21.278
21.278
21.278
21.278
22.7341
22.7341
22.7341
22.7341
22.7341
22.7341
22.7341
22.7341
24.3668
24.3668
24.3668
24.3668
24.3668
24.3668
24.3668
24.3668
26.1894
26.1894
26.1894
26.1894
26.1894
26.1894
26.1894
26.1894
28.2097
28.2097
28.2097
28.2097
28.2097
28.2097
28.2097
28.2097
30.4254
30.4254
30.4254
30.4254
30.4254
30.4254
30.4254
30.4254
32.8194
32.8194
32.8194
32.8194
32.8194
32.8194
32.8194
32.8194
35.3542
35.3542
35.3542
35.3542
35.3542
35.3542
35.3542
35.3542
37.9674
37.9674
37.9674
37.9674
37.9674
37.9674
37.9674
37.9674
40.5696
40.5696
40.5696
40.5696
40.5696
40.5696
40.5696
40.5696
43.0455
43.0455
43.0455
43.0455
43.0455
43.0455
43.0455
43.0455
45.2604
45.2604
45.2604
45.2604
45.2604
45.2604
45.2604
45.2604
47.0724
47.0724
47.0724
47.0724
47.0724
47.0724
47.0724
47.0724
48.3497
48.3497
48.3497
48.3497
48.3497
48.3497
48.3497
48.3497
48.9898
48.9898
48.9898
48.9898
48.9898
48.9898
48.9898
48.9898
19.9833
19.9833
19.9833
19.9833
19.9833
19.9833
19.9833
19.9833
21.278
21.278
21.278
21.278
21.278
21.278
21.278
21.278
22.7341
22.7341
22.7341
22.7341
22.7341
22.7341
22.7341
22.7341
24.3668
24.3668
24.3668
24.3668
24.3668
24.3668
24.3668
24.3668
26.1894
26.1894
26.1894
26.1894
26.1894
26.1894
26.1894
26.1894
28.2097
28.2097
28.2097
28.2097
28.2097
28.2097
28.2097
28.2097
30.4254
30.4254
30.4254
30.4254
30.4254
30.4254
30.4254
30.4254
32.8194
32.8194
32.8194
32.8194
32.8194
32.8194
32.8194
32.8194
35.3542
35.3542
35.3542
35.3542
35.3542
35.3542
35.3542
35.3542
37.9674
37.9674
37.9674
37.9674
37.9674
37.9674
37.9674
37.9674
40.5696
40.5696
40.5696
40.5696
40.5696
40.5696
40.5696
40.5696
43.0455
43.0455
43.0455
43.0455
43.0455
43.0455
43.0455
43.0455
45.2604
45.2604
45.2604
45.2604
45.2604
45.2604
45.2604
45.2604
47.0724
47.0724
47.0724
47.0724
47.0724
47.0724
47.0724
47.0724
48.3497
48.3497
48.3497
48.3497
48.3497
48.3497
48.3497
48.3497
48.9898
48.9898
48.9898
48.9898
48.9898
48.9898
48.9898
48.9898
19.4995
19.4995
19.4995
19.4995
19.4995
19.4995
19.4995
19.4995
20.7028
20.7028
20.7028
20.7028
20.7028
20.7028
20.7028
20.7028
22.0689
22.0689
22.0689
22.0689
22.0689
22.0689
22.0689
22.0689
23.6195
23.6195
23.6195
23.6195
23.6195
23.6195
23.6195
23.6195
25.3759
25.3759
25.3759
25.3759
25.3759
25.3759
25.3759
25.3759
27.3554
27.3554
27.3554
27.3554
27.3554
27.3554
27.3554
27.3554
29.5668
29.5668
29.5668
29.5668
29.5668
29.5668
29.5668
29.5668
32.0048
32.0048
32.0048
32.0048
32.0048
32.0048
32.0048
32.0048
34.6438
34.6438
34.6438
34.6438
34.6438
34.6438
34.6438
34.6438
37.4317
37.4317
37.4317
37.4317
37.4317
37.4317
37.4317
37.4317
40.2851
40.2851
40.2851
40.2851
40.2851
40.2851
40.2851
40.2851
43.0883
43.0883
43.0883
43.0883
43.0883
43.0883
43.0883
43.0883
45.6971
45.6971
45.6971
45.6971
45.6971
45.6971
45.6971
45.6971
47.9498
47.9498
47.9498
47.9498
47.9498
47.9498
47.9498
47.9498
49.6847
49.6847
49.6847
49.6847
49.6847
49.6847
49.6847
49.6847
50.7632
50.7632
50.7632
50.7632
50.7632
50.7632
50.7632
50.7632
19.4995
19.4995
19.4995
19.4995
19.4995
19.4995
19.4995
19.4995
20.7028
20.7028
20.7028
20.7028
20.7028
20.7028
20.7028
20.7028
22.0689
22.0689
22.0689
22.0689
22.0689
22.0689
22.0689
22.0689
23.6195
23.6195
23.6195
23.6195
23.6195
23.6195
23.6195
23.6195
25.3759
25.3759
25.3759
25.3759
25.3759
25.3759
25.3759
25.3759
27.3554
27.3554
27.3554
27.3554
27.3554
27.3554
27.3554
27.3554
29.5668
29.5668
29.5668
29.5668
29.5668
29.5668
29.5668
29.5668
32.0048
32.0048
32.0048
32.0048
32.0048
32.0048
32.0048
32.0048
34.6438
34.6438
34.6438
34.6438
34.6438
34.6438
34.6438
34.6438
37.4317
37.4317
37.4317
37.4317
37.4317
37.4317
37.4317
37.4317
40.2851
40.2851
40.2851
40.2851
40.2851
40.2851
40.2851
40.2851
43.0883
43.0883
43.0883
43.0883
43.0883
43.0883
43.0883
43.0883
45.6971
45.6971
45.6971
45.6971
45.6971
45.6971
45.6971
45.6971
47.9498
47.9498
47.9498
47.9498
47.9498
47.9498
47.9498
47.9498
49.6847
49.6847
49.6847
49.6847
49.6847
49.6847
49.6847
49.6847
50.7632
50.7632
50.7632
50.7632
50.7632
50.7632
50.7632
50.7632
19.4995
19.4995
19.4995
19.4995
19.4995
19.4995
19.4995
19.4995
20.7028
20.7028
20.7028
20.7028
20.7028
20.7028
20.7028
20.7028
22.0689
22.0689
22.0689
22.0689
22.0689
22.0689
22.0689
22.0689
23.6195
23.6195
23.6195
23.6195
23.6195
23.6195
23.6195
23.6195
25.3759
25.3759
25.3759
25.3759
25.3759
25.3759
25.3759
25.3759
27.3554
27.3554
27.3554
27.3554
27.3554
27.3554
27.3554
27.3554
29.5668
29.5668
29.5668
29.5668
29.5668
29.5668
29.5668
29.5668
32.0048
32.0048
32.0048
32.0048
32.0048
32.0048
32.0048
32.0048
34.6438
34.6438
34.6438
34.6438
34.6438
34.6438
34.6438
34.6438
37.4317
37.4317
37.4317
37.4317
37.4317
37.4317
37.4317
37.4317
40.2851
40.2851
40.2851
40.2851
40.2851
40.2851
40.2851
40.2851
43.0883
43.0883
43.0883
43.0883
43.0883
43.0883
43.0883
43.0883
45.6971
45.6971
45.6971
45.6971
45.6971
45.6971
45.6971
45.6971
47.9498
47.9498
47.9498
47.9498
47.9498
47.9498
47.9498
47.9498
49.6847
49.6847
49.6847
49.6847
49.6847
49.6847
49.6847
49.6847
50.7632
50.7632
50.7632
50.7632
50.7632
50.7632
50.7632
50.7632
19.4995
19.4995
19.4995
19.4995
19.4995
19.4995
19.4995
19.4995
20.7028
20.7028
20.7028
20.7028
20.7028
20.7028
20.7028
20.7028
22.0689
22.0689
22.0689
22.0689
22.0689
22.0689
22.0689
22.0689
23.6195
23.6195
23.6195
23.6195
23.6195
23.6195
23.6195
23.6195
25.3759
25.3759
25.3759
25.3759
25.3759
25.3759
25.3759
25.3759
27.3554
27.3554
27.3554
27.3554
27.3554
27.3554
27.3554
27.3554
29.5668
29.5668
29.5668
29.5668
29.5668
29.5668
29.5668
29.5668
32.0048
32.0048
32.0048
32.0048
32.0048
32.0048
32.0048
32.0048
34.6438
34.6438
34.6438
34.6438
34.6438
34.6438
34.6438
34.6438
37.4317
37.4317
37.4317
37.4317
37.4317
37.4317
37.4317
37.4317
40.2851
40.2851
40.2851
40.2851
40.2851
40.2851
40.2851
40.2851
43.0883
43.0883
43.0883
43.0883
43.0883
43.0883
43.0883
43.0883
45.6971
45.6971
45.6971
45.6971
45.6971
45.6971
45.6971
45.6971
47.9498
47.9498
47.9498
47.9498
47.9498
47.9498
47.9498
47.9498
49.6847
49.6847
49.6847
49.6847
49.6847
49.6847
49.6847
49.6847
50.7632
50.7632
50.7632
50.7632
50.7632
50.7632
50.7632
50.7632
19.1128
19.1128
19.1128
19.1128
19.1128
19.1128
19.1128
19.1128
20.2157
20.2157
20.2157
20.2157
20.2157
20.2157
20.2157
20.2157
21.4801
21.4801
21.4801
21.4801
21.4801
21.4801
21.4801
21.4801
22.9334
22.9334
22.9334
22.9334
22.9334
22.9334
22.9334
22.9334
24.604
24.604
24.604
24.604
24.604
24.604
24.604
24.604
26.5178
26.5178
26.5178
26.5178
26.5178
26.5178
26.5178
26.5178
28.6942
28.6942
28.6942
28.6942
28.6942
28.6942
28.6942
28.6942
31.1396
31.1396
31.1396
31.1396
31.1396
31.1396
31.1396
31.1396
33.8411
33.8411
33.8411
33.8411
33.8411
33.8411
33.8411
33.8411
36.7588
36.7588
36.7588
36.7588
36.7588
36.7588
36.7588
36.7588
39.8187
39.8187
39.8187
39.8187
39.8187
39.8187
39.8187
39.8187
42.909
42.909
42.909
42.909
42.909
42.909
42.909
42.909
45.8807
45.8807
45.8807
45.8807
45.8807
45.8807
45.8807
45.8807
48.5566
48.5566
48.5566
48.5566
48.5566
48.5566
48.5566
48.5566
50.7483
50.7483
50.7483
50.7483
50.7483
50.7483
50.7483
50.7483
52.2807
52.2807
52.2807
52.2807
52.2807
52.2807
52.2807
52.2807
19.1128
19.1128
19.1128
19.1128
19.1128
19.1128
19.1128
19.1128
20.2157
20.2157
20.2157
20.2157
20.2157
20.2157
20.2157
20.2157
21.4801
21.4801
21.4801
21.4801
21.4801
21.4801
21.4801
21.4801
22.9334
22.9334
22.9334
22.9334
22.9334
22.9334
22.9334
22.9334
24.604
24.604
24.604
24.604
24.604
24.604
24.604
24.604
26.5178
26.5178
26.5178
26.5178
26.5178
26.5178
26.5178
26.5178
28.6942
28.6942
28.6942
28.6942
28.6942
28.6942
28.6942
28.6942
31.1396
31.1396
31.1396
31.1396
31.1396
31.1396
31.1396
31.1396
33.8411
33.8411
33.8411
33.8411
33.8411
33.8411
33.8411
33.8411
36.7588
36.7588
36.7588
36.7588
36.7588
36.7588
36.7588
36.7588
39.8187
39.8187
39.8187
39.8187
39.8187
39.8187
39.8187
39.8187
42.909
42.909
42.909
42.909
42.909
42.909
42.909
42.909
45.8807
45.8807
45.8807
45.8807
45.8807
45.8807
45.8807
45.8807
48.5566
48.5566
48.5566
48.5566
48.5566
48.5566
48.5566
48.5566
50.7483
50.7483
50.7483
50.7483
50.7483
50.7483
50.7483
50.7483
52.2807
52.2807
52.2807
52.2807
52.2807
52.2807
52.2807
52.2807
19.1128
19.1128
19.1128
19.1128
19.1128
19.1128
19.1128
19.1128
20.2157
20.2157
20.2157
20.2157
20.2157
20.2157
20.2157
20.2157
21.4801
21.4801
21.4801
21.4801
21.4801
21.4801
21.4801
21.4801
22.9334
22.9334
22.9334
22.9334
22.9334
22.9334
22.9334
22.9334
24.604
24.604
24.604
24.604
24.604
24.604
24.604
24.604
26.5178
26.5178
26.5178
26.5178
26.5178
26.5178
26.5178
26.5178
28.6942
28.6942
28.6942
28.6942
28.6942
28.6942
28.6942
28.6942
31.1396
31.1396
31.1396
31.1396
31.1396
31.1396
31.1396
31.1396
33.8411
33.8411
33.8411
33.8411
33.8411
33.8411
33.8411
33.8411
36.7588
36.7588
36.7588
36.7588
36.7588
36.7588
36.7588
36.7588
39.8187
39.8187
39.8187
39.8187
39.8187
39.8187
39.8187
39.8187
42.909
42.909
42.909
42.909
42.909
42.909
42.909
42.909
45.8807
45.8807
45.8807
45.8807
45.8807
45.8807
45.8807
45.8807
48.5566
48.5566
48.5566
48.5566
48.5566
48.5566
48.5566
48.5566
50.7483
50.7483
50.7483
50.7483
50.7483
50.7483
50.7483
50.7483
52.2807
52.2807
52.2807
52.2807
52.2807
52.2807
52.2807
52.2807
19.1128
19.1128
19.1128
19.1128
19.1128
19.1128
19.1128
19.1128
20.2157
20.2157
20.2157
20.2157
20.2157
20.2157
20.2157
20.2157
21.4801
21.4801
21.4801
21.4801
21.4801
21.4801
21.4801
21.4801
22.9334
22.9334
22.9334
22.9334
22.9334
22.9334
22.9334
22.9334
24.604
24.604
24.604
24.604
24.604
24.604
24.604
24.604
26.5178
26.5178
26.5178
26.5178
26.5178
26.5178
26.5178
26.5178
28.6942
28.6942
28.6942
28.6942
28.6942
28.6942
28.6942
28.6942
31.1396
31.1396
31.1396
31.1396
31.1396
31.1396
31.1396
31.1396
33.8411
33.8411
33.8411
33.8411
33.8411
33.8411
33.8411
33.8411
36.7588
36.7588
36.7588
36.7588
36.7588
36.7588
36.7588
36.7588
39.8187
39.8187
39.8187
39.8187
39.8187
39.8187
39.8187
39.8187
42.909
42.909
42.909
42.909
42.909
42.909
42.909
42.909
45.8807
45.8807
45.8807
45.8807
45.8807
45.8807
45.8807
45.8807
48.5566
48.5566
48.5566
48.5566
48.5566
48.5566
48.5566
48.5566
50.7483
50.7483
50.7483
50.7483
50.7483
50.7483
50.7483
50.7483
52.2807
52.2807
52.2807
52.2807
52.2807
52.2807
52.2807
52.2807
18.8768
18.8768
18.8768
18.8768
18.8768
18.8768
18.8768
18.8768
19.8754
19.8754
19.8754
19.8754
19.8754
19.8754
19.8754
19.8754
21.032
21.032
21.032
21.032
21.032
21.032
21.032
21.032
22.3788
22.3788
22.3788
22.3788
22.3788
22.3788
22.3788
22.3788
23.9503
23.9503
23.9503
23.9503
23.9503
23.9503
23.9503
23.9503
25.7801
25.7801
25.7801
25.7801
25.7801
25.7801
25.7801
25.7801
27.8966
27.8966
27.8966
27.8966
27.8966
27.8966
27.8966
27.8966
30.3174
30.3174
30.3174
30.3174
30.3174
30.3174
30.3174
30.3174
33.0421
33.0421
33.0421
33.0421
33.0421
33.0421
33.0421
33.0421
36.0435
36.0435
36.0435
36.0435
36.0435
36.0435
36.0435
36.0435
39.2594
39.2594
39.2594
39.2594
39.2594
39.2594
39.2594
39.2594
42.5853
42.5853
42.5853
42.5853
42.5853
42.5853
42.5853
42.5853
45.8722
45.8722
45.8722
45.8722
45.8722
45.8722
45.8722
45.8722
48.9324
48.9324
48.9324
48.9324
48.9324
48.9324
48.9324
48.9324
51.5549
51.5549
51.5549
51.5549
51.5549
51.5549
51.5549
51.5549
53.5309
53.5309
53.5309
53.5309
53.5309
53.5309
53.5309
53.5309
18.8768
18.8768
18.8768
18.8768
18.8768
18.8768
18.8768
18.8768
19.8754
19.8754
19.8754
19.8754
19.8754
19.8754
19.8754
19.8754
21.032
21.032
21.032
21.032
21.032
21.032
21.032
21.032
22.3788
22.3788
22.3788
22.3788
22.3788
22.3788
22.3788
22.3788
23.9503
23.9503
23.9503
23.9503
23.9503
23.9503
23.9503
23.9503
25.7801
25.7801
25.7801
25.7801
25.7801
25.7801
25.7801
25.7801
27.8966
27.8966
27.8966
27.8966
27.8966
27.8966
27.8966
27.8966
30.3174
30.3174
30.3174
30.3174
30.3174
30.3174
30.3174
30.3174
33.0421
33.0421
33.0421
33.0421
33.0421
33.0421
33.0421
33.0421
36.0435
36.0435
36.0435
36.0435
36.0435
36.0435
36.0435
36.0435
39.2594
39.2594
39.2594
39.2594
39.2594
39.2594
39.2594
39.2594
42.5853
42.5853
42.5853
42.5853
42.5853
42.5853
42.5853
42.5853
45.8722
45.8722
45.8722
45.8722
45.8722
45.8722
45.8722
45.8722
48.9324
48.9324
48.9324
48.9324
48.9324
48.9324
48.9324
48.9324
51.5549
51.5549
51.5549
51.5549
51.5549
51.5549
51.5549
51.5549
53.5309
53.5309
53.5309
53.5309
53.5309
53.5309
53.5309
53.5309
18.8768
18.8768
18.8768
18.8768
18.8768
18.8768
18.8768
18.8768
19.8754
19.8754
19.8754
19.8754
19.8754
19.8754
19.8754
19.8754
21.032
21.032
21.032
21.032
21.032
21.032
21.032
21.032
22.3788
22.3788
22.3788
22.3788
22.3788
22.3788
22.3788
22.3788
23.9503
23.9503
23.9503
23.9503
23.9503
23.9503
23.9503
23.9503
25.7801
25.7801
25.7801
25.7801
25.7801
25.7801
25.7801
25.7801
27.8966
27.8966
27.8966
27.8966
27.8966
27.8966
27.8966
27.8966
30.3174
30.3174
30.3174
30.3174
30.3174
30.3174
30.3174
30.3174
33.0421
33.0421
33.0421
33.0421
33.0421
33.0421
33.0421
33.0421
36.0435
36.0435
36.0435
36.0435
36.0435
36.0435
36.0435
36.0435
39.2594
39.2594
39.2594
39.2594
39.2594
39.2594
39.2594
39.2594
42.5853
42.5853
42.5853
42.5853
42.5853
42.5853
42.5853
42.5853
45.8722
45.8722
45.8722
45.8722
45.8722
45.8722
45.8722
45.8722
48.9324
48.9324
48.9324
48.9324
48.9324
48.9324
48.9324
48.9324
51.5549
51.5549
51.5549
51.5549
51.5549
51.5549
51.5549
51.5549
53.5309
53.5309
53.5309
53.5309
53.5309
53.5309
53.5309
53.5309
18.8768
18.8768
18.8768
18.8768
18.8768
18.8768
18.8768
18.8768
19.8754
19.8754
19.8754
19.8754
19.8754
19.8754
19.8754
19.8754
21.032
21.032
21.032
21.032
21.032
21.032
21.032
21.032
22.3788
22.3788
22.3788
22.3788
22.3788
22.3788
22.3788
22.3788
23.9503
23.9503
23.9503
23.9503
23.9503
23.9503
23.9503
23.9503
25.7801
25.7801
25.7801
25.7801
25.7801
25.7801
25.7801
25.7801
27.8966
27.8966
27.8966
27.8966
27.8966
27.8966
27.8966
27.8966
30.3174
30.3174
30.3174
30.3174
30.3174
30.3174
30.3174
30.3174
33.0421
33.0421
33.0421
33.0421
33.0421
33.0421
33.0421
33.0421
36.0435
36.0435
36.0435
36.0435
36.0435
36.0435
36.0435
36.0435
39.2594
39.2594
39.2594
39.2594
39.2594
39.2594
39.2594
39.2594
42.5853
42.5853
42.5853
42.5853
42.5853
42.5853
42.5853
42.5853
45.8722
45.8722
45.8722
45.8722
45.8722
45.8722
45.8722
45.8722
48.9324
48.9324
48.9324
48.9324
48.9324
48.9324
48.9324
48.9324
51.5549
51.5549
51.5549
51.5549
51.5549
51.5549
51.5549
51.5549
53.5309
53.5309
53.5309
53.5309
53.5309
53.5309
53.5309
53.5309
18.8511
18.8511
18.8511
18.8511
18.8511
18.8511
18.8511
18.8511
19.7454
19.7454
19.7454
19.7454
19.7454
19.7454
19.7454
19.7454
20.7925
20.7925
20.7925
20.7925
20.7925
20.7925
20.7925
20.7925
22.0289
22.0289
22.0289
22.0289
22.0289
22.0289
22.0289
22.0289
23.4941
23.4941
23.4941
23.4941
23.4941
23.4941
23.4941
23.4941
25.2279
25.2279
25.2279
25.2279
25.2279
25.2279
25.2279
25.2279
27.2665
27.2665
27.2665
27.2665
27.2665
27.2665
27.2665
27.2665
29.6372
29.6372
29.6372
29.6372
29.6372
29.6372
29.6372
29.6372
32.3508
32.3508
32.3508
32.3508
32.3508
32.3508
32.3508
32.3508
35.393
35.393
35.393
35.393
35.393
35.393
35.393
35.393
38.7138
38.7138
38.7138
38.7138
38.7138
38.7138
38.7138
38.7138
42.2185
42.2185
42.2185
42.2185
42.2185
42.2185
42.2185
42.2185
45.7619
45.7619
45.7619
45.7619
45.7619
45.7619
45.7619
45.7619
49.1509
49.1509
49.1509
49.1509
49.1509
49.1509
49.1509
49.1509
52.1569
52.1569
52.1569
52.1569
52.1569
52.1569
52.1569
52.1569
54.5421
54.5421
54.5421
54.5421
54.5421
54.5421
54.5421
54.5421
18.8511
18.8511
18.8511
18.8511
18.8511
18.8511
18.8511
18.8511
19.7454
19.7454
19.7454
19.7454
19.7454
19.7454
19.7454
19.7454
20.7925
20.7925
20.7925
20.7925
20.7925
20.7925
20.7925
20.7925
22.0289
22.0289
22.0289
22.0289
22.0289
22.0289
22.0289
22.0289
23.4941
23.4941
23.4941
23.4941
23.4941
23.4941
23.4941
23.4941
25.2279
25.2279
25.2279
25.2279
25.2279
25.2279
25.2279
25.2279
27.2665
27.2665
27.2665
27.2665
27.2665
27.2665
27.2665
27.2665
29.6372
29.6372
29.6372
29.6372
29.6372
29.6372
29.6372
29.6372
32.3508
32.3508
32.3508
32.3508
32.3508
32.3508
32.3508
32.3508
35.393
35.393
35.393
35.393
35.393
35.393
35.393
35.393
38.7138
38.7138
38.7138
38.7138
38.7138
38.7138
38.7138
38.7138
42.2185
42.2185
42.2185
42.2185
42.2185
42.2185
42.2185
42.2185
45.7619
45.7619
45.7619
45.7619
45.7619
45.7619
45.7619
45.7619
49.1509
49.1509
49.1509
49.1509
49.1509
49.1509
49.1509
49.1509
52.1569
52.1569
52.1569
52.1569
52.1569
52.1569
52.1569
52.1569
54.5421
54.5421
54.5421
54.5421
54.5421
54.5421
54.5421
54.5421
18.8511
18.8511
18.8511
18.8511
18.8511
18.8511
18.8511
18.8511
19.7454
19.7454
19.7454
19.7454
19.7454
19.7454
19.7454
19.7454
20.7925
20.7925
20.7925
20.7925
20.7925
20.7925
20.7925
20.7925
22.0289
22.0289
22.0289
22.0289
22.0289
22.0289
22.0289
22.0289
23.4941
23.4941
23.4941
23.4941
23.4941
23.4941
23.4941
23.4941
25.2279
25.2279
25.2279
25.2279
25.2279
25.2279
25.2279
25.2279
27.2665
27.2665
27.2665
27.2665
27.2665
27.2665
27.2665
27.2665
29.6372
29.6372
29.6372
29.6372
29.6372
29.6372
29.6372
29.6372
32.3508
32.3508
32.3508
32.3508
32.3508
32.3508
32.3508
32.3508
35.393
35.393
35.393
35.393
35.393
35.393
35.393
35.393
38.7138
38.7138
38.7138
38.7138
38.7138
38.7138
38.7138
38.7138
42.2185
42.2185
42.2185
42.2185
42.2185
42.2185
42.2185
42.2185
45.7619
45.7619
45.7619
45.7619
45.7619
45.7619
45.7619
45.7619
49.1509
49.1509
49.1509
49.1509
49.1509
49.1509
49.1509
49.1509
52.1569
52.1569
52.1569
52.1569
52.1569
52.1569
52.1569
52.1569
54.5421
54.5421
54.5421
54.5421
54.5421
54.5421
54.5421
54.5421
18.8511
18.8511
18.8511
18.8511
18.8511
18.8511
18.8511
18.8511
19.7454
19.7454
19.7454
19.7454
19.7454
19.7454
19.7454
19.7454
20.7925
20.7925
20.7925
20.7925
20.7925
20.7925
20.7925
20.7925
22.0289
22.0289
22.0289
22.0289
22.0289
22.0289
22.0289
22.0289
23.4941
23.4941
23.4941
23.4941
23.4941
23.4941
23.4941
23.4941
25.2279
25.2279
25.2279
25.2279
25.2279
25.2279
25.2279
25.2279
27.2665
27.2665
27.2665
27.2665
27.2665
27.2665
27.2665
27.2665
29.6372
29.6372
29.6372
29.6372
29.6372
29.6372
29.6372
29.6372
32.3508
32.3508
32.3508
32.3508
32.3508
32.3508
32.3508
32.3508
35.393
35.393
35.393
35.393
35.393
35.393
35.393
35.393
38.7138
38.7138
38.7138
38.7138
38.7138
38.7138
38.7138
38.7138
42.2185
42.2185
42.2185
42.2185
42.2185
42.2185
42.2185
42.2185
45.7619
45.7619
45.7619
45.7619
45.7619
45.7619
45.7619
45.7619
49.1509
49.1509
49.1509
49.1509
49.1509
49.1509
49.1509
49.1509
52.1569
52.1569
52.1569
52.1569
52.1569
52.1569
52.1569
52.1569
54.5421
54.5421
54.5421
54.5421
54.5421
54.5421
54.5421
54.5421
19.1034
19.1034
19.1034
19.1034
19.1034
19.1034
19.1034
19.1034
19.8959
19.8959
19.8959
19.8959
19.8959
19.8959
19.8959
19.8959
20.8349
20.8349
20.8349
20.8349
20.8349
20.8349
20.8349
20.8349
21.9605
21.9605
21.9605
21.9605
21.9605
21.9605
21.9605
21.9605
23.3165
23.3165
23.3165
23.3165
23.3165
23.3165
23.3165
23.3165
24.9478
24.9478
24.9478
24.9478
24.9478
24.9478
24.9478
24.9478
26.8967
26.8967
26.8967
26.8967
26.8967
26.8967
26.8967
26.8967
29.1985
29.1985
29.1985
29.1985
29.1985
29.1985
29.1985
29.1985
31.8738
31.8738
31.8738
31.8738
31.8738
31.8738
31.8738
31.8738
34.9196
34.9196
34.9196
34.9196
34.9196
34.9196
34.9196
34.9196
38.2978
38.2978
38.2978
38.2978
38.2978
38.2978
38.2978
38.2978
41.9244
41.9244
41.9244
41.9244
41.9244
41.9244
41.9244
41.9244
45.6608
45.6608
45.6608
45.6608
45.6608
45.6608
45.6608
45.6608
49.3124
49.3124
49.3124
49.3124
49.3124
49.3124
49.3124
49.3124
52.6389
52.6389
52.6389
52.6389
52.6389
52.6389
52.6389
52.6389
55.3777
55.3777
55.3777
55.3777
55.3777
55.3777
55.3777
55.3777
19.1034
19.1034
19.1034
19.1034
19.1034
19.1034
19.1034
19.1034
19.8959
19.8959
19.8959
19.8959
19.8959
19.8959
19.8959
19.8959
20.8349
20.8349
20.8349
20.8349
20.8349
20.8349
20.8349
20.8349
21.9605
21.9605
21.9605
21.9605
21.9605
21.9605
21.9605
21.9605
23.3165
23.3165
23.3165
23.3165
23.3165
23.3165
23.3165
23.3165
24.9478
24.9478
24.9478
24.9478
24.9478
24.9478
24.9478
24.9478
26.8967
26.8967
26.8967
26.8967
26.8967
26.8967
26.8967
26.8967
29.1985
29.1985
29.1985
29.1985
29.1985
29.1985
29.1985
29.1985
31.8738
31.8738
31.8738
31.8738
31.8738
31.8738
31.8738
31.8738
34.9196
34.9196
34.9196
34.9196
34.9196
34.9196
34.9196
34.9196
38.2978
38.2978
38.2978
38.2978
38.2978
38.2978
38.2978
38.2978
41.9244
41.9244
41.9244
41.9244
41.9244
41.9244
41.9244
41.9244
45.6608
45.6608
45.6608
45.6608
45.6608
45.6608
45.6608
45.6608
49.3124
49.3124
49.3124
49.3124
49.3124
49.3124
49.3124
49.3124
52.6389
52.6389
52.6389
52.6389
52.6389
52.6389
52.6389
52.6389
55.3777
55.3777
55.3777
55.3777
55.3777
55.3777
55.3777
55.3777
19.1034
19.1034
19.1034
19.1034
19.1034
19.1034
19.1034
19.1034
19.8959
19.8959
19.8959
19.8959
19.8959
19.8959
19.8959
19.8959
20.8349
20.8349
20.8349
20.8349
20.8349
20.8349
20.8349
20.8349
21.9605
21.9605
21.9605
21.9605
21.9605
21.9605
21.9605
21.9605
23.3165
23.3165
23.3165
23.3165
23.3165
23.3165
23.3165
23.3165
24.9478
24.9478
24.9478
24.9478
24.9478
24.9478
24.9478
24.9478
26.8967
26.8967
26.8967
26.8967
26.8967
26.8967
26.8967
26.8967
29.1985
29.1985
29.1985
29.1985
29.1985
29.1985
29.1985
29.1985
31.8738
31.8738
31.8738
31.8738
31.8738
31.8738
31.8738
31.8738
34.9196
34.9196
34.9196
34.9196
34.9196
34.9196
34.9196
34.9196
38.2978
38.2978
38.2978
38.2978
38.2978
38.2978
38.2978
38.2978
41.9244
41.9244
41.9244
41.9244
41.9244
41.9244
41.9244
41.9244
45.6608
45.6608
45.6608
45.6608
45.6608
45.6608
45.6608
45.6608
49.3124
49.3124
49.3124
49.3124
49.3124
49.3124
49.3124
49.3124
52.6389
52.6389
52.6389
52.6389
52.6389
52.6389
52.6389
52.6389
55.3777
55.3777
55.3777
55.3777
55.3777
55.3777
55.3777
55.3777
19.1034
19.1034
19.1034
19.1034
19.1034
19.1034
19.1034
19.1034
19.8959
19.8959
19.8959
19.8959
19.8959
19.8959
19.8959
19.8959
20.8349
20.8349
20.8349
20.8349
20.8349
20.8349
20.8349
20.8349
21.9605
21.9605
21.9605
21.9605
21.9605
21.9605
21.9605
21.9605
23.3165
23.3165
23.3165
23.3165
23.3165
23.3165
23.3165
23.3165
24.9478
24.9478
24.9478
24.9478
24.9478
24.9478
24.9478
24.9478
26.8967
26.8967
26.8967
26.8967
26.8967
26.8967
26.8967
26.8967
29.1985
29.1985
29.1985
29.1985
29.1985
29.1985
29.1985
29.1985
31.8738
31.8738
31.8738
31.8738
31.8738
31.8738
31.8738
31.8738
34.9196
34.9196
34.9196
34.9196
34.9196
34.9196
34.9196
34.9196
38.2978
38.2978
38.2978
38.2978
38.2978
38.2978
38.2978
38.2978
41.9244
41.9244
41.9244
41.9244
41.9244
41.9244
41.9244
41.9244
45.6608
45.6608
45.6608
45.6608
45.6608
45.6608
45.6608
45.6608
49.3124
49.3124
49.3124
49.3124
49.3124
49.3124
49.3124
49.3124
52.6389
52.6389
52.6389
52.6389
52.6389
52.6389
52.6389
52.6389
55.3777
55.3777
55.3777
55.3777
55.3777
55.3777
55.3777
55.3777
19.7139
19.7139
19.7139
19.7139
19.7139
19.7139
19.7139
19.7139
20.4079
20.4079
20.4079
20.4079
20.4079
20.4079
20.4079
20.4079
21.2412
21.2412
21.2412
21.2412
21.2412
21.2412
21.2412
21.2412
22.2572
22.2572
22.2572
22.2572
22.2572
22.2572
22.2572
22.2572
23.5035
23.5035
23.5035
23.5035
23.5035
23.5035
23.5035
23.5035
25.029
25.029
25.029
25.029
25.029
25.029
25.029
25.029
26.881
26.881
26.881
26.881
26.881
26.881
26.881
26.881
29.1009
29.1009
29.1009
29.1009
29.1009
29.1009
29.1009
29.1009
31.717
31.717
31.717
31.717
31.717
31.717
31.717
31.717
34.7357
34.7357
34.7357
34.7357
34.7357
34.7357
34.7357
34.7357
38.1295
38.1295
38.1295
38.1295
38.1295
38.1295
38.1295
38.1295
41.8247
41.8247
41.8247
41.8247
41.8247
41.8247
41.8247
41.8247
45.6903
45.6903
45.6903
45.6903
45.6903
45.6903
45.6903
45.6903
49.5335
49.5335
49.5335
49.5335
49.5335
49.5335
49.5335
49.5335
53.1068
53.1068
53.1068
53.1068
53.1068
53.1068
53.1068
53.1068
56.1296
56.1296
56.1296
56.1296
56.1296
56.1296
56.1296
56.1296
19.7139
19.7139
19.7139
19.7139
19.7139
19.7139
19.7139
19.7139
20.4079
20.4079
20.4079
20.4079
20.4079
20.4079
20.4079
20.4079
21.2412
21.2412
21.2412
21.2412
21.2412
21.2412
21.2412
21.2412
22.2572
22.2572
22.2572
22.2572
22.2572
22.2572
22.2572
22.2572
23.5035
23.5035
23.5035
23.5035
23.5035
23.5035
23.5035
23.5035
25.029
25.029
25.029
25.029
25.029
25.029
25.029
25.029
26.881
26.881
26.881
26.881
26.881
26.881
26.881
26.881
29.1009
29.1009
29.1009
29.1009
29.1009
29.1009
29.1009
29.1009
31.717
31.717
31.717
31.717
31.717
31.717
31.717
31.717
34.7357
34.7357
34.7357
34.7357
34.7357
34.7357
34.7357
34.7357
38.1295
38.1295
38.1295
38.1295
38.1295
38.1295
38.1295
38.1295
41.8247
41.8247
41.8247
41.8247
41.8247
41.8247
41.8247
41.8247
45.6903
45.6903
45.6903
45.6903
45.6903
45.6903
45.6903
45.6903
49.5335
49.5335
49.5335
49.5335
49.5335
49.5335
49.5335
49.5335
53.1068
53.1068
53.1068
53.1068
53.1068
53.1068
53.1068
53.1068
56.1296
56.1296
56.1296
56.1296
56.1296
56.1296
56.1296
56.1296
19.7139
19.7139
19.7139
19.7139
19.7139
19.7139
19.7139
19.7139
20.4079
20.4079
20.4079
20.4079
20.4079
20.4079
20.4079
20.4079
21.2412
21.2412
21.2412
21.2412
21.2412
21.2412
21.2412
21.2412
22.2572
22.2572
22.2572
22.2572
22.2572
22.2572
22.2572
22.2572
23.5035
23.5035
23.5035
23.5035
23.5035
23.5035
23.5035
23.5035
25.029
25.029
25.029
25.029
25.029
25.029
25.029
25.029
26.881
26.881
26.881
26.881
26.881
26.881
26.881
26.881
29.1009
29.1009
29.1009
29.1009
29.1009
29.1009
29.1009
29.1009
31.717
31.717
31.717
31.717
31.717
31.717
31.717
31.717
34.7357
34.7357
34.7357
34.7357
34.7357
34.7357
34.7357
34.7357
38.1295
38.1295
38.1295
38.1295
38.1295
38.1295
38.1295
38.1295
41.8247
41.8247
41.8247
41.8247
41.8247
41.8247
41.8247
41.8247
45.6903
45.6903
45.6903
45.6903
45.6903
45.6903
45.6903
45.6903
49.5335
49.5335
49.5335
49.5335
49.5335
49.5335
49.5335
49.5335
53.1068
53.1068
53.1068
53.1068
53.1068
53.1068
53.1068
53.1068
56.1296
56.1296
56.1296
56.1296
56.1296
56.1296
56.1296
56.1296
19.7139
19.7139
19.7139
19.7139
19.7139
19.7139
19.7139
19.7139
20.4079
20.4079
20.4079
20.4079
20.4079
20.4079
20.4079
20.4079
21.2412
21.2412
21.2412
21.2412
21.2412
21.2412
21.2412
21.2412
22.2572
22.2572
22.2572
22.2572
22.2572
22.2572
22.2572
22.2572
23.5035
23.5035
23.5035
23.5035
23.5035
23.5035
23.5035
23.5035
25.029
25.029
25.029
25.029
25.029
25.029
25.029
25.029
26.881
26.881
26.881
26.881
26.881
26.881
26.881
26.881
29.1009
29.1009
29.1009
29.1009
29.1009
29.1009
29.1009
29.1009
31.717
31.717
31.717
31.717
31.717
31.717
31.717
31.717
34.7357
34.7357
34.7357
34.7357
34.7357
34.7357
34.7357
34.7357
38.1295
38.1295
38.1295
38.1295
38.1295
38.1295
38.1295
38.1295
41.8247
41.8247
41.8247
41.8247
41.8247
41.8247
41.8247
41.8247
45.6903
45.6903
45.6903
45.6903
45.6903
45.6903
45.6903
45.6903
49.5335
49.5335
49.5335
49.5335
49.5335
49.5335
49.5335
49.5335
53.1068
53.1068
53.1068
53.1068
53.1068
53.1068
53.1068
53.1068
56.1296
56.1296
56.1296
56.1296
56.1296
56.1296
56.1296
56.1296
20.7824
20.7824
20.7824
20.7824
20.7824
20.7824
20.7824
20.7824
21.3806
21.3806
21.3806
21.3806
21.3806
21.3806
21.3806
21.3806
22.1093
22.1093
22.1093
22.1093
22.1093
22.1093
22.1093
22.1093
23.0159
23.0159
23.0159
23.0159
23.0159
23.0159
23.0159
23.0159
24.1515
24.1515
24.1515
24.1515
24.1515
24.1515
24.1515
24.1515
25.5685
25.5685
25.5685
25.5685
25.5685
25.5685
25.5685
25.5685
27.3181
27.3181
27.3181
27.3181
27.3181
27.3181
27.3181
27.3181
29.446
29.446
29.446
29.446
29.446
29.446
29.446
29.446
31.9864
31.9864
31.9864
31.9864
31.9864
31.9864
31.9864
31.9864
34.9527
34.9527
34.9527
34.9527
34.9527
34.9527
34.9527
34.9527
38.3259
38.3259
38.3259
38.3259
38.3259
38.3259
38.3259
38.3259
42.0408
42.0408
42.0408
42.0408
42.0408
42.0408
42.0408
42.0408
45.9741
45.9741
45.9741
45.9741
45.9741
45.9741
45.9741
45.9741
49.9368
49.9368
49.9368
49.9368
49.9368
49.9368
49.9368
49.9368
53.678
53.678
53.678
53.678
53.678
53.678
53.678
53.678
56.9045
56.9045
56.9045
56.9045
56.9045
56.9045
56.9045
56.9045
20.7824
20.7824
20.7824
20.7824
20.7824
20.7824
20.7824
20.7824
21.3806
21.3806
21.3806
21.3806
21.3806
21.3806
21.3806
21.3806
22.1093
22.1093
22.1093
22.1093
22.1093
22.1093
22.1093
22.1093
23.0159
23.0159
23.0159
23.0159
23.0159
23.0159
23.0159
23.0159
24.1515
24.1515
24.1515
24.1515
24.1515
24.1515
24.1515
24.1515
25.5685
25.5685
25.5685
25.5685
25.5685
25.5685
25.5685
25.5685
27.3181
27.3181
27.3181
27.3181
27.3181
27.3181
27.3181
27.3181
29.446
29.446
29.446
29.446
29.446
29.446
29.446
29.446
31.9864
31.9864
31.9864
31.9864
31.9864
31.9864
31.9864
31.9864
34.9527
34.9527
34.9527
34.9527
34.9527
34.9527
34.9527
34.9527
38.3259
38.3259
38.3259
38.3259
38.3259
38.3259
38.3259
38.3259
42.0408
42.0408
42.0408
42.0408
42.0408
42.0408
42.0408
42.0408
45.9741
45.9741
45.9741
45.9741
45.9741
45.9741
45.9741
45.9741
49.9368
49.9368
49.9368
49.9368
49.9368
49.9368
49.9368
49.9368
53.678
53.678
53.678
53.678
53.678
53.678
53.678
53.678
56.9045
56.9045
56.9045
56.9045
56.9045
56.9045
56.9045
56.9045
20.7824
20.7824
20.7824
20.7824
20.7824
20.7824
20.7824
20.7824
21.3806
21.3806
21.3806
21.3806
21.3806
21.3806
21.3806
21.3806
22.1093
22.1093
22.1093
22.1093
22.1093
22.1093
22.1093
22.1093
23.0159
23.0159
23.0159
23.0159
23.0159
23.0159
23.0159
23.0159
24.1515
24.1515
24.1515
24.1515
24.1515
24.1515
24.1515
24.1515
25.5685
25.5685
25.5685
25.5685
25.5685
25.5685
25.5685
25.5685
27.3181
27.3181
27.3181
27.3181
27.3181
27.3181
27.3181
27.3181
29.446
29.446
29.446
29.446
29.446
29.446
29.446
29.446
31.9864
31.9864
31.9864
31.9864
31.9864
31.9864
31.9864
31.9864
34.9527
34.9527
34.9527
34.9527
34.9527
34.9527
34.9527
34.9527
38.3259
38.3259
38.3259
38.3259
38.3259
38.3259
38.3259
38.3259
42.0408
42.0408
42.0408
42.0408
42.0408
42.0408
42.0408
42.0408
45.9741
45.9741
45.9741
45.9741
45.9741
45.9741
45.9741
45.9741
49.9368
49.9368
49.9368
49.9368
49.9368
49.9368
49.9368
49.9368
53.678
53.678
53.678
53.678
53.678
53.678
53.678
53.678
56.9045
56.9045
56.9045
56.9045
56.9045
56.9045
56.9045
56.9045
20.7824
20.7824
20.7824
20.7824
20.7824
20.7824
20.7824
20.7824
21.3806
21.3806
21.3806
21.3806
21.3806
21.3806
21.3806
21.3806
22.1093
22.1093
22.1093
22.1093
22.1093
22.1093
22.1093
22.1093
23.0159
23.0159
23.0159
23.0159
23.0159
23.0159
23.0159
23.0159
24.1515
24.1515
24.1515
24.1515
24.1515
24.1515
24.1515
24.1515
25.5685
25.5685
25.5685
25.5685
25.5685
25.5685
25.5685
25.5685
27.3181
27.3181
27.3181
27.3181
27.3181
27.3181
27.3181
27.3181
29.446
29.446
29.446
29.446
29.446
29.446
29.446
29.446
31.9864
31.9864
31.9864
31.9864
31.9864
31.9864
31.9864
31.9864
34.9527
34.9527
34.9527
34.9527
34.9527
34.9527
34.9527
34.9527
38.3259
38.3259
38.3259
38.3259
38.3259
38.3259
38.3259
38.3259
42.0408
42.0408
42.0408
42.0408
42.0408
42.0408
42.0408
42.0408
45.9741
45.9741
45.9741
45.9741
45.9741
45.9741
45.9741
45.9741
49.9368
49.9368
49.9368
49.9368
49.9368
49.9368
49.9368
49.9368
53.678
53.678
53.678
53.678
53.678
53.678
53.678
53.678
56.9045
56.9045
56.9045
56.9045
56.9045
56.9045
56.9045
56.9045
