8192
52.4633
52.4633
52.4633
52.4633
52.4633
52.4633
52.4633
52.4633
52.8155
52.8155
52.8155
52.8155
52.8155
52.8155
52.8155
52.8155
53.0492
53.0492
53.0492
53.0492
53.0492
53.0492
53.0492
53.0492
53.1486
53.1486
53.1486
53.1486
53.1486
53.1486
53.1486
53.1486
53.0869
53.0869
53.0869
53.0869
53.0869
53.0869
53.0869
53.0869
52.8291
52.8291
52.8291
52.8291
52.8291
52.8291
52.8291
52.8291
52.338
52.338
52.338
52.338
52.338
52.338
52.338
52.338
51.5771
51.5771
51.5771
51.5771
51.5771
51.5771
51.5771
51.5771
50.5176
50.5176
50.5176
50.5176
50.5176
50.5176
50.5176
50.5176
49.144
49.144
49.144
49.144
49.144
49.144
49.144
49.144
47.4569
47.4569
47.4569
47.4569
47.4569
47.4569
47.4569
47.4569
45.4762
45.4762
45.4762
45.4762
45.4762
45.4762
45.4762
45.4762
43.2406
43.2406
43.2406
43.2406
43.2406
43.2406
43.2406
43.2406
40.8045
40.8045
40.8045
40.8045
40.8045
40.8045
40.8045
40.8045
38.2331
38.2331
38.2331
38.2331
38.2331
38.2331
38.2331
38.2331
35.5965
35.5965
35.5965
35.5965
35.5965
35.5965
35.5965
35.5965
52.4633
52.4633
52.4633
52.4633
52.4633
52.4633
52.4633
52.4633
52.8155
52.8155
52.8155
52.8155
52.8155
52.8155
52.8155
52.8155
53.0492
53.0492
53.0492
53.0492
53.0492
53.0492
53.0492
53.0492
53.1486
53.1486
53.1486
53.1486
53.1486
53.1486
53.1486
53.1486
53.0869
53.0869
53.0869
53.0869
53.0869
53.0869
53.0869
53.0869
52.8291
52.8291
52.8291
52.8291
52.8291
52.8291
52.8291
52.8291
52.338
52.338
52.338
52.338
52.338
52.338
52.338
52.338
51.5771
51.5771
51.5771
51.5771
51.5771
51.5771
51.5771
51.5771
50.5176
50.5176
50.5176
50.5176
50.5176
50.5176
50.5176
50.5176
49.144
49.144
49.144
49.144
49.144
49.144
49.144
49.144
47.4569
47.4569
47.4569
47.4569
47.4569
47.4569
47.4569
47.4569
45.4762
45.4762
45.4762
45.4762
45.4762
45.4762
45.4762
45.4762
43.2406
43.2406
43.2406
43.2406
43.2406
43.2406
43.2406
43.2406
40.8045
40.8045
40.8045
40.8045
40.8045
40.8045
40.8045
40.8045
38.2331
38.2331
38.2331
38.2331
38.2331
38.2331
38.2331
38.2331
35.5965
35.5965
35.5965
35.5965
35.5965
35.5965
35.5965
35.5965
52.4633
52.4633
52.4633
52.4633
52.4633
52.4633
52.4633
52.4633
52.8155
52.8155
52.8155
52.8155
52.8155
52.8155
52.8155
52.8155
53.0492
53.0492
53.0492
53.0492
53.0492
53.0492
53.0492
53.0492
53.1486
53.1486
53.1486
53.1486
53.1486
53.1486
53.1486
53.1486
53.0869
53.0869
53.0869
53.0869
53.0869
53.0869
53.0869
53.0869
52.8291
52.8291
52.8291
52.8291
52.8291
52.8291
52.8291
52.8291
52.338
52.338
52.338
52.338
52.338
52.338
52.338
52.338
51.5771
51.5771
51.5771
51.5771
51.5771
51.5771
51.5771
51.5771
50.5176
50.5176
50.5176
50.5176
50.5176
50.5176
50.5176
50.5176
49.144
49.144
49.144
49.144
49.144
49.144
49.144
49.144
47.4569
47.4569
47.4569
47.4569
47.4569
47.4569
47.4569
47.4569
45.4762
45.4762
45.4762
45.4762
45.4762
45.4762
45.4762
45.4762
43.2406
43.2406
43.2406
43.2406
43.2406
43.2406
43.2406
43.2406
40.8045
40.8045
40.8045
40.8045
40.8045
40.8045
40.8045
40.8045
38.2331
38.2331
38.2331
38.2331
38.2331
38.2331
38.2331
38.2331
35.5965
35.5965
35.5965
35.5965
35.5965
35.5965
35.5965
35.5965
52.4633
52.4633
52.4633
52.4633
52.4633
52.4633
52.4633
52.4633
52.8155
52.8155
52.8155
52.8155
52.8155
52.8155
52.8155
52.8155
53.0492
53.0492
53.0492
53.0492
53.0492
53.0492
53.0492
53.0492
53.1486
53.1486
53.1486
53.1486
53.1486
53.1486
53.1486
53.1486
53.0869
53.0869
53.0869
53.0869
53.0869
53.0869
53.0869
53.0869
52.8291
52.8291
52.8291
52.8291
52.8291
52.8291
52.8291
52.8291
52.338
52.338
52.338
52.338
52.338
52.338
52.338
52.338
51.5771
51.5771
51.5771
51.5771
51.5771
51.5771
51.5771
51.5771
50.5176
50.5176
50.5176
50.5176
50.5176
50.5176
50.5176
50.5176
49.144
49.144
49.144
49.144
49.144
49.144
49.144
49.144
47.4569
47.4569
47.4569
47.4569
47.4569
47.4569
47.4569
47.4569
45.4762
45.4762
45.4762
45.4762
45.4762
45.4762
45.4762
45.4762
43.2406
43.2406
43.2406
43.2406
43.2406
43.2406
43.2406
43.2406
40.8045
40.8045
40.8045
40.8045
40.8045
40.8045
40.8045
40.8045
38.2331
38.2331
38.2331
38.2331
38.2331
38.2331
38.2331
38.2331
35.5965
35.5965
35.5965
35.5965
35.5965
35.5965
35.5965
35.5965
51.2325
51.2325
51.2325
51.2325
51.2325
51.2325
51.2325
51.2325
51.8091
51.8091
51.8091
51.8091
51.8091
51.8091
51.8091
51.8091
52.2816
52.2816
52.2816
52.2816
52.2816
52.2816
52.2816
52.2816
52.6226
52.6226
52.6226
52.6226
52.6226
52.6226
52.6226
52.6226
52.7937
52.7937
52.7937
52.7937
52.7937
52.7937
52.7937
52.7937
52.7492
52.7492
52.7492
52.7492
52.7492
52.7492
52.7492
52.7492
52.4398
52.4398
52.4398
52.4398
52.4398
52.4398
52.4398
52.4398
51.8203
51.8203
51.8203
51.8203
51.8203
51.8203
51.8203
51.8203
50.8547
50.8547
50.8547
50.8547
50.8547
50.8547
50.8547
50.8547
49.5237
49.5237
49.5237
49.5237
49.5237
49.5237
49.5237
49.5237
47.8292
47.8292
47.8292
47.8292
47.8292
47.8292
47.8292
47.8292
45.7963
45.7963
45.7963
45.7963
45.7963
45.7963
45.7963
45.7963
43.4724
43.4724
43.4724
43.4724
43.4724
43.4724
43.4724
43.4724
40.9235
40.9235
40.9235
40.9235
40.9235
40.9235
40.9235
40.9235
38.2273
38.2273
38.2273
38.2273
38.2273
38.2273
38.2273
38.2273
35.4657
35.4657
35.4657
35.4657
35.4657
35.4657
35.4657
35.4657
51.2325
51.2325
51.2325
51.2325
51.2325
51.2325
51.2325
51.2325
51.8091
51.8091
51.8091
51.8091
51.8091
51.8091
51.8091
51.8091
52.2816
52.2816
52.2816
52.2816
52.2816
52.2816
52.2816
52.2816
52.6226
52.6226
52.6226
52.6226
52.6226
52.6226
52.6226
52.6226
52.7937
52.7937
52.7937
52.7937
52.7937
52.7937
52.7937
52.7937
52.7492
52.7492
52.7492
52.7492
52.7492
52.7492
52.7492
52.7492
52.4398
52.4398
52.4398
52.4398
52.4398
52.4398
52.4398
52.4398
51.8203
51.8203
51.8203
51.8203
51.8203
51.8203
51.8203
51.8203
50.8547
50.8547
50.8547
50.8547
50.8547
50.8547
50.8547
50.8547
49.5237
49.5237
49.5237
49.5237
49.5237
49.5237
49.5237
49.5237
47.8292
47.8292
47.8292
47.8292
47.8292
47.8292
47.8292
47.8292
45.7963
45.7963
45.7963
45.7963
45.7963
45.7963
45.7963
45.7963
43.4724
43.4724
43.4724
43.4724
43.4724
43.4724
43.4724
43.4724
40.9235
40.9235
40.9235
40.9235
40.9235
40.9235
40.9235
40.9235
38.2273
38.2273
38.2273
38.2273
38.2273
38.2273
38.2273
38.2273
35.4657
35.4657
35.4657
35.4657
35.4657
35.4657
35.4657
35.4657
51.2325
51.2325
51.2325
51.2325
51.2325
51.2325
51.2325
51.2325
51.8091
51.8091
51.8091
51.8091
51.8091
51.8091
51.8091
51.8091
52.2816
52.2816
52.2816
52.2816
52.2816
52.2816
52.2816
52.2816
52.6226
52.6226
52.6226
52.6226
52.6226
52.6226
52.6226
52.6226
52.7937
52.7937
52.7937
52.7937
52.7937
52.7937
52.7937
52.7937
52.7492
52.7492
52.7492
52.7492
52.7492
52.7492
52.7492
52.7492
52.4398
52.4398
52.4398
52.4398
52.4398
52.4398
52.4398
52.4398
51.8203
51.8203
51.8203
51.8203
51.8203
51.8203
51.8203
51.8203
50.8547
50.8547
50.8547
50.8547
50.8547
50.8547
50.8547
50.8547
49.5237
49.5237
49.5237
49.5237
49.5237
49.5237
49.5237
49.5237
47.8292
47.8292
47.8292
47.8292
47.8292
47.8292
47.8292
47.8292
45.7963
45.7963
45.7963
45.7963
45.7963
45.7963
45.7963
45.7963
43.4724
43.4724
43.4724
43.4724
43.4724
43.4724
43.4724
43.4724
40.9235
40.9235
40.9235
40.9235
40.9235
40.9235
40.9235
40.9235
38.2273
38.2273
38.2273
38.2273
38.2273
38.2273
38.2273
38.2273
35.4657
35.4657
35.4657
35.4657
35.4657
35.4657
35.4657
35.4657
51.2325
51.2325
51.2325
51.2325
51.2325
51.2325
51.2325
51.2325
51.8091
51.8091
51.8091
51.8091
51.8091
51.8091
51.8091
51.8091
52.2816
52.2816
52.2816
52.2816
52.2816
52.2816
52.2816
52.2816
52.6226
52.6226
52.6226
52.6226
52.6226
52.6226
52.6226
52.6226
52.7937
52.7937
52.7937
52.7937
52.7937
52.7937
52.7937
52.7937
52.7492
52.7492
52.7492
52.7492
52.7492
52.7492
52.7492
52.7492
52.4398
52.4398
52.4398
52.4398
52.4398
52.4398
52.4398
52.4398
51.8203
51.8203
51.8203
51.8203
51.8203
51.8203
51.8203
51.8203
50.8547
50.8547
50.8547
50.8547
50.8547
50.8547
50.8547
50.8547
49.5237
49.5237
49.5237
49.5237
49.5237
49.5237
49.5237
49.5237
47.8292
47.8292
47.8292
47.8292
47.8292
47.8292
47.8292
47.8292
45.7963
45.7963
45.7963
45.7963
45.7963
45.7963
45.7963
45.7963
43.4724
43.4724
43.4724
43.4724
43.4724
43.4724
43.4724
43.4724
40.9235
40.9235
40.9235
40.9235
40.9235
40.9235
40.9235
40.9235
38.2273
38.2273
38.2273
38.2273
38.2273
38.2273
38.2273
38.2273
35.4657
35.4657
35.4657
35.4657
35.4657
35.4657
35.4657
35.4657
50.0202
50.0202
50.0202
50.0202
50.0202
50.0202
50.0202
50.0202
50.8246
50.8246
50.8246
50.8246
50.8246
50.8246
50.8246
50.8246
51.5321
51.5321
51.5321
51.5321
51.5321
51.5321
51.5321
51.5321
52.1038
52.1038
52.1038
52.1038
52.1038
52.1038
52.1038
52.1038
52.4897
52.4897
52.4897
52.4897
52.4897
52.4897
52.4897
52.4897
52.6328
52.6328
52.6328
52.6328
52.6328
52.6328
52.6328
52.6328
52.4739
52.4739
52.4739
52.4739
52.4739
52.4739
52.4739
52.4739
51.9599
51.9599
51.9599
51.9599
51.9599
51.9599
51.9599
51.9599
51.051
51.051
51.051
51.051
51.051
51.051
51.051
51.051
49.7275
49.7275
49.7275
49.7275
49.7275
49.7275
49.7275
49.7275
47.9948
47.9948
47.9948
47.9948
47.9948
47.9948
47.9948
47.9948
45.8865
45.8865
45.8865
45.8865
45.8865
45.8865
45.8865
45.8865
43.461
43.461
43.461
43.461
43.461
43.461
43.461
43.461
40.7972
40.7972
40.7972
40.7972
40.7972
40.7972
40.7972
40.7972
37.9851
37.9851
37.9851
37.9851
37.9851
37.9851
37.9851
37.9851
35.1176
35.1176
35.1176
35.1176
35.1176
35.1176
35.1176
35.1176
50.0202
50.0202
50.0202
50.0202
50.0202
50.0202
50.0202
50.0202
50.8246
50.8246
50.8246
50.8246
50.8246
50.8246
50.8246
50.8246
51.5321
51.5321
51.5321
51.5321
51.5321
51.5321
51.5321
51.5321
52.1038
52.1038
52.1038
52.1038
52.1038
52.1038
52.1038
52.1038
52.4897
52.4897
52.4897
52.4897
52.4897
52.4897
52.4897
52.4897
52.6328
52.6328
52.6328
52.6328
52.6328
52.6328
52.6328
52.6328
52.4739
52.4739
52.4739
52.4739
52.4739
52.4739
52.4739
52.4739
51.9599
51.9599
51.9599
51.9599
51.9599
51.9599
51.9599
51.9599
51.051
51.051
51.051
51.051
51.051
51.051
51.051
51.051
49.7275
49.7275
49.7275
49.7275
49.7275
49.7275
49.7275
49.7275
47.9948
47.9948
47.9948
47.9948
47.9948
47.9948
47.9948
47.9948
45.8865
45.8865
45.8865
45.8865
45.8865
45.8865
45.8865
45.8865
43.461
43.461
43.461
43.461
43.461
43.461
43.461
43.461
40.7972
40.7972
40.7972
40.7972
40.7972
40.7972
40.7972
40.7972
37.9851
37.9851
37.9851
37.9851
37.9851
37.9851
37.9851
37.9851
35.1176
35.1176
35.1176
35.1176
35.1176
35.1176
35.1176
35.1176
50.0202
50.0202
50.0202
50.0202
50.0202
50.0202
50.0202
50.0202
50.8246
50.8246
50.8246
50.8246
50.8246
50.8246
50.8246
50.8246
51.5321
51.5321
51.5321
51.5321
51.5321
51.5321
51.5321
51.5321
52.1038
52.1038
52.1038
52.1038
52.1038
52.1038
52.1038
52.1038
52.4897
52.4897
52.4897
52.4897
52.4897
52.4897
52.4897
52.4897
52.6328
52.6328
52.6328
52.6328
52.6328
52.6328
52.6328
52.6328
52.4739
52.4739
52.4739
52.4739
52.4739
52.4739
52.4739
52.4739
51.9599
51.9599
51.9599
51.9599
51.9599
51.9599
51.9599
51.9599
51.051
51.051
51.051
51.051
51.051
51.051
51.051
51.051
49.7275
49.7275
49.7275
49.7275
49.7275
49.7275
49.7275
49.7275
47.9948
47.9948
47.9948
47.9948
47.9948
47.9948
47.9948
47.9948
45.8865
45.8865
45.8865
45.8865
45.8865
45.8865
45.8865
45.8865
43.461
43.461
43.461
43.461
43.461
43.461
43.461
43.461
40.7972
40.7972
40.7972
40.7972
40.7972
40.7972
40.7972
40.7972
37.9851
37.9851
37.9851
37.9851
37.9851
37.9851
37.9851
37.9851
35.1176
35.1176
35.1176
35.1176
35.1176
35.1176
35.1176
35.1176
50.0202
50.0202
50.0202
50.0202
50.0202
50.0202
50.0202
50.0202
50.8246
50.8246
50.8246
50.8246
50.8246
50.8246
50.8246
50.8246
51.5321
51.5321
51.5321
51.5321
51.5321
51.5321
51.5321
51.5321
52.1038
52.1038
52.1038
52.1038
52.1038
52.1038
52.1038
52.1038
52.4897
52.4897
52.4897
52.4897
52.4897
52.4897
52.4897
52.4897
52.6328
52.6328
52.6328
52.6328
52.6328
52.6328
52.6328
52.6328
52.4739
52.4739
52.4739
52.4739
52.4739
52.4739
52.4739
52.4739
51.9599
51.9599
51.9599
51.9599
51.9599
51.9599
51.9599
51.9599
51.051
51.051
51.051
51.051
51.051
51.051
51.051
51.051
49.7275
49.7275
49.7275
49.7275
49.7275
49.7275
49.7275
49.7275
47.9948
47.9948
47.9948
47.9948
47.9948
47.9948
47.9948
47.9948
45.8865
45.8865
45.8865
45.8865
45.8865
45.8865
45.8865
45.8865
43.461
43.461
43.461
43.461
43.461
43.461
43.461
43.461
40.7972
40.7972
40.7972
40.7972
40.7972
40.7972
40.7972
40.7972
37.9851
37.9851
37.9851
37.9851
37.9851
37.9851
37.9851
37.9851
35.1176
35.1176
35.1176
35.1176
35.1176
35.1176
35.1176
35.1176
48.7282
48.7282
48.7282
48.7282
48.7282
48.7282
48.7282
48.7282
49.7454
49.7454
49.7454
49.7454
49.7454
49.7454
49.7454
49.7454
50.6685
50.6685
50.6685
50.6685
50.6685
50.6685
50.6685
50.6685
51.4462
51.4462
51.4462
51.4462
51.4462
51.4462
51.4462
51.4462
52.0165
52.0165
52.0165
52.0165
52.0165
52.0165
52.0165
52.0165
52.3121
52.3121
52.3121
52.3121
52.3121
52.3121
52.3121
52.3121
52.266
52.266
52.266
52.266
52.266
52.266
52.266
52.266
51.8192
51.8192
51.8192
51.8192
51.8192
51.8192
51.8192
51.8192
50.9302
50.9302
50.9302
50.9302
50.9302
50.9302
50.9302
50.9302
49.5821
49.5821
49.5821
49.5821
49.5821
49.5821
49.5821
49.5821
47.7876
47.7876
47.7876
47.7876
47.7876
47.7876
47.7876
47.7876
45.5908
45.5908
45.5908
45.5908
45.5908
45.5908
45.5908
45.5908
43.0631
43.0631
43.0631
43.0631
43.0631
43.0631
43.0631
43.0631
40.2961
40.2961
40.2961
40.2961
40.2961
40.2961
40.2961
40.2961
37.3916
37.3916
37.3916
37.3916
37.3916
37.3916
37.3916
37.3916
34.4513
34.4513
34.4513
34.4513
34.4513
34.4513
34.4513
34.4513
48.7282
48.7282
48.7282
48.7282
48.7282
48.7282
48.7282
48.7282
49.7454
49.7454
49.7454
49.7454
49.7454
49.7454
49.7454
49.7454
50.6685
50.6685
50.6685
50.6685
50.6685
50.6685
50.6685
50.6685
51.4462
51.4462
51.4462
51.4462
51.4462
51.4462
51.4462
51.4462
52.0165
52.0165
52.0165
52.0165
52.0165
52.0165
52.0165
52.0165
52.3121
52.3121
52.3121
52.3121
52.3121
52.3121
52.3121
52.3121
52.266
52.266
52.266
52.266
52.266
52.266
52.266
52.266
51.8192
51.8192
51.8192
51.8192
51.8192
51.8192
51.8192
51.8192
50.9302
50.9302
50.9302
50.9302
50.9302
50.9302
50.9302
50.9302
49.5821
49.5821
49.5821
49.5821
49.5821
49.5821
49.5821
49.5821
47.7876
47.7876
47.7876
47.7876
47.7876
47.7876
47.7876
47.7876
45.5908
45.5908
45.5908
45.5908
45.5908
45.5908
45.5908
45.5908
43.0631
43.0631
43.0631
43.0631
43.0631
43.0631
43.0631
43.0631
40.2961
40.2961
40.2961
40.2961
40.2961
40.2961
40.2961
40.2961
37.3916
37.3916
37.3916
37.3916
37.3916
37.3916
37.3916
37.3916
34.4513
34.4513
34.4513
34.4513
34.4513
34.4513
34.4513
34.4513
48.7282
48.7282
48.7282
48.7282
48.7282
48.7282
48.7282
48.7282
49.7454
49.7454
49.7454
49.7454
49.7454
49.7454
49.7454
49.7454
50.6685
50.6685
50.6685
50.6685
50.6685
50.6685
50.6685
50.6685
51.4462
51.4462
51.4462
51.4462
51.4462
51.4462
51.4462
51.4462
52.0165
52.0165
52.0165
52.0165
52.0165
52.0165
52.0165
52.0165
52.3121
52.3121
52.3121
52.3121
52.3121
52.3121
52.3121
52.3121
52.266
52.266
52.266
52.266
52.266
52.266
52.266
52.266
51.8192
51.8192
51.8192
51.8192
51.8192
51.8192
51.8192
51.8192
50.9302
50.9302
50.9302
50.9302
50.9302
50.9302
50.9302
50.9302
49.5821
49.5821
49.5821
49.5821
49.5821
49.5821
49.5821
49.5821
47.7876
47.7876
47.7876
47.7876
47.7876
47.7876
47.7876
47.7876
45.5908
45.5908
45.5908
45.5908
45.5908
45.5908
45.5908
45.5908
43.0631
43.0631
43.0631
43.0631
43.0631
43.0631
43.0631
43.0631
40.2961
40.2961
40.2961
40.2961
40.2961
40.2961
40.2961
40.2961
37.3916
37.3916
37.3916
37.3916
37.3916
37.3916
37.3916
37.3916
34.4513
34.4513
34.4513
34.4513
34.4513
34.4513
34.4513
34.4513
48.7282
48.7282
48.7282
48.7282
48.7282
48.7282
48.7282
48.7282
49.7454
49.7454
49.7454
49.7454
49.7454
49.7454
49.7454
49.7454
50.6685
50.6685
50.6685
50.6685
50.6685
50.6685
50.6685
50.6685
51.4462
51.4462
51.4462
51.4462
51.4462
51.4462
51.4462
51.4462
52.0165
52.0165
52.0165
52.0165
52.0165
52.0165
52.0165
52.0165
52.3121
52.3121
52.3121
52.3121
52.3121
52.3121
52.3121
52.3121
52.266
52.266
52.266
52.266
52.266
52.266
52.266
52.266
51.8192
51.8192
51.8192
51.8192
51.8192
51.8192
51.8192
51.8192
50.9302
50.9302
50.9302
50.9302
50.9302
50.9302
50.9302
50.9302
49.5821
49.5821
49.5821
49.5821
49.5821
49.5821
49.5821
49.5821
47.7876
47.7876
47.7876
47.7876
47.7876
47.7876
47.7876
47.7876
45.5908
45.5908
45.5908
45.5908
45.5908
45.5908
45.5908
45.5908
43.0631
43.0631
43.0631
43.0631
43.0631
43.0631
43.0631
43.0631
40.2961
40.2961
40.2961
40.2961
40.2961
40.2961
40.2961
40.2961
37.3916
37.3916
37.3916
37.3916
37.3916
37.3916
37.3916
37.3916
34.4513
34.4513
34.4513
34.4513
34.4513
34.4513
34.4513
34.4513
47.2633
47.2633
47.2633
47.2633
47.2633
47.2633
47.2633
47.2633
48.4599
48.4599
48.4599
48.4599
48.4599
48.4599
48.4599
48.4599
49.5617
49.5617
49.5617
49.5617
49.5617
49.5617
49.5617
49.5617
50.5048
50.5048
50.5048
50.5048
50.5048
50.5048
50.5048
50.5048
51.2168
51.2168
51.2168
51.2168
51.2168
51.2168
51.2168
51.2168
51.6214
51.6214
51.6214
51.6214
51.6214
51.6214
51.6214
51.6214
51.6448
51.6448
51.6448
51.6448
51.6448
51.6448
51.6448
51.6448
51.2254
51.2254
51.2254
51.2254
51.2254
51.2254
51.2254
51.2254
50.3227
50.3227
50.3227
50.3227
50.3227
50.3227
50.3227
50.3227
48.9258
48.9258
48.9258
48.9258
48.9258
48.9258
48.9258
48.9258
47.0572
47.0572
47.0572
47.0572
47.0572
47.0572
47.0572
47.0572
44.7733
44.7733
44.7733
44.7733
44.7733
44.7733
44.7733
44.7733
42.1585
42.1585
42.1585
42.1585
42.1585
42.1585
42.1585
42.1585
39.3165
39.3165
39.3165
39.3165
39.3165
39.3165
39.3165
39.3165
36.3587
36.3587
36.3587
36.3587
36.3587
36.3587
36.3587
36.3587
33.3924
33.3924
33.3924
33.3924
33.3924
33.3924
33.3924
33.3924
47.2633
47.2633
47.2633
47.2633
47.2633
47.2633
47.2633
47.2633
48.4599
48.4599
48.4599
48.4599
48.4599
48.4599
48.4599
48.4599
49.5617
49.5617
49.5617
49.5617
49.5617
49.5617
49.5617
49.5617
50.5048
50.5048
50.5048
50.5048
50.5048
50.5048
50.5048
50.5048
51.2168
51.2168
51.2168
51.2168
51.2168
51.2168
51.2168
51.2168
51.6214
51.6214
51.6214
51.6214
51.6214
51.6214
51.6214
51.6214
51.6448
51.6448
51.6448
51.6448
51.6448
51.6448
51.6448
51.6448
51.2254
51.2254
51.2254
51.2254
51.2254
51.2254
51.2254
51.2254
50.3227
50.3227
50.3227
50.3227
50.3227
50.3227
50.3227
50.3227
48.9258
48.9258
48.9258
48.9258
48.9258
48.9258
48.9258
48.9258
47.0572
47.0572
47.0572
47.0572
47.0572
47.0572
47.0572
47.0572
44.7733
44.7733
44.7733
44.7733
44.7733
44.7733
44.7733
44.7733
42.1585
42.1585
42.1585
42.1585
42.1585
42.1585
42.1585
42.1585
39.3165
39.3165
39.3165
39.3165
39.3165
39.3165
39.3165
39.3165
36.3587
36.3587
36.3587
36.3587
36.3587
36.3587
36.3587
36.3587
33.3924
33.3924
33.3924
33.3924
33.3924
33.3924
33.3924
33.3924
47.2633
47.2633
47.2633
47.2633
47.2633
47.2633
47.2633
47.2633
48.4599
48.4599
48.4599
48.4599
48.4599
48.4599
48.4599
48.4599
49.5617
49.5617
49.5617
49.5617
49.5617
49.5617
49.5617
49.5617
50.5048
50.5048
50.5048
50.5048
50.5048
50.5048
50.5048
50.5048
51.2168
51.2168
51.2168
51.2168
51.2168
51.2168
51.2168
51.2168
51.6214
51.6214
51.6214
51.6214
51.6214
51.6214
51.6214
51.6214
51.6448
51.6448
51.6448
51.6448
51.6448
51.6448
51.6448
51.6448
51.2254
51.2254
51.2254
51.2254
51.2254
51.2254
51.2254
51.2254
50.3227
50.3227
50.3227
50.3227
50.3227
50.3227
50.3227
50.3227
48.9258
48.9258
48.9258
48.9258
48.9258
48.9258
48.9258
48.9258
47.0572
47.0572
47.0572
47.0572
47.0572
47.0572
47.0572
47.0572
44.7733
44.7733
44.7733
44.7733
44.7733
44.7733
44.7733
44.7733
42.1585
42.1585
42.1585
42.1585
42.1585
42.1585
42.1585
42.1585
39.3165
39.3165
39.3165
39.3165
39.3165
39.3165
39.3165
39.3165
36.3587
36.3587
36.3587
36.3587
36.3587
36.3587
36.3587
36.3587
33.3924
33.3924
33.3924
33.3924
33.3924
33.3924
33.3924
33.3924
47.2633
47.2633
47.2633
47.2633
47.2633
47.2633
47.2633
47.2633
48.4599
48.4599
48.4599
48.4599
48.4599
48.4599
48.4599
48.4599
49.5617
49.5617
49.5617
49.5617
49.5617
49.5617
49.5617
49.5617
50.5048
50.5048
50.5048
50.5048
50.5048
50.5048
50.5048
50.5048
51.2168
51.2168
51.2168
51.2168
51.2168
51.2168
51.2168
51.2168
51.6214
51.6214
51.6214
51.6214
51.6214
51.6214
51.6214
51.6214
51.6448
51.6448
51.6448
51.6448
51.6448
51.6448
51.6448
51.6448
51.2254
51.2254
51.2254
51.2254
51.2254
51.2254
51.2254
51.2254
50.3227
50.3227
50.3227
50.3227
50.3227
50.3227
50.3227
50.3227
48.9258
48.9258
48.9258
48.9258
48.9258
48.9258
48.9258
48.9258
47.0572
47.0572
47.0572
47.0572
47.0572
47.0572
47.0572
47.0572
44.7733
44.7733
44.7733
44.7733
44.7733
44.7733
44.7733
44.7733
42.1585
42.1585
42.1585
42.1585
42.1585
42.1585
42.1585
42.1585
39.3165
39.3165
39.3165
39.3165
39.3165
39.3165
39.3165
39.3165
36.3587
36.3587
36.3587
36.3587
36.3587
36.3587
36.3587
36.3587
33.3924
33.3924
33.3924
33.3924
33.3924
33.3924
33.3924
33.3924
45.5475
45.5475
45.5475
45.5475
45.5475
45.5475
45.5475
45.5475
46.8722
46.8722
46.8722
46.8722
46.8722
46.8722
46.8722
46.8722
48.0992
48.0992
48.0992
48.0992
48.0992
48.0992
48.0992
48.0992
49.1534
49.1534
49.1534
49.1534
49.1534
49.1534
49.1534
49.1534
49.9536
49.9536
49.9536
49.9536
49.9536
49.9536
49.9536
49.9536
50.416
50.416
50.416
50.416
50.416
50.416
50.416
50.416
50.4635
50.4635
50.4635
50.4635
50.4635
50.4635
50.4635
50.4635
50.034
50.034
50.034
50.034
50.034
50.034
50.034
50.034
49.0917
49.0917
49.0917
49.0917
49.0917
49.0917
49.0917
49.0917
47.6336
47.6336
47.6336
47.6336
47.6336
47.6336
47.6336
47.6336
45.6936
45.6936
45.6936
45.6936
45.6936
45.6936
45.6936
45.6936
43.3408
43.3408
43.3408
43.3408
43.3408
43.3408
43.3408
43.3408
40.6717
40.6717
40.6717
40.6717
40.6717
40.6717
40.6717
40.6717
37.7996
37.7996
37.7996
37.7996
37.7996
37.7996
37.7996
37.7996
34.8418
34.8418
34.8418
34.8418
34.8418
34.8418
34.8418
34.8418
31.9078
31.9078
31.9078
31.9078
31.9078
31.9078
31.9078
31.9078
45.5475
45.5475
45.5475
45.5475
45.5475
45.5475
45.5475
45.5475
46.8722
46.8722
46.8722
46.8722
46.8722
46.8722
46.8722
46.8722
48.0992
48.0992
48.0992
48.0992
48.0992
48.0992
48.0992
48.0992
49.1534
49.1534
49.1534
49.1534
49.1534
49.1534
49.1534
49.1534
49.9536
49.9536
49.9536
49.9536
49.9536
49.9536
49.9536
49.9536
50.416
50.416
50.416
50.416
50.416
50.416
50.416
50.416
50.4635
50.4635
50.4635
50.4635
50.4635
50.4635
50.4635
50.4635
50.034
50.034
50.034
50.034
50.034
50.034
50.034
50.034
49.0917
49.0917
49.0917
49.0917
49.0917
49.0917
49.0917
49.0917
47.6336
47.6336
47.6336
47.6336
47.6336
47.6336
47.6336
47.6336
45.6936
45.6936
45.6936
45.6936
45.6936
45.6936
45.6936
45.6936
43.3408
43.3408
43.3408
43.3408
43.3408
43.3408
43.3408
43.3408
40.6717
40.6717
40.6717
40.6717
40.6717
40.6717
40.6717
40.6717
37.7996
37.7996
37.7996
37.7996
37.7996
37.7996
37.7996
37.7996
34.8418
34.8418
34.8418
34.8418
34.8418
34.8418
34.8418
34.8418
31.9078
31.9078
31.9078
31.9078
31.9078
31.9078
31.9078
31.9078
45.5475
45.5475
45.5475
45.5475
45.5475
45.5475
45.5475
45.5475
46.8722
46.8722
46.8722
46.8722
46.8722
46.8722
46.8722
46.8722
48.0992
48.0992
48.0992
48.0992
48.0992
48.0992
48.0992
48.0992
49.1534
49.1534
49.1534
49.1534
49.1534
49.1534
49.1534
49.1534
49.9536
49.9536
49.9536
49.9536
49.9536
49.9536
49.9536
49.9536
50.416
50.416
50.416
50.416
50.416
50.416
50.416
50.416
50.4635
50.4635
50.4635
50.4635
50.4635
50.4635
50.4635
50.4635
50.034
50.034
50.034
50.034
50.034
50.034
50.034
50.034
49.0917
49.0917
49.0917
49.0917
49.0917
49.0917
49.0917
49.0917
47.6336
47.6336
47.6336
47.6336
47.6336
47.6336
47.6336
47.6336
45.6936
45.6936
45.6936
45.6936
45.6936
45.6936
45.6936
45.6936
43.3408
43.3408
43.3408
43.3408
43.3408
43.3408
43.3408
43.3408
40.6717
40.6717
40.6717
40.6717
40.6717
40.6717
40.6717
40.6717
37.7996
37.7996
37.7996
37.7996
37.7996
37.7996
37.7996
37.7996
34.8418
34.8418
34.8418
34.8418
34.8418
34.8418
34.8418
34.8418
31.9078
31.9078
31.9078
31.9078
31.9078
31.9078
31.9078
31.9078
45.5475
45.5475
45.5475
45.5475
45.5475
45.5475
45.5475
45.5475
46.8722
46.8722
46.8722
46.8722
46.8722
46.8722
46.8722
46.8722
48.0992
48.0992
48.0992
48.0992
48.0992
48.0992
48.0992
48.0992
49.1534
49.1534
49.1534
49.1534
49.1534
49.1534
49.1534
49.1534
49.9536
49.9536
49.9536
49.9536
49.9536
49.9536
49.9536
49.9536
50.416
50.416
50.416
50.416
50.416
50.416
50.416
50.416
50.4635
50.4635
50.4635
50.4635
50.4635
50.4635
50.4635
50.4635
50.034
50.034
50.034
50.034
50.034
50.034
50.034
50.034
49.0917
49.0917
49.0917
49.0917
49.0917
49.0917
49.0917
49.0917
47.6336
47.6336
47.6336
47.6336
47.6336
47.6336
47.6336
47.6336
45.6936
45.6936
45.6936
45.6936
45.6936
45.6936
45.6936
45.6936
43.3408
43.3408
43.3408
43.3408
43.3408
43.3408
43.3408
43.3408
40.6717
40.6717
40.6717
40.6717
40.6717
40.6717
40.6717
40.6717
37.7996
37.7996
37.7996
37.7996
37.7996
37.7996
37.7996
37.7996
34.8418
34.8418
34.8418
34.8418
34.8418
34.8418
34.8418
34.8418
31.9078
31.9078
31.9078
31.9078
31.9078
31.9078
31.9078
31.9078
43.527
43.527
43.527
43.527
43.527
43.527
43.527
43.527
44.9145
44.9145
44.9145
44.9145
44.9145
44.9145
44.9145
44.9145
46.2003
46.2003
46.2003
46.2003
46.2003
46.2003
46.2003
46.2003
47.3009
47.3009
47.3009
47.3009
47.3009
47.3009
47.3009
47.3009
48.1284
48.1284
48.1284
48.1284
48.1284
48.1284
48.1284
48.1284
48.5953
48.5953
48.5953
48.5953
48.5953
48.5953
48.5953
48.5953
48.6235
48.6235
48.6235
48.6235
48.6235
48.6235
48.6235
48.6235
48.1541
48.1541
48.1541
48.1541
48.1541
48.1541
48.1541
48.1541
47.1576
47.1576
47.1576
47.1576
47.1576
47.1576
47.1576
47.1576
45.6409
45.6409
45.6409
45.6409
45.6409
45.6409
45.6409
45.6409
43.6495
43.6495
43.6495
43.6495
43.6495
43.6495
43.6495
43.6495
41.2636
41.2636
41.2636
41.2636
41.2636
41.2636
41.2636
41.2636
38.5891
38.5891
38.5891
38.5891
38.5891
38.5891
38.5891
38.5891
35.7452
35.7452
35.7452
35.7452
35.7452
35.7452
35.7452
35.7452
32.8508
32.8508
32.8508
32.8508
32.8508
32.8508
32.8508
32.8508
30.0132
30.0132
30.0132
30.0132
30.0132
30.0132
30.0132
30.0132
43.527
43.527
43.527
43.527
43.527
43.527
43.527
43.527
44.9145
44.9145
44.9145
44.9145
44.9145
44.9145
44.9145
44.9145
46.2003
46.2003
46.2003
46.2003
46.2003
46.2003
46.2003
46.2003
47.3009
47.3009
47.3009
47.3009
47.3009
47.3009
47.3009
47.3009
48.1284
48.1284
48.1284
48.1284
48.1284
48.1284
48.1284
48.1284
48.5953
48.5953
48.5953
48.5953
48.5953
48.5953
48.5953
48.5953
48.6235
48.6235
48.6235
48.6235
48.6235
48.6235
48.6235
48.6235
48.1541
48.1541
48.1541
48.1541
48.1541
48.1541
48.1541
48.1541
47.1576
47.1576
47.1576
47.1576
47.1576
47.1576
47.1576
47.1576
45.6409
45.6409
45.6409
45.6409
45.6409
45.6409
45.6409
45.6409
43.6495
43.6495
43.6495
43.6495
43.6495
43.6495
43.6495
43.6495
41.2636
41.2636
41.2636
41.2636
41.2636
41.2636
41.2636
41.2636
38.5891
38.5891
38.5891
38.5891
38.5891
38.5891
38.5891
38.5891
35.7452
35.7452
35.7452
35.7452
35.7452
35.7452
35.7452
35.7452
32.8508
32.8508
32.8508
32.8508
32.8508
32.8508
32.8508
32.8508
30.0132
30.0132
30.0132
30.0132
30.0132
30.0132
30.0132
30.0132
43.527
43.527
43.527
43.527
43.527
43.527
43.527
43.527
44.9145
44.9145
44.9145
44.9145
44.9145
44.9145
44.9145
44.9145
46.2003
46.2003
46.2003
46.2003
46.2003
46.2003
46.2003
46.2003
47.3009
47.3009
47.3009
47.3009
47.3009
47.3009
47.3009
47.3009
48.1284
48.1284
48.1284
48.1284
48.1284
48.1284
48.1284
48.1284
48.5953
48.5953
48.5953
48.5953
48.5953
48.5953
48.5953
48.5953
48.6235
48.6235
48.6235
48.6235
48.6235
48.6235
48.6235
48.6235
48.1541
48.1541
48.1541
48.1541
48.1541
48.1541
48.1541
48.1541
47.1576
47.1576
47.1576
47.1576
47.1576
47.1576
47.1576
47.1576
45.6409
45.6409
45.6409
45.6409
45.6409
45.6409
45.6409
45.6409
43.6495
43.6495
43.6495
43.6495
43.6495
43.6495
43.6495
43.6495
41.2636
41.2636
41.2636
41.2636
41.2636
41.2636
41.2636
41.2636
38.5891
38.5891
38.5891
38.5891
38.5891
38.5891
38.5891
38.5891
35.7452
35.7452
35.7452
35.7452
35.7452
35.7452
35.7452
35.7452
32.8508
32.8508
32.8508
32.8508
32.8508
32.8508
32.8508
32.8508
30.0132
30.0132
30.0132
30.0132
30.0132
30.0132
30.0132
30.0132
43.527
43.527
43.527
43.527
43.527
43.527
43.527
43.527
44.9145
44.9145
44.9145
44.9145
44.9145
44.9145
44.9145
44.9145
46.2003
46.2003
46.2003
46.2003
46.2003
46.2003
46.2003
46.2003
47.3009
47.3009
47.3009
47.3009
47.3009
47.3009
47.3009
47.3009
48.1284
48.1284
48.1284
48.1284
48.1284
48.1284
48.1284
48.1284
48.5953
48.5953
48.5953
48.5953
48.5953
48.5953
48.5953
48.5953
48.6235
48.6235
48.6235
48.6235
48.6235
48.6235
48.6235
48.6235
48.1541
48.1541
48.1541
48.1541
48.1541
48.1541
48.1541
48.1541
47.1576
47.1576
47.1576
47.1576
47.1576
47.1576
47.1576
47.1576
45.6409
45.6409
45.6409
45.6409
45.6409
45.6409
45.6409
45.6409
43.6495
43.6495
43.6495
43.6495
43.6495
43.6495
43.6495
43.6495
41.2636
41.2636
41.2636
41.2636
41.2636
41.2636
41.2636
41.2636
38.5891
38.5891
38.5891
38.5891
38.5891
38.5891
38.5891
38.5891
35.7452
35.7452
35.7452
35.7452
35.7452
35.7452
35.7452
35.7452
32.8508
32.8508
32.8508
32.8508
32.8508
32.8508
32.8508
32.8508
30.0132
30.0132
30.0132
30.0132
30.0132
30.0132
30.0132
30.0132
41.1805
41.1805
41.1805
41.1805
41.1805
41.1805
41.1805
41.1805
42.5578
42.5578
42.5578
42.5578
42.5578
42.5578
42.5578
42.5578
43.8297
43.8297
43.8297
43.8297
43.8297
43.8297
43.8297
43.8297
44.9078
44.9078
44.9078
44.9078
44.9078
44.9078
44.9078
44.9078
45.7015
45.7015
45.7015
45.7015
45.7015
45.7015
45.7015
45.7015
46.1229
46.1229
46.1229
46.1229
46.1229
46.1229
46.1229
46.1229
46.0962
46.0962
46.0962
46.0962
46.0962
46.0962
46.0962
46.0962
45.5682
45.5682
45.5682
45.5682
45.5682
45.5682
45.5682
45.5682
44.5177
44.5177
44.5177
44.5177
44.5177
44.5177
44.5177
44.5177
42.9614
42.9614
42.9614
42.9614
42.9614
42.9614
42.9614
42.9614
40.9548
40.9548
40.9548
40.9548
40.9548
40.9548
40.9548
40.9548
38.5863
38.5863
38.5863
38.5863
38.5863
38.5863
38.5863
38.5863
35.9668
35.9668
35.9668
35.9668
35.9668
35.9668
35.9668
35.9668
33.2167
33.2167
33.2167
33.2167
33.2167
33.2167
33.2167
33.2167
30.4521
30.4521
30.4521
30.4521
30.4521
30.4521
30.4521
30.4521
27.7744
27.7744
27.7744
27.7744
27.7744
27.7744
27.7744
27.7744
41.1805
41.1805
41.1805
41.1805
41.1805
41.1805
41.1805
41.1805
42.5578
42.5578
42.5578
42.5578
42.5578
42.5578
42.5578
42.5578
43.8297
43.8297
43.8297
43.8297
43.8297
43.8297
43.8297
43.8297
44.9078
44.9078
44.9078
44.9078
44.9078
44.9078
44.9078
44.9078
45.7015
45.7015
45.7015
45.7015
45.7015
45.7015
45.7015
45.7015
46.1229
46.1229
46.1229
46.1229
46.1229
46.1229
46.1229
46.1229
46.0962
46.0962
46.0962
46.0962
46.0962
46.0962
46.0962
46.0962
45.5682
45.5682
45.5682
45.5682
45.5682
45.5682
45.5682
45.5682
44.5177
44.5177
44.5177
44.5177
44.5177
44.5177
44.5177
44.5177
42.9614
42.9614
42.9614
42.9614
42.9614
42.9614
42.9614
42.9614
40.9548
40.9548
40.9548
40.9548
40.9548
40.9548
40.9548
40.9548
38.5863
38.5863
38.5863
38.5863
38.5863
38.5863
38.5863
38.5863
35.9668
35.9668
35.9668
35.9668
35.9668
35.9668
35.9668
35.9668
33.2167
33.2167
33.2167
33.2167
33.2167
33.2167
33.2167
33.2167
30.4521
30.4521
30.4521
30.4521
30.4521
30.4521
30.4521
30.4521
27.7744
27.7744
27.7744
27.7744
27.7744
27.7744
27.7744
27.7744
41.1805
41.1805
41.1805
41.1805
41.1805
41.1805
41.1805
41.1805
42.5578
42.5578
42.5578
42.5578
42.5578
42.5578
42.5578
42.5578
43.8297
43.8297
43.8297
43.8297
43.8297
43.8297
43.8297
43.8297
44.9078
44.9078
44.9078
44.9078
44.9078
44.9078
44.9078
44.9078
45.7015
45.7015
45.7015
45.7015
45.7015
45.7015
45.7015
45.7015
46.1229
46.1229
46.1229
46.1229
46.1229
46.1229
46.1229
46.1229
46.0962
46.0962
46.0962
46.0962
46.0962
46.0962
46.0962
46.0962
45.5682
45.5682
45.5682
45.5682
45.5682
45.5682
45.5682
45.5682
44.5177
44.5177
44.5177
44.5177
44.5177
44.5177
44.5177
44.5177
42.9614
42.9614
42.9614
42.9614
42.9614
42.9614
42.9614
42.9614
40.9548
40.9548
40.9548
40.9548
40.9548
40.9548
40.9548
40.9548
38.5863
38.5863
38.5863
38.5863
38.5863
38.5863
38.5863
38.5863
35.9668
35.9668
35.9668
35.9668
35.9668
35.9668
35.9668
35.9668
33.2167
33.2167
33.2167
33.2167
33.2167
33.2167
33.2167
33.2167
30.4521
30.4521
30.4521
30.4521
30.4521
30.4521
30.4521
30.4521
27.7744
27.7744
27.7744
27.7744
27.7744
27.7744
27.7744
27.7744
41.1805
41.1805
41.1805
41.1805
41.1805
41.1805
41.1805
41.1805
42.5578
42.5578
42.5578
42.5578
42.5578
42.5578
42.5578
42.5578
43.8297
43.8297
43.8297
43.8297
43.8297
43.8297
43.8297
43.8297
44.9078
44.9078
44.9078
44.9078
44.9078
44.9078
44.9078
44.9078
45.7015
45.7015
45.7015
45.7015
45.7015
45.7015
45.7015
45.7015
46.1229
46.1229
46.1229
46.1229
46.1229
46.1229
46.1229
46.1229
46.0962
46.0962
46.0962
46.0962
46.0962
46.0962
46.0962
46.0962
45.5682
45.5682
45.5682
45.5682
45.5682
45.5682
45.5682
45.5682
44.5177
44.5177
44.5177
44.5177
44.5177
44.5177
44.5177
44.5177
42.9614
42.9614
42.9614
42.9614
42.9614
42.9614
42.9614
42.9614
40.9548
40.9548
40.9548
40.9548
40.9548
40.9548
40.9548
40.9548
38.5863
38.5863
38.5863
38.5863
38.5863
38.5863
38.5863
38.5863
35.9668
35.9668
35.9668
35.9668
35.9668
35.9668
35.9668
35.9668
33.2167
33.2167
33.2167
33.2167
33.2167
33.2167
33.2167
33.2167
30.4521
30.4521
30.4521
30.4521
30.4521
30.4521
30.4521
30.4521
27.7744
27.7744
27.7744
27.7744
27.7744
27.7744
27.7744
27.7744
38.5236
38.5236
38.5236
38.5236
38.5236
38.5236
38.5236
38.5236
39.818
39.818
39.818
39.818
39.818
39.818
39.818
39.818
41.0051
41.0051
41.0051
41.0051
41.0051
41.0051
41.0051
41.0051
41.9962
41.9962
41.9962
41.9962
41.9962
41.9962
41.9962
41.9962
42.7019
42.7019
42.7019
42.7019
42.7019
42.7019
42.7019
42.7019
43.0375
43.0375
43.0375
43.0375
43.0375
43.0375
43.0375
43.0375
42.9328
42.9328
42.9328
42.9328
42.9328
42.9328
42.9328
42.9328
42.3421
42.3421
42.3421
42.3421
42.3421
42.3421
42.3421
42.3421
41.2528
41.2528
41.2528
41.2528
41.2528
41.2528
41.2528
41.2528
39.6903
39.6903
39.6903
39.6903
39.6903
39.6903
39.6903
39.6903
37.7166
37.7166
37.7166
37.7166
37.7166
37.7166
37.7166
37.7166
35.4242
35.4242
35.4242
35.4242
35.4242
35.4242
35.4242
35.4242
32.9242
32.9242
32.9242
32.9242
32.9242
32.9242
32.9242
32.9242
30.3329
30.3329
30.3329
30.3329
30.3329
30.3329
30.3329
30.3329
27.7596
27.7596
27.7596
27.7596
27.7596
27.7596
27.7596
27.7596
25.2965
25.2965
25.2965
25.2965
25.2965
25.2965
25.2965
25.2965
38.5236
38.5236
38.5236
38.5236
38.5236
38.5236
38.5236
38.5236
39.818
39.818
39.818
39.818
39.818
39.818
39.818
39.818
41.0051
41.0051
41.0051
41.0051
41.0051
41.0051
41.0051
41.0051
41.9962
41.9962
41.9962
41.9962
41.9962
41.9962
41.9962
41.9962
42.7019
42.7019
42.7019
42.7019
42.7019
42.7019
42.7019
42.7019
43.0375
43.0375
43.0375
43.0375
43.0375
43.0375
43.0375
43.0375
42.9328
42.9328
42.9328
42.9328
42.9328
42.9328
42.9328
42.9328
42.3421
42.3421
42.3421
42.3421
42.3421
42.3421
42.3421
42.3421
41.2528
41.2528
41.2528
41.2528
41.2528
41.2528
41.2528
41.2528
39.6903
39.6903
39.6903
39.6903
39.6903
39.6903
39.6903
39.6903
37.7166
37.7166
37.7166
37.7166
37.7166
37.7166
37.7166
37.7166
35.4242
35.4242
35.4242
35.4242
35.4242
35.4242
35.4242
35.4242
32.9242
32.9242
32.9242
32.9242
32.9242
32.9242
32.9242
32.9242
30.3329
30.3329
30.3329
30.3329
30.3329
30.3329
30.3329
30.3329
27.7596
27.7596
27.7596
27.7596
27.7596
27.7596
27.7596
27.7596
25.2965
25.2965
25.2965
25.2965
25.2965
25.2965
25.2965
25.2965
38.5236
38.5236
38.5236
38.5236
38.5236
38.5236
38.5236
38.5236
39.818
39.818
39.818
39.818
39.818
39.818
39.818
39.818
41.0051
41.0051
41.0051
41.0051
41.0051
41.0051
41.0051
41.0051
41.9962
41.9962
41.9962
41.9962
41.9962
41.9962
41.9962
41.9962
42.7019
42.7019
42.7019
42.7019
42.7019
42.7019
42.7019
42.7019
43.0375
43.0375
43.0375
43.0375
43.0375
43.0375
43.0375
43.0375
42.9328
42.9328
42.9328
42.9328
42.9328
42.9328
42.9328
42.9328
42.3421
42.3421
42.3421
42.3421
42.3421
42.3421
42.3421
42.3421
41.2528
41.2528
41.2528
41.2528
41.2528
41.2528
41.2528
41.2528
39.6903
39.6903
39.6903
39.6903
39.6903
39.6903
39.6903
39.6903
37.7166
37.7166
37.7166
37.7166
37.7166
37.7166
37.7166
37.7166
35.4242
35.4242
35.4242
35.4242
35.4242
35.4242
35.4242
35.4242
32.9242
32.9242
32.9242
32.9242
32.9242
32.9242
32.9242
32.9242
30.3329
30.3329
30.3329
30.3329
30.3329
30.3329
30.3329
30.3329
27.7596
27.7596
27.7596
27.7596
27.7596
27.7596
27.7596
27.7596
25.2965
25.2965
25.2965
25.2965
25.2965
25.2965
25.2965
25.2965
38.5236
38.5236
38.5236
38.5236
38.5236
38.5236
38.5236
38.5236
39.818
39.818
39.818
39.818
39.818
39.818
39.818
39.818
41.0051
41.0051
41.0051
41.0051
41.0051
41.0051
41.0051
41.0051
41.9962
41.9962
41.9962
41.9962
41.9962
41.9962
41.9962
41.9962
42.7019
42.7019
42.7019
42.7019
42.7019
42.7019
42.7019
42.7019
43.0375
43.0375
43.0375
43.0375
43.0375
43.0375
43.0375
43.0375
42.9328
42.9328
42.9328
42.9328
42.9328
42.9328
42.9328
42.9328
42.3421
42.3421
42.3421
42.3421
42.3421
42.3421
42.3421
42.3421
41.2528
41.2528
41.2528
41.2528
41.2528
41.2528
41.2528
41.2528
39.6903
39.6903
39.6903
39.6903
39.6903
39.6903
39.6903
39.6903
37.7166
37.7166
37.7166
37.7166
37.7166
37.7166
37.7166
37.7166
35.4242
35.4242
35.4242
35.4242
35.4242
35.4242
35.4242
35.4242
32.9242
32.9242
32.9242
32.9242
32.9242
32.9242
32.9242
32.9242
30.3329
30.3329
30.3329
30.3329
30.3329
30.3329
30.3329
30.3329
27.7596
27.7596
27.7596
27.7596
27.7596
27.7596
27.7596
27.7596
25.2965
25.2965
25.2965
25.2965
25.2965
25.2965
25.2965
25.2965
35.6079
35.6079
35.6079
35.6079
35.6079
35.6079
35.6079
35.6079
36.7556
36.7556
36.7556
36.7556
36.7556
36.7556
36.7556
36.7556
37.7978
37.7978
37.7978
37.7978
37.7978
37.7978
37.7978
37.7978
38.6496
38.6496
38.6496
38.6496
38.6496
38.6496
38.6496
38.6496
39.2266
39.2266
39.2266
39.2266
39.2266
39.2266
39.2266
39.2266
39.4511
39.4511
39.4511
39.4511
39.4511
39.4511
39.4511
39.4511
39.2606
39.2606
39.2606
39.2606
39.2606
39.2606
39.2606
39.2606
38.6176
38.6176
38.6176
38.6176
38.6176
38.6176
38.6176
38.6176
37.5175
37.5175
37.5175
37.5175
37.5175
37.5175
37.5175
37.5175
35.9911
35.9911
35.9911
35.9911
35.9911
35.9911
35.9911
35.9911
34.1036
34.1036
34.1036
34.1036
34.1036
34.1036
34.1036
34.1036
31.9462
31.9462
31.9462
31.9462
31.9462
31.9462
31.9462
31.9462
29.6251
29.6251
29.6251
29.6251
29.6251
29.6251
29.6251
29.6251
27.2486
27.2486
27.2486
27.2486
27.2486
27.2486
27.2486
27.2486
24.9156
24.9156
24.9156
24.9156
24.9156
24.9156
24.9156
24.9156
22.7073
22.7073
22.7073
22.7073
22.7073
22.7073
22.7073
22.7073
35.6079
35.6079
35.6079
35.6079
35.6079
35.6079
35.6079
35.6079
36.7556
36.7556
36.7556
36.7556
36.7556
36.7556
36.7556
36.7556
37.7978
37.7978
37.7978
37.7978
37.7978
37.7978
37.7978
37.7978
38.6496
38.6496
38.6496
38.6496
38.6496
38.6496
38.6496
38.6496
39.2266
39.2266
39.2266
39.2266
39.2266
39.2266
39.2266
39.2266
39.4511
39.4511
39.4511
39.4511
39.4511
39.4511
39.4511
39.4511
39.2606
39.2606
39.2606
39.2606
39.2606
39.2606
39.2606
39.2606
38.6176
38.6176
38.6176
38.6176
38.6176
38.6176
38.6176
38.6176
37.5175
37.5175
37.5175
37.5175
37.5175
37.5175
37.5175
37.5175
35.9911
35.9911
35.9911
35.9911
35.9911
35.9911
35.9911
35.9911
34.1036
34.1036
34.1036
34.1036
34.1036
34.1036
34.1036
34.1036
31.9462
31.9462
31.9462
31.9462
31.9462
31.9462
31.9462
31.9462
29.6251
29.6251
29.6251
29.6251
29.6251
29.6251
29.6251
29.6251
27.2486
27.2486
27.2486
27.2486
27.2486
27.2486
27.2486
27.2486
24.9156
24.9156
24.9156
24.9156
24.9156
24.9156
24.9156
24.9156
22.7073
22.7073
22.7073
22.7073
22.7073
22.7073
22.7073
22.7073
35.6079
35.6079
35.6079
35.6079
35.6079
35.6079
35.6079
35.6079
36.7556
36.7556
36.7556
36.7556
36.7556
36.7556
36.7556
36.7556
37.7978
37.7978
37.7978
37.7978
37.7978
37.7978
37.7978
37.7978
38.6496
38.6496
38.6496
38.6496
38.6496
38.6496
38.6496
38.6496
39.2266
39.2266
39.2266
39.2266
39.2266
39.2266
39.2266
39.2266
39.4511
39.4511
39.4511
39.4511
39.4511
39.4511
39.4511
39.4511
39.2606
39.2606
39.2606
39.2606
39.2606
39.2606
39.2606
39.2606
38.6176
38.6176
38.6176
38.6176
38.6176
38.6176
38.6176
38.6176
37.5175
37.5175
37.5175
37.5175
37.5175
37.5175
37.5175
37.5175
35.9911
35.9911
35.9911
35.9911
35.9911
35.9911
35.9911
35.9911
34.1036
34.1036
34.1036
34.1036
34.1036
34.1036
34.1036
34.1036
31.9462
31.9462
31.9462
31.9462
31.9462
31.9462
31.9462
31.9462
29.6251
29.6251
29.6251
29.6251
29.6251
29.6251
29.6251
29.6251
27.2486
27.2486
27.2486
27.2486
27.2486
27.2486
27.2486
27.2486
24.9156
24.9156
24.9156
24.9156
24.9156
24.9156
24.9156
24.9156
22.7073
22.7073
22.7073
22.7073
22.7073
22.7073
22.7073
22.7073
35.6079
35.6079
35.6079
35.6079
35.6079
35.6079
35.6079
35.6079
36.7556
36.7556
36.7556
36.7556
36.7556
36.7556
36.7556
36.7556
37.7978
37.7978
37.7978
37.7978
37.7978
37.7978
37.7978
37.7978
38.6496
38.6496
38.6496
38.6496
38.6496
38.6496
38.6496
38.6496
39.2266
39.2266
39.2266
39.2266
39.2266
39.2266
39.2266
39.2266
39.4511
39.4511
39.4511
39.4511
39.4511
39.4511
39.4511
39.4511
39.2606
39.2606
39.2606
39.2606
39.2606
39.2606
39.2606
39.2606
38.6176
38.6176
38.6176
38.6176
38.6176
38.6176
38.6176
38.6176
37.5175
37.5175
37.5175
37.5175
37.5175
37.5175
37.5175
37.5175
35.9911
35.9911
35.9911
35.9911
35.9911
35.9911
35.9911
35.9911
34.1036
34.1036
34.1036
34.1036
34.1036
34.1036
34.1036
34.1036
31.9462
31.9462
31.9462
31.9462
31.9462
31.9462
31.9462
31.9462
29.6251
29.6251
29.6251
29.6251
29.6251
29.6251
29.6251
29.6251
27.2486
27.2486
27.2486
27.2486
27.2486
27.2486
27.2486
27.2486
24.9156
24.9156
24.9156
24.9156
24.9156
24.9156
24.9156
24.9156
22.7073
22.7073
22.7073
22.7073
22.7073
22.7073
22.7073
22.7073
32.515
32.515
32.515
32.515
32.515
32.515
32.515
32.515
33.4687
33.4687
33.4687
33.4687
33.4687
33.4687
33.4687
33.4687
34.3232
34.3232
34.3232
34.3232
34.3232
34.3232
34.3232
34.3232
35.0014
35.0014
35.0014
35.0014
35.0014
35.0014
35.0014
35.0014
35.4274
35.4274
35.4274
35.4274
35.4274
35.4274
35.4274
35.4274
35.5326
35.5326
35.5326
35.5326
35.5326
35.5326
35.5326
35.5326
35.2634
35.2634
35.2634
35.2634
35.2634
35.2634
35.2634
35.2634
34.5905
34.5905
34.5905
34.5905
34.5905
34.5905
34.5905
34.5905
33.5146
33.5146
33.5146
33.5146
33.5146
33.5146
33.5146
33.5146
32.0693
32.0693
32.0693
32.0693
32.0693
32.0693
32.0693
32.0693
30.318
30.318
30.318
30.318
30.318
30.318
30.318
30.318
28.3463
28.3463
28.3463
28.3463
28.3463
28.3463
28.3463
28.3463
26.2511
26.2511
26.2511
26.2511
26.2511
26.2511
26.2511
26.2511
24.1296
24.1296
24.1296
24.1296
24.1296
24.1296
24.1296
24.1296
22.0682
22.0682
22.0682
22.0682
22.0682
22.0682
22.0682
22.0682
20.137
20.137
20.137
20.137
20.137
20.137
20.137
20.137
32.515
32.515
32.515
32.515
32.515
32.515
32.515
32.515
33.4687
33.4687
33.4687
33.4687
33.4687
33.4687
33.4687
33.4687
34.3232
34.3232
34.3232
34.3232
34.3232
34.3232
34.3232
34.3232
35.0014
35.0014
35.0014
35.0014
35.0014
35.0014
35.0014
35.0014
35.4274
35.4274
35.4274
35.4274
35.4274
35.4274
35.4274
35.4274
35.5326
35.5326
35.5326
35.5326
35.5326
35.5326
35.5326
35.5326
35.2634
35.2634
35.2634
35.2634
35.2634
35.2634
35.2634
35.2634
34.5905
34.5905
34.5905
34.5905
34.5905
34.5905
34.5905
34.5905
33.5146
33.5146
33.5146
33.5146
33.5146
33.5146
33.5146
33.5146
32.0693
32.0693
32.0693
32.0693
32.0693
32.0693
32.0693
32.0693
30.318
30.318
30.318
30.318
30.318
30.318
30.318
30.318
28.3463
28.3463
28.3463
28.3463
28.3463
28.3463
28.3463
28.3463
26.2511
26.2511
26.2511
26.2511
26.2511
26.2511
26.2511
26.2511
24.1296
24.1296
24.1296
24.1296
24.1296
24.1296
24.1296
24.1296
22.0682
22.0682
22.0682
22.0682
22.0682
22.0682
22.0682
22.0682
20.137
20.137
20.137
20.137
20.137
20.137
20.137
20.137
32.515
32.515
32.515
32.515
32.515
32.515
32.515
32.515
33.4687
33.4687
33.4687
33.4687
33.4687
33.4687
33.4687
33.4687
34.3232
34.3232
34.3232
34.3232
34.3232
34.3232
34.3232
34.3232
35.0014
35.0014
35.0014
35.0014
35.0014
35.0014
35.0014
35.0014
35.4274
35.4274
35.4274
35.4274
35.4274
35.4274
35.4274
35.4274
35.5326
35.5326
35.5326
35.5326
35.5326
35.5326
35.5326
35.5326
35.2634
35.2634
35.2634
35.2634
35.2634
35.2634
35.2634
35.2634
34.5905
34.5905
34.5905
34.5905
34.5905
34.5905
34.5905
34.5905
33.5146
33.5146
33.5146
33.5146
33.5146
33.5146
33.5146
33.5146
32.0693
32.0693
32.0693
32.0693
32.0693
32.0693
32.0693
32.0693
30.318
30.318
30.318
30.318
30.318
30.318
30.318
30.318
28.3463
28.3463
28.3463
28.3463
28.3463
28.3463
28.3463
28.3463
26.2511
26.2511
26.2511
26.2511
26.2511
26.2511
26.2511
26.2511
24.1296
24.1296
24.1296
24.1296
24.1296
24.1296
24.1296
24.1296
22.0682
22.0682
22.0682
22.0682
22.0682
22.0682
22.0682
22.0682
20.137
20.137
20.137
20.137
20.137
20.137
20.137
20.137
32.515
32.515
32.515
32.515
32.515
32.515
32.515
32.515
33.4687
33.4687
33.4687
33.4687
33.4687
33.4687
33.4687
33.4687
34.3232
34.3232
34.3232
34.3232
34.3232
34.3232
34.3232
34.3232
35.0014
35.0014
35.0014
35.0014
35.0014
35.0014
35.0014
35.0014
35.4274
35.4274
35.4274
35.4274
35.4274
35.4274
35.4274
35.4274
35.5326
35.5326
35.5326
35.5326
35.5326
35.5326
35.5326
35.5326
35.2634
35.2634
35.2634
35.2634
35.2634
35.2634
35.2634
35.2634
34.5905
34.5905
34.5905
34.5905
34.5905
34.5905
34.5905
34.5905
33.5146
33.5146
33.5146
33.5146
33.5146
33.5146
33.5146
33.5146
32.0693
32.0693
32.0693
32.0693
32.0693
32.0693
32.0693
32.0693
30.318
30.318
30.318
30.318
30.318
30.318
30.318
30.318
28.3463
28.3463
28.3463
28.3463
28.3463
28.3463
28.3463
28.3463
26.2511
26.2511
26.2511
26.2511
26.2511
26.2511
26.2511
26.2511
24.1296
24.1296
24.1296
24.1296
24.1296
24.1296
24.1296
24.1296
22.0682
22.0682
22.0682
22.0682
22.0682
22.0682
22.0682
22.0682
20.137
20.137
20.137
20.137
20.137
20.137
20.137
20.137
29.3453
29.3453
29.3453
29.3453
29.3453
29.3453
29.3453
29.3453
30.0782
30.0782
30.0782
30.0782
30.0782
30.0782
30.0782
30.0782
30.7236
30.7236
30.7236
30.7236
30.7236
30.7236
30.7236
30.7236
31.2148
31.2148
31.2148
31.2148
31.2148
31.2148
31.2148
31.2148
31.4865
31.4865
31.4865
31.4865
31.4865
31.4865
31.4865
31.4865
31.4802
31.4802
31.4802
31.4802
31.4802
31.4802
31.4802
31.4802
31.1515
31.1515
31.1515
31.1515
31.1515
31.1515
31.1515
31.1515
30.4775
30.4775
30.4775
30.4775
30.4775
30.4775
30.4775
30.4775
29.4621
29.4621
29.4621
29.4621
29.4621
29.4621
29.4621
29.4621
28.1378
28.1378
28.1378
28.1378
28.1378
28.1378
28.1378
28.1378
26.5625
26.5625
26.5625
26.5625
26.5625
26.5625
26.5625
26.5625
24.8125
24.8125
24.8125
24.8125
24.8125
24.8125
24.8125
24.8125
22.9729
22.9729
22.9729
22.9729
22.9729
22.9729
22.9729
22.9729
21.1274
21.1274
21.1274
21.1274
21.1274
21.1274
21.1274
21.1274
19.3501
19.3501
19.3501
19.3501
19.3501
19.3501
19.3501
19.3501
17.6998
17.6998
17.6998
17.6998
17.6998
17.6998
17.6998
17.6998
29.3453
29.3453
29.3453
29.3453
29.3453
29.3453
29.3453
29.3453
30.0782
30.0782
30.0782
30.0782
30.0782
30.0782
30.0782
30.0782
30.7236
30.7236
30.7236
30.7236
30.7236
30.7236
30.7236
30.7236
31.2148
31.2148
31.2148
31.2148
31.2148
31.2148
31.2148
31.2148
31.4865
31.4865
31.4865
31.4865
31.4865
31.4865
31.4865
31.4865
31.4802
31.4802
31.4802
31.4802
31.4802
31.4802
31.4802
31.4802
31.1515
31.1515
31.1515
31.1515
31.1515
31.1515
31.1515
31.1515
30.4775
30.4775
30.4775
30.4775
30.4775
30.4775
30.4775
30.4775
29.4621
29.4621
29.4621
29.4621
29.4621
29.4621
29.4621
29.4621
28.1378
28.1378
28.1378
28.1378
28.1378
28.1378
28.1378
28.1378
26.5625
26.5625
26.5625
26.5625
26.5625
26.5625
26.5625
26.5625
24.8125
24.8125
24.8125
24.8125
24.8125
24.8125
24.8125
24.8125
22.9729
22.9729
22.9729
22.9729
22.9729
22.9729
22.9729
22.9729
21.1274
21.1274
21.1274
21.1274
21.1274
21.1274
21.1274
21.1274
19.3501
19.3501
19.3501
19.3501
19.3501
19.3501
19.3501
19.3501
17.6998
17.6998
17.6998
17.6998
17.6998
17.6998
17.6998
17.6998
29.3453
29.3453
29.3453
29.3453
29.3453
29.3453
29.3453
29.3453
30.0782
30.0782
30.0782
30.0782
30.0782
30.0782
30.0782
30.0782
30.7236
30.7236
30.7236
30.7236
30.7236
30.7236
30.7236
30.7236
31.2148
31.2148
31.2148
31.2148
31.2148
31.2148
31.2148
31.2148
31.4865
31.4865
31.4865
31.4865
31.4865
31.4865
31.4865
31.4865
31.4802
31.4802
31.4802
31.4802
31.4802
31.4802
31.4802
31.4802
31.1515
31.1515
31.1515
31.1515
31.1515
31.1515
31.1515
31.1515
30.4775
30.4775
30.4775
30.4775
30.4775
30.4775
30.4775
30.4775
29.4621
29.4621
29.4621
29.4621
29.4621
29.4621
29.4621
29.4621
28.1378
28.1378
28.1378
28.1378
28.1378
28.1378
28.1378
28.1378
26.5625
26.5625
26.5625
26.5625
26.5625
26.5625
26.5625
26.5625
24.8125
24.8125
24.8125
24.8125
24.8125
24.8125
24.8125
24.8125
22.9729
22.9729
22.9729
22.9729
22.9729
22.9729
22.9729
22.9729
21.1274
21.1274
21.1274
21.1274
21.1274
21.1274
21.1274
21.1274
19.3501
19.3501
19.3501
19.3501
19.3501
19.3501
19.3501
19.3501
17.6998
17.6998
17.6998
17.6998
17.6998
17.6998
17.6998
17.6998
29.3453
29.3453
29.3453
29.3453
29.3453
29.3453
29.3453
29.3453
30.0782
30.0782
30.0782
30.0782
30.0782
30.0782
30.0782
30.0782
30.7236
30.7236
30.7236
30.7236
30.7236
30.7236
30.7236
30.7236
31.2148
31.2148
31.2148
31.2148
31.2148
31.2148
31.2148
31.2148
31.4865
31.4865
31.4865
31.4865
31.4865
31.4865
31.4865
31.4865
31.4802
31.4802
31.4802
31.4802
31.4802
31.4802
31.4802
31.4802
31.1515
31.1515
31.1515
31.1515
31.1515
31.1515
31.1515
31.1515
30.4775
30.4775
30.4775
30.4775
30.4775
30.4775
30.4775
30.4775
29.4621
29.4621
29.4621
29.4621
29.4621
29.4621
29.4621
29.4621
28.1378
28.1378
28.1378
28.1378
28.1378
28.1378
28.1378
28.1378
26.5625
26.5625
26.5625
26.5625
26.5625
26.5625
26.5625
26.5625
24.8125
24.8125
24.8125
24.8125
24.8125
24.8125
24.8125
24.8125
22.9729
22.9729
22.9729
22.9729
22.9729
22.9729
22.9729
22.9729
21.1274
21.1274
21.1274
21.1274
21.1274
21.1274
21.1274
21.1274
19.3501
19.3501
19.3501
19.3501
19.3501
19.3501
19.3501
19.3501
17.6998
17.6998
17.6998
17.6998
17.6998
17.6998
17.6998
17.6998
26.2048
26.2048
26.2048
26.2048
26.2048
26.2048
26.2048
26.2048
26.7114
26.7114
26.7114
26.7114
26.7114
26.7114
26.7114
26.7114
27.1473
27.1473
27.1473
27.1473
27.1473
27.1473
27.1473
27.1473
27.4576
27.4576
27.4576
27.4576
27.4576
27.4576
27.4576
27.4576
27.5882
27.5882
27.5882
27.5882
27.5882
27.5882
27.5882
27.5882
27.4906
27.4906
27.4906
27.4906
27.4906
27.4906
27.4906
27.4906
27.1284
27.1284
27.1284
27.1284
27.1284
27.1284
27.1284
27.1284
26.4832
26.4832
26.4832
26.4832
26.4832
26.4832
26.4832
26.4832
25.5596
25.5596
25.5596
25.5596
25.5596
25.5596
25.5596
25.5596
24.3859
24.3859
24.3859
24.3859
24.3859
24.3859
24.3859
24.3859
23.0119
23.0119
23.0119
23.0119
23.0119
23.0119
23.0119
23.0119
21.5022
21.5022
21.5022
21.5022
21.5022
21.5022
21.5022
21.5022
19.9288
19.9288
19.9288
19.9288
19.9288
19.9288
19.9288
19.9288
18.362
18.362
18.362
18.362
18.362
18.362
18.362
18.362
16.8634
16.8634
16.8634
16.8634
16.8634
16.8634
16.8634
16.8634
15.4823
15.4823
15.4823
15.4823
15.4823
15.4823
15.4823
15.4823
26.2048
26.2048
26.2048
26.2048
26.2048
26.2048
26.2048
26.2048
26.7114
26.7114
26.7114
26.7114
26.7114
26.7114
26.7114
26.7114
27.1473
27.1473
27.1473
27.1473
27.1473
27.1473
27.1473
27.1473
27.4576
27.4576
27.4576
27.4576
27.4576
27.4576
27.4576
27.4576
27.5882
27.5882
27.5882
27.5882
27.5882
27.5882
27.5882
27.5882
27.4906
27.4906
27.4906
27.4906
27.4906
27.4906
27.4906
27.4906
27.1284
27.1284
27.1284
27.1284
27.1284
27.1284
27.1284
27.1284
26.4832
26.4832
26.4832
26.4832
26.4832
26.4832
26.4832
26.4832
25.5596
25.5596
25.5596
25.5596
25.5596
25.5596
25.5596
25.5596
24.3859
24.3859
24.3859
24.3859
24.3859
24.3859
24.3859
24.3859
23.0119
23.0119
23.0119
23.0119
23.0119
23.0119
23.0119
23.0119
21.5022
21.5022
21.5022
21.5022
21.5022
21.5022
21.5022
21.5022
19.9288
19.9288
19.9288
19.9288
19.9288
19.9288
19.9288
19.9288
18.362
18.362
18.362
18.362
18.362
18.362
18.362
18.362
16.8634
16.8634
16.8634
16.8634
16.8634
16.8634
16.8634
16.8634
15.4823
15.4823
15.4823
15.4823
15.4823
15.4823
15.4823
15.4823
26.2048
26.2048
26.2048
26.2048
26.2048
26.2048
26.2048
26.2048
26.7114
26.7114
26.7114
26.7114
26.7114
26.7114
26.7114
26.7114
27.1473
27.1473
27.1473
27.1473
27.1473
27.1473
27.1473
27.1473
27.4576
27.4576
27.4576
27.4576
27.4576
27.4576
27.4576
27.4576
27.5882
27.5882
27.5882
27.5882
27.5882
27.5882
27.5882
27.5882
27.4906
27.4906
27.4906
27.4906
27.4906
27.4906
27.4906
27.4906
27.1284
27.1284
27.1284
27.1284
27.1284
27.1284
27.1284
27.1284
26.4832
26.4832
26.4832
26.4832
26.4832
26.4832
26.4832
26.4832
25.5596
25.5596
25.5596
25.5596
25.5596
25.5596
25.5596
25.5596
24.3859
24.3859
24.3859
24.3859
24.3859
24.3859
24.3859
24.3859
23.0119
23.0119
23.0119
23.0119
23.0119
23.0119
23.0119
23.0119
21.5022
21.5022
21.5022
21.5022
21.5022
21.5022
21.5022
21.5022
19.9288
19.9288
19.9288
19.9288
19.9288
19.9288
19.9288
19.9288
18.362
18.362
18.362
18.362
18.362
18.362
18.362
18.362
16.8634
16.8634
16.8634
16.8634
16.8634
16.8634
16.8634
16.8634
15.4823
15.4823
15.4823
15.4823
15.4823
15.4823
15.4823
15.4823
26.2048
26.2048
26.2048
26.2048
26.2048
26.2048
26.2048
26.2048
26.7114
26.7114
26.7114
26.7114
26.7114
26.7114
26.7114
26.7114
27.1473
27.1473
27.1473
27.1473
27.1473
27.1473
27.1473
27.1473
27.4576
27.4576
27.4576
27.4576
27.4576
27.4576
27.4576
27.4576
27.5882
27.5882
27.5882
27.5882
27.5882
27.5882
27.5882
27.5882
27.4906
27.4906
27.4906
27.4906
27.4906
27.4906
27.4906
27.4906
27.1284
27.1284
27.1284
27.1284
27.1284
27.1284
27.1284
27.1284
26.4832
26.4832
26.4832
26.4832
26.4832
26.4832
26.4832
26.4832
25.5596
25.5596
25.5596
25.5596
25.5596
25.5596
25.5596
25.5596
24.3859
24.3859
24.3859
24.3859
24.3859
24.3859
24.3859
24.3859
23.0119
23.0119
23.0119
23.0119
23.0119
23.0119
23.0119
23.0119
21.5022
21.5022
21.5022
21.5022
21.5022
21.5022
21.5022
21.5022
19.9288
19.9288
19.9288
19.9288
19.9288
19.9288
19.9288
19.9288
18.362
18.362
18.362
18.362
18.362
18.362
18.362
18.362
16.8634
16.8634
16.8634
16.8634
16.8634
16.8634
16.8634
16.8634
15.4823
15.4823
15.4823
15.4823
15.4823
15.4823
15.4823
15.4823
23.1916
23.1916
23.1916
23.1916
23.1916
23.1916
23.1916
23.1916
23.485
23.485
23.485
23.485
23.485
23.485
23.485
23.485
23.7288
23.7288
23.7288
23.7288
23.7288
23.7288
23.7288
23.7288
23.8796
23.8796
23.8796
23.8796
23.8796
23.8796
23.8796
23.8796
23.8938
23.8938
23.8938
23.8938
23.8938
23.8938
23.8938
23.8938
23.7318
23.7318
23.7318
23.7318
23.7318
23.7318
23.7318
23.7318
23.3635
23.3635
23.3635
23.3635
23.3635
23.3635
23.3635
23.3635
22.7731
22.7731
22.7731
22.7731
22.7731
22.7731
22.7731
22.7731
21.9636
21.9636
21.9636
21.9636
21.9636
21.9636
21.9636
21.9636
20.9574
20.9574
20.9574
20.9574
20.9574
20.9574
20.9574
20.9574
19.7942
19.7942
19.7942
19.7942
19.7942
19.7942
19.7942
19.7942
18.5269
18.5269
18.5269
18.5269
18.5269
18.5269
18.5269
18.5269
17.2137
17.2137
17.2137
17.2137
17.2137
17.2137
17.2137
17.2137
15.9124
15.9124
15.9124
15.9124
15.9124
15.9124
15.9124
15.9124
14.6739
14.6739
14.6739
14.6739
14.6739
14.6739
14.6739
14.6739
13.5391
13.5391
13.5391
13.5391
13.5391
13.5391
13.5391
13.5391
23.1916
23.1916
23.1916
23.1916
23.1916
23.1916
23.1916
23.1916
23.485
23.485
23.485
23.485
23.485
23.485
23.485
23.485
23.7288
23.7288
23.7288
23.7288
23.7288
23.7288
23.7288
23.7288
23.8796
23.8796
23.8796
23.8796
23.8796
23.8796
23.8796
23.8796
23.8938
23.8938
23.8938
23.8938
23.8938
23.8938
23.8938
23.8938
23.7318
23.7318
23.7318
23.7318
23.7318
23.7318
23.7318
23.7318
23.3635
23.3635
23.3635
23.3635
23.3635
23.3635
23.3635
23.3635
22.7731
22.7731
22.7731
22.7731
22.7731
22.7731
22.7731
22.7731
21.9636
21.9636
21.9636
21.9636
21.9636
21.9636
21.9636
21.9636
20.9574
20.9574
20.9574
20.9574
20.9574
20.9574
20.9574
20.9574
19.7942
19.7942
19.7942
19.7942
19.7942
19.7942
19.7942
19.7942
18.5269
18.5269
18.5269
18.5269
18.5269
18.5269
18.5269
18.5269
17.2137
17.2137
17.2137
17.2137
17.2137
17.2137
17.2137
17.2137
15.9124
15.9124
15.9124
15.9124
15.9124
15.9124
15.9124
15.9124
14.6739
14.6739
14.6739
14.6739
14.6739
14.6739
14.6739
14.6739
13.5391
13.5391
13.5391
13.5391
13.5391
13.5391
13.5391
13.5391
23.1916
23.1916
23.1916
23.1916
23.1916
23.1916
23.1916
23.1916
23.485
23.485
23.485
23.485
23.485
23.485
23.485
23.485
23.7288
23.7288
23.7288
23.7288
23.7288
23.7288
23.7288
23.7288
23.8796
23.8796
23.8796
23.8796
23.8796
23.8796
23.8796
23.8796
23.8938
23.8938
23.8938
23.8938
23.8938
23.8938
23.8938
23.8938
23.7318
23.7318
23.7318
23.7318
23.7318
23.7318
23.7318
23.7318
23.3635
23.3635
23.3635
23.3635
23.3635
23.3635
23.3635
23.3635
22.7731
22.7731
22.7731
22.7731
22.7731
22.7731
22.7731
22.7731
21.9636
21.9636
21.9636
21.9636
21.9636
21.9636
21.9636
21.9636
20.9574
20.9574
20.9574
20.9574
20.9574
20.9574
20.9574
20.9574
19.7942
19.7942
19.7942
19.7942
19.7942
19.7942
19.7942
19.7942
18.5269
18.5269
18.5269
18.5269
18.5269
18.5269
18.5269
18.5269
17.2137
17.2137
17.2137
17.2137
17.2137
17.2137
17.2137
17.2137
15.9124
15.9124
15.9124
15.9124
15.9124
15.9124
15.9124
15.9124
14.6739
14.6739
14.6739
14.6739
14.6739
14.6739
14.6739
14.6739
13.5391
13.5391
13.5391
13.5391
13.5391
13.5391
13.5391
13.5391
23.1916
23.1916
23.1916
23.1916
23.1916
23.1916
23.1916
23.1916
23.485
23.485
23.485
23.485
23.485
23.485
23.485
23.485
23.7288
23.7288
23.7288
23.7288
23.7288
23.7288
23.7288
23.7288
23.8796
23.8796
23.8796
23.8796
23.8796
23.8796
23.8796
23.8796
23.8938
23.8938
23.8938
23.8938
23.8938
23.8938
23.8938
23.8938
23.7318
23.7318
23.7318
23.7318
23.7318
23.7318
23.7318
23.7318
23.3635
23.3635
23.3635
23.3635
23.3635
23.3635
23.3635
23.3635
22.7731
22.7731
22.7731
22.7731
22.7731
22.7731
22.7731
22.7731
21.9636
21.9636
21.9636
21.9636
21.9636
21.9636
21.9636
21.9636
20.9574
20.9574
20.9574
20.9574
20.9574
20.9574
20.9574
20.9574
19.7942
19.7942
19.7942
19.7942
19.7942
19.7942
19.7942
19.7942
18.5269
18.5269
18.5269
18.5269
18.5269
18.5269
18.5269
18.5269
17.2137
17.2137
17.2137
17.2137
17.2137
17.2137
17.2137
17.2137
15.9124
15.9124
15.9124
15.9124
15.9124
15.9124
15.9124
15.9124
14.6739
14.6739
14.6739
14.6739
14.6739
14.6739
14.6739
14.6739
13.5391
13.5391
13.5391
13.5391
13.5391
13.5391
13.5391
13.5391
20.3862
20.3862
20.3862
20.3862
20.3862
20.3862
20.3862
20.3862
20.4933
20.4933
20.4933
20.4933
20.4933
20.4933
20.4933
20.4933
20.5743
20.5743
20.5743
20.5743
20.5743
20.5743
20.5743
20.5743
20.5962
20.5962
20.5962
20.5962
20.5962
20.5962
20.5962
20.5962
20.5244
20.5244
20.5244
20.5244
20.5244
20.5244
20.5244
20.5244
20.3263
20.3263
20.3263
20.3263
20.3263
20.3263
20.3263
20.3263
19.9763
19.9763
19.9763
19.9763
19.9763
19.9763
19.9763
19.9763
19.4596
19.4596
19.4596
19.4596
19.4596
19.4596
19.4596
19.4596
18.7763
18.7763
18.7763
18.7763
18.7763
18.7763
18.7763
18.7763
17.9417
17.9417
17.9417
17.9417
17.9417
17.9417
17.9417
17.9417
16.9857
16.9857
16.9857
16.9857
16.9857
16.9857
16.9857
16.9857
15.9489
15.9489
15.9489
15.9489
15.9489
15.9489
15.9489
15.9489
14.8777
14.8777
14.8777
14.8777
14.8777
14.8777
14.8777
14.8777
13.8183
13.8183
13.8183
13.8183
13.8183
13.8183
13.8183
13.8183
12.8127
12.8127
12.8127
12.8127
12.8127
12.8127
12.8127
12.8127
11.8949
11.8949
11.8949
11.8949
11.8949
11.8949
11.8949
11.8949
20.3862
20.3862
20.3862
20.3862
20.3862
20.3862
20.3862
20.3862
20.4933
20.4933
20.4933
20.4933
20.4933
20.4933
20.4933
20.4933
20.5743
20.5743
20.5743
20.5743
20.5743
20.5743
20.5743
20.5743
20.5962
20.5962
20.5962
20.5962
20.5962
20.5962
20.5962
20.5962
20.5244
20.5244
20.5244
20.5244
20.5244
20.5244
20.5244
20.5244
20.3263
20.3263
20.3263
20.3263
20.3263
20.3263
20.3263
20.3263
19.9763
19.9763
19.9763
19.9763
19.9763
19.9763
19.9763
19.9763
19.4596
19.4596
19.4596
19.4596
19.4596
19.4596
19.4596
19.4596
18.7763
18.7763
18.7763
18.7763
18.7763
18.7763
18.7763
18.7763
17.9417
17.9417
17.9417
17.9417
17.9417
17.9417
17.9417
17.9417
16.9857
16.9857
16.9857
16.9857
16.9857
16.9857
16.9857
16.9857
15.9489
15.9489
15.9489
15.9489
15.9489
15.9489
15.9489
15.9489
14.8777
14.8777
14.8777
14.8777
14.8777
14.8777
14.8777
14.8777
13.8183
13.8183
13.8183
13.8183
13.8183
13.8183
13.8183
13.8183
12.8127
12.8127
12.8127
12.8127
12.8127
12.8127
12.8127
12.8127
11.8949
11.8949
11.8949
11.8949
11.8949
11.8949
11.8949
11.8949
20.3862
20.3862
20.3862
20.3862
20.3862
20.3862
20.3862
20.3862
20.4933
20.4933
20.4933
20.4933
20.4933
20.4933
20.4933
20.4933
20.5743
20.5743
20.5743
20.5743
20.5743
20.5743
20.5743
20.5743
20.5962
20.5962
20.5962
20.5962
20.5962
20.5962
20.5962
20.5962
20.5244
20.5244
20.5244
20.5244
20.5244
20.5244
20.5244
20.5244
20.3263
20.3263
20.3263
20.3263
20.3263
20.3263
20.3263
20.3263
19.9763
19.9763
19.9763
19.9763
19.9763
19.9763
19.9763
19.9763
19.4596
19.4596
19.4596
19.4596
19.4596
19.4596
19.4596
19.4596
18.7763
18.7763
18.7763
18.7763
18.7763
18.7763
18.7763
18.7763
17.9417
17.9417
17.9417
17.9417
17.9417
17.9417
17.9417
17.9417
16.9857
16.9857
16.9857
16.9857
16.9857
16.9857
16.9857
16.9857
15.9489
15.9489
15.9489
15.9489
15.9489
15.9489
15.9489
15.9489
14.8777
14.8777
14.8777
14.8777
14.8777
14.8777
14.8777
14.8777
13.8183
13.8183
13.8183
13.8183
13.8183
13.8183
13.8183
13.8183
12.8127
12.8127
12.8127
12.8127
12.8127
12.8127
12.8127
12.8127
11.8949
11.8949
11.8949
11.8949
11.8949
11.8949
11.8949
11.8949
20.3862
20.3862
20.3862
20.3862
20.3862
20.3862
20.3862
20.3862
20.4933
20.4933
20.4933
20.4933
20.4933
20.4933
20.4933
20.4933
20.5743
20.5743
20.5743
20.5743
20.5743
20.5743
20.5743
20.5743
20.5962
20.5962
20.5962
20.5962
20.5962
20.5962
20.5962
20.5962
20.5244
20.5244
20.5244
20.5244
20.5244
20.5244
20.5244
20.5244
20.3263
20.3263
20.3263
20.3263
20.3263
20.3263
20.3263
20.3263
19.9763
19.9763
19.9763
19.9763
19.9763
19.9763
19.9763
19.9763
19.4596
19.4596
19.4596
19.4596
19.4596
19.4596
19.4596
19.4596
18.7763
18.7763
18.7763
18.7763
18.7763
18.7763
18.7763
18.7763
17.9417
17.9417
17.9417
17.9417
17.9417
17.9417
17.9417
17.9417
16.9857
16.9857
16.9857
16.9857
16.9857
16.9857
16.9857
16.9857
15.9489
15.9489
15.9489
15.9489
15.9489
15.9489
15.9489
15.9489
14.8777
14.8777
14.8777
14.8777
14.8777
14.8777
14.8777
14.8777
13.8183
13.8183
13.8183
13.8183
13.8183
13.8183
13.8183
13.8183
12.8127
12.8127
12.8127
12.8127
12.8127
12.8127
12.8127
12.8127
11.8949
11.8949
11.8949
11.8949
11.8949
11.8949
11.8949
11.8949
17.8454
17.8454
17.8454
17.8454
17.8454
17.8454
17.8454
17.8454
17.8008
17.8008
17.8008
17.8008
17.8008
17.8008
17.8008
17.8008
17.7542
17.7542
17.7542
17.7542
17.7542
17.7542
17.7542
17.7542
17.681
17.681
17.681
17.681
17.681
17.681
17.681
17.681
17.5539
17.5539
17.5539
17.5539
17.5539
17.5539
17.5539
17.5539
17.3453
17.3453
17.3453
17.3453
17.3453
17.3453
17.3453
17.3453
17.0326
17.0326
17.0326
17.0326
17.0326
17.0326
17.0326
17.0326
16.6009
16.6009
16.6009
16.6009
16.6009
16.6009
16.6009
16.6009
16.0463
16.0463
16.0463
16.0463
16.0463
16.0463
16.0463
16.0463
15.3774
15.3774
15.3774
15.3774
15.3774
15.3774
15.3774
15.3774
14.6148
14.6148
14.6148
14.6148
14.6148
14.6148
14.6148
14.6148
13.7883
13.7883
13.7883
13.7883
13.7883
13.7883
13.7883
13.7883
12.9334
12.9334
12.9334
12.9334
12.9334
12.9334
12.9334
12.9334
12.087
12.087
12.087
12.087
12.087
12.087
12.087
12.087
11.2834
11.2834
11.2834
11.2834
11.2834
11.2834
11.2834
11.2834
10.5515
10.5515
10.5515
10.5515
10.5515
10.5515
10.5515
10.5515
17.8454
17.8454
17.8454
17.8454
17.8454
17.8454
17.8454
17.8454
17.8008
17.8008
17.8008
17.8008
17.8008
17.8008
17.8008
17.8008
17.7542
17.7542
17.7542
17.7542
17.7542
17.7542
17.7542
17.7542
17.681
17.681
17.681
17.681
17.681
17.681
17.681
17.681
17.5539
17.5539
17.5539
17.5539
17.5539
17.5539
17.5539
17.5539
17.3453
17.3453
17.3453
17.3453
17.3453
17.3453
17.3453
17.3453
17.0326
17.0326
17.0326
17.0326
17.0326
17.0326
17.0326
17.0326
16.6009
16.6009
16.6009
16.6009
16.6009
16.6009
16.6009
16.6009
16.0463
16.0463
16.0463
16.0463
16.0463
16.0463
16.0463
16.0463
15.3774
15.3774
15.3774
15.3774
15.3774
15.3774
15.3774
15.3774
14.6148
14.6148
14.6148
14.6148
14.6148
14.6148
14.6148
14.6148
13.7883
13.7883
13.7883
13.7883
13.7883
13.7883
13.7883
13.7883
12.9334
12.9334
12.9334
12.9334
12.9334
12.9334
12.9334
12.9334
12.087
12.087
12.087
12.087
12.087
12.087
12.087
12.087
11.2834
11.2834
11.2834
11.2834
11.2834
11.2834
11.2834
11.2834
10.5515
10.5515
10.5515
10.5515
10.5515
10.5515
10.5515
10.5515
17.8454
17.8454
17.8454
17.8454
17.8454
17.8454
17.8454
17.8454
17.8008
17.8008
17.8008
17.8008
17.8008
17.8008
17.8008
17.8008
17.7542
17.7542
17.7542
17.7542
17.7542
17.7542
17.7542
17.7542
17.681
17.681
17.681
17.681
17.681
17.681
17.681
17.681
17.5539
17.5539
17.5539
17.5539
17.5539
17.5539
17.5539
17.5539
17.3453
17.3453
17.3453
17.3453
17.3453
17.3453
17.3453
17.3453
17.0326
17.0326
17.0326
17.0326
17.0326
17.0326
17.0326
17.0326
16.6009
16.6009
16.6009
16.6009
16.6009
16.6009
16.6009
16.6009
16.0463
16.0463
16.0463
16.0463
16.0463
16.0463
16.0463
16.0463
15.3774
15.3774
15.3774
15.3774
15.3774
15.3774
15.3774
15.3774
14.6148
14.6148
14.6148
14.6148
14.6148
14.6148
14.6148
14.6148
13.7883
13.7883
13.7883
13.7883
13.7883
13.7883
13.7883
13.7883
12.9334
12.9334
12.9334
12.9334
12.9334
12.9334
12.9334
12.9334
12.087
12.087
12.087
12.087
12.087
12.087
12.087
12.087
11.2834
11.2834
11.2834
11.2834
11.2834
11.2834
11.2834
11.2834
10.5515
10.5515
10.5515
10.5515
10.5515
10.5515
10.5515
10.5515
17.8454
17.8454
17.8454
17.8454
17.8454
17.8454
17.8454
17.8454
17.8008
17.8008
17.8008
17.8008
17.8008
17.8008
17.8008
17.8008
17.7542
17.7542
17.7542
17.7542
17.7542
17.7542
17.7542
17.7542
17.681
17.681
17.681
17.681
17.681
17.681
17.681
17.681
17.5539
17.5539
17.5539
17.5539
17.5539
17.5539
17.5539
17.5539
17.3453
17.3453
17.3453
17.3453
17.3453
17.3453
17.3453
17.3453
17.0326
17.0326
17.0326
17.0326
17.0326
17.0326
17.0326
17.0326
16.6009
16.6009
16.6009
16.6009
16.6009
16.6009
16.6009
16.6009
16.0463
16.0463
16.0463
16.0463
16.0463
16.0463
16.0463
16.0463
15.3774
15.3774
15.3774
15.3774
15.3774
15.3774
15.3774
15.3774
14.6148
14.6148
14.6148
14.6148
14.6148
14.6148
14.6148
14.6148
13.7883
13.7883
13.7883
13.7883
13.7883
13.7883
13.7883
13.7883
12.9334
12.9334
12.9334
12.9334
12.9334
12.9334
12.9334
12.9334
12.087
12.087
12.087
12.087
12.087
12.087
12.087
12.087
11.2834
11.2834
11.2834
11.2834
11.2834
11.2834
11.2834
11.2834
10.5515
10.5515
10.5515
10.5515
10.5515
10.5515
10.5515
10.5515
