8192
32.9634
32.9634
32.9634
32.9634
32.9634
32.9634
32.9634
32.9634
30.3958
30.3958
30.3958
30.3958
30.3958
30.3958
30.3958
30.3958
27.9449
27.9449
27.9449
27.9449
27.9449
27.9449
27.9449
27.9449
25.6497
25.6497
25.6497
25.6497
25.6497
25.6497
25.6497
25.6497
23.5359
23.5359
23.5359
23.5359
23.5359
23.5359
23.5359
23.5359
21.6177
21.6177
21.6177
21.6177
21.6177
21.6177
21.6177
21.6177
19.8993
19.8993
19.8993
19.8993
19.8993
19.8993
19.8993
19.8993
18.3771
18.3771
18.3771
18.3771
18.3771
18.3771
18.3771
18.3771
17.0421
17.0421
17.0421
17.0421
17.0421
17.0421
17.0421
17.0421
15.8824
15.8824
15.8824
15.8824
15.8824
15.8824
15.8824
15.8824
14.8841
14.8841
14.8841
14.8841
14.8841
14.8841
14.8841
14.8841
14.0332
14.0332
14.0332
14.0332
14.0332
14.0332
14.0332
14.0332
13.3164
13.3164
13.3164
13.3164
13.3164
13.3164
13.3164
13.3164
12.7217
12.7217
12.7217
12.7217
12.7217
12.7217
12.7217
12.7217
12.2391
12.2391
12.2391
12.2391
12.2391
12.2391
12.2391
12.2391
11.8599
11.8599
11.8599
11.8599
11.8599
11.8599
11.8599
11.8599
32.9634
32.9634
32.9634
32.9634
32.9634
32.9634
32.9634
32.9634
30.3958
30.3958
30.3958
30.3958
30.3958
30.3958
30.3958
30.3958
27.9449
27.9449
27.9449
27.9449
27.9449
27.9449
27.9449
27.9449
25.6497
25.6497
25.6497
25.6497
25.6497
25.6497
25.6497
25.6497
23.5359
23.5359
23.5359
23.5359
23.5359
23.5359
23.5359
23.5359
21.6177
21.6177
21.6177
21.6177
21.6177
21.6177
21.6177
21.6177
19.8993
19.8993
19.8993
19.8993
19.8993
19.8993
19.8993
19.8993
18.3771
18.3771
18.3771
18.3771
18.3771
18.3771
18.3771
18.3771
17.0421
17.0421
17.0421
17.0421
17.0421
17.0421
17.0421
17.0421
15.8824
15.8824
15.8824
15.8824
15.8824
15.8824
15.8824
15.8824
14.8841
14.8841
14.8841
14.8841
14.8841
14.8841
14.8841
14.8841
14.0332
14.0332
14.0332
14.0332
14.0332
14.0332
14.0332
14.0332
13.3164
13.3164
13.3164
13.3164
13.3164
13.3164
13.3164
13.3164
12.7217
12.7217
12.7217
12.7217
12.7217
12.7217
12.7217
12.7217
12.2391
12.2391
12.2391
12.2391
12.2391
12.2391
12.2391
12.2391
11.8599
11.8599
11.8599
11.8599
11.8599
11.8599
11.8599
11.8599
32.9634
32.9634
32.9634
32.9634
32.9634
32.9634
32.9634
32.9634
30.3958
30.3958
30.3958
30.3958
30.3958
30.3958
30.3958
30.3958
27.9449
27.9449
27.9449
27.9449
27.9449
27.9449
27.9449
27.9449
25.6497
25.6497
25.6497
25.6497
25.6497
25.6497
25.6497
25.6497
23.5359
23.5359
23.5359
23.5359
23.5359
23.5359
23.5359
23.5359
21.6177
21.6177
21.6177
21.6177
21.6177
21.6177
21.6177
21.6177
19.8993
19.8993
19.8993
19.8993
19.8993
19.8993
19.8993
19.8993
18.3771
18.3771
18.3771
18.3771
18.3771
18.3771
18.3771
18.3771
17.0421
17.0421
17.0421
17.0421
17.0421
17.0421
17.0421
17.0421
15.8824
15.8824
15.8824
15.8824
15.8824
15.8824
15.8824
15.8824
14.8841
14.8841
14.8841
14.8841
14.8841
14.8841
14.8841
14.8841
14.0332
14.0332
14.0332
14.0332
14.0332
14.0332
14.0332
14.0332
13.3164
13.3164
13.3164
13.3164
13.3164
13.3164
13.3164
13.3164
12.7217
12.7217
12.7217
12.7217
12.7217
12.7217
12.7217
12.7217
12.2391
12.2391
12.2391
12.2391
12.2391
12.2391
12.2391
12.2391
11.8599
11.8599
11.8599
11.8599
11.8599
11.8599
11.8599
11.8599
32.9634
32.9634
32.9634
32.9634
32.9634
32.9634
32.9634
32.9634
30.3958
30.3958
30.3958
30.3958
30.3958
30.3958
30.3958
30.3958
27.9449
27.9449
27.9449
27.9449
27.9449
27.9449
27.9449
27.9449
25.6497
25.6497
25.6497
25.6497
25.6497
25.6497
25.6497
25.6497
23.5359
23.5359
23.5359
23.5359
23.5359
23.5359
23.5359
23.5359
21.6177
21.6177
21.6177
21.6177
21.6177
21.6177
21.6177
21.6177
19.8993
19.8993
19.8993
19.8993
19.8993
19.8993
19.8993
19.8993
18.3771
18.3771
18.3771
18.3771
18.3771
18.3771
18.3771
18.3771
17.0421
17.0421
17.0421
17.0421
17.0421
17.0421
17.0421
17.0421
15.8824
15.8824
15.8824
15.8824
15.8824
15.8824
15.8824
15.8824
14.8841
14.8841
14.8841
14.8841
14.8841
14.8841
14.8841
14.8841
14.0332
14.0332
14.0332
14.0332
14.0332
14.0332
14.0332
14.0332
13.3164
13.3164
13.3164
13.3164
13.3164
13.3164
13.3164
13.3164
12.7217
12.7217
12.7217
12.7217
12.7217
12.7217
12.7217
12.7217
12.2391
12.2391
12.2391
12.2391
12.2391
12.2391
12.2391
12.2391
11.8599
11.8599
11.8599
11.8599
11.8599
11.8599
11.8599
11.8599
32.7176
32.7176
32.7176
32.7176
32.7176
32.7176
32.7176
32.7176
30.0522
30.0522
30.0522
30.0522
30.0522
30.0522
30.0522
30.0522
27.5253
27.5253
27.5253
27.5253
27.5253
27.5253
27.5253
27.5253
25.1775
25.1775
25.1775
25.1775
25.1775
25.1775
25.1775
25.1775
23.0342
23.0342
23.0342
23.0342
23.0342
23.0342
23.0342
23.0342
21.1074
21.1074
21.1074
21.1074
21.1074
21.1074
21.1074
21.1074
19.3982
19.3982
19.3982
19.3982
19.3982
19.3982
19.3982
19.3982
17.8999
17.8999
17.8999
17.8999
17.8999
17.8999
17.8999
17.8999
16.6002
16.6002
16.6002
16.6002
16.6002
16.6002
16.6002
16.6002
15.4841
15.4841
15.4841
15.4841
15.4841
15.4841
15.4841
15.4841
14.5353
14.5353
14.5353
14.5353
14.5353
14.5353
14.5353
14.5353
13.7379
13.7379
13.7379
13.7379
13.7379
13.7379
13.7379
13.7379
13.077
13.077
13.077
13.077
13.077
13.077
13.077
13.077
12.5397
12.5397
12.5397
12.5397
12.5397
12.5397
12.5397
12.5397
12.1152
12.1152
12.1152
12.1152
12.1152
12.1152
12.1152
12.1152
11.795
11.795
11.795
11.795
11.795
11.795
11.795
11.795
32.7176
32.7176
32.7176
32.7176
32.7176
32.7176
32.7176
32.7176
30.0522
30.0522
30.0522
30.0522
30.0522
30.0522
30.0522
30.0522
27.5253
27.5253
27.5253
27.5253
27.5253
27.5253
27.5253
27.5253
25.1775
25.1775
25.1775
25.1775
25.1775
25.1775
25.1775
25.1775
23.0342
23.0342
23.0342
23.0342
23.0342
23.0342
23.0342
23.0342
21.1074
21.1074
21.1074
21.1074
21.1074
21.1074
21.1074
21.1074
19.3982
19.3982
19.3982
19.3982
19.3982
19.3982
19.3982
19.3982
17.8999
17.8999
17.8999
17.8999
17.8999
17.8999
17.8999
17.8999
16.6002
16.6002
16.6002
16.6002
16.6002
16.6002
16.6002
16.6002
15.4841
15.4841
15.4841
15.4841
15.4841
15.4841
15.4841
15.4841
14.5353
14.5353
14.5353
14.5353
14.5353
14.5353
14.5353
14.5353
13.7379
13.7379
13.7379
13.7379
13.7379
13.7379
13.7379
13.7379
13.077
13.077
13.077
13.077
13.077
13.077
13.077
13.077
12.5397
12.5397
12.5397
12.5397
12.5397
12.5397
12.5397
12.5397
12.1152
12.1152
12.1152
12.1152
12.1152
12.1152
12.1152
12.1152
11.795
11.795
11.795
11.795
11.795
11.795
11.795
11.795
32.7176
32.7176
32.7176
32.7176
32.7176
32.7176
32.7176
32.7176
30.0522
30.0522
30.0522
30.0522
30.0522
30.0522
30.0522
30.0522
27.5253
27.5253
27.5253
27.5253
27.5253
27.5253
27.5253
27.5253
25.1775
25.1775
25.1775
25.1775
25.1775
25.1775
25.1775
25.1775
23.0342
23.0342
23.0342
23.0342
23.0342
23.0342
23.0342
23.0342
21.1074
21.1074
21.1074
21.1074
21.1074
21.1074
21.1074
21.1074
19.3982
19.3982
19.3982
19.3982
19.3982
19.3982
19.3982
19.3982
17.8999
17.8999
17.8999
17.8999
17.8999
17.8999
17.8999
17.8999
16.6002
16.6002
16.6002
16.6002
16.6002
16.6002
16.6002
16.6002
15.4841
15.4841
15.4841
15.4841
15.4841
15.4841
15.4841
15.4841
14.5353
14.5353
14.5353
14.5353
14.5353
14.5353
14.5353
14.5353
13.7379
13.7379
13.7379
13.7379
13.7379
13.7379
13.7379
13.7379
13.077
13.077
13.077
13.077
13.077
13.077
13.077
13.077
12.5397
12.5397
12.5397
12.5397
12.5397
12.5397
12.5397
12.5397
12.1152
12.1152
12.1152
12.1152
12.1152
12.1152
12.1152
12.1152
11.795
11.795
11.795
11.795
11.795
11.795
11.795
11.795
32.7176
32.7176
32.7176
32.7176
32.7176
32.7176
32.7176
32.7176
30.0522
30.0522
30.0522
30.0522
30.0522
30.0522
30.0522
30.0522
27.5253
27.5253
27.5253
27.5253
27.5253
27.5253
27.5253
27.5253
25.1775
25.1775
25.1775
25.1775
25.1775
25.1775
25.1775
25.1775
23.0342
23.0342
23.0342
23.0342
23.0342
23.0342
23.0342
23.0342
21.1074
21.1074
21.1074
21.1074
21.1074
21.1074
21.1074
21.1074
19.3982
19.3982
19.3982
19.3982
19.3982
19.3982
19.3982
19.3982
17.8999
17.8999
17.8999
17.8999
17.8999
17.8999
17.8999
17.8999
16.6002
16.6002
16.6002
16.6002
16.6002
16.6002
16.6002
16.6002
15.4841
15.4841
15.4841
15.4841
15.4841
15.4841
15.4841
15.4841
14.5353
14.5353
14.5353
14.5353
14.5353
14.5353
14.5353
14.5353
13.7379
13.7379
13.7379
13.7379
13.7379
13.7379
13.7379
13.7379
13.077
13.077
13.077
13.077
13.077
13.077
13.077
13.077
12.5397
12.5397
12.5397
12.5397
12.5397
12.5397
12.5397
12.5397
12.1152
12.1152
12.1152
12.1152
12.1152
12.1152
12.1152
12.1152
11.795
11.795
11.795
11.795
11.795
11.795
11.795
11.795
32.2817
32.2817
32.2817
32.2817
32.2817
32.2817
32.2817
32.2817
29.5514
29.5514
29.5514
29.5514
29.5514
29.5514
29.5514
29.5514
26.9844
26.9844
26.9844
26.9844
26.9844
26.9844
26.9844
26.9844
24.6205
24.6205
24.6205
24.6205
24.6205
24.6205
24.6205
24.6205
22.4827
22.4827
22.4827
22.4827
22.4827
22.4827
22.4827
22.4827
20.5795
20.5795
20.5795
20.5795
20.5795
20.5795
20.5795
20.5795
18.9083
18.9083
18.9083
18.9083
18.9083
18.9083
18.9083
18.9083
17.4584
17.4584
17.4584
17.4584
17.4584
17.4584
17.4584
17.4584
16.2145
16.2145
16.2145
16.2145
16.2145
16.2145
16.2145
16.2145
15.1588
15.1588
15.1588
15.1588
15.1588
15.1588
15.1588
15.1588
14.2728
14.2728
14.2728
14.2728
14.2728
14.2728
14.2728
14.2728
13.5389
13.5389
13.5389
13.5389
13.5389
13.5389
13.5389
13.5389
12.9414
12.9414
12.9414
12.9414
12.9414
12.9414
12.9414
12.9414
12.4666
12.4666
12.4666
12.4666
12.4666
12.4666
12.4666
12.4666
12.1034
12.1034
12.1034
12.1034
12.1034
12.1034
12.1034
12.1034
11.8435
11.8435
11.8435
11.8435
11.8435
11.8435
11.8435
11.8435
32.2817
32.2817
32.2817
32.2817
32.2817
32.2817
32.2817
32.2817
29.5514
29.5514
29.5514
29.5514
29.5514
29.5514
29.5514
29.5514
26.9844
26.9844
26.9844
26.9844
26.9844
26.9844
26.9844
26.9844
24.6205
24.6205
24.6205
24.6205
24.6205
24.6205
24.6205
24.6205
22.4827
22.4827
22.4827
22.4827
22.4827
22.4827
22.4827
22.4827
20.5795
20.5795
20.5795
20.5795
20.5795
20.5795
20.5795
20.5795
18.9083
18.9083
18.9083
18.9083
18.9083
18.9083
18.9083
18.9083
17.4584
17.4584
17.4584
17.4584
17.4584
17.4584
17.4584
17.4584
16.2145
16.2145
16.2145
16.2145
16.2145
16.2145
16.2145
16.2145
15.1588
15.1588
15.1588
15.1588
15.1588
15.1588
15.1588
15.1588
14.2728
14.2728
14.2728
14.2728
14.2728
14.2728
14.2728
14.2728
13.5389
13.5389
13.5389
13.5389
13.5389
13.5389
13.5389
13.5389
12.9414
12.9414
12.9414
12.9414
12.9414
12.9414
12.9414
12.9414
12.4666
12.4666
12.4666
12.4666
12.4666
12.4666
12.4666
12.4666
12.1034
12.1034
12.1034
12.1034
12.1034
12.1034
12.1034
12.1034
11.8435
11.8435
11.8435
11.8435
11.8435
11.8435
11.8435
11.8435
32.2817
32.2817
32.2817
32.2817
32.2817
32.2817
32.2817
32.2817
29.5514
29.5514
29.5514
29.5514
29.5514
29.5514
29.5514
29.5514
26.9844
26.9844
26.9844
26.9844
26.9844
26.9844
26.9844
26.9844
24.6205
24.6205
24.6205
24.6205
24.6205
24.6205
24.6205
24.6205
22.4827
22.4827
22.4827
22.4827
22.4827
22.4827
22.4827
22.4827
20.5795
20.5795
20.5795
20.5795
20.5795
20.5795
20.5795
20.5795
18.9083
18.9083
18.9083
18.9083
18.9083
18.9083
18.9083
18.9083
17.4584
17.4584
17.4584
17.4584
17.4584
17.4584
17.4584
17.4584
16.2145
16.2145
16.2145
16.2145
16.2145
16.2145
16.2145
16.2145
15.1588
15.1588
15.1588
15.1588
15.1588
15.1588
15.1588
15.1588
14.2728
14.2728
14.2728
14.2728
14.2728
14.2728
14.2728
14.2728
13.5389
13.5389
13.5389
13.5389
13.5389
13.5389
13.5389
13.5389
12.9414
12.9414
12.9414
12.9414
12.9414
12.9414
12.9414
12.9414
12.4666
12.4666
12.4666
12.4666
12.4666
12.4666
12.4666
12.4666
12.1034
12.1034
12.1034
12.1034
12.1034
12.1034
12.1034
12.1034
11.8435
11.8435
11.8435
11.8435
11.8435
11.8435
11.8435
11.8435
32.2817
32.2817
32.2817
32.2817
32.2817
32.2817
32.2817
32.2817
29.5514
29.5514
29.5514
29.5514
29.5514
29.5514
29.5514
29.5514
26.9844
26.9844
26.9844
26.9844
26.9844
26.9844
26.9844
26.9844
24.6205
24.6205
24.6205
24.6205
24.6205
24.6205
24.6205
24.6205
22.4827
22.4827
22.4827
22.4827
22.4827
22.4827
22.4827
22.4827
20.5795
20.5795
20.5795
20.5795
20.5795
20.5795
20.5795
20.5795
18.9083
18.9083
18.9083
18.9083
18.9083
18.9083
18.9083
18.9083
17.4584
17.4584
17.4584
17.4584
17.4584
17.4584
17.4584
17.4584
16.2145
16.2145
16.2145
16.2145
16.2145
16.2145
16.2145
16.2145
15.1588
15.1588
15.1588
15.1588
15.1588
15.1588
15.1588
15.1588
14.2728
14.2728
14.2728
14.2728
14.2728
14.2728
14.2728
14.2728
13.5389
13.5389
13.5389
13.5389
13.5389
13.5389
13.5389
13.5389
12.9414
12.9414
12.9414
12.9414
12.9414
12.9414
12.9414
12.9414
12.4666
12.4666
12.4666
12.4666
12.4666
12.4666
12.4666
12.4666
12.1034
12.1034
12.1034
12.1034
12.1034
12.1034
12.1034
12.1034
11.8435
11.8435
11.8435
11.8435
11.8435
11.8435
11.8435
11.8435
31.5673
31.5673
31.5673
31.5673
31.5673
31.5673
31.5673
31.5673
28.8158
28.8158
28.8158
28.8158
28.8158
28.8158
28.8158
28.8158
26.2533
26.2533
26.2533
26.2533
26.2533
26.2533
26.2533
26.2533
23.9167
23.9167
23.9167
23.9167
23.9167
23.9167
23.9167
23.9167
21.8249
21.8249
21.8249
21.8249
21.8249
21.8249
21.8249
21.8249
19.9817
19.9817
19.9817
19.9817
19.9817
19.9817
19.9817
19.9817
18.3801
18.3801
18.3801
18.3801
18.3801
18.3801
18.3801
18.3801
17.0061
17.0061
17.0061
17.0061
17.0061
17.0061
17.0061
17.0061
15.841
15.841
15.841
15.841
15.841
15.841
15.841
15.841
14.8647
14.8647
14.8647
14.8647
14.8647
14.8647
14.8647
14.8647
14.0571
14.0571
14.0571
14.0571
14.0571
14.0571
14.0571
14.0571
13.3995
13.3995
13.3995
13.3995
13.3995
13.3995
13.3995
13.3995
12.8754
12.8754
12.8754
12.8754
12.8754
12.8754
12.8754
12.8754
12.4707
12.4707
12.4707
12.4707
12.4707
12.4707
12.4707
12.4707
12.1745
12.1745
12.1745
12.1745
12.1745
12.1745
12.1745
12.1745
11.9785
11.9785
11.9785
11.9785
11.9785
11.9785
11.9785
11.9785
31.5673
31.5673
31.5673
31.5673
31.5673
31.5673
31.5673
31.5673
28.8158
28.8158
28.8158
28.8158
28.8158
28.8158
28.8158
28.8158
26.2533
26.2533
26.2533
26.2533
26.2533
26.2533
26.2533
26.2533
23.9167
23.9167
23.9167
23.9167
23.9167
23.9167
23.9167
23.9167
21.8249
21.8249
21.8249
21.8249
21.8249
21.8249
21.8249
21.8249
19.9817
19.9817
19.9817
19.9817
19.9817
19.9817
19.9817
19.9817
18.3801
18.3801
18.3801
18.3801
18.3801
18.3801
18.3801
18.3801
17.0061
17.0061
17.0061
17.0061
17.0061
17.0061
17.0061
17.0061
15.841
15.841
15.841
15.841
15.841
15.841
15.841
15.841
14.8647
14.8647
14.8647
14.8647
14.8647
14.8647
14.8647
14.8647
14.0571
14.0571
14.0571
14.0571
14.0571
14.0571
14.0571
14.0571
13.3995
13.3995
13.3995
13.3995
13.3995
13.3995
13.3995
13.3995
12.8754
12.8754
12.8754
12.8754
12.8754
12.8754
12.8754
12.8754
12.4707
12.4707
12.4707
12.4707
12.4707
12.4707
12.4707
12.4707
12.1745
12.1745
12.1745
12.1745
12.1745
12.1745
12.1745
12.1745
11.9785
11.9785
11.9785
11.9785
11.9785
11.9785
11.9785
11.9785
31.5673
31.5673
31.5673
31.5673
31.5673
31.5673
31.5673
31.5673
28.8158
28.8158
28.8158
28.8158
28.8158
28.8158
28.8158
28.8158
26.2533
26.2533
26.2533
26.2533
26.2533
26.2533
26.2533
26.2533
23.9167
23.9167
23.9167
23.9167
23.9167
23.9167
23.9167
23.9167
21.8249
21.8249
21.8249
21.8249
21.8249
21.8249
21.8249
21.8249
19.9817
19.9817
19.9817
19.9817
19.9817
19.9817
19.9817
19.9817
18.3801
18.3801
18.3801
18.3801
18.3801
18.3801
18.3801
18.3801
17.0061
17.0061
17.0061
17.0061
17.0061
17.0061
17.0061
17.0061
15.841
15.841
15.841
15.841
15.841
15.841
15.841
15.841
14.8647
14.8647
14.8647
14.8647
14.8647
14.8647
14.8647
14.8647
14.0571
14.0571
14.0571
14.0571
14.0571
14.0571
14.0571
14.0571
13.3995
13.3995
13.3995
13.3995
13.3995
13.3995
13.3995
13.3995
12.8754
12.8754
12.8754
12.8754
12.8754
12.8754
12.8754
12.8754
12.4707
12.4707
12.4707
12.4707
12.4707
12.4707
12.4707
12.4707
12.1745
12.1745
12.1745
12.1745
12.1745
12.1745
12.1745
12.1745
11.9785
11.9785
11.9785
11.9785
11.9785
11.9785
11.9785
11.9785
31.5673
31.5673
31.5673
31.5673
31.5673
31.5673
31.5673
31.5673
28.8158
28.8158
28.8158
28.8158
28.8158
28.8158
28.8158
28.8158
26.2533
26.2533
26.2533
26.2533
26.2533
26.2533
26.2533
26.2533
23.9167
23.9167
23.9167
23.9167
23.9167
23.9167
23.9167
23.9167
21.8249
21.8249
21.8249
21.8249
21.8249
21.8249
21.8249
21.8249
19.9817
19.9817
19.9817
19.9817
19.9817
19.9817
19.9817
19.9817
18.3801
18.3801
18.3801
18.3801
18.3801
18.3801
18.3801
18.3801
17.0061
17.0061
17.0061
17.0061
17.0061
17.0061
17.0061
17.0061
15.841
15.841
15.841
15.841
15.841
15.841
15.841
15.841
14.8647
14.8647
14.8647
14.8647
14.8647
14.8647
14.8647
14.8647
14.0571
14.0571
14.0571
14.0571
14.0571
14.0571
14.0571
14.0571
13.3995
13.3995
13.3995
13.3995
13.3995
13.3995
13.3995
13.3995
12.8754
12.8754
12.8754
12.8754
12.8754
12.8754
12.8754
12.8754
12.4707
12.4707
12.4707
12.4707
12.4707
12.4707
12.4707
12.4707
12.1745
12.1745
12.1745
12.1745
12.1745
12.1745
12.1745
12.1745
11.9785
11.9785
11.9785
11.9785
11.9785
11.9785
11.9785
11.9785
30.5118
30.5118
30.5118
30.5118
30.5118
30.5118
30.5118
30.5118
27.7916
27.7916
27.7916
27.7916
27.7916
27.7916
27.7916
27.7916
25.2849
25.2849
25.2849
25.2849
25.2849
25.2849
25.2849
25.2849
23.0234
23.0234
23.0234
23.0234
23.0234
23.0234
23.0234
23.0234
21.0205
21.0205
21.0205
21.0205
21.0205
21.0205
21.0205
21.0205
19.2752
19.2752
19.2752
19.2752
19.2752
19.2752
19.2752
19.2752
17.7763
17.7763
17.7763
17.7763
17.7763
17.7763
17.7763
17.7763
16.5062
16.5062
16.5062
16.5062
16.5062
16.5062
16.5062
16.5062
15.4437
15.4437
15.4437
15.4437
15.4437
15.4437
15.4437
15.4437
14.5669
14.5669
14.5669
14.5669
14.5669
14.5669
14.5669
14.5669
13.8547
13.8547
13.8547
13.8547
13.8547
13.8547
13.8547
13.8547
13.2875
13.2875
13.2875
13.2875
13.2875
13.2875
13.2875
13.2875
12.8485
12.8485
12.8485
12.8485
12.8485
12.8485
12.8485
12.8485
12.5235
12.5235
12.5235
12.5235
12.5235
12.5235
12.5235
12.5235
12.3015
12.3015
12.3015
12.3015
12.3015
12.3015
12.3015
12.3015
12.1744
12.1744
12.1744
12.1744
12.1744
12.1744
12.1744
12.1744
30.5118
30.5118
30.5118
30.5118
30.5118
30.5118
30.5118
30.5118
27.7916
27.7916
27.7916
27.7916
27.7916
27.7916
27.7916
27.7916
25.2849
25.2849
25.2849
25.2849
25.2849
25.2849
25.2849
25.2849
23.0234
23.0234
23.0234
23.0234
23.0234
23.0234
23.0234
23.0234
21.0205
21.0205
21.0205
21.0205
21.0205
21.0205
21.0205
21.0205
19.2752
19.2752
19.2752
19.2752
19.2752
19.2752
19.2752
19.2752
17.7763
17.7763
17.7763
17.7763
17.7763
17.7763
17.7763
17.7763
16.5062
16.5062
16.5062
16.5062
16.5062
16.5062
16.5062
16.5062
15.4437
15.4437
15.4437
15.4437
15.4437
15.4437
15.4437
15.4437
14.5669
14.5669
14.5669
14.5669
14.5669
14.5669
14.5669
14.5669
13.8547
13.8547
13.8547
13.8547
13.8547
13.8547
13.8547
13.8547
13.2875
13.2875
13.2875
13.2875
13.2875
13.2875
13.2875
13.2875
12.8485
12.8485
12.8485
12.8485
12.8485
12.8485
12.8485
12.8485
12.5235
12.5235
12.5235
12.5235
12.5235
12.5235
12.5235
12.5235
12.3015
12.3015
12.3015
12.3015
12.3015
12.3015
12.3015
12.3015
12.1744
12.1744
12.1744
12.1744
12.1744
12.1744
12.1744
12.1744
30.5118
30.5118
30.5118
30.5118
30.5118
30.5118
30.5118
30.5118
27.7916
27.7916
27.7916
27.7916
27.7916
27.7916
27.7916
27.7916
25.2849
25.2849
25.2849
25.2849
25.2849
25.2849
25.2849
25.2849
23.0234
23.0234
23.0234
23.0234
23.0234
23.0234
23.0234
23.0234
21.0205
21.0205
21.0205
21.0205
21.0205
21.0205
21.0205
21.0205
19.2752
19.2752
19.2752
19.2752
19.2752
19.2752
19.2752
19.2752
17.7763
17.7763
17.7763
17.7763
17.7763
17.7763
17.7763
17.7763
16.5062
16.5062
16.5062
16.5062
16.5062
16.5062
16.5062
16.5062
15.4437
15.4437
15.4437
15.4437
15.4437
15.4437
15.4437
15.4437
14.5669
14.5669
14.5669
14.5669
14.5669
14.5669
14.5669
14.5669
13.8547
13.8547
13.8547
13.8547
13.8547
13.8547
13.8547
13.8547
13.2875
13.2875
13.2875
13.2875
13.2875
13.2875
13.2875
13.2875
12.8485
12.8485
12.8485
12.8485
12.8485
12.8485
12.8485
12.8485
12.5235
12.5235
12.5235
12.5235
12.5235
12.5235
12.5235
12.5235
12.3015
12.3015
12.3015
12.3015
12.3015
12.3015
12.3015
12.3015
12.1744
12.1744
12.1744
12.1744
12.1744
12.1744
12.1744
12.1744
30.5118
30.5118
30.5118
30.5118
30.5118
30.5118
30.5118
30.5118
27.7916
27.7916
27.7916
27.7916
27.7916
27.7916
27.7916
27.7916
25.2849
25.2849
25.2849
25.2849
25.2849
25.2849
25.2849
25.2849
23.0234
23.0234
23.0234
23.0234
23.0234
23.0234
23.0234
23.0234
21.0205
21.0205
21.0205
21.0205
21.0205
21.0205
21.0205
21.0205
19.2752
19.2752
19.2752
19.2752
19.2752
19.2752
19.2752
19.2752
17.7763
17.7763
17.7763
17.7763
17.7763
17.7763
17.7763
17.7763
16.5062
16.5062
16.5062
16.5062
16.5062
16.5062
16.5062
16.5062
15.4437
15.4437
15.4437
15.4437
15.4437
15.4437
15.4437
15.4437
14.5669
14.5669
14.5669
14.5669
14.5669
14.5669
14.5669
14.5669
13.8547
13.8547
13.8547
13.8547
13.8547
13.8547
13.8547
13.8547
13.2875
13.2875
13.2875
13.2875
13.2875
13.2875
13.2875
13.2875
12.8485
12.8485
12.8485
12.8485
12.8485
12.8485
12.8485
12.8485
12.5235
12.5235
12.5235
12.5235
12.5235
12.5235
12.5235
12.5235
12.3015
12.3015
12.3015
12.3015
12.3015
12.3015
12.3015
12.3015
12.1744
12.1744
12.1744
12.1744
12.1744
12.1744
12.1744
12.1744
29.0899
29.0899
29.0899
29.0899
29.0899
29.0899
29.0899
29.0899
26.4586
26.4586
26.4586
26.4586
26.4586
26.4586
26.4586
26.4586
24.0609
24.0609
24.0609
24.0609
24.0609
24.0609
24.0609
24.0609
21.9225
21.9225
21.9225
21.9225
21.9225
21.9225
21.9225
21.9225
20.0507
20.0507
20.0507
20.0507
20.0507
20.0507
20.0507
20.0507
18.4396
18.4396
18.4396
18.4396
18.4396
18.4396
18.4396
18.4396
17.0743
17.0743
17.0743
17.0743
17.0743
17.0743
17.0743
17.0743
15.9342
15.9342
15.9342
15.9342
15.9342
15.9342
15.9342
15.9342
14.9967
14.9967
14.9967
14.9967
14.9967
14.9967
14.9967
14.9967
14.2387
14.2387
14.2387
14.2387
14.2387
14.2387
14.2387
14.2387
13.6384
13.6384
13.6384
13.6384
13.6384
13.6384
13.6384
13.6384
13.1761
13.1761
13.1761
13.1761
13.1761
13.1761
13.1761
13.1761
12.8346
12.8346
12.8346
12.8346
12.8346
12.8346
12.8346
12.8346
12.5996
12.5996
12.5996
12.5996
12.5996
12.5996
12.5996
12.5996
12.46
12.46
12.46
12.46
12.46
12.46
12.46
12.46
12.408
12.408
12.408
12.408
12.408
12.408
12.408
12.408
29.0899
29.0899
29.0899
29.0899
29.0899
29.0899
29.0899
29.0899
26.4586
26.4586
26.4586
26.4586
26.4586
26.4586
26.4586
26.4586
24.0609
24.0609
24.0609
24.0609
24.0609
24.0609
24.0609
24.0609
21.9225
21.9225
21.9225
21.9225
21.9225
21.9225
21.9225
21.9225
20.0507
20.0507
20.0507
20.0507
20.0507
20.0507
20.0507
20.0507
18.4396
18.4396
18.4396
18.4396
18.4396
18.4396
18.4396
18.4396
17.0743
17.0743
17.0743
17.0743
17.0743
17.0743
17.0743
17.0743
15.9342
15.9342
15.9342
15.9342
15.9342
15.9342
15.9342
15.9342
14.9967
14.9967
14.9967
14.9967
14.9967
14.9967
14.9967
14.9967
14.2387
14.2387
14.2387
14.2387
14.2387
14.2387
14.2387
14.2387
13.6384
13.6384
13.6384
13.6384
13.6384
13.6384
13.6384
13.6384
13.1761
13.1761
13.1761
13.1761
13.1761
13.1761
13.1761
13.1761
12.8346
12.8346
12.8346
12.8346
12.8346
12.8346
12.8346
12.8346
12.5996
12.5996
12.5996
12.5996
12.5996
12.5996
12.5996
12.5996
12.46
12.46
12.46
12.46
12.46
12.46
12.46
12.46
12.408
12.408
12.408
12.408
12.408
12.408
12.408
12.408
29.0899
29.0899
29.0899
29.0899
29.0899
29.0899
29.0899
29.0899
26.4586
26.4586
26.4586
26.4586
26.4586
26.4586
26.4586
26.4586
24.0609
24.0609
24.0609
24.0609
24.0609
24.0609
24.0609
24.0609
21.9225
21.9225
21.9225
21.9225
21.9225
21.9225
21.9225
21.9225
20.0507
20.0507
20.0507
20.0507
20.0507
20.0507
20.0507
20.0507
18.4396
18.4396
18.4396
18.4396
18.4396
18.4396
18.4396
18.4396
17.0743
17.0743
17.0743
17.0743
17.0743
17.0743
17.0743
17.0743
15.9342
15.9342
15.9342
15.9342
15.9342
15.9342
15.9342
15.9342
14.9967
14.9967
14.9967
14.9967
14.9967
14.9967
14.9967
14.9967
14.2387
14.2387
14.2387
14.2387
14.2387
14.2387
14.2387
14.2387
13.6384
13.6384
13.6384
13.6384
13.6384
13.6384
13.6384
13.6384
13.1761
13.1761
13.1761
13.1761
13.1761
13.1761
13.1761
13.1761
12.8346
12.8346
12.8346
12.8346
12.8346
12.8346
12.8346
12.8346
12.5996
12.5996
12.5996
12.5996
12.5996
12.5996
12.5996
12.5996
12.46
12.46
12.46
12.46
12.46
12.46
12.46
12.46
12.408
12.408
12.408
12.408
12.408
12.408
12.408
12.408
29.0899
29.0899
29.0899
29.0899
29.0899
29.0899
29.0899
29.0899
26.4586
26.4586
26.4586
26.4586
26.4586
26.4586
26.4586
26.4586
24.0609
24.0609
24.0609
24.0609
24.0609
24.0609
24.0609
24.0609
21.9225
21.9225
21.9225
21.9225
21.9225
21.9225
21.9225
21.9225
20.0507
20.0507
20.0507
20.0507
20.0507
20.0507
20.0507
20.0507
18.4396
18.4396
18.4396
18.4396
18.4396
18.4396
18.4396
18.4396
17.0743
17.0743
17.0743
17.0743
17.0743
17.0743
17.0743
17.0743
15.9342
15.9342
15.9342
15.9342
15.9342
15.9342
15.9342
15.9342
14.9967
14.9967
14.9967
14.9967
14.9967
14.9967
14.9967
14.9967
14.2387
14.2387
14.2387
14.2387
14.2387
14.2387
14.2387
14.2387
13.6384
13.6384
13.6384
13.6384
13.6384
13.6384
13.6384
13.6384
13.1761
13.1761
13.1761
13.1761
13.1761
13.1761
13.1761
13.1761
12.8346
12.8346
12.8346
12.8346
12.8346
12.8346
12.8346
12.8346
12.5996
12.5996
12.5996
12.5996
12.5996
12.5996
12.5996
12.5996
12.46
12.46
12.46
12.46
12.46
12.46
12.46
12.46
12.408
12.408
12.408
12.408
12.408
12.408
12.408
12.408
27.3199
27.3199
27.3199
27.3199
27.3199
27.3199
27.3199
27.3199
24.8343
24.8343
24.8343
24.8343
24.8343
24.8343
24.8343
24.8343
22.5961
22.5961
22.5961
22.5961
22.5961
22.5961
22.5961
22.5961
20.6242
20.6242
20.6242
20.6242
20.6242
20.6242
20.6242
20.6242
18.9202
18.9202
18.9202
18.9202
18.9202
18.9202
18.9202
18.9202
17.4742
17.4742
17.4742
17.4742
17.4742
17.4742
17.4742
17.4742
16.2681
16.2681
16.2681
16.2681
16.2681
16.2681
16.2681
16.2681
15.2799
15.2799
15.2799
15.2799
15.2799
15.2799
15.2799
15.2799
14.4861
14.4861
14.4861
14.4861
14.4861
14.4861
14.4861
14.4861
13.8633
13.8633
13.8633
13.8633
13.8633
13.8633
13.8633
13.8633
13.3895
13.3895
13.3895
13.3895
13.3895
13.3895
13.3895
13.3895
13.0452
13.0452
13.0452
13.0452
13.0452
13.0452
13.0452
13.0452
12.8129
12.8129
12.8129
12.8129
12.8129
12.8129
12.8129
12.8129
12.6781
12.6781
12.6781
12.6781
12.6781
12.6781
12.6781
12.6781
12.6294
12.6294
12.6294
12.6294
12.6294
12.6294
12.6294
12.6294
12.6585
12.6585
12.6585
12.6585
12.6585
12.6585
12.6585
12.6585
27.3199
27.3199
27.3199
27.3199
27.3199
27.3199
27.3199
27.3199
24.8343
24.8343
24.8343
24.8343
24.8343
24.8343
24.8343
24.8343
22.5961
22.5961
22.5961
22.5961
22.5961
22.5961
22.5961
22.5961
20.6242
20.6242
20.6242
20.6242
20.6242
20.6242
20.6242
20.6242
18.9202
18.9202
18.9202
18.9202
18.9202
18.9202
18.9202
18.9202
17.4742
17.4742
17.4742
17.4742
17.4742
17.4742
17.4742
17.4742
16.2681
16.2681
16.2681
16.2681
16.2681
16.2681
16.2681
16.2681
15.2799
15.2799
15.2799
15.2799
15.2799
15.2799
15.2799
15.2799
14.4861
14.4861
14.4861
14.4861
14.4861
14.4861
14.4861
14.4861
13.8633
13.8633
13.8633
13.8633
13.8633
13.8633
13.8633
13.8633
13.3895
13.3895
13.3895
13.3895
13.3895
13.3895
13.3895
13.3895
13.0452
13.0452
13.0452
13.0452
13.0452
13.0452
13.0452
13.0452
12.8129
12.8129
12.8129
12.8129
12.8129
12.8129
12.8129
12.8129
12.6781
12.6781
12.6781
12.6781
12.6781
12.6781
12.6781
12.6781
12.6294
12.6294
12.6294
12.6294
12.6294
12.6294
12.6294
12.6294
12.6585
12.6585
12.6585
12.6585
12.6585
12.6585
12.6585
12.6585
27.3199
27.3199
27.3199
27.3199
27.3199
27.3199
27.3199
27.3199
24.8343
24.8343
24.8343
24.8343
24.8343
24.8343
24.8343
24.8343
22.5961
22.5961
22.5961
22.5961
22.5961
22.5961
22.5961
22.5961
20.6242
20.6242
20.6242
20.6242
20.6242
20.6242
20.6242
20.6242
18.9202
18.9202
18.9202
18.9202
18.9202
18.9202
18.9202
18.9202
17.4742
17.4742
17.4742
17.4742
17.4742
17.4742
17.4742
17.4742
16.2681
16.2681
16.2681
16.2681
16.2681
16.2681
16.2681
16.2681
15.2799
15.2799
15.2799
15.2799
15.2799
15.2799
15.2799
15.2799
14.4861
14.4861
14.4861
14.4861
14.4861
14.4861
14.4861
14.4861
13.8633
13.8633
13.8633
13.8633
13.8633
13.8633
13.8633
13.8633
13.3895
13.3895
13.3895
13.3895
13.3895
13.3895
13.3895
13.3895
13.0452
13.0452
13.0452
13.0452
13.0452
13.0452
13.0452
13.0452
12.8129
12.8129
12.8129
12.8129
12.8129
12.8129
12.8129
12.8129
12.6781
12.6781
12.6781
12.6781
12.6781
12.6781
12.6781
12.6781
12.6294
12.6294
12.6294
12.6294
12.6294
12.6294
12.6294
12.6294
12.6585
12.6585
12.6585
12.6585
12.6585
12.6585
12.6585
12.6585
27.3199
27.3199
27.3199
27.3199
27.3199
27.3199
27.3199
27.3199
24.8343
24.8343
24.8343
24.8343
24.8343
24.8343
24.8343
24.8343
22.5961
22.5961
22.5961
22.5961
22.5961
22.5961
22.5961
22.5961
20.6242
20.6242
20.6242
20.6242
20.6242
20.6242
20.6242
20.6242
18.9202
18.9202
18.9202
18.9202
18.9202
18.9202
18.9202
18.9202
17.4742
17.4742
17.4742
17.4742
17.4742
17.4742
17.4742
17.4742
16.2681
16.2681
16.2681
16.2681
16.2681
16.2681
16.2681
16.2681
15.2799
15.2799
15.2799
15.2799
15.2799
15.2799
15.2799
15.2799
14.4861
14.4861
14.4861
14.4861
14.4861
14.4861
14.4861
14.4861
13.8633
13.8633
13.8633
13.8633
13.8633
13.8633
13.8633
13.8633
13.3895
13.3895
13.3895
13.3895
13.3895
13.3895
13.3895
13.3895
13.0452
13.0452
13.0452
13.0452
13.0452
13.0452
13.0452
13.0452
12.8129
12.8129
12.8129
12.8129
12.8129
12.8129
12.8129
12.8129
12.6781
12.6781
12.6781
12.6781
12.6781
12.6781
12.6781
12.6781
12.6294
12.6294
12.6294
12.6294
12.6294
12.6294
12.6294
12.6294
12.6585
12.6585
12.6585
12.6585
12.6585
12.6585
12.6585
12.6585
25.2629
25.2629
25.2629
25.2629
25.2629
25.2629
25.2629
25.2629
22.9729
22.9729
22.9729
22.9729
22.9729
22.9729
22.9729
22.9729
20.9362
20.9362
20.9362
20.9362
20.9362
20.9362
20.9362
20.9362
19.165
19.165
19.165
19.165
19.165
19.165
19.165
19.165
17.6567
17.6567
17.6567
17.6567
17.6567
17.6567
17.6567
17.6567
16.3978
16.3978
16.3978
16.3978
16.3978
16.3978
16.3978
16.3978
15.369
15.369
15.369
15.369
15.369
15.369
15.369
15.369
14.5476
14.5476
14.5476
14.5476
14.5476
14.5476
14.5476
14.5476
13.9104
13.9104
13.9104
13.9104
13.9104
13.9104
13.9104
13.9104
13.4344
13.4344
13.4344
13.4344
13.4344
13.4344
13.4344
13.4344
13.0982
13.0982
13.0982
13.0982
13.0982
13.0982
13.0982
13.0982
12.8822
12.8822
12.8822
12.8822
12.8822
12.8822
12.8822
12.8822
12.769
12.769
12.769
12.769
12.769
12.769
12.769
12.769
12.7436
12.7436
12.7436
12.7436
12.7436
12.7436
12.7436
12.7436
12.7935
12.7935
12.7935
12.7935
12.7935
12.7935
12.7935
12.7935
12.9094
12.9094
12.9094
12.9094
12.9094
12.9094
12.9094
12.9094
25.2629
25.2629
25.2629
25.2629
25.2629
25.2629
25.2629
25.2629
22.9729
22.9729
22.9729
22.9729
22.9729
22.9729
22.9729
22.9729
20.9362
20.9362
20.9362
20.9362
20.9362
20.9362
20.9362
20.9362
19.165
19.165
19.165
19.165
19.165
19.165
19.165
19.165
17.6567
17.6567
17.6567
17.6567
17.6567
17.6567
17.6567
17.6567
16.3978
16.3978
16.3978
16.3978
16.3978
16.3978
16.3978
16.3978
15.369
15.369
15.369
15.369
15.369
15.369
15.369
15.369
14.5476
14.5476
14.5476
14.5476
14.5476
14.5476
14.5476
14.5476
13.9104
13.9104
13.9104
13.9104
13.9104
13.9104
13.9104
13.9104
13.4344
13.4344
13.4344
13.4344
13.4344
13.4344
13.4344
13.4344
13.0982
13.0982
13.0982
13.0982
13.0982
13.0982
13.0982
13.0982
12.8822
12.8822
12.8822
12.8822
12.8822
12.8822
12.8822
12.8822
12.769
12.769
12.769
12.769
12.769
12.769
12.769
12.769
12.7436
12.7436
12.7436
12.7436
12.7436
12.7436
12.7436
12.7436
12.7935
12.7935
12.7935
12.7935
12.7935
12.7935
12.7935
12.7935
12.9094
12.9094
12.9094
12.9094
12.9094
12.9094
12.9094
12.9094
25.2629
25.2629
25.2629
25.2629
25.2629
25.2629
25.2629
25.2629
22.9729
22.9729
22.9729
22.9729
22.9729
22.9729
22.9729
22.9729
20.9362
20.9362
20.9362
20.9362
20.9362
20.9362
20.9362
20.9362
19.165
19.165
19.165
19.165
19.165
19.165
19.165
19.165
17.6567
17.6567
17.6567
17.6567
17.6567
17.6567
17.6567
17.6567
16.3978
16.3978
16.3978
16.3978
16.3978
16.3978
16.3978
16.3978
15.369
15.369
15.369
15.369
15.369
15.369
15.369
15.369
14.5476
14.5476
14.5476
14.5476
14.5476
14.5476
14.5476
14.5476
13.9104
13.9104
13.9104
13.9104
13.9104
13.9104
13.9104
13.9104
13.4344
13.4344
13.4344
13.4344
13.4344
13.4344
13.4344
13.4344
13.0982
13.0982
13.0982
13.0982
13.0982
13.0982
13.0982
13.0982
12.8822
12.8822
12.8822
12.8822
12.8822
12.8822
12.8822
12.8822
12.769
12.769
12.769
12.769
12.769
12.769
12.769
12.769
12.7436
12.7436
12.7436
12.7436
12.7436
12.7436
12.7436
12.7436
12.7935
12.7935
12.7935
12.7935
12.7935
12.7935
12.7935
12.7935
12.9094
12.9094
12.9094
12.9094
12.9094
12.9094
12.9094
12.9094
25.2629
25.2629
25.2629
25.2629
25.2629
25.2629
25.2629
25.2629
22.9729
22.9729
22.9729
22.9729
22.9729
22.9729
22.9729
22.9729
20.9362
20.9362
20.9362
20.9362
20.9362
20.9362
20.9362
20.9362
19.165
19.165
19.165
19.165
19.165
19.165
19.165
19.165
17.6567
17.6567
17.6567
17.6567
17.6567
17.6567
17.6567
17.6567
16.3978
16.3978
16.3978
16.3978
16.3978
16.3978
16.3978
16.3978
15.369
15.369
15.369
15.369
15.369
15.369
15.369
15.369
14.5476
14.5476
14.5476
14.5476
14.5476
14.5476
14.5476
14.5476
13.9104
13.9104
13.9104
13.9104
13.9104
13.9104
13.9104
13.9104
13.4344
13.4344
13.4344
13.4344
13.4344
13.4344
13.4344
13.4344
13.0982
13.0982
13.0982
13.0982
13.0982
13.0982
13.0982
13.0982
12.8822
12.8822
12.8822
12.8822
12.8822
12.8822
12.8822
12.8822
12.769
12.769
12.769
12.769
12.769
12.769
12.769
12.769
12.7436
12.7436
12.7436
12.7436
12.7436
12.7436
12.7436
12.7436
12.7935
12.7935
12.7935
12.7935
12.7935
12.7935
12.7935
12.7935
12.9094
12.9094
12.9094
12.9094
12.9094
12.9094
12.9094
12.9094
23.0134
23.0134
23.0134
23.0134
23.0134
23.0134
23.0134
23.0134
20.9566
20.9566
20.9566
20.9566
20.9566
20.9566
20.9566
20.9566
19.1505
19.1505
19.1505
19.1505
19.1505
19.1505
19.1505
19.1505
17.6022
17.6022
17.6022
17.6022
17.6022
17.6022
17.6022
17.6022
16.3053
16.3053
16.3053
16.3053
16.3053
16.3053
16.3053
16.3053
15.2452
15.2452
15.2452
15.2452
15.2452
15.2452
15.2452
15.2452
14.4022
14.4022
14.4022
14.4022
14.4022
14.4022
14.4022
14.4022
13.7545
13.7545
13.7545
13.7545
13.7545
13.7545
13.7545
13.7545
13.2799
13.2799
13.2799
13.2799
13.2799
13.2799
13.2799
13.2799
12.9566
12.9566
12.9566
12.9566
12.9566
12.9566
12.9566
12.9566
12.764
12.764
12.764
12.764
12.764
12.764
12.764
12.764
12.6831
12.6831
12.6831
12.6831
12.6831
12.6831
12.6831
12.6831
12.6959
12.6959
12.6959
12.6959
12.6959
12.6959
12.6959
12.6959
12.7866
12.7866
12.7866
12.7866
12.7866
12.7866
12.7866
12.7866
12.9414
12.9414
12.9414
12.9414
12.9414
12.9414
12.9414
12.9414
13.1489
13.1489
13.1489
13.1489
13.1489
13.1489
13.1489
13.1489
23.0134
23.0134
23.0134
23.0134
23.0134
23.0134
23.0134
23.0134
20.9566
20.9566
20.9566
20.9566
20.9566
20.9566
20.9566
20.9566
19.1505
19.1505
19.1505
19.1505
19.1505
19.1505
19.1505
19.1505
17.6022
17.6022
17.6022
17.6022
17.6022
17.6022
17.6022
17.6022
16.3053
16.3053
16.3053
16.3053
16.3053
16.3053
16.3053
16.3053
15.2452
15.2452
15.2452
15.2452
15.2452
15.2452
15.2452
15.2452
14.4022
14.4022
14.4022
14.4022
14.4022
14.4022
14.4022
14.4022
13.7545
13.7545
13.7545
13.7545
13.7545
13.7545
13.7545
13.7545
13.2799
13.2799
13.2799
13.2799
13.2799
13.2799
13.2799
13.2799
12.9566
12.9566
12.9566
12.9566
12.9566
12.9566
12.9566
12.9566
12.764
12.764
12.764
12.764
12.764
12.764
12.764
12.764
12.6831
12.6831
12.6831
12.6831
12.6831
12.6831
12.6831
12.6831
12.6959
12.6959
12.6959
12.6959
12.6959
12.6959
12.6959
12.6959
12.7866
12.7866
12.7866
12.7866
12.7866
12.7866
12.7866
12.7866
12.9414
12.9414
12.9414
12.9414
12.9414
12.9414
12.9414
12.9414
13.1489
13.1489
13.1489
13.1489
13.1489
13.1489
13.1489
13.1489
23.0134
23.0134
23.0134
23.0134
23.0134
23.0134
23.0134
23.0134
20.9566
20.9566
20.9566
20.9566
20.9566
20.9566
20.9566
20.9566
19.1505
19.1505
19.1505
19.1505
19.1505
19.1505
19.1505
19.1505
17.6022
17.6022
17.6022
17.6022
17.6022
17.6022
17.6022
17.6022
16.3053
16.3053
16.3053
16.3053
16.3053
16.3053
16.3053
16.3053
15.2452
15.2452
15.2452
15.2452
15.2452
15.2452
15.2452
15.2452
14.4022
14.4022
14.4022
14.4022
14.4022
14.4022
14.4022
14.4022
13.7545
13.7545
13.7545
13.7545
13.7545
13.7545
13.7545
13.7545
13.2799
13.2799
13.2799
13.2799
13.2799
13.2799
13.2799
13.2799
12.9566
12.9566
12.9566
12.9566
12.9566
12.9566
12.9566
12.9566
12.764
12.764
12.764
12.764
12.764
12.764
12.764
12.764
12.6831
12.6831
12.6831
12.6831
12.6831
12.6831
12.6831
12.6831
12.6959
12.6959
12.6959
12.6959
12.6959
12.6959
12.6959
12.6959
12.7866
12.7866
12.7866
12.7866
12.7866
12.7866
12.7866
12.7866
12.9414
12.9414
12.9414
12.9414
12.9414
12.9414
12.9414
12.9414
13.1489
13.1489
13.1489
13.1489
13.1489
13.1489
13.1489
13.1489
23.0134
23.0134
23.0134
23.0134
23.0134
23.0134
23.0134
23.0134
20.9566
20.9566
20.9566
20.9566
20.9566
20.9566
20.9566
20.9566
19.1505
19.1505
19.1505
19.1505
19.1505
19.1505
19.1505
19.1505
17.6022
17.6022
17.6022
17.6022
17.6022
17.6022
17.6022
17.6022
16.3053
16.3053
16.3053
16.3053
16.3053
16.3053
16.3053
16.3053
15.2452
15.2452
15.2452
15.2452
15.2452
15.2452
15.2452
15.2452
14.4022
14.4022
14.4022
14.4022
14.4022
14.4022
14.4022
14.4022
13.7545
13.7545
13.7545
13.7545
13.7545
13.7545
13.7545
13.7545
13.2799
13.2799
13.2799
13.2799
13.2799
13.2799
13.2799
13.2799
12.9566
12.9566
12.9566
12.9566
12.9566
12.9566
12.9566
12.9566
12.764
12.764
12.764
12.764
12.764
12.764
12.764
12.764
12.6831
12.6831
12.6831
12.6831
12.6831
12.6831
12.6831
12.6831
12.6959
12.6959
12.6959
12.6959
12.6959
12.6959
12.6959
12.6959
12.7866
12.7866
12.7866
12.7866
12.7866
12.7866
12.7866
12.7866
12.9414
12.9414
12.9414
12.9414
12.9414
12.9414
12.9414
12.9414
13.1489
13.1489
13.1489
13.1489
13.1489
13.1489
13.1489
13.1489
20.6835
20.6835
20.6835
20.6835
20.6835
20.6835
20.6835
20.6835
18.8819
18.8819
18.8819
18.8819
18.8819
18.8819
18.8819
18.8819
17.3208
17.3208
17.3208
17.3208
17.3208
17.3208
17.3208
17.3208
16.0033
16.0033
16.0033
16.0033
16.0033
16.0033
16.0033
16.0033
14.9216
14.9216
14.9216
14.9216
14.9216
14.9216
14.9216
14.9216
14.0608
14.0608
14.0608
14.0608
14.0608
14.0608
14.0608
14.0608
13.4026
13.4026
13.4026
13.4026
13.4026
13.4026
13.4026
13.4026
12.927
12.927
12.927
12.927
12.927
12.927
12.927
12.927
12.6136
12.6136
12.6136
12.6136
12.6136
12.6136
12.6136
12.6136
12.4426
12.4426
12.4426
12.4426
12.4426
12.4426
12.4426
12.4426
12.3946
12.3946
12.3946
12.3946
12.3946
12.3946
12.3946
12.3946
12.4509
12.4509
12.4509
12.4509
12.4509
12.4509
12.4509
12.4509
12.5932
12.5932
12.5932
12.5932
12.5932
12.5932
12.5932
12.5932
12.8043
12.8043
12.8043
12.8043
12.8043
12.8043
12.8043
12.8043
13.0681
13.0681
13.0681
13.0681
13.0681
13.0681
13.0681
13.0681
13.3705
13.3705
13.3705
13.3705
13.3705
13.3705
13.3705
13.3705
20.6835
20.6835
20.6835
20.6835
20.6835
20.6835
20.6835
20.6835
18.8819
18.8819
18.8819
18.8819
18.8819
18.8819
18.8819
18.8819
17.3208
17.3208
17.3208
17.3208
17.3208
17.3208
17.3208
17.3208
16.0033
16.0033
16.0033
16.0033
16.0033
16.0033
16.0033
16.0033
14.9216
14.9216
14.9216
14.9216
14.9216
14.9216
14.9216
14.9216
14.0608
14.0608
14.0608
14.0608
14.0608
14.0608
14.0608
14.0608
13.4026
13.4026
13.4026
13.4026
13.4026
13.4026
13.4026
13.4026
12.927
12.927
12.927
12.927
12.927
12.927
12.927
12.927
12.6136
12.6136
12.6136
12.6136
12.6136
12.6136
12.6136
12.6136
12.4426
12.4426
12.4426
12.4426
12.4426
12.4426
12.4426
12.4426
12.3946
12.3946
12.3946
12.3946
12.3946
12.3946
12.3946
12.3946
12.4509
12.4509
12.4509
12.4509
12.4509
12.4509
12.4509
12.4509
12.5932
12.5932
12.5932
12.5932
12.5932
12.5932
12.5932
12.5932
12.8043
12.8043
12.8043
12.8043
12.8043
12.8043
12.8043
12.8043
13.0681
13.0681
13.0681
13.0681
13.0681
13.0681
13.0681
13.0681
13.3705
13.3705
13.3705
13.3705
13.3705
13.3705
13.3705
13.3705
20.6835
20.6835
20.6835
20.6835
20.6835
20.6835
20.6835
20.6835
18.8819
18.8819
18.8819
18.8819
18.8819
18.8819
18.8819
18.8819
17.3208
17.3208
17.3208
17.3208
17.3208
17.3208
17.3208
17.3208
16.0033
16.0033
16.0033
16.0033
16.0033
16.0033
16.0033
16.0033
14.9216
14.9216
14.9216
14.9216
14.9216
14.9216
14.9216
14.9216
14.0608
14.0608
14.0608
14.0608
14.0608
14.0608
14.0608
14.0608
13.4026
13.4026
13.4026
13.4026
13.4026
13.4026
13.4026
13.4026
12.927
12.927
12.927
12.927
12.927
12.927
12.927
12.927
12.6136
12.6136
12.6136
12.6136
12.6136
12.6136
12.6136
12.6136
12.4426
12.4426
12.4426
12.4426
12.4426
12.4426
12.4426
12.4426
12.3946
12.3946
12.3946
12.3946
12.3946
12.3946
12.3946
12.3946
12.4509
12.4509
12.4509
12.4509
12.4509
12.4509
12.4509
12.4509
12.5932
12.5932
12.5932
12.5932
12.5932
12.5932
12.5932
12.5932
12.8043
12.8043
12.8043
12.8043
12.8043
12.8043
12.8043
12.8043
13.0681
13.0681
13.0681
13.0681
13.0681
13.0681
13.0681
13.0681
13.3705
13.3705
13.3705
13.3705
13.3705
13.3705
13.3705
13.3705
20.6835
20.6835
20.6835
20.6835
20.6835
20.6835
20.6835
20.6835
18.8819
18.8819
18.8819
18.8819
18.8819
18.8819
18.8819
18.8819
17.3208
17.3208
17.3208
17.3208
17.3208
17.3208
17.3208
17.3208
16.0033
16.0033
16.0033
16.0033
16.0033
16.0033
16.0033
16.0033
14.9216
14.9216
14.9216
14.9216
14.9216
14.9216
14.9216
14.9216
14.0608
14.0608
14.0608
14.0608
14.0608
14.0608
14.0608
14.0608
13.4026
13.4026
13.4026
13.4026
13.4026
13.4026
13.4026
13.4026
12.927
12.927
12.927
12.927
12.927
12.927
12.927
12.927
12.6136
12.6136
12.6136
12.6136
12.6136
12.6136
12.6136
12.6136
12.4426
12.4426
12.4426
12.4426
12.4426
12.4426
12.4426
12.4426
12.3946
12.3946
12.3946
12.3946
12.3946
12.3946
12.3946
12.3946
12.4509
12.4509
12.4509
12.4509
12.4509
12.4509
12.4509
12.4509
12.5932
12.5932
12.5932
12.5932
12.5932
12.5932
12.5932
12.5932
12.8043
12.8043
12.8043
12.8043
12.8043
12.8043
12.8043
12.8043
13.0681
13.0681
13.0681
13.0681
13.0681
13.0681
13.0681
13.0681
13.3705
13.3705
13.3705
13.3705
13.3705
13.3705
13.3705
13.3705
18.3858
18.3858
18.3858
18.3858
18.3858
18.3858
18.3858
18.3858
16.845
16.845
16.845
16.845
16.845
16.845
16.845
16.845
15.5284
15.5284
15.5284
15.5284
15.5284
15.5284
15.5284
15.5284
14.437
14.437
14.437
14.437
14.437
14.437
14.437
14.437
13.5627
13.5627
13.5627
13.5627
13.5627
13.5627
13.5627
13.5627
12.8921
12.8921
12.8921
12.8921
12.8921
12.8921
12.8921
12.8921
12.4092
12.4092
12.4092
12.4092
12.4092
12.4092
12.4092
12.4092
12.0965
12.0965
12.0965
12.0965
12.0965
12.0965
12.0965
12.0965
11.9366
11.9366
11.9366
11.9366
11.9366
11.9366
11.9366
11.9366
11.9117
11.9117
11.9117
11.9117
11.9117
11.9117
11.9117
11.9117
12.004
12.004
12.004
12.004
12.004
12.004
12.004
12.004
12.1954
12.1954
12.1954
12.1954
12.1954
12.1954
12.1954
12.1954
12.4669
12.4669
12.4669
12.4669
12.4669
12.4669
12.4669
12.4669
12.7995
12.7995
12.7995
12.7995
12.7995
12.7995
12.7995
12.7995
13.1742
13.1742
13.1742
13.1742
13.1742
13.1742
13.1742
13.1742
13.5731
13.5731
13.5731
13.5731
13.5731
13.5731
13.5731
13.5731
18.3858
18.3858
18.3858
18.3858
18.3858
18.3858
18.3858
18.3858
16.845
16.845
16.845
16.845
16.845
16.845
16.845
16.845
15.5284
15.5284
15.5284
15.5284
15.5284
15.5284
15.5284
15.5284
14.437
14.437
14.437
14.437
14.437
14.437
14.437
14.437
13.5627
13.5627
13.5627
13.5627
13.5627
13.5627
13.5627
13.5627
12.8921
12.8921
12.8921
12.8921
12.8921
12.8921
12.8921
12.8921
12.4092
12.4092
12.4092
12.4092
12.4092
12.4092
12.4092
12.4092
12.0965
12.0965
12.0965
12.0965
12.0965
12.0965
12.0965
12.0965
11.9366
11.9366
11.9366
11.9366
11.9366
11.9366
11.9366
11.9366
11.9117
11.9117
11.9117
11.9117
11.9117
11.9117
11.9117
11.9117
12.004
12.004
12.004
12.004
12.004
12.004
12.004
12.004
12.1954
12.1954
12.1954
12.1954
12.1954
12.1954
12.1954
12.1954
12.4669
12.4669
12.4669
12.4669
12.4669
12.4669
12.4669
12.4669
12.7995
12.7995
12.7995
12.7995
12.7995
12.7995
12.7995
12.7995
13.1742
13.1742
13.1742
13.1742
13.1742
13.1742
13.1742
13.1742
13.5731
13.5731
13.5731
13.5731
13.5731
13.5731
13.5731
13.5731
18.3858
18.3858
18.3858
18.3858
18.3858
18.3858
18.3858
18.3858
16.845
16.845
16.845
16.845
16.845
16.845
16.845
16.845
15.5284
15.5284
15.5284
15.5284
15.5284
15.5284
15.5284
15.5284
14.437
14.437
14.437
14.437
14.437
14.437
14.437
14.437
13.5627
13.5627
13.5627
13.5627
13.5627
13.5627
13.5627
13.5627
12.8921
12.8921
12.8921
12.8921
12.8921
12.8921
12.8921
12.8921
12.4092
12.4092
12.4092
12.4092
12.4092
12.4092
12.4092
12.4092
12.0965
12.0965
12.0965
12.0965
12.0965
12.0965
12.0965
12.0965
11.9366
11.9366
11.9366
11.9366
11.9366
11.9366
11.9366
11.9366
11.9117
11.9117
11.9117
11.9117
11.9117
11.9117
11.9117
11.9117
12.004
12.004
12.004
12.004
12.004
12.004
12.004
12.004
12.1954
12.1954
12.1954
12.1954
12.1954
12.1954
12.1954
12.1954
12.4669
12.4669
12.4669
12.4669
12.4669
12.4669
12.4669
12.4669
12.7995
12.7995
12.7995
12.7995
12.7995
12.7995
12.7995
12.7995
13.1742
13.1742
13.1742
13.1742
13.1742
13.1742
13.1742
13.1742
13.5731
13.5731
13.5731
13.5731
13.5731
13.5731
13.5731
13.5731
18.3858
18.3858
18.3858
18.3858
18.3858
18.3858
18.3858
18.3858
16.845
16.845
16.845
16.845
16.845
16.845
16.845
16.845
15.5284
15.5284
15.5284
15.5284
15.5284
15.5284
15.5284
15.5284
14.437
14.437
14.437
14.437
14.437
14.437
14.437
14.437
13.5627
13.5627
13.5627
13.5627
13.5627
13.5627
13.5627
13.5627
12.8921
12.8921
12.8921
12.8921
12.8921
12.8921
12.8921
12.8921
12.4092
12.4092
12.4092
12.4092
12.4092
12.4092
12.4092
12.4092
12.0965
12.0965
12.0965
12.0965
12.0965
12.0965
12.0965
12.0965
11.9366
11.9366
11.9366
11.9366
11.9366
11.9366
11.9366
11.9366
11.9117
11.9117
11.9117
11.9117
11.9117
11.9117
11.9117
11.9117
12.004
12.004
12.004
12.004
12.004
12.004
12.004
12.004
12.1954
12.1954
12.1954
12.1954
12.1954
12.1954
12.1954
12.1954
12.4669
12.4669
12.4669
12.4669
12.4669
12.4669
12.4669
12.4669
12.7995
12.7995
12.7995
12.7995
12.7995
12.7995
12.7995
12.7995
13.1742
13.1742
13.1742
13.1742
13.1742
13.1742
13.1742
13.1742
13.5731
13.5731
13.5731
13.5731
13.5731
13.5731
13.5731
13.5731
16.2178
16.2178
16.2178
16.2178
16.2178
16.2178
16.2178
16.2178
14.929
14.929
14.929
14.929
14.929
14.929
14.929
14.929
13.8441
13.8441
13.8441
13.8441
13.8441
13.8441
13.8441
13.8441
12.9634
12.9634
12.9634
12.9634
12.9634
12.9634
12.9634
12.9634
12.2801
12.2801
12.2801
12.2801
12.2801
12.2801
12.2801
12.2801
11.7832
11.7832
11.7832
11.7832
11.7832
11.7832
11.7832
11.7832
11.4596
11.4596
11.4596
11.4596
11.4596
11.4596
11.4596
11.4596
11.2953
11.2953
11.2953
11.2953
11.2953
11.2953
11.2953
11.2953
11.2759
11.2759
11.2759
11.2759
11.2759
11.2759
11.2759
11.2759
11.3864
11.3864
11.3864
11.3864
11.3864
11.3864
11.3864
11.3864
11.6106
11.6106
11.6106
11.6106
11.6106
11.6106
11.6106
11.6106
11.9309
11.9309
11.9309
11.9309
11.9309
11.9309
11.9309
11.9309
12.3278
12.3278
12.3278
12.3278
12.3278
12.3278
12.3278
12.3278
12.7801
12.7801
12.7801
12.7801
12.7801
12.7801
12.7801
12.7801
13.265
13.265
13.265
13.265
13.265
13.265
13.265
13.265
13.7603
13.7603
13.7603
13.7603
13.7603
13.7603
13.7603
13.7603
16.2178
16.2178
16.2178
16.2178
16.2178
16.2178
16.2178
16.2178
14.929
14.929
14.929
14.929
14.929
14.929
14.929
14.929
13.8441
13.8441
13.8441
13.8441
13.8441
13.8441
13.8441
13.8441
12.9634
12.9634
12.9634
12.9634
12.9634
12.9634
12.9634
12.9634
12.2801
12.2801
12.2801
12.2801
12.2801
12.2801
12.2801
12.2801
11.7832
11.7832
11.7832
11.7832
11.7832
11.7832
11.7832
11.7832
11.4596
11.4596
11.4596
11.4596
11.4596
11.4596
11.4596
11.4596
11.2953
11.2953
11.2953
11.2953
11.2953
11.2953
11.2953
11.2953
11.2759
11.2759
11.2759
11.2759
11.2759
11.2759
11.2759
11.2759
11.3864
11.3864
11.3864
11.3864
11.3864
11.3864
11.3864
11.3864
11.6106
11.6106
11.6106
11.6106
11.6106
11.6106
11.6106
11.6106
11.9309
11.9309
11.9309
11.9309
11.9309
11.9309
11.9309
11.9309
12.3278
12.3278
12.3278
12.3278
12.3278
12.3278
12.3278
12.3278
12.7801
12.7801
12.7801
12.7801
12.7801
12.7801
12.7801
12.7801
13.265
13.265
13.265
13.265
13.265
13.265
13.265
13.265
13.7603
13.7603
13.7603
13.7603
13.7603
13.7603
13.7603
13.7603
16.2178
16.2178
16.2178
16.2178
16.2178
16.2178
16.2178
16.2178
14.929
14.929
14.929
14.929
14.929
14.929
14.929
14.929
13.8441
13.8441
13.8441
13.8441
13.8441
13.8441
13.8441
13.8441
12.9634
12.9634
12.9634
12.9634
12.9634
12.9634
12.9634
12.9634
12.2801
12.2801
12.2801
12.2801
12.2801
12.2801
12.2801
12.2801
11.7832
11.7832
11.7832
11.7832
11.7832
11.7832
11.7832
11.7832
11.4596
11.4596
11.4596
11.4596
11.4596
11.4596
11.4596
11.4596
11.2953
11.2953
11.2953
11.2953
11.2953
11.2953
11.2953
11.2953
11.2759
11.2759
11.2759
11.2759
11.2759
11.2759
11.2759
11.2759
11.3864
11.3864
11.3864
11.3864
11.3864
11.3864
11.3864
11.3864
11.6106
11.6106
11.6106
11.6106
11.6106
11.6106
11.6106
11.6106
11.9309
11.9309
11.9309
11.9309
11.9309
11.9309
11.9309
11.9309
12.3278
12.3278
12.3278
12.3278
12.3278
12.3278
12.3278
12.3278
12.7801
12.7801
12.7801
12.7801
12.7801
12.7801
12.7801
12.7801
13.265
13.265
13.265
13.265
13.265
13.265
13.265
13.265
13.7603
13.7603
13.7603
13.7603
13.7603
13.7603
13.7603
13.7603
16.2178
16.2178
16.2178
16.2178
16.2178
16.2178
16.2178
16.2178
14.929
14.929
14.929
14.929
14.929
14.929
14.929
14.929
13.8441
13.8441
13.8441
13.8441
13.8441
13.8441
13.8441
13.8441
12.9634
12.9634
12.9634
12.9634
12.9634
12.9634
12.9634
12.9634
12.2801
12.2801
12.2801
12.2801
12.2801
12.2801
12.2801
12.2801
11.7832
11.7832
11.7832
11.7832
11.7832
11.7832
11.7832
11.7832
11.4596
11.4596
11.4596
11.4596
11.4596
11.4596
11.4596
11.4596
11.2953
11.2953
11.2953
11.2953
11.2953
11.2953
11.2953
11.2953
11.2759
11.2759
11.2759
11.2759
11.2759
11.2759
11.2759
11.2759
11.3864
11.3864
11.3864
11.3864
11.3864
11.3864
11.3864
11.3864
11.6106
11.6106
11.6106
11.6106
11.6106
11.6106
11.6106
11.6106
11.9309
11.9309
11.9309
11.9309
11.9309
11.9309
11.9309
11.9309
12.3278
12.3278
12.3278
12.3278
12.3278
12.3278
12.3278
12.3278
12.7801
12.7801
12.7801
12.7801
12.7801
12.7801
12.7801
12.7801
13.265
13.265
13.265
13.265
13.265
13.265
13.265
13.265
13.7603
13.7603
13.7603
13.7603
13.7603
13.7603
13.7603
13.7603
14.253
14.253
14.253
14.253
14.253
14.253
14.253
14.253
13.1962
13.1962
13.1962
13.1962
13.1962
13.1962
13.1962
13.1962
12.3213
12.3213
12.3213
12.3213
12.3213
12.3213
12.3213
12.3213
11.6291
11.6291
11.6291
11.6291
11.6291
11.6291
11.6291
11.6291
11.1148
11.1148
11.1148
11.1148
11.1148
11.1148
11.1148
11.1148
10.7704
10.7704
10.7704
10.7704
10.7704
10.7704
10.7704
10.7704
10.5865
10.5865
10.5865
10.5865
10.5865
10.5865
10.5865
10.5865
10.5527
10.5527
10.5527
10.5527
10.5527
10.5527
10.5527
10.5527
10.6578
10.6578
10.6578
10.6578
10.6578
10.6578
10.6578
10.6578
10.8896
10.8896
10.8896
10.8896
10.8896
10.8896
10.8896
10.8896
11.2341
11.2341
11.2341
11.2341
11.2341
11.2341
11.2341
11.2341
11.6742
11.6742
11.6742
11.6742
11.6742
11.6742
11.6742
11.6742
12.1897
12.1897
12.1897
12.1897
12.1897
12.1897
12.1897
12.1897
12.7569
12.7569
12.7569
12.7569
12.7569
12.7569
12.7569
12.7569
13.3492
13.3492
13.3492
13.3492
13.3492
13.3492
13.3492
13.3492
13.9387
13.9387
13.9387
13.9387
13.9387
13.9387
13.9387
13.9387
14.253
14.253
14.253
14.253
14.253
14.253
14.253
14.253
13.1962
13.1962
13.1962
13.1962
13.1962
13.1962
13.1962
13.1962
12.3213
12.3213
12.3213
12.3213
12.3213
12.3213
12.3213
12.3213
11.6291
11.6291
11.6291
11.6291
11.6291
11.6291
11.6291
11.6291
11.1148
11.1148
11.1148
11.1148
11.1148
11.1148
11.1148
11.1148
10.7704
10.7704
10.7704
10.7704
10.7704
10.7704
10.7704
10.7704
10.5865
10.5865
10.5865
10.5865
10.5865
10.5865
10.5865
10.5865
10.5527
10.5527
10.5527
10.5527
10.5527
10.5527
10.5527
10.5527
10.6578
10.6578
10.6578
10.6578
10.6578
10.6578
10.6578
10.6578
10.8896
10.8896
10.8896
10.8896
10.8896
10.8896
10.8896
10.8896
11.2341
11.2341
11.2341
11.2341
11.2341
11.2341
11.2341
11.2341
11.6742
11.6742
11.6742
11.6742
11.6742
11.6742
11.6742
11.6742
12.1897
12.1897
12.1897
12.1897
12.1897
12.1897
12.1897
12.1897
12.7569
12.7569
12.7569
12.7569
12.7569
12.7569
12.7569
12.7569
13.3492
13.3492
13.3492
13.3492
13.3492
13.3492
13.3492
13.3492
13.9387
13.9387
13.9387
13.9387
13.9387
13.9387
13.9387
13.9387
14.253
14.253
14.253
14.253
14.253
14.253
14.253
14.253
13.1962
13.1962
13.1962
13.1962
13.1962
13.1962
13.1962
13.1962
12.3213
12.3213
12.3213
12.3213
12.3213
12.3213
12.3213
12.3213
11.6291
11.6291
11.6291
11.6291
11.6291
11.6291
11.6291
11.6291
11.1148
11.1148
11.1148
11.1148
11.1148
11.1148
11.1148
11.1148
10.7704
10.7704
10.7704
10.7704
10.7704
10.7704
10.7704
10.7704
10.5865
10.5865
10.5865
10.5865
10.5865
10.5865
10.5865
10.5865
10.5527
10.5527
10.5527
10.5527
10.5527
10.5527
10.5527
10.5527
10.6578
10.6578
10.6578
10.6578
10.6578
10.6578
10.6578
10.6578
10.8896
10.8896
10.8896
10.8896
10.8896
10.8896
10.8896
10.8896
11.2341
11.2341
11.2341
11.2341
11.2341
11.2341
11.2341
11.2341
11.6742
11.6742
11.6742
11.6742
11.6742
11.6742
11.6742
11.6742
12.1897
12.1897
12.1897
12.1897
12.1897
12.1897
12.1897
12.1897
12.7569
12.7569
12.7569
12.7569
12.7569
12.7569
12.7569
12.7569
13.3492
13.3492
13.3492
13.3492
13.3492
13.3492
13.3492
13.3492
13.9387
13.9387
13.9387
13.9387
13.9387
13.9387
13.9387
13.9387
14.253
14.253
14.253
14.253
14.253
14.253
14.253
14.253
13.1962
13.1962
13.1962
13.1962
13.1962
13.1962
13.1962
13.1962
12.3213
12.3213
12.3213
12.3213
12.3213
12.3213
12.3213
12.3213
11.6291
11.6291
11.6291
11.6291
11.6291
11.6291
11.6291
11.6291
11.1148
11.1148
11.1148
11.1148
11.1148
11.1148
11.1148
11.1148
10.7704
10.7704
10.7704
10.7704
10.7704
10.7704
10.7704
10.7704
10.5865
10.5865
10.5865
10.5865
10.5865
10.5865
10.5865
10.5865
10.5527
10.5527
10.5527
10.5527
10.5527
10.5527
10.5527
10.5527
10.6578
10.6578
10.6578
10.6578
10.6578
10.6578
10.6578
10.6578
10.8896
10.8896
10.8896
10.8896
10.8896
10.8896
10.8896
10.8896
11.2341
11.2341
11.2341
11.2341
11.2341
11.2341
11.2341
11.2341
11.6742
11.6742
11.6742
11.6742
11.6742
11.6742
11.6742
11.6742
12.1897
12.1897
12.1897
12.1897
12.1897
12.1897
12.1897
12.1897
12.7569
12.7569
12.7569
12.7569
12.7569
12.7569
12.7569
12.7569
13.3492
13.3492
13.3492
13.3492
13.3492
13.3492
13.3492
13.3492
13.9387
13.9387
13.9387
13.9387
13.9387
13.9387
13.9387
13.9387
12.5369
12.5369
12.5369
12.5369
12.5369
12.5369
12.5369
12.5369
11.6856
11.6856
11.6856
11.6856
11.6856
11.6856
11.6856
11.6856
10.9941
10.9941
10.9941
10.9941
10.9941
10.9941
10.9941
10.9941
10.4645
10.4645
10.4645
10.4645
10.4645
10.4645
10.4645
10.4645
10.0948
10.0948
10.0948
10.0948
10.0948
10.0948
10.0948
10.0948
9.88031
9.88031
9.88031
9.88031
9.88031
9.88031
9.88031
9.88031
9.8151
9.8151
9.8151
9.8151
9.8151
9.8151
9.8151
9.8151
9.89243
9.89243
9.89243
9.89243
9.89243
9.89243
9.89243
9.89243
10.1047
10.1047
10.1047
10.1047
10.1047
10.1047
10.1047
10.1047
10.4426
10.4426
10.4426
10.4426
10.4426
10.4426
10.4426
10.4426
10.8939
10.8939
10.8939
10.8939
10.8939
10.8939
10.8939
10.8939
11.4426
11.4426
11.4426
11.4426
11.4426
11.4426
11.4426
11.4426
12.0677
12.0677
12.0677
12.0677
12.0677
12.0677
12.0677
12.0677
12.7428
12.7428
12.7428
12.7428
12.7428
12.7428
12.7428
12.7428
13.4371
13.4371
13.4371
13.4371
13.4371
13.4371
13.4371
13.4371
14.1171
14.1171
14.1171
14.1171
14.1171
14.1171
14.1171
14.1171
12.5369
12.5369
12.5369
12.5369
12.5369
12.5369
12.5369
12.5369
11.6856
11.6856
11.6856
11.6856
11.6856
11.6856
11.6856
11.6856
10.9941
10.9941
10.9941
10.9941
10.9941
10.9941
10.9941
10.9941
10.4645
10.4645
10.4645
10.4645
10.4645
10.4645
10.4645
10.4645
10.0948
10.0948
10.0948
10.0948
10.0948
10.0948
10.0948
10.0948
9.88031
9.88031
9.88031
9.88031
9.88031
9.88031
9.88031
9.88031
9.8151
9.8151
9.8151
9.8151
9.8151
9.8151
9.8151
9.8151
9.89243
9.89243
9.89243
9.89243
9.89243
9.89243
9.89243
9.89243
10.1047
10.1047
10.1047
10.1047
10.1047
10.1047
10.1047
10.1047
10.4426
10.4426
10.4426
10.4426
10.4426
10.4426
10.4426
10.4426
10.8939
10.8939
10.8939
10.8939
10.8939
10.8939
10.8939
10.8939
11.4426
11.4426
11.4426
11.4426
11.4426
11.4426
11.4426
11.4426
12.0677
12.0677
12.0677
12.0677
12.0677
12.0677
12.0677
12.0677
12.7428
12.7428
12.7428
12.7428
12.7428
12.7428
12.7428
12.7428
13.4371
13.4371
13.4371
13.4371
13.4371
13.4371
13.4371
13.4371
14.1171
14.1171
14.1171
14.1171
14.1171
14.1171
14.1171
14.1171
12.5369
12.5369
12.5369
12.5369
12.5369
12.5369
12.5369
12.5369
11.6856
11.6856
11.6856
11.6856
11.6856
11.6856
11.6856
11.6856
10.9941
10.9941
10.9941
10.9941
10.9941
10.9941
10.9941
10.9941
10.4645
10.4645
10.4645
10.4645
10.4645
10.4645
10.4645
10.4645
10.0948
10.0948
10.0948
10.0948
10.0948
10.0948
10.0948
10.0948
9.88031
9.88031
9.88031
9.88031
9.88031
9.88031
9.88031
9.88031
9.8151
9.8151
9.8151
9.8151
9.8151
9.8151
9.8151
9.8151
9.89243
9.89243
9.89243
9.89243
9.89243
9.89243
9.89243
9.89243
10.1047
10.1047
10.1047
10.1047
10.1047
10.1047
10.1047
10.1047
10.4426
10.4426
10.4426
10.4426
10.4426
10.4426
10.4426
10.4426
10.8939
10.8939
10.8939
10.8939
10.8939
10.8939
10.8939
10.8939
11.4426
11.4426
11.4426
11.4426
11.4426
11.4426
11.4426
11.4426
12.0677
12.0677
12.0677
12.0677
12.0677
12.0677
12.0677
12.0677
12.7428
12.7428
12.7428
12.7428
12.7428
12.7428
12.7428
12.7428
13.4371
13.4371
13.4371
13.4371
13.4371
13.4371
13.4371
13.4371
14.1171
14.1171
14.1171
14.1171
14.1171
14.1171
14.1171
14.1171
12.5369
12.5369
12.5369
12.5369
12.5369
12.5369
12.5369
12.5369
11.6856
11.6856
11.6856
11.6856
11.6856
11.6856
11.6856
11.6856
10.9941
10.9941
10.9941
10.9941
10.9941
10.9941
10.9941
10.9941
10.4645
10.4645
10.4645
10.4645
10.4645
10.4645
10.4645
10.4645
10.0948
10.0948
10.0948
10.0948
10.0948
10.0948
10.0948
10.0948
9.88031
9.88031
9.88031
9.88031
9.88031
9.88031
9.88031
9.88031
9.8151
9.8151
9.8151
9.8151
9.8151
9.8151
9.8151
9.8151
9.89243
9.89243
9.89243
9.89243
9.89243
9.89243
9.89243
9.89243
10.1047
10.1047
10.1047
10.1047
10.1047
10.1047
10.1047
10.1047
10.4426
10.4426
10.4426
10.4426
10.4426
10.4426
10.4426
10.4426
10.8939
10.8939
10.8939
10.8939
10.8939
10.8939
10.8939
10.8939
11.4426
11.4426
11.4426
11.4426
11.4426
11.4426
11.4426
11.4426
12.0677
12.0677
12.0677
12.0677
12.0677
12.0677
12.0677
12.0677
12.7428
12.7428
12.7428
12.7428
12.7428
12.7428
12.7428
12.7428
13.4371
13.4371
13.4371
13.4371
13.4371
13.4371
13.4371
13.4371
14.1171
14.1171
14.1171
14.1171
14.1171
14.1171
14.1171
14.1171
11.0901
11.0901
11.0901
11.0901
11.0901
11.0901
11.0901
11.0901
10.415
10.415
10.415
10.415
10.415
10.415
10.415
10.415
9.87895
9.87895
9.87895
9.87895
9.87895
9.87895
9.87895
9.87895
9.48598
9.48598
9.48598
9.48598
9.48598
9.48598
9.48598
9.48598
9.2367
9.2367
9.2367
9.2367
9.2367
9.2367
9.2367
9.2367
9.12981
9.12981
9.12981
9.12981
9.12981
9.12981
9.12981
9.12981
9.16288
9.16288
9.16288
9.16288
9.16288
9.16288
9.16288
9.16288
9.33276
9.33276
9.33276
9.33276
9.33276
9.33276
9.33276
9.33276
9.63512
9.63512
9.63512
9.63512
9.63512
9.63512
9.63512
9.63512
10.0634
10.0634
10.0634
10.0634
10.0634
10.0634
10.0634
10.0634
10.6077
10.6077
10.6077
10.6077
10.6077
10.6077
10.6077
10.6077
11.2525
11.2525
11.2525
11.2525
11.2525
11.2525
11.2525
11.2525
11.9764
11.9764
11.9764
11.9764
11.9764
11.9764
11.9764
11.9764
12.7505
12.7505
12.7505
12.7505
12.7505
12.7505
12.7505
12.7505
13.5396
13.5396
13.5396
13.5396
13.5396
13.5396
13.5396
13.5396
14.3044
14.3044
14.3044
14.3044
14.3044
14.3044
14.3044
14.3044
11.0901
11.0901
11.0901
11.0901
11.0901
11.0901
11.0901
11.0901
10.415
10.415
10.415
10.415
10.415
10.415
10.415
10.415
9.87895
9.87895
9.87895
9.87895
9.87895
9.87895
9.87895
9.87895
9.48598
9.48598
9.48598
9.48598
9.48598
9.48598
9.48598
9.48598
9.2367
9.2367
9.2367
9.2367
9.2367
9.2367
9.2367
9.2367
9.12981
9.12981
9.12981
9.12981
9.12981
9.12981
9.12981
9.12981
9.16288
9.16288
9.16288
9.16288
9.16288
9.16288
9.16288
9.16288
9.33276
9.33276
9.33276
9.33276
9.33276
9.33276
9.33276
9.33276
9.63512
9.63512
9.63512
9.63512
9.63512
9.63512
9.63512
9.63512
10.0634
10.0634
10.0634
10.0634
10.0634
10.0634
10.0634
10.0634
10.6077
10.6077
10.6077
10.6077
10.6077
10.6077
10.6077
10.6077
11.2525
11.2525
11.2525
11.2525
11.2525
11.2525
11.2525
11.2525
11.9764
11.9764
11.9764
11.9764
11.9764
11.9764
11.9764
11.9764
12.7505
12.7505
12.7505
12.7505
12.7505
12.7505
12.7505
12.7505
13.5396
13.5396
13.5396
13.5396
13.5396
13.5396
13.5396
13.5396
14.3044
14.3044
14.3044
14.3044
14.3044
14.3044
14.3044
14.3044
11.0901
11.0901
11.0901
11.0901
11.0901
11.0901
11.0901
11.0901
10.415
10.415
10.415
10.415
10.415
10.415
10.415
10.415
9.87895
9.87895
9.87895
9.87895
9.87895
9.87895
9.87895
9.87895
9.48598
9.48598
9.48598
9.48598
9.48598
9.48598
9.48598
9.48598
9.2367
9.2367
9.2367
9.2367
9.2367
9.2367
9.2367
9.2367
9.12981
9.12981
9.12981
9.12981
9.12981
9.12981
9.12981
9.12981
9.16288
9.16288
9.16288
9.16288
9.16288
9.16288
9.16288
9.16288
9.33276
9.33276
9.33276
9.33276
9.33276
9.33276
9.33276
9.33276
9.63512
9.63512
9.63512
9.63512
9.63512
9.63512
9.63512
9.63512
10.0634
10.0634
10.0634
10.0634
10.0634
10.0634
10.0634
10.0634
10.6077
10.6077
10.6077
10.6077
10.6077
10.6077
10.6077
10.6077
11.2525
11.2525
11.2525
11.2525
11.2525
11.2525
11.2525
11.2525
11.9764
11.9764
11.9764
11.9764
11.9764
11.9764
11.9764
11.9764
12.7505
12.7505
12.7505
12.7505
12.7505
12.7505
12.7505
12.7505
13.5396
13.5396
13.5396
13.5396
13.5396
13.5396
13.5396
13.5396
14.3044
14.3044
14.3044
14.3044
14.3044
14.3044
14.3044
14.3044
11.0901
11.0901
11.0901
11.0901
11.0901
11.0901
11.0901
11.0901
10.415
10.415
10.415
10.415
10.415
10.415
10.415
10.415
9.87895
9.87895
9.87895
9.87895
9.87895
9.87895
9.87895
9.87895
9.48598
9.48598
9.48598
9.48598
9.48598
9.48598
9.48598
9.48598
9.2367
9.2367
9.2367
9.2367
9.2367
9.2367
9.2367
9.2367
9.12981
9.12981
9.12981
9.12981
9.12981
9.12981
9.12981
9.12981
9.16288
9.16288
9.16288
9.16288
9.16288
9.16288
9.16288
9.16288
9.33276
9.33276
9.33276
9.33276
9.33276
9.33276
9.33276
9.33276
9.63512
9.63512
9.63512
9.63512
9.63512
9.63512
9.63512
9.63512
10.0634
10.0634
10.0634
10.0634
10.0634
10.0634
10.0634
10.0634
10.6077
10.6077
10.6077
10.6077
10.6077
10.6077
10.6077
10.6077
11.2525
11.2525
11.2525
11.2525
11.2525
11.2525
11.2525
11.2525
11.9764
11.9764
11.9764
11.9764
11.9764
11.9764
11.9764
11.9764
12.7505
12.7505
12.7505
12.7505
12.7505
12.7505
12.7505
12.7505
13.5396
13.5396
13.5396
13.5396
13.5396
13.5396
13.5396
13.5396
14.3044
14.3044
14.3044
14.3044
14.3044
14.3044
14.3044
14.3044
9.91381
9.91381
9.91381
9.91381
9.91381
9.91381
9.91381
9.91381
9.38624
9.38624
9.38624
9.38624
9.38624
9.38624
9.38624
9.38624
8.97902
8.97902
8.97902
8.97902
8.97902
8.97902
8.97902
8.97902
8.69825
8.69825
8.69825
8.69825
8.69825
8.69825
8.69825
8.69825
8.54728
8.54728
8.54728
8.54728
8.54728
8.54728
8.54728
8.54728
8.52782
8.52782
8.52782
8.52782
8.52782
8.52782
8.52782
8.52782
8.64081
8.64081
8.64081
8.64081
8.64081
8.64081
8.64081
8.64081
8.88626
8.88626
8.88626
8.88626
8.88626
8.88626
8.88626
8.88626
9.26295
9.26295
9.26295
9.26295
9.26295
9.26295
9.26295
9.26295
9.76694
9.76694
9.76694
9.76694
9.76694
9.76694
9.76694
9.76694
10.3901
10.3901
10.3901
10.3901
10.3901
10.3901
10.3901
10.3901
11.1182
11.1182
11.1182
11.1182
11.1182
11.1182
11.1182
11.1182
11.9289
11.9289
11.9289
11.9289
11.9289
11.9289
11.9289
11.9289
12.7914
12.7914
12.7914
12.7914
12.7914
12.7914
12.7914
12.7914
13.6663
13.6663
13.6663
13.6663
13.6663
13.6663
13.6663
13.6663
14.5081
14.5081
14.5081
14.5081
14.5081
14.5081
14.5081
14.5081
9.91381
9.91381
9.91381
9.91381
9.91381
9.91381
9.91381
9.91381
9.38624
9.38624
9.38624
9.38624
9.38624
9.38624
9.38624
9.38624
8.97902
8.97902
8.97902
8.97902
8.97902
8.97902
8.97902
8.97902
8.69825
8.69825
8.69825
8.69825
8.69825
8.69825
8.69825
8.69825
8.54728
8.54728
8.54728
8.54728
8.54728
8.54728
8.54728
8.54728
8.52782
8.52782
8.52782
8.52782
8.52782
8.52782
8.52782
8.52782
8.64081
8.64081
8.64081
8.64081
8.64081
8.64081
8.64081
8.64081
8.88626
8.88626
8.88626
8.88626
8.88626
8.88626
8.88626
8.88626
9.26295
9.26295
9.26295
9.26295
9.26295
9.26295
9.26295
9.26295
9.76694
9.76694
9.76694
9.76694
9.76694
9.76694
9.76694
9.76694
10.3901
10.3901
10.3901
10.3901
10.3901
10.3901
10.3901
10.3901
11.1182
11.1182
11.1182
11.1182
11.1182
11.1182
11.1182
11.1182
11.9289
11.9289
11.9289
11.9289
11.9289
11.9289
11.9289
11.9289
12.7914
12.7914
12.7914
12.7914
12.7914
12.7914
12.7914
12.7914
13.6663
13.6663
13.6663
13.6663
13.6663
13.6663
13.6663
13.6663
14.5081
14.5081
14.5081
14.5081
14.5081
14.5081
14.5081
14.5081
9.91381
9.91381
9.91381
9.91381
9.91381
9.91381
9.91381
9.91381
9.38624
9.38624
9.38624
9.38624
9.38624
9.38624
9.38624
9.38624
8.97902
8.97902
8.97902
8.97902
8.97902
8.97902
8.97902
8.97902
8.69825
8.69825
8.69825
8.69825
8.69825
8.69825
8.69825
8.69825
8.54728
8.54728
8.54728
8.54728
8.54728
8.54728
8.54728
8.54728
8.52782
8.52782
8.52782
8.52782
8.52782
8.52782
8.52782
8.52782
8.64081
8.64081
8.64081
8.64081
8.64081
8.64081
8.64081
8.64081
8.88626
8.88626
8.88626
8.88626
8.88626
8.88626
8.88626
8.88626
9.26295
9.26295
9.26295
9.26295
9.26295
9.26295
9.26295
9.26295
9.76694
9.76694
9.76694
9.76694
9.76694
9.76694
9.76694
9.76694
10.3901
10.3901
10.3901
10.3901
10.3901
10.3901
10.3901
10.3901
11.1182
11.1182
11.1182
11.1182
11.1182
11.1182
11.1182
11.1182
11.9289
11.9289
11.9289
11.9289
11.9289
11.9289
11.9289
11.9289
12.7914
12.7914
12.7914
12.7914
12.7914
12.7914
12.7914
12.7914
13.6663
13.6663
13.6663
13.6663
13.6663
13.6663
13.6663
13.6663
14.5081
14.5081
14.5081
14.5081
14.5081
14.5081
14.5081
14.5081
9.91381
9.91381
9.91381
9.91381
9.91381
9.91381
9.91381
9.91381
9.38624
9.38624
9.38624
9.38624
9.38624
9.38624
9.38624
9.38624
8.97902
8.97902
8.97902
8.97902
8.97902
8.97902
8.97902
8.97902
8.69825
8.69825
8.69825
8.69825
8.69825
8.69825
8.69825
8.69825
8.54728
8.54728
8.54728
8.54728
8.54728
8.54728
8.54728
8.54728
8.52782
8.52782
8.52782
8.52782
8.52782
8.52782
8.52782
8.52782
8.64081
8.64081
8.64081
8.64081
8.64081
8.64081
8.64081
8.64081
8.88626
8.88626
8.88626
8.88626
8.88626
8.88626
8.88626
8.88626
9.26295
9.26295
9.26295
9.26295
9.26295
9.26295
9.26295
9.26295
9.76694
9.76694
9.76694
9.76694
9.76694
9.76694
9.76694
9.76694
10.3901
10.3901
10.3901
10.3901
10.3901
10.3901
10.3901
10.3901
11.1182
11.1182
11.1182
11.1182
11.1182
11.1182
11.1182
11.1182
11.9289
11.9289
11.9289
11.9289
11.9289
11.9289
11.9289
11.9289
12.7914
12.7914
12.7914
12.7914
12.7914
12.7914
12.7914
12.7914
13.6663
13.6663
13.6663
13.6663
13.6663
13.6663
13.6663
13.6663
14.5081
14.5081
14.5081
14.5081
14.5081
14.5081
14.5081
14.5081
