8192
11.578
11.578
11.578
11.578
11.578
11.578
11.578
11.578
11.3886
11.3886
11.3886
11.3886
11.3886
11.3886
11.3886
11.3886
11.2888
11.2888
11.2888
11.2888
11.2888
11.2888
11.2888
11.2888
11.2773
11.2773
11.2773
11.2773
11.2773
11.2773
11.2773
11.2773
11.3539
11.3539
11.3539
11.3539
11.3539
11.3539
11.3539
11.3539
11.5194
11.5194
11.5194
11.5194
11.5194
11.5194
11.5194
11.5194
11.775
11.775
11.775
11.775
11.775
11.775
11.775
11.775
12.1223
12.1223
12.1223
12.1223
12.1223
12.1223
12.1223
12.1223
12.5625
12.5625
12.5625
12.5625
12.5625
12.5625
12.5625
12.5625
13.0957
13.0957
13.0957
13.0957
13.0957
13.0957
13.0957
13.0957
13.7209
13.7209
13.7209
13.7209
13.7209
13.7209
13.7209
13.7209
14.4349
14.4349
14.4349
14.4349
14.4349
14.4349
14.4349
14.4349
15.2322
15.2322
15.2322
15.2322
15.2322
15.2322
15.2322
15.2322
16.1046
16.1046
16.1046
16.1046
16.1046
16.1046
16.1046
16.1046
17.0414
17.0414
17.0414
17.0414
17.0414
17.0414
17.0414
17.0414
18.0301
18.0301
18.0301
18.0301
18.0301
18.0301
18.0301
18.0301
11.578
11.578
11.578
11.578
11.578
11.578
11.578
11.578
11.3886
11.3886
11.3886
11.3886
11.3886
11.3886
11.3886
11.3886
11.2888
11.2888
11.2888
11.2888
11.2888
11.2888
11.2888
11.2888
11.2773
11.2773
11.2773
11.2773
11.2773
11.2773
11.2773
11.2773
11.3539
11.3539
11.3539
11.3539
11.3539
11.3539
11.3539
11.3539
11.5194
11.5194
11.5194
11.5194
11.5194
11.5194
11.5194
11.5194
11.775
11.775
11.775
11.775
11.775
11.775
11.775
11.775
12.1223
12.1223
12.1223
12.1223
12.1223
12.1223
12.1223
12.1223
12.5625
12.5625
12.5625
12.5625
12.5625
12.5625
12.5625
12.5625
13.0957
13.0957
13.0957
13.0957
13.0957
13.0957
13.0957
13.0957
13.7209
13.7209
13.7209
13.7209
13.7209
13.7209
13.7209
13.7209
14.4349
14.4349
14.4349
14.4349
14.4349
14.4349
14.4349
14.4349
15.2322
15.2322
15.2322
15.2322
15.2322
15.2322
15.2322
15.2322
16.1046
16.1046
16.1046
16.1046
16.1046
16.1046
16.1046
16.1046
17.0414
17.0414
17.0414
17.0414
17.0414
17.0414
17.0414
17.0414
18.0301
18.0301
18.0301
18.0301
18.0301
18.0301
18.0301
18.0301
11.578
11.578
11.578
11.578
11.578
11.578
11.578
11.578
11.3886
11.3886
11.3886
11.3886
11.3886
11.3886
11.3886
11.3886
11.2888
11.2888
11.2888
11.2888
11.2888
11.2888
11.2888
11.2888
11.2773
11.2773
11.2773
11.2773
11.2773
11.2773
11.2773
11.2773
11.3539
11.3539
11.3539
11.3539
11.3539
11.3539
11.3539
11.3539
11.5194
11.5194
11.5194
11.5194
11.5194
11.5194
11.5194
11.5194
11.775
11.775
11.775
11.775
11.775
11.775
11.775
11.775
12.1223
12.1223
12.1223
12.1223
12.1223
12.1223
12.1223
12.1223
12.5625
12.5625
12.5625
12.5625
12.5625
12.5625
12.5625
12.5625
13.0957
13.0957
13.0957
13.0957
13.0957
13.0957
13.0957
13.0957
13.7209
13.7209
13.7209
13.7209
13.7209
13.7209
13.7209
13.7209
14.4349
14.4349
14.4349
14.4349
14.4349
14.4349
14.4349
14.4349
15.2322
15.2322
15.2322
15.2322
15.2322
15.2322
15.2322
15.2322
16.1046
16.1046
16.1046
16.1046
16.1046
16.1046
16.1046
16.1046
17.0414
17.0414
17.0414
17.0414
17.0414
17.0414
17.0414
17.0414
18.0301
18.0301
18.0301
18.0301
18.0301
18.0301
18.0301
18.0301
11.578
11.578
11.578
11.578
11.578
11.578
11.578
11.578
11.3886
11.3886
11.3886
11.3886
11.3886
11.3886
11.3886
11.3886
11.2888
11.2888
11.2888
11.2888
11.2888
11.2888
11.2888
11.2888
11.2773
11.2773
11.2773
11.2773
11.2773
11.2773
11.2773
11.2773
11.3539
11.3539
11.3539
11.3539
11.3539
11.3539
11.3539
11.3539
11.5194
11.5194
11.5194
11.5194
11.5194
11.5194
11.5194
11.5194
11.775
11.775
11.775
11.775
11.775
11.775
11.775
11.775
12.1223
12.1223
12.1223
12.1223
12.1223
12.1223
12.1223
12.1223
12.5625
12.5625
12.5625
12.5625
12.5625
12.5625
12.5625
12.5625
13.0957
13.0957
13.0957
13.0957
13.0957
13.0957
13.0957
13.0957
13.7209
13.7209
13.7209
13.7209
13.7209
13.7209
13.7209
13.7209
14.4349
14.4349
14.4349
14.4349
14.4349
14.4349
14.4349
14.4349
15.2322
15.2322
15.2322
15.2322
15.2322
15.2322
15.2322
15.2322
16.1046
16.1046
16.1046
16.1046
16.1046
16.1046
16.1046
16.1046
17.0414
17.0414
17.0414
17.0414
17.0414
17.0414
17.0414
17.0414
18.0301
18.0301
18.0301
18.0301
18.0301
18.0301
18.0301
18.0301
11.5728
11.5728
11.5728
11.5728
11.5728
11.5728
11.5728
11.5728
11.4447
11.4447
11.4447
11.4447
11.4447
11.4447
11.4447
11.4447
11.4085
11.4085
11.4085
11.4085
11.4085
11.4085
11.4085
11.4085
11.4642
11.4642
11.4642
11.4642
11.4642
11.4642
11.4642
11.4642
11.6132
11.6132
11.6132
11.6132
11.6132
11.6132
11.6132
11.6132
11.858
11.858
11.858
11.858
11.858
11.858
11.858
11.858
12.2021
12.2021
12.2021
12.2021
12.2021
12.2021
12.2021
12.2021
12.6492
12.6492
12.6492
12.6492
12.6492
12.6492
12.6492
12.6492
13.2025
13.2025
13.2025
13.2025
13.2025
13.2025
13.2025
13.2025
13.8646
13.8646
13.8646
13.8646
13.8646
13.8646
13.8646
13.8646
14.6358
14.6358
14.6358
14.6358
14.6358
14.6358
14.6358
14.6358
15.5139
15.5139
15.5139
15.5139
15.5139
15.5139
15.5139
15.5139
16.493
16.493
16.493
16.493
16.493
16.493
16.493
16.493
17.5634
17.5634
17.5634
17.5634
17.5634
17.5634
17.5634
17.5634
18.7104
18.7104
18.7104
18.7104
18.7104
18.7104
18.7104
18.7104
19.9159
19.9159
19.9159
19.9159
19.9159
19.9159
19.9159
19.9159
11.5728
11.5728
11.5728
11.5728
11.5728
11.5728
11.5728
11.5728
11.4447
11.4447
11.4447
11.4447
11.4447
11.4447
11.4447
11.4447
11.4085
11.4085
11.4085
11.4085
11.4085
11.4085
11.4085
11.4085
11.4642
11.4642
11.4642
11.4642
11.4642
11.4642
11.4642
11.4642
11.6132
11.6132
11.6132
11.6132
11.6132
11.6132
11.6132
11.6132
11.858
11.858
11.858
11.858
11.858
11.858
11.858
11.858
12.2021
12.2021
12.2021
12.2021
12.2021
12.2021
12.2021
12.2021
12.6492
12.6492
12.6492
12.6492
12.6492
12.6492
12.6492
12.6492
13.2025
13.2025
13.2025
13.2025
13.2025
13.2025
13.2025
13.2025
13.8646
13.8646
13.8646
13.8646
13.8646
13.8646
13.8646
13.8646
14.6358
14.6358
14.6358
14.6358
14.6358
14.6358
14.6358
14.6358
15.5139
15.5139
15.5139
15.5139
15.5139
15.5139
15.5139
15.5139
16.493
16.493
16.493
16.493
16.493
16.493
16.493
16.493
17.5634
17.5634
17.5634
17.5634
17.5634
17.5634
17.5634
17.5634
18.7104
18.7104
18.7104
18.7104
18.7104
18.7104
18.7104
18.7104
19.9159
19.9159
19.9159
19.9159
19.9159
19.9159
19.9159
19.9159
11.5728
11.5728
11.5728
11.5728
11.5728
11.5728
11.5728
11.5728
11.4447
11.4447
11.4447
11.4447
11.4447
11.4447
11.4447
11.4447
11.4085
11.4085
11.4085
11.4085
11.4085
11.4085
11.4085
11.4085
11.4642
11.4642
11.4642
11.4642
11.4642
11.4642
11.4642
11.4642
11.6132
11.6132
11.6132
11.6132
11.6132
11.6132
11.6132
11.6132
11.858
11.858
11.858
11.858
11.858
11.858
11.858
11.858
12.2021
12.2021
12.2021
12.2021
12.2021
12.2021
12.2021
12.2021
12.6492
12.6492
12.6492
12.6492
12.6492
12.6492
12.6492
12.6492
13.2025
13.2025
13.2025
13.2025
13.2025
13.2025
13.2025
13.2025
13.8646
13.8646
13.8646
13.8646
13.8646
13.8646
13.8646
13.8646
14.6358
14.6358
14.6358
14.6358
14.6358
14.6358
14.6358
14.6358
15.5139
15.5139
15.5139
15.5139
15.5139
15.5139
15.5139
15.5139
16.493
16.493
16.493
16.493
16.493
16.493
16.493
16.493
17.5634
17.5634
17.5634
17.5634
17.5634
17.5634
17.5634
17.5634
18.7104
18.7104
18.7104
18.7104
18.7104
18.7104
18.7104
18.7104
19.9159
19.9159
19.9159
19.9159
19.9159
19.9159
19.9159
19.9159
11.5728
11.5728
11.5728
11.5728
11.5728
11.5728
11.5728
11.5728
11.4447
11.4447
11.4447
11.4447
11.4447
11.4447
11.4447
11.4447
11.4085
11.4085
11.4085
11.4085
11.4085
11.4085
11.4085
11.4085
11.4642
11.4642
11.4642
11.4642
11.4642
11.4642
11.4642
11.4642
11.6132
11.6132
11.6132
11.6132
11.6132
11.6132
11.6132
11.6132
11.858
11.858
11.858
11.858
11.858
11.858
11.858
11.858
12.2021
12.2021
12.2021
12.2021
12.2021
12.2021
12.2021
12.2021
12.6492
12.6492
12.6492
12.6492
12.6492
12.6492
12.6492
12.6492
13.2025
13.2025
13.2025
13.2025
13.2025
13.2025
13.2025
13.2025
13.8646
13.8646
13.8646
13.8646
13.8646
13.8646
13.8646
13.8646
14.6358
14.6358
14.6358
14.6358
14.6358
14.6358
14.6358
14.6358
15.5139
15.5139
15.5139
15.5139
15.5139
15.5139
15.5139
15.5139
16.493
16.493
16.493
16.493
16.493
16.493
16.493
16.493
17.5634
17.5634
17.5634
17.5634
17.5634
17.5634
17.5634
17.5634
18.7104
18.7104
18.7104
18.7104
18.7104
18.7104
18.7104
18.7104
19.9159
19.9159
19.9159
19.9159
19.9159
19.9159
19.9159
19.9159
11.6811
11.6811
11.6811
11.6811
11.6811
11.6811
11.6811
11.6811
11.6129
11.6129
11.6129
11.6129
11.6129
11.6129
11.6129
11.6129
11.638
11.638
11.638
11.638
11.638
11.638
11.638
11.638
11.7576
11.7576
11.7576
11.7576
11.7576
11.7576
11.7576
11.7576
11.9749
11.9749
11.9749
11.9749
11.9749
11.9749
11.9749
11.9749
12.2944
12.2944
12.2944
12.2944
12.2944
12.2944
12.2944
12.2944
12.7218
12.7218
12.7218
12.7218
12.7218
12.7218
12.7218
12.7218
13.2632
13.2632
13.2632
13.2632
13.2632
13.2632
13.2632
13.2632
13.9246
13.9246
13.9246
13.9246
13.9246
13.9246
13.9246
13.9246
14.7107
14.7107
14.7107
14.7107
14.7107
14.7107
14.7107
14.7107
15.624
15.624
15.624
15.624
15.624
15.624
15.624
15.624
16.6635
16.6635
16.6635
16.6635
16.6635
16.6635
16.6635
16.6635
17.8236
17.8236
17.8236
17.8236
17.8236
17.8236
17.8236
17.8236
19.0927
19.0927
19.0927
19.0927
19.0927
19.0927
19.0927
19.0927
20.4526
20.4526
20.4526
20.4526
20.4526
20.4526
20.4526
20.4526
21.8788
21.8788
21.8788
21.8788
21.8788
21.8788
21.8788
21.8788
11.6811
11.6811
11.6811
11.6811
11.6811
11.6811
11.6811
11.6811
11.6129
11.6129
11.6129
11.6129
11.6129
11.6129
11.6129
11.6129
11.638
11.638
11.638
11.638
11.638
11.638
11.638
11.638
11.7576
11.7576
11.7576
11.7576
11.7576
11.7576
11.7576
11.7576
11.9749
11.9749
11.9749
11.9749
11.9749
11.9749
11.9749
11.9749
12.2944
12.2944
12.2944
12.2944
12.2944
12.2944
12.2944
12.2944
12.7218
12.7218
12.7218
12.7218
12.7218
12.7218
12.7218
12.7218
13.2632
13.2632
13.2632
13.2632
13.2632
13.2632
13.2632
13.2632
13.9246
13.9246
13.9246
13.9246
13.9246
13.9246
13.9246
13.9246
14.7107
14.7107
14.7107
14.7107
14.7107
14.7107
14.7107
14.7107
15.624
15.624
15.624
15.624
15.624
15.624
15.624
15.624
16.6635
16.6635
16.6635
16.6635
16.6635
16.6635
16.6635
16.6635
17.8236
17.8236
17.8236
17.8236
17.8236
17.8236
17.8236
17.8236
19.0927
19.0927
19.0927
19.0927
19.0927
19.0927
19.0927
19.0927
20.4526
20.4526
20.4526
20.4526
20.4526
20.4526
20.4526
20.4526
21.8788
21.8788
21.8788
21.8788
21.8788
21.8788
21.8788
21.8788
11.6811
11.6811
11.6811
11.6811
11.6811
11.6811
11.6811
11.6811
11.6129
11.6129
11.6129
11.6129
11.6129
11.6129
11.6129
11.6129
11.638
11.638
11.638
11.638
11.638
11.638
11.638
11.638
11.7576
11.7576
11.7576
11.7576
11.7576
11.7576
11.7576
11.7576
11.9749
11.9749
11.9749
11.9749
11.9749
11.9749
11.9749
11.9749
12.2944
12.2944
12.2944
12.2944
12.2944
12.2944
12.2944
12.2944
12.7218
12.7218
12.7218
12.7218
12.7218
12.7218
12.7218
12.7218
13.2632
13.2632
13.2632
13.2632
13.2632
13.2632
13.2632
13.2632
13.9246
13.9246
13.9246
13.9246
13.9246
13.9246
13.9246
13.9246
14.7107
14.7107
14.7107
14.7107
14.7107
14.7107
14.7107
14.7107
15.624
15.624
15.624
15.624
15.624
15.624
15.624
15.624
16.6635
16.6635
16.6635
16.6635
16.6635
16.6635
16.6635
16.6635
17.8236
17.8236
17.8236
17.8236
17.8236
17.8236
17.8236
17.8236
19.0927
19.0927
19.0927
19.0927
19.0927
19.0927
19.0927
19.0927
20.4526
20.4526
20.4526
20.4526
20.4526
20.4526
20.4526
20.4526
21.8788
21.8788
21.8788
21.8788
21.8788
21.8788
21.8788
21.8788
11.6811
11.6811
11.6811
11.6811
11.6811
11.6811
11.6811
11.6811
11.6129
11.6129
11.6129
11.6129
11.6129
11.6129
11.6129
11.6129
11.638
11.638
11.638
11.638
11.638
11.638
11.638
11.638
11.7576
11.7576
11.7576
11.7576
11.7576
11.7576
11.7576
11.7576
11.9749
11.9749
11.9749
11.9749
11.9749
11.9749
11.9749
11.9749
12.2944
12.2944
12.2944
12.2944
12.2944
12.2944
12.2944
12.2944
12.7218
12.7218
12.7218
12.7218
12.7218
12.7218
12.7218
12.7218
13.2632
13.2632
13.2632
13.2632
13.2632
13.2632
13.2632
13.2632
13.9246
13.9246
13.9246
13.9246
13.9246
13.9246
13.9246
13.9246
14.7107
14.7107
14.7107
14.7107
14.7107
14.7107
14.7107
14.7107
15.624
15.624
15.624
15.624
15.624
15.624
15.624
15.624
16.6635
16.6635
16.6635
16.6635
16.6635
16.6635
16.6635
16.6635
17.8236
17.8236
17.8236
17.8236
17.8236
17.8236
17.8236
17.8236
19.0927
19.0927
19.0927
19.0927
19.0927
19.0927
19.0927
19.0927
20.4526
20.4526
20.4526
20.4526
20.4526
20.4526
20.4526
20.4526
21.8788
21.8788
21.8788
21.8788
21.8788
21.8788
21.8788
21.8788
11.8775
11.8775
11.8775
11.8775
11.8775
11.8775
11.8775
11.8775
11.8691
11.8691
11.8691
11.8691
11.8691
11.8691
11.8691
11.8691
11.9533
11.9533
11.9533
11.9533
11.9533
11.9533
11.9533
11.9533
12.133
12.133
12.133
12.133
12.133
12.133
12.133
12.133
12.4128
12.4128
12.4128
12.4128
12.4128
12.4128
12.4128
12.4128
12.7994
12.7994
12.7994
12.7994
12.7994
12.7994
12.7994
12.7994
13.3006
13.3006
13.3006
13.3006
13.3006
13.3006
13.3006
13.3006
13.9252
13.9252
13.9252
13.9252
13.9252
13.9252
13.9252
13.9252
14.6814
14.6814
14.6814
14.6814
14.6814
14.6814
14.6814
14.6814
15.5766
15.5766
15.5766
15.5766
15.5766
15.5766
15.5766
15.5766
16.6157
16.6157
16.6157
16.6157
16.6157
16.6157
16.6157
16.6157
17.7989
17.7989
17.7989
17.7989
17.7989
17.7989
17.7989
17.7989
19.1211
19.1211
19.1211
19.1211
19.1211
19.1211
19.1211
19.1211
20.5696
20.5696
20.5696
20.5696
20.5696
20.5696
20.5696
20.5696
22.1228
22.1228
22.1228
22.1228
22.1228
22.1228
22.1228
22.1228
23.7504
23.7504
23.7504
23.7504
23.7504
23.7504
23.7504
23.7504
11.8775
11.8775
11.8775
11.8775
11.8775
11.8775
11.8775
11.8775
11.8691
11.8691
11.8691
11.8691
11.8691
11.8691
11.8691
11.8691
11.9533
11.9533
11.9533
11.9533
11.9533
11.9533
11.9533
11.9533
12.133
12.133
12.133
12.133
12.133
12.133
12.133
12.133
12.4128
12.4128
12.4128
12.4128
12.4128
12.4128
12.4128
12.4128
12.7994
12.7994
12.7994
12.7994
12.7994
12.7994
12.7994
12.7994
13.3006
13.3006
13.3006
13.3006
13.3006
13.3006
13.3006
13.3006
13.9252
13.9252
13.9252
13.9252
13.9252
13.9252
13.9252
13.9252
14.6814
14.6814
14.6814
14.6814
14.6814
14.6814
14.6814
14.6814
15.5766
15.5766
15.5766
15.5766
15.5766
15.5766
15.5766
15.5766
16.6157
16.6157
16.6157
16.6157
16.6157
16.6157
16.6157
16.6157
17.7989
17.7989
17.7989
17.7989
17.7989
17.7989
17.7989
17.7989
19.1211
19.1211
19.1211
19.1211
19.1211
19.1211
19.1211
19.1211
20.5696
20.5696
20.5696
20.5696
20.5696
20.5696
20.5696
20.5696
22.1228
22.1228
22.1228
22.1228
22.1228
22.1228
22.1228
22.1228
23.7504
23.7504
23.7504
23.7504
23.7504
23.7504
23.7504
23.7504
11.8775
11.8775
11.8775
11.8775
11.8775
11.8775
11.8775
11.8775
11.8691
11.8691
11.8691
11.8691
11.8691
11.8691
11.8691
11.8691
11.9533
11.9533
11.9533
11.9533
11.9533
11.9533
11.9533
11.9533
12.133
12.133
12.133
12.133
12.133
12.133
12.133
12.133
12.4128
12.4128
12.4128
12.4128
12.4128
12.4128
12.4128
12.4128
12.7994
12.7994
12.7994
12.7994
12.7994
12.7994
12.7994
12.7994
13.3006
13.3006
13.3006
13.3006
13.3006
13.3006
13.3006
13.3006
13.9252
13.9252
13.9252
13.9252
13.9252
13.9252
13.9252
13.9252
14.6814
14.6814
14.6814
14.6814
14.6814
14.6814
14.6814
14.6814
15.5766
15.5766
15.5766
15.5766
15.5766
15.5766
15.5766
15.5766
16.6157
16.6157
16.6157
16.6157
16.6157
16.6157
16.6157
16.6157
17.7989
17.7989
17.7989
17.7989
17.7989
17.7989
17.7989
17.7989
19.1211
19.1211
19.1211
19.1211
19.1211
19.1211
19.1211
19.1211
20.5696
20.5696
20.5696
20.5696
20.5696
20.5696
20.5696
20.5696
22.1228
22.1228
22.1228
22.1228
22.1228
22.1228
22.1228
22.1228
23.7504
23.7504
23.7504
23.7504
23.7504
23.7504
23.7504
23.7504
11.8775
11.8775
11.8775
11.8775
11.8775
11.8775
11.8775
11.8775
11.8691
11.8691
11.8691
11.8691
11.8691
11.8691
11.8691
11.8691
11.9533
11.9533
11.9533
11.9533
11.9533
11.9533
11.9533
11.9533
12.133
12.133
12.133
12.133
12.133
12.133
12.133
12.133
12.4128
12.4128
12.4128
12.4128
12.4128
12.4128
12.4128
12.4128
12.7994
12.7994
12.7994
12.7994
12.7994
12.7994
12.7994
12.7994
13.3006
13.3006
13.3006
13.3006
13.3006
13.3006
13.3006
13.3006
13.9252
13.9252
13.9252
13.9252
13.9252
13.9252
13.9252
13.9252
14.6814
14.6814
14.6814
14.6814
14.6814
14.6814
14.6814
14.6814
15.5766
15.5766
15.5766
15.5766
15.5766
15.5766
15.5766
15.5766
16.6157
16.6157
16.6157
16.6157
16.6157
16.6157
16.6157
16.6157
17.7989
17.7989
17.7989
17.7989
17.7989
17.7989
17.7989
17.7989
19.1211
19.1211
19.1211
19.1211
19.1211
19.1211
19.1211
19.1211
20.5696
20.5696
20.5696
20.5696
20.5696
20.5696
20.5696
20.5696
22.1228
22.1228
22.1228
22.1228
22.1228
22.1228
22.1228
22.1228
23.7504
23.7504
23.7504
23.7504
23.7504
23.7504
23.7504
23.7504
12.1376
12.1376
12.1376
12.1376
12.1376
12.1376
12.1376
12.1376
12.1893
12.1893
12.1893
12.1893
12.1893
12.1893
12.1893
12.1893
12.3305
12.3305
12.3305
12.3305
12.3305
12.3305
12.3305
12.3305
12.5651
12.5651
12.5651
12.5651
12.5651
12.5651
12.5651
12.5651
12.8994
12.8994
12.8994
12.8994
12.8994
12.8994
12.8994
12.8994
13.3418
13.3418
13.3418
13.3418
13.3418
13.3418
13.3418
13.3418
13.9021
13.9021
13.9021
13.9021
13.9021
13.9021
13.9021
13.9021
14.5912
14.5912
14.5912
14.5912
14.5912
14.5912
14.5912
14.5912
15.42
15.42
15.42
15.42
15.42
15.42
15.42
15.42
16.3978
16.3978
16.3978
16.3978
16.3978
16.3978
16.3978
16.3978
17.5315
17.5315
17.5315
17.5315
17.5315
17.5315
17.5315
17.5315
18.8233
18.8233
18.8233
18.8233
18.8233
18.8233
18.8233
18.8233
20.2685
20.2685
20.2685
20.2685
20.2685
20.2685
20.2685
20.2685
21.8536
21.8536
21.8536
21.8536
21.8536
21.8536
21.8536
21.8536
23.5545
23.5545
23.5545
23.5545
23.5545
23.5545
23.5545
23.5545
25.3357
25.3357
25.3357
25.3357
25.3357
25.3357
25.3357
25.3357
12.1376
12.1376
12.1376
12.1376
12.1376
12.1376
12.1376
12.1376
12.1893
12.1893
12.1893
12.1893
12.1893
12.1893
12.1893
12.1893
12.3305
12.3305
12.3305
12.3305
12.3305
12.3305
12.3305
12.3305
12.5651
12.5651
12.5651
12.5651
12.5651
12.5651
12.5651
12.5651
12.8994
12.8994
12.8994
12.8994
12.8994
12.8994
12.8994
12.8994
13.3418
13.3418
13.3418
13.3418
13.3418
13.3418
13.3418
13.3418
13.9021
13.9021
13.9021
13.9021
13.9021
13.9021
13.9021
13.9021
14.5912
14.5912
14.5912
14.5912
14.5912
14.5912
14.5912
14.5912
15.42
15.42
15.42
15.42
15.42
15.42
15.42
15.42
16.3978
16.3978
16.3978
16.3978
16.3978
16.3978
16.3978
16.3978
17.5315
17.5315
17.5315
17.5315
17.5315
17.5315
17.5315
17.5315
18.8233
18.8233
18.8233
18.8233
18.8233
18.8233
18.8233
18.8233
20.2685
20.2685
20.2685
20.2685
20.2685
20.2685
20.2685
20.2685
21.8536
21.8536
21.8536
21.8536
21.8536
21.8536
21.8536
21.8536
23.5545
23.5545
23.5545
23.5545
23.5545
23.5545
23.5545
23.5545
25.3357
25.3357
25.3357
25.3357
25.3357
25.3357
25.3357
25.3357
12.1376
12.1376
12.1376
12.1376
12.1376
12.1376
12.1376
12.1376
12.1893
12.1893
12.1893
12.1893
12.1893
12.1893
12.1893
12.1893
12.3305
12.3305
12.3305
12.3305
12.3305
12.3305
12.3305
12.3305
12.5651
12.5651
12.5651
12.5651
12.5651
12.5651
12.5651
12.5651
12.8994
12.8994
12.8994
12.8994
12.8994
12.8994
12.8994
12.8994
13.3418
13.3418
13.3418
13.3418
13.3418
13.3418
13.3418
13.3418
13.9021
13.9021
13.9021
13.9021
13.9021
13.9021
13.9021
13.9021
14.5912
14.5912
14.5912
14.5912
14.5912
14.5912
14.5912
14.5912
15.42
15.42
15.42
15.42
15.42
15.42
15.42
15.42
16.3978
16.3978
16.3978
16.3978
16.3978
16.3978
16.3978
16.3978
17.5315
17.5315
17.5315
17.5315
17.5315
17.5315
17.5315
17.5315
18.8233
18.8233
18.8233
18.8233
18.8233
18.8233
18.8233
18.8233
20.2685
20.2685
20.2685
20.2685
20.2685
20.2685
20.2685
20.2685
21.8536
21.8536
21.8536
21.8536
21.8536
21.8536
21.8536
21.8536
23.5545
23.5545
23.5545
23.5545
23.5545
23.5545
23.5545
23.5545
25.3357
25.3357
25.3357
25.3357
25.3357
25.3357
25.3357
25.3357
12.1376
12.1376
12.1376
12.1376
12.1376
12.1376
12.1376
12.1376
12.1893
12.1893
12.1893
12.1893
12.1893
12.1893
12.1893
12.1893
12.3305
12.3305
12.3305
12.3305
12.3305
12.3305
12.3305
12.3305
12.5651
12.5651
12.5651
12.5651
12.5651
12.5651
12.5651
12.5651
12.8994
12.8994
12.8994
12.8994
12.8994
12.8994
12.8994
12.8994
13.3418
13.3418
13.3418
13.3418
13.3418
13.3418
13.3418
13.3418
13.9021
13.9021
13.9021
13.9021
13.9021
13.9021
13.9021
13.9021
14.5912
14.5912
14.5912
14.5912
14.5912
14.5912
14.5912
14.5912
15.42
15.42
15.42
15.42
15.42
15.42
15.42
15.42
16.3978
16.3978
16.3978
16.3978
16.3978
16.3978
16.3978
16.3978
17.5315
17.5315
17.5315
17.5315
17.5315
17.5315
17.5315
17.5315
18.8233
18.8233
18.8233
18.8233
18.8233
18.8233
18.8233
18.8233
20.2685
20.2685
20.2685
20.2685
20.2685
20.2685
20.2685
20.2685
21.8536
21.8536
21.8536
21.8536
21.8536
21.8536
21.8536
21.8536
23.5545
23.5545
23.5545
23.5545
23.5545
23.5545
23.5545
23.5545
25.3357
25.3357
25.3357
25.3357
25.3357
25.3357
25.3357
25.3357
12.4387
12.4387
12.4387
12.4387
12.4387
12.4387
12.4387
12.4387
12.5508
12.5508
12.5508
12.5508
12.5508
12.5508
12.5508
12.5508
12.746
12.746
12.746
12.746
12.746
12.746
12.746
12.746
13.029
13.029
13.029
13.029
13.029
13.029
13.029
13.029
13.4071
13.4071
13.4071
13.4071
13.4071
13.4071
13.4071
13.4071
13.89
13.89
13.89
13.89
13.89
13.89
13.89
13.89
14.4893
14.4893
14.4893
14.4893
14.4893
14.4893
14.4893
14.4893
15.2174
15.2174
15.2174
15.2174
15.2174
15.2174
15.2174
15.2174
16.087
16.087
16.087
16.087
16.087
16.087
16.087
16.087
17.1094
17.1094
17.1094
17.1094
17.1094
17.1094
17.1094
17.1094
18.2932
18.2932
18.2932
18.2932
18.2932
18.2932
18.2932
18.2932
19.6416
19.6416
19.6416
19.6416
19.6416
19.6416
19.6416
19.6416
21.1508
21.1508
21.1508
21.1508
21.1508
21.1508
21.1508
21.1508
22.8071
22.8071
22.8071
22.8071
22.8071
22.8071
22.8071
22.8071
24.5849
24.5849
24.5849
24.5849
24.5849
24.5849
24.5849
24.5849
26.4455
26.4455
26.4455
26.4455
26.4455
26.4455
26.4455
26.4455
12.4387
12.4387
12.4387
12.4387
12.4387
12.4387
12.4387
12.4387
12.5508
12.5508
12.5508
12.5508
12.5508
12.5508
12.5508
12.5508
12.746
12.746
12.746
12.746
12.746
12.746
12.746
12.746
13.029
13.029
13.029
13.029
13.029
13.029
13.029
13.029
13.4071
13.4071
13.4071
13.4071
13.4071
13.4071
13.4071
13.4071
13.89
13.89
13.89
13.89
13.89
13.89
13.89
13.89
14.4893
14.4893
14.4893
14.4893
14.4893
14.4893
14.4893
14.4893
15.2174
15.2174
15.2174
15.2174
15.2174
15.2174
15.2174
15.2174
16.087
16.087
16.087
16.087
16.087
16.087
16.087
16.087
17.1094
17.1094
17.1094
17.1094
17.1094
17.1094
17.1094
17.1094
18.2932
18.2932
18.2932
18.2932
18.2932
18.2932
18.2932
18.2932
19.6416
19.6416
19.6416
19.6416
19.6416
19.6416
19.6416
19.6416
21.1508
21.1508
21.1508
21.1508
21.1508
21.1508
21.1508
21.1508
22.8071
22.8071
22.8071
22.8071
22.8071
22.8071
22.8071
22.8071
24.5849
24.5849
24.5849
24.5849
24.5849
24.5849
24.5849
24.5849
26.4455
26.4455
26.4455
26.4455
26.4455
26.4455
26.4455
26.4455
12.4387
12.4387
12.4387
12.4387
12.4387
12.4387
12.4387
12.4387
12.5508
12.5508
12.5508
12.5508
12.5508
12.5508
12.5508
12.5508
12.746
12.746
12.746
12.746
12.746
12.746
12.746
12.746
13.029
13.029
13.029
13.029
13.029
13.029
13.029
13.029
13.4071
13.4071
13.4071
13.4071
13.4071
13.4071
13.4071
13.4071
13.89
13.89
13.89
13.89
13.89
13.89
13.89
13.89
14.4893
14.4893
14.4893
14.4893
14.4893
14.4893
14.4893
14.4893
15.2174
15.2174
15.2174
15.2174
15.2174
15.2174
15.2174
15.2174
16.087
16.087
16.087
16.087
16.087
16.087
16.087
16.087
17.1094
17.1094
17.1094
17.1094
17.1094
17.1094
17.1094
17.1094
18.2932
18.2932
18.2932
18.2932
18.2932
18.2932
18.2932
18.2932
19.6416
19.6416
19.6416
19.6416
19.6416
19.6416
19.6416
19.6416
21.1508
21.1508
21.1508
21.1508
21.1508
21.1508
21.1508
21.1508
22.8071
22.8071
22.8071
22.8071
22.8071
22.8071
22.8071
22.8071
24.5849
24.5849
24.5849
24.5849
24.5849
24.5849
24.5849
24.5849
26.4455
26.4455
26.4455
26.4455
26.4455
26.4455
26.4455
26.4455
12.4387
12.4387
12.4387
12.4387
12.4387
12.4387
12.4387
12.4387
12.5508
12.5508
12.5508
12.5508
12.5508
12.5508
12.5508
12.5508
12.746
12.746
12.746
12.746
12.746
12.746
12.746
12.746
13.029
13.029
13.029
13.029
13.029
13.029
13.029
13.029
13.4071
13.4071
13.4071
13.4071
13.4071
13.4071
13.4071
13.4071
13.89
13.89
13.89
13.89
13.89
13.89
13.89
13.89
14.4893
14.4893
14.4893
14.4893
14.4893
14.4893
14.4893
14.4893
15.2174
15.2174
15.2174
15.2174
15.2174
15.2174
15.2174
15.2174
16.087
16.087
16.087
16.087
16.087
16.087
16.087
16.087
17.1094
17.1094
17.1094
17.1094
17.1094
17.1094
17.1094
17.1094
18.2932
18.2932
18.2932
18.2932
18.2932
18.2932
18.2932
18.2932
19.6416
19.6416
19.6416
19.6416
19.6416
19.6416
19.6416
19.6416
21.1508
21.1508
21.1508
21.1508
21.1508
21.1508
21.1508
21.1508
22.8071
22.8071
22.8071
22.8071
22.8071
22.8071
22.8071
22.8071
24.5849
24.5849
24.5849
24.5849
24.5849
24.5849
24.5849
24.5849
26.4455
26.4455
26.4455
26.4455
26.4455
26.4455
26.4455
26.4455
12.7602
12.7602
12.7602
12.7602
12.7602
12.7602
12.7602
12.7602
12.9329
12.9329
12.9329
12.9329
12.9329
12.9329
12.9329
12.9329
13.1784
13.1784
13.1784
13.1784
13.1784
13.1784
13.1784
13.1784
13.5014
13.5014
13.5014
13.5014
13.5014
13.5014
13.5014
13.5014
13.91
13.91
13.91
13.91
13.91
13.91
13.91
13.91
14.4148
14.4148
14.4148
14.4148
14.4148
14.4148
14.4148
14.4148
15.0281
15.0281
15.0281
15.0281
15.0281
15.0281
15.0281
15.0281
15.7638
15.7638
15.7638
15.7638
15.7638
15.7638
15.7638
15.7638
16.6354
16.6354
16.6354
16.6354
16.6354
16.6354
16.6354
16.6354
17.6556
17.6556
17.6556
17.6556
17.6556
17.6556
17.6556
17.6556
18.8339
18.8339
18.8339
18.8339
18.8339
18.8339
18.8339
18.8339
20.1748
20.1748
20.1748
20.1748
20.1748
20.1748
20.1748
20.1748
21.6751
21.6751
21.6751
21.6751
21.6751
21.6751
21.6751
21.6751
23.3214
23.3214
23.3214
23.3214
23.3214
23.3214
23.3214
23.3214
25.088
25.088
25.088
25.088
25.088
25.088
25.088
25.088
26.9354
26.9354
26.9354
26.9354
26.9354
26.9354
26.9354
26.9354
12.7602
12.7602
12.7602
12.7602
12.7602
12.7602
12.7602
12.7602
12.9329
12.9329
12.9329
12.9329
12.9329
12.9329
12.9329
12.9329
13.1784
13.1784
13.1784
13.1784
13.1784
13.1784
13.1784
13.1784
13.5014
13.5014
13.5014
13.5014
13.5014
13.5014
13.5014
13.5014
13.91
13.91
13.91
13.91
13.91
13.91
13.91
13.91
14.4148
14.4148
14.4148
14.4148
14.4148
14.4148
14.4148
14.4148
15.0281
15.0281
15.0281
15.0281
15.0281
15.0281
15.0281
15.0281
15.7638
15.7638
15.7638
15.7638
15.7638
15.7638
15.7638
15.7638
16.6354
16.6354
16.6354
16.6354
16.6354
16.6354
16.6354
16.6354
17.6556
17.6556
17.6556
17.6556
17.6556
17.6556
17.6556
17.6556
18.8339
18.8339
18.8339
18.8339
18.8339
18.8339
18.8339
18.8339
20.1748
20.1748
20.1748
20.1748
20.1748
20.1748
20.1748
20.1748
21.6751
21.6751
21.6751
21.6751
21.6751
21.6751
21.6751
21.6751
23.3214
23.3214
23.3214
23.3214
23.3214
23.3214
23.3214
23.3214
25.088
25.088
25.088
25.088
25.088
25.088
25.088
25.088
26.9354
26.9354
26.9354
26.9354
26.9354
26.9354
26.9354
26.9354
12.7602
12.7602
12.7602
12.7602
12.7602
12.7602
12.7602
12.7602
12.9329
12.9329
12.9329
12.9329
12.9329
12.9329
12.9329
12.9329
13.1784
13.1784
13.1784
13.1784
13.1784
13.1784
13.1784
13.1784
13.5014
13.5014
13.5014
13.5014
13.5014
13.5014
13.5014
13.5014
13.91
13.91
13.91
13.91
13.91
13.91
13.91
13.91
14.4148
14.4148
14.4148
14.4148
14.4148
14.4148
14.4148
14.4148
15.0281
15.0281
15.0281
15.0281
15.0281
15.0281
15.0281
15.0281
15.7638
15.7638
15.7638
15.7638
15.7638
15.7638
15.7638
15.7638
16.6354
16.6354
16.6354
16.6354
16.6354
16.6354
16.6354
16.6354
17.6556
17.6556
17.6556
17.6556
17.6556
17.6556
17.6556
17.6556
18.8339
18.8339
18.8339
18.8339
18.8339
18.8339
18.8339
18.8339
20.1748
20.1748
20.1748
20.1748
20.1748
20.1748
20.1748
20.1748
21.6751
21.6751
21.6751
21.6751
21.6751
21.6751
21.6751
21.6751
23.3214
23.3214
23.3214
23.3214
23.3214
23.3214
23.3214
23.3214
25.088
25.088
25.088
25.088
25.088
25.088
25.088
25.088
26.9354
26.9354
26.9354
26.9354
26.9354
26.9354
26.9354
26.9354
12.7602
12.7602
12.7602
12.7602
12.7602
12.7602
12.7602
12.7602
12.9329
12.9329
12.9329
12.9329
12.9329
12.9329
12.9329
12.9329
13.1784
13.1784
13.1784
13.1784
13.1784
13.1784
13.1784
13.1784
13.5014
13.5014
13.5014
13.5014
13.5014
13.5014
13.5014
13.5014
13.91
13.91
13.91
13.91
13.91
13.91
13.91
13.91
14.4148
14.4148
14.4148
14.4148
14.4148
14.4148
14.4148
14.4148
15.0281
15.0281
15.0281
15.0281
15.0281
15.0281
15.0281
15.0281
15.7638
15.7638
15.7638
15.7638
15.7638
15.7638
15.7638
15.7638
16.6354
16.6354
16.6354
16.6354
16.6354
16.6354
16.6354
16.6354
17.6556
17.6556
17.6556
17.6556
17.6556
17.6556
17.6556
17.6556
18.8339
18.8339
18.8339
18.8339
18.8339
18.8339
18.8339
18.8339
20.1748
20.1748
20.1748
20.1748
20.1748
20.1748
20.1748
20.1748
21.6751
21.6751
21.6751
21.6751
21.6751
21.6751
21.6751
21.6751
23.3214
23.3214
23.3214
23.3214
23.3214
23.3214
23.3214
23.3214
25.088
25.088
25.088
25.088
25.088
25.088
25.088
25.088
26.9354
26.9354
26.9354
26.9354
26.9354
26.9354
26.9354
26.9354
13.0851
13.0851
13.0851
13.0851
13.0851
13.0851
13.0851
13.0851
13.318
13.318
13.318
13.318
13.318
13.318
13.318
13.318
13.6089
13.6089
13.6089
13.6089
13.6089
13.6089
13.6089
13.6089
13.9626
13.9626
13.9626
13.9626
13.9626
13.9626
13.9626
13.9626
14.3868
14.3868
14.3868
14.3868
14.3868
14.3868
14.3868
14.3868
14.8922
14.8922
14.8922
14.8922
14.8922
14.8922
14.8922
14.8922
15.4918
15.4918
15.4918
15.4918
15.4918
15.4918
15.4918
15.4918
16.1999
16.1999
16.1999
16.1999
16.1999
16.1999
16.1999
16.1999
17.0309
17.0309
17.0309
17.0309
17.0309
17.0309
17.0309
17.0309
17.9978
17.9978
17.9978
17.9978
17.9978
17.9978
17.9978
17.9978
19.111
19.111
19.111
19.111
19.111
19.111
19.111
19.111
20.3756
20.3756
20.3756
20.3756
20.3756
20.3756
20.3756
20.3756
21.7891
21.7891
21.7891
21.7891
21.7891
21.7891
21.7891
21.7891
23.3395
23.3395
23.3395
23.3395
23.3395
23.3395
23.3395
23.3395
25.0023
25.0023
25.0023
25.0023
25.0023
25.0023
25.0023
25.0023
26.7397
26.7397
26.7397
26.7397
26.7397
26.7397
26.7397
26.7397
13.0851
13.0851
13.0851
13.0851
13.0851
13.0851
13.0851
13.0851
13.318
13.318
13.318
13.318
13.318
13.318
13.318
13.318
13.6089
13.6089
13.6089
13.6089
13.6089
13.6089
13.6089
13.6089
13.9626
13.9626
13.9626
13.9626
13.9626
13.9626
13.9626
13.9626
14.3868
14.3868
14.3868
14.3868
14.3868
14.3868
14.3868
14.3868
14.8922
14.8922
14.8922
14.8922
14.8922
14.8922
14.8922
14.8922
15.4918
15.4918
15.4918
15.4918
15.4918
15.4918
15.4918
15.4918
16.1999
16.1999
16.1999
16.1999
16.1999
16.1999
16.1999
16.1999
17.0309
17.0309
17.0309
17.0309
17.0309
17.0309
17.0309
17.0309
17.9978
17.9978
17.9978
17.9978
17.9978
17.9978
17.9978
17.9978
19.111
19.111
19.111
19.111
19.111
19.111
19.111
19.111
20.3756
20.3756
20.3756
20.3756
20.3756
20.3756
20.3756
20.3756
21.7891
21.7891
21.7891
21.7891
21.7891
21.7891
21.7891
21.7891
23.3395
23.3395
23.3395
23.3395
23.3395
23.3395
23.3395
23.3395
25.0023
25.0023
25.0023
25.0023
25.0023
25.0023
25.0023
25.0023
26.7397
26.7397
26.7397
26.7397
26.7397
26.7397
26.7397
26.7397
13.0851
13.0851
13.0851
13.0851
13.0851
13.0851
13.0851
13.0851
13.318
13.318
13.318
13.318
13.318
13.318
13.318
13.318
13.6089
13.6089
13.6089
13.6089
13.6089
13.6089
13.6089
13.6089
13.9626
13.9626
13.9626
13.9626
13.9626
13.9626
13.9626
13.9626
14.3868
14.3868
14.3868
14.3868
14.3868
14.3868
14.3868
14.3868
14.8922
14.8922
14.8922
14.8922
14.8922
14.8922
14.8922
14.8922
15.4918
15.4918
15.4918
15.4918
15.4918
15.4918
15.4918
15.4918
16.1999
16.1999
16.1999
16.1999
16.1999
16.1999
16.1999
16.1999
17.0309
17.0309
17.0309
17.0309
17.0309
17.0309
17.0309
17.0309
17.9978
17.9978
17.9978
17.9978
17.9978
17.9978
17.9978
17.9978
19.111
19.111
19.111
19.111
19.111
19.111
19.111
19.111
20.3756
20.3756
20.3756
20.3756
20.3756
20.3756
20.3756
20.3756
21.7891
21.7891
21.7891
21.7891
21.7891
21.7891
21.7891
21.7891
23.3395
23.3395
23.3395
23.3395
23.3395
23.3395
23.3395
23.3395
25.0023
25.0023
25.0023
25.0023
25.0023
25.0023
25.0023
25.0023
26.7397
26.7397
26.7397
26.7397
26.7397
26.7397
26.7397
26.7397
13.0851
13.0851
13.0851
13.0851
13.0851
13.0851
13.0851
13.0851
13.318
13.318
13.318
13.318
13.318
13.318
13.318
13.318
13.6089
13.6089
13.6089
13.6089
13.6089
13.6089
13.6089
13.6089
13.9626
13.9626
13.9626
13.9626
13.9626
13.9626
13.9626
13.9626
14.3868
14.3868
14.3868
14.3868
14.3868
14.3868
14.3868
14.3868
14.8922
14.8922
14.8922
14.8922
14.8922
14.8922
14.8922
14.8922
15.4918
15.4918
15.4918
15.4918
15.4918
15.4918
15.4918
15.4918
16.1999
16.1999
16.1999
16.1999
16.1999
16.1999
16.1999
16.1999
17.0309
17.0309
17.0309
17.0309
17.0309
17.0309
17.0309
17.0309
17.9978
17.9978
17.9978
17.9978
17.9978
17.9978
17.9978
17.9978
19.111
19.111
19.111
19.111
19.111
19.111
19.111
19.111
20.3756
20.3756
20.3756
20.3756
20.3756
20.3756
20.3756
20.3756
21.7891
21.7891
21.7891
21.7891
21.7891
21.7891
21.7891
21.7891
23.3395
23.3395
23.3395
23.3395
23.3395
23.3395
23.3395
23.3395
25.0023
25.0023
25.0023
25.0023
25.0023
25.0023
25.0023
25.0023
26.7397
26.7397
26.7397
26.7397
26.7397
26.7397
26.7397
26.7397
13.4009
13.4009
13.4009
13.4009
13.4009
13.4009
13.4009
13.4009
13.6929
13.6929
13.6929
13.6929
13.6929
13.6929
13.6929
13.6929
14.0241
14.0241
14.0241
14.0241
14.0241
14.0241
14.0241
14.0241
14.3981
14.3981
14.3981
14.3981
14.3981
14.3981
14.3981
14.3981
14.8219
14.8219
14.8219
14.8219
14.8219
14.8219
14.8219
14.8219
15.306
15.306
15.306
15.306
15.306
15.306
15.306
15.306
15.8635
15.8635
15.8635
15.8635
15.8635
15.8635
15.8635
15.8635
16.5089
16.5089
16.5089
16.5089
16.5089
16.5089
16.5089
16.5089
17.257
17.257
17.257
17.257
17.257
17.257
17.257
17.257
18.1212
18.1212
18.1212
18.1212
18.1212
18.1212
18.1212
18.1212
19.1123
19.1123
19.1123
19.1123
19.1123
19.1123
19.1123
19.1123
20.2362
20.2362
20.2362
20.2362
20.2362
20.2362
20.2362
20.2362
21.4917
21.4917
21.4917
21.4917
21.4917
21.4917
21.4917
21.4917
22.8684
22.8684
22.8684
22.8684
22.8684
22.8684
22.8684
22.8684
24.3448
24.3448
24.3448
24.3448
24.3448
24.3448
24.3448
24.3448
25.8872
25.8872
25.8872
25.8872
25.8872
25.8872
25.8872
25.8872
13.4009
13.4009
13.4009
13.4009
13.4009
13.4009
13.4009
13.4009
13.6929
13.6929
13.6929
13.6929
13.6929
13.6929
13.6929
13.6929
14.0241
14.0241
14.0241
14.0241
14.0241
14.0241
14.0241
14.0241
14.3981
14.3981
14.3981
14.3981
14.3981
14.3981
14.3981
14.3981
14.8219
14.8219
14.8219
14.8219
14.8219
14.8219
14.8219
14.8219
15.306
15.306
15.306
15.306
15.306
15.306
15.306
15.306
15.8635
15.8635
15.8635
15.8635
15.8635
15.8635
15.8635
15.8635
16.5089
16.5089
16.5089
16.5089
16.5089
16.5089
16.5089
16.5089
17.257
17.257
17.257
17.257
17.257
17.257
17.257
17.257
18.1212
18.1212
18.1212
18.1212
18.1212
18.1212
18.1212
18.1212
19.1123
19.1123
19.1123
19.1123
19.1123
19.1123
19.1123
19.1123
20.2362
20.2362
20.2362
20.2362
20.2362
20.2362
20.2362
20.2362
21.4917
21.4917
21.4917
21.4917
21.4917
21.4917
21.4917
21.4917
22.8684
22.8684
22.8684
22.8684
22.8684
22.8684
22.8684
22.8684
24.3448
24.3448
24.3448
24.3448
24.3448
24.3448
24.3448
24.3448
25.8872
25.8872
25.8872
25.8872
25.8872
25.8872
25.8872
25.8872
13.4009
13.4009
13.4009
13.4009
13.4009
13.4009
13.4009
13.4009
13.6929
13.6929
13.6929
13.6929
13.6929
13.6929
13.6929
13.6929
14.0241
14.0241
14.0241
14.0241
14.0241
14.0241
14.0241
14.0241
14.3981
14.3981
14.3981
14.3981
14.3981
14.3981
14.3981
14.3981
14.8219
14.8219
14.8219
14.8219
14.8219
14.8219
14.8219
14.8219
15.306
15.306
15.306
15.306
15.306
15.306
15.306
15.306
15.8635
15.8635
15.8635
15.8635
15.8635
15.8635
15.8635
15.8635
16.5089
16.5089
16.5089
16.5089
16.5089
16.5089
16.5089
16.5089
17.257
17.257
17.257
17.257
17.257
17.257
17.257
17.257
18.1212
18.1212
18.1212
18.1212
18.1212
18.1212
18.1212
18.1212
19.1123
19.1123
19.1123
19.1123
19.1123
19.1123
19.1123
19.1123
20.2362
20.2362
20.2362
20.2362
20.2362
20.2362
20.2362
20.2362
21.4917
21.4917
21.4917
21.4917
21.4917
21.4917
21.4917
21.4917
22.8684
22.8684
22.8684
22.8684
22.8684
22.8684
22.8684
22.8684
24.3448
24.3448
24.3448
24.3448
24.3448
24.3448
24.3448
24.3448
25.8872
25.8872
25.8872
25.8872
25.8872
25.8872
25.8872
25.8872
13.4009
13.4009
13.4009
13.4009
13.4009
13.4009
13.4009
13.4009
13.6929
13.6929
13.6929
13.6929
13.6929
13.6929
13.6929
13.6929
14.0241
14.0241
14.0241
14.0241
14.0241
14.0241
14.0241
14.0241
14.3981
14.3981
14.3981
14.3981
14.3981
14.3981
14.3981
14.3981
14.8219
14.8219
14.8219
14.8219
14.8219
14.8219
14.8219
14.8219
15.306
15.306
15.306
15.306
15.306
15.306
15.306
15.306
15.8635
15.8635
15.8635
15.8635
15.8635
15.8635
15.8635
15.8635
16.5089
16.5089
16.5089
16.5089
16.5089
16.5089
16.5089
16.5089
17.257
17.257
17.257
17.257
17.257
17.257
17.257
17.257
18.1212
18.1212
18.1212
18.1212
18.1212
18.1212
18.1212
18.1212
19.1123
19.1123
19.1123
19.1123
19.1123
19.1123
19.1123
19.1123
20.2362
20.2362
20.2362
20.2362
20.2362
20.2362
20.2362
20.2362
21.4917
21.4917
21.4917
21.4917
21.4917
21.4917
21.4917
21.4917
22.8684
22.8684
22.8684
22.8684
22.8684
22.8684
22.8684
22.8684
24.3448
24.3448
24.3448
24.3448
24.3448
24.3448
24.3448
24.3448
25.8872
25.8872
25.8872
25.8872
25.8872
25.8872
25.8872
25.8872
13.7002
13.7002
13.7002
13.7002
13.7002
13.7002
13.7002
13.7002
14.0497
14.0497
14.0497
14.0497
14.0497
14.0497
14.0497
14.0497
14.4157
14.4157
14.4157
14.4157
14.4157
14.4157
14.4157
14.4157
14.7998
14.7998
14.7998
14.7998
14.7998
14.7998
14.7998
14.7998
15.2077
15.2077
15.2077
15.2077
15.2077
15.2077
15.2077
15.2077
15.6495
15.6495
15.6495
15.6495
15.6495
15.6495
15.6495
15.6495
16.1383
16.1383
16.1383
16.1383
16.1383
16.1383
16.1383
16.1383
16.689
16.689
16.689
16.689
16.689
16.689
16.689
16.689
17.3166
17.3166
17.3166
17.3166
17.3166
17.3166
17.3166
17.3166
18.0357
18.0357
18.0357
18.0357
18.0357
18.0357
18.0357
18.0357
18.8576
18.8576
18.8576
18.8576
18.8576
18.8576
18.8576
18.8576
19.7891
19.7891
19.7891
19.7891
19.7891
19.7891
19.7891
19.7891
20.8309
20.8309
20.8309
20.8309
20.8309
20.8309
20.8309
20.8309
21.9751
21.9751
21.9751
21.9751
21.9751
21.9751
21.9751
21.9751
23.2046
23.2046
23.2046
23.2046
23.2046
23.2046
23.2046
23.2046
24.4912
24.4912
24.4912
24.4912
24.4912
24.4912
24.4912
24.4912
13.7002
13.7002
13.7002
13.7002
13.7002
13.7002
13.7002
13.7002
14.0497
14.0497
14.0497
14.0497
14.0497
14.0497
14.0497
14.0497
14.4157
14.4157
14.4157
14.4157
14.4157
14.4157
14.4157
14.4157
14.7998
14.7998
14.7998
14.7998
14.7998
14.7998
14.7998
14.7998
15.2077
15.2077
15.2077
15.2077
15.2077
15.2077
15.2077
15.2077
15.6495
15.6495
15.6495
15.6495
15.6495
15.6495
15.6495
15.6495
16.1383
16.1383
16.1383
16.1383
16.1383
16.1383
16.1383
16.1383
16.689
16.689
16.689
16.689
16.689
16.689
16.689
16.689
17.3166
17.3166
17.3166
17.3166
17.3166
17.3166
17.3166
17.3166
18.0357
18.0357
18.0357
18.0357
18.0357
18.0357
18.0357
18.0357
18.8576
18.8576
18.8576
18.8576
18.8576
18.8576
18.8576
18.8576
19.7891
19.7891
19.7891
19.7891
19.7891
19.7891
19.7891
19.7891
20.8309
20.8309
20.8309
20.8309
20.8309
20.8309
20.8309
20.8309
21.9751
21.9751
21.9751
21.9751
21.9751
21.9751
21.9751
21.9751
23.2046
23.2046
23.2046
23.2046
23.2046
23.2046
23.2046
23.2046
24.4912
24.4912
24.4912
24.4912
24.4912
24.4912
24.4912
24.4912
13.7002
13.7002
13.7002
13.7002
13.7002
13.7002
13.7002
13.7002
14.0497
14.0497
14.0497
14.0497
14.0497
14.0497
14.0497
14.0497
14.4157
14.4157
14.4157
14.4157
14.4157
14.4157
14.4157
14.4157
14.7998
14.7998
14.7998
14.7998
14.7998
14.7998
14.7998
14.7998
15.2077
15.2077
15.2077
15.2077
15.2077
15.2077
15.2077
15.2077
15.6495
15.6495
15.6495
15.6495
15.6495
15.6495
15.6495
15.6495
16.1383
16.1383
16.1383
16.1383
16.1383
16.1383
16.1383
16.1383
16.689
16.689
16.689
16.689
16.689
16.689
16.689
16.689
17.3166
17.3166
17.3166
17.3166
17.3166
17.3166
17.3166
17.3166
18.0357
18.0357
18.0357
18.0357
18.0357
18.0357
18.0357
18.0357
18.8576
18.8576
18.8576
18.8576
18.8576
18.8576
18.8576
18.8576
19.7891
19.7891
19.7891
19.7891
19.7891
19.7891
19.7891
19.7891
20.8309
20.8309
20.8309
20.8309
20.8309
20.8309
20.8309
20.8309
21.9751
21.9751
21.9751
21.9751
21.9751
21.9751
21.9751
21.9751
23.2046
23.2046
23.2046
23.2046
23.2046
23.2046
23.2046
23.2046
24.4912
24.4912
24.4912
24.4912
24.4912
24.4912
24.4912
24.4912
13.7002
13.7002
13.7002
13.7002
13.7002
13.7002
13.7002
13.7002
14.0497
14.0497
14.0497
14.0497
14.0497
14.0497
14.0497
14.0497
14.4157
14.4157
14.4157
14.4157
14.4157
14.4157
14.4157
14.4157
14.7998
14.7998
14.7998
14.7998
14.7998
14.7998
14.7998
14.7998
15.2077
15.2077
15.2077
15.2077
15.2077
15.2077
15.2077
15.2077
15.6495
15.6495
15.6495
15.6495
15.6495
15.6495
15.6495
15.6495
16.1383
16.1383
16.1383
16.1383
16.1383
16.1383
16.1383
16.1383
16.689
16.689
16.689
16.689
16.689
16.689
16.689
16.689
17.3166
17.3166
17.3166
17.3166
17.3166
17.3166
17.3166
17.3166
18.0357
18.0357
18.0357
18.0357
18.0357
18.0357
18.0357
18.0357
18.8576
18.8576
18.8576
18.8576
18.8576
18.8576
18.8576
18.8576
19.7891
19.7891
19.7891
19.7891
19.7891
19.7891
19.7891
19.7891
20.8309
20.8309
20.8309
20.8309
20.8309
20.8309
20.8309
20.8309
21.9751
21.9751
21.9751
21.9751
21.9751
21.9751
21.9751
21.9751
23.2046
23.2046
23.2046
23.2046
23.2046
23.2046
23.2046
23.2046
24.4912
24.4912
24.4912
24.4912
24.4912
24.4912
24.4912
24.4912
13.9809
13.9809
13.9809
13.9809
13.9809
13.9809
13.9809
13.9809
14.3858
14.3858
14.3858
14.3858
14.3858
14.3858
14.3858
14.3858
14.7812
14.7812
14.7812
14.7812
14.7812
14.7812
14.7812
14.7812
15.1658
15.1658
15.1658
15.1658
15.1658
15.1658
15.1658
15.1658
15.544
15.544
15.544
15.544
15.544
15.544
15.544
15.544
15.9252
15.9252
15.9252
15.9252
15.9252
15.9252
15.9252
15.9252
16.3228
16.3228
16.3228
16.3228
16.3228
16.3228
16.3228
16.3228
16.7525
16.7525
16.7525
16.7525
16.7525
16.7525
16.7525
16.7525
17.2308
17.2308
17.2308
17.2308
17.2308
17.2308
17.2308
17.2308
17.7732
17.7732
17.7732
17.7732
17.7732
17.7732
17.7732
17.7732
18.3926
18.3926
18.3926
18.3926
18.3926
18.3926
18.3926
18.3926
19.0978
19.0978
19.0978
19.0978
19.0978
19.0978
19.0978
19.0978
19.8917
19.8917
19.8917
19.8917
19.8917
19.8917
19.8917
19.8917
20.7699
20.7699
20.7699
20.7699
20.7699
20.7699
20.7699
20.7699
21.7201
21.7201
21.7201
21.7201
21.7201
21.7201
21.7201
21.7201
22.7207
22.7207
22.7207
22.7207
22.7207
22.7207
22.7207
22.7207
13.9809
13.9809
13.9809
13.9809
13.9809
13.9809
13.9809
13.9809
14.3858
14.3858
14.3858
14.3858
14.3858
14.3858
14.3858
14.3858
14.7812
14.7812
14.7812
14.7812
14.7812
14.7812
14.7812
14.7812
15.1658
15.1658
15.1658
15.1658
15.1658
15.1658
15.1658
15.1658
15.544
15.544
15.544
15.544
15.544
15.544
15.544
15.544
15.9252
15.9252
15.9252
15.9252
15.9252
15.9252
15.9252
15.9252
16.3228
16.3228
16.3228
16.3228
16.3228
16.3228
16.3228
16.3228
16.7525
16.7525
16.7525
16.7525
16.7525
16.7525
16.7525
16.7525
17.2308
17.2308
17.2308
17.2308
17.2308
17.2308
17.2308
17.2308
17.7732
17.7732
17.7732
17.7732
17.7732
17.7732
17.7732
17.7732
18.3926
18.3926
18.3926
18.3926
18.3926
18.3926
18.3926
18.3926
19.0978
19.0978
19.0978
19.0978
19.0978
19.0978
19.0978
19.0978
19.8917
19.8917
19.8917
19.8917
19.8917
19.8917
19.8917
19.8917
20.7699
20.7699
20.7699
20.7699
20.7699
20.7699
20.7699
20.7699
21.7201
21.7201
21.7201
21.7201
21.7201
21.7201
21.7201
21.7201
22.7207
22.7207
22.7207
22.7207
22.7207
22.7207
22.7207
22.7207
13.9809
13.9809
13.9809
13.9809
13.9809
13.9809
13.9809
13.9809
14.3858
14.3858
14.3858
14.3858
14.3858
14.3858
14.3858
14.3858
14.7812
14.7812
14.7812
14.7812
14.7812
14.7812
14.7812
14.7812
15.1658
15.1658
15.1658
15.1658
15.1658
15.1658
15.1658
15.1658
15.544
15.544
15.544
15.544
15.544
15.544
15.544
15.544
15.9252
15.9252
15.9252
15.9252
15.9252
15.9252
15.9252
15.9252
16.3228
16.3228
16.3228
16.3228
16.3228
16.3228
16.3228
16.3228
16.7525
16.7525
16.7525
16.7525
16.7525
16.7525
16.7525
16.7525
17.2308
17.2308
17.2308
17.2308
17.2308
17.2308
17.2308
17.2308
17.7732
17.7732
17.7732
17.7732
17.7732
17.7732
17.7732
17.7732
18.3926
18.3926
18.3926
18.3926
18.3926
18.3926
18.3926
18.3926
19.0978
19.0978
19.0978
19.0978
19.0978
19.0978
19.0978
19.0978
19.8917
19.8917
19.8917
19.8917
19.8917
19.8917
19.8917
19.8917
20.7699
20.7699
20.7699
20.7699
20.7699
20.7699
20.7699
20.7699
21.7201
21.7201
21.7201
21.7201
21.7201
21.7201
21.7201
21.7201
22.7207
22.7207
22.7207
22.7207
22.7207
22.7207
22.7207
22.7207
13.9809
13.9809
13.9809
13.9809
13.9809
13.9809
13.9809
13.9809
14.3858
14.3858
14.3858
14.3858
14.3858
14.3858
14.3858
14.3858
14.7812
14.7812
14.7812
14.7812
14.7812
14.7812
14.7812
14.7812
15.1658
15.1658
15.1658
15.1658
15.1658
15.1658
15.1658
15.1658
15.544
15.544
15.544
15.544
15.544
15.544
15.544
15.544
15.9252
15.9252
15.9252
15.9252
15.9252
15.9252
15.9252
15.9252
16.3228
16.3228
16.3228
16.3228
16.3228
16.3228
16.3228
16.3228
16.7525
16.7525
16.7525
16.7525
16.7525
16.7525
16.7525
16.7525
17.2308
17.2308
17.2308
17.2308
17.2308
17.2308
17.2308
17.2308
17.7732
17.7732
17.7732
17.7732
17.7732
17.7732
17.7732
17.7732
18.3926
18.3926
18.3926
18.3926
18.3926
18.3926
18.3926
18.3926
19.0978
19.0978
19.0978
19.0978
19.0978
19.0978
19.0978
19.0978
19.8917
19.8917
19.8917
19.8917
19.8917
19.8917
19.8917
19.8917
20.7699
20.7699
20.7699
20.7699
20.7699
20.7699
20.7699
20.7699
21.7201
21.7201
21.7201
21.7201
21.7201
21.7201
21.7201
21.7201
22.7207
22.7207
22.7207
22.7207
22.7207
22.7207
22.7207
22.7207
14.2452
14.2452
14.2452
14.2452
14.2452
14.2452
14.2452
14.2452
14.7032
14.7032
14.7032
14.7032
14.7032
14.7032
14.7032
14.7032
15.123
15.123
15.123
15.123
15.123
15.123
15.123
15.123
15.5
15.5
15.5
15.5
15.5
15.5
15.5
15.5
15.8371
15.8371
15.8371
15.8371
15.8371
15.8371
15.8371
15.8371
16.1432
16.1432
16.1432
16.1432
16.1432
16.1432
16.1432
16.1432
16.4327
16.4327
16.4327
16.4327
16.4327
16.4327
16.4327
16.4327
16.7229
16.7229
16.7229
16.7229
16.7229
16.7229
16.7229
16.7229
17.0326
17.0326
17.0326
17.0326
17.0326
17.0326
17.0326
17.0326
17.3798
17.3798
17.3798
17.3798
17.3798
17.3798
17.3798
17.3798
17.7797
17.7797
17.7797
17.7797
17.7797
17.7797
17.7797
17.7797
18.2438
18.2438
18.2438
18.2438
18.2438
18.2438
18.2438
18.2438
18.7778
18.7778
18.7778
18.7778
18.7778
18.7778
18.7778
18.7778
19.3816
19.3816
19.3816
19.3816
19.3816
19.3816
19.3816
19.3816
20.0476
20.0476
20.0476
20.0476
20.0476
20.0476
20.0476
20.0476
20.7612
20.7612
20.7612
20.7612
20.7612
20.7612
20.7612
20.7612
14.2452
14.2452
14.2452
14.2452
14.2452
14.2452
14.2452
14.2452
14.7032
14.7032
14.7032
14.7032
14.7032
14.7032
14.7032
14.7032
15.123
15.123
15.123
15.123
15.123
15.123
15.123
15.123
15.5
15.5
15.5
15.5
15.5
15.5
15.5
15.5
15.8371
15.8371
15.8371
15.8371
15.8371
15.8371
15.8371
15.8371
16.1432
16.1432
16.1432
16.1432
16.1432
16.1432
16.1432
16.1432
16.4327
16.4327
16.4327
16.4327
16.4327
16.4327
16.4327
16.4327
16.7229
16.7229
16.7229
16.7229
16.7229
16.7229
16.7229
16.7229
17.0326
17.0326
17.0326
17.0326
17.0326
17.0326
17.0326
17.0326
17.3798
17.3798
17.3798
17.3798
17.3798
17.3798
17.3798
17.3798
17.7797
17.7797
17.7797
17.7797
17.7797
17.7797
17.7797
17.7797
18.2438
18.2438
18.2438
18.2438
18.2438
18.2438
18.2438
18.2438
18.7778
18.7778
18.7778
18.7778
18.7778
18.7778
18.7778
18.7778
19.3816
19.3816
19.3816
19.3816
19.3816
19.3816
19.3816
19.3816
20.0476
20.0476
20.0476
20.0476
20.0476
20.0476
20.0476
20.0476
20.7612
20.7612
20.7612
20.7612
20.7612
20.7612
20.7612
20.7612
14.2452
14.2452
14.2452
14.2452
14.2452
14.2452
14.2452
14.2452
14.7032
14.7032
14.7032
14.7032
14.7032
14.7032
14.7032
14.7032
15.123
15.123
15.123
15.123
15.123
15.123
15.123
15.123
15.5
15.5
15.5
15.5
15.5
15.5
15.5
15.5
15.8371
15.8371
15.8371
15.8371
15.8371
15.8371
15.8371
15.8371
16.1432
16.1432
16.1432
16.1432
16.1432
16.1432
16.1432
16.1432
16.4327
16.4327
16.4327
16.4327
16.4327
16.4327
16.4327
16.4327
16.7229
16.7229
16.7229
16.7229
16.7229
16.7229
16.7229
16.7229
17.0326
17.0326
17.0326
17.0326
17.0326
17.0326
17.0326
17.0326
17.3798
17.3798
17.3798
17.3798
17.3798
17.3798
17.3798
17.3798
17.7797
17.7797
17.7797
17.7797
17.7797
17.7797
17.7797
17.7797
18.2438
18.2438
18.2438
18.2438
18.2438
18.2438
18.2438
18.2438
18.7778
18.7778
18.7778
18.7778
18.7778
18.7778
18.7778
18.7778
19.3816
19.3816
19.3816
19.3816
19.3816
19.3816
19.3816
19.3816
20.0476
20.0476
20.0476
20.0476
20.0476
20.0476
20.0476
20.0476
20.7612
20.7612
20.7612
20.7612
20.7612
20.7612
20.7612
20.7612
14.2452
14.2452
14.2452
14.2452
14.2452
14.2452
14.2452
14.2452
14.7032
14.7032
14.7032
14.7032
14.7032
14.7032
14.7032
14.7032
15.123
15.123
15.123
15.123
15.123
15.123
15.123
15.123
15.5
15.5
15.5
15.5
15.5
15.5
15.5
15.5
15.8371
15.8371
15.8371
15.8371
15.8371
15.8371
15.8371
15.8371
16.1432
16.1432
16.1432
16.1432
16.1432
16.1432
16.1432
16.1432
16.4327
16.4327
16.4327
16.4327
16.4327
16.4327
16.4327
16.4327
16.7229
16.7229
16.7229
16.7229
16.7229
16.7229
16.7229
16.7229
17.0326
17.0326
17.0326
17.0326
17.0326
17.0326
17.0326
17.0326
17.3798
17.3798
17.3798
17.3798
17.3798
17.3798
17.3798
17.3798
17.7797
17.7797
17.7797
17.7797
17.7797
17.7797
17.7797
17.7797
18.2438
18.2438
18.2438
18.2438
18.2438
18.2438
18.2438
18.2438
18.7778
18.7778
18.7778
18.7778
18.7778
18.7778
18.7778
18.7778
19.3816
19.3816
19.3816
19.3816
19.3816
19.3816
19.3816
19.3816
20.0476
20.0476
20.0476
20.0476
20.0476
20.0476
20.0476
20.0476
20.7612
20.7612
20.7612
20.7612
20.7612
20.7612
20.7612
20.7612
14.499
14.499
14.499
14.499
14.499
14.499
14.499
14.499
15.0072
15.0072
15.0072
15.0072
15.0072
15.0072
15.0072
15.0072
15.447
15.447
15.447
15.447
15.447
15.447
15.447
15.447
15.8103
15.8103
15.8103
15.8103
15.8103
15.8103
15.8103
15.8103
16.0979
16.0979
16.0979
16.0979
16.0979
16.0979
16.0979
16.0979
16.319
16.319
16.319
16.319
16.319
16.319
16.319
16.319
16.4895
16.4895
16.4895
16.4895
16.4895
16.4895
16.4895
16.4895
16.6299
16.6299
16.6299
16.6299
16.6299
16.6299
16.6299
16.6299
16.7622
16.7622
16.7622
16.7622
16.7622
16.7622
16.7622
16.7622
16.9079
16.9079
16.9079
16.9079
16.9079
16.9079
16.9079
16.9079
17.086
17.086
17.086
17.086
17.086
17.086
17.086
17.086
17.311
17.311
17.311
17.311
17.311
17.311
17.311
17.311
17.5925
17.5925
17.5925
17.5925
17.5925
17.5925
17.5925
17.5925
17.9342
17.9342
17.9342
17.9342
17.9342
17.9342
17.9342
17.9342
18.3333
18.3333
18.3333
18.3333
18.3333
18.3333
18.3333
18.3333
18.7811
18.7811
18.7811
18.7811
18.7811
18.7811
18.7811
18.7811
14.499
14.499
14.499
14.499
14.499
14.499
14.499
14.499
15.0072
15.0072
15.0072
15.0072
15.0072
15.0072
15.0072
15.0072
15.447
15.447
15.447
15.447
15.447
15.447
15.447
15.447
15.8103
15.8103
15.8103
15.8103
15.8103
15.8103
15.8103
15.8103
16.0979
16.0979
16.0979
16.0979
16.0979
16.0979
16.0979
16.0979
16.319
16.319
16.319
16.319
16.319
16.319
16.319
16.319
16.4895
16.4895
16.4895
16.4895
16.4895
16.4895
16.4895
16.4895
16.6299
16.6299
16.6299
16.6299
16.6299
16.6299
16.6299
16.6299
16.7622
16.7622
16.7622
16.7622
16.7622
16.7622
16.7622
16.7622
16.9079
16.9079
16.9079
16.9079
16.9079
16.9079
16.9079
16.9079
17.086
17.086
17.086
17.086
17.086
17.086
17.086
17.086
17.311
17.311
17.311
17.311
17.311
17.311
17.311
17.311
17.5925
17.5925
17.5925
17.5925
17.5925
17.5925
17.5925
17.5925
17.9342
17.9342
17.9342
17.9342
17.9342
17.9342
17.9342
17.9342
18.3333
18.3333
18.3333
18.3333
18.3333
18.3333
18.3333
18.3333
18.7811
18.7811
18.7811
18.7811
18.7811
18.7811
18.7811
18.7811
14.499
14.499
14.499
14.499
14.499
14.499
14.499
14.499
15.0072
15.0072
15.0072
15.0072
15.0072
15.0072
15.0072
15.0072
15.447
15.447
15.447
15.447
15.447
15.447
15.447
15.447
15.8103
15.8103
15.8103
15.8103
15.8103
15.8103
15.8103
15.8103
16.0979
16.0979
16.0979
16.0979
16.0979
16.0979
16.0979
16.0979
16.319
16.319
16.319
16.319
16.319
16.319
16.319
16.319
16.4895
16.4895
16.4895
16.4895
16.4895
16.4895
16.4895
16.4895
16.6299
16.6299
16.6299
16.6299
16.6299
16.6299
16.6299
16.6299
16.7622
16.7622
16.7622
16.7622
16.7622
16.7622
16.7622
16.7622
16.9079
16.9079
16.9079
16.9079
16.9079
16.9079
16.9079
16.9079
17.086
17.086
17.086
17.086
17.086
17.086
17.086
17.086
17.311
17.311
17.311
17.311
17.311
17.311
17.311
17.311
17.5925
17.5925
17.5925
17.5925
17.5925
17.5925
17.5925
17.5925
17.9342
17.9342
17.9342
17.9342
17.9342
17.9342
17.9342
17.9342
18.3333
18.3333
18.3333
18.3333
18.3333
18.3333
18.3333
18.3333
18.7811
18.7811
18.7811
18.7811
18.7811
18.7811
18.7811
18.7811
14.499
14.499
14.499
14.499
14.499
14.499
14.499
14.499
15.0072
15.0072
15.0072
15.0072
15.0072
15.0072
15.0072
15.0072
15.447
15.447
15.447
15.447
15.447
15.447
15.447
15.447
15.8103
15.8103
15.8103
15.8103
15.8103
15.8103
15.8103
15.8103
16.0979
16.0979
16.0979
16.0979
16.0979
16.0979
16.0979
16.0979
16.319
16.319
16.319
16.319
16.319
16.319
16.319
16.319
16.4895
16.4895
16.4895
16.4895
16.4895
16.4895
16.4895
16.4895
16.6299
16.6299
16.6299
16.6299
16.6299
16.6299
16.6299
16.6299
16.7622
16.7622
16.7622
16.7622
16.7622
16.7622
16.7622
16.7622
16.9079
16.9079
16.9079
16.9079
16.9079
16.9079
16.9079
16.9079
17.086
17.086
17.086
17.086
17.086
17.086
17.086
17.086
17.311
17.311
17.311
17.311
17.311
17.311
17.311
17.311
17.5925
17.5925
17.5925
17.5925
17.5925
17.5925
17.5925
17.5925
17.9342
17.9342
17.9342
17.9342
17.9342
17.9342
17.9342
17.9342
18.3333
18.3333
18.3333
18.3333
18.3333
18.3333
18.3333
18.3333
18.7811
18.7811
18.7811
18.7811
18.7811
18.7811
18.7811
18.7811
14.7496
14.7496
14.7496
14.7496
14.7496
14.7496
14.7496
14.7496
15.3049
15.3049
15.3049
15.3049
15.3049
15.3049
15.3049
15.3049
15.7611
15.7611
15.7611
15.7611
15.7611
15.7611
15.7611
15.7611
16.1061
16.1061
16.1061
16.1061
16.1061
16.1061
16.1061
16.1061
16.339
16.339
16.339
16.339
16.339
16.339
16.339
16.339
16.4696
16.4696
16.4696
16.4696
16.4696
16.4696
16.4696
16.4696
16.5166
16.5166
16.5166
16.5166
16.5166
16.5166
16.5166
16.5166
16.5043
16.5043
16.5043
16.5043
16.5043
16.5043
16.5043
16.5043
16.4594
16.4594
16.4594
16.4594
16.4594
16.4594
16.4594
16.4594
16.4081
16.4081
16.4081
16.4081
16.4081
16.4081
16.4081
16.4081
16.3737
16.3737
16.3737
16.3737
16.3737
16.3737
16.3737
16.3737
16.3747
16.3747
16.3747
16.3747
16.3747
16.3747
16.3747
16.3747
16.4245
16.4245
16.4245
16.4245
16.4245
16.4245
16.4245
16.4245
16.5304
16.5304
16.5304
16.5304
16.5304
16.5304
16.5304
16.5304
16.6938
16.6938
16.6938
16.6938
16.6938
16.6938
16.6938
16.6938
16.9108
16.9108
16.9108
16.9108
16.9108
16.9108
16.9108
16.9108
14.7496
14.7496
14.7496
14.7496
14.7496
14.7496
14.7496
14.7496
15.3049
15.3049
15.3049
15.3049
15.3049
15.3049
15.3049
15.3049
15.7611
15.7611
15.7611
15.7611
15.7611
15.7611
15.7611
15.7611
16.1061
16.1061
16.1061
16.1061
16.1061
16.1061
16.1061
16.1061
16.339
16.339
16.339
16.339
16.339
16.339
16.339
16.339
16.4696
16.4696
16.4696
16.4696
16.4696
16.4696
16.4696
16.4696
16.5166
16.5166
16.5166
16.5166
16.5166
16.5166
16.5166
16.5166
16.5043
16.5043
16.5043
16.5043
16.5043
16.5043
16.5043
16.5043
16.4594
16.4594
16.4594
16.4594
16.4594
16.4594
16.4594
16.4594
16.4081
16.4081
16.4081
16.4081
16.4081
16.4081
16.4081
16.4081
16.3737
16.3737
16.3737
16.3737
16.3737
16.3737
16.3737
16.3737
16.3747
16.3747
16.3747
16.3747
16.3747
16.3747
16.3747
16.3747
16.4245
16.4245
16.4245
16.4245
16.4245
16.4245
16.4245
16.4245
16.5304
16.5304
16.5304
16.5304
16.5304
16.5304
16.5304
16.5304
16.6938
16.6938
16.6938
16.6938
16.6938
16.6938
16.6938
16.6938
16.9108
16.9108
16.9108
16.9108
16.9108
16.9108
16.9108
16.9108
14.7496
14.7496
14.7496
14.7496
14.7496
14.7496
14.7496
14.7496
15.3049
15.3049
15.3049
15.3049
15.3049
15.3049
15.3049
15.3049
15.7611
15.7611
15.7611
15.7611
15.7611
15.7611
15.7611
15.7611
16.1061
16.1061
16.1061
16.1061
16.1061
16.1061
16.1061
16.1061
16.339
16.339
16.339
16.339
16.339
16.339
16.339
16.339
16.4696
16.4696
16.4696
16.4696
16.4696
16.4696
16.4696
16.4696
16.5166
16.5166
16.5166
16.5166
16.5166
16.5166
16.5166
16.5166
16.5043
16.5043
16.5043
16.5043
16.5043
16.5043
16.5043
16.5043
16.4594
16.4594
16.4594
16.4594
16.4594
16.4594
16.4594
16.4594
16.4081
16.4081
16.4081
16.4081
16.4081
16.4081
16.4081
16.4081
16.3737
16.3737
16.3737
16.3737
16.3737
16.3737
16.3737
16.3737
16.3747
16.3747
16.3747
16.3747
16.3747
16.3747
16.3747
16.3747
16.4245
16.4245
16.4245
16.4245
16.4245
16.4245
16.4245
16.4245
16.5304
16.5304
16.5304
16.5304
16.5304
16.5304
16.5304
16.5304
16.6938
16.6938
16.6938
16.6938
16.6938
16.6938
16.6938
16.6938
16.9108
16.9108
16.9108
16.9108
16.9108
16.9108
16.9108
16.9108
14.7496
14.7496
14.7496
14.7496
14.7496
14.7496
14.7496
14.7496
15.3049
15.3049
15.3049
15.3049
15.3049
15.3049
15.3049
15.3049
15.7611
15.7611
15.7611
15.7611
15.7611
15.7611
15.7611
15.7611
16.1061
16.1061
16.1061
16.1061
16.1061
16.1061
16.1061
16.1061
16.339
16.339
16.339
16.339
16.339
16.339
16.339
16.339
16.4696
16.4696
16.4696
16.4696
16.4696
16.4696
16.4696
16.4696
16.5166
16.5166
16.5166
16.5166
16.5166
16.5166
16.5166
16.5166
16.5043
16.5043
16.5043
16.5043
16.5043
16.5043
16.5043
16.5043
16.4594
16.4594
16.4594
16.4594
16.4594
16.4594
16.4594
16.4594
16.4081
16.4081
16.4081
16.4081
16.4081
16.4081
16.4081
16.4081
16.3737
16.3737
16.3737
16.3737
16.3737
16.3737
16.3737
16.3737
16.3747
16.3747
16.3747
16.3747
16.3747
16.3747
16.3747
16.3747
16.4245
16.4245
16.4245
16.4245
16.4245
16.4245
16.4245
16.4245
16.5304
16.5304
16.5304
16.5304
16.5304
16.5304
16.5304
16.5304
16.6938
16.6938
16.6938
16.6938
16.6938
16.6938
16.6938
16.6938
16.9108
16.9108
16.9108
16.9108
16.9108
16.9108
16.9108
16.9108
15.0044
15.0044
15.0044
15.0044
15.0044
15.0044
15.0044
15.0044
15.6032
15.6032
15.6032
15.6032
15.6032
15.6032
15.6032
15.6032
16.0726
16.0726
16.0726
16.0726
16.0726
16.0726
16.0726
16.0726
16.3964
16.3964
16.3964
16.3964
16.3964
16.3964
16.3964
16.3964
16.5723
16.5723
16.5723
16.5723
16.5723
16.5723
16.5723
16.5723
16.6114
16.6114
16.6114
16.6114
16.6114
16.6114
16.6114
16.6114
16.5355
16.5355
16.5355
16.5355
16.5355
16.5355
16.5355
16.5355
16.3742
16.3742
16.3742
16.3742
16.3742
16.3742
16.3742
16.3742
16.1594
16.1594
16.1594
16.1594
16.1594
16.1594
16.1594
16.1594
15.9232
15.9232
15.9232
15.9232
15.9232
15.9232
15.9232
15.9232
15.6938
15.6938
15.6938
15.6938
15.6938
15.6938
15.6938
15.6938
15.4939
15.4939
15.4939
15.4939
15.4939
15.4939
15.4939
15.4939
15.3404
15.3404
15.3404
15.3404
15.3404
15.3404
15.3404
15.3404
15.2439
15.2439
15.2439
15.2439
15.2439
15.2439
15.2439
15.2439
15.2091
15.2091
15.2091
15.2091
15.2091
15.2091
15.2091
15.2091
15.2354
15.2354
15.2354
15.2354
15.2354
15.2354
15.2354
15.2354
15.0044
15.0044
15.0044
15.0044
15.0044
15.0044
15.0044
15.0044
15.6032
15.6032
15.6032
15.6032
15.6032
15.6032
15.6032
15.6032
16.0726
16.0726
16.0726
16.0726
16.0726
16.0726
16.0726
16.0726
16.3964
16.3964
16.3964
16.3964
16.3964
16.3964
16.3964
16.3964
16.5723
16.5723
16.5723
16.5723
16.5723
16.5723
16.5723
16.5723
16.6114
16.6114
16.6114
16.6114
16.6114
16.6114
16.6114
16.6114
16.5355
16.5355
16.5355
16.5355
16.5355
16.5355
16.5355
16.5355
16.3742
16.3742
16.3742
16.3742
16.3742
16.3742
16.3742
16.3742
16.1594
16.1594
16.1594
16.1594
16.1594
16.1594
16.1594
16.1594
15.9232
15.9232
15.9232
15.9232
15.9232
15.9232
15.9232
15.9232
15.6938
15.6938
15.6938
15.6938
15.6938
15.6938
15.6938
15.6938
15.4939
15.4939
15.4939
15.4939
15.4939
15.4939
15.4939
15.4939
15.3404
15.3404
15.3404
15.3404
15.3404
15.3404
15.3404
15.3404
15.2439
15.2439
15.2439
15.2439
15.2439
15.2439
15.2439
15.2439
15.2091
15.2091
15.2091
15.2091
15.2091
15.2091
15.2091
15.2091
15.2354
15.2354
15.2354
15.2354
15.2354
15.2354
15.2354
15.2354
15.0044
15.0044
15.0044
15.0044
15.0044
15.0044
15.0044
15.0044
15.6032
15.6032
15.6032
15.6032
15.6032
15.6032
15.6032
15.6032
16.0726
16.0726
16.0726
16.0726
16.0726
16.0726
16.0726
16.0726
16.3964
16.3964
16.3964
16.3964
16.3964
16.3964
16.3964
16.3964
16.5723
16.5723
16.5723
16.5723
16.5723
16.5723
16.5723
16.5723
16.6114
16.6114
16.6114
16.6114
16.6114
16.6114
16.6114
16.6114
16.5355
16.5355
16.5355
16.5355
16.5355
16.5355
16.5355
16.5355
16.3742
16.3742
16.3742
16.3742
16.3742
16.3742
16.3742
16.3742
16.1594
16.1594
16.1594
16.1594
16.1594
16.1594
16.1594
16.1594
15.9232
15.9232
15.9232
15.9232
15.9232
15.9232
15.9232
15.9232
15.6938
15.6938
15.6938
15.6938
15.6938
15.6938
15.6938
15.6938
15.4939
15.4939
15.4939
15.4939
15.4939
15.4939
15.4939
15.4939
15.3404
15.3404
15.3404
15.3404
15.3404
15.3404
15.3404
15.3404
15.2439
15.2439
15.2439
15.2439
15.2439
15.2439
15.2439
15.2439
15.2091
15.2091
15.2091
15.2091
15.2091
15.2091
15.2091
15.2091
15.2354
15.2354
15.2354
15.2354
15.2354
15.2354
15.2354
15.2354
15.0044
15.0044
15.0044
15.0044
15.0044
15.0044
15.0044
15.0044
15.6032
15.6032
15.6032
15.6032
15.6032
15.6032
15.6032
15.6032
16.0726
16.0726
16.0726
16.0726
16.0726
16.0726
16.0726
16.0726
16.3964
16.3964
16.3964
16.3964
16.3964
16.3964
16.3964
16.3964
16.5723
16.5723
16.5723
16.5723
16.5723
16.5723
16.5723
16.5723
16.6114
16.6114
16.6114
16.6114
16.6114
16.6114
16.6114
16.6114
16.5355
16.5355
16.5355
16.5355
16.5355
16.5355
16.5355
16.5355
16.3742
16.3742
16.3742
16.3742
16.3742
16.3742
16.3742
16.3742
16.1594
16.1594
16.1594
16.1594
16.1594
16.1594
16.1594
16.1594
15.9232
15.9232
15.9232
15.9232
15.9232
15.9232
15.9232
15.9232
15.6938
15.6938
15.6938
15.6938
15.6938
15.6938
15.6938
15.6938
15.4939
15.4939
15.4939
15.4939
15.4939
15.4939
15.4939
15.4939
15.3404
15.3404
15.3404
15.3404
15.3404
15.3404
15.3404
15.3404
15.2439
15.2439
15.2439
15.2439
15.2439
15.2439
15.2439
15.2439
15.2091
15.2091
15.2091
15.2091
15.2091
15.2091
15.2091
15.2091
15.2354
15.2354
15.2354
15.2354
15.2354
15.2354
15.2354
15.2354
15.2696
15.2696
15.2696
15.2696
15.2696
15.2696
15.2696
15.2696
15.9072
15.9072
15.9072
15.9072
15.9072
15.9072
15.9072
15.9072
16.3865
16.3865
16.3865
16.3865
16.3865
16.3865
16.3865
16.3865
16.6875
16.6875
16.6875
16.6875
16.6875
16.6875
16.6875
16.6875
16.8067
16.8067
16.8067
16.8067
16.8067
16.8067
16.8067
16.8067
16.7564
16.7564
16.7564
16.7564
16.7564
16.7564
16.7564
16.7564
16.5629
16.5629
16.5629
16.5629
16.5629
16.5629
16.5629
16.5629
16.261
16.261
16.261
16.261
16.261
16.261
16.261
16.261
15.8892
15.8892
15.8892
15.8892
15.8892
15.8892
15.8892
15.8892
15.4854
15.4854
15.4854
15.4854
15.4854
15.4854
15.4854
15.4854
15.0829
15.0829
15.0829
15.0829
15.0829
15.0829
15.0829
15.0829
14.7088
14.7088
14.7088
14.7088
14.7088
14.7088
14.7088
14.7088
14.3834
14.3834
14.3834
14.3834
14.3834
14.3834
14.3834
14.3834
14.1194
14.1194
14.1194
14.1194
14.1194
14.1194
14.1194
14.1194
13.9241
13.9241
13.9241
13.9241
13.9241
13.9241
13.9241
13.9241
13.7989
13.7989
13.7989
13.7989
13.7989
13.7989
13.7989
13.7989
15.2696
15.2696
15.2696
15.2696
15.2696
15.2696
15.2696
15.2696
15.9072
15.9072
15.9072
15.9072
15.9072
15.9072
15.9072
15.9072
16.3865
16.3865
16.3865
16.3865
16.3865
16.3865
16.3865
16.3865
16.6875
16.6875
16.6875
16.6875
16.6875
16.6875
16.6875
16.6875
16.8067
16.8067
16.8067
16.8067
16.8067
16.8067
16.8067
16.8067
16.7564
16.7564
16.7564
16.7564
16.7564
16.7564
16.7564
16.7564
16.5629
16.5629
16.5629
16.5629
16.5629
16.5629
16.5629
16.5629
16.261
16.261
16.261
16.261
16.261
16.261
16.261
16.261
15.8892
15.8892
15.8892
15.8892
15.8892
15.8892
15.8892
15.8892
15.4854
15.4854
15.4854
15.4854
15.4854
15.4854
15.4854
15.4854
15.0829
15.0829
15.0829
15.0829
15.0829
15.0829
15.0829
15.0829
14.7088
14.7088
14.7088
14.7088
14.7088
14.7088
14.7088
14.7088
14.3834
14.3834
14.3834
14.3834
14.3834
14.3834
14.3834
14.3834
14.1194
14.1194
14.1194
14.1194
14.1194
14.1194
14.1194
14.1194
13.9241
13.9241
13.9241
13.9241
13.9241
13.9241
13.9241
13.9241
13.7989
13.7989
13.7989
13.7989
13.7989
13.7989
13.7989
13.7989
15.2696
15.2696
15.2696
15.2696
15.2696
15.2696
15.2696
15.2696
15.9072
15.9072
15.9072
15.9072
15.9072
15.9072
15.9072
15.9072
16.3865
16.3865
16.3865
16.3865
16.3865
16.3865
16.3865
16.3865
16.6875
16.6875
16.6875
16.6875
16.6875
16.6875
16.6875
16.6875
16.8067
16.8067
16.8067
16.8067
16.8067
16.8067
16.8067
16.8067
16.7564
16.7564
16.7564
16.7564
16.7564
16.7564
16.7564
16.7564
16.5629
16.5629
16.5629
16.5629
16.5629
16.5629
16.5629
16.5629
16.261
16.261
16.261
16.261
16.261
16.261
16.261
16.261
15.8892
15.8892
15.8892
15.8892
15.8892
15.8892
15.8892
15.8892
15.4854
15.4854
15.4854
15.4854
15.4854
15.4854
15.4854
15.4854
15.0829
15.0829
15.0829
15.0829
15.0829
15.0829
15.0829
15.0829
14.7088
14.7088
14.7088
14.7088
14.7088
14.7088
14.7088
14.7088
14.3834
14.3834
14.3834
14.3834
14.3834
14.3834
14.3834
14.3834
14.1194
14.1194
14.1194
14.1194
14.1194
14.1194
14.1194
14.1194
13.9241
13.9241
13.9241
13.9241
13.9241
13.9241
13.9241
13.9241
13.7989
13.7989
13.7989
13.7989
13.7989
13.7989
13.7989
13.7989
15.2696
15.2696
15.2696
15.2696
15.2696
15.2696
15.2696
15.2696
15.9072
15.9072
15.9072
15.9072
15.9072
15.9072
15.9072
15.9072
16.3865
16.3865
16.3865
16.3865
16.3865
16.3865
16.3865
16.3865
16.6875
16.6875
16.6875
16.6875
16.6875
16.6875
16.6875
16.6875
16.8067
16.8067
16.8067
16.8067
16.8067
16.8067
16.8067
16.8067
16.7564
16.7564
16.7564
16.7564
16.7564
16.7564
16.7564
16.7564
16.5629
16.5629
16.5629
16.5629
16.5629
16.5629
16.5629
16.5629
16.261
16.261
16.261
16.261
16.261
16.261
16.261
16.261
15.8892
15.8892
15.8892
15.8892
15.8892
15.8892
15.8892
15.8892
15.4854
15.4854
15.4854
15.4854
15.4854
15.4854
15.4854
15.4854
15.0829
15.0829
15.0829
15.0829
15.0829
15.0829
15.0829
15.0829
14.7088
14.7088
14.7088
14.7088
14.7088
14.7088
14.7088
14.7088
14.3834
14.3834
14.3834
14.3834
14.3834
14.3834
14.3834
14.3834
14.1194
14.1194
14.1194
14.1194
14.1194
14.1194
14.1194
14.1194
13.9241
13.9241
13.9241
13.9241
13.9241
13.9241
13.9241
13.9241
13.7989
13.7989
13.7989
13.7989
13.7989
13.7989
13.7989
13.7989
