8192
42.2895
42.2895
42.2895
42.2895
42.2895
42.2895
42.2895
42.2895
44.7027
44.7027
44.7027
44.7027
44.7027
44.7027
44.7027
44.7027
47.1097
47.1097
47.1097
47.1097
47.1097
47.1097
47.1097
47.1097
49.412
49.412
49.412
49.412
49.412
49.412
49.412
49.412
51.4977
51.4977
51.4977
51.4977
51.4977
51.4977
51.4977
51.4977
53.2508
53.2508
53.2508
53.2508
53.2508
53.2508
53.2508
53.2508
54.566
54.566
54.566
54.566
54.566
54.566
54.566
54.566
55.3618
55.3618
55.3618
55.3618
55.3618
55.3618
55.3618
55.3618
55.5927
55.5927
55.5927
55.5927
55.5927
55.5927
55.5927
55.5927
55.2586
55.2586
55.2586
55.2586
55.2586
55.2586
55.2586
55.2586
54.4044
54.4044
54.4044
54.4044
54.4044
54.4044
54.4044
54.4044
53.115
53.115
53.115
53.115
53.115
53.115
53.115
53.115
51.5035
51.5035
51.5035
51.5035
51.5035
51.5035
51.5035
51.5035
49.6982
49.6982
49.6982
49.6982
49.6982
49.6982
49.6982
49.6982
47.8269
47.8269
47.8269
47.8269
47.8269
47.8269
47.8269
47.8269
46.007
46.007
46.007
46.007
46.007
46.007
46.007
46.007
42.2895
42.2895
42.2895
42.2895
42.2895
42.2895
42.2895
42.2895
44.7027
44.7027
44.7027
44.7027
44.7027
44.7027
44.7027
44.7027
47.1097
47.1097
47.1097
47.1097
47.1097
47.1097
47.1097
47.1097
49.412
49.412
49.412
49.412
49.412
49.412
49.412
49.412
51.4977
51.4977
51.4977
51.4977
51.4977
51.4977
51.4977
51.4977
53.2508
53.2508
53.2508
53.2508
53.2508
53.2508
53.2508
53.2508
54.566
54.566
54.566
54.566
54.566
54.566
54.566
54.566
55.3618
55.3618
55.3618
55.3618
55.3618
55.3618
55.3618
55.3618
55.5927
55.5927
55.5927
55.5927
55.5927
55.5927
55.5927
55.5927
55.2586
55.2586
55.2586
55.2586
55.2586
55.2586
55.2586
55.2586
54.4044
54.4044
54.4044
54.4044
54.4044
54.4044
54.4044
54.4044
53.115
53.115
53.115
53.115
53.115
53.115
53.115
53.115
51.5035
51.5035
51.5035
51.5035
51.5035
51.5035
51.5035
51.5035
49.6982
49.6982
49.6982
49.6982
49.6982
49.6982
49.6982
49.6982
47.8269
47.8269
47.8269
47.8269
47.8269
47.8269
47.8269
47.8269
46.007
46.007
46.007
46.007
46.007
46.007
46.007
46.007
42.2895
42.2895
42.2895
42.2895
42.2895
42.2895
42.2895
42.2895
44.7027
44.7027
44.7027
44.7027
44.7027
44.7027
44.7027
44.7027
47.1097
47.1097
47.1097
47.1097
47.1097
47.1097
47.1097
47.1097
49.412
49.412
49.412
49.412
49.412
49.412
49.412
49.412
51.4977
51.4977
51.4977
51.4977
51.4977
51.4977
51.4977
51.4977
53.2508
53.2508
53.2508
53.2508
53.2508
53.2508
53.2508
53.2508
54.566
54.566
54.566
54.566
54.566
54.566
54.566
54.566
55.3618
55.3618
55.3618
55.3618
55.3618
55.3618
55.3618
55.3618
55.5927
55.5927
55.5927
55.5927
55.5927
55.5927
55.5927
55.5927
55.2586
55.2586
55.2586
55.2586
55.2586
55.2586
55.2586
55.2586
54.4044
54.4044
54.4044
54.4044
54.4044
54.4044
54.4044
54.4044
53.115
53.115
53.115
53.115
53.115
53.115
53.115
53.115
51.5035
51.5035
51.5035
51.5035
51.5035
51.5035
51.5035
51.5035
49.6982
49.6982
49.6982
49.6982
49.6982
49.6982
49.6982
49.6982
47.8269
47.8269
47.8269
47.8269
47.8269
47.8269
47.8269
47.8269
46.007
46.007
46.007
46.007
46.007
46.007
46.007
46.007
42.2895
42.2895
42.2895
42.2895
42.2895
42.2895
42.2895
42.2895
44.7027
44.7027
44.7027
44.7027
44.7027
44.7027
44.7027
44.7027
47.1097
47.1097
47.1097
47.1097
47.1097
47.1097
47.1097
47.1097
49.412
49.412
49.412
49.412
49.412
49.412
49.412
49.412
51.4977
51.4977
51.4977
51.4977
51.4977
51.4977
51.4977
51.4977
53.2508
53.2508
53.2508
53.2508
53.2508
53.2508
53.2508
53.2508
54.566
54.566
54.566
54.566
54.566
54.566
54.566
54.566
55.3618
55.3618
55.3618
55.3618
55.3618
55.3618
55.3618
55.3618
55.5927
55.5927
55.5927
55.5927
55.5927
55.5927
55.5927
55.5927
55.2586
55.2586
55.2586
55.2586
55.2586
55.2586
55.2586
55.2586
54.4044
54.4044
54.4044
54.4044
54.4044
54.4044
54.4044
54.4044
53.115
53.115
53.115
53.115
53.115
53.115
53.115
53.115
51.5035
51.5035
51.5035
51.5035
51.5035
51.5035
51.5035
51.5035
49.6982
49.6982
49.6982
49.6982
49.6982
49.6982
49.6982
49.6982
47.8269
47.8269
47.8269
47.8269
47.8269
47.8269
47.8269
47.8269
46.007
46.007
46.007
46.007
46.007
46.007
46.007
46.007
42.0008
42.0008
42.0008
42.0008
42.0008
42.0008
42.0008
42.0008
43.965
43.965
43.965
43.965
43.965
43.965
43.965
43.965
45.9628
45.9628
45.9628
45.9628
45.9628
45.9628
45.9628
45.9628
47.9227
47.9227
47.9227
47.9227
47.9227
47.9227
47.9227
47.9227
49.7591
49.7591
49.7591
49.7591
49.7591
49.7591
49.7591
49.7591
51.3796
51.3796
51.3796
51.3796
51.3796
51.3796
51.3796
51.3796
52.6946
52.6946
52.6946
52.6946
52.6946
52.6946
52.6946
52.6946
53.6279
53.6279
53.6279
53.6279
53.6279
53.6279
53.6279
53.6279
54.1274
54.1274
54.1274
54.1274
54.1274
54.1274
54.1274
54.1274
54.1742
54.1742
54.1742
54.1742
54.1742
54.1742
54.1742
54.1742
53.7852
53.7852
53.7852
53.7852
53.7852
53.7852
53.7852
53.7852
53.0119
53.0119
53.0119
53.0119
53.0119
53.0119
53.0119
53.0119
51.9343
51.9343
51.9343
51.9343
51.9343
51.9343
51.9343
51.9343
50.6516
50.6516
50.6516
50.6516
50.6516
50.6516
50.6516
50.6516
49.2698
49.2698
49.2698
49.2698
49.2698
49.2698
49.2698
49.2698
47.8929
47.8929
47.8929
47.8929
47.8929
47.8929
47.8929
47.8929
42.0008
42.0008
42.0008
42.0008
42.0008
42.0008
42.0008
42.0008
43.965
43.965
43.965
43.965
43.965
43.965
43.965
43.965
45.9628
45.9628
45.9628
45.9628
45.9628
45.9628
45.9628
45.9628
47.9227
47.9227
47.9227
47.9227
47.9227
47.9227
47.9227
47.9227
49.7591
49.7591
49.7591
49.7591
49.7591
49.7591
49.7591
49.7591
51.3796
51.3796
51.3796
51.3796
51.3796
51.3796
51.3796
51.3796
52.6946
52.6946
52.6946
52.6946
52.6946
52.6946
52.6946
52.6946
53.6279
53.6279
53.6279
53.6279
53.6279
53.6279
53.6279
53.6279
54.1274
54.1274
54.1274
54.1274
54.1274
54.1274
54.1274
54.1274
54.1742
54.1742
54.1742
54.1742
54.1742
54.1742
54.1742
54.1742
53.7852
53.7852
53.7852
53.7852
53.7852
53.7852
53.7852
53.7852
53.0119
53.0119
53.0119
53.0119
53.0119
53.0119
53.0119
53.0119
51.9343
51.9343
51.9343
51.9343
51.9343
51.9343
51.9343
51.9343
50.6516
50.6516
50.6516
50.6516
50.6516
50.6516
50.6516
50.6516
49.2698
49.2698
49.2698
49.2698
49.2698
49.2698
49.2698
49.2698
47.8929
47.8929
47.8929
47.8929
47.8929
47.8929
47.8929
47.8929
42.0008
42.0008
42.0008
42.0008
42.0008
42.0008
42.0008
42.0008
43.965
43.965
43.965
43.965
43.965
43.965
43.965
43.965
45.9628
45.9628
45.9628
45.9628
45.9628
45.9628
45.9628
45.9628
47.9227
47.9227
47.9227
47.9227
47.9227
47.9227
47.9227
47.9227
49.7591
49.7591
49.7591
49.7591
49.7591
49.7591
49.7591
49.7591
51.3796
51.3796
51.3796
51.3796
51.3796
51.3796
51.3796
51.3796
52.6946
52.6946
52.6946
52.6946
52.6946
52.6946
52.6946
52.6946
53.6279
53.6279
53.6279
53.6279
53.6279
53.6279
53.6279
53.6279
54.1274
54.1274
54.1274
54.1274
54.1274
54.1274
54.1274
54.1274
54.1742
54.1742
54.1742
54.1742
54.1742
54.1742
54.1742
54.1742
53.7852
53.7852
53.7852
53.7852
53.7852
53.7852
53.7852
53.7852
53.0119
53.0119
53.0119
53.0119
53.0119
53.0119
53.0119
53.0119
51.9343
51.9343
51.9343
51.9343
51.9343
51.9343
51.9343
51.9343
50.6516
50.6516
50.6516
50.6516
50.6516
50.6516
50.6516
50.6516
49.2698
49.2698
49.2698
49.2698
49.2698
49.2698
49.2698
49.2698
47.8929
47.8929
47.8929
47.8929
47.8929
47.8929
47.8929
47.8929
42.0008
42.0008
42.0008
42.0008
42.0008
42.0008
42.0008
42.0008
43.965
43.965
43.965
43.965
43.965
43.965
43.965
43.965
45.9628
45.9628
45.9628
45.9628
45.9628
45.9628
45.9628
45.9628
47.9227
47.9227
47.9227
47.9227
47.9227
47.9227
47.9227
47.9227
49.7591
49.7591
49.7591
49.7591
49.7591
49.7591
49.7591
49.7591
51.3796
51.3796
51.3796
51.3796
51.3796
51.3796
51.3796
51.3796
52.6946
52.6946
52.6946
52.6946
52.6946
52.6946
52.6946
52.6946
53.6279
53.6279
53.6279
53.6279
53.6279
53.6279
53.6279
53.6279
54.1274
54.1274
54.1274
54.1274
54.1274
54.1274
54.1274
54.1274
54.1742
54.1742
54.1742
54.1742
54.1742
54.1742
54.1742
54.1742
53.7852
53.7852
53.7852
53.7852
53.7852
53.7852
53.7852
53.7852
53.0119
53.0119
53.0119
53.0119
53.0119
53.0119
53.0119
53.0119
51.9343
51.9343
51.9343
51.9343
51.9343
51.9343
51.9343
51.9343
50.6516
50.6516
50.6516
50.6516
50.6516
50.6516
50.6516
50.6516
49.2698
49.2698
49.2698
49.2698
49.2698
49.2698
49.2698
49.2698
47.8929
47.8929
47.8929
47.8929
47.8929
47.8929
47.8929
47.8929
41.5449
41.5449
41.5449
41.5449
41.5449
41.5449
41.5449
41.5449
43.075
43.075
43.075
43.075
43.075
43.075
43.075
43.075
44.6794
44.6794
44.6794
44.6794
44.6794
44.6794
44.6794
44.6794
46.308
46.308
46.308
46.308
46.308
46.308
46.308
46.308
47.8974
47.8974
47.8974
47.8974
47.8974
47.8974
47.8974
47.8974
49.3746
49.3746
49.3746
49.3746
49.3746
49.3746
49.3746
49.3746
50.6644
50.6644
50.6644
50.6644
50.6644
50.6644
50.6644
50.6644
51.6976
51.6976
51.6976
51.6976
51.6976
51.6976
51.6976
51.6976
52.4193
52.4193
52.4193
52.4193
52.4193
52.4193
52.4193
52.4193
52.7978
52.7978
52.7978
52.7978
52.7978
52.7978
52.7978
52.7978
52.8289
52.8289
52.8289
52.8289
52.8289
52.8289
52.8289
52.8289
52.5371
52.5371
52.5371
52.5371
52.5371
52.5371
52.5371
52.5371
51.9745
51.9745
51.9745
51.9745
51.9745
51.9745
51.9745
51.9745
51.2131
51.2131
51.2131
51.2131
51.2131
51.2131
51.2131
51.2131
50.3372
50.3372
50.3372
50.3372
50.3372
50.3372
50.3372
50.3372
49.4358
49.4358
49.4358
49.4358
49.4358
49.4358
49.4358
49.4358
41.5449
41.5449
41.5449
41.5449
41.5449
41.5449
41.5449
41.5449
43.075
43.075
43.075
43.075
43.075
43.075
43.075
43.075
44.6794
44.6794
44.6794
44.6794
44.6794
44.6794
44.6794
44.6794
46.308
46.308
46.308
46.308
46.308
46.308
46.308
46.308
47.8974
47.8974
47.8974
47.8974
47.8974
47.8974
47.8974
47.8974
49.3746
49.3746
49.3746
49.3746
49.3746
49.3746
49.3746
49.3746
50.6644
50.6644
50.6644
50.6644
50.6644
50.6644
50.6644
50.6644
51.6976
51.6976
51.6976
51.6976
51.6976
51.6976
51.6976
51.6976
52.4193
52.4193
52.4193
52.4193
52.4193
52.4193
52.4193
52.4193
52.7978
52.7978
52.7978
52.7978
52.7978
52.7978
52.7978
52.7978
52.8289
52.8289
52.8289
52.8289
52.8289
52.8289
52.8289
52.8289
52.5371
52.5371
52.5371
52.5371
52.5371
52.5371
52.5371
52.5371
51.9745
51.9745
51.9745
51.9745
51.9745
51.9745
51.9745
51.9745
51.2131
51.2131
51.2131
51.2131
51.2131
51.2131
51.2131
51.2131
50.3372
50.3372
50.3372
50.3372
50.3372
50.3372
50.3372
50.3372
49.4358
49.4358
49.4358
49.4358
49.4358
49.4358
49.4358
49.4358
41.5449
41.5449
41.5449
41.5449
41.5449
41.5449
41.5449
41.5449
43.075
43.075
43.075
43.075
43.075
43.075
43.075
43.075
44.6794
44.6794
44.6794
44.6794
44.6794
44.6794
44.6794
44.6794
46.308
46.308
46.308
46.308
46.308
46.308
46.308
46.308
47.8974
47.8974
47.8974
47.8974
47.8974
47.8974
47.8974
47.8974
49.3746
49.3746
49.3746
49.3746
49.3746
49.3746
49.3746
49.3746
50.6644
50.6644
50.6644
50.6644
50.6644
50.6644
50.6644
50.6644
51.6976
51.6976
51.6976
51.6976
51.6976
51.6976
51.6976
51.6976
52.4193
52.4193
52.4193
52.4193
52.4193
52.4193
52.4193
52.4193
52.7978
52.7978
52.7978
52.7978
52.7978
52.7978
52.7978
52.7978
52.8289
52.8289
52.8289
52.8289
52.8289
52.8289
52.8289
52.8289
52.5371
52.5371
52.5371
52.5371
52.5371
52.5371
52.5371
52.5371
51.9745
51.9745
51.9745
51.9745
51.9745
51.9745
51.9745
51.9745
51.2131
51.2131
51.2131
51.2131
51.2131
51.2131
51.2131
51.2131
50.3372
50.3372
50.3372
50.3372
50.3372
50.3372
50.3372
50.3372
49.4358
49.4358
49.4358
49.4358
49.4358
49.4358
49.4358
49.4358
41.5449
41.5449
41.5449
41.5449
41.5449
41.5449
41.5449
41.5449
43.075
43.075
43.075
43.075
43.075
43.075
43.075
43.075
44.6794
44.6794
44.6794
44.6794
44.6794
44.6794
44.6794
44.6794
46.308
46.308
46.308
46.308
46.308
46.308
46.308
46.308
47.8974
47.8974
47.8974
47.8974
47.8974
47.8974
47.8974
47.8974
49.3746
49.3746
49.3746
49.3746
49.3746
49.3746
49.3746
49.3746
50.6644
50.6644
50.6644
50.6644
50.6644
50.6644
50.6644
50.6644
51.6976
51.6976
51.6976
51.6976
51.6976
51.6976
51.6976
51.6976
52.4193
52.4193
52.4193
52.4193
52.4193
52.4193
52.4193
52.4193
52.7978
52.7978
52.7978
52.7978
52.7978
52.7978
52.7978
52.7978
52.8289
52.8289
52.8289
52.8289
52.8289
52.8289
52.8289
52.8289
52.5371
52.5371
52.5371
52.5371
52.5371
52.5371
52.5371
52.5371
51.9745
51.9745
51.9745
51.9745
51.9745
51.9745
51.9745
51.9745
51.2131
51.2131
51.2131
51.2131
51.2131
51.2131
51.2131
51.2131
50.3372
50.3372
50.3372
50.3372
50.3372
50.3372
50.3372
50.3372
49.4358
49.4358
49.4358
49.4358
49.4358
49.4358
49.4358
49.4358
40.7901
40.7901
40.7901
40.7901
40.7901
40.7901
40.7901
40.7901
41.9173
41.9173
41.9173
41.9173
41.9173
41.9173
41.9173
41.9173
43.1575
43.1575
43.1575
43.1575
43.1575
43.1575
43.1575
43.1575
44.4773
44.4773
44.4773
44.4773
44.4773
44.4773
44.4773
44.4773
45.8301
45.8301
45.8301
45.8301
45.8301
45.8301
45.8301
45.8301
47.159
47.159
47.159
47.159
47.159
47.159
47.159
47.159
48.4013
48.4013
48.4013
48.4013
48.4013
48.4013
48.4013
48.4013
49.4953
49.4953
49.4953
49.4953
49.4953
49.4953
49.4953
49.4953
50.3865
50.3865
50.3865
50.3865
50.3865
50.3865
50.3865
50.3865
51.0361
51.0361
51.0361
51.0361
51.0361
51.0361
51.0361
51.0361
51.4254
51.4254
51.4254
51.4254
51.4254
51.4254
51.4254
51.4254
51.5591
51.5591
51.5591
51.5591
51.5591
51.5591
51.5591
51.5591
51.4663
51.4663
51.4663
51.4663
51.4663
51.4663
51.4663
51.4663
51.1966
51.1966
51.1966
51.1966
51.1966
51.1966
51.1966
51.1966
50.8147
50.8147
50.8147
50.8147
50.8147
50.8147
50.8147
50.8147
50.3939
50.3939
50.3939
50.3939
50.3939
50.3939
50.3939
50.3939
40.7901
40.7901
40.7901
40.7901
40.7901
40.7901
40.7901
40.7901
41.9173
41.9173
41.9173
41.9173
41.9173
41.9173
41.9173
41.9173
43.1575
43.1575
43.1575
43.1575
43.1575
43.1575
43.1575
43.1575
44.4773
44.4773
44.4773
44.4773
44.4773
44.4773
44.4773
44.4773
45.8301
45.8301
45.8301
45.8301
45.8301
45.8301
45.8301
45.8301
47.159
47.159
47.159
47.159
47.159
47.159
47.159
47.159
48.4013
48.4013
48.4013
48.4013
48.4013
48.4013
48.4013
48.4013
49.4953
49.4953
49.4953
49.4953
49.4953
49.4953
49.4953
49.4953
50.3865
50.3865
50.3865
50.3865
50.3865
50.3865
50.3865
50.3865
51.0361
51.0361
51.0361
51.0361
51.0361
51.0361
51.0361
51.0361
51.4254
51.4254
51.4254
51.4254
51.4254
51.4254
51.4254
51.4254
51.5591
51.5591
51.5591
51.5591
51.5591
51.5591
51.5591
51.5591
51.4663
51.4663
51.4663
51.4663
51.4663
51.4663
51.4663
51.4663
51.1966
51.1966
51.1966
51.1966
51.1966
51.1966
51.1966
51.1966
50.8147
50.8147
50.8147
50.8147
50.8147
50.8147
50.8147
50.8147
50.3939
50.3939
50.3939
50.3939
50.3939
50.3939
50.3939
50.3939
40.7901
40.7901
40.7901
40.7901
40.7901
40.7901
40.7901
40.7901
41.9173
41.9173
41.9173
41.9173
41.9173
41.9173
41.9173
41.9173
43.1575
43.1575
43.1575
43.1575
43.1575
43.1575
43.1575
43.1575
44.4773
44.4773
44.4773
44.4773
44.4773
44.4773
44.4773
44.4773
45.8301
45.8301
45.8301
45.8301
45.8301
45.8301
45.8301
45.8301
47.159
47.159
47.159
47.159
47.159
47.159
47.159
47.159
48.4013
48.4013
48.4013
48.4013
48.4013
48.4013
48.4013
48.4013
49.4953
49.4953
49.4953
49.4953
49.4953
49.4953
49.4953
49.4953
50.3865
50.3865
50.3865
50.3865
50.3865
50.3865
50.3865
50.3865
51.0361
51.0361
51.0361
51.0361
51.0361
51.0361
51.0361
51.0361
51.4254
51.4254
51.4254
51.4254
51.4254
51.4254
51.4254
51.4254
51.5591
51.5591
51.5591
51.5591
51.5591
51.5591
51.5591
51.5591
51.4663
51.4663
51.4663
51.4663
51.4663
51.4663
51.4663
51.4663
51.1966
51.1966
51.1966
51.1966
51.1966
51.1966
51.1966
51.1966
50.8147
50.8147
50.8147
50.8147
50.8147
50.8147
50.8147
50.8147
50.3939
50.3939
50.3939
50.3939
50.3939
50.3939
50.3939
50.3939
40.7901
40.7901
40.7901
40.7901
40.7901
40.7901
40.7901
40.7901
41.9173
41.9173
41.9173
41.9173
41.9173
41.9173
41.9173
41.9173
43.1575
43.1575
43.1575
43.1575
43.1575
43.1575
43.1575
43.1575
44.4773
44.4773
44.4773
44.4773
44.4773
44.4773
44.4773
44.4773
45.8301
45.8301
45.8301
45.8301
45.8301
45.8301
45.8301
45.8301
47.159
47.159
47.159
47.159
47.159
47.159
47.159
47.159
48.4013
48.4013
48.4013
48.4013
48.4013
48.4013
48.4013
48.4013
49.4953
49.4953
49.4953
49.4953
49.4953
49.4953
49.4953
49.4953
50.3865
50.3865
50.3865
50.3865
50.3865
50.3865
50.3865
50.3865
51.0361
51.0361
51.0361
51.0361
51.0361
51.0361
51.0361
51.0361
51.4254
51.4254
51.4254
51.4254
51.4254
51.4254
51.4254
51.4254
51.5591
51.5591
51.5591
51.5591
51.5591
51.5591
51.5591
51.5591
51.4663
51.4663
51.4663
51.4663
51.4663
51.4663
51.4663
51.4663
51.1966
51.1966
51.1966
51.1966
51.1966
51.1966
51.1966
51.1966
50.8147
50.8147
50.8147
50.8147
50.8147
50.8147
50.8147
50.8147
50.3939
50.3939
50.3939
50.3939
50.3939
50.3939
50.3939
50.3939
39.6466
39.6466
39.6466
39.6466
39.6466
39.6466
39.6466
39.6466
40.4202
40.4202
40.4202
40.4202
40.4202
40.4202
40.4202
40.4202
41.34
41.34
41.34
41.34
41.34
41.34
41.34
41.34
42.3846
42.3846
42.3846
42.3846
42.3846
42.3846
42.3846
42.3846
43.5201
43.5201
43.5201
43.5201
43.5201
43.5201
43.5201
43.5201
44.7018
44.7018
44.7018
44.7018
44.7018
44.7018
44.7018
44.7018
45.8777
45.8777
45.8777
45.8777
45.8777
45.8777
45.8777
45.8777
46.9934
46.9934
46.9934
46.9934
46.9934
46.9934
46.9934
46.9934
47.9975
47.9975
47.9975
47.9975
47.9975
47.9975
47.9975
47.9975
48.8481
48.8481
48.8481
48.8481
48.8481
48.8481
48.8481
48.8481
49.5181
49.5181
49.5181
49.5181
49.5181
49.5181
49.5181
49.5181
49.9993
49.9993
49.9993
49.9993
49.9993
49.9993
49.9993
49.9993
50.3041
50.3041
50.3041
50.3041
50.3041
50.3041
50.3041
50.3041
50.4648
50.4648
50.4648
50.4648
50.4648
50.4648
50.4648
50.4648
50.5295
50.5295
50.5295
50.5295
50.5295
50.5295
50.5295
50.5295
50.5582
50.5582
50.5582
50.5582
50.5582
50.5582
50.5582
50.5582
39.6466
39.6466
39.6466
39.6466
39.6466
39.6466
39.6466
39.6466
40.4202
40.4202
40.4202
40.4202
40.4202
40.4202
40.4202
40.4202
41.34
41.34
41.34
41.34
41.34
41.34
41.34
41.34
42.3846
42.3846
42.3846
42.3846
42.3846
42.3846
42.3846
42.3846
43.5201
43.5201
43.5201
43.5201
43.5201
43.5201
43.5201
43.5201
44.7018
44.7018
44.7018
44.7018
44.7018
44.7018
44.7018
44.7018
45.8777
45.8777
45.8777
45.8777
45.8777
45.8777
45.8777
45.8777
46.9934
46.9934
46.9934
46.9934
46.9934
46.9934
46.9934
46.9934
47.9975
47.9975
47.9975
47.9975
47.9975
47.9975
47.9975
47.9975
48.8481
48.8481
48.8481
48.8481
48.8481
48.8481
48.8481
48.8481
49.5181
49.5181
49.5181
49.5181
49.5181
49.5181
49.5181
49.5181
49.9993
49.9993
49.9993
49.9993
49.9993
49.9993
49.9993
49.9993
50.3041
50.3041
50.3041
50.3041
50.3041
50.3041
50.3041
50.3041
50.4648
50.4648
50.4648
50.4648
50.4648
50.4648
50.4648
50.4648
50.5295
50.5295
50.5295
50.5295
50.5295
50.5295
50.5295
50.5295
50.5582
50.5582
50.5582
50.5582
50.5582
50.5582
50.5582
50.5582
39.6466
39.6466
39.6466
39.6466
39.6466
39.6466
39.6466
39.6466
40.4202
40.4202
40.4202
40.4202
40.4202
40.4202
40.4202
40.4202
41.34
41.34
41.34
41.34
41.34
41.34
41.34
41.34
42.3846
42.3846
42.3846
42.3846
42.3846
42.3846
42.3846
42.3846
43.5201
43.5201
43.5201
43.5201
43.5201
43.5201
43.5201
43.5201
44.7018
44.7018
44.7018
44.7018
44.7018
44.7018
44.7018
44.7018
45.8777
45.8777
45.8777
45.8777
45.8777
45.8777
45.8777
45.8777
46.9934
46.9934
46.9934
46.9934
46.9934
46.9934
46.9934
46.9934
47.9975
47.9975
47.9975
47.9975
47.9975
47.9975
47.9975
47.9975
48.8481
48.8481
48.8481
48.8481
48.8481
48.8481
48.8481
48.8481
49.5181
49.5181
49.5181
49.5181
49.5181
49.5181
49.5181
49.5181
49.9993
49.9993
49.9993
49.9993
49.9993
49.9993
49.9993
49.9993
50.3041
50.3041
50.3041
50.3041
50.3041
50.3041
50.3041
50.3041
50.4648
50.4648
50.4648
50.4648
50.4648
50.4648
50.4648
50.4648
50.5295
50.5295
50.5295
50.5295
50.5295
50.5295
50.5295
50.5295
50.5582
50.5582
50.5582
50.5582
50.5582
50.5582
50.5582
50.5582
39.6466
39.6466
39.6466
39.6466
39.6466
39.6466
39.6466
39.6466
40.4202
40.4202
40.4202
40.4202
40.4202
40.4202
40.4202
40.4202
41.34
41.34
41.34
41.34
41.34
41.34
41.34
41.34
42.3846
42.3846
42.3846
42.3846
42.3846
42.3846
42.3846
42.3846
43.5201
43.5201
43.5201
43.5201
43.5201
43.5201
43.5201
43.5201
44.7018
44.7018
44.7018
44.7018
44.7018
44.7018
44.7018
44.7018
45.8777
45.8777
45.8777
45.8777
45.8777
45.8777
45.8777
45.8777
46.9934
46.9934
46.9934
46.9934
46.9934
46.9934
46.9934
46.9934
47.9975
47.9975
47.9975
47.9975
47.9975
47.9975
47.9975
47.9975
48.8481
48.8481
48.8481
48.8481
48.8481
48.8481
48.8481
48.8481
49.5181
49.5181
49.5181
49.5181
49.5181
49.5181
49.5181
49.5181
49.9993
49.9993
49.9993
49.9993
49.9993
49.9993
49.9993
49.9993
50.3041
50.3041
50.3041
50.3041
50.3041
50.3041
50.3041
50.3041
50.4648
50.4648
50.4648
50.4648
50.4648
50.4648
50.4648
50.4648
50.5295
50.5295
50.5295
50.5295
50.5295
50.5295
50.5295
50.5295
50.5582
50.5582
50.5582
50.5582
50.5582
50.5582
50.5582
50.5582
38.0809
38.0809
38.0809
38.0809
38.0809
38.0809
38.0809
38.0809
38.5656
38.5656
38.5656
38.5656
38.5656
38.5656
38.5656
38.5656
39.2211
39.2211
39.2211
39.2211
39.2211
39.2211
39.2211
39.2211
40.0339
40.0339
40.0339
40.0339
40.0339
40.0339
40.0339
40.0339
40.9788
40.9788
40.9788
40.9788
40.9788
40.9788
40.9788
40.9788
42.0204
42.0204
42.0204
42.0204
42.0204
42.0204
42.0204
42.0204
43.1153
43.1153
43.1153
43.1153
43.1153
43.1153
43.1153
43.1153
44.216
44.216
44.216
44.216
44.216
44.216
44.216
44.216
45.2754
45.2754
45.2754
45.2754
45.2754
45.2754
45.2754
45.2754
46.2519
46.2519
46.2519
46.2519
46.2519
46.2519
46.2519
46.2519
47.1149
47.1149
47.1149
47.1149
47.1149
47.1149
47.1149
47.1149
47.849
47.849
47.849
47.849
47.849
47.849
47.849
47.849
48.4561
48.4561
48.4561
48.4561
48.4561
48.4561
48.4561
48.4561
48.9564
48.9564
48.9564
48.9564
48.9564
48.9564
48.9564
48.9564
49.3863
49.3863
49.3863
49.3863
49.3863
49.3863
49.3863
49.3863
49.7946
49.7946
49.7946
49.7946
49.7946
49.7946
49.7946
49.7946
38.0809
38.0809
38.0809
38.0809
38.0809
38.0809
38.0809
38.0809
38.5656
38.5656
38.5656
38.5656
38.5656
38.5656
38.5656
38.5656
39.2211
39.2211
39.2211
39.2211
39.2211
39.2211
39.2211
39.2211
40.0339
40.0339
40.0339
40.0339
40.0339
40.0339
40.0339
40.0339
40.9788
40.9788
40.9788
40.9788
40.9788
40.9788
40.9788
40.9788
42.0204
42.0204
42.0204
42.0204
42.0204
42.0204
42.0204
42.0204
43.1153
43.1153
43.1153
43.1153
43.1153
43.1153
43.1153
43.1153
44.216
44.216
44.216
44.216
44.216
44.216
44.216
44.216
45.2754
45.2754
45.2754
45.2754
45.2754
45.2754
45.2754
45.2754
46.2519
46.2519
46.2519
46.2519
46.2519
46.2519
46.2519
46.2519
47.1149
47.1149
47.1149
47.1149
47.1149
47.1149
47.1149
47.1149
47.849
47.849
47.849
47.849
47.849
47.849
47.849
47.849
48.4561
48.4561
48.4561
48.4561
48.4561
48.4561
48.4561
48.4561
48.9564
48.9564
48.9564
48.9564
48.9564
48.9564
48.9564
48.9564
49.3863
49.3863
49.3863
49.3863
49.3863
49.3863
49.3863
49.3863
49.7946
49.7946
49.7946
49.7946
49.7946
49.7946
49.7946
49.7946
38.0809
38.0809
38.0809
38.0809
38.0809
38.0809
38.0809
38.0809
38.5656
38.5656
38.5656
38.5656
38.5656
38.5656
38.5656
38.5656
39.2211
39.2211
39.2211
39.2211
39.2211
39.2211
39.2211
39.2211
40.0339
40.0339
40.0339
40.0339
40.0339
40.0339
40.0339
40.0339
40.9788
40.9788
40.9788
40.9788
40.9788
40.9788
40.9788
40.9788
42.0204
42.0204
42.0204
42.0204
42.0204
42.0204
42.0204
42.0204
43.1153
43.1153
43.1153
43.1153
43.1153
43.1153
43.1153
43.1153
44.216
44.216
44.216
44.216
44.216
44.216
44.216
44.216
45.2754
45.2754
45.2754
45.2754
45.2754
45.2754
45.2754
45.2754
46.2519
46.2519
46.2519
46.2519
46.2519
46.2519
46.2519
46.2519
47.1149
47.1149
47.1149
47.1149
47.1149
47.1149
47.1149
47.1149
47.849
47.849
47.849
47.849
47.849
47.849
47.849
47.849
48.4561
48.4561
48.4561
48.4561
48.4561
48.4561
48.4561
48.4561
48.9564
48.9564
48.9564
48.9564
48.9564
48.9564
48.9564
48.9564
49.3863
49.3863
49.3863
49.3863
49.3863
49.3863
49.3863
49.3863
49.7946
49.7946
49.7946
49.7946
49.7946
49.7946
49.7946
49.7946
38.0809
38.0809
38.0809
38.0809
38.0809
38.0809
38.0809
38.0809
38.5656
38.5656
38.5656
38.5656
38.5656
38.5656
38.5656
38.5656
39.2211
39.2211
39.2211
39.2211
39.2211
39.2211
39.2211
39.2211
40.0339
40.0339
40.0339
40.0339
40.0339
40.0339
40.0339
40.0339
40.9788
40.9788
40.9788
40.9788
40.9788
40.9788
40.9788
40.9788
42.0204
42.0204
42.0204
42.0204
42.0204
42.0204
42.0204
42.0204
43.1153
43.1153
43.1153
43.1153
43.1153
43.1153
43.1153
43.1153
44.216
44.216
44.216
44.216
44.216
44.216
44.216
44.216
45.2754
45.2754
45.2754
45.2754
45.2754
45.2754
45.2754
45.2754
46.2519
46.2519
46.2519
46.2519
46.2519
46.2519
46.2519
46.2519
47.1149
47.1149
47.1149
47.1149
47.1149
47.1149
47.1149
47.1149
47.849
47.849
47.849
47.849
47.849
47.849
47.849
47.849
48.4561
48.4561
48.4561
48.4561
48.4561
48.4561
48.4561
48.4561
48.9564
48.9564
48.9564
48.9564
48.9564
48.9564
48.9564
48.9564
49.3863
49.3863
49.3863
49.3863
49.3863
49.3863
49.3863
49.3863
49.7946
49.7946
49.7946
49.7946
49.7946
49.7946
49.7946
49.7946
36.1195
36.1195
36.1195
36.1195
36.1195
36.1195
36.1195
36.1195
36.3902
36.3902
36.3902
36.3902
36.3902
36.3902
36.3902
36.3902
36.8447
36.8447
36.8447
36.8447
36.8447
36.8447
36.8447
36.8447
37.4749
37.4749
37.4749
37.4749
37.4749
37.4749
37.4749
37.4749
38.2612
38.2612
38.2612
38.2612
38.2612
38.2612
38.2612
38.2612
39.1749
39.1749
39.1749
39.1749
39.1749
39.1749
39.1749
39.1749
40.1793
40.1793
40.1793
40.1793
40.1793
40.1793
40.1793
40.1793
41.233
41.233
41.233
41.233
41.233
41.233
41.233
41.233
42.2935
42.2935
42.2935
42.2935
42.2935
42.2935
42.2935
42.2935
43.322
43.322
43.322
43.322
43.322
43.322
43.322
43.322
44.2877
44.2877
44.2877
44.2877
44.2877
44.2877
44.2877
44.2877
45.1723
45.1723
45.1723
45.1723
45.1723
45.1723
45.1723
45.1723
45.9726
45.9726
45.9726
45.9726
45.9726
45.9726
45.9726
45.9726
46.7018
46.7018
46.7018
46.7018
46.7018
46.7018
46.7018
46.7018
47.3888
47.3888
47.3888
47.3888
47.3888
47.3888
47.3888
47.3888
48.0755
48.0755
48.0755
48.0755
48.0755
48.0755
48.0755
48.0755
36.1195
36.1195
36.1195
36.1195
36.1195
36.1195
36.1195
36.1195
36.3902
36.3902
36.3902
36.3902
36.3902
36.3902
36.3902
36.3902
36.8447
36.8447
36.8447
36.8447
36.8447
36.8447
36.8447
36.8447
37.4749
37.4749
37.4749
37.4749
37.4749
37.4749
37.4749
37.4749
38.2612
38.2612
38.2612
38.2612
38.2612
38.2612
38.2612
38.2612
39.1749
39.1749
39.1749
39.1749
39.1749
39.1749
39.1749
39.1749
40.1793
40.1793
40.1793
40.1793
40.1793
40.1793
40.1793
40.1793
41.233
41.233
41.233
41.233
41.233
41.233
41.233
41.233
42.2935
42.2935
42.2935
42.2935
42.2935
42.2935
42.2935
42.2935
43.322
43.322
43.322
43.322
43.322
43.322
43.322
43.322
44.2877
44.2877
44.2877
44.2877
44.2877
44.2877
44.2877
44.2877
45.1723
45.1723
45.1723
45.1723
45.1723
45.1723
45.1723
45.1723
45.9726
45.9726
45.9726
45.9726
45.9726
45.9726
45.9726
45.9726
46.7018
46.7018
46.7018
46.7018
46.7018
46.7018
46.7018
46.7018
47.3888
47.3888
47.3888
47.3888
47.3888
47.3888
47.3888
47.3888
48.0755
48.0755
48.0755
48.0755
48.0755
48.0755
48.0755
48.0755
36.1195
36.1195
36.1195
36.1195
36.1195
36.1195
36.1195
36.1195
36.3902
36.3902
36.3902
36.3902
36.3902
36.3902
36.3902
36.3902
36.8447
36.8447
36.8447
36.8447
36.8447
36.8447
36.8447
36.8447
37.4749
37.4749
37.4749
37.4749
37.4749
37.4749
37.4749
37.4749
38.2612
38.2612
38.2612
38.2612
38.2612
38.2612
38.2612
38.2612
39.1749
39.1749
39.1749
39.1749
39.1749
39.1749
39.1749
39.1749
40.1793
40.1793
40.1793
40.1793
40.1793
40.1793
40.1793
40.1793
41.233
41.233
41.233
41.233
41.233
41.233
41.233
41.233
42.2935
42.2935
42.2935
42.2935
42.2935
42.2935
42.2935
42.2935
43.322
43.322
43.322
43.322
43.322
43.322
43.322
43.322
44.2877
44.2877
44.2877
44.2877
44.2877
44.2877
44.2877
44.2877
45.1723
45.1723
45.1723
45.1723
45.1723
45.1723
45.1723
45.1723
45.9726
45.9726
45.9726
45.9726
45.9726
45.9726
45.9726
45.9726
46.7018
46.7018
46.7018
46.7018
46.7018
46.7018
46.7018
46.7018
47.3888
47.3888
47.3888
47.3888
47.3888
47.3888
47.3888
47.3888
48.0755
48.0755
48.0755
48.0755
48.0755
48.0755
48.0755
48.0755
36.1195
36.1195
36.1195
36.1195
36.1195
36.1195
36.1195
36.1195
36.3902
36.3902
36.3902
36.3902
36.3902
36.3902
36.3902
36.3902
36.8447
36.8447
36.8447
36.8447
36.8447
36.8447
36.8447
36.8447
37.4749
37.4749
37.4749
37.4749
37.4749
37.4749
37.4749
37.4749
38.2612
38.2612
38.2612
38.2612
38.2612
38.2612
38.2612
38.2612
39.1749
39.1749
39.1749
39.1749
39.1749
39.1749
39.1749
39.1749
40.1793
40.1793
40.1793
40.1793
40.1793
40.1793
40.1793
40.1793
41.233
41.233
41.233
41.233
41.233
41.233
41.233
41.233
42.2935
42.2935
42.2935
42.2935
42.2935
42.2935
42.2935
42.2935
43.322
43.322
43.322
43.322
43.322
43.322
43.322
43.322
44.2877
44.2877
44.2877
44.2877
44.2877
44.2877
44.2877
44.2877
45.1723
45.1723
45.1723
45.1723
45.1723
45.1723
45.1723
45.1723
45.9726
45.9726
45.9726
45.9726
45.9726
45.9726
45.9726
45.9726
46.7018
46.7018
46.7018
46.7018
46.7018
46.7018
46.7018
46.7018
47.3888
47.3888
47.3888
47.3888
47.3888
47.3888
47.3888
47.3888
48.0755
48.0755
48.0755
48.0755
48.0755
48.0755
48.0755
48.0755
33.8434
33.8434
33.8434
33.8434
33.8434
33.8434
33.8434
33.8434
33.9764
33.9764
33.9764
33.9764
33.9764
33.9764
33.9764
33.9764
34.2946
34.2946
34.2946
34.2946
34.2946
34.2946
34.2946
34.2946
34.7924
34.7924
34.7924
34.7924
34.7924
34.7924
34.7924
34.7924
35.4542
35.4542
35.4542
35.4542
35.4542
35.4542
35.4542
35.4542
36.2556
36.2556
36.2556
36.2556
36.2556
36.2556
36.2556
36.2556
37.1651
37.1651
37.1651
37.1651
37.1651
37.1651
37.1651
37.1651
38.1463
38.1463
38.1463
38.1463
38.1463
38.1463
38.1463
38.1463
39.1616
39.1616
39.1616
39.1616
39.1616
39.1616
39.1616
39.1616
40.1755
40.1755
40.1755
40.1755
40.1755
40.1755
40.1755
40.1755
41.1594
41.1594
41.1594
41.1594
41.1594
41.1594
41.1594
41.1594
42.0953
42.0953
42.0953
42.0953
42.0953
42.0953
42.0953
42.0953
42.9785
42.9785
42.9785
42.9785
42.9785
42.9785
42.9785
42.9785
43.8196
43.8196
43.8196
43.8196
43.8196
43.8196
43.8196
43.8196
44.6438
44.6438
44.6438
44.6438
44.6438
44.6438
44.6438
44.6438
45.4893
45.4893
45.4893
45.4893
45.4893
45.4893
45.4893
45.4893
33.8434
33.8434
33.8434
33.8434
33.8434
33.8434
33.8434
33.8434
33.9764
33.9764
33.9764
33.9764
33.9764
33.9764
33.9764
33.9764
34.2946
34.2946
34.2946
34.2946
34.2946
34.2946
34.2946
34.2946
34.7924
34.7924
34.7924
34.7924
34.7924
34.7924
34.7924
34.7924
35.4542
35.4542
35.4542
35.4542
35.4542
35.4542
35.4542
35.4542
36.2556
36.2556
36.2556
36.2556
36.2556
36.2556
36.2556
36.2556
37.1651
37.1651
37.1651
37.1651
37.1651
37.1651
37.1651
37.1651
38.1463
38.1463
38.1463
38.1463
38.1463
38.1463
38.1463
38.1463
39.1616
39.1616
39.1616
39.1616
39.1616
39.1616
39.1616
39.1616
40.1755
40.1755
40.1755
40.1755
40.1755
40.1755
40.1755
40.1755
41.1594
41.1594
41.1594
41.1594
41.1594
41.1594
41.1594
41.1594
42.0953
42.0953
42.0953
42.0953
42.0953
42.0953
42.0953
42.0953
42.9785
42.9785
42.9785
42.9785
42.9785
42.9785
42.9785
42.9785
43.8196
43.8196
43.8196
43.8196
43.8196
43.8196
43.8196
43.8196
44.6438
44.6438
44.6438
44.6438
44.6438
44.6438
44.6438
44.6438
45.4893
45.4893
45.4893
45.4893
45.4893
45.4893
45.4893
45.4893
33.8434
33.8434
33.8434
33.8434
33.8434
33.8434
33.8434
33.8434
33.9764
33.9764
33.9764
33.9764
33.9764
33.9764
33.9764
33.9764
34.2946
34.2946
34.2946
34.2946
34.2946
34.2946
34.2946
34.2946
34.7924
34.7924
34.7924
34.7924
34.7924
34.7924
34.7924
34.7924
35.4542
35.4542
35.4542
35.4542
35.4542
35.4542
35.4542
35.4542
36.2556
36.2556
36.2556
36.2556
36.2556
36.2556
36.2556
36.2556
37.1651
37.1651
37.1651
37.1651
37.1651
37.1651
37.1651
37.1651
38.1463
38.1463
38.1463
38.1463
38.1463
38.1463
38.1463
38.1463
39.1616
39.1616
39.1616
39.1616
39.1616
39.1616
39.1616
39.1616
40.1755
40.1755
40.1755
40.1755
40.1755
40.1755
40.1755
40.1755
41.1594
41.1594
41.1594
41.1594
41.1594
41.1594
41.1594
41.1594
42.0953
42.0953
42.0953
42.0953
42.0953
42.0953
42.0953
42.0953
42.9785
42.9785
42.9785
42.9785
42.9785
42.9785
42.9785
42.9785
43.8196
43.8196
43.8196
43.8196
43.8196
43.8196
43.8196
43.8196
44.6438
44.6438
44.6438
44.6438
44.6438
44.6438
44.6438
44.6438
45.4893
45.4893
45.4893
45.4893
45.4893
45.4893
45.4893
45.4893
33.8434
33.8434
33.8434
33.8434
33.8434
33.8434
33.8434
33.8434
33.9764
33.9764
33.9764
33.9764
33.9764
33.9764
33.9764
33.9764
34.2946
34.2946
34.2946
34.2946
34.2946
34.2946
34.2946
34.2946
34.7924
34.7924
34.7924
34.7924
34.7924
34.7924
34.7924
34.7924
35.4542
35.4542
35.4542
35.4542
35.4542
35.4542
35.4542
35.4542
36.2556
36.2556
36.2556
36.2556
36.2556
36.2556
36.2556
36.2556
37.1651
37.1651
37.1651
37.1651
37.1651
37.1651
37.1651
37.1651
38.1463
38.1463
38.1463
38.1463
38.1463
38.1463
38.1463
38.1463
39.1616
39.1616
39.1616
39.1616
39.1616
39.1616
39.1616
39.1616
40.1755
40.1755
40.1755
40.1755
40.1755
40.1755
40.1755
40.1755
41.1594
41.1594
41.1594
41.1594
41.1594
41.1594
41.1594
41.1594
42.0953
42.0953
42.0953
42.0953
42.0953
42.0953
42.0953
42.0953
42.9785
42.9785
42.9785
42.9785
42.9785
42.9785
42.9785
42.9785
43.8196
43.8196
43.8196
43.8196
43.8196
43.8196
43.8196
43.8196
44.6438
44.6438
44.6438
44.6438
44.6438
44.6438
44.6438
44.6438
45.4893
45.4893
45.4893
45.4893
45.4893
45.4893
45.4893
45.4893
31.3703
31.3703
31.3703
31.3703
31.3703
31.3703
31.3703
31.3703
31.4362
31.4362
31.4362
31.4362
31.4362
31.4362
31.4362
31.4362
31.6774
31.6774
31.6774
31.6774
31.6774
31.6774
31.6774
31.6774
32.0897
32.0897
32.0897
32.0897
32.0897
32.0897
32.0897
32.0897
32.6599
32.6599
32.6599
32.6599
32.6599
32.6599
32.6599
32.6599
33.3664
33.3664
33.3664
33.3664
33.3664
33.3664
33.3664
33.3664
34.1815
34.1815
34.1815
34.1815
34.1815
34.1815
34.1815
34.1815
35.0729
35.0729
35.0729
35.0729
35.0729
35.0729
35.0729
35.0729
36.0069
36.0069
36.0069
36.0069
36.0069
36.0069
36.0069
36.0069
36.952
36.952
36.952
36.952
36.952
36.952
36.952
36.952
37.8829
37.8829
37.8829
37.8829
37.8829
37.8829
37.8829
37.8829
38.7836
38.7836
38.7836
38.7836
38.7836
38.7836
38.7836
38.7836
39.6507
39.6507
39.6507
39.6507
39.6507
39.6507
39.6507
39.6507
40.4949
40.4949
40.4949
40.4949
40.4949
40.4949
40.4949
40.4949
41.3409
41.3409
41.3409
41.3409
41.3409
41.3409
41.3409
41.3409
42.2254
42.2254
42.2254
42.2254
42.2254
42.2254
42.2254
42.2254
31.3703
31.3703
31.3703
31.3703
31.3703
31.3703
31.3703
31.3703
31.4362
31.4362
31.4362
31.4362
31.4362
31.4362
31.4362
31.4362
31.6774
31.6774
31.6774
31.6774
31.6774
31.6774
31.6774
31.6774
32.0897
32.0897
32.0897
32.0897
32.0897
32.0897
32.0897
32.0897
32.6599
32.6599
32.6599
32.6599
32.6599
32.6599
32.6599
32.6599
33.3664
33.3664
33.3664
33.3664
33.3664
33.3664
33.3664
33.3664
34.1815
34.1815
34.1815
34.1815
34.1815
34.1815
34.1815
34.1815
35.0729
35.0729
35.0729
35.0729
35.0729
35.0729
35.0729
35.0729
36.0069
36.0069
36.0069
36.0069
36.0069
36.0069
36.0069
36.0069
36.952
36.952
36.952
36.952
36.952
36.952
36.952
36.952
37.8829
37.8829
37.8829
37.8829
37.8829
37.8829
37.8829
37.8829
38.7836
38.7836
38.7836
38.7836
38.7836
38.7836
38.7836
38.7836
39.6507
39.6507
39.6507
39.6507
39.6507
39.6507
39.6507
39.6507
40.4949
40.4949
40.4949
40.4949
40.4949
40.4949
40.4949
40.4949
41.3409
41.3409
41.3409
41.3409
41.3409
41.3409
41.3409
41.3409
42.2254
42.2254
42.2254
42.2254
42.2254
42.2254
42.2254
42.2254
31.3703
31.3703
31.3703
31.3703
31.3703
31.3703
31.3703
31.3703
31.4362
31.4362
31.4362
31.4362
31.4362
31.4362
31.4362
31.4362
31.6774
31.6774
31.6774
31.6774
31.6774
31.6774
31.6774
31.6774
32.0897
32.0897
32.0897
32.0897
32.0897
32.0897
32.0897
32.0897
32.6599
32.6599
32.6599
32.6599
32.6599
32.6599
32.6599
32.6599
33.3664
33.3664
33.3664
33.3664
33.3664
33.3664
33.3664
33.3664
34.1815
34.1815
34.1815
34.1815
34.1815
34.1815
34.1815
34.1815
35.0729
35.0729
35.0729
35.0729
35.0729
35.0729
35.0729
35.0729
36.0069
36.0069
36.0069
36.0069
36.0069
36.0069
36.0069
36.0069
36.952
36.952
36.952
36.952
36.952
36.952
36.952
36.952
37.8829
37.8829
37.8829
37.8829
37.8829
37.8829
37.8829
37.8829
38.7836
38.7836
38.7836
38.7836
38.7836
38.7836
38.7836
38.7836
39.6507
39.6507
39.6507
39.6507
39.6507
39.6507
39.6507
39.6507
40.4949
40.4949
40.4949
40.4949
40.4949
40.4949
40.4949
40.4949
41.3409
41.3409
41.3409
41.3409
41.3409
41.3409
41.3409
41.3409
42.2254
42.2254
42.2254
42.2254
42.2254
42.2254
42.2254
42.2254
31.3703
31.3703
31.3703
31.3703
31.3703
31.3703
31.3703
31.3703
31.4362
31.4362
31.4362
31.4362
31.4362
31.4362
31.4362
31.4362
31.6774
31.6774
31.6774
31.6774
31.6774
31.6774
31.6774
31.6774
32.0897
32.0897
32.0897
32.0897
32.0897
32.0897
32.0897
32.0897
32.6599
32.6599
32.6599
32.6599
32.6599
32.6599
32.6599
32.6599
33.3664
33.3664
33.3664
33.3664
33.3664
33.3664
33.3664
33.3664
34.1815
34.1815
34.1815
34.1815
34.1815
34.1815
34.1815
34.1815
35.0729
35.0729
35.0729
35.0729
35.0729
35.0729
35.0729
35.0729
36.0069
36.0069
36.0069
36.0069
36.0069
36.0069
36.0069
36.0069
36.952
36.952
36.952
36.952
36.952
36.952
36.952
36.952
37.8829
37.8829
37.8829
37.8829
37.8829
37.8829
37.8829
37.8829
38.7836
38.7836
38.7836
38.7836
38.7836
38.7836
38.7836
38.7836
39.6507
39.6507
39.6507
39.6507
39.6507
39.6507
39.6507
39.6507
40.4949
40.4949
40.4949
40.4949
40.4949
40.4949
40.4949
40.4949
41.3409
41.3409
41.3409
41.3409
41.3409
41.3409
41.3409
41.3409
42.2254
42.2254
42.2254
42.2254
42.2254
42.2254
42.2254
42.2254
28.8331
28.8331
28.8331
28.8331
28.8331
28.8331
28.8331
28.8331
28.8901
28.8901
28.8901
28.8901
28.8901
28.8901
28.8901
28.8901
29.1042
29.1042
29.1042
29.1042
29.1042
29.1042
29.1042
29.1042
29.4713
29.4713
29.4713
29.4713
29.4713
29.4713
29.4713
29.4713
29.9793
29.9793
29.9793
29.9793
29.9793
29.9793
29.9793
29.9793
30.6085
30.6085
30.6085
30.6085
30.6085
30.6085
30.6085
30.6085
31.3337
31.3337
31.3337
31.3337
31.3337
31.3337
31.3337
31.3337
32.1256
32.1256
32.1256
32.1256
32.1256
32.1256
32.1256
32.1256
32.9541
32.9541
32.9541
32.9541
32.9541
32.9541
32.9541
32.9541
33.7914
33.7914
33.7914
33.7914
33.7914
33.7914
33.7914
33.7914
34.6157
34.6157
34.6157
34.6157
34.6157
34.6157
34.6157
34.6157
35.4144
35.4144
35.4144
35.4144
35.4144
35.4144
35.4144
35.4144
36.1867
36.1867
36.1867
36.1867
36.1867
36.1867
36.1867
36.1867
36.9453
36.9453
36.9453
36.9453
36.9453
36.9453
36.9453
36.9453
37.7159
37.7159
37.7159
37.7159
37.7159
37.7159
37.7159
37.7159
38.536
38.536
38.536
38.536
38.536
38.536
38.536
38.536
28.8331
28.8331
28.8331
28.8331
28.8331
28.8331
28.8331
28.8331
28.8901
28.8901
28.8901
28.8901
28.8901
28.8901
28.8901
28.8901
29.1042
29.1042
29.1042
29.1042
29.1042
29.1042
29.1042
29.1042
29.4713
29.4713
29.4713
29.4713
29.4713
29.4713
29.4713
29.4713
29.9793
29.9793
29.9793
29.9793
29.9793
29.9793
29.9793
29.9793
30.6085
30.6085
30.6085
30.6085
30.6085
30.6085
30.6085
30.6085
31.3337
31.3337
31.3337
31.3337
31.3337
31.3337
31.3337
31.3337
32.1256
32.1256
32.1256
32.1256
32.1256
32.1256
32.1256
32.1256
32.9541
32.9541
32.9541
32.9541
32.9541
32.9541
32.9541
32.9541
33.7914
33.7914
33.7914
33.7914
33.7914
33.7914
33.7914
33.7914
34.6157
34.6157
34.6157
34.6157
34.6157
34.6157
34.6157
34.6157
35.4144
35.4144
35.4144
35.4144
35.4144
35.4144
35.4144
35.4144
36.1867
36.1867
36.1867
36.1867
36.1867
36.1867
36.1867
36.1867
36.9453
36.9453
36.9453
36.9453
36.9453
36.9453
36.9453
36.9453
37.7159
37.7159
37.7159
37.7159
37.7159
37.7159
37.7159
37.7159
38.536
38.536
38.536
38.536
38.536
38.536
38.536
38.536
28.8331
28.8331
28.8331
28.8331
28.8331
28.8331
28.8331
28.8331
28.8901
28.8901
28.8901
28.8901
28.8901
28.8901
28.8901
28.8901
29.1042
29.1042
29.1042
29.1042
29.1042
29.1042
29.1042
29.1042
29.4713
29.4713
29.4713
29.4713
29.4713
29.4713
29.4713
29.4713
29.9793
29.9793
29.9793
29.9793
29.9793
29.9793
29.9793
29.9793
30.6085
30.6085
30.6085
30.6085
30.6085
30.6085
30.6085
30.6085
31.3337
31.3337
31.3337
31.3337
31.3337
31.3337
31.3337
31.3337
32.1256
32.1256
32.1256
32.1256
32.1256
32.1256
32.1256
32.1256
32.9541
32.9541
32.9541
32.9541
32.9541
32.9541
32.9541
32.9541
33.7914
33.7914
33.7914
33.7914
33.7914
33.7914
33.7914
33.7914
34.6157
34.6157
34.6157
34.6157
34.6157
34.6157
34.6157
34.6157
35.4144
35.4144
35.4144
35.4144
35.4144
35.4144
35.4144
35.4144
36.1867
36.1867
36.1867
36.1867
36.1867
36.1867
36.1867
36.1867
36.9453
36.9453
36.9453
36.9453
36.9453
36.9453
36.9453
36.9453
37.7159
37.7159
37.7159
37.7159
37.7159
37.7159
37.7159
37.7159
38.536
38.536
38.536
38.536
38.536
38.536
38.536
38.536
28.8331
28.8331
28.8331
28.8331
28.8331
28.8331
28.8331
28.8331
28.8901
28.8901
28.8901
28.8901
28.8901
28.8901
28.8901
28.8901
29.1042
29.1042
29.1042
29.1042
29.1042
29.1042
29.1042
29.1042
29.4713
29.4713
29.4713
29.4713
29.4713
29.4713
29.4713
29.4713
29.9793
29.9793
29.9793
29.9793
29.9793
29.9793
29.9793
29.9793
30.6085
30.6085
30.6085
30.6085
30.6085
30.6085
30.6085
30.6085
31.3337
31.3337
31.3337
31.3337
31.3337
31.3337
31.3337
31.3337
32.1256
32.1256
32.1256
32.1256
32.1256
32.1256
32.1256
32.1256
32.9541
32.9541
32.9541
32.9541
32.9541
32.9541
32.9541
32.9541
33.7914
33.7914
33.7914
33.7914
33.7914
33.7914
33.7914
33.7914
34.6157
34.6157
34.6157
34.6157
34.6157
34.6157
34.6157
34.6157
35.4144
35.4144
35.4144
35.4144
35.4144
35.4144
35.4144
35.4144
36.1867
36.1867
36.1867
36.1867
36.1867
36.1867
36.1867
36.1867
36.9453
36.9453
36.9453
36.9453
36.9453
36.9453
36.9453
36.9453
37.7159
37.7159
37.7159
37.7159
37.7159
37.7159
37.7159
37.7159
38.536
38.536
38.536
38.536
38.536
38.536
38.536
38.536
26.3579
26.3579
26.3579
26.3579
26.3579
26.3579
26.3579
26.3579
26.4496
26.4496
26.4496
26.4496
26.4496
26.4496
26.4496
26.4496
26.6745
26.6745
26.6745
26.6745
26.6745
26.6745
26.6745
26.6745
27.0282
27.0282
27.0282
27.0282
27.0282
27.0282
27.0282
27.0282
27.4986
27.4986
27.4986
27.4986
27.4986
27.4986
27.4986
27.4986
28.0671
28.0671
28.0671
28.0671
28.0671
28.0671
28.0671
28.0671
28.7098
28.7098
28.7098
28.7098
28.7098
28.7098
28.7098
28.7098
29.3998
29.3998
29.3998
29.3998
29.3998
29.3998
29.3998
29.3998
30.1099
30.1099
30.1099
30.1099
30.1099
30.1099
30.1099
30.1099
30.8156
30.8156
30.8156
30.8156
30.8156
30.8156
30.8156
30.8156
31.4987
31.4987
31.4987
31.4987
31.4987
31.4987
31.4987
31.4987
32.1506
32.1506
32.1506
32.1506
32.1506
32.1506
32.1506
32.1506
32.774
32.774
32.774
32.774
32.774
32.774
32.774
32.774
33.3844
33.3844
33.3844
33.3844
33.3844
33.3844
33.3844
33.3844
34.0097
34.0097
34.0097
34.0097
34.0097
34.0097
34.0097
34.0097
34.6888
34.6888
34.6888
34.6888
34.6888
34.6888
34.6888
34.6888
26.3579
26.3579
26.3579
26.3579
26.3579
26.3579
26.3579
26.3579
26.4496
26.4496
26.4496
26.4496
26.4496
26.4496
26.4496
26.4496
26.6745
26.6745
26.6745
26.6745
26.6745
26.6745
26.6745
26.6745
27.0282
27.0282
27.0282
27.0282
27.0282
27.0282
27.0282
27.0282
27.4986
27.4986
27.4986
27.4986
27.4986
27.4986
27.4986
27.4986
28.0671
28.0671
28.0671
28.0671
28.0671
28.0671
28.0671
28.0671
28.7098
28.7098
28.7098
28.7098
28.7098
28.7098
28.7098
28.7098
29.3998
29.3998
29.3998
29.3998
29.3998
29.3998
29.3998
29.3998
30.1099
30.1099
30.1099
30.1099
30.1099
30.1099
30.1099
30.1099
30.8156
30.8156
30.8156
30.8156
30.8156
30.8156
30.8156
30.8156
31.4987
31.4987
31.4987
31.4987
31.4987
31.4987
31.4987
31.4987
32.1506
32.1506
32.1506
32.1506
32.1506
32.1506
32.1506
32.1506
32.774
32.774
32.774
32.774
32.774
32.774
32.774
32.774
33.3844
33.3844
33.3844
33.3844
33.3844
33.3844
33.3844
33.3844
34.0097
34.0097
34.0097
34.0097
34.0097
34.0097
34.0097
34.0097
34.6888
34.6888
34.6888
34.6888
34.6888
34.6888
34.6888
34.6888
26.3579
26.3579
26.3579
26.3579
26.3579
26.3579
26.3579
26.3579
26.4496
26.4496
26.4496
26.4496
26.4496
26.4496
26.4496
26.4496
26.6745
26.6745
26.6745
26.6745
26.6745
26.6745
26.6745
26.6745
27.0282
27.0282
27.0282
27.0282
27.0282
27.0282
27.0282
27.0282
27.4986
27.4986
27.4986
27.4986
27.4986
27.4986
27.4986
27.4986
28.0671
28.0671
28.0671
28.0671
28.0671
28.0671
28.0671
28.0671
28.7098
28.7098
28.7098
28.7098
28.7098
28.7098
28.7098
28.7098
29.3998
29.3998
29.3998
29.3998
29.3998
29.3998
29.3998
29.3998
30.1099
30.1099
30.1099
30.1099
30.1099
30.1099
30.1099
30.1099
30.8156
30.8156
30.8156
30.8156
30.8156
30.8156
30.8156
30.8156
31.4987
31.4987
31.4987
31.4987
31.4987
31.4987
31.4987
31.4987
32.1506
32.1506
32.1506
32.1506
32.1506
32.1506
32.1506
32.1506
32.774
32.774
32.774
32.774
32.774
32.774
32.774
32.774
33.3844
33.3844
33.3844
33.3844
33.3844
33.3844
33.3844
33.3844
34.0097
34.0097
34.0097
34.0097
34.0097
34.0097
34.0097
34.0097
34.6888
34.6888
34.6888
34.6888
34.6888
34.6888
34.6888
34.6888
26.3579
26.3579
26.3579
26.3579
26.3579
26.3579
26.3579
26.3579
26.4496
26.4496
26.4496
26.4496
26.4496
26.4496
26.4496
26.4496
26.6745
26.6745
26.6745
26.6745
26.6745
26.6745
26.6745
26.6745
27.0282
27.0282
27.0282
27.0282
27.0282
27.0282
27.0282
27.0282
27.4986
27.4986
27.4986
27.4986
27.4986
27.4986
27.4986
27.4986
28.0671
28.0671
28.0671
28.0671
28.0671
28.0671
28.0671
28.0671
28.7098
28.7098
28.7098
28.7098
28.7098
28.7098
28.7098
28.7098
29.3998
29.3998
29.3998
29.3998
29.3998
29.3998
29.3998
29.3998
30.1099
30.1099
30.1099
30.1099
30.1099
30.1099
30.1099
30.1099
30.8156
30.8156
30.8156
30.8156
30.8156
30.8156
30.8156
30.8156
31.4987
31.4987
31.4987
31.4987
31.4987
31.4987
31.4987
31.4987
32.1506
32.1506
32.1506
32.1506
32.1506
32.1506
32.1506
32.1506
32.774
32.774
32.774
32.774
32.774
32.774
32.774
32.774
33.3844
33.3844
33.3844
33.3844
33.3844
33.3844
33.3844
33.3844
34.0097
34.0097
34.0097
34.0097
34.0097
34.0097
34.0097
34.0097
34.6888
34.6888
34.6888
34.6888
34.6888
34.6888
34.6888
34.6888
24.0483
24.0483
24.0483
24.0483
24.0483
24.0483
24.0483
24.0483
24.2033
24.2033
24.2033
24.2033
24.2033
24.2033
24.2033
24.2033
24.4655
24.4655
24.4655
24.4655
24.4655
24.4655
24.4655
24.4655
24.8291
24.8291
24.8291
24.8291
24.8291
24.8291
24.8291
24.8291
25.2815
25.2815
25.2815
25.2815
25.2815
25.2815
25.2815
25.2815
25.8041
25.8041
25.8041
25.8041
25.8041
25.8041
25.8041
25.8041
26.3738
26.3738
26.3738
26.3738
26.3738
26.3738
26.3738
26.3738
26.9652
26.9652
26.9652
26.9652
26.9652
26.9652
26.9652
26.9652
27.5534
27.5534
27.5534
27.5534
27.5534
27.5534
27.5534
27.5534
28.117
28.117
28.117
28.117
28.117
28.117
28.117
28.117
28.6417
28.6417
28.6417
28.6417
28.6417
28.6417
28.6417
28.6417
29.1228
29.1228
29.1228
29.1228
29.1228
29.1228
29.1228
29.1228
29.5671
29.5671
29.5671
29.5671
29.5671
29.5671
29.5671
29.5671
29.9935
29.9935
29.9935
29.9935
29.9935
29.9935
29.9935
29.9935
30.4326
30.4326
30.4326
30.4326
30.4326
30.4326
30.4326
30.4326
30.9246
30.9246
30.9246
30.9246
30.9246
30.9246
30.9246
30.9246
24.0483
24.0483
24.0483
24.0483
24.0483
24.0483
24.0483
24.0483
24.2033
24.2033
24.2033
24.2033
24.2033
24.2033
24.2033
24.2033
24.4655
24.4655
24.4655
24.4655
24.4655
24.4655
24.4655
24.4655
24.8291
24.8291
24.8291
24.8291
24.8291
24.8291
24.8291
24.8291
25.2815
25.2815
25.2815
25.2815
25.2815
25.2815
25.2815
25.2815
25.8041
25.8041
25.8041
25.8041
25.8041
25.8041
25.8041
25.8041
26.3738
26.3738
26.3738
26.3738
26.3738
26.3738
26.3738
26.3738
26.9652
26.9652
26.9652
26.9652
26.9652
26.9652
26.9652
26.9652
27.5534
27.5534
27.5534
27.5534
27.5534
27.5534
27.5534
27.5534
28.117
28.117
28.117
28.117
28.117
28.117
28.117
28.117
28.6417
28.6417
28.6417
28.6417
28.6417
28.6417
28.6417
28.6417
29.1228
29.1228
29.1228
29.1228
29.1228
29.1228
29.1228
29.1228
29.5671
29.5671
29.5671
29.5671
29.5671
29.5671
29.5671
29.5671
29.9935
29.9935
29.9935
29.9935
29.9935
29.9935
29.9935
29.9935
30.4326
30.4326
30.4326
30.4326
30.4326
30.4326
30.4326
30.4326
30.9246
30.9246
30.9246
30.9246
30.9246
30.9246
30.9246
30.9246
24.0483
24.0483
24.0483
24.0483
24.0483
24.0483
24.0483
24.0483
24.2033
24.2033
24.2033
24.2033
24.2033
24.2033
24.2033
24.2033
24.4655
24.4655
24.4655
24.4655
24.4655
24.4655
24.4655
24.4655
24.8291
24.8291
24.8291
24.8291
24.8291
24.8291
24.8291
24.8291
25.2815
25.2815
25.2815
25.2815
25.2815
25.2815
25.2815
25.2815
25.8041
25.8041
25.8041
25.8041
25.8041
25.8041
25.8041
25.8041
26.3738
26.3738
26.3738
26.3738
26.3738
26.3738
26.3738
26.3738
26.9652
26.9652
26.9652
26.9652
26.9652
26.9652
26.9652
26.9652
27.5534
27.5534
27.5534
27.5534
27.5534
27.5534
27.5534
27.5534
28.117
28.117
28.117
28.117
28.117
28.117
28.117
28.117
28.6417
28.6417
28.6417
28.6417
28.6417
28.6417
28.6417
28.6417
29.1228
29.1228
29.1228
29.1228
29.1228
29.1228
29.1228
29.1228
29.5671
29.5671
29.5671
29.5671
29.5671
29.5671
29.5671
29.5671
29.9935
29.9935
29.9935
29.9935
29.9935
29.9935
29.9935
29.9935
30.4326
30.4326
30.4326
30.4326
30.4326
30.4326
30.4326
30.4326
30.9246
30.9246
30.9246
30.9246
30.9246
30.9246
30.9246
30.9246
24.0483
24.0483
24.0483
24.0483
24.0483
24.0483
24.0483
24.0483
24.2033
24.2033
24.2033
24.2033
24.2033
24.2033
24.2033
24.2033
24.4655
24.4655
24.4655
24.4655
24.4655
24.4655
24.4655
24.4655
24.8291
24.8291
24.8291
24.8291
24.8291
24.8291
24.8291
24.8291
25.2815
25.2815
25.2815
25.2815
25.2815
25.2815
25.2815
25.2815
25.8041
25.8041
25.8041
25.8041
25.8041
25.8041
25.8041
25.8041
26.3738
26.3738
26.3738
26.3738
26.3738
26.3738
26.3738
26.3738
26.9652
26.9652
26.9652
26.9652
26.9652
26.9652
26.9652
26.9652
27.5534
27.5534
27.5534
27.5534
27.5534
27.5534
27.5534
27.5534
28.117
28.117
28.117
28.117
28.117
28.117
28.117
28.117
28.6417
28.6417
28.6417
28.6417
28.6417
28.6417
28.6417
28.6417
29.1228
29.1228
29.1228
29.1228
29.1228
29.1228
29.1228
29.1228
29.5671
29.5671
29.5671
29.5671
29.5671
29.5671
29.5671
29.5671
29.9935
29.9935
29.9935
29.9935
29.9935
29.9935
29.9935
29.9935
30.4326
30.4326
30.4326
30.4326
30.4326
30.4326
30.4326
30.4326
30.9246
30.9246
30.9246
30.9246
30.9246
30.9246
30.9246
30.9246
21.9774
21.9774
21.9774
21.9774
21.9774
21.9774
21.9774
21.9774
22.2118
22.2118
22.2118
22.2118
22.2118
22.2118
22.2118
22.2118
22.5277
22.5277
22.5277
22.5277
22.5277
22.5277
22.5277
22.5277
22.9173
22.9173
22.9173
22.9173
22.9173
22.9173
22.9173
22.9173
23.3667
23.3667
23.3667
23.3667
23.3667
23.3667
23.3667
23.3667
23.8564
23.8564
23.8564
23.8564
23.8564
23.8564
23.8564
23.8564
24.3634
24.3634
24.3634
24.3634
24.3634
24.3634
24.3634
24.3634
24.8634
24.8634
24.8634
24.8634
24.8634
24.8634
24.8634
24.8634
25.3333
25.3333
25.3333
25.3333
25.3333
25.3333
25.3333
25.3333
25.7548
25.7548
25.7548
25.7548
25.7548
25.7548
25.7548
25.7548
26.1174
26.1174
26.1174
26.1174
26.1174
26.1174
26.1174
26.1174
26.4207
26.4207
26.4207
26.4207
26.4207
26.4207
26.4207
26.4207
26.6758
26.6758
26.6758
26.6758
26.6758
26.6758
26.6758
26.6758
26.9054
26.9054
26.9054
26.9054
26.9054
26.9054
26.9054
26.9054
27.1428
27.1428
27.1428
27.1428
27.1428
27.1428
27.1428
27.1428
27.4293
27.4293
27.4293
27.4293
27.4293
27.4293
27.4293
27.4293
21.9774
21.9774
21.9774
21.9774
21.9774
21.9774
21.9774
21.9774
22.2118
22.2118
22.2118
22.2118
22.2118
22.2118
22.2118
22.2118
22.5277
22.5277
22.5277
22.5277
22.5277
22.5277
22.5277
22.5277
22.9173
22.9173
22.9173
22.9173
22.9173
22.9173
22.9173
22.9173
23.3667
23.3667
23.3667
23.3667
23.3667
23.3667
23.3667
23.3667
23.8564
23.8564
23.8564
23.8564
23.8564
23.8564
23.8564
23.8564
24.3634
24.3634
24.3634
24.3634
24.3634
24.3634
24.3634
24.3634
24.8634
24.8634
24.8634
24.8634
24.8634
24.8634
24.8634
24.8634
25.3333
25.3333
25.3333
25.3333
25.3333
25.3333
25.3333
25.3333
25.7548
25.7548
25.7548
25.7548
25.7548
25.7548
25.7548
25.7548
26.1174
26.1174
26.1174
26.1174
26.1174
26.1174
26.1174
26.1174
26.4207
26.4207
26.4207
26.4207
26.4207
26.4207
26.4207
26.4207
26.6758
26.6758
26.6758
26.6758
26.6758
26.6758
26.6758
26.6758
26.9054
26.9054
26.9054
26.9054
26.9054
26.9054
26.9054
26.9054
27.1428
27.1428
27.1428
27.1428
27.1428
27.1428
27.1428
27.1428
27.4293
27.4293
27.4293
27.4293
27.4293
27.4293
27.4293
27.4293
21.9774
21.9774
21.9774
21.9774
21.9774
21.9774
21.9774
21.9774
22.2118
22.2118
22.2118
22.2118
22.2118
22.2118
22.2118
22.2118
22.5277
22.5277
22.5277
22.5277
22.5277
22.5277
22.5277
22.5277
22.9173
22.9173
22.9173
22.9173
22.9173
22.9173
22.9173
22.9173
23.3667
23.3667
23.3667
23.3667
23.3667
23.3667
23.3667
23.3667
23.8564
23.8564
23.8564
23.8564
23.8564
23.8564
23.8564
23.8564
24.3634
24.3634
24.3634
24.3634
24.3634
24.3634
24.3634
24.3634
24.8634
24.8634
24.8634
24.8634
24.8634
24.8634
24.8634
24.8634
25.3333
25.3333
25.3333
25.3333
25.3333
25.3333
25.3333
25.3333
25.7548
25.7548
25.7548
25.7548
25.7548
25.7548
25.7548
25.7548
26.1174
26.1174
26.1174
26.1174
26.1174
26.1174
26.1174
26.1174
26.4207
26.4207
26.4207
26.4207
26.4207
26.4207
26.4207
26.4207
26.6758
26.6758
26.6758
26.6758
26.6758
26.6758
26.6758
26.6758
26.9054
26.9054
26.9054
26.9054
26.9054
26.9054
26.9054
26.9054
27.1428
27.1428
27.1428
27.1428
27.1428
27.1428
27.1428
27.1428
27.4293
27.4293
27.4293
27.4293
27.4293
27.4293
27.4293
27.4293
21.9774
21.9774
21.9774
21.9774
21.9774
21.9774
21.9774
21.9774
22.2118
22.2118
22.2118
22.2118
22.2118
22.2118
22.2118
22.2118
22.5277
22.5277
22.5277
22.5277
22.5277
22.5277
22.5277
22.5277
22.9173
22.9173
22.9173
22.9173
22.9173
22.9173
22.9173
22.9173
23.3667
23.3667
23.3667
23.3667
23.3667
23.3667
23.3667
23.3667
23.8564
23.8564
23.8564
23.8564
23.8564
23.8564
23.8564
23.8564
24.3634
24.3634
24.3634
24.3634
24.3634
24.3634
24.3634
24.3634
24.8634
24.8634
24.8634
24.8634
24.8634
24.8634
24.8634
24.8634
25.3333
25.3333
25.3333
25.3333
25.3333
25.3333
25.3333
25.3333
25.7548
25.7548
25.7548
25.7548
25.7548
25.7548
25.7548
25.7548
26.1174
26.1174
26.1174
26.1174
26.1174
26.1174
26.1174
26.1174
26.4207
26.4207
26.4207
26.4207
26.4207
26.4207
26.4207
26.4207
26.6758
26.6758
26.6758
26.6758
26.6758
26.6758
26.6758
26.6758
26.9054
26.9054
26.9054
26.9054
26.9054
26.9054
26.9054
26.9054
27.1428
27.1428
27.1428
27.1428
27.1428
27.1428
27.1428
27.1428
27.4293
27.4293
27.4293
27.4293
27.4293
27.4293
27.4293
27.4293
20.1871
20.1871
20.1871
20.1871
20.1871
20.1871
20.1871
20.1871
20.5077
20.5077
20.5077
20.5077
20.5077
20.5077
20.5077
20.5077
20.8862
20.8862
20.8862
20.8862
20.8862
20.8862
20.8862
20.8862
21.3121
21.3121
21.3121
21.3121
21.3121
21.3121
21.3121
21.3121
21.7695
21.7695
21.7695
21.7695
21.7695
21.7695
21.7695
21.7695
22.2375
22.2375
22.2375
22.2375
22.2375
22.2375
22.2375
22.2375
22.6926
22.6926
22.6926
22.6926
22.6926
22.6926
22.6926
22.6926
23.1109
23.1109
23.1109
23.1109
23.1109
23.1109
23.1109
23.1109
23.4709
23.4709
23.4709
23.4709
23.4709
23.4709
23.4709
23.4709
23.7575
23.7575
23.7575
23.7575
23.7575
23.7575
23.7575
23.7575
23.9639
23.9639
23.9639
23.9639
23.9639
23.9639
23.9639
23.9639
24.0944
24.0944
24.0944
24.0944
24.0944
24.0944
24.0944
24.0944
24.1647
24.1647
24.1647
24.1647
24.1647
24.1647
24.1647
24.1647
24.2013
24.2013
24.2013
24.2013
24.2013
24.2013
24.2013
24.2013
24.2403
24.2403
24.2403
24.2403
24.2403
24.2403
24.2403
24.2403
24.3242
24.3242
24.3242
24.3242
24.3242
24.3242
24.3242
24.3242
20.1871
20.1871
20.1871
20.1871
20.1871
20.1871
20.1871
20.1871
20.5077
20.5077
20.5077
20.5077
20.5077
20.5077
20.5077
20.5077
20.8862
20.8862
20.8862
20.8862
20.8862
20.8862
20.8862
20.8862
21.3121
21.3121
21.3121
21.3121
21.3121
21.3121
21.3121
21.3121
21.7695
21.7695
21.7695
21.7695
21.7695
21.7695
21.7695
21.7695
22.2375
22.2375
22.2375
22.2375
22.2375
22.2375
22.2375
22.2375
22.6926
22.6926
22.6926
22.6926
22.6926
22.6926
22.6926
22.6926
23.1109
23.1109
23.1109
23.1109
23.1109
23.1109
23.1109
23.1109
23.4709
23.4709
23.4709
23.4709
23.4709
23.4709
23.4709
23.4709
23.7575
23.7575
23.7575
23.7575
23.7575
23.7575
23.7575
23.7575
23.9639
23.9639
23.9639
23.9639
23.9639
23.9639
23.9639
23.9639
24.0944
24.0944
24.0944
24.0944
24.0944
24.0944
24.0944
24.0944
24.1647
24.1647
24.1647
24.1647
24.1647
24.1647
24.1647
24.1647
24.2013
24.2013
24.2013
24.2013
24.2013
24.2013
24.2013
24.2013
24.2403
24.2403
24.2403
24.2403
24.2403
24.2403
24.2403
24.2403
24.3242
24.3242
24.3242
24.3242
24.3242
24.3242
24.3242
24.3242
20.1871
20.1871
20.1871
20.1871
20.1871
20.1871
20.1871
20.1871
20.5077
20.5077
20.5077
20.5077
20.5077
20.5077
20.5077
20.5077
20.8862
20.8862
20.8862
20.8862
20.8862
20.8862
20.8862
20.8862
21.3121
21.3121
21.3121
21.3121
21.3121
21.3121
21.3121
21.3121
21.7695
21.7695
21.7695
21.7695
21.7695
21.7695
21.7695
21.7695
22.2375
22.2375
22.2375
22.2375
22.2375
22.2375
22.2375
22.2375
22.6926
22.6926
22.6926
22.6926
22.6926
22.6926
22.6926
22.6926
23.1109
23.1109
23.1109
23.1109
23.1109
23.1109
23.1109
23.1109
23.4709
23.4709
23.4709
23.4709
23.4709
23.4709
23.4709
23.4709
23.7575
23.7575
23.7575
23.7575
23.7575
23.7575
23.7575
23.7575
23.9639
23.9639
23.9639
23.9639
23.9639
23.9639
23.9639
23.9639
24.0944
24.0944
24.0944
24.0944
24.0944
24.0944
24.0944
24.0944
24.1647
24.1647
24.1647
24.1647
24.1647
24.1647
24.1647
24.1647
24.2013
24.2013
24.2013
24.2013
24.2013
24.2013
24.2013
24.2013
24.2403
24.2403
24.2403
24.2403
24.2403
24.2403
24.2403
24.2403
24.3242
24.3242
24.3242
24.3242
24.3242
24.3242
24.3242
24.3242
20.1871
20.1871
20.1871
20.1871
20.1871
20.1871
20.1871
20.1871
20.5077
20.5077
20.5077
20.5077
20.5077
20.5077
20.5077
20.5077
20.8862
20.8862
20.8862
20.8862
20.8862
20.8862
20.8862
20.8862
21.3121
21.3121
21.3121
21.3121
21.3121
21.3121
21.3121
21.3121
21.7695
21.7695
21.7695
21.7695
21.7695
21.7695
21.7695
21.7695
22.2375
22.2375
22.2375
22.2375
22.2375
22.2375
22.2375
22.2375
22.6926
22.6926
22.6926
22.6926
22.6926
22.6926
22.6926
22.6926
23.1109
23.1109
23.1109
23.1109
23.1109
23.1109
23.1109
23.1109
23.4709
23.4709
23.4709
23.4709
23.4709
23.4709
23.4709
23.4709
23.7575
23.7575
23.7575
23.7575
23.7575
23.7575
23.7575
23.7575
23.9639
23.9639
23.9639
23.9639
23.9639
23.9639
23.9639
23.9639
24.0944
24.0944
24.0944
24.0944
24.0944
24.0944
24.0944
24.0944
24.1647
24.1647
24.1647
24.1647
24.1647
24.1647
24.1647
24.1647
24.2013
24.2013
24.2013
24.2013
24.2013
24.2013
24.2013
24.2013
24.2403
24.2403
24.2403
24.2403
24.2403
24.2403
24.2403
24.2403
24.3242
24.3242
24.3242
24.3242
24.3242
24.3242
24.3242
24.3242
18.6923
18.6923
18.6923
18.6923
18.6923
18.6923
18.6923
18.6923
19.0996
19.0996
19.0996
19.0996
19.0996
19.0996
19.0996
19.0996
19.5444
19.5444
19.5444
19.5444
19.5444
19.5444
19.5444
19.5444
20.0131
20.0131
20.0131
20.0131
20.0131
20.0131
20.0131
20.0131
20.4867
20.4867
20.4867
20.4867
20.4867
20.4867
20.4867
20.4867
20.9428
20.9428
20.9428
20.9428
20.9428
20.9428
20.9428
20.9428
21.3564
21.3564
21.3564
21.3564
21.3564
21.3564
21.3564
21.3564
21.7037
21.7037
21.7037
21.7037
21.7037
21.7037
21.7037
21.7037
21.9652
21.9652
21.9652
21.9652
21.9652
21.9652
21.9652
21.9652
22.1282
22.1282
22.1282
22.1282
22.1282
22.1282
22.1282
22.1282
22.1903
22.1903
22.1903
22.1903
22.1903
22.1903
22.1903
22.1903
22.1604
22.1604
22.1604
22.1604
22.1604
22.1604
22.1604
22.1604
22.0591
22.0591
22.0591
22.0591
22.0591
22.0591
22.0591
22.0591
21.9171
21.9171
21.9171
21.9171
21.9171
21.9171
21.9171
21.9171
21.7728
21.7728
21.7728
21.7728
21.7728
21.7728
21.7728
21.7728
21.6701
21.6701
21.6701
21.6701
21.6701
21.6701
21.6701
21.6701
18.6923
18.6923
18.6923
18.6923
18.6923
18.6923
18.6923
18.6923
19.0996
19.0996
19.0996
19.0996
19.0996
19.0996
19.0996
19.0996
19.5444
19.5444
19.5444
19.5444
19.5444
19.5444
19.5444
19.5444
20.0131
20.0131
20.0131
20.0131
20.0131
20.0131
20.0131
20.0131
20.4867
20.4867
20.4867
20.4867
20.4867
20.4867
20.4867
20.4867
20.9428
20.9428
20.9428
20.9428
20.9428
20.9428
20.9428
20.9428
21.3564
21.3564
21.3564
21.3564
21.3564
21.3564
21.3564
21.3564
21.7037
21.7037
21.7037
21.7037
21.7037
21.7037
21.7037
21.7037
21.9652
21.9652
21.9652
21.9652
21.9652
21.9652
21.9652
21.9652
22.1282
22.1282
22.1282
22.1282
22.1282
22.1282
22.1282
22.1282
22.1903
22.1903
22.1903
22.1903
22.1903
22.1903
22.1903
22.1903
22.1604
22.1604
22.1604
22.1604
22.1604
22.1604
22.1604
22.1604
22.0591
22.0591
22.0591
22.0591
22.0591
22.0591
22.0591
22.0591
21.9171
21.9171
21.9171
21.9171
21.9171
21.9171
21.9171
21.9171
21.7728
21.7728
21.7728
21.7728
21.7728
21.7728
21.7728
21.7728
21.6701
21.6701
21.6701
21.6701
21.6701
21.6701
21.6701
21.6701
18.6923
18.6923
18.6923
18.6923
18.6923
18.6923
18.6923
18.6923
19.0996
19.0996
19.0996
19.0996
19.0996
19.0996
19.0996
19.0996
19.5444
19.5444
19.5444
19.5444
19.5444
19.5444
19.5444
19.5444
20.0131
20.0131
20.0131
20.0131
20.0131
20.0131
20.0131
20.0131
20.4867
20.4867
20.4867
20.4867
20.4867
20.4867
20.4867
20.4867
20.9428
20.9428
20.9428
20.9428
20.9428
20.9428
20.9428
20.9428
21.3564
21.3564
21.3564
21.3564
21.3564
21.3564
21.3564
21.3564
21.7037
21.7037
21.7037
21.7037
21.7037
21.7037
21.7037
21.7037
21.9652
21.9652
21.9652
21.9652
21.9652
21.9652
21.9652
21.9652
22.1282
22.1282
22.1282
22.1282
22.1282
22.1282
22.1282
22.1282
22.1903
22.1903
22.1903
22.1903
22.1903
22.1903
22.1903
22.1903
22.1604
22.1604
22.1604
22.1604
22.1604
22.1604
22.1604
22.1604
22.0591
22.0591
22.0591
22.0591
22.0591
22.0591
22.0591
22.0591
21.9171
21.9171
21.9171
21.9171
21.9171
21.9171
21.9171
21.9171
21.7728
21.7728
21.7728
21.7728
21.7728
21.7728
21.7728
21.7728
21.6701
21.6701
21.6701
21.6701
21.6701
21.6701
21.6701
21.6701
18.6923
18.6923
18.6923
18.6923
18.6923
18.6923
18.6923
18.6923
19.0996
19.0996
19.0996
19.0996
19.0996
19.0996
19.0996
19.0996
19.5444
19.5444
19.5444
19.5444
19.5444
19.5444
19.5444
19.5444
20.0131
20.0131
20.0131
20.0131
20.0131
20.0131
20.0131
20.0131
20.4867
20.4867
20.4867
20.4867
20.4867
20.4867
20.4867
20.4867
20.9428
20.9428
20.9428
20.9428
20.9428
20.9428
20.9428
20.9428
21.3564
21.3564
21.3564
21.3564
21.3564
21.3564
21.3564
21.3564
21.7037
21.7037
21.7037
21.7037
21.7037
21.7037
21.7037
21.7037
21.9652
21.9652
21.9652
21.9652
21.9652
21.9652
21.9652
21.9652
22.1282
22.1282
22.1282
22.1282
22.1282
22.1282
22.1282
22.1282
22.1903
22.1903
22.1903
22.1903
22.1903
22.1903
22.1903
22.1903
22.1604
22.1604
22.1604
22.1604
22.1604
22.1604
22.1604
22.1604
22.0591
22.0591
22.0591
22.0591
22.0591
22.0591
22.0591
22.0591
21.9171
21.9171
21.9171
21.9171
21.9171
21.9171
21.9171
21.9171
21.7728
21.7728
21.7728
21.7728
21.7728
21.7728
21.7728
21.7728
21.6701
21.6701
21.6701
21.6701
21.6701
21.6701
21.6701
21.6701
17.4873
17.4873
17.4873
17.4873
17.4873
17.4873
17.4873
17.4873
17.9782
17.9782
17.9782
17.9782
17.9782
17.9782
17.9782
17.9782
18.4897
18.4897
18.4897
18.4897
18.4897
18.4897
18.4897
18.4897
19.0046
19.0046
19.0046
19.0046
19.0046
19.0046
19.0046
19.0046
19.5009
19.5009
19.5009
19.5009
19.5009
19.5009
19.5009
19.5009
19.9533
19.9533
19.9533
19.9533
19.9533
19.9533
19.9533
19.9533
20.3355
20.3355
20.3355
20.3355
20.3355
20.3355
20.3355
20.3355
20.6235
20.6235
20.6235
20.6235
20.6235
20.6235
20.6235
20.6235
20.7988
20.7988
20.7988
20.7988
20.7988
20.7988
20.7988
20.7988
20.8519
20.8519
20.8519
20.8519
20.8519
20.8519
20.8519
20.8519
20.7847
20.7847
20.7847
20.7847
20.7847
20.7847
20.7847
20.7847
20.6109
20.6109
20.6109
20.6109
20.6109
20.6109
20.6109
20.6109
20.3558
20.3558
20.3558
20.3558
20.3558
20.3558
20.3558
20.3558
20.0545
20.0545
20.0545
20.0545
20.0545
20.0545
20.0545
20.0545
19.748
19.748
19.748
19.748
19.748
19.748
19.748
19.748
19.4809
19.4809
19.4809
19.4809
19.4809
19.4809
19.4809
19.4809
17.4873
17.4873
17.4873
17.4873
17.4873
17.4873
17.4873
17.4873
17.9782
17.9782
17.9782
17.9782
17.9782
17.9782
17.9782
17.9782
18.4897
18.4897
18.4897
18.4897
18.4897
18.4897
18.4897
18.4897
19.0046
19.0046
19.0046
19.0046
19.0046
19.0046
19.0046
19.0046
19.5009
19.5009
19.5009
19.5009
19.5009
19.5009
19.5009
19.5009
19.9533
19.9533
19.9533
19.9533
19.9533
19.9533
19.9533
19.9533
20.3355
20.3355
20.3355
20.3355
20.3355
20.3355
20.3355
20.3355
20.6235
20.6235
20.6235
20.6235
20.6235
20.6235
20.6235
20.6235
20.7988
20.7988
20.7988
20.7988
20.7988
20.7988
20.7988
20.7988
20.8519
20.8519
20.8519
20.8519
20.8519
20.8519
20.8519
20.8519
20.7847
20.7847
20.7847
20.7847
20.7847
20.7847
20.7847
20.7847
20.6109
20.6109
20.6109
20.6109
20.6109
20.6109
20.6109
20.6109
20.3558
20.3558
20.3558
20.3558
20.3558
20.3558
20.3558
20.3558
20.0545
20.0545
20.0545
20.0545
20.0545
20.0545
20.0545
20.0545
19.748
19.748
19.748
19.748
19.748
19.748
19.748
19.748
19.4809
19.4809
19.4809
19.4809
19.4809
19.4809
19.4809
19.4809
17.4873
17.4873
17.4873
17.4873
17.4873
17.4873
17.4873
17.4873
17.9782
17.9782
17.9782
17.9782
17.9782
17.9782
17.9782
17.9782
18.4897
18.4897
18.4897
18.4897
18.4897
18.4897
18.4897
18.4897
19.0046
19.0046
19.0046
19.0046
19.0046
19.0046
19.0046
19.0046
19.5009
19.5009
19.5009
19.5009
19.5009
19.5009
19.5009
19.5009
19.9533
19.9533
19.9533
19.9533
19.9533
19.9533
19.9533
19.9533
20.3355
20.3355
20.3355
20.3355
20.3355
20.3355
20.3355
20.3355
20.6235
20.6235
20.6235
20.6235
20.6235
20.6235
20.6235
20.6235
20.7988
20.7988
20.7988
20.7988
20.7988
20.7988
20.7988
20.7988
20.8519
20.8519
20.8519
20.8519
20.8519
20.8519
20.8519
20.8519
20.7847
20.7847
20.7847
20.7847
20.7847
20.7847
20.7847
20.7847
20.6109
20.6109
20.6109
20.6109
20.6109
20.6109
20.6109
20.6109
20.3558
20.3558
20.3558
20.3558
20.3558
20.3558
20.3558
20.3558
20.0545
20.0545
20.0545
20.0545
20.0545
20.0545
20.0545
20.0545
19.748
19.748
19.748
19.748
19.748
19.748
19.748
19.748
19.4809
19.4809
19.4809
19.4809
19.4809
19.4809
19.4809
19.4809
17.4873
17.4873
17.4873
17.4873
17.4873
17.4873
17.4873
17.4873
17.9782
17.9782
17.9782
17.9782
17.9782
17.9782
17.9782
17.9782
18.4897
18.4897
18.4897
18.4897
18.4897
18.4897
18.4897
18.4897
19.0046
19.0046
19.0046
19.0046
19.0046
19.0046
19.0046
19.0046
19.5009
19.5009
19.5009
19.5009
19.5009
19.5009
19.5009
19.5009
19.9533
19.9533
19.9533
19.9533
19.9533
19.9533
19.9533
19.9533
20.3355
20.3355
20.3355
20.3355
20.3355
20.3355
20.3355
20.3355
20.6235
20.6235
20.6235
20.6235
20.6235
20.6235
20.6235
20.6235
20.7988
20.7988
20.7988
20.7988
20.7988
20.7988
20.7988
20.7988
20.8519
20.8519
20.8519
20.8519
20.8519
20.8519
20.8519
20.8519
20.7847
20.7847
20.7847
20.7847
20.7847
20.7847
20.7847
20.7847
20.6109
20.6109
20.6109
20.6109
20.6109
20.6109
20.6109
20.6109
20.3558
20.3558
20.3558
20.3558
20.3558
20.3558
20.3558
20.3558
20.0545
20.0545
20.0545
20.0545
20.0545
20.0545
20.0545
20.0545
19.748
19.748
19.748
19.748
19.748
19.748
19.748
19.748
19.4809
19.4809
19.4809
19.4809
19.4809
19.4809
19.4809
19.4809
