8192
44.3374
44.3374
44.3374
44.3374
44.3374
44.3374
44.3374
44.3374
42.8947
42.8947
42.8947
42.8947
42.8947
42.8947
42.8947
42.8947
41.7334
41.7334
41.7334
41.7334
41.7334
41.7334
41.7334
41.7334
40.8872
40.8872
40.8872
40.8872
40.8872
40.8872
40.8872
40.8872
40.3716
40.3716
40.3716
40.3716
40.3716
40.3716
40.3716
40.3716
40.1867
40.1867
40.1867
40.1867
40.1867
40.1867
40.1867
40.1867
40.3188
40.3188
40.3188
40.3188
40.3188
40.3188
40.3188
40.3188
40.7415
40.7415
40.7415
40.7415
40.7415
40.7415
40.7415
40.7415
41.4171
41.4171
41.4171
41.4171
41.4171
41.4171
41.4171
41.4171
42.2968
42.2968
42.2968
42.2968
42.2968
42.2968
42.2968
42.2968
43.3226
43.3226
43.3226
43.3226
43.3226
43.3226
43.3226
43.3226
44.4298
44.4298
44.4298
44.4298
44.4298
44.4298
44.4298
44.4298
45.5513
45.5513
45.5513
45.5513
45.5513
45.5513
45.5513
45.5513
46.6229
46.6229
46.6229
46.6229
46.6229
46.6229
46.6229
46.6229
47.5901
47.5901
47.5901
47.5901
47.5901
47.5901
47.5901
47.5901
48.4133
48.4133
48.4133
48.4133
48.4133
48.4133
48.4133
48.4133
44.3374
44.3374
44.3374
44.3374
44.3374
44.3374
44.3374
44.3374
42.8947
42.8947
42.8947
42.8947
42.8947
42.8947
42.8947
42.8947
41.7334
41.7334
41.7334
41.7334
41.7334
41.7334
41.7334
41.7334
40.8872
40.8872
40.8872
40.8872
40.8872
40.8872
40.8872
40.8872
40.3716
40.3716
40.3716
40.3716
40.3716
40.3716
40.3716
40.3716
40.1867
40.1867
40.1867
40.1867
40.1867
40.1867
40.1867
40.1867
40.3188
40.3188
40.3188
40.3188
40.3188
40.3188
40.3188
40.3188
40.7415
40.7415
40.7415
40.7415
40.7415
40.7415
40.7415
40.7415
41.4171
41.4171
41.4171
41.4171
41.4171
41.4171
41.4171
41.4171
42.2968
42.2968
42.2968
42.2968
42.2968
42.2968
42.2968
42.2968
43.3226
43.3226
43.3226
43.3226
43.3226
43.3226
43.3226
43.3226
44.4298
44.4298
44.4298
44.4298
44.4298
44.4298
44.4298
44.4298
45.5513
45.5513
45.5513
45.5513
45.5513
45.5513
45.5513
45.5513
46.6229
46.6229
46.6229
46.6229
46.6229
46.6229
46.6229
46.6229
47.5901
47.5901
47.5901
47.5901
47.5901
47.5901
47.5901
47.5901
48.4133
48.4133
48.4133
48.4133
48.4133
48.4133
48.4133
48.4133
44.3374
44.3374
44.3374
44.3374
44.3374
44.3374
44.3374
44.3374
42.8947
42.8947
42.8947
42.8947
42.8947
42.8947
42.8947
42.8947
41.7334
41.7334
41.7334
41.7334
41.7334
41.7334
41.7334
41.7334
40.8872
40.8872
40.8872
40.8872
40.8872
40.8872
40.8872
40.8872
40.3716
40.3716
40.3716
40.3716
40.3716
40.3716
40.3716
40.3716
40.1867
40.1867
40.1867
40.1867
40.1867
40.1867
40.1867
40.1867
40.3188
40.3188
40.3188
40.3188
40.3188
40.3188
40.3188
40.3188
40.7415
40.7415
40.7415
40.7415
40.7415
40.7415
40.7415
40.7415
41.4171
41.4171
41.4171
41.4171
41.4171
41.4171
41.4171
41.4171
42.2968
42.2968
42.2968
42.2968
42.2968
42.2968
42.2968
42.2968
43.3226
43.3226
43.3226
43.3226
43.3226
43.3226
43.3226
43.3226
44.4298
44.4298
44.4298
44.4298
44.4298
44.4298
44.4298
44.4298
45.5513
45.5513
45.5513
45.5513
45.5513
45.5513
45.5513
45.5513
46.6229
46.6229
46.6229
46.6229
46.6229
46.6229
46.6229
46.6229
47.5901
47.5901
47.5901
47.5901
47.5901
47.5901
47.5901
47.5901
48.4133
48.4133
48.4133
48.4133
48.4133
48.4133
48.4133
48.4133
44.3374
44.3374
44.3374
44.3374
44.3374
44.3374
44.3374
44.3374
42.8947
42.8947
42.8947
42.8947
42.8947
42.8947
42.8947
42.8947
41.7334
41.7334
41.7334
41.7334
41.7334
41.7334
41.7334
41.7334
40.8872
40.8872
40.8872
40.8872
40.8872
40.8872
40.8872
40.8872
40.3716
40.3716
40.3716
40.3716
40.3716
40.3716
40.3716
40.3716
40.1867
40.1867
40.1867
40.1867
40.1867
40.1867
40.1867
40.1867
40.3188
40.3188
40.3188
40.3188
40.3188
40.3188
40.3188
40.3188
40.7415
40.7415
40.7415
40.7415
40.7415
40.7415
40.7415
40.7415
41.4171
41.4171
41.4171
41.4171
41.4171
41.4171
41.4171
41.4171
42.2968
42.2968
42.2968
42.2968
42.2968
42.2968
42.2968
42.2968
43.3226
43.3226
43.3226
43.3226
43.3226
43.3226
43.3226
43.3226
44.4298
44.4298
44.4298
44.4298
44.4298
44.4298
44.4298
44.4298
45.5513
45.5513
45.5513
45.5513
45.5513
45.5513
45.5513
45.5513
46.6229
46.6229
46.6229
46.6229
46.6229
46.6229
46.6229
46.6229
47.5901
47.5901
47.5901
47.5901
47.5901
47.5901
47.5901
47.5901
48.4133
48.4133
48.4133
48.4133
48.4133
48.4133
48.4133
48.4133
46.6142
46.6142
46.6142
46.6142
46.6142
46.6142
46.6142
46.6142
45.5111
45.5111
45.5111
45.5111
45.5111
45.5111
45.5111
45.5111
44.6434
44.6434
44.6434
44.6434
44.6434
44.6434
44.6434
44.6434
44.0524
44.0524
44.0524
44.0524
44.0524
44.0524
44.0524
44.0524
43.762
43.762
43.762
43.762
43.762
43.762
43.762
43.762
43.7799
43.7799
43.7799
43.7799
43.7799
43.7799
43.7799
43.7799
44.0985
44.0985
44.0985
44.0985
44.0985
44.0985
44.0985
44.0985
44.6959
44.6959
44.6959
44.6959
44.6959
44.6959
44.6959
44.6959
45.5362
45.5362
45.5362
45.5362
45.5362
45.5362
45.5362
45.5362
46.5705
46.5705
46.5705
46.5705
46.5705
46.5705
46.5705
46.5705
47.7383
47.7383
47.7383
47.7383
47.7383
47.7383
47.7383
47.7383
48.9708
48.9708
48.9708
48.9708
48.9708
48.9708
48.9708
48.9708
50.1951
50.1951
50.1951
50.1951
50.1951
50.1951
50.1951
50.1951
51.3412
51.3412
51.3412
51.3412
51.3412
51.3412
51.3412
51.3412
52.3472
52.3472
52.3472
52.3472
52.3472
52.3472
52.3472
52.3472
53.1685
53.1685
53.1685
53.1685
53.1685
53.1685
53.1685
53.1685
46.6142
46.6142
46.6142
46.6142
46.6142
46.6142
46.6142
46.6142
45.5111
45.5111
45.5111
45.5111
45.5111
45.5111
45.5111
45.5111
44.6434
44.6434
44.6434
44.6434
44.6434
44.6434
44.6434
44.6434
44.0524
44.0524
44.0524
44.0524
44.0524
44.0524
44.0524
44.0524
43.762
43.762
43.762
43.762
43.762
43.762
43.762
43.762
43.7799
43.7799
43.7799
43.7799
43.7799
43.7799
43.7799
43.7799
44.0985
44.0985
44.0985
44.0985
44.0985
44.0985
44.0985
44.0985
44.6959
44.6959
44.6959
44.6959
44.6959
44.6959
44.6959
44.6959
45.5362
45.5362
45.5362
45.5362
45.5362
45.5362
45.5362
45.5362
46.5705
46.5705
46.5705
46.5705
46.5705
46.5705
46.5705
46.5705
47.7383
47.7383
47.7383
47.7383
47.7383
47.7383
47.7383
47.7383
48.9708
48.9708
48.9708
48.9708
48.9708
48.9708
48.9708
48.9708
50.1951
50.1951
50.1951
50.1951
50.1951
50.1951
50.1951
50.1951
51.3412
51.3412
51.3412
51.3412
51.3412
51.3412
51.3412
51.3412
52.3472
52.3472
52.3472
52.3472
52.3472
52.3472
52.3472
52.3472
53.1685
53.1685
53.1685
53.1685
53.1685
53.1685
53.1685
53.1685
46.6142
46.6142
46.6142
46.6142
46.6142
46.6142
46.6142
46.6142
45.5111
45.5111
45.5111
45.5111
45.5111
45.5111
45.5111
45.5111
44.6434
44.6434
44.6434
44.6434
44.6434
44.6434
44.6434
44.6434
44.0524
44.0524
44.0524
44.0524
44.0524
44.0524
44.0524
44.0524
43.762
43.762
43.762
43.762
43.762
43.762
43.762
43.762
43.7799
43.7799
43.7799
43.7799
43.7799
43.7799
43.7799
43.7799
44.0985
44.0985
44.0985
44.0985
44.0985
44.0985
44.0985
44.0985
44.6959
44.6959
44.6959
44.6959
44.6959
44.6959
44.6959
44.6959
45.5362
45.5362
45.5362
45.5362
45.5362
45.5362
45.5362
45.5362
46.5705
46.5705
46.5705
46.5705
46.5705
46.5705
46.5705
46.5705
47.7383
47.7383
47.7383
47.7383
47.7383
47.7383
47.7383
47.7383
48.9708
48.9708
48.9708
48.9708
48.9708
48.9708
48.9708
48.9708
50.1951
50.1951
50.1951
50.1951
50.1951
50.1951
50.1951
50.1951
51.3412
51.3412
51.3412
51.3412
51.3412
51.3412
51.3412
51.3412
52.3472
52.3472
52.3472
52.3472
52.3472
52.3472
52.3472
52.3472
53.1685
53.1685
53.1685
53.1685
53.1685
53.1685
53.1685
53.1685
46.6142
46.6142
46.6142
46.6142
46.6142
46.6142
46.6142
46.6142
45.5111
45.5111
45.5111
45.5111
45.5111
45.5111
45.5111
45.5111
44.6434
44.6434
44.6434
44.6434
44.6434
44.6434
44.6434
44.6434
44.0524
44.0524
44.0524
44.0524
44.0524
44.0524
44.0524
44.0524
43.762
43.762
43.762
43.762
43.762
43.762
43.762
43.762
43.7799
43.7799
43.7799
43.7799
43.7799
43.7799
43.7799
43.7799
44.0985
44.0985
44.0985
44.0985
44.0985
44.0985
44.0985
44.0985
44.6959
44.6959
44.6959
44.6959
44.6959
44.6959
44.6959
44.6959
45.5362
45.5362
45.5362
45.5362
45.5362
45.5362
45.5362
45.5362
46.5705
46.5705
46.5705
46.5705
46.5705
46.5705
46.5705
46.5705
47.7383
47.7383
47.7383
47.7383
47.7383
47.7383
47.7383
47.7383
48.9708
48.9708
48.9708
48.9708
48.9708
48.9708
48.9708
48.9708
50.1951
50.1951
50.1951
50.1951
50.1951
50.1951
50.1951
50.1951
51.3412
51.3412
51.3412
51.3412
51.3412
51.3412
51.3412
51.3412
52.3472
52.3472
52.3472
52.3472
52.3472
52.3472
52.3472
52.3472
53.1685
53.1685
53.1685
53.1685
53.1685
53.1685
53.1685
53.1685
48.5936
48.5936
48.5936
48.5936
48.5936
48.5936
48.5936
48.5936
47.8856
47.8856
47.8856
47.8856
47.8856
47.8856
47.8856
47.8856
47.3739
47.3739
47.3739
47.3739
47.3739
47.3739
47.3739
47.3739
47.105
47.105
47.105
47.105
47.105
47.105
47.105
47.105
47.1092
47.1092
47.1092
47.1092
47.1092
47.1092
47.1092
47.1092
47.4006
47.4006
47.4006
47.4006
47.4006
47.4006
47.4006
47.4006
47.977
47.977
47.977
47.977
47.977
47.977
47.977
47.977
48.8199
48.8199
48.8199
48.8199
48.8199
48.8199
48.8199
48.8199
49.8945
49.8945
49.8945
49.8945
49.8945
49.8945
49.8945
49.8945
51.1501
51.1501
51.1501
51.1501
51.1501
51.1501
51.1501
51.1501
52.5222
52.5222
52.5222
52.5222
52.5222
52.5222
52.5222
52.5222
53.9353
53.9353
53.9353
53.9353
53.9353
53.9353
53.9353
53.9353
55.3078
55.3078
55.3078
55.3078
55.3078
55.3078
55.3078
55.3078
56.5594
56.5594
56.5594
56.5594
56.5594
56.5594
56.5594
56.5594
57.6191
57.6191
57.6191
57.6191
57.6191
57.6191
57.6191
57.6191
58.433
58.433
58.433
58.433
58.433
58.433
58.433
58.433
48.5936
48.5936
48.5936
48.5936
48.5936
48.5936
48.5936
48.5936
47.8856
47.8856
47.8856
47.8856
47.8856
47.8856
47.8856
47.8856
47.3739
47.3739
47.3739
47.3739
47.3739
47.3739
47.3739
47.3739
47.105
47.105
47.105
47.105
47.105
47.105
47.105
47.105
47.1092
47.1092
47.1092
47.1092
47.1092
47.1092
47.1092
47.1092
47.4006
47.4006
47.4006
47.4006
47.4006
47.4006
47.4006
47.4006
47.977
47.977
47.977
47.977
47.977
47.977
47.977
47.977
48.8199
48.8199
48.8199
48.8199
48.8199
48.8199
48.8199
48.8199
49.8945
49.8945
49.8945
49.8945
49.8945
49.8945
49.8945
49.8945
51.1501
51.1501
51.1501
51.1501
51.1501
51.1501
51.1501
51.1501
52.5222
52.5222
52.5222
52.5222
52.5222
52.5222
52.5222
52.5222
53.9353
53.9353
53.9353
53.9353
53.9353
53.9353
53.9353
53.9353
55.3078
55.3078
55.3078
55.3078
55.3078
55.3078
55.3078
55.3078
56.5594
56.5594
56.5594
56.5594
56.5594
56.5594
56.5594
56.5594
57.6191
57.6191
57.6191
57.6191
57.6191
57.6191
57.6191
57.6191
58.433
58.433
58.433
58.433
58.433
58.433
58.433
58.433
48.5936
48.5936
48.5936
48.5936
48.5936
48.5936
48.5936
48.5936
47.8856
47.8856
47.8856
47.8856
47.8856
47.8856
47.8856
47.8856
47.3739
47.3739
47.3739
47.3739
47.3739
47.3739
47.3739
47.3739
47.105
47.105
47.105
47.105
47.105
47.105
47.105
47.105
47.1092
47.1092
47.1092
47.1092
47.1092
47.1092
47.1092
47.1092
47.4006
47.4006
47.4006
47.4006
47.4006
47.4006
47.4006
47.4006
47.977
47.977
47.977
47.977
47.977
47.977
47.977
47.977
48.8199
48.8199
48.8199
48.8199
48.8199
48.8199
48.8199
48.8199
49.8945
49.8945
49.8945
49.8945
49.8945
49.8945
49.8945
49.8945
51.1501
51.1501
51.1501
51.1501
51.1501
51.1501
51.1501
51.1501
52.5222
52.5222
52.5222
52.5222
52.5222
52.5222
52.5222
52.5222
53.9353
53.9353
53.9353
53.9353
53.9353
53.9353
53.9353
53.9353
55.3078
55.3078
55.3078
55.3078
55.3078
55.3078
55.3078
55.3078
56.5594
56.5594
56.5594
56.5594
56.5594
56.5594
56.5594
56.5594
57.6191
57.6191
57.6191
57.6191
57.6191
57.6191
57.6191
57.6191
58.433
58.433
58.433
58.433
58.433
58.433
58.433
58.433
48.5936
48.5936
48.5936
48.5936
48.5936
48.5936
48.5936
48.5936
47.8856
47.8856
47.8856
47.8856
47.8856
47.8856
47.8856
47.8856
47.3739
47.3739
47.3739
47.3739
47.3739
47.3739
47.3739
47.3739
47.105
47.105
47.105
47.105
47.105
47.105
47.105
47.105
47.1092
47.1092
47.1092
47.1092
47.1092
47.1092
47.1092
47.1092
47.4006
47.4006
47.4006
47.4006
47.4006
47.4006
47.4006
47.4006
47.977
47.977
47.977
47.977
47.977
47.977
47.977
47.977
48.8199
48.8199
48.8199
48.8199
48.8199
48.8199
48.8199
48.8199
49.8945
49.8945
49.8945
49.8945
49.8945
49.8945
49.8945
49.8945
51.1501
51.1501
51.1501
51.1501
51.1501
51.1501
51.1501
51.1501
52.5222
52.5222
52.5222
52.5222
52.5222
52.5222
52.5222
52.5222
53.9353
53.9353
53.9353
53.9353
53.9353
53.9353
53.9353
53.9353
55.3078
55.3078
55.3078
55.3078
55.3078
55.3078
55.3078
55.3078
56.5594
56.5594
56.5594
56.5594
56.5594
56.5594
56.5594
56.5594
57.6191
57.6191
57.6191
57.6191
57.6191
57.6191
57.6191
57.6191
58.433
58.433
58.433
58.433
58.433
58.433
58.433
58.433
50.0088
50.0088
50.0088
50.0088
50.0088
50.0088
50.0088
50.0088
49.7302
49.7302
49.7302
49.7302
49.7302
49.7302
49.7302
49.7302
49.6196
49.6196
49.6196
49.6196
49.6196
49.6196
49.6196
49.6196
49.7262
49.7262
49.7262
49.7262
49.7262
49.7262
49.7262
49.7262
50.085
50.085
50.085
50.085
50.085
50.085
50.085
50.085
50.7148
50.7148
50.7148
50.7148
50.7148
50.7148
50.7148
50.7148
51.6175
51.6175
51.6175
51.6175
51.6175
51.6175
51.6175
51.6175
52.7769
52.7769
52.7769
52.7769
52.7769
52.7769
52.7769
52.7769
54.1584
54.1584
54.1584
54.1584
54.1584
54.1584
54.1584
54.1584
55.7078
55.7078
55.7078
55.7078
55.7078
55.7078
55.7078
55.7078
57.3543
57.3543
57.3543
57.3543
57.3543
57.3543
57.3543
57.3543
59.0122
59.0122
59.0122
59.0122
59.0122
59.0122
59.0122
59.0122
60.5884
60.5884
60.5884
60.5884
60.5884
60.5884
60.5884
60.5884
61.9883
61.9883
61.9883
61.9883
61.9883
61.9883
61.9883
61.9883
63.1272
63.1272
63.1272
63.1272
63.1272
63.1272
63.1272
63.1272
63.9391
63.9391
63.9391
63.9391
63.9391
63.9391
63.9391
63.9391
50.0088
50.0088
50.0088
50.0088
50.0088
50.0088
50.0088
50.0088
49.7302
49.7302
49.7302
49.7302
49.7302
49.7302
49.7302
49.7302
49.6196
49.6196
49.6196
49.6196
49.6196
49.6196
49.6196
49.6196
49.7262
49.7262
49.7262
49.7262
49.7262
49.7262
49.7262
49.7262
50.085
50.085
50.085
50.085
50.085
50.085
50.085
50.085
50.7148
50.7148
50.7148
50.7148
50.7148
50.7148
50.7148
50.7148
51.6175
51.6175
51.6175
51.6175
51.6175
51.6175
51.6175
51.6175
52.7769
52.7769
52.7769
52.7769
52.7769
52.7769
52.7769
52.7769
54.1584
54.1584
54.1584
54.1584
54.1584
54.1584
54.1584
54.1584
55.7078
55.7078
55.7078
55.7078
55.7078
55.7078
55.7078
55.7078
57.3543
57.3543
57.3543
57.3543
57.3543
57.3543
57.3543
57.3543
59.0122
59.0122
59.0122
59.0122
59.0122
59.0122
59.0122
59.0122
60.5884
60.5884
60.5884
60.5884
60.5884
60.5884
60.5884
60.5884
61.9883
61.9883
61.9883
61.9883
61.9883
61.9883
61.9883
61.9883
63.1272
63.1272
63.1272
63.1272
63.1272
63.1272
63.1272
63.1272
63.9391
63.9391
63.9391
63.9391
63.9391
63.9391
63.9391
63.9391
50.0088
50.0088
50.0088
50.0088
50.0088
50.0088
50.0088
50.0088
49.7302
49.7302
49.7302
49.7302
49.7302
49.7302
49.7302
49.7302
49.6196
49.6196
49.6196
49.6196
49.6196
49.6196
49.6196
49.6196
49.7262
49.7262
49.7262
49.7262
49.7262
49.7262
49.7262
49.7262
50.085
50.085
50.085
50.085
50.085
50.085
50.085
50.085
50.7148
50.7148
50.7148
50.7148
50.7148
50.7148
50.7148
50.7148
51.6175
51.6175
51.6175
51.6175
51.6175
51.6175
51.6175
51.6175
52.7769
52.7769
52.7769
52.7769
52.7769
52.7769
52.7769
52.7769
54.1584
54.1584
54.1584
54.1584
54.1584
54.1584
54.1584
54.1584
55.7078
55.7078
55.7078
55.7078
55.7078
55.7078
55.7078
55.7078
57.3543
57.3543
57.3543
57.3543
57.3543
57.3543
57.3543
57.3543
59.0122
59.0122
59.0122
59.0122
59.0122
59.0122
59.0122
59.0122
60.5884
60.5884
60.5884
60.5884
60.5884
60.5884
60.5884
60.5884
61.9883
61.9883
61.9883
61.9883
61.9883
61.9883
61.9883
61.9883
63.1272
63.1272
63.1272
63.1272
63.1272
63.1272
63.1272
63.1272
63.9391
63.9391
63.9391
63.9391
63.9391
63.9391
63.9391
63.9391
50.0088
50.0088
50.0088
50.0088
50.0088
50.0088
50.0088
50.0088
49.7302
49.7302
49.7302
49.7302
49.7302
49.7302
49.7302
49.7302
49.6196
49.6196
49.6196
49.6196
49.6196
49.6196
49.6196
49.6196
49.7262
49.7262
49.7262
49.7262
49.7262
49.7262
49.7262
49.7262
50.085
50.085
50.085
50.085
50.085
50.085
50.085
50.085
50.7148
50.7148
50.7148
50.7148
50.7148
50.7148
50.7148
50.7148
51.6175
51.6175
51.6175
51.6175
51.6175
51.6175
51.6175
51.6175
52.7769
52.7769
52.7769
52.7769
52.7769
52.7769
52.7769
52.7769
54.1584
54.1584
54.1584
54.1584
54.1584
54.1584
54.1584
54.1584
55.7078
55.7078
55.7078
55.7078
55.7078
55.7078
55.7078
55.7078
57.3543
57.3543
57.3543
57.3543
57.3543
57.3543
57.3543
57.3543
59.0122
59.0122
59.0122
59.0122
59.0122
59.0122
59.0122
59.0122
60.5884
60.5884
60.5884
60.5884
60.5884
60.5884
60.5884
60.5884
61.9883
61.9883
61.9883
61.9883
61.9883
61.9883
61.9883
61.9883
63.1272
63.1272
63.1272
63.1272
63.1272
63.1272
63.1272
63.1272
63.9391
63.9391
63.9391
63.9391
63.9391
63.9391
63.9391
63.9391
50.6154
50.6154
50.6154
50.6154
50.6154
50.6154
50.6154
50.6154
50.7662
50.7662
50.7662
50.7662
50.7662
50.7662
50.7662
50.7662
51.0701
51.0701
51.0701
51.0701
51.0701
51.0701
51.0701
51.0701
51.5775
51.5775
51.5775
51.5775
51.5775
51.5775
51.5775
51.5775
52.3259
52.3259
52.3259
52.3259
52.3259
52.3259
52.3259
52.3259
53.3377
53.3377
53.3377
53.3377
53.3377
53.3377
53.3377
53.3377
54.6181
54.6181
54.6181
54.6181
54.6181
54.6181
54.6181
54.6181
56.1522
56.1522
56.1522
56.1522
56.1522
56.1522
56.1522
56.1522
57.9037
57.9037
57.9037
57.9037
57.9037
57.9037
57.9037
57.9037
59.8142
59.8142
59.8142
59.8142
59.8142
59.8142
59.8142
59.8142
61.8038
61.8038
61.8038
61.8038
61.8038
61.8038
61.8038
61.8038
63.7746
63.7746
63.7746
63.7746
63.7746
63.7746
63.7746
63.7746
65.6164
65.6164
65.6164
65.6164
65.6164
65.6164
65.6164
65.6164
67.2171
67.2171
67.2171
67.2171
67.2171
67.2171
67.2171
67.2171
68.4732
68.4732
68.4732
68.4732
68.4732
68.4732
68.4732
68.4732
69.3023
69.3023
69.3023
69.3023
69.3023
69.3023
69.3023
69.3023
50.6154
50.6154
50.6154
50.6154
50.6154
50.6154
50.6154
50.6154
50.7662
50.7662
50.7662
50.7662
50.7662
50.7662
50.7662
50.7662
51.0701
51.0701
51.0701
51.0701
51.0701
51.0701
51.0701
51.0701
51.5775
51.5775
51.5775
51.5775
51.5775
51.5775
51.5775
51.5775
52.3259
52.3259
52.3259
52.3259
52.3259
52.3259
52.3259
52.3259
53.3377
53.3377
53.3377
53.3377
53.3377
53.3377
53.3377
53.3377
54.6181
54.6181
54.6181
54.6181
54.6181
54.6181
54.6181
54.6181
56.1522
56.1522
56.1522
56.1522
56.1522
56.1522
56.1522
56.1522
57.9037
57.9037
57.9037
57.9037
57.9037
57.9037
57.9037
57.9037
59.8142
59.8142
59.8142
59.8142
59.8142
59.8142
59.8142
59.8142
61.8038
61.8038
61.8038
61.8038
61.8038
61.8038
61.8038
61.8038
63.7746
63.7746
63.7746
63.7746
63.7746
63.7746
63.7746
63.7746
65.6164
65.6164
65.6164
65.6164
65.6164
65.6164
65.6164
65.6164
67.2171
67.2171
67.2171
67.2171
67.2171
67.2171
67.2171
67.2171
68.4732
68.4732
68.4732
68.4732
68.4732
68.4732
68.4732
68.4732
69.3023
69.3023
69.3023
69.3023
69.3023
69.3023
69.3023
69.3023
50.6154
50.6154
50.6154
50.6154
50.6154
50.6154
50.6154
50.6154
50.7662
50.7662
50.7662
50.7662
50.7662
50.7662
50.7662
50.7662
51.0701
51.0701
51.0701
51.0701
51.0701
51.0701
51.0701
51.0701
51.5775
51.5775
51.5775
51.5775
51.5775
51.5775
51.5775
51.5775
52.3259
52.3259
52.3259
52.3259
52.3259
52.3259
52.3259
52.3259
53.3377
53.3377
53.3377
53.3377
53.3377
53.3377
53.3377
53.3377
54.6181
54.6181
54.6181
54.6181
54.6181
54.6181
54.6181
54.6181
56.1522
56.1522
56.1522
56.1522
56.1522
56.1522
56.1522
56.1522
57.9037
57.9037
57.9037
57.9037
57.9037
57.9037
57.9037
57.9037
59.8142
59.8142
59.8142
59.8142
59.8142
59.8142
59.8142
59.8142
61.8038
61.8038
61.8038
61.8038
61.8038
61.8038
61.8038
61.8038
63.7746
63.7746
63.7746
63.7746
63.7746
63.7746
63.7746
63.7746
65.6164
65.6164
65.6164
65.6164
65.6164
65.6164
65.6164
65.6164
67.2171
67.2171
67.2171
67.2171
67.2171
67.2171
67.2171
67.2171
68.4732
68.4732
68.4732
68.4732
68.4732
68.4732
68.4732
68.4732
69.3023
69.3023
69.3023
69.3023
69.3023
69.3023
69.3023
69.3023
50.6154
50.6154
50.6154
50.6154
50.6154
50.6154
50.6154
50.6154
50.7662
50.7662
50.7662
50.7662
50.7662
50.7662
50.7662
50.7662
51.0701
51.0701
51.0701
51.0701
51.0701
51.0701
51.0701
51.0701
51.5775
51.5775
51.5775
51.5775
51.5775
51.5775
51.5775
51.5775
52.3259
52.3259
52.3259
52.3259
52.3259
52.3259
52.3259
52.3259
53.3377
53.3377
53.3377
53.3377
53.3377
53.3377
53.3377
53.3377
54.6181
54.6181
54.6181
54.6181
54.6181
54.6181
54.6181
54.6181
56.1522
56.1522
56.1522
56.1522
56.1522
56.1522
56.1522
56.1522
57.9037
57.9037
57.9037
57.9037
57.9037
57.9037
57.9037
57.9037
59.8142
59.8142
59.8142
59.8142
59.8142
59.8142
59.8142
59.8142
61.8038
61.8038
61.8038
61.8038
61.8038
61.8038
61.8038
61.8038
63.7746
63.7746
63.7746
63.7746
63.7746
63.7746
63.7746
63.7746
65.6164
65.6164
65.6164
65.6164
65.6164
65.6164
65.6164
65.6164
67.2171
67.2171
67.2171
67.2171
67.2171
67.2171
67.2171
67.2171
68.4732
68.4732
68.4732
68.4732
68.4732
68.4732
68.4732
68.4732
69.3023
69.3023
69.3023
69.3023
69.3023
69.3023
69.3023
69.3023
50.2383
50.2383
50.2383
50.2383
50.2383
50.2383
50.2383
50.2383
50.7767
50.7767
50.7767
50.7767
50.7767
50.7767
50.7767
50.7767
51.467
51.467
51.467
51.467
51.467
51.467
51.467
51.467
52.3596
52.3596
52.3596
52.3596
52.3596
52.3596
52.3596
52.3596
53.4941
53.4941
53.4941
53.4941
53.4941
53.4941
53.4941
53.4941
54.8957
54.8957
54.8957
54.8957
54.8957
54.8957
54.8957
54.8957
56.572
56.572
56.572
56.572
56.572
56.572
56.572
56.572
58.5089
58.5089
58.5089
58.5089
58.5089
58.5089
58.5089
58.5089
60.6684
60.6684
60.6684
60.6684
60.6684
60.6684
60.6684
60.6684
62.9867
62.9867
62.9867
62.9867
62.9867
62.9867
62.9867
62.9867
65.3734
65.3734
65.3734
65.3734
65.3734
65.3734
65.3734
65.3734
67.7155
67.7155
67.7155
67.7155
67.7155
67.7155
67.7155
67.7155
69.8832
69.8832
69.8832
69.8832
69.8832
69.8832
69.8832
69.8832
71.7414
71.7414
71.7414
71.7414
71.7414
71.7414
71.7414
71.7414
73.1632
73.1632
73.1632
73.1632
73.1632
73.1632
73.1632
73.1632
74.0453
74.0453
74.0453
74.0453
74.0453
74.0453
74.0453
74.0453
50.2383
50.2383
50.2383
50.2383
50.2383
50.2383
50.2383
50.2383
50.7767
50.7767
50.7767
50.7767
50.7767
50.7767
50.7767
50.7767
51.467
51.467
51.467
51.467
51.467
51.467
51.467
51.467
52.3596
52.3596
52.3596
52.3596
52.3596
52.3596
52.3596
52.3596
53.4941
53.4941
53.4941
53.4941
53.4941
53.4941
53.4941
53.4941
54.8957
54.8957
54.8957
54.8957
54.8957
54.8957
54.8957
54.8957
56.572
56.572
56.572
56.572
56.572
56.572
56.572
56.572
58.5089
58.5089
58.5089
58.5089
58.5089
58.5089
58.5089
58.5089
60.6684
60.6684
60.6684
60.6684
60.6684
60.6684
60.6684
60.6684
62.9867
62.9867
62.9867
62.9867
62.9867
62.9867
62.9867
62.9867
65.3734
65.3734
65.3734
65.3734
65.3734
65.3734
65.3734
65.3734
67.7155
67.7155
67.7155
67.7155
67.7155
67.7155
67.7155
67.7155
69.8832
69.8832
69.8832
69.8832
69.8832
69.8832
69.8832
69.8832
71.7414
71.7414
71.7414
71.7414
71.7414
71.7414
71.7414
71.7414
73.1632
73.1632
73.1632
73.1632
73.1632
73.1632
73.1632
73.1632
74.0453
74.0453
74.0453
74.0453
74.0453
74.0453
74.0453
74.0453
50.2383
50.2383
50.2383
50.2383
50.2383
50.2383
50.2383
50.2383
50.7767
50.7767
50.7767
50.7767
50.7767
50.7767
50.7767
50.7767
51.467
51.467
51.467
51.467
51.467
51.467
51.467
51.467
52.3596
52.3596
52.3596
52.3596
52.3596
52.3596
52.3596
52.3596
53.4941
53.4941
53.4941
53.4941
53.4941
53.4941
53.4941
53.4941
54.8957
54.8957
54.8957
54.8957
54.8957
54.8957
54.8957
54.8957
56.572
56.572
56.572
56.572
56.572
56.572
56.572
56.572
58.5089
58.5089
58.5089
58.5089
58.5089
58.5089
58.5089
58.5089
60.6684
60.6684
60.6684
60.6684
60.6684
60.6684
60.6684
60.6684
62.9867
62.9867
62.9867
62.9867
62.9867
62.9867
62.9867
62.9867
65.3734
65.3734
65.3734
65.3734
65.3734
65.3734
65.3734
65.3734
67.7155
67.7155
67.7155
67.7155
67.7155
67.7155
67.7155
67.7155
69.8832
69.8832
69.8832
69.8832
69.8832
69.8832
69.8832
69.8832
71.7414
71.7414
71.7414
71.7414
71.7414
71.7414
71.7414
71.7414
73.1632
73.1632
73.1632
73.1632
73.1632
73.1632
73.1632
73.1632
74.0453
74.0453
74.0453
74.0453
74.0453
74.0453
74.0453
74.0453
50.2383
50.2383
50.2383
50.2383
50.2383
50.2383
50.2383
50.2383
50.7767
50.7767
50.7767
50.7767
50.7767
50.7767
50.7767
50.7767
51.467
51.467
51.467
51.467
51.467
51.467
51.467
51.467
52.3596
52.3596
52.3596
52.3596
52.3596
52.3596
52.3596
52.3596
53.4941
53.4941
53.4941
53.4941
53.4941
53.4941
53.4941
53.4941
54.8957
54.8957
54.8957
54.8957
54.8957
54.8957
54.8957
54.8957
56.572
56.572
56.572
56.572
56.572
56.572
56.572
56.572
58.5089
58.5089
58.5089
58.5089
58.5089
58.5089
58.5089
58.5089
60.6684
60.6684
60.6684
60.6684
60.6684
60.6684
60.6684
60.6684
62.9867
62.9867
62.9867
62.9867
62.9867
62.9867
62.9867
62.9867
65.3734
65.3734
65.3734
65.3734
65.3734
65.3734
65.3734
65.3734
67.7155
67.7155
67.7155
67.7155
67.7155
67.7155
67.7155
67.7155
69.8832
69.8832
69.8832
69.8832
69.8832
69.8832
69.8832
69.8832
71.7414
71.7414
71.7414
71.7414
71.7414
71.7414
71.7414
71.7414
73.1632
73.1632
73.1632
73.1632
73.1632
73.1632
73.1632
73.1632
74.0453
74.0453
74.0453
74.0453
74.0453
74.0453
74.0453
74.0453
48.8128
48.8128
48.8128
48.8128
48.8128
48.8128
48.8128
48.8128
49.6563
49.6563
49.6563
49.6563
49.6563
49.6563
49.6563
49.6563
50.6616
50.6616
50.6616
50.6616
50.6616
50.6616
50.6616
50.6616
51.8791
51.8791
51.8791
51.8791
51.8791
51.8791
51.8791
51.8791
53.3503
53.3503
53.3503
53.3503
53.3503
53.3503
53.3503
53.3503
55.1036
55.1036
55.1036
55.1036
55.1036
55.1036
55.1036
55.1036
57.1485
57.1485
57.1485
57.1485
57.1485
57.1485
57.1485
57.1485
59.4728
59.4728
59.4728
59.4728
59.4728
59.4728
59.4728
59.4728
62.0371
62.0371
62.0371
62.0371
62.0371
62.0371
62.0371
62.0371
64.7726
64.7726
64.7726
64.7726
64.7726
64.7726
64.7726
64.7726
67.5787
67.5787
67.5787
67.5787
67.5787
67.5787
67.5787
67.5787
70.3263
70.3263
70.3263
70.3263
70.3263
70.3263
70.3263
70.3263
72.8637
72.8637
72.8637
72.8637
72.8637
72.8637
72.8637
72.8637
75.0299
75.0299
75.0299
75.0299
75.0299
75.0299
75.0299
75.0299
76.6701
76.6701
76.6701
76.6701
76.6701
76.6701
76.6701
76.6701
77.6548
77.6548
77.6548
77.6548
77.6548
77.6548
77.6548
77.6548
48.8128
48.8128
48.8128
48.8128
48.8128
48.8128
48.8128
48.8128
49.6563
49.6563
49.6563
49.6563
49.6563
49.6563
49.6563
49.6563
50.6616
50.6616
50.6616
50.6616
50.6616
50.6616
50.6616
50.6616
51.8791
51.8791
51.8791
51.8791
51.8791
51.8791
51.8791
51.8791
53.3503
53.3503
53.3503
53.3503
53.3503
53.3503
53.3503
53.3503
55.1036
55.1036
55.1036
55.1036
55.1036
55.1036
55.1036
55.1036
57.1485
57.1485
57.1485
57.1485
57.1485
57.1485
57.1485
57.1485
59.4728
59.4728
59.4728
59.4728
59.4728
59.4728
59.4728
59.4728
62.0371
62.0371
62.0371
62.0371
62.0371
62.0371
62.0371
62.0371
64.7726
64.7726
64.7726
64.7726
64.7726
64.7726
64.7726
64.7726
67.5787
67.5787
67.5787
67.5787
67.5787
67.5787
67.5787
67.5787
70.3263
70.3263
70.3263
70.3263
70.3263
70.3263
70.3263
70.3263
72.8637
72.8637
72.8637
72.8637
72.8637
72.8637
72.8637
72.8637
75.0299
75.0299
75.0299
75.0299
75.0299
75.0299
75.0299
75.0299
76.6701
76.6701
76.6701
76.6701
76.6701
76.6701
76.6701
76.6701
77.6548
77.6548
77.6548
77.6548
77.6548
77.6548
77.6548
77.6548
48.8128
48.8128
48.8128
48.8128
48.8128
48.8128
48.8128
48.8128
49.6563
49.6563
49.6563
49.6563
49.6563
49.6563
49.6563
49.6563
50.6616
50.6616
50.6616
50.6616
50.6616
50.6616
50.6616
50.6616
51.8791
51.8791
51.8791
51.8791
51.8791
51.8791
51.8791
51.8791
53.3503
53.3503
53.3503
53.3503
53.3503
53.3503
53.3503
53.3503
55.1036
55.1036
55.1036
55.1036
55.1036
55.1036
55.1036
55.1036
57.1485
57.1485
57.1485
57.1485
57.1485
57.1485
57.1485
57.1485
59.4728
59.4728
59.4728
59.4728
59.4728
59.4728
59.4728
59.4728
62.0371
62.0371
62.0371
62.0371
62.0371
62.0371
62.0371
62.0371
64.7726
64.7726
64.7726
64.7726
64.7726
64.7726
64.7726
64.7726
67.5787
67.5787
67.5787
67.5787
67.5787
67.5787
67.5787
67.5787
70.3263
70.3263
70.3263
70.3263
70.3263
70.3263
70.3263
70.3263
72.8637
72.8637
72.8637
72.8637
72.8637
72.8637
72.8637
72.8637
75.0299
75.0299
75.0299
75.0299
75.0299
75.0299
75.0299
75.0299
76.6701
76.6701
76.6701
76.6701
76.6701
76.6701
76.6701
76.6701
77.6548
77.6548
77.6548
77.6548
77.6548
77.6548
77.6548
77.6548
48.8128
48.8128
48.8128
48.8128
48.8128
48.8128
48.8128
48.8128
49.6563
49.6563
49.6563
49.6563
49.6563
49.6563
49.6563
49.6563
50.6616
50.6616
50.6616
50.6616
50.6616
50.6616
50.6616
50.6616
51.8791
51.8791
51.8791
51.8791
51.8791
51.8791
51.8791
51.8791
53.3503
53.3503
53.3503
53.3503
53.3503
53.3503
53.3503
53.3503
55.1036
55.1036
55.1036
55.1036
55.1036
55.1036
55.1036
55.1036
57.1485
57.1485
57.1485
57.1485
57.1485
57.1485
57.1485
57.1485
59.4728
59.4728
59.4728
59.4728
59.4728
59.4728
59.4728
59.4728
62.0371
62.0371
62.0371
62.0371
62.0371
62.0371
62.0371
62.0371
64.7726
64.7726
64.7726
64.7726
64.7726
64.7726
64.7726
64.7726
67.5787
67.5787
67.5787
67.5787
67.5787
67.5787
67.5787
67.5787
70.3263
70.3263
70.3263
70.3263
70.3263
70.3263
70.3263
70.3263
72.8637
72.8637
72.8637
72.8637
72.8637
72.8637
72.8637
72.8637
75.0299
75.0299
75.0299
75.0299
75.0299
75.0299
75.0299
75.0299
76.6701
76.6701
76.6701
76.6701
76.6701
76.6701
76.6701
76.6701
77.6548
77.6548
77.6548
77.6548
77.6548
77.6548
77.6548
77.6548
46.4039
46.4039
46.4039
46.4039
46.4039
46.4039
46.4039
46.4039
47.441
47.441
47.441
47.441
47.441
47.441
47.441
47.441
48.6555
48.6555
48.6555
48.6555
48.6555
48.6555
48.6555
48.6555
50.0988
50.0988
50.0988
50.0988
50.0988
50.0988
50.0988
50.0988
51.8149
51.8149
51.8149
51.8149
51.8149
51.8149
51.8149
51.8149
53.8352
53.8352
53.8352
53.8352
53.8352
53.8352
53.8352
53.8352
56.173
56.173
56.173
56.173
56.173
56.173
56.173
56.173
58.8189
58.8189
58.8189
58.8189
58.8189
58.8189
58.8189
58.8189
61.7348
61.7348
61.7348
61.7348
61.7348
61.7348
61.7348
61.7348
64.8484
64.8484
64.8484
64.8484
64.8484
64.8484
64.8484
64.8484
68.0511
68.0511
68.0511
68.0511
68.0511
68.0511
68.0511
68.0511
71.199
71.199
71.199
71.199
71.199
71.199
71.199
71.199
74.1195
74.1195
74.1195
74.1195
74.1195
74.1195
74.1195
74.1195
76.6236
76.6236
76.6236
76.6236
76.6236
76.6236
76.6236
76.6236
78.5269
78.5269
78.5269
78.5269
78.5269
78.5269
78.5269
78.5269
79.67
79.67
79.67
79.67
79.67
79.67
79.67
79.67
46.4039
46.4039
46.4039
46.4039
46.4039
46.4039
46.4039
46.4039
47.441
47.441
47.441
47.441
47.441
47.441
47.441
47.441
48.6555
48.6555
48.6555
48.6555
48.6555
48.6555
48.6555
48.6555
50.0988
50.0988
50.0988
50.0988
50.0988
50.0988
50.0988
50.0988
51.8149
51.8149
51.8149
51.8149
51.8149
51.8149
51.8149
51.8149
53.8352
53.8352
53.8352
53.8352
53.8352
53.8352
53.8352
53.8352
56.173
56.173
56.173
56.173
56.173
56.173
56.173
56.173
58.8189
58.8189
58.8189
58.8189
58.8189
58.8189
58.8189
58.8189
61.7348
61.7348
61.7348
61.7348
61.7348
61.7348
61.7348
61.7348
64.8484
64.8484
64.8484
64.8484
64.8484
64.8484
64.8484
64.8484
68.0511
68.0511
68.0511
68.0511
68.0511
68.0511
68.0511
68.0511
71.199
71.199
71.199
71.199
71.199
71.199
71.199
71.199
74.1195
74.1195
74.1195
74.1195
74.1195
74.1195
74.1195
74.1195
76.6236
76.6236
76.6236
76.6236
76.6236
76.6236
76.6236
76.6236
78.5269
78.5269
78.5269
78.5269
78.5269
78.5269
78.5269
78.5269
79.67
79.67
79.67
79.67
79.67
79.67
79.67
79.67
46.4039
46.4039
46.4039
46.4039
46.4039
46.4039
46.4039
46.4039
47.441
47.441
47.441
47.441
47.441
47.441
47.441
47.441
48.6555
48.6555
48.6555
48.6555
48.6555
48.6555
48.6555
48.6555
50.0988
50.0988
50.0988
50.0988
50.0988
50.0988
50.0988
50.0988
51.8149
51.8149
51.8149
51.8149
51.8149
51.8149
51.8149
51.8149
53.8352
53.8352
53.8352
53.8352
53.8352
53.8352
53.8352
53.8352
56.173
56.173
56.173
56.173
56.173
56.173
56.173
56.173
58.8189
58.8189
58.8189
58.8189
58.8189
58.8189
58.8189
58.8189
61.7348
61.7348
61.7348
61.7348
61.7348
61.7348
61.7348
61.7348
64.8484
64.8484
64.8484
64.8484
64.8484
64.8484
64.8484
64.8484
68.0511
68.0511
68.0511
68.0511
68.0511
68.0511
68.0511
68.0511
71.199
71.199
71.199
71.199
71.199
71.199
71.199
71.199
74.1195
74.1195
74.1195
74.1195
74.1195
74.1195
74.1195
74.1195
76.6236
76.6236
76.6236
76.6236
76.6236
76.6236
76.6236
76.6236
78.5269
78.5269
78.5269
78.5269
78.5269
78.5269
78.5269
78.5269
79.67
79.67
79.67
79.67
79.67
79.67
79.67
79.67
46.4039
46.4039
46.4039
46.4039
46.4039
46.4039
46.4039
46.4039
47.441
47.441
47.441
47.441
47.441
47.441
47.441
47.441
48.6555
48.6555
48.6555
48.6555
48.6555
48.6555
48.6555
48.6555
50.0988
50.0988
50.0988
50.0988
50.0988
50.0988
50.0988
50.0988
51.8149
51.8149
51.8149
51.8149
51.8149
51.8149
51.8149
51.8149
53.8352
53.8352
53.8352
53.8352
53.8352
53.8352
53.8352
53.8352
56.173
56.173
56.173
56.173
56.173
56.173
56.173
56.173
58.8189
58.8189
58.8189
58.8189
58.8189
58.8189
58.8189
58.8189
61.7348
61.7348
61.7348
61.7348
61.7348
61.7348
61.7348
61.7348
64.8484
64.8484
64.8484
64.8484
64.8484
64.8484
64.8484
64.8484
68.0511
68.0511
68.0511
68.0511
68.0511
68.0511
68.0511
68.0511
71.199
71.199
71.199
71.199
71.199
71.199
71.199
71.199
74.1195
74.1195
74.1195
74.1195
74.1195
74.1195
74.1195
74.1195
76.6236
76.6236
76.6236
76.6236
76.6236
76.6236
76.6236
76.6236
78.5269
78.5269
78.5269
78.5269
78.5269
78.5269
78.5269
78.5269
79.67
79.67
79.67
79.67
79.67
79.67
79.67
79.67
43.1954
43.1954
43.1954
43.1954
43.1954
43.1954
43.1954
43.1954
44.3037
44.3037
44.3037
44.3037
44.3037
44.3037
44.3037
44.3037
45.6052
45.6052
45.6052
45.6052
45.6052
45.6052
45.6052
45.6052
47.1531
47.1531
47.1531
47.1531
47.1531
47.1531
47.1531
47.1531
48.994
48.994
48.994
48.994
48.994
48.994
48.994
48.994
51.1631
51.1631
51.1631
51.1631
51.1631
51.1631
51.1631
51.1631
53.6791
53.6791
53.6791
53.6791
53.6791
53.6791
53.6791
53.6791
56.537
56.537
56.537
56.537
56.537
56.537
56.537
56.537
59.7026
59.7026
59.7026
59.7026
59.7026
59.7026
59.7026
59.7026
63.1041
63.1041
63.1041
63.1041
63.1041
63.1041
63.1041
63.1041
66.6297
66.6297
66.6297
66.6297
66.6297
66.6297
66.6297
66.6297
70.1246
70.1246
70.1246
70.1246
70.1246
70.1246
70.1246
70.1246
73.3986
73.3986
73.3986
73.3986
73.3986
73.3986
73.3986
73.3986
76.2381
76.2381
76.2381
76.2381
76.2381
76.2381
76.2381
76.2381
78.4277
78.4277
78.4277
78.4277
78.4277
78.4277
78.4277
78.4277
79.778
79.778
79.778
79.778
79.778
79.778
79.778
79.778
43.1954
43.1954
43.1954
43.1954
43.1954
43.1954
43.1954
43.1954
44.3037
44.3037
44.3037
44.3037
44.3037
44.3037
44.3037
44.3037
45.6052
45.6052
45.6052
45.6052
45.6052
45.6052
45.6052
45.6052
47.1531
47.1531
47.1531
47.1531
47.1531
47.1531
47.1531
47.1531
48.994
48.994
48.994
48.994
48.994
48.994
48.994
48.994
51.1631
51.1631
51.1631
51.1631
51.1631
51.1631
51.1631
51.1631
53.6791
53.6791
53.6791
53.6791
53.6791
53.6791
53.6791
53.6791
56.537
56.537
56.537
56.537
56.537
56.537
56.537
56.537
59.7026
59.7026
59.7026
59.7026
59.7026
59.7026
59.7026
59.7026
63.1041
63.1041
63.1041
63.1041
63.1041
63.1041
63.1041
63.1041
66.6297
66.6297
66.6297
66.6297
66.6297
66.6297
66.6297
66.6297
70.1246
70.1246
70.1246
70.1246
70.1246
70.1246
70.1246
70.1246
73.3986
73.3986
73.3986
73.3986
73.3986
73.3986
73.3986
73.3986
76.2381
76.2381
76.2381
76.2381
76.2381
76.2381
76.2381
76.2381
78.4277
78.4277
78.4277
78.4277
78.4277
78.4277
78.4277
78.4277
79.778
79.778
79.778
79.778
79.778
79.778
79.778
79.778
43.1954
43.1954
43.1954
43.1954
43.1954
43.1954
43.1954
43.1954
44.3037
44.3037
44.3037
44.3037
44.3037
44.3037
44.3037
44.3037
45.6052
45.6052
45.6052
45.6052
45.6052
45.6052
45.6052
45.6052
47.1531
47.1531
47.1531
47.1531
47.1531
47.1531
47.1531
47.1531
48.994
48.994
48.994
48.994
48.994
48.994
48.994
48.994
51.1631
51.1631
51.1631
51.1631
51.1631
51.1631
51.1631
51.1631
53.6791
53.6791
53.6791
53.6791
53.6791
53.6791
53.6791
53.6791
56.537
56.537
56.537
56.537
56.537
56.537
56.537
56.537
59.7026
59.7026
59.7026
59.7026
59.7026
59.7026
59.7026
59.7026
63.1041
63.1041
63.1041
63.1041
63.1041
63.1041
63.1041
63.1041
66.6297
66.6297
66.6297
66.6297
66.6297
66.6297
66.6297
66.6297
70.1246
70.1246
70.1246
70.1246
70.1246
70.1246
70.1246
70.1246
73.3986
73.3986
73.3986
73.3986
73.3986
73.3986
73.3986
73.3986
76.2381
76.2381
76.2381
76.2381
76.2381
76.2381
76.2381
76.2381
78.4277
78.4277
78.4277
78.4277
78.4277
78.4277
78.4277
78.4277
79.778
79.778
79.778
79.778
79.778
79.778
79.778
79.778
43.1954
43.1954
43.1954
43.1954
43.1954
43.1954
43.1954
43.1954
44.3037
44.3037
44.3037
44.3037
44.3037
44.3037
44.3037
44.3037
45.6052
45.6052
45.6052
45.6052
45.6052
45.6052
45.6052
45.6052
47.1531
47.1531
47.1531
47.1531
47.1531
47.1531
47.1531
47.1531
48.994
48.994
48.994
48.994
48.994
48.994
48.994
48.994
51.1631
51.1631
51.1631
51.1631
51.1631
51.1631
51.1631
51.1631
53.6791
53.6791
53.6791
53.6791
53.6791
53.6791
53.6791
53.6791
56.537
56.537
56.537
56.537
56.537
56.537
56.537
56.537
59.7026
59.7026
59.7026
59.7026
59.7026
59.7026
59.7026
59.7026
63.1041
63.1041
63.1041
63.1041
63.1041
63.1041
63.1041
63.1041
66.6297
66.6297
66.6297
66.6297
66.6297
66.6297
66.6297
66.6297
70.1246
70.1246
70.1246
70.1246
70.1246
70.1246
70.1246
70.1246
73.3986
73.3986
73.3986
73.3986
73.3986
73.3986
73.3986
73.3986
76.2381
76.2381
76.2381
76.2381
76.2381
76.2381
76.2381
76.2381
78.4277
78.4277
78.4277
78.4277
78.4277
78.4277
78.4277
78.4277
79.778
79.778
79.778
79.778
79.778
79.778
79.778
79.778
39.4525
39.4525
39.4525
39.4525
39.4525
39.4525
39.4525
39.4525
40.5184
40.5184
40.5184
40.5184
40.5184
40.5184
40.5184
40.5184
41.7891
41.7891
41.7891
41.7891
41.7891
41.7891
41.7891
41.7891
43.3193
43.3193
43.3193
43.3193
43.3193
43.3193
43.3193
43.3193
45.1581
45.1581
45.1581
45.1581
45.1581
45.1581
45.1581
45.1581
47.3452
47.3452
47.3452
47.3452
47.3452
47.3452
47.3452
47.3452
49.9046
49.9046
49.9046
49.9046
49.9046
49.9046
49.9046
49.9046
52.8384
52.8384
52.8384
52.8384
52.8384
52.8384
52.8384
52.8384
56.1185
56.1185
56.1185
56.1185
56.1185
56.1185
56.1185
56.1185
59.679
59.679
59.679
59.679
59.679
59.679
59.679
59.679
63.4093
63.4093
63.4093
63.4093
63.4093
63.4093
63.4093
63.4093
67.1518
67.1518
67.1518
67.1518
67.1518
67.1518
67.1518
67.1518
70.7047
70.7047
70.7047
70.7047
70.7047
70.7047
70.7047
70.7047
73.8358
73.8358
73.8358
73.8358
73.8358
73.8358
73.8358
73.8358
76.304
76.304
76.304
76.304
76.304
76.304
76.304
76.304
77.8903
77.8903
77.8903
77.8903
77.8903
77.8903
77.8903
77.8903
39.4525
39.4525
39.4525
39.4525
39.4525
39.4525
39.4525
39.4525
40.5184
40.5184
40.5184
40.5184
40.5184
40.5184
40.5184
40.5184
41.7891
41.7891
41.7891
41.7891
41.7891
41.7891
41.7891
41.7891
43.3193
43.3193
43.3193
43.3193
43.3193
43.3193
43.3193
43.3193
45.1581
45.1581
45.1581
45.1581
45.1581
45.1581
45.1581
45.1581
47.3452
47.3452
47.3452
47.3452
47.3452
47.3452
47.3452
47.3452
49.9046
49.9046
49.9046
49.9046
49.9046
49.9046
49.9046
49.9046
52.8384
52.8384
52.8384
52.8384
52.8384
52.8384
52.8384
52.8384
56.1185
56.1185
56.1185
56.1185
56.1185
56.1185
56.1185
56.1185
59.679
59.679
59.679
59.679
59.679
59.679
59.679
59.679
63.4093
63.4093
63.4093
63.4093
63.4093
63.4093
63.4093
63.4093
67.1518
67.1518
67.1518
67.1518
67.1518
67.1518
67.1518
67.1518
70.7047
70.7047
70.7047
70.7047
70.7047
70.7047
70.7047
70.7047
73.8358
73.8358
73.8358
73.8358
73.8358
73.8358
73.8358
73.8358
76.304
76.304
76.304
76.304
76.304
76.304
76.304
76.304
77.8903
77.8903
77.8903
77.8903
77.8903
77.8903
77.8903
77.8903
39.4525
39.4525
39.4525
39.4525
39.4525
39.4525
39.4525
39.4525
40.5184
40.5184
40.5184
40.5184
40.5184
40.5184
40.5184
40.5184
41.7891
41.7891
41.7891
41.7891
41.7891
41.7891
41.7891
41.7891
43.3193
43.3193
43.3193
43.3193
43.3193
43.3193
43.3193
43.3193
45.1581
45.1581
45.1581
45.1581
45.1581
45.1581
45.1581
45.1581
47.3452
47.3452
47.3452
47.3452
47.3452
47.3452
47.3452
47.3452
49.9046
49.9046
49.9046
49.9046
49.9046
49.9046
49.9046
49.9046
52.8384
52.8384
52.8384
52.8384
52.8384
52.8384
52.8384
52.8384
56.1185
56.1185
56.1185
56.1185
56.1185
56.1185
56.1185
56.1185
59.679
59.679
59.679
59.679
59.679
59.679
59.679
59.679
63.4093
63.4093
63.4093
63.4093
63.4093
63.4093
63.4093
63.4093
67.1518
67.1518
67.1518
67.1518
67.1518
67.1518
67.1518
67.1518
70.7047
70.7047
70.7047
70.7047
70.7047
70.7047
70.7047
70.7047
73.8358
73.8358
73.8358
73.8358
73.8358
73.8358
73.8358
73.8358
76.304
76.304
76.304
76.304
76.304
76.304
76.304
76.304
77.8903
77.8903
77.8903
77.8903
77.8903
77.8903
77.8903
77.8903
39.4525
39.4525
39.4525
39.4525
39.4525
39.4525
39.4525
39.4525
40.5184
40.5184
40.5184
40.5184
40.5184
40.5184
40.5184
40.5184
41.7891
41.7891
41.7891
41.7891
41.7891
41.7891
41.7891
41.7891
43.3193
43.3193
43.3193
43.3193
43.3193
43.3193
43.3193
43.3193
45.1581
45.1581
45.1581
45.1581
45.1581
45.1581
45.1581
45.1581
47.3452
47.3452
47.3452
47.3452
47.3452
47.3452
47.3452
47.3452
49.9046
49.9046
49.9046
49.9046
49.9046
49.9046
49.9046
49.9046
52.8384
52.8384
52.8384
52.8384
52.8384
52.8384
52.8384
52.8384
56.1185
56.1185
56.1185
56.1185
56.1185
56.1185
56.1185
56.1185
59.679
59.679
59.679
59.679
59.679
59.679
59.679
59.679
63.4093
63.4093
63.4093
63.4093
63.4093
63.4093
63.4093
63.4093
67.1518
67.1518
67.1518
67.1518
67.1518
67.1518
67.1518
67.1518
70.7047
70.7047
70.7047
70.7047
70.7047
70.7047
70.7047
70.7047
73.8358
73.8358
73.8358
73.8358
73.8358
73.8358
73.8358
73.8358
76.304
76.304
76.304
76.304
76.304
76.304
76.304
76.304
77.8903
77.8903
77.8903
77.8903
77.8903
77.8903
77.8903
77.8903
35.469
35.469
35.469
35.469
35.469
35.469
35.469
35.469
36.4033
36.4033
36.4033
36.4033
36.4033
36.4033
36.4033
36.4033
37.5474
37.5474
37.5474
37.5474
37.5474
37.5474
37.5474
37.5474
38.9564
38.9564
38.9564
38.9564
38.9564
38.9564
38.9564
38.9564
40.6815
40.6815
40.6815
40.6815
40.6815
40.6815
40.6815
40.6815
42.7655
42.7655
42.7655
42.7655
42.7655
42.7655
42.7655
42.7655
45.2382
45.2382
45.2382
45.2382
45.2382
45.2382
45.2382
45.2382
48.1089
48.1089
48.1089
48.1089
48.1089
48.1089
48.1089
48.1089
51.3584
51.3584
51.3584
51.3584
51.3584
51.3584
51.3584
51.3584
54.9307
54.9307
54.9307
54.9307
54.9307
54.9307
54.9307
54.9307
58.7226
58.7226
58.7226
58.7226
58.7226
58.7226
58.7226
58.7226
62.5807
62.5807
62.5807
62.5807
62.5807
62.5807
62.5807
62.5807
66.3016
66.3016
66.3016
66.3016
66.3016
66.3016
66.3016
66.3016
69.6429
69.6429
69.6429
69.6429
69.6429
69.6429
69.6429
69.6429
72.3461
72.3461
72.3461
72.3461
72.3461
72.3461
72.3461
72.3461
74.168
74.168
74.168
74.168
74.168
74.168
74.168
74.168
35.469
35.469
35.469
35.469
35.469
35.469
35.469
35.469
36.4033
36.4033
36.4033
36.4033
36.4033
36.4033
36.4033
36.4033
37.5474
37.5474
37.5474
37.5474
37.5474
37.5474
37.5474
37.5474
38.9564
38.9564
38.9564
38.9564
38.9564
38.9564
38.9564
38.9564
40.6815
40.6815
40.6815
40.6815
40.6815
40.6815
40.6815
40.6815
42.7655
42.7655
42.7655
42.7655
42.7655
42.7655
42.7655
42.7655
45.2382
45.2382
45.2382
45.2382
45.2382
45.2382
45.2382
45.2382
48.1089
48.1089
48.1089
48.1089
48.1089
48.1089
48.1089
48.1089
51.3584
51.3584
51.3584
51.3584
51.3584
51.3584
51.3584
51.3584
54.9307
54.9307
54.9307
54.9307
54.9307
54.9307
54.9307
54.9307
58.7226
58.7226
58.7226
58.7226
58.7226
58.7226
58.7226
58.7226
62.5807
62.5807
62.5807
62.5807
62.5807
62.5807
62.5807
62.5807
66.3016
66.3016
66.3016
66.3016
66.3016
66.3016
66.3016
66.3016
69.6429
69.6429
69.6429
69.6429
69.6429
69.6429
69.6429
69.6429
72.3461
72.3461
72.3461
72.3461
72.3461
72.3461
72.3461
72.3461
74.168
74.168
74.168
74.168
74.168
74.168
74.168
74.168
35.469
35.469
35.469
35.469
35.469
35.469
35.469
35.469
36.4033
36.4033
36.4033
36.4033
36.4033
36.4033
36.4033
36.4033
37.5474
37.5474
37.5474
37.5474
37.5474
37.5474
37.5474
37.5474
38.9564
38.9564
38.9564
38.9564
38.9564
38.9564
38.9564
38.9564
40.6815
40.6815
40.6815
40.6815
40.6815
40.6815
40.6815
40.6815
42.7655
42.7655
42.7655
42.7655
42.7655
42.7655
42.7655
42.7655
45.2382
45.2382
45.2382
45.2382
45.2382
45.2382
45.2382
45.2382
48.1089
48.1089
48.1089
48.1089
48.1089
48.1089
48.1089
48.1089
51.3584
51.3584
51.3584
51.3584
51.3584
51.3584
51.3584
51.3584
54.9307
54.9307
54.9307
54.9307
54.9307
54.9307
54.9307
54.9307
58.7226
58.7226
58.7226
58.7226
58.7226
58.7226
58.7226
58.7226
62.5807
62.5807
62.5807
62.5807
62.5807
62.5807
62.5807
62.5807
66.3016
66.3016
66.3016
66.3016
66.3016
66.3016
66.3016
66.3016
69.6429
69.6429
69.6429
69.6429
69.6429
69.6429
69.6429
69.6429
72.3461
72.3461
72.3461
72.3461
72.3461
72.3461
72.3461
72.3461
74.168
74.168
74.168
74.168
74.168
74.168
74.168
74.168
35.469
35.469
35.469
35.469
35.469
35.469
35.469
35.469
36.4033
36.4033
36.4033
36.4033
36.4033
36.4033
36.4033
36.4033
37.5474
37.5474
37.5474
37.5474
37.5474
37.5474
37.5474
37.5474
38.9564
38.9564
38.9564
38.9564
38.9564
38.9564
38.9564
38.9564
40.6815
40.6815
40.6815
40.6815
40.6815
40.6815
40.6815
40.6815
42.7655
42.7655
42.7655
42.7655
42.7655
42.7655
42.7655
42.7655
45.2382
45.2382
45.2382
45.2382
45.2382
45.2382
45.2382
45.2382
48.1089
48.1089
48.1089
48.1089
48.1089
48.1089
48.1089
48.1089
51.3584
51.3584
51.3584
51.3584
51.3584
51.3584
51.3584
51.3584
54.9307
54.9307
54.9307
54.9307
54.9307
54.9307
54.9307
54.9307
58.7226
58.7226
58.7226
58.7226
58.7226
58.7226
58.7226
58.7226
62.5807
62.5807
62.5807
62.5807
62.5807
62.5807
62.5807
62.5807
66.3016
66.3016
66.3016
66.3016
66.3016
66.3016
66.3016
66.3016
69.6429
69.6429
69.6429
69.6429
69.6429
69.6429
69.6429
69.6429
72.3461
72.3461
72.3461
72.3461
72.3461
72.3461
72.3461
72.3461
74.168
74.168
74.168
74.168
74.168
74.168
74.168
74.168
31.5172
31.5172
31.5172
31.5172
31.5172
31.5172
31.5172
31.5172
32.2629
32.2629
32.2629
32.2629
32.2629
32.2629
32.2629
32.2629
33.2164
33.2164
33.2164
33.2164
33.2164
33.2164
33.2164
33.2164
34.4322
34.4322
34.4322
34.4322
34.4322
34.4322
34.4322
34.4322
35.9616
35.9616
35.9616
35.9616
35.9616
35.9616
35.9616
35.9616
37.8496
37.8496
37.8496
37.8496
37.8496
37.8496
37.8496
37.8496
40.1299
40.1299
40.1299
40.1299
40.1299
40.1299
40.1299
40.1299
42.819
42.819
42.819
42.819
42.819
42.819
42.819
42.819
45.9077
45.9077
45.9077
45.9077
45.9077
45.9077
45.9077
45.9077
49.3514
49.3514
49.3514
49.3514
49.3514
49.3514
49.3514
49.3514
53.0604
53.0604
53.0604
53.0604
53.0604
53.0604
53.0604
53.0604
56.8926
56.8926
56.8926
56.8926
56.8926
56.8926
56.8926
56.8926
60.6518
60.6518
60.6518
60.6518
60.6518
60.6518
60.6518
60.6518
64.0968
64.0968
64.0968
64.0968
64.0968
64.0968
64.0968
64.0968
66.9612
66.9612
66.9612
66.9612
66.9612
66.9612
66.9612
66.9612
68.9863
68.9863
68.9863
68.9863
68.9863
68.9863
68.9863
68.9863
31.5172
31.5172
31.5172
31.5172
31.5172
31.5172
31.5172
31.5172
32.2629
32.2629
32.2629
32.2629
32.2629
32.2629
32.2629
32.2629
33.2164
33.2164
33.2164
33.2164
33.2164
33.2164
33.2164
33.2164
34.4322
34.4322
34.4322
34.4322
34.4322
34.4322
34.4322
34.4322
35.9616
35.9616
35.9616
35.9616
35.9616
35.9616
35.9616
35.9616
37.8496
37.8496
37.8496
37.8496
37.8496
37.8496
37.8496
37.8496
40.1299
40.1299
40.1299
40.1299
40.1299
40.1299
40.1299
40.1299
42.819
42.819
42.819
42.819
42.819
42.819
42.819
42.819
45.9077
45.9077
45.9077
45.9077
45.9077
45.9077
45.9077
45.9077
49.3514
49.3514
49.3514
49.3514
49.3514
49.3514
49.3514
49.3514
53.0604
53.0604
53.0604
53.0604
53.0604
53.0604
53.0604
53.0604
56.8926
56.8926
56.8926
56.8926
56.8926
56.8926
56.8926
56.8926
60.6518
60.6518
60.6518
60.6518
60.6518
60.6518
60.6518
60.6518
64.0968
64.0968
64.0968
64.0968
64.0968
64.0968
64.0968
64.0968
66.9612
66.9612
66.9612
66.9612
66.9612
66.9612
66.9612
66.9612
68.9863
68.9863
68.9863
68.9863
68.9863
68.9863
68.9863
68.9863
31.5172
31.5172
31.5172
31.5172
31.5172
31.5172
31.5172
31.5172
32.2629
32.2629
32.2629
32.2629
32.2629
32.2629
32.2629
32.2629
33.2164
33.2164
33.2164
33.2164
33.2164
33.2164
33.2164
33.2164
34.4322
34.4322
34.4322
34.4322
34.4322
34.4322
34.4322
34.4322
35.9616
35.9616
35.9616
35.9616
35.9616
35.9616
35.9616
35.9616
37.8496
37.8496
37.8496
37.8496
37.8496
37.8496
37.8496
37.8496
40.1299
40.1299
40.1299
40.1299
40.1299
40.1299
40.1299
40.1299
42.819
42.819
42.819
42.819
42.819
42.819
42.819
42.819
45.9077
45.9077
45.9077
45.9077
45.9077
45.9077
45.9077
45.9077
49.3514
49.3514
49.3514
49.3514
49.3514
49.3514
49.3514
49.3514
53.0604
53.0604
53.0604
53.0604
53.0604
53.0604
53.0604
53.0604
56.8926
56.8926
56.8926
56.8926
56.8926
56.8926
56.8926
56.8926
60.6518
60.6518
60.6518
60.6518
60.6518
60.6518
60.6518
60.6518
64.0968
64.0968
64.0968
64.0968
64.0968
64.0968
64.0968
64.0968
66.9612
66.9612
66.9612
66.9612
66.9612
66.9612
66.9612
66.9612
68.9863
68.9863
68.9863
68.9863
68.9863
68.9863
68.9863
68.9863
31.5172
31.5172
31.5172
31.5172
31.5172
31.5172
31.5172
31.5172
32.2629
32.2629
32.2629
32.2629
32.2629
32.2629
32.2629
32.2629
33.2164
33.2164
33.2164
33.2164
33.2164
33.2164
33.2164
33.2164
34.4322
34.4322
34.4322
34.4322
34.4322
34.4322
34.4322
34.4322
35.9616
35.9616
35.9616
35.9616
35.9616
35.9616
35.9616
35.9616
37.8496
37.8496
37.8496
37.8496
37.8496
37.8496
37.8496
37.8496
40.1299
40.1299
40.1299
40.1299
40.1299
40.1299
40.1299
40.1299
42.819
42.819
42.819
42.819
42.819
42.819
42.819
42.819
45.9077
45.9077
45.9077
45.9077
45.9077
45.9077
45.9077
45.9077
49.3514
49.3514
49.3514
49.3514
49.3514
49.3514
49.3514
49.3514
53.0604
53.0604
53.0604
53.0604
53.0604
53.0604
53.0604
53.0604
56.8926
56.8926
56.8926
56.8926
56.8926
56.8926
56.8926
56.8926
60.6518
60.6518
60.6518
60.6518
60.6518
60.6518
60.6518
60.6518
64.0968
64.0968
64.0968
64.0968
64.0968
64.0968
64.0968
64.0968
66.9612
66.9612
66.9612
66.9612
66.9612
66.9612
66.9612
66.9612
68.9863
68.9863
68.9863
68.9863
68.9863
68.9863
68.9863
68.9863
27.8128
27.8128
27.8128
27.8128
27.8128
27.8128
27.8128
27.8128
28.3443
28.3443
28.3443
28.3443
28.3443
28.3443
28.3443
28.3443
29.0765
29.0765
29.0765
29.0765
29.0765
29.0765
29.0765
29.0765
30.0616
30.0616
30.0616
30.0616
30.0616
30.0616
30.0616
30.0616
31.3493
31.3493
31.3493
31.3493
31.3493
31.3493
31.3493
31.3493
32.9844
32.9844
32.9844
32.9844
32.9844
32.9844
32.9844
32.9844
35.0032
35.0032
35.0032
35.0032
35.0032
35.0032
35.0032
35.0032
37.4275
37.4275
37.4275
37.4275
37.4275
37.4275
37.4275
37.4275
40.2573
40.2573
40.2573
40.2573
40.2573
40.2573
40.2573
40.2573
43.4608
43.4608
43.4608
43.4608
43.4608
43.4608
43.4608
43.4608
46.9639
46.9639
46.9639
46.9639
46.9639
46.9639
46.9639
46.9639
50.6413
50.6413
50.6413
50.6413
50.6413
50.6413
50.6413
50.6413
54.3123
54.3123
54.3123
54.3123
54.3123
54.3123
54.3123
54.3123
57.7466
57.7466
57.7466
57.7466
57.7466
57.7466
57.7466
57.7466
60.6818
60.6818
60.6818
60.6818
60.6818
60.6818
60.6818
60.6818
62.8531
62.8531
62.8531
62.8531
62.8531
62.8531
62.8531
62.8531
27.8128
27.8128
27.8128
27.8128
27.8128
27.8128
27.8128
27.8128
28.3443
28.3443
28.3443
28.3443
28.3443
28.3443
28.3443
28.3443
29.0765
29.0765
29.0765
29.0765
29.0765
29.0765
29.0765
29.0765
30.0616
30.0616
30.0616
30.0616
30.0616
30.0616
30.0616
30.0616
31.3493
31.3493
31.3493
31.3493
31.3493
31.3493
31.3493
31.3493
32.9844
32.9844
32.9844
32.9844
32.9844
32.9844
32.9844
32.9844
35.0032
35.0032
35.0032
35.0032
35.0032
35.0032
35.0032
35.0032
37.4275
37.4275
37.4275
37.4275
37.4275
37.4275
37.4275
37.4275
40.2573
40.2573
40.2573
40.2573
40.2573
40.2573
40.2573
40.2573
43.4608
43.4608
43.4608
43.4608
43.4608
43.4608
43.4608
43.4608
46.9639
46.9639
46.9639
46.9639
46.9639
46.9639
46.9639
46.9639
50.6413
50.6413
50.6413
50.6413
50.6413
50.6413
50.6413
50.6413
54.3123
54.3123
54.3123
54.3123
54.3123
54.3123
54.3123
54.3123
57.7466
57.7466
57.7466
57.7466
57.7466
57.7466
57.7466
57.7466
60.6818
60.6818
60.6818
60.6818
60.6818
60.6818
60.6818
60.6818
62.8531
62.8531
62.8531
62.8531
62.8531
62.8531
62.8531
62.8531
27.8128
27.8128
27.8128
27.8128
27.8128
27.8128
27.8128
27.8128
28.3443
28.3443
28.3443
28.3443
28.3443
28.3443
28.3443
28.3443
29.0765
29.0765
29.0765
29.0765
29.0765
29.0765
29.0765
29.0765
30.0616
30.0616
30.0616
30.0616
30.0616
30.0616
30.0616
30.0616
31.3493
31.3493
31.3493
31.3493
31.3493
31.3493
31.3493
31.3493
32.9844
32.9844
32.9844
32.9844
32.9844
32.9844
32.9844
32.9844
35.0032
35.0032
35.0032
35.0032
35.0032
35.0032
35.0032
35.0032
37.4275
37.4275
37.4275
37.4275
37.4275
37.4275
37.4275
37.4275
40.2573
40.2573
40.2573
40.2573
40.2573
40.2573
40.2573
40.2573
43.4608
43.4608
43.4608
43.4608
43.4608
43.4608
43.4608
43.4608
46.9639
46.9639
46.9639
46.9639
46.9639
46.9639
46.9639
46.9639
50.6413
50.6413
50.6413
50.6413
50.6413
50.6413
50.6413
50.6413
54.3123
54.3123
54.3123
54.3123
54.3123
54.3123
54.3123
54.3123
57.7466
57.7466
57.7466
57.7466
57.7466
57.7466
57.7466
57.7466
60.6818
60.6818
60.6818
60.6818
60.6818
60.6818
60.6818
60.6818
62.8531
62.8531
62.8531
62.8531
62.8531
62.8531
62.8531
62.8531
27.8128
27.8128
27.8128
27.8128
27.8128
27.8128
27.8128
27.8128
28.3443
28.3443
28.3443
28.3443
28.3443
28.3443
28.3443
28.3443
29.0765
29.0765
29.0765
29.0765
29.0765
29.0765
29.0765
29.0765
30.0616
30.0616
30.0616
30.0616
30.0616
30.0616
30.0616
30.0616
31.3493
31.3493
31.3493
31.3493
31.3493
31.3493
31.3493
31.3493
32.9844
32.9844
32.9844
32.9844
32.9844
32.9844
32.9844
32.9844
35.0032
35.0032
35.0032
35.0032
35.0032
35.0032
35.0032
35.0032
37.4275
37.4275
37.4275
37.4275
37.4275
37.4275
37.4275
37.4275
40.2573
40.2573
40.2573
40.2573
40.2573
40.2573
40.2573
40.2573
43.4608
43.4608
43.4608
43.4608
43.4608
43.4608
43.4608
43.4608
46.9639
46.9639
46.9639
46.9639
46.9639
46.9639
46.9639
46.9639
50.6413
50.6413
50.6413
50.6413
50.6413
50.6413
50.6413
50.6413
54.3123
54.3123
54.3123
54.3123
54.3123
54.3123
54.3123
54.3123
57.7466
57.7466
57.7466
57.7466
57.7466
57.7466
57.7466
57.7466
60.6818
60.6818
60.6818
60.6818
60.6818
60.6818
60.6818
60.6818
62.8531
62.8531
62.8531
62.8531
62.8531
62.8531
62.8531
62.8531
24.5001
24.5001
24.5001
24.5001
24.5001
24.5001
24.5001
24.5001
24.8172
24.8172
24.8172
24.8172
24.8172
24.8172
24.8172
24.8172
25.3249
25.3249
25.3249
25.3249
25.3249
25.3249
25.3249
25.3249
26.0717
26.0717
26.0717
26.0717
26.0717
26.0717
26.0717
26.0717
27.1043
27.1043
27.1043
27.1043
27.1043
27.1043
27.1043
27.1043
28.4655
28.4655
28.4655
28.4655
28.4655
28.4655
28.4655
28.4655
30.1915
30.1915
30.1915
30.1915
30.1915
30.1915
30.1915
30.1915
32.3077
32.3077
32.3077
32.3077
32.3077
32.3077
32.3077
32.3077
34.8212
34.8212
34.8212
34.8212
34.8212
34.8212
34.8212
34.8212
37.712
37.712
37.712
37.712
37.712
37.712
37.712
37.712
40.9223
40.9223
40.9223
40.9223
40.9223
40.9223
40.9223
40.9223
44.3464
44.3464
44.3464
44.3464
44.3464
44.3464
44.3464
44.3464
47.8245
47.8245
47.8245
47.8245
47.8245
47.8245
47.8245
47.8245
51.1451
51.1451
51.1451
51.1451
51.1451
51.1451
51.1451
51.1451
54.059
54.059
54.059
54.059
54.059
54.059
54.059
54.059
56.3072
56.3072
56.3072
56.3072
56.3072
56.3072
56.3072
56.3072
24.5001
24.5001
24.5001
24.5001
24.5001
24.5001
24.5001
24.5001
24.8172
24.8172
24.8172
24.8172
24.8172
24.8172
24.8172
24.8172
25.3249
25.3249
25.3249
25.3249
25.3249
25.3249
25.3249
25.3249
26.0717
26.0717
26.0717
26.0717
26.0717
26.0717
26.0717
26.0717
27.1043
27.1043
27.1043
27.1043
27.1043
27.1043
27.1043
27.1043
28.4655
28.4655
28.4655
28.4655
28.4655
28.4655
28.4655
28.4655
30.1915
30.1915
30.1915
30.1915
30.1915
30.1915
30.1915
30.1915
32.3077
32.3077
32.3077
32.3077
32.3077
32.3077
32.3077
32.3077
34.8212
34.8212
34.8212
34.8212
34.8212
34.8212
34.8212
34.8212
37.712
37.712
37.712
37.712
37.712
37.712
37.712
37.712
40.9223
40.9223
40.9223
40.9223
40.9223
40.9223
40.9223
40.9223
44.3464
44.3464
44.3464
44.3464
44.3464
44.3464
44.3464
44.3464
47.8245
47.8245
47.8245
47.8245
47.8245
47.8245
47.8245
47.8245
51.1451
51.1451
51.1451
51.1451
51.1451
51.1451
51.1451
51.1451
54.059
54.059
54.059
54.059
54.059
54.059
54.059
54.059
56.3072
56.3072
56.3072
56.3072
56.3072
56.3072
56.3072
56.3072
24.5001
24.5001
24.5001
24.5001
24.5001
24.5001
24.5001
24.5001
24.8172
24.8172
24.8172
24.8172
24.8172
24.8172
24.8172
24.8172
25.3249
25.3249
25.3249
25.3249
25.3249
25.3249
25.3249
25.3249
26.0717
26.0717
26.0717
26.0717
26.0717
26.0717
26.0717
26.0717
27.1043
27.1043
27.1043
27.1043
27.1043
27.1043
27.1043
27.1043
28.4655
28.4655
28.4655
28.4655
28.4655
28.4655
28.4655
28.4655
30.1915
30.1915
30.1915
30.1915
30.1915
30.1915
30.1915
30.1915
32.3077
32.3077
32.3077
32.3077
32.3077
32.3077
32.3077
32.3077
34.8212
34.8212
34.8212
34.8212
34.8212
34.8212
34.8212
34.8212
37.712
37.712
37.712
37.712
37.712
37.712
37.712
37.712
40.9223
40.9223
40.9223
40.9223
40.9223
40.9223
40.9223
40.9223
44.3464
44.3464
44.3464
44.3464
44.3464
44.3464
44.3464
44.3464
47.8245
47.8245
47.8245
47.8245
47.8245
47.8245
47.8245
47.8245
51.1451
51.1451
51.1451
51.1451
51.1451
51.1451
51.1451
51.1451
54.059
54.059
54.059
54.059
54.059
54.059
54.059
54.059
56.3072
56.3072
56.3072
56.3072
56.3072
56.3072
56.3072
56.3072
24.5001
24.5001
24.5001
24.5001
24.5001
24.5001
24.5001
24.5001
24.8172
24.8172
24.8172
24.8172
24.8172
24.8172
24.8172
24.8172
25.3249
25.3249
25.3249
25.3249
25.3249
25.3249
25.3249
25.3249
26.0717
26.0717
26.0717
26.0717
26.0717
26.0717
26.0717
26.0717
27.1043
27.1043
27.1043
27.1043
27.1043
27.1043
27.1043
27.1043
28.4655
28.4655
28.4655
28.4655
28.4655
28.4655
28.4655
28.4655
30.1915
30.1915
30.1915
30.1915
30.1915
30.1915
30.1915
30.1915
32.3077
32.3077
32.3077
32.3077
32.3077
32.3077
32.3077
32.3077
34.8212
34.8212
34.8212
34.8212
34.8212
34.8212
34.8212
34.8212
37.712
37.712
37.712
37.712
37.712
37.712
37.712
37.712
40.9223
40.9223
40.9223
40.9223
40.9223
40.9223
40.9223
40.9223
44.3464
44.3464
44.3464
44.3464
44.3464
44.3464
44.3464
44.3464
47.8245
47.8245
47.8245
47.8245
47.8245
47.8245
47.8245
47.8245
51.1451
51.1451
51.1451
51.1451
51.1451
51.1451
51.1451
51.1451
54.059
54.059
54.059
54.059
54.059
54.059
54.059
54.059
56.3072
56.3072
56.3072
56.3072
56.3072
56.3072
56.3072
56.3072
21.6549
21.6549
21.6549
21.6549
21.6549
21.6549
21.6549
21.6549
21.7739
21.7739
21.7739
21.7739
21.7739
21.7739
21.7739
21.7739
22.0727
22.0727
22.0727
22.0727
22.0727
22.0727
22.0727
22.0727
22.5954
22.5954
22.5954
22.5954
22.5954
22.5954
22.5954
22.5954
23.3841
23.3841
23.3841
23.3841
23.3841
23.3841
23.3841
23.3841
24.478
24.478
24.478
24.478
24.478
24.478
24.478
24.478
25.9117
25.9117
25.9117
25.9117
25.9117
25.9117
25.9117
25.9117
27.7116
27.7116
27.7116
27.7116
27.7116
27.7116
27.7116
27.7116
29.8898
29.8898
29.8898
29.8898
29.8898
29.8898
29.8898
29.8898
32.4359
32.4359
32.4359
32.4359
32.4359
32.4359
32.4359
32.4359
35.3072
35.3072
35.3072
35.3072
35.3072
35.3072
35.3072
35.3072
38.4176
38.4176
38.4176
38.4176
38.4176
38.4176
38.4176
38.4176
41.6306
41.6306
41.6306
41.6306
41.6306
41.6306
41.6306
41.6306
44.7586
44.7586
44.7586
44.7586
44.7586
44.7586
44.7586
44.7586
47.5731
47.5731
47.5731
47.5731
47.5731
47.5731
47.5731
47.5731
49.8283
49.8283
49.8283
49.8283
49.8283
49.8283
49.8283
49.8283
21.6549
21.6549
21.6549
21.6549
21.6549
21.6549
21.6549
21.6549
21.7739
21.7739
21.7739
21.7739
21.7739
21.7739
21.7739
21.7739
22.0727
22.0727
22.0727
22.0727
22.0727
22.0727
22.0727
22.0727
22.5954
22.5954
22.5954
22.5954
22.5954
22.5954
22.5954
22.5954
23.3841
23.3841
23.3841
23.3841
23.3841
23.3841
23.3841
23.3841
24.478
24.478
24.478
24.478
24.478
24.478
24.478
24.478
25.9117
25.9117
25.9117
25.9117
25.9117
25.9117
25.9117
25.9117
27.7116
27.7116
27.7116
27.7116
27.7116
27.7116
27.7116
27.7116
29.8898
29.8898
29.8898
29.8898
29.8898
29.8898
29.8898
29.8898
32.4359
32.4359
32.4359
32.4359
32.4359
32.4359
32.4359
32.4359
35.3072
35.3072
35.3072
35.3072
35.3072
35.3072
35.3072
35.3072
38.4176
38.4176
38.4176
38.4176
38.4176
38.4176
38.4176
38.4176
41.6306
41.6306
41.6306
41.6306
41.6306
41.6306
41.6306
41.6306
44.7586
44.7586
44.7586
44.7586
44.7586
44.7586
44.7586
44.7586
47.5731
47.5731
47.5731
47.5731
47.5731
47.5731
47.5731
47.5731
49.8283
49.8283
49.8283
49.8283
49.8283
49.8283
49.8283
49.8283
21.6549
21.6549
21.6549
21.6549
21.6549
21.6549
21.6549
21.6549
21.7739
21.7739
21.7739
21.7739
21.7739
21.7739
21.7739
21.7739
22.0727
22.0727
22.0727
22.0727
22.0727
22.0727
22.0727
22.0727
22.5954
22.5954
22.5954
22.5954
22.5954
22.5954
22.5954
22.5954
23.3841
23.3841
23.3841
23.3841
23.3841
23.3841
23.3841
23.3841
24.478
24.478
24.478
24.478
24.478
24.478
24.478
24.478
25.9117
25.9117
25.9117
25.9117
25.9117
25.9117
25.9117
25.9117
27.7116
27.7116
27.7116
27.7116
27.7116
27.7116
27.7116
27.7116
29.8898
29.8898
29.8898
29.8898
29.8898
29.8898
29.8898
29.8898
32.4359
32.4359
32.4359
32.4359
32.4359
32.4359
32.4359
32.4359
35.3072
35.3072
35.3072
35.3072
35.3072
35.3072
35.3072
35.3072
38.4176
38.4176
38.4176
38.4176
38.4176
38.4176
38.4176
38.4176
41.6306
41.6306
41.6306
41.6306
41.6306
41.6306
41.6306
41.6306
44.7586
44.7586
44.7586
44.7586
44.7586
44.7586
44.7586
44.7586
47.5731
47.5731
47.5731
47.5731
47.5731
47.5731
47.5731
47.5731
49.8283
49.8283
49.8283
49.8283
49.8283
49.8283
49.8283
49.8283
21.6549
21.6549
21.6549
21.6549
21.6549
21.6549
21.6549
21.6549
21.7739
21.7739
21.7739
21.7739
21.7739
21.7739
21.7739
21.7739
22.0727
22.0727
22.0727
22.0727
22.0727
22.0727
22.0727
22.0727
22.5954
22.5954
22.5954
22.5954
22.5954
22.5954
22.5954
22.5954
23.3841
23.3841
23.3841
23.3841
23.3841
23.3841
23.3841
23.3841
24.478
24.478
24.478
24.478
24.478
24.478
24.478
24.478
25.9117
25.9117
25.9117
25.9117
25.9117
25.9117
25.9117
25.9117
27.7116
27.7116
27.7116
27.7116
27.7116
27.7116
27.7116
27.7116
29.8898
29.8898
29.8898
29.8898
29.8898
29.8898
29.8898
29.8898
32.4359
32.4359
32.4359
32.4359
32.4359
32.4359
32.4359
32.4359
35.3072
35.3072
35.3072
35.3072
35.3072
35.3072
35.3072
35.3072
38.4176
38.4176
38.4176
38.4176
38.4176
38.4176
38.4176
38.4176
41.6306
41.6306
41.6306
41.6306
41.6306
41.6306
41.6306
41.6306
44.7586
44.7586
44.7586
44.7586
44.7586
44.7586
44.7586
44.7586
47.5731
47.5731
47.5731
47.5731
47.5731
47.5731
47.5731
47.5731
49.8283
49.8283
49.8283
49.8283
49.8283
49.8283
49.8283
49.8283
19.2984
19.2984
19.2984
19.2984
19.2984
19.2984
19.2984
19.2984
19.2441
19.2441
19.2441
19.2441
19.2441
19.2441
19.2441
19.2441
19.3596
19.3596
19.3596
19.3596
19.3596
19.3596
19.3596
19.3596
19.6841
19.6841
19.6841
19.6841
19.6841
19.6841
19.6841
19.6841
20.2547
20.2547
20.2547
20.2547
20.2547
20.2547
20.2547
20.2547
21.106
21.106
21.106
21.106
21.106
21.106
21.106
21.106
22.2696
22.2696
22.2696
22.2696
22.2696
22.2696
22.2696
22.2696
23.7709
23.7709
23.7709
23.7709
23.7709
23.7709
23.7709
23.7709
25.6247
25.6247
25.6247
25.6247
25.6247
25.6247
25.6247
25.6247
27.8279
27.8279
27.8279
27.8279
27.8279
27.8279
27.8279
27.8279
30.3501
30.3501
30.3501
30.3501
30.3501
30.3501
30.3501
30.3501
33.1233
33.1233
33.1233
33.1233
33.1233
33.1233
33.1233
33.1233
36.0341
36.0341
36.0341
36.0341
36.0341
36.0341
36.0341
36.0341
38.9204
38.9204
38.9204
38.9204
38.9204
38.9204
38.9204
38.9204
41.5784
41.5784
41.5784
41.5784
41.5784
41.5784
41.5784
41.5784
43.7821
43.7821
43.7821
43.7821
43.7821
43.7821
43.7821
43.7821
19.2984
19.2984
19.2984
19.2984
19.2984
19.2984
19.2984
19.2984
19.2441
19.2441
19.2441
19.2441
19.2441
19.2441
19.2441
19.2441
19.3596
19.3596
19.3596
19.3596
19.3596
19.3596
19.3596
19.3596
19.6841
19.6841
19.6841
19.6841
19.6841
19.6841
19.6841
19.6841
20.2547
20.2547
20.2547
20.2547
20.2547
20.2547
20.2547
20.2547
21.106
21.106
21.106
21.106
21.106
21.106
21.106
21.106
22.2696
22.2696
22.2696
22.2696
22.2696
22.2696
22.2696
22.2696
23.7709
23.7709
23.7709
23.7709
23.7709
23.7709
23.7709
23.7709
25.6247
25.6247
25.6247
25.6247
25.6247
25.6247
25.6247
25.6247
27.8279
27.8279
27.8279
27.8279
27.8279
27.8279
27.8279
27.8279
30.3501
30.3501
30.3501
30.3501
30.3501
30.3501
30.3501
30.3501
33.1233
33.1233
33.1233
33.1233
33.1233
33.1233
33.1233
33.1233
36.0341
36.0341
36.0341
36.0341
36.0341
36.0341
36.0341
36.0341
38.9204
38.9204
38.9204
38.9204
38.9204
38.9204
38.9204
38.9204
41.5784
41.5784
41.5784
41.5784
41.5784
41.5784
41.5784
41.5784
43.7821
43.7821
43.7821
43.7821
43.7821
43.7821
43.7821
43.7821
19.2984
19.2984
19.2984
19.2984
19.2984
19.2984
19.2984
19.2984
19.2441
19.2441
19.2441
19.2441
19.2441
19.2441
19.2441
19.2441
19.3596
19.3596
19.3596
19.3596
19.3596
19.3596
19.3596
19.3596
19.6841
19.6841
19.6841
19.6841
19.6841
19.6841
19.6841
19.6841
20.2547
20.2547
20.2547
20.2547
20.2547
20.2547
20.2547
20.2547
21.106
21.106
21.106
21.106
21.106
21.106
21.106
21.106
22.2696
22.2696
22.2696
22.2696
22.2696
22.2696
22.2696
22.2696
23.7709
23.7709
23.7709
23.7709
23.7709
23.7709
23.7709
23.7709
25.6247
25.6247
25.6247
25.6247
25.6247
25.6247
25.6247
25.6247
27.8279
27.8279
27.8279
27.8279
27.8279
27.8279
27.8279
27.8279
30.3501
30.3501
30.3501
30.3501
30.3501
30.3501
30.3501
30.3501
33.1233
33.1233
33.1233
33.1233
33.1233
33.1233
33.1233
33.1233
36.0341
36.0341
36.0341
36.0341
36.0341
36.0341
36.0341
36.0341
38.9204
38.9204
38.9204
38.9204
38.9204
38.9204
38.9204
38.9204
41.5784
41.5784
41.5784
41.5784
41.5784
41.5784
41.5784
41.5784
43.7821
43.7821
43.7821
43.7821
43.7821
43.7821
43.7821
43.7821
19.2984
19.2984
19.2984
19.2984
19.2984
19.2984
19.2984
19.2984
19.2441
19.2441
19.2441
19.2441
19.2441
19.2441
19.2441
19.2441
19.3596
19.3596
19.3596
19.3596
19.3596
19.3596
19.3596
19.3596
19.6841
19.6841
19.6841
19.6841
19.6841
19.6841
19.6841
19.6841
20.2547
20.2547
20.2547
20.2547
20.2547
20.2547
20.2547
20.2547
21.106
21.106
21.106
21.106
21.106
21.106
21.106
21.106
22.2696
22.2696
22.2696
22.2696
22.2696
22.2696
22.2696
22.2696
23.7709
23.7709
23.7709
23.7709
23.7709
23.7709
23.7709
23.7709
25.6247
25.6247
25.6247
25.6247
25.6247
25.6247
25.6247
25.6247
27.8279
27.8279
27.8279
27.8279
27.8279
27.8279
27.8279
27.8279
30.3501
30.3501
30.3501
30.3501
30.3501
30.3501
30.3501
30.3501
33.1233
33.1233
33.1233
33.1233
33.1233
33.1233
33.1233
33.1233
36.0341
36.0341
36.0341
36.0341
36.0341
36.0341
36.0341
36.0341
38.9204
38.9204
38.9204
38.9204
38.9204
38.9204
38.9204
38.9204
41.5784
41.5784
41.5784
41.5784
41.5784
41.5784
41.5784
41.5784
43.7821
43.7821
43.7821
43.7821
43.7821
43.7821
43.7821
43.7821
