8192
49.0732
49.0732
49.0732
49.0732
49.0732
49.0732
49.0732
49.0732
49.5721
49.5721
49.5721
49.5721
49.5721
49.5721
49.5721
49.5721
49.9332
49.9332
49.9332
49.9332
49.9332
49.9332
49.9332
49.9332
50.1967
50.1967
50.1967
50.1967
50.1967
50.1967
50.1967
50.1967
50.4145
50.4145
50.4145
50.4145
50.4145
50.4145
50.4145
50.4145
50.6431
50.6431
50.6431
50.6431
50.6431
50.6431
50.6431
50.6431
50.9366
50.9366
50.9366
50.9366
50.9366
50.9366
50.9366
50.9366
51.3401
51.3401
51.3401
51.3401
51.3401
51.3401
51.3401
51.3401
51.8849
51.8849
51.8849
51.8849
51.8849
51.8849
51.8849
51.8849
52.5828
52.5828
52.5828
52.5828
52.5828
52.5828
52.5828
52.5828
53.4233
53.4233
53.4233
53.4233
53.4233
53.4233
53.4233
53.4233
54.3695
54.3695
54.3695
54.3695
54.3695
54.3695
54.3695
54.3695
55.358
55.358
55.358
55.358
55.358
55.358
55.358
55.358
56.299
56.299
56.299
56.299
56.299
56.299
56.299
56.299
57.0805
57.0805
57.0805
57.0805
57.0805
57.0805
57.0805
57.0805
57.5775
57.5775
57.5775
57.5775
57.5775
57.5775
57.5775
57.5775
49.0732
49.0732
49.0732
49.0732
49.0732
49.0732
49.0732
49.0732
49.5721
49.5721
49.5721
49.5721
49.5721
49.5721
49.5721
49.5721
49.9332
49.9332
49.9332
49.9332
49.9332
49.9332
49.9332
49.9332
50.1967
50.1967
50.1967
50.1967
50.1967
50.1967
50.1967
50.1967
50.4145
50.4145
50.4145
50.4145
50.4145
50.4145
50.4145
50.4145
50.6431
50.6431
50.6431
50.6431
50.6431
50.6431
50.6431
50.6431
50.9366
50.9366
50.9366
50.9366
50.9366
50.9366
50.9366
50.9366
51.3401
51.3401
51.3401
51.3401
51.3401
51.3401
51.3401
51.3401
51.8849
51.8849
51.8849
51.8849
51.8849
51.8849
51.8849
51.8849
52.5828
52.5828
52.5828
52.5828
52.5828
52.5828
52.5828
52.5828
53.4233
53.4233
53.4233
53.4233
53.4233
53.4233
53.4233
53.4233
54.3695
54.3695
54.3695
54.3695
54.3695
54.3695
54.3695
54.3695
55.358
55.358
55.358
55.358
55.358
55.358
55.358
55.358
56.299
56.299
56.299
56.299
56.299
56.299
56.299
56.299
57.0805
57.0805
57.0805
57.0805
57.0805
57.0805
57.0805
57.0805
57.5775
57.5775
57.5775
57.5775
57.5775
57.5775
57.5775
57.5775
49.0732
49.0732
49.0732
49.0732
49.0732
49.0732
49.0732
49.0732
49.5721
49.5721
49.5721
49.5721
49.5721
49.5721
49.5721
49.5721
49.9332
49.9332
49.9332
49.9332
49.9332
49.9332
49.9332
49.9332
50.1967
50.1967
50.1967
50.1967
50.1967
50.1967
50.1967
50.1967
50.4145
50.4145
50.4145
50.4145
50.4145
50.4145
50.4145
50.4145
50.6431
50.6431
50.6431
50.6431
50.6431
50.6431
50.6431
50.6431
50.9366
50.9366
50.9366
50.9366
50.9366
50.9366
50.9366
50.9366
51.3401
51.3401
51.3401
51.3401
51.3401
51.3401
51.3401
51.3401
51.8849
51.8849
51.8849
51.8849
51.8849
51.8849
51.8849
51.8849
52.5828
52.5828
52.5828
52.5828
52.5828
52.5828
52.5828
52.5828
53.4233
53.4233
53.4233
53.4233
53.4233
53.4233
53.4233
53.4233
54.3695
54.3695
54.3695
54.3695
54.3695
54.3695
54.3695
54.3695
55.358
55.358
55.358
55.358
55.358
55.358
55.358
55.358
56.299
56.299
56.299
56.299
56.299
56.299
56.299
56.299
57.0805
57.0805
57.0805
57.0805
57.0805
57.0805
57.0805
57.0805
57.5775
57.5775
57.5775
57.5775
57.5775
57.5775
57.5775
57.5775
49.0732
49.0732
49.0732
49.0732
49.0732
49.0732
49.0732
49.0732
49.5721
49.5721
49.5721
49.5721
49.5721
49.5721
49.5721
49.5721
49.9332
49.9332
49.9332
49.9332
49.9332
49.9332
49.9332
49.9332
50.1967
50.1967
50.1967
50.1967
50.1967
50.1967
50.1967
50.1967
50.4145
50.4145
50.4145
50.4145
50.4145
50.4145
50.4145
50.4145
50.6431
50.6431
50.6431
50.6431
50.6431
50.6431
50.6431
50.6431
50.9366
50.9366
50.9366
50.9366
50.9366
50.9366
50.9366
50.9366
51.3401
51.3401
51.3401
51.3401
51.3401
51.3401
51.3401
51.3401
51.8849
51.8849
51.8849
51.8849
51.8849
51.8849
51.8849
51.8849
52.5828
52.5828
52.5828
52.5828
52.5828
52.5828
52.5828
52.5828
53.4233
53.4233
53.4233
53.4233
53.4233
53.4233
53.4233
53.4233
54.3695
54.3695
54.3695
54.3695
54.3695
54.3695
54.3695
54.3695
55.358
55.358
55.358
55.358
55.358
55.358
55.358
55.358
56.299
56.299
56.299
56.299
56.299
56.299
56.299
56.299
57.0805
57.0805
57.0805
57.0805
57.0805
57.0805
57.0805
57.0805
57.5775
57.5775
57.5775
57.5775
57.5775
57.5775
57.5775
57.5775
53.7806
53.7806
53.7806
53.7806
53.7806
53.7806
53.7806
53.7806
54.183
54.183
54.183
54.183
54.183
54.183
54.183
54.183
54.3985
54.3985
54.3985
54.3985
54.3985
54.3985
54.3985
54.3985
54.4678
54.4678
54.4678
54.4678
54.4678
54.4678
54.4678
54.4678
54.4458
54.4458
54.4458
54.4458
54.4458
54.4458
54.4458
54.4458
54.3922
54.3922
54.3922
54.3922
54.3922
54.3922
54.3922
54.3922
54.3646
54.3646
54.3646
54.3646
54.3646
54.3646
54.3646
54.3646
54.4121
54.4121
54.4121
54.4121
54.4121
54.4121
54.4121
54.4121
54.5691
54.5691
54.5691
54.5691
54.5691
54.5691
54.5691
54.5691
54.8511
54.8511
54.8511
54.8511
54.8511
54.8511
54.8511
54.8511
55.2514
55.2514
55.2514
55.2514
55.2514
55.2514
55.2514
55.2514
55.739
55.739
55.739
55.739
55.739
55.739
55.739
55.739
56.2576
56.2576
56.2576
56.2576
56.2576
56.2576
56.2576
56.2576
56.7291
56.7291
56.7291
56.7291
56.7291
56.7291
56.7291
56.7291
57.0557
57.0557
57.0557
57.0557
57.0557
57.0557
57.0557
57.0557
57.1299
57.1299
57.1299
57.1299
57.1299
57.1299
57.1299
57.1299
53.7806
53.7806
53.7806
53.7806
53.7806
53.7806
53.7806
53.7806
54.183
54.183
54.183
54.183
54.183
54.183
54.183
54.183
54.3985
54.3985
54.3985
54.3985
54.3985
54.3985
54.3985
54.3985
54.4678
54.4678
54.4678
54.4678
54.4678
54.4678
54.4678
54.4678
54.4458
54.4458
54.4458
54.4458
54.4458
54.4458
54.4458
54.4458
54.3922
54.3922
54.3922
54.3922
54.3922
54.3922
54.3922
54.3922
54.3646
54.3646
54.3646
54.3646
54.3646
54.3646
54.3646
54.3646
54.4121
54.4121
54.4121
54.4121
54.4121
54.4121
54.4121
54.4121
54.5691
54.5691
54.5691
54.5691
54.5691
54.5691
54.5691
54.5691
54.8511
54.8511
54.8511
54.8511
54.8511
54.8511
54.8511
54.8511
55.2514
55.2514
55.2514
55.2514
55.2514
55.2514
55.2514
55.2514
55.739
55.739
55.739
55.739
55.739
55.739
55.739
55.739
56.2576
56.2576
56.2576
56.2576
56.2576
56.2576
56.2576
56.2576
56.7291
56.7291
56.7291
56.7291
56.7291
56.7291
56.7291
56.7291
57.0557
57.0557
57.0557
57.0557
57.0557
57.0557
57.0557
57.0557
57.1299
57.1299
57.1299
57.1299
57.1299
57.1299
57.1299
57.1299
53.7806
53.7806
53.7806
53.7806
53.7806
53.7806
53.7806
53.7806
54.183
54.183
54.183
54.183
54.183
54.183
54.183
54.183
54.3985
54.3985
54.3985
54.3985
54.3985
54.3985
54.3985
54.3985
54.4678
54.4678
54.4678
54.4678
54.4678
54.4678
54.4678
54.4678
54.4458
54.4458
54.4458
54.4458
54.4458
54.4458
54.4458
54.4458
54.3922
54.3922
54.3922
54.3922
54.3922
54.3922
54.3922
54.3922
54.3646
54.3646
54.3646
54.3646
54.3646
54.3646
54.3646
54.3646
54.4121
54.4121
54.4121
54.4121
54.4121
54.4121
54.4121
54.4121
54.5691
54.5691
54.5691
54.5691
54.5691
54.5691
54.5691
54.5691
54.8511
54.8511
54.8511
54.8511
54.8511
54.8511
54.8511
54.8511
55.2514
55.2514
55.2514
55.2514
55.2514
55.2514
55.2514
55.2514
55.739
55.739
55.739
55.739
55.739
55.739
55.739
55.739
56.2576
56.2576
56.2576
56.2576
56.2576
56.2576
56.2576
56.2576
56.7291
56.7291
56.7291
56.7291
56.7291
56.7291
56.7291
56.7291
57.0557
57.0557
57.0557
57.0557
57.0557
57.0557
57.0557
57.0557
57.1299
57.1299
57.1299
57.1299
57.1299
57.1299
57.1299
57.1299
53.7806
53.7806
53.7806
53.7806
53.7806
53.7806
53.7806
53.7806
54.183
54.183
54.183
54.183
54.183
54.183
54.183
54.183
54.3985
54.3985
54.3985
54.3985
54.3985
54.3985
54.3985
54.3985
54.4678
54.4678
54.4678
54.4678
54.4678
54.4678
54.4678
54.4678
54.4458
54.4458
54.4458
54.4458
54.4458
54.4458
54.4458
54.4458
54.3922
54.3922
54.3922
54.3922
54.3922
54.3922
54.3922
54.3922
54.3646
54.3646
54.3646
54.3646
54.3646
54.3646
54.3646
54.3646
54.4121
54.4121
54.4121
54.4121
54.4121
54.4121
54.4121
54.4121
54.5691
54.5691
54.5691
54.5691
54.5691
54.5691
54.5691
54.5691
54.8511
54.8511
54.8511
54.8511
54.8511
54.8511
54.8511
54.8511
55.2514
55.2514
55.2514
55.2514
55.2514
55.2514
55.2514
55.2514
55.739
55.739
55.739
55.739
55.739
55.739
55.739
55.739
56.2576
56.2576
56.2576
56.2576
56.2576
56.2576
56.2576
56.2576
56.7291
56.7291
56.7291
56.7291
56.7291
56.7291
56.7291
56.7291
57.0557
57.0557
57.0557
57.0557
57.0557
57.0557
57.0557
57.0557
57.1299
57.1299
57.1299
57.1299
57.1299
57.1299
57.1299
57.1299
58.9706
58.9706
58.9706
58.9706
58.9706
58.9706
58.9706
58.9706
59.2278
59.2278
59.2278
59.2278
59.2278
59.2278
59.2278
59.2278
59.2273
59.2273
59.2273
59.2273
59.2273
59.2273
59.2273
59.2273
59.013
59.013
59.013
59.013
59.013
59.013
59.013
59.013
58.6454
58.6454
58.6454
58.6454
58.6454
58.6454
58.6454
58.6454
58.1915
58.1915
58.1915
58.1915
58.1915
58.1915
58.1915
58.1915
57.7178
57.7178
57.7178
57.7178
57.7178
57.7178
57.7178
57.7178
57.2811
57.2811
57.2811
57.2811
57.2811
57.2811
57.2811
57.2811
56.9246
56.9246
56.9246
56.9246
56.9246
56.9246
56.9246
56.9246
56.6713
56.6713
56.6713
56.6713
56.6713
56.6713
56.6713
56.6713
56.5239
56.5239
56.5239
56.5239
56.5239
56.5239
56.5239
56.5239
56.4605
56.4605
56.4605
56.4605
56.4605
56.4605
56.4605
56.4605
56.4381
56.4381
56.4381
56.4381
56.4381
56.4381
56.4381
56.4381
56.392
56.392
56.392
56.392
56.392
56.392
56.392
56.392
56.2429
56.2429
56.2429
56.2429
56.2429
56.2429
56.2429
56.2429
55.901
55.901
55.901
55.901
55.901
55.901
55.901
55.901
58.9706
58.9706
58.9706
58.9706
58.9706
58.9706
58.9706
58.9706
59.2278
59.2278
59.2278
59.2278
59.2278
59.2278
59.2278
59.2278
59.2273
59.2273
59.2273
59.2273
59.2273
59.2273
59.2273
59.2273
59.013
59.013
59.013
59.013
59.013
59.013
59.013
59.013
58.6454
58.6454
58.6454
58.6454
58.6454
58.6454
58.6454
58.6454
58.1915
58.1915
58.1915
58.1915
58.1915
58.1915
58.1915
58.1915
57.7178
57.7178
57.7178
57.7178
57.7178
57.7178
57.7178
57.7178
57.2811
57.2811
57.2811
57.2811
57.2811
57.2811
57.2811
57.2811
56.9246
56.9246
56.9246
56.9246
56.9246
56.9246
56.9246
56.9246
56.6713
56.6713
56.6713
56.6713
56.6713
56.6713
56.6713
56.6713
56.5239
56.5239
56.5239
56.5239
56.5239
56.5239
56.5239
56.5239
56.4605
56.4605
56.4605
56.4605
56.4605
56.4605
56.4605
56.4605
56.4381
56.4381
56.4381
56.4381
56.4381
56.4381
56.4381
56.4381
56.392
56.392
56.392
56.392
56.392
56.392
56.392
56.392
56.2429
56.2429
56.2429
56.2429
56.2429
56.2429
56.2429
56.2429
55.901
55.901
55.901
55.901
55.901
55.901
55.901
55.901
58.9706
58.9706
58.9706
58.9706
58.9706
58.9706
58.9706
58.9706
59.2278
59.2278
59.2278
59.2278
59.2278
59.2278
59.2278
59.2278
59.2273
59.2273
59.2273
59.2273
59.2273
59.2273
59.2273
59.2273
59.013
59.013
59.013
59.013
59.013
59.013
59.013
59.013
58.6454
58.6454
58.6454
58.6454
58.6454
58.6454
58.6454
58.6454
58.1915
58.1915
58.1915
58.1915
58.1915
58.1915
58.1915
58.1915
57.7178
57.7178
57.7178
57.7178
57.7178
57.7178
57.7178
57.7178
57.2811
57.2811
57.2811
57.2811
57.2811
57.2811
57.2811
57.2811
56.9246
56.9246
56.9246
56.9246
56.9246
56.9246
56.9246
56.9246
56.6713
56.6713
56.6713
56.6713
56.6713
56.6713
56.6713
56.6713
56.5239
56.5239
56.5239
56.5239
56.5239
56.5239
56.5239
56.5239
56.4605
56.4605
56.4605
56.4605
56.4605
56.4605
56.4605
56.4605
56.4381
56.4381
56.4381
56.4381
56.4381
56.4381
56.4381
56.4381
56.392
56.392
56.392
56.392
56.392
56.392
56.392
56.392
56.2429
56.2429
56.2429
56.2429
56.2429
56.2429
56.2429
56.2429
55.901
55.901
55.901
55.901
55.901
55.901
55.901
55.901
58.9706
58.9706
58.9706
58.9706
58.9706
58.9706
58.9706
58.9706
59.2278
59.2278
59.2278
59.2278
59.2278
59.2278
59.2278
59.2278
59.2273
59.2273
59.2273
59.2273
59.2273
59.2273
59.2273
59.2273
59.013
59.013
59.013
59.013
59.013
59.013
59.013
59.013
58.6454
58.6454
58.6454
58.6454
58.6454
58.6454
58.6454
58.6454
58.1915
58.1915
58.1915
58.1915
58.1915
58.1915
58.1915
58.1915
57.7178
57.7178
57.7178
57.7178
57.7178
57.7178
57.7178
57.7178
57.2811
57.2811
57.2811
57.2811
57.2811
57.2811
57.2811
57.2811
56.9246
56.9246
56.9246
56.9246
56.9246
56.9246
56.9246
56.9246
56.6713
56.6713
56.6713
56.6713
56.6713
56.6713
56.6713
56.6713
56.5239
56.5239
56.5239
56.5239
56.5239
56.5239
56.5239
56.5239
56.4605
56.4605
56.4605
56.4605
56.4605
56.4605
56.4605
56.4605
56.4381
56.4381
56.4381
56.4381
56.4381
56.4381
56.4381
56.4381
56.392
56.392
56.392
56.392
56.392
56.392
56.392
56.392
56.2429
56.2429
56.2429
56.2429
56.2429
56.2429
56.2429
56.2429
55.901
55.901
55.901
55.901
55.901
55.901
55.901
55.901
64.3844
64.3844
64.3844
64.3844
64.3844
64.3844
64.3844
64.3844
64.4547
64.4547
64.4547
64.4547
64.4547
64.4547
64.4547
64.4547
64.1735
64.1735
64.1735
64.1735
64.1735
64.1735
64.1735
64.1735
63.5911
63.5911
63.5911
63.5911
63.5911
63.5911
63.5911
63.5911
62.7777
62.7777
62.7777
62.7777
62.7777
62.7777
62.7777
62.7777
61.8131
61.8131
61.8131
61.8131
61.8131
61.8131
61.8131
61.8131
60.7773
60.7773
60.7773
60.7773
60.7773
60.7773
60.7773
60.7773
59.7422
59.7422
59.7422
59.7422
59.7422
59.7422
59.7422
59.7422
58.7641
58.7641
58.7641
58.7641
58.7641
58.7641
58.7641
58.7641
57.8796
57.8796
57.8796
57.8796
57.8796
57.8796
57.8796
57.8796
57.1041
57.1041
57.1041
57.1041
57.1041
57.1041
57.1041
57.1041
56.4299
56.4299
56.4299
56.4299
56.4299
56.4299
56.4299
56.4299
55.8279
55.8279
55.8279
55.8279
55.8279
55.8279
55.8279
55.8279
55.2503
55.2503
55.2503
55.2503
55.2503
55.2503
55.2503
55.2503
54.6348
54.6348
54.6348
54.6348
54.6348
54.6348
54.6348
54.6348
53.91
53.91
53.91
53.91
53.91
53.91
53.91
53.91
64.3844
64.3844
64.3844
64.3844
64.3844
64.3844
64.3844
64.3844
64.4547
64.4547
64.4547
64.4547
64.4547
64.4547
64.4547
64.4547
64.1735
64.1735
64.1735
64.1735
64.1735
64.1735
64.1735
64.1735
63.5911
63.5911
63.5911
63.5911
63.5911
63.5911
63.5911
63.5911
62.7777
62.7777
62.7777
62.7777
62.7777
62.7777
62.7777
62.7777
61.8131
61.8131
61.8131
61.8131
61.8131
61.8131
61.8131
61.8131
60.7773
60.7773
60.7773
60.7773
60.7773
60.7773
60.7773
60.7773
59.7422
59.7422
59.7422
59.7422
59.7422
59.7422
59.7422
59.7422
58.7641
58.7641
58.7641
58.7641
58.7641
58.7641
58.7641
58.7641
57.8796
57.8796
57.8796
57.8796
57.8796
57.8796
57.8796
57.8796
57.1041
57.1041
57.1041
57.1041
57.1041
57.1041
57.1041
57.1041
56.4299
56.4299
56.4299
56.4299
56.4299
56.4299
56.4299
56.4299
55.8279
55.8279
55.8279
55.8279
55.8279
55.8279
55.8279
55.8279
55.2503
55.2503
55.2503
55.2503
55.2503
55.2503
55.2503
55.2503
54.6348
54.6348
54.6348
54.6348
54.6348
54.6348
54.6348
54.6348
53.91
53.91
53.91
53.91
53.91
53.91
53.91
53.91
64.3844
64.3844
64.3844
64.3844
64.3844
64.3844
64.3844
64.3844
64.4547
64.4547
64.4547
64.4547
64.4547
64.4547
64.4547
64.4547
64.1735
64.1735
64.1735
64.1735
64.1735
64.1735
64.1735
64.1735
63.5911
63.5911
63.5911
63.5911
63.5911
63.5911
63.5911
63.5911
62.7777
62.7777
62.7777
62.7777
62.7777
62.7777
62.7777
62.7777
61.8131
61.8131
61.8131
61.8131
61.8131
61.8131
61.8131
61.8131
60.7773
60.7773
60.7773
60.7773
60.7773
60.7773
60.7773
60.7773
59.7422
59.7422
59.7422
59.7422
59.7422
59.7422
59.7422
59.7422
58.7641
58.7641
58.7641
58.7641
58.7641
58.7641
58.7641
58.7641
57.8796
57.8796
57.8796
57.8796
57.8796
57.8796
57.8796
57.8796
57.1041
57.1041
57.1041
57.1041
57.1041
57.1041
57.1041
57.1041
56.4299
56.4299
56.4299
56.4299
56.4299
56.4299
56.4299
56.4299
55.8279
55.8279
55.8279
55.8279
55.8279
55.8279
55.8279
55.8279
55.2503
55.2503
55.2503
55.2503
55.2503
55.2503
55.2503
55.2503
54.6348
54.6348
54.6348
54.6348
54.6348
54.6348
54.6348
54.6348
53.91
53.91
53.91
53.91
53.91
53.91
53.91
53.91
64.3844
64.3844
64.3844
64.3844
64.3844
64.3844
64.3844
64.3844
64.4547
64.4547
64.4547
64.4547
64.4547
64.4547
64.4547
64.4547
64.1735
64.1735
64.1735
64.1735
64.1735
64.1735
64.1735
64.1735
63.5911
63.5911
63.5911
63.5911
63.5911
63.5911
63.5911
63.5911
62.7777
62.7777
62.7777
62.7777
62.7777
62.7777
62.7777
62.7777
61.8131
61.8131
61.8131
61.8131
61.8131
61.8131
61.8131
61.8131
60.7773
60.7773
60.7773
60.7773
60.7773
60.7773
60.7773
60.7773
59.7422
59.7422
59.7422
59.7422
59.7422
59.7422
59.7422
59.7422
58.7641
58.7641
58.7641
58.7641
58.7641
58.7641
58.7641
58.7641
57.8796
57.8796
57.8796
57.8796
57.8796
57.8796
57.8796
57.8796
57.1041
57.1041
57.1041
57.1041
57.1041
57.1041
57.1041
57.1041
56.4299
56.4299
56.4299
56.4299
56.4299
56.4299
56.4299
56.4299
55.8279
55.8279
55.8279
55.8279
55.8279
55.8279
55.8279
55.8279
55.2503
55.2503
55.2503
55.2503
55.2503
55.2503
55.2503
55.2503
54.6348
54.6348
54.6348
54.6348
54.6348
54.6348
54.6348
54.6348
53.91
53.91
53.91
53.91
53.91
53.91
53.91
53.91
69.6531
69.6531
69.6531
69.6531
69.6531
69.6531
69.6531
69.6531
69.5115
69.5115
69.5115
69.5115
69.5115
69.5115
69.5115
69.5115
68.9027
68.9027
68.9027
68.9027
68.9027
68.9027
68.9027
68.9027
67.8866
67.8866
67.8866
67.8866
67.8866
67.8866
67.8866
67.8866
66.5473
66.5473
66.5473
66.5473
66.5473
66.5473
66.5473
66.5473
64.9843
64.9843
64.9843
64.9843
64.9843
64.9843
64.9843
64.9843
63.2979
63.2979
63.2979
63.2979
63.2979
63.2979
63.2979
63.2979
61.5805
61.5805
61.5805
61.5805
61.5805
61.5805
61.5805
61.5805
59.9078
59.9078
59.9078
59.9078
59.9078
59.9078
59.9078
59.9078
58.3348
58.3348
58.3348
58.3348
58.3348
58.3348
58.3348
58.3348
56.8926
56.8926
56.8926
56.8926
56.8926
56.8926
56.8926
56.8926
55.5886
55.5886
55.5886
55.5886
55.5886
55.5886
55.5886
55.5886
54.41
54.41
54.41
54.41
54.41
54.41
54.41
54.41
53.3239
53.3239
53.3239
53.3239
53.3239
53.3239
53.3239
53.3239
52.2831
52.2831
52.2831
52.2831
52.2831
52.2831
52.2831
52.2831
51.2316
51.2316
51.2316
51.2316
51.2316
51.2316
51.2316
51.2316
69.6531
69.6531
69.6531
69.6531
69.6531
69.6531
69.6531
69.6531
69.5115
69.5115
69.5115
69.5115
69.5115
69.5115
69.5115
69.5115
68.9027
68.9027
68.9027
68.9027
68.9027
68.9027
68.9027
68.9027
67.8866
67.8866
67.8866
67.8866
67.8866
67.8866
67.8866
67.8866
66.5473
66.5473
66.5473
66.5473
66.5473
66.5473
66.5473
66.5473
64.9843
64.9843
64.9843
64.9843
64.9843
64.9843
64.9843
64.9843
63.2979
63.2979
63.2979
63.2979
63.2979
63.2979
63.2979
63.2979
61.5805
61.5805
61.5805
61.5805
61.5805
61.5805
61.5805
61.5805
59.9078
59.9078
59.9078
59.9078
59.9078
59.9078
59.9078
59.9078
58.3348
58.3348
58.3348
58.3348
58.3348
58.3348
58.3348
58.3348
56.8926
56.8926
56.8926
56.8926
56.8926
56.8926
56.8926
56.8926
55.5886
55.5886
55.5886
55.5886
55.5886
55.5886
55.5886
55.5886
54.41
54.41
54.41
54.41
54.41
54.41
54.41
54.41
53.3239
53.3239
53.3239
53.3239
53.3239
53.3239
53.3239
53.3239
52.2831
52.2831
52.2831
52.2831
52.2831
52.2831
52.2831
52.2831
51.2316
51.2316
51.2316
51.2316
51.2316
51.2316
51.2316
51.2316
69.6531
69.6531
69.6531
69.6531
69.6531
69.6531
69.6531
69.6531
69.5115
69.5115
69.5115
69.5115
69.5115
69.5115
69.5115
69.5115
68.9027
68.9027
68.9027
68.9027
68.9027
68.9027
68.9027
68.9027
67.8866
67.8866
67.8866
67.8866
67.8866
67.8866
67.8866
67.8866
66.5473
66.5473
66.5473
66.5473
66.5473
66.5473
66.5473
66.5473
64.9843
64.9843
64.9843
64.9843
64.9843
64.9843
64.9843
64.9843
63.2979
63.2979
63.2979
63.2979
63.2979
63.2979
63.2979
63.2979
61.5805
61.5805
61.5805
61.5805
61.5805
61.5805
61.5805
61.5805
59.9078
59.9078
59.9078
59.9078
59.9078
59.9078
59.9078
59.9078
58.3348
58.3348
58.3348
58.3348
58.3348
58.3348
58.3348
58.3348
56.8926
56.8926
56.8926
56.8926
56.8926
56.8926
56.8926
56.8926
55.5886
55.5886
55.5886
55.5886
55.5886
55.5886
55.5886
55.5886
54.41
54.41
54.41
54.41
54.41
54.41
54.41
54.41
53.3239
53.3239
53.3239
53.3239
53.3239
53.3239
53.3239
53.3239
52.2831
52.2831
52.2831
52.2831
52.2831
52.2831
52.2831
52.2831
51.2316
51.2316
51.2316
51.2316
51.2316
51.2316
51.2316
51.2316
69.6531
69.6531
69.6531
69.6531
69.6531
69.6531
69.6531
69.6531
69.5115
69.5115
69.5115
69.5115
69.5115
69.5115
69.5115
69.5115
68.9027
68.9027
68.9027
68.9027
68.9027
68.9027
68.9027
68.9027
67.8866
67.8866
67.8866
67.8866
67.8866
67.8866
67.8866
67.8866
66.5473
66.5473
66.5473
66.5473
66.5473
66.5473
66.5473
66.5473
64.9843
64.9843
64.9843
64.9843
64.9843
64.9843
64.9843
64.9843
63.2979
63.2979
63.2979
63.2979
63.2979
63.2979
63.2979
63.2979
61.5805
61.5805
61.5805
61.5805
61.5805
61.5805
61.5805
61.5805
59.9078
59.9078
59.9078
59.9078
59.9078
59.9078
59.9078
59.9078
58.3348
58.3348
58.3348
58.3348
58.3348
58.3348
58.3348
58.3348
56.8926
56.8926
56.8926
56.8926
56.8926
56.8926
56.8926
56.8926
55.5886
55.5886
55.5886
55.5886
55.5886
55.5886
55.5886
55.5886
54.41
54.41
54.41
54.41
54.41
54.41
54.41
54.41
53.3239
53.3239
53.3239
53.3239
53.3239
53.3239
53.3239
53.3239
52.2831
52.2831
52.2831
52.2831
52.2831
52.2831
52.2831
52.2831
51.2316
51.2316
51.2316
51.2316
51.2316
51.2316
51.2316
51.2316
74.3206
74.3206
74.3206
74.3206
74.3206
74.3206
74.3206
74.3206
73.968
73.968
73.968
73.968
73.968
73.968
73.968
73.968
73.0146
73.0146
73.0146
73.0146
73.0146
73.0146
73.0146
73.0146
71.5322
71.5322
71.5322
71.5322
71.5322
71.5322
71.5322
71.5322
69.6252
69.6252
69.6252
69.6252
69.6252
69.6252
69.6252
69.6252
67.4168
67.4168
67.4168
67.4168
67.4168
67.4168
67.4168
67.4168
65.0355
65.0355
65.0355
65.0355
65.0355
65.0355
65.0355
65.0355
62.5998
62.5998
62.5998
62.5998
62.5998
62.5998
62.5998
62.5998
60.2097
60.2097
60.2097
60.2097
60.2097
60.2097
60.2097
60.2097
57.9411
57.9411
57.9411
57.9411
57.9411
57.9411
57.9411
57.9411
55.8433
55.8433
55.8433
55.8433
55.8433
55.8433
55.8433
55.8433
53.9392
53.9392
53.9392
53.9392
53.9392
53.9392
53.9392
53.9392
52.229
52.229
52.229
52.229
52.229
52.229
52.229
52.229
50.6927
50.6927
50.6927
50.6927
50.6927
50.6927
50.6927
50.6927
49.2953
49.2953
49.2953
49.2953
49.2953
49.2953
49.2953
49.2953
47.9904
47.9904
47.9904
47.9904
47.9904
47.9904
47.9904
47.9904
74.3206
74.3206
74.3206
74.3206
74.3206
74.3206
74.3206
74.3206
73.968
73.968
73.968
73.968
73.968
73.968
73.968
73.968
73.0146
73.0146
73.0146
73.0146
73.0146
73.0146
73.0146
73.0146
71.5322
71.5322
71.5322
71.5322
71.5322
71.5322
71.5322
71.5322
69.6252
69.6252
69.6252
69.6252
69.6252
69.6252
69.6252
69.6252
67.4168
67.4168
67.4168
67.4168
67.4168
67.4168
67.4168
67.4168
65.0355
65.0355
65.0355
65.0355
65.0355
65.0355
65.0355
65.0355
62.5998
62.5998
62.5998
62.5998
62.5998
62.5998
62.5998
62.5998
60.2097
60.2097
60.2097
60.2097
60.2097
60.2097
60.2097
60.2097
57.9411
57.9411
57.9411
57.9411
57.9411
57.9411
57.9411
57.9411
55.8433
55.8433
55.8433
55.8433
55.8433
55.8433
55.8433
55.8433
53.9392
53.9392
53.9392
53.9392
53.9392
53.9392
53.9392
53.9392
52.229
52.229
52.229
52.229
52.229
52.229
52.229
52.229
50.6927
50.6927
50.6927
50.6927
50.6927
50.6927
50.6927
50.6927
49.2953
49.2953
49.2953
49.2953
49.2953
49.2953
49.2953
49.2953
47.9904
47.9904
47.9904
47.9904
47.9904
47.9904
47.9904
47.9904
74.3206
74.3206
74.3206
74.3206
74.3206
74.3206
74.3206
74.3206
73.968
73.968
73.968
73.968
73.968
73.968
73.968
73.968
73.0146
73.0146
73.0146
73.0146
73.0146
73.0146
73.0146
73.0146
71.5322
71.5322
71.5322
71.5322
71.5322
71.5322
71.5322
71.5322
69.6252
69.6252
69.6252
69.6252
69.6252
69.6252
69.6252
69.6252
67.4168
67.4168
67.4168
67.4168
67.4168
67.4168
67.4168
67.4168
65.0355
65.0355
65.0355
65.0355
65.0355
65.0355
65.0355
65.0355
62.5998
62.5998
62.5998
62.5998
62.5998
62.5998
62.5998
62.5998
60.2097
60.2097
60.2097
60.2097
60.2097
60.2097
60.2097
60.2097
57.9411
57.9411
57.9411
57.9411
57.9411
57.9411
57.9411
57.9411
55.8433
55.8433
55.8433
55.8433
55.8433
55.8433
55.8433
55.8433
53.9392
53.9392
53.9392
53.9392
53.9392
53.9392
53.9392
53.9392
52.229
52.229
52.229
52.229
52.229
52.229
52.229
52.229
50.6927
50.6927
50.6927
50.6927
50.6927
50.6927
50.6927
50.6927
49.2953
49.2953
49.2953
49.2953
49.2953
49.2953
49.2953
49.2953
47.9904
47.9904
47.9904
47.9904
47.9904
47.9904
47.9904
47.9904
74.3206
74.3206
74.3206
74.3206
74.3206
74.3206
74.3206
74.3206
73.968
73.968
73.968
73.968
73.968
73.968
73.968
73.968
73.0146
73.0146
73.0146
73.0146
73.0146
73.0146
73.0146
73.0146
71.5322
71.5322
71.5322
71.5322
71.5322
71.5322
71.5322
71.5322
69.6252
69.6252
69.6252
69.6252
69.6252
69.6252
69.6252
69.6252
67.4168
67.4168
67.4168
67.4168
67.4168
67.4168
67.4168
67.4168
65.0355
65.0355
65.0355
65.0355
65.0355
65.0355
65.0355
65.0355
62.5998
62.5998
62.5998
62.5998
62.5998
62.5998
62.5998
62.5998
60.2097
60.2097
60.2097
60.2097
60.2097
60.2097
60.2097
60.2097
57.9411
57.9411
57.9411
57.9411
57.9411
57.9411
57.9411
57.9411
55.8433
55.8433
55.8433
55.8433
55.8433
55.8433
55.8433
55.8433
53.9392
53.9392
53.9392
53.9392
53.9392
53.9392
53.9392
53.9392
52.229
52.229
52.229
52.229
52.229
52.229
52.229
52.229
50.6927
50.6927
50.6927
50.6927
50.6927
50.6927
50.6927
50.6927
49.2953
49.2953
49.2953
49.2953
49.2953
49.2953
49.2953
49.2953
47.9904
47.9904
47.9904
47.9904
47.9904
47.9904
47.9904
47.9904
77.8976
77.8976
77.8976
77.8976
77.8976
77.8976
77.8976
77.8976
77.3669
77.3669
77.3669
77.3669
77.3669
77.3669
77.3669
77.3669
76.0923
76.0923
76.0923
76.0923
76.0923
76.0923
76.0923
76.0923
74.1581
74.1581
74.1581
74.1581
74.1581
74.1581
74.1581
74.1581
71.692
71.692
71.692
71.692
71.692
71.692
71.692
71.692
68.8479
68.8479
68.8479
68.8479
68.8479
68.8479
68.8479
68.8479
65.7853
65.7853
65.7853
65.7853
65.7853
65.7853
65.7853
65.7853
62.6545
62.6545
62.6545
62.6545
62.6545
62.6545
62.6545
62.6545
59.5826
59.5826
59.5826
59.5826
59.5826
59.5826
59.5826
59.5826
56.6682
56.6682
56.6682
56.6682
56.6682
56.6682
56.6682
56.6682
53.9777
53.9777
53.9777
53.9777
53.9777
53.9777
53.9777
53.9777
51.548
51.548
51.548
51.548
51.548
51.548
51.548
51.548
49.3895
49.3895
49.3895
49.3895
49.3895
49.3895
49.3895
49.3895
47.4906
47.4906
47.4906
47.4906
47.4906
47.4906
47.4906
47.4906
45.8233
45.8233
45.8233
45.8233
45.8233
45.8233
45.8233
45.8233
44.3476
44.3476
44.3476
44.3476
44.3476
44.3476
44.3476
44.3476
77.8976
77.8976
77.8976
77.8976
77.8976
77.8976
77.8976
77.8976
77.3669
77.3669
77.3669
77.3669
77.3669
77.3669
77.3669
77.3669
76.0923
76.0923
76.0923
76.0923
76.0923
76.0923
76.0923
76.0923
74.1581
74.1581
74.1581
74.1581
74.1581
74.1581
74.1581
74.1581
71.692
71.692
71.692
71.692
71.692
71.692
71.692
71.692
68.8479
68.8479
68.8479
68.8479
68.8479
68.8479
68.8479
68.8479
65.7853
65.7853
65.7853
65.7853
65.7853
65.7853
65.7853
65.7853
62.6545
62.6545
62.6545
62.6545
62.6545
62.6545
62.6545
62.6545
59.5826
59.5826
59.5826
59.5826
59.5826
59.5826
59.5826
59.5826
56.6682
56.6682
56.6682
56.6682
56.6682
56.6682
56.6682
56.6682
53.9777
53.9777
53.9777
53.9777
53.9777
53.9777
53.9777
53.9777
51.548
51.548
51.548
51.548
51.548
51.548
51.548
51.548
49.3895
49.3895
49.3895
49.3895
49.3895
49.3895
49.3895
49.3895
47.4906
47.4906
47.4906
47.4906
47.4906
47.4906
47.4906
47.4906
45.8233
45.8233
45.8233
45.8233
45.8233
45.8233
45.8233
45.8233
44.3476
44.3476
44.3476
44.3476
44.3476
44.3476
44.3476
44.3476
77.8976
77.8976
77.8976
77.8976
77.8976
77.8976
77.8976
77.8976
77.3669
77.3669
77.3669
77.3669
77.3669
77.3669
77.3669
77.3669
76.0923
76.0923
76.0923
76.0923
76.0923
76.0923
76.0923
76.0923
74.1581
74.1581
74.1581
74.1581
74.1581
74.1581
74.1581
74.1581
71.692
71.692
71.692
71.692
71.692
71.692
71.692
71.692
68.8479
68.8479
68.8479
68.8479
68.8479
68.8479
68.8479
68.8479
65.7853
65.7853
65.7853
65.7853
65.7853
65.7853
65.7853
65.7853
62.6545
62.6545
62.6545
62.6545
62.6545
62.6545
62.6545
62.6545
59.5826
59.5826
59.5826
59.5826
59.5826
59.5826
59.5826
59.5826
56.6682
56.6682
56.6682
56.6682
56.6682
56.6682
56.6682
56.6682
53.9777
53.9777
53.9777
53.9777
53.9777
53.9777
53.9777
53.9777
51.548
51.548
51.548
51.548
51.548
51.548
51.548
51.548
49.3895
49.3895
49.3895
49.3895
49.3895
49.3895
49.3895
49.3895
47.4906
47.4906
47.4906
47.4906
47.4906
47.4906
47.4906
47.4906
45.8233
45.8233
45.8233
45.8233
45.8233
45.8233
45.8233
45.8233
44.3476
44.3476
44.3476
44.3476
44.3476
44.3476
44.3476
44.3476
77.8976
77.8976
77.8976
77.8976
77.8976
77.8976
77.8976
77.8976
77.3669
77.3669
77.3669
77.3669
77.3669
77.3669
77.3669
77.3669
76.0923
76.0923
76.0923
76.0923
76.0923
76.0923
76.0923
76.0923
74.1581
74.1581
74.1581
74.1581
74.1581
74.1581
74.1581
74.1581
71.692
71.692
71.692
71.692
71.692
71.692
71.692
71.692
68.8479
68.8479
68.8479
68.8479
68.8479
68.8479
68.8479
68.8479
65.7853
65.7853
65.7853
65.7853
65.7853
65.7853
65.7853
65.7853
62.6545
62.6545
62.6545
62.6545
62.6545
62.6545
62.6545
62.6545
59.5826
59.5826
59.5826
59.5826
59.5826
59.5826
59.5826
59.5826
56.6682
56.6682
56.6682
56.6682
56.6682
56.6682
56.6682
56.6682
53.9777
53.9777
53.9777
53.9777
53.9777
53.9777
53.9777
53.9777
51.548
51.548
51.548
51.548
51.548
51.548
51.548
51.548
49.3895
49.3895
49.3895
49.3895
49.3895
49.3895
49.3895
49.3895
47.4906
47.4906
47.4906
47.4906
47.4906
47.4906
47.4906
47.4906
45.8233
45.8233
45.8233
45.8233
45.8233
45.8233
45.8233
45.8233
44.3476
44.3476
44.3476
44.3476
44.3476
44.3476
44.3476
44.3476
79.9421
79.9421
79.9421
79.9421
79.9421
79.9421
79.9421
79.9421
79.2992
79.2992
79.2992
79.2992
79.2992
79.2992
79.2992
79.2992
77.7691
77.7691
77.7691
77.7691
77.7691
77.7691
77.7691
77.7691
75.4498
75.4498
75.4498
75.4498
75.4498
75.4498
75.4498
75.4498
72.4931
72.4931
72.4931
72.4931
72.4931
72.4931
72.4931
72.4931
69.0845
69.0845
69.0845
69.0845
69.0845
69.0845
69.0845
69.0845
65.4183
65.4183
65.4183
65.4183
65.4183
65.4183
65.4183
65.4183
61.6777
61.6777
61.6777
61.6777
61.6777
61.6777
61.6777
61.6777
58.0181
58.0181
58.0181
58.0181
58.0181
58.0181
58.0181
58.0181
54.5599
54.5599
54.5599
54.5599
54.5599
54.5599
54.5599
54.5599
51.3851
51.3851
51.3851
51.3851
51.3851
51.3851
51.3851
51.3851
48.541
48.541
48.541
48.541
48.541
48.541
48.541
48.541
46.0444
46.0444
46.0444
46.0444
46.0444
46.0444
46.0444
46.0444
43.8881
43.8881
43.8881
43.8881
43.8881
43.8881
43.8881
43.8881
42.0468
42.0468
42.0468
42.0468
42.0468
42.0468
42.0468
42.0468
40.4829
40.4829
40.4829
40.4829
40.4829
40.4829
40.4829
40.4829
79.9421
79.9421
79.9421
79.9421
79.9421
79.9421
79.9421
79.9421
79.2992
79.2992
79.2992
79.2992
79.2992
79.2992
79.2992
79.2992
77.7691
77.7691
77.7691
77.7691
77.7691
77.7691
77.7691
77.7691
75.4498
75.4498
75.4498
75.4498
75.4498
75.4498
75.4498
75.4498
72.4931
72.4931
72.4931
72.4931
72.4931
72.4931
72.4931
72.4931
69.0845
69.0845
69.0845
69.0845
69.0845
69.0845
69.0845
69.0845
65.4183
65.4183
65.4183
65.4183
65.4183
65.4183
65.4183
65.4183
61.6777
61.6777
61.6777
61.6777
61.6777
61.6777
61.6777
61.6777
58.0181
58.0181
58.0181
58.0181
58.0181
58.0181
58.0181
58.0181
54.5599
54.5599
54.5599
54.5599
54.5599
54.5599
54.5599
54.5599
51.3851
51.3851
51.3851
51.3851
51.3851
51.3851
51.3851
51.3851
48.541
48.541
48.541
48.541
48.541
48.541
48.541
48.541
46.0444
46.0444
46.0444
46.0444
46.0444
46.0444
46.0444
46.0444
43.8881
43.8881
43.8881
43.8881
43.8881
43.8881
43.8881
43.8881
42.0468
42.0468
42.0468
42.0468
42.0468
42.0468
42.0468
42.0468
40.4829
40.4829
40.4829
40.4829
40.4829
40.4829
40.4829
40.4829
79.9421
79.9421
79.9421
79.9421
79.9421
79.9421
79.9421
79.9421
79.2992
79.2992
79.2992
79.2992
79.2992
79.2992
79.2992
79.2992
77.7691
77.7691
77.7691
77.7691
77.7691
77.7691
77.7691
77.7691
75.4498
75.4498
75.4498
75.4498
75.4498
75.4498
75.4498
75.4498
72.4931
72.4931
72.4931
72.4931
72.4931
72.4931
72.4931
72.4931
69.0845
69.0845
69.0845
69.0845
69.0845
69.0845
69.0845
69.0845
65.4183
65.4183
65.4183
65.4183
65.4183
65.4183
65.4183
65.4183
61.6777
61.6777
61.6777
61.6777
61.6777
61.6777
61.6777
61.6777
58.0181
58.0181
58.0181
58.0181
58.0181
58.0181
58.0181
58.0181
54.5599
54.5599
54.5599
54.5599
54.5599
54.5599
54.5599
54.5599
51.3851
51.3851
51.3851
51.3851
51.3851
51.3851
51.3851
51.3851
48.541
48.541
48.541
48.541
48.541
48.541
48.541
48.541
46.0444
46.0444
46.0444
46.0444
46.0444
46.0444
46.0444
46.0444
43.8881
43.8881
43.8881
43.8881
43.8881
43.8881
43.8881
43.8881
42.0468
42.0468
42.0468
42.0468
42.0468
42.0468
42.0468
42.0468
40.4829
40.4829
40.4829
40.4829
40.4829
40.4829
40.4829
40.4829
79.9421
79.9421
79.9421
79.9421
79.9421
79.9421
79.9421
79.9421
79.2992
79.2992
79.2992
79.2992
79.2992
79.2992
79.2992
79.2992
77.7691
77.7691
77.7691
77.7691
77.7691
77.7691
77.7691
77.7691
75.4498
75.4498
75.4498
75.4498
75.4498
75.4498
75.4498
75.4498
72.4931
72.4931
72.4931
72.4931
72.4931
72.4931
72.4931
72.4931
69.0845
69.0845
69.0845
69.0845
69.0845
69.0845
69.0845
69.0845
65.4183
65.4183
65.4183
65.4183
65.4183
65.4183
65.4183
65.4183
61.6777
61.6777
61.6777
61.6777
61.6777
61.6777
61.6777
61.6777
58.0181
58.0181
58.0181
58.0181
58.0181
58.0181
58.0181
58.0181
54.5599
54.5599
54.5599
54.5599
54.5599
54.5599
54.5599
54.5599
51.3851
51.3851
51.3851
51.3851
51.3851
51.3851
51.3851
51.3851
48.541
48.541
48.541
48.541
48.541
48.541
48.541
48.541
46.0444
46.0444
46.0444
46.0444
46.0444
46.0444
46.0444
46.0444
43.8881
43.8881
43.8881
43.8881
43.8881
43.8881
43.8881
43.8881
42.0468
42.0468
42.0468
42.0468
42.0468
42.0468
42.0468
42.0468
40.4829
40.4829
40.4829
40.4829
40.4829
40.4829
40.4829
40.4829
80.1511
80.1511
80.1511
80.1511
80.1511
80.1511
80.1511
80.1511
79.4849
79.4849
79.4849
79.4849
79.4849
79.4849
79.4849
79.4849
77.8026
77.8026
77.8026
77.8026
77.8026
77.8026
77.8026
77.8026
75.2121
75.2121
75.2121
75.2121
75.2121
75.2121
75.2121
75.2121
71.8871
71.8871
71.8871
71.8871
71.8871
71.8871
71.8871
71.8871
68.0432
68.0432
68.0432
68.0432
68.0432
68.0432
68.0432
68.0432
63.9086
63.9086
63.9086
63.9086
63.9086
63.9086
63.9086
63.9086
59.6975
59.6975
59.6975
59.6975
59.6975
59.6975
59.6975
59.6975
55.5922
55.5922
55.5922
55.5922
55.5922
55.5922
55.5922
55.5922
51.7326
51.7326
51.7326
51.7326
51.7326
51.7326
51.7326
51.7326
48.2132
48.2132
48.2132
48.2132
48.2132
48.2132
48.2132
48.2132
45.0881
45.0881
45.0881
45.0881
45.0881
45.0881
45.0881
45.0881
42.377
42.377
42.377
42.377
42.377
42.377
42.377
42.377
40.0732
40.0732
40.0732
40.0732
40.0732
40.0732
40.0732
40.0732
38.1517
38.1517
38.1517
38.1517
38.1517
38.1517
38.1517
38.1517
36.5745
36.5745
36.5745
36.5745
36.5745
36.5745
36.5745
36.5745
80.1511
80.1511
80.1511
80.1511
80.1511
80.1511
80.1511
80.1511
79.4849
79.4849
79.4849
79.4849
79.4849
79.4849
79.4849
79.4849
77.8026
77.8026
77.8026
77.8026
77.8026
77.8026
77.8026
77.8026
75.2121
75.2121
75.2121
75.2121
75.2121
75.2121
75.2121
75.2121
71.8871
71.8871
71.8871
71.8871
71.8871
71.8871
71.8871
71.8871
68.0432
68.0432
68.0432
68.0432
68.0432
68.0432
68.0432
68.0432
63.9086
63.9086
63.9086
63.9086
63.9086
63.9086
63.9086
63.9086
59.6975
59.6975
59.6975
59.6975
59.6975
59.6975
59.6975
59.6975
55.5922
55.5922
55.5922
55.5922
55.5922
55.5922
55.5922
55.5922
51.7326
51.7326
51.7326
51.7326
51.7326
51.7326
51.7326
51.7326
48.2132
48.2132
48.2132
48.2132
48.2132
48.2132
48.2132
48.2132
45.0881
45.0881
45.0881
45.0881
45.0881
45.0881
45.0881
45.0881
42.377
42.377
42.377
42.377
42.377
42.377
42.377
42.377
40.0732
40.0732
40.0732
40.0732
40.0732
40.0732
40.0732
40.0732
38.1517
38.1517
38.1517
38.1517
38.1517
38.1517
38.1517
38.1517
36.5745
36.5745
36.5745
36.5745
36.5745
36.5745
36.5745
36.5745
80.1511
80.1511
80.1511
80.1511
80.1511
80.1511
80.1511
80.1511
79.4849
79.4849
79.4849
79.4849
79.4849
79.4849
79.4849
79.4849
77.8026
77.8026
77.8026
77.8026
77.8026
77.8026
77.8026
77.8026
75.2121
75.2121
75.2121
75.2121
75.2121
75.2121
75.2121
75.2121
71.8871
71.8871
71.8871
71.8871
71.8871
71.8871
71.8871
71.8871
68.0432
68.0432
68.0432
68.0432
68.0432
68.0432
68.0432
68.0432
63.9086
63.9086
63.9086
63.9086
63.9086
63.9086
63.9086
63.9086
59.6975
59.6975
59.6975
59.6975
59.6975
59.6975
59.6975
59.6975
55.5922
55.5922
55.5922
55.5922
55.5922
55.5922
55.5922
55.5922
51.7326
51.7326
51.7326
51.7326
51.7326
51.7326
51.7326
51.7326
48.2132
48.2132
48.2132
48.2132
48.2132
48.2132
48.2132
48.2132
45.0881
45.0881
45.0881
45.0881
45.0881
45.0881
45.0881
45.0881
42.377
42.377
42.377
42.377
42.377
42.377
42.377
42.377
40.0732
40.0732
40.0732
40.0732
40.0732
40.0732
40.0732
40.0732
38.1517
38.1517
38.1517
38.1517
38.1517
38.1517
38.1517
38.1517
36.5745
36.5745
36.5745
36.5745
36.5745
36.5745
36.5745
36.5745
80.1511
80.1511
80.1511
80.1511
80.1511
80.1511
80.1511
80.1511
79.4849
79.4849
79.4849
79.4849
79.4849
79.4849
79.4849
79.4849
77.8026
77.8026
77.8026
77.8026
77.8026
77.8026
77.8026
77.8026
75.2121
75.2121
75.2121
75.2121
75.2121
75.2121
75.2121
75.2121
71.8871
71.8871
71.8871
71.8871
71.8871
71.8871
71.8871
71.8871
68.0432
68.0432
68.0432
68.0432
68.0432
68.0432
68.0432
68.0432
63.9086
63.9086
63.9086
63.9086
63.9086
63.9086
63.9086
63.9086
59.6975
59.6975
59.6975
59.6975
59.6975
59.6975
59.6975
59.6975
55.5922
55.5922
55.5922
55.5922
55.5922
55.5922
55.5922
55.5922
51.7326
51.7326
51.7326
51.7326
51.7326
51.7326
51.7326
51.7326
48.2132
48.2132
48.2132
48.2132
48.2132
48.2132
48.2132
48.2132
45.0881
45.0881
45.0881
45.0881
45.0881
45.0881
45.0881
45.0881
42.377
42.377
42.377
42.377
42.377
42.377
42.377
42.377
40.0732
40.0732
40.0732
40.0732
40.0732
40.0732
40.0732
40.0732
38.1517
38.1517
38.1517
38.1517
38.1517
38.1517
38.1517
38.1517
36.5745
36.5745
36.5745
36.5745
36.5745
36.5745
36.5745
36.5745
78.429
78.429
78.429
78.429
78.429
78.429
78.429
78.429
77.8367
77.8367
77.8367
77.8367
77.8367
77.8367
77.8367
77.8367
76.127
76.127
76.127
76.127
76.127
76.127
76.127
76.127
73.4109
73.4109
73.4109
73.4109
73.4109
73.4109
73.4109
73.4109
69.8784
69.8784
69.8784
69.8784
69.8784
69.8784
69.8784
69.8784
65.7698
65.7698
65.7698
65.7698
65.7698
65.7698
65.7698
65.7698
61.3421
61.3421
61.3421
61.3421
61.3421
61.3421
61.3421
61.3421
56.8363
56.8363
56.8363
56.8363
56.8363
56.8363
56.8363
56.8363
52.4572
52.4572
52.4572
52.4572
52.4572
52.4572
52.4572
52.4572
48.36
48.36
48.36
48.36
48.36
48.36
48.36
48.36
44.6489
44.6489
44.6489
44.6489
44.6489
44.6489
44.6489
44.6489
41.3815
41.3815
41.3815
41.3815
41.3815
41.3815
41.3815
41.3815
38.5777
38.5777
38.5777
38.5777
38.5777
38.5777
38.5777
38.5777
36.2297
36.2297
36.2297
36.2297
36.2297
36.2297
36.2297
36.2297
34.3106
34.3106
34.3106
34.3106
34.3106
34.3106
34.3106
34.3106
32.7815
32.7815
32.7815
32.7815
32.7815
32.7815
32.7815
32.7815
78.429
78.429
78.429
78.429
78.429
78.429
78.429
78.429
77.8367
77.8367
77.8367
77.8367
77.8367
77.8367
77.8367
77.8367
76.127
76.127
76.127
76.127
76.127
76.127
76.127
76.127
73.4109
73.4109
73.4109
73.4109
73.4109
73.4109
73.4109
73.4109
69.8784
69.8784
69.8784
69.8784
69.8784
69.8784
69.8784
69.8784
65.7698
65.7698
65.7698
65.7698
65.7698
65.7698
65.7698
65.7698
61.3421
61.3421
61.3421
61.3421
61.3421
61.3421
61.3421
61.3421
56.8363
56.8363
56.8363
56.8363
56.8363
56.8363
56.8363
56.8363
52.4572
52.4572
52.4572
52.4572
52.4572
52.4572
52.4572
52.4572
48.36
48.36
48.36
48.36
48.36
48.36
48.36
48.36
44.6489
44.6489
44.6489
44.6489
44.6489
44.6489
44.6489
44.6489
41.3815
41.3815
41.3815
41.3815
41.3815
41.3815
41.3815
41.3815
38.5777
38.5777
38.5777
38.5777
38.5777
38.5777
38.5777
38.5777
36.2297
36.2297
36.2297
36.2297
36.2297
36.2297
36.2297
36.2297
34.3106
34.3106
34.3106
34.3106
34.3106
34.3106
34.3106
34.3106
32.7815
32.7815
32.7815
32.7815
32.7815
32.7815
32.7815
32.7815
78.429
78.429
78.429
78.429
78.429
78.429
78.429
78.429
77.8367
77.8367
77.8367
77.8367
77.8367
77.8367
77.8367
77.8367
76.127
76.127
76.127
76.127
76.127
76.127
76.127
76.127
73.4109
73.4109
73.4109
73.4109
73.4109
73.4109
73.4109
73.4109
69.8784
69.8784
69.8784
69.8784
69.8784
69.8784
69.8784
69.8784
65.7698
65.7698
65.7698
65.7698
65.7698
65.7698
65.7698
65.7698
61.3421
61.3421
61.3421
61.3421
61.3421
61.3421
61.3421
61.3421
56.8363
56.8363
56.8363
56.8363
56.8363
56.8363
56.8363
56.8363
52.4572
52.4572
52.4572
52.4572
52.4572
52.4572
52.4572
52.4572
48.36
48.36
48.36
48.36
48.36
48.36
48.36
48.36
44.6489
44.6489
44.6489
44.6489
44.6489
44.6489
44.6489
44.6489
41.3815
41.3815
41.3815
41.3815
41.3815
41.3815
41.3815
41.3815
38.5777
38.5777
38.5777
38.5777
38.5777
38.5777
38.5777
38.5777
36.2297
36.2297
36.2297
36.2297
36.2297
36.2297
36.2297
36.2297
34.3106
34.3106
34.3106
34.3106
34.3106
34.3106
34.3106
34.3106
32.7815
32.7815
32.7815
32.7815
32.7815
32.7815
32.7815
32.7815
78.429
78.429
78.429
78.429
78.429
78.429
78.429
78.429
77.8367
77.8367
77.8367
77.8367
77.8367
77.8367
77.8367
77.8367
76.127
76.127
76.127
76.127
76.127
76.127
76.127
76.127
73.4109
73.4109
73.4109
73.4109
73.4109
73.4109
73.4109
73.4109
69.8784
69.8784
69.8784
69.8784
69.8784
69.8784
69.8784
69.8784
65.7698
65.7698
65.7698
65.7698
65.7698
65.7698
65.7698
65.7698
61.3421
61.3421
61.3421
61.3421
61.3421
61.3421
61.3421
61.3421
56.8363
56.8363
56.8363
56.8363
56.8363
56.8363
56.8363
56.8363
52.4572
52.4572
52.4572
52.4572
52.4572
52.4572
52.4572
52.4572
48.36
48.36
48.36
48.36
48.36
48.36
48.36
48.36
44.6489
44.6489
44.6489
44.6489
44.6489
44.6489
44.6489
44.6489
41.3815
41.3815
41.3815
41.3815
41.3815
41.3815
41.3815
41.3815
38.5777
38.5777
38.5777
38.5777
38.5777
38.5777
38.5777
38.5777
36.2297
36.2297
36.2297
36.2297
36.2297
36.2297
36.2297
36.2297
34.3106
34.3106
34.3106
34.3106
34.3106
34.3106
34.3106
34.3106
32.7815
32.7815
32.7815
32.7815
32.7815
32.7815
32.7815
32.7815
74.9164
74.9164
74.9164
74.9164
74.9164
74.9164
74.9164
74.9164
74.485
74.485
74.485
74.485
74.485
74.485
74.485
74.485
72.8725
72.8725
72.8725
72.8725
72.8725
72.8725
72.8725
72.8725
70.1852
70.1852
70.1852
70.1852
70.1852
70.1852
70.1852
70.1852
66.6211
66.6211
66.6211
66.6211
66.6211
66.6211
66.6211
66.6211
62.4358
62.4358
62.4358
62.4358
62.4358
62.4358
62.4358
62.4358
57.906
57.906
57.906
57.906
57.906
57.906
57.906
57.906
53.2932
53.2932
53.2932
53.2932
53.2932
53.2932
53.2932
53.2932
48.8187
48.8187
48.8187
48.8187
48.8187
48.8187
48.8187
48.8187
44.6489
44.6489
44.6489
44.6489
44.6489
44.6489
44.6489
44.6489
40.8936
40.8936
40.8936
40.8936
40.8936
40.8936
40.8936
40.8936
37.6123
37.6123
37.6123
37.6123
37.6123
37.6123
37.6123
37.6123
34.8239
34.8239
34.8239
34.8239
34.8239
34.8239
34.8239
34.8239
32.5185
32.5185
32.5185
32.5185
32.5185
32.5185
32.5185
32.5185
30.6677
30.6677
30.6677
30.6677
30.6677
30.6677
30.6677
30.6677
29.2319
29.2319
29.2319
29.2319
29.2319
29.2319
29.2319
29.2319
74.9164
74.9164
74.9164
74.9164
74.9164
74.9164
74.9164
74.9164
74.485
74.485
74.485
74.485
74.485
74.485
74.485
74.485
72.8725
72.8725
72.8725
72.8725
72.8725
72.8725
72.8725
72.8725
70.1852
70.1852
70.1852
70.1852
70.1852
70.1852
70.1852
70.1852
66.6211
66.6211
66.6211
66.6211
66.6211
66.6211
66.6211
66.6211
62.4358
62.4358
62.4358
62.4358
62.4358
62.4358
62.4358
62.4358
57.906
57.906
57.906
57.906
57.906
57.906
57.906
57.906
53.2932
53.2932
53.2932
53.2932
53.2932
53.2932
53.2932
53.2932
48.8187
48.8187
48.8187
48.8187
48.8187
48.8187
48.8187
48.8187
44.6489
44.6489
44.6489
44.6489
44.6489
44.6489
44.6489
44.6489
40.8936
40.8936
40.8936
40.8936
40.8936
40.8936
40.8936
40.8936
37.6123
37.6123
37.6123
37.6123
37.6123
37.6123
37.6123
37.6123
34.8239
34.8239
34.8239
34.8239
34.8239
34.8239
34.8239
34.8239
32.5185
32.5185
32.5185
32.5185
32.5185
32.5185
32.5185
32.5185
30.6677
30.6677
30.6677
30.6677
30.6677
30.6677
30.6677
30.6677
29.2319
29.2319
29.2319
29.2319
29.2319
29.2319
29.2319
29.2319
74.9164
74.9164
74.9164
74.9164
74.9164
74.9164
74.9164
74.9164
74.485
74.485
74.485
74.485
74.485
74.485
74.485
74.485
72.8725
72.8725
72.8725
72.8725
72.8725
72.8725
72.8725
72.8725
70.1852
70.1852
70.1852
70.1852
70.1852
70.1852
70.1852
70.1852
66.6211
66.6211
66.6211
66.6211
66.6211
66.6211
66.6211
66.6211
62.4358
62.4358
62.4358
62.4358
62.4358
62.4358
62.4358
62.4358
57.906
57.906
57.906
57.906
57.906
57.906
57.906
57.906
53.2932
53.2932
53.2932
53.2932
53.2932
53.2932
53.2932
53.2932
48.8187
48.8187
48.8187
48.8187
48.8187
48.8187
48.8187
48.8187
44.6489
44.6489
44.6489
44.6489
44.6489
44.6489
44.6489
44.6489
40.8936
40.8936
40.8936
40.8936
40.8936
40.8936
40.8936
40.8936
37.6123
37.6123
37.6123
37.6123
37.6123
37.6123
37.6123
37.6123
34.8239
34.8239
34.8239
34.8239
34.8239
34.8239
34.8239
34.8239
32.5185
32.5185
32.5185
32.5185
32.5185
32.5185
32.5185
32.5185
30.6677
30.6677
30.6677
30.6677
30.6677
30.6677
30.6677
30.6677
29.2319
29.2319
29.2319
29.2319
29.2319
29.2319
29.2319
29.2319
74.9164
74.9164
74.9164
74.9164
74.9164
74.9164
74.9164
74.9164
74.485
74.485
74.485
74.485
74.485
74.485
74.485
74.485
72.8725
72.8725
72.8725
72.8725
72.8725
72.8725
72.8725
72.8725
70.1852
70.1852
70.1852
70.1852
70.1852
70.1852
70.1852
70.1852
66.6211
66.6211
66.6211
66.6211
66.6211
66.6211
66.6211
66.6211
62.4358
62.4358
62.4358
62.4358
62.4358
62.4358
62.4358
62.4358
57.906
57.906
57.906
57.906
57.906
57.906
57.906
57.906
53.2932
53.2932
53.2932
53.2932
53.2932
53.2932
53.2932
53.2932
48.8187
48.8187
48.8187
48.8187
48.8187
48.8187
48.8187
48.8187
44.6489
44.6489
44.6489
44.6489
44.6489
44.6489
44.6489
44.6489
40.8936
40.8936
40.8936
40.8936
40.8936
40.8936
40.8936
40.8936
37.6123
37.6123
37.6123
37.6123
37.6123
37.6123
37.6123
37.6123
34.8239
34.8239
34.8239
34.8239
34.8239
34.8239
34.8239
34.8239
32.5185
32.5185
32.5185
32.5185
32.5185
32.5185
32.5185
32.5185
30.6677
30.6677
30.6677
30.6677
30.6677
30.6677
30.6677
30.6677
29.2319
29.2319
29.2319
29.2319
29.2319
29.2319
29.2319
29.2319
69.9589
69.9589
69.9589
69.9589
69.9589
69.9589
69.9589
69.9589
69.7505
69.7505
69.7505
69.7505
69.7505
69.7505
69.7505
69.7505
68.3397
68.3397
68.3397
68.3397
68.3397
68.3397
68.3397
68.3397
65.8216
65.8216
65.8216
65.8216
65.8216
65.8216
65.8216
65.8216
62.3902
62.3902
62.3902
62.3902
62.3902
62.3902
62.3902
62.3902
58.3062
58.3062
58.3062
58.3062
58.3062
58.3062
58.3062
58.3062
53.8562
53.8562
53.8562
53.8562
53.8562
53.8562
53.8562
53.8562
49.313
49.313
49.313
49.313
49.313
49.313
49.313
49.313
44.907
44.907
44.907
44.907
44.907
44.907
44.907
44.907
40.8114
40.8114
40.8114
40.8114
40.8114
40.8114
40.8114
40.8114
37.1393
37.1393
37.1393
37.1393
37.1393
37.1393
37.1393
37.1393
33.9507
33.9507
33.9507
33.9507
33.9507
33.9507
33.9507
33.9507
31.2634
31.2634
31.2634
31.2634
31.2634
31.2634
31.2634
31.2634
29.0665
29.0665
29.0665
29.0665
29.0665
29.0665
29.0665
29.0665
27.3306
27.3306
27.3306
27.3306
27.3306
27.3306
27.3306
27.3306
26.0166
26.0166
26.0166
26.0166
26.0166
26.0166
26.0166
26.0166
69.9589
69.9589
69.9589
69.9589
69.9589
69.9589
69.9589
69.9589
69.7505
69.7505
69.7505
69.7505
69.7505
69.7505
69.7505
69.7505
68.3397
68.3397
68.3397
68.3397
68.3397
68.3397
68.3397
68.3397
65.8216
65.8216
65.8216
65.8216
65.8216
65.8216
65.8216
65.8216
62.3902
62.3902
62.3902
62.3902
62.3902
62.3902
62.3902
62.3902
58.3062
58.3062
58.3062
58.3062
58.3062
58.3062
58.3062
58.3062
53.8562
53.8562
53.8562
53.8562
53.8562
53.8562
53.8562
53.8562
49.313
49.313
49.313
49.313
49.313
49.313
49.313
49.313
44.907
44.907
44.907
44.907
44.907
44.907
44.907
44.907
40.8114
40.8114
40.8114
40.8114
40.8114
40.8114
40.8114
40.8114
37.1393
37.1393
37.1393
37.1393
37.1393
37.1393
37.1393
37.1393
33.9507
33.9507
33.9507
33.9507
33.9507
33.9507
33.9507
33.9507
31.2634
31.2634
31.2634
31.2634
31.2634
31.2634
31.2634
31.2634
29.0665
29.0665
29.0665
29.0665
29.0665
29.0665
29.0665
29.0665
27.3306
27.3306
27.3306
27.3306
27.3306
27.3306
27.3306
27.3306
26.0166
26.0166
26.0166
26.0166
26.0166
26.0166
26.0166
26.0166
69.9589
69.9589
69.9589
69.9589
69.9589
69.9589
69.9589
69.9589
69.7505
69.7505
69.7505
69.7505
69.7505
69.7505
69.7505
69.7505
68.3397
68.3397
68.3397
68.3397
68.3397
68.3397
68.3397
68.3397
65.8216
65.8216
65.8216
65.8216
65.8216
65.8216
65.8216
65.8216
62.3902
62.3902
62.3902
62.3902
62.3902
62.3902
62.3902
62.3902
58.3062
58.3062
58.3062
58.3062
58.3062
58.3062
58.3062
58.3062
53.8562
53.8562
53.8562
53.8562
53.8562
53.8562
53.8562
53.8562
49.313
49.313
49.313
49.313
49.313
49.313
49.313
49.313
44.907
44.907
44.907
44.907
44.907
44.907
44.907
44.907
40.8114
40.8114
40.8114
40.8114
40.8114
40.8114
40.8114
40.8114
37.1393
37.1393
37.1393
37.1393
37.1393
37.1393
37.1393
37.1393
33.9507
33.9507
33.9507
33.9507
33.9507
33.9507
33.9507
33.9507
31.2634
31.2634
31.2634
31.2634
31.2634
31.2634
31.2634
31.2634
29.0665
29.0665
29.0665
29.0665
29.0665
29.0665
29.0665
29.0665
27.3306
27.3306
27.3306
27.3306
27.3306
27.3306
27.3306
27.3306
26.0166
26.0166
26.0166
26.0166
26.0166
26.0166
26.0166
26.0166
69.9589
69.9589
69.9589
69.9589
69.9589
69.9589
69.9589
69.9589
69.7505
69.7505
69.7505
69.7505
69.7505
69.7505
69.7505
69.7505
68.3397
68.3397
68.3397
68.3397
68.3397
68.3397
68.3397
68.3397
65.8216
65.8216
65.8216
65.8216
65.8216
65.8216
65.8216
65.8216
62.3902
62.3902
62.3902
62.3902
62.3902
62.3902
62.3902
62.3902
58.3062
58.3062
58.3062
58.3062
58.3062
58.3062
58.3062
58.3062
53.8562
53.8562
53.8562
53.8562
53.8562
53.8562
53.8562
53.8562
49.313
49.313
49.313
49.313
49.313
49.313
49.313
49.313
44.907
44.907
44.907
44.907
44.907
44.907
44.907
44.907
40.8114
40.8114
40.8114
40.8114
40.8114
40.8114
40.8114
40.8114
37.1393
37.1393
37.1393
37.1393
37.1393
37.1393
37.1393
37.1393
33.9507
33.9507
33.9507
33.9507
33.9507
33.9507
33.9507
33.9507
31.2634
31.2634
31.2634
31.2634
31.2634
31.2634
31.2634
31.2634
29.0665
29.0665
29.0665
29.0665
29.0665
29.0665
29.0665
29.0665
27.3306
27.3306
27.3306
27.3306
27.3306
27.3306
27.3306
27.3306
26.0166
26.0166
26.0166
26.0166
26.0166
26.0166
26.0166
26.0166
64.0346
64.0346
64.0346
64.0346
64.0346
64.0346
64.0346
64.0346
64.0773
64.0773
64.0773
64.0773
64.0773
64.0773
64.0773
64.0773
62.9393
62.9393
62.9393
62.9393
62.9393
62.9393
62.9393
62.9393
60.6971
60.6971
60.6971
60.6971
60.6971
60.6971
60.6971
60.6971
57.5317
57.5317
57.5317
57.5317
57.5317
57.5317
57.5317
57.5317
53.6969
53.6969
53.6969
53.6969
53.6969
53.6969
53.6969
53.6969
49.4781
49.4781
49.4781
49.4781
49.4781
49.4781
49.4781
49.4781
45.1499
45.1499
45.1499
45.1499
45.1499
45.1499
45.1499
45.1499
40.9456
40.9456
40.9456
40.9456
40.9456
40.9456
40.9456
40.9456
37.0408
37.0408
37.0408
37.0408
37.0408
37.0408
37.0408
37.0408
33.5497
33.5497
33.5497
33.5497
33.5497
33.5497
33.5497
33.5497
30.5323
30.5323
30.5323
30.5323
30.5323
30.5323
30.5323
30.5323
28.0066
28.0066
28.0066
28.0066
28.0066
28.0066
28.0066
28.0066
25.9614
25.9614
25.9614
25.9614
25.9614
25.9614
25.9614
25.9614
24.3683
24.3683
24.3683
24.3683
24.3683
24.3683
24.3683
24.3683
23.1902
23.1902
23.1902
23.1902
23.1902
23.1902
23.1902
23.1902
64.0346
64.0346
64.0346
64.0346
64.0346
64.0346
64.0346
64.0346
64.0773
64.0773
64.0773
64.0773
64.0773
64.0773
64.0773
64.0773
62.9393
62.9393
62.9393
62.9393
62.9393
62.9393
62.9393
62.9393
60.6971
60.6971
60.6971
60.6971
60.6971
60.6971
60.6971
60.6971
57.5317
57.5317
57.5317
57.5317
57.5317
57.5317
57.5317
57.5317
53.6969
53.6969
53.6969
53.6969
53.6969
53.6969
53.6969
53.6969
49.4781
49.4781
49.4781
49.4781
49.4781
49.4781
49.4781
49.4781
45.1499
45.1499
45.1499
45.1499
45.1499
45.1499
45.1499
45.1499
40.9456
40.9456
40.9456
40.9456
40.9456
40.9456
40.9456
40.9456
37.0408
37.0408
37.0408
37.0408
37.0408
37.0408
37.0408
37.0408
33.5497
33.5497
33.5497
33.5497
33.5497
33.5497
33.5497
33.5497
30.5323
30.5323
30.5323
30.5323
30.5323
30.5323
30.5323
30.5323
28.0066
28.0066
28.0066
28.0066
28.0066
28.0066
28.0066
28.0066
25.9614
25.9614
25.9614
25.9614
25.9614
25.9614
25.9614
25.9614
24.3683
24.3683
24.3683
24.3683
24.3683
24.3683
24.3683
24.3683
23.1902
23.1902
23.1902
23.1902
23.1902
23.1902
23.1902
23.1902
64.0346
64.0346
64.0346
64.0346
64.0346
64.0346
64.0346
64.0346
64.0773
64.0773
64.0773
64.0773
64.0773
64.0773
64.0773
64.0773
62.9393
62.9393
62.9393
62.9393
62.9393
62.9393
62.9393
62.9393
60.6971
60.6971
60.6971
60.6971
60.6971
60.6971
60.6971
60.6971
57.5317
57.5317
57.5317
57.5317
57.5317
57.5317
57.5317
57.5317
53.6969
53.6969
53.6969
53.6969
53.6969
53.6969
53.6969
53.6969
49.4781
49.4781
49.4781
49.4781
49.4781
49.4781
49.4781
49.4781
45.1499
45.1499
45.1499
45.1499
45.1499
45.1499
45.1499
45.1499
40.9456
40.9456
40.9456
40.9456
40.9456
40.9456
40.9456
40.9456
37.0408
37.0408
37.0408
37.0408
37.0408
37.0408
37.0408
37.0408
33.5497
33.5497
33.5497
33.5497
33.5497
33.5497
33.5497
33.5497
30.5323
30.5323
30.5323
30.5323
30.5323
30.5323
30.5323
30.5323
28.0066
28.0066
28.0066
28.0066
28.0066
28.0066
28.0066
28.0066
25.9614
25.9614
25.9614
25.9614
25.9614
25.9614
25.9614
25.9614
24.3683
24.3683
24.3683
24.3683
24.3683
24.3683
24.3683
24.3683
23.1902
23.1902
23.1902
23.1902
23.1902
23.1902
23.1902
23.1902
64.0346
64.0346
64.0346
64.0346
64.0346
64.0346
64.0346
64.0346
64.0773
64.0773
64.0773
64.0773
64.0773
64.0773
64.0773
64.0773
62.9393
62.9393
62.9393
62.9393
62.9393
62.9393
62.9393
62.9393
60.6971
60.6971
60.6971
60.6971
60.6971
60.6971
60.6971
60.6971
57.5317
57.5317
57.5317
57.5317
57.5317
57.5317
57.5317
57.5317
53.6969
53.6969
53.6969
53.6969
53.6969
53.6969
53.6969
53.6969
49.4781
49.4781
49.4781
49.4781
49.4781
49.4781
49.4781
49.4781
45.1499
45.1499
45.1499
45.1499
45.1499
45.1499
45.1499
45.1499
40.9456
40.9456
40.9456
40.9456
40.9456
40.9456
40.9456
40.9456
37.0408
37.0408
37.0408
37.0408
37.0408
37.0408
37.0408
37.0408
33.5497
33.5497
33.5497
33.5497
33.5497
33.5497
33.5497
33.5497
30.5323
30.5323
30.5323
30.5323
30.5323
30.5323
30.5323
30.5323
28.0066
28.0066
28.0066
28.0066
28.0066
28.0066
28.0066
28.0066
25.9614
25.9614
25.9614
25.9614
25.9614
25.9614
25.9614
25.9614
24.3683
24.3683
24.3683
24.3683
24.3683
24.3683
24.3683
24.3683
23.1902
23.1902
23.1902
23.1902
23.1902
23.1902
23.1902
23.1902
57.658
57.658
57.658
57.658
57.658
57.658
57.658
57.658
57.9481
57.9481
57.9481
57.9481
57.9481
57.9481
57.9481
57.9481
57.1159
57.1159
57.1159
57.1159
57.1159
57.1159
57.1159
57.1159
55.2144
55.2144
55.2144
55.2144
55.2144
55.2144
55.2144
55.2144
52.4044
52.4044
52.4044
52.4044
52.4044
52.4044
52.4044
52.4044
48.923
48.923
48.923
48.923
48.923
48.923
48.923
48.923
45.0442
45.0442
45.0442
45.0442
45.0442
45.0442
45.0442
45.0442
41.0359
41.0359
41.0359
41.0359
41.0359
41.0359
41.0359
41.0359
37.128
37.128
37.128
37.128
37.128
37.128
37.128
37.128
33.4945
33.4945
33.4945
33.4945
33.4945
33.4945
33.4945
33.4945
30.2494
30.2494
30.2494
30.2494
30.2494
30.2494
30.2494
30.2494
27.453
27.453
27.453
27.453
27.453
27.453
27.453
27.453
25.1243
25.1243
25.1243
25.1243
25.1243
25.1243
25.1243
25.1243
23.2539
23.2539
23.2539
23.2539
23.2539
23.2539
23.2539
23.2539
21.8157
21.8157
21.8157
21.8157
21.8157
21.8157
21.8157
21.8157
20.776
20.776
20.776
20.776
20.776
20.776
20.776
20.776
57.658
57.658
57.658
57.658
57.658
57.658
57.658
57.658
57.9481
57.9481
57.9481
57.9481
57.9481
57.9481
57.9481
57.9481
57.1159
57.1159
57.1159
57.1159
57.1159
57.1159
57.1159
57.1159
55.2144
55.2144
55.2144
55.2144
55.2144
55.2144
55.2144
55.2144
52.4044
52.4044
52.4044
52.4044
52.4044
52.4044
52.4044
52.4044
48.923
48.923
48.923
48.923
48.923
48.923
48.923
48.923
45.0442
45.0442
45.0442
45.0442
45.0442
45.0442
45.0442
45.0442
41.0359
41.0359
41.0359
41.0359
41.0359
41.0359
41.0359
41.0359
37.128
37.128
37.128
37.128
37.128
37.128
37.128
37.128
33.4945
33.4945
33.4945
33.4945
33.4945
33.4945
33.4945
33.4945
30.2494
30.2494
30.2494
30.2494
30.2494
30.2494
30.2494
30.2494
27.453
27.453
27.453
27.453
27.453
27.453
27.453
27.453
25.1243
25.1243
25.1243
25.1243
25.1243
25.1243
25.1243
25.1243
23.2539
23.2539
23.2539
23.2539
23.2539
23.2539
23.2539
23.2539
21.8157
21.8157
21.8157
21.8157
21.8157
21.8157
21.8157
21.8157
20.776
20.776
20.776
20.776
20.776
20.776
20.776
20.776
57.658
57.658
57.658
57.658
57.658
57.658
57.658
57.658
57.9481
57.9481
57.9481
57.9481
57.9481
57.9481
57.9481
57.9481
57.1159
57.1159
57.1159
57.1159
57.1159
57.1159
57.1159
57.1159
55.2144
55.2144
55.2144
55.2144
55.2144
55.2144
55.2144
55.2144
52.4044
52.4044
52.4044
52.4044
52.4044
52.4044
52.4044
52.4044
48.923
48.923
48.923
48.923
48.923
48.923
48.923
48.923
45.0442
45.0442
45.0442
45.0442
45.0442
45.0442
45.0442
45.0442
41.0359
41.0359
41.0359
41.0359
41.0359
41.0359
41.0359
41.0359
37.128
37.128
37.128
37.128
37.128
37.128
37.128
37.128
33.4945
33.4945
33.4945
33.4945
33.4945
33.4945
33.4945
33.4945
30.2494
30.2494
30.2494
30.2494
30.2494
30.2494
30.2494
30.2494
27.453
27.453
27.453
27.453
27.453
27.453
27.453
27.453
25.1243
25.1243
25.1243
25.1243
25.1243
25.1243
25.1243
25.1243
23.2539
23.2539
23.2539
23.2539
23.2539
23.2539
23.2539
23.2539
21.8157
21.8157
21.8157
21.8157
21.8157
21.8157
21.8157
21.8157
20.776
20.776
20.776
20.776
20.776
20.776
20.776
20.776
57.658
57.658
57.658
57.658
57.658
57.658
57.658
57.658
57.9481
57.9481
57.9481
57.9481
57.9481
57.9481
57.9481
57.9481
57.1159
57.1159
57.1159
57.1159
57.1159
57.1159
57.1159
57.1159
55.2144
55.2144
55.2144
55.2144
55.2144
55.2144
55.2144
55.2144
52.4044
52.4044
52.4044
52.4044
52.4044
52.4044
52.4044
52.4044
48.923
48.923
48.923
48.923
48.923
48.923
48.923
48.923
45.0442
45.0442
45.0442
45.0442
45.0442
45.0442
45.0442
45.0442
41.0359
41.0359
41.0359
41.0359
41.0359
41.0359
41.0359
41.0359
37.128
37.128
37.128
37.128
37.128
37.128
37.128
37.128
33.4945
33.4945
33.4945
33.4945
33.4945
33.4945
33.4945
33.4945
30.2494
30.2494
30.2494
30.2494
30.2494
30.2494
30.2494
30.2494
27.453
27.453
27.453
27.453
27.453
27.453
27.453
27.453
25.1243
25.1243
25.1243
25.1243
25.1243
25.1243
25.1243
25.1243
23.2539
23.2539
23.2539
23.2539
23.2539
23.2539
23.2539
23.2539
21.8157
21.8157
21.8157
21.8157
21.8157
21.8157
21.8157
21.8157
20.776
20.776
20.776
20.776
20.776
20.776
20.776
20.776
51.2962
51.2962
51.2962
51.2962
51.2962
51.2962
51.2962
51.2962
51.8058
51.8058
51.8058
51.8058
51.8058
51.8058
51.8058
51.8058
51.2777
51.2777
51.2777
51.2777
51.2777
51.2777
51.2777
51.2777
49.7411
49.7411
49.7411
49.7411
49.7411
49.7411
49.7411
49.7411
47.3312
47.3312
47.3312
47.3312
47.3312
47.3312
47.3312
47.3312
44.2613
44.2613
44.2613
44.2613
44.2613
44.2613
44.2613
44.2613
40.7859
40.7859
40.7859
40.7859
40.7859
40.7859
40.7859
40.7859
37.1594
37.1594
37.1594
37.1594
37.1594
37.1594
37.1594
37.1594
33.603
33.603
33.603
33.603
33.603
33.603
33.603
33.603
30.2862
30.2862
30.2862
30.2862
30.2862
30.2862
30.2862
30.2862
27.3216
27.3216
27.3216
27.3216
27.3216
27.3216
27.3216
27.3216
24.7703
24.7703
24.7703
24.7703
24.7703
24.7703
24.7703
24.7703
22.6532
22.6532
22.6532
22.6532
22.6532
22.6532
22.6532
22.6532
20.9641
20.9641
20.9641
20.9641
20.9641
20.9641
20.9641
20.9641
19.6807
19.6807
19.6807
19.6807
19.6807
19.6807
19.6807
19.6807
18.7738
18.7738
18.7738
18.7738
18.7738
18.7738
18.7738
18.7738
51.2962
51.2962
51.2962
51.2962
51.2962
51.2962
51.2962
51.2962
51.8058
51.8058
51.8058
51.8058
51.8058
51.8058
51.8058
51.8058
51.2777
51.2777
51.2777
51.2777
51.2777
51.2777
51.2777
51.2777
49.7411
49.7411
49.7411
49.7411
49.7411
49.7411
49.7411
49.7411
47.3312
47.3312
47.3312
47.3312
47.3312
47.3312
47.3312
47.3312
44.2613
44.2613
44.2613
44.2613
44.2613
44.2613
44.2613
44.2613
40.7859
40.7859
40.7859
40.7859
40.7859
40.7859
40.7859
40.7859
37.1594
37.1594
37.1594
37.1594
37.1594
37.1594
37.1594
37.1594
33.603
33.603
33.603
33.603
33.603
33.603
33.603
33.603
30.2862
30.2862
30.2862
30.2862
30.2862
30.2862
30.2862
30.2862
27.3216
27.3216
27.3216
27.3216
27.3216
27.3216
27.3216
27.3216
24.7703
24.7703
24.7703
24.7703
24.7703
24.7703
24.7703
24.7703
22.6532
22.6532
22.6532
22.6532
22.6532
22.6532
22.6532
22.6532
20.9641
20.9641
20.9641
20.9641
20.9641
20.9641
20.9641
20.9641
19.6807
19.6807
19.6807
19.6807
19.6807
19.6807
19.6807
19.6807
18.7738
18.7738
18.7738
18.7738
18.7738
18.7738
18.7738
18.7738
51.2962
51.2962
51.2962
51.2962
51.2962
51.2962
51.2962
51.2962
51.8058
51.8058
51.8058
51.8058
51.8058
51.8058
51.8058
51.8058
51.2777
51.2777
51.2777
51.2777
51.2777
51.2777
51.2777
51.2777
49.7411
49.7411
49.7411
49.7411
49.7411
49.7411
49.7411
49.7411
47.3312
47.3312
47.3312
47.3312
47.3312
47.3312
47.3312
47.3312
44.2613
44.2613
44.2613
44.2613
44.2613
44.2613
44.2613
44.2613
40.7859
40.7859
40.7859
40.7859
40.7859
40.7859
40.7859
40.7859
37.1594
37.1594
37.1594
37.1594
37.1594
37.1594
37.1594
37.1594
33.603
33.603
33.603
33.603
33.603
33.603
33.603
33.603
30.2862
30.2862
30.2862
30.2862
30.2862
30.2862
30.2862
30.2862
27.3216
27.3216
27.3216
27.3216
27.3216
27.3216
27.3216
27.3216
24.7703
24.7703
24.7703
24.7703
24.7703
24.7703
24.7703
24.7703
22.6532
22.6532
22.6532
22.6532
22.6532
22.6532
22.6532
22.6532
20.9641
20.9641
20.9641
20.9641
20.9641
20.9641
20.9641
20.9641
19.6807
19.6807
19.6807
19.6807
19.6807
19.6807
19.6807
19.6807
18.7738
18.7738
18.7738
18.7738
18.7738
18.7738
18.7738
18.7738
51.2962
51.2962
51.2962
51.2962
51.2962
51.2962
51.2962
51.2962
51.8058
51.8058
51.8058
51.8058
51.8058
51.8058
51.8058
51.8058
51.2777
51.2777
51.2777
51.2777
51.2777
51.2777
51.2777
51.2777
49.7411
49.7411
49.7411
49.7411
49.7411
49.7411
49.7411
49.7411
47.3312
47.3312
47.3312
47.3312
47.3312
47.3312
47.3312
47.3312
44.2613
44.2613
44.2613
44.2613
44.2613
44.2613
44.2613
44.2613
40.7859
40.7859
40.7859
40.7859
40.7859
40.7859
40.7859
40.7859
37.1594
37.1594
37.1594
37.1594
37.1594
37.1594
37.1594
37.1594
33.603
33.603
33.603
33.603
33.603
33.603
33.603
33.603
30.2862
30.2862
30.2862
30.2862
30.2862
30.2862
30.2862
30.2862
27.3216
27.3216
27.3216
27.3216
27.3216
27.3216
27.3216
27.3216
24.7703
24.7703
24.7703
24.7703
24.7703
24.7703
24.7703
24.7703
22.6532
22.6532
22.6532
22.6532
22.6532
22.6532
22.6532
22.6532
20.9641
20.9641
20.9641
20.9641
20.9641
20.9641
20.9641
20.9641
19.6807
19.6807
19.6807
19.6807
19.6807
19.6807
19.6807
19.6807
18.7738
18.7738
18.7738
18.7738
18.7738
18.7738
18.7738
18.7738
45.3135
45.3135
45.3135
45.3135
45.3135
45.3135
45.3135
45.3135
46.0005
46.0005
46.0005
46.0005
46.0005
46.0005
46.0005
46.0005
45.7503
45.7503
45.7503
45.7503
45.7503
45.7503
45.7503
45.7503
44.5699
44.5699
44.5699
44.5699
44.5699
44.5699
44.5699
44.5699
42.5662
42.5662
42.5662
42.5662
42.5662
42.5662
42.5662
42.5662
39.9251
39.9251
39.9251
39.9251
39.9251
39.9251
39.9251
39.9251
36.8764
36.8764
36.8764
36.8764
36.8764
36.8764
36.8764
36.8764
33.6555
33.6555
33.6555
33.6555
33.6555
33.6555
33.6555
33.6555
30.4715
30.4715
30.4715
30.4715
30.4715
30.4715
30.4715
30.4715
27.4869
27.4869
27.4869
27.4869
27.4869
27.4869
27.4869
27.4869
24.8123
24.8123
24.8123
24.8123
24.8123
24.8123
24.8123
24.8123
22.5096
22.5096
22.5096
22.5096
22.5096
22.5096
22.5096
22.5096
20.6028
20.6028
20.6028
20.6028
20.6028
20.6028
20.6028
20.6028
19.0897
19.0897
19.0897
19.0897
19.0897
19.0897
19.0897
19.0897
17.9529
17.9529
17.9529
17.9529
17.9529
17.9529
17.9529
17.9529
17.1682
17.1682
17.1682
17.1682
17.1682
17.1682
17.1682
17.1682
45.3135
45.3135
45.3135
45.3135
45.3135
45.3135
45.3135
45.3135
46.0005
46.0005
46.0005
46.0005
46.0005
46.0005
46.0005
46.0005
45.7503
45.7503
45.7503
45.7503
45.7503
45.7503
45.7503
45.7503
44.5699
44.5699
44.5699
44.5699
44.5699
44.5699
44.5699
44.5699
42.5662
42.5662
42.5662
42.5662
42.5662
42.5662
42.5662
42.5662
39.9251
39.9251
39.9251
39.9251
39.9251
39.9251
39.9251
39.9251
36.8764
36.8764
36.8764
36.8764
36.8764
36.8764
36.8764
36.8764
33.6555
33.6555
33.6555
33.6555
33.6555
33.6555
33.6555
33.6555
30.4715
30.4715
30.4715
30.4715
30.4715
30.4715
30.4715
30.4715
27.4869
27.4869
27.4869
27.4869
27.4869
27.4869
27.4869
27.4869
24.8123
24.8123
24.8123
24.8123
24.8123
24.8123
24.8123
24.8123
22.5096
22.5096
22.5096
22.5096
22.5096
22.5096
22.5096
22.5096
20.6028
20.6028
20.6028
20.6028
20.6028
20.6028
20.6028
20.6028
19.0897
19.0897
19.0897
19.0897
19.0897
19.0897
19.0897
19.0897
17.9529
17.9529
17.9529
17.9529
17.9529
17.9529
17.9529
17.9529
17.1682
17.1682
17.1682
17.1682
17.1682
17.1682
17.1682
17.1682
45.3135
45.3135
45.3135
45.3135
45.3135
45.3135
45.3135
45.3135
46.0005
46.0005
46.0005
46.0005
46.0005
46.0005
46.0005
46.0005
45.7503
45.7503
45.7503
45.7503
45.7503
45.7503
45.7503
45.7503
44.5699
44.5699
44.5699
44.5699
44.5699
44.5699
44.5699
44.5699
42.5662
42.5662
42.5662
42.5662
42.5662
42.5662
42.5662
42.5662
39.9251
39.9251
39.9251
39.9251
39.9251
39.9251
39.9251
39.9251
36.8764
36.8764
36.8764
36.8764
36.8764
36.8764
36.8764
36.8764
33.6555
33.6555
33.6555
33.6555
33.6555
33.6555
33.6555
33.6555
30.4715
30.4715
30.4715
30.4715
30.4715
30.4715
30.4715
30.4715
27.4869
27.4869
27.4869
27.4869
27.4869
27.4869
27.4869
27.4869
24.8123
24.8123
24.8123
24.8123
24.8123
24.8123
24.8123
24.8123
22.5096
22.5096
22.5096
22.5096
22.5096
22.5096
22.5096
22.5096
20.6028
20.6028
20.6028
20.6028
20.6028
20.6028
20.6028
20.6028
19.0897
19.0897
19.0897
19.0897
19.0897
19.0897
19.0897
19.0897
17.9529
17.9529
17.9529
17.9529
17.9529
17.9529
17.9529
17.9529
17.1682
17.1682
17.1682
17.1682
17.1682
17.1682
17.1682
17.1682
45.3135
45.3135
45.3135
45.3135
45.3135
45.3135
45.3135
45.3135
46.0005
46.0005
46.0005
46.0005
46.0005
46.0005
46.0005
46.0005
45.7503
45.7503
45.7503
45.7503
45.7503
45.7503
45.7503
45.7503
44.5699
44.5699
44.5699
44.5699
44.5699
44.5699
44.5699
44.5699
42.5662
42.5662
42.5662
42.5662
42.5662
42.5662
42.5662
42.5662
39.9251
39.9251
39.9251
39.9251
39.9251
39.9251
39.9251
39.9251
36.8764
36.8764
36.8764
36.8764
36.8764
36.8764
36.8764
36.8764
33.6555
33.6555
33.6555
33.6555
33.6555
33.6555
33.6555
33.6555
30.4715
30.4715
30.4715
30.4715
30.4715
30.4715
30.4715
30.4715
27.4869
27.4869
27.4869
27.4869
27.4869
27.4869
27.4869
27.4869
24.8123
24.8123
24.8123
24.8123
24.8123
24.8123
24.8123
24.8123
22.5096
22.5096
22.5096
22.5096
22.5096
22.5096
22.5096
22.5096
20.6028
20.6028
20.6028
20.6028
20.6028
20.6028
20.6028
20.6028
19.0897
19.0897
19.0897
19.0897
19.0897
19.0897
19.0897
19.0897
17.9529
17.9529
17.9529
17.9529
17.9529
17.9529
17.9529
17.9529
17.1682
17.1682
17.1682
17.1682
17.1682
17.1682
17.1682
17.1682
