8192
57.6642
57.6642
57.6642
57.6642
57.6642
57.6642
57.6642
57.6642
57.2312
57.2312
57.2312
57.2312
57.2312
57.2312
57.2312
57.2312
56.2015
56.2015
56.2015
56.2015
56.2015
56.2015
56.2015
56.2015
54.547
54.547
54.547
54.547
54.547
54.547
54.547
54.547
52.2953
52.2953
52.2953
52.2953
52.2953
52.2953
52.2953
52.2953
49.5278
49.5278
49.5278
49.5278
49.5278
49.5278
49.5278
49.5278
46.3708
46.3708
46.3708
46.3708
46.3708
46.3708
46.3708
46.3708
42.9767
42.9767
42.9767
42.9767
42.9767
42.9767
42.9767
42.9767
39.5037
39.5037
39.5037
39.5037
39.5037
39.5037
39.5037
39.5037
36.0976
36.0976
36.0976
36.0976
36.0976
36.0976
36.0976
36.0976
32.878
32.878
32.878
32.878
32.878
32.878
32.878
32.878
29.9317
29.9317
29.9317
29.9317
29.9317
29.9317
29.9317
29.9317
27.3117
27.3117
27.3117
27.3117
27.3117
27.3117
27.3117
27.3117
25.0417
25.0417
25.0417
25.0417
25.0417
25.0417
25.0417
25.0417
23.1219
23.1219
23.1219
23.1219
23.1219
23.1219
23.1219
23.1219
21.536
21.536
21.536
21.536
21.536
21.536
21.536
21.536
57.6642
57.6642
57.6642
57.6642
57.6642
57.6642
57.6642
57.6642
57.2312
57.2312
57.2312
57.2312
57.2312
57.2312
57.2312
57.2312
56.2015
56.2015
56.2015
56.2015
56.2015
56.2015
56.2015
56.2015
54.547
54.547
54.547
54.547
54.547
54.547
54.547
54.547
52.2953
52.2953
52.2953
52.2953
52.2953
52.2953
52.2953
52.2953
49.5278
49.5278
49.5278
49.5278
49.5278
49.5278
49.5278
49.5278
46.3708
46.3708
46.3708
46.3708
46.3708
46.3708
46.3708
46.3708
42.9767
42.9767
42.9767
42.9767
42.9767
42.9767
42.9767
42.9767
39.5037
39.5037
39.5037
39.5037
39.5037
39.5037
39.5037
39.5037
36.0976
36.0976
36.0976
36.0976
36.0976
36.0976
36.0976
36.0976
32.878
32.878
32.878
32.878
32.878
32.878
32.878
32.878
29.9317
29.9317
29.9317
29.9317
29.9317
29.9317
29.9317
29.9317
27.3117
27.3117
27.3117
27.3117
27.3117
27.3117
27.3117
27.3117
25.0417
25.0417
25.0417
25.0417
25.0417
25.0417
25.0417
25.0417
23.1219
23.1219
23.1219
23.1219
23.1219
23.1219
23.1219
23.1219
21.536
21.536
21.536
21.536
21.536
21.536
21.536
21.536
57.6642
57.6642
57.6642
57.6642
57.6642
57.6642
57.6642
57.6642
57.2312
57.2312
57.2312
57.2312
57.2312
57.2312
57.2312
57.2312
56.2015
56.2015
56.2015
56.2015
56.2015
56.2015
56.2015
56.2015
54.547
54.547
54.547
54.547
54.547
54.547
54.547
54.547
52.2953
52.2953
52.2953
52.2953
52.2953
52.2953
52.2953
52.2953
49.5278
49.5278
49.5278
49.5278
49.5278
49.5278
49.5278
49.5278
46.3708
46.3708
46.3708
46.3708
46.3708
46.3708
46.3708
46.3708
42.9767
42.9767
42.9767
42.9767
42.9767
42.9767
42.9767
42.9767
39.5037
39.5037
39.5037
39.5037
39.5037
39.5037
39.5037
39.5037
36.0976
36.0976
36.0976
36.0976
36.0976
36.0976
36.0976
36.0976
32.878
32.878
32.878
32.878
32.878
32.878
32.878
32.878
29.9317
29.9317
29.9317
29.9317
29.9317
29.9317
29.9317
29.9317
27.3117
27.3117
27.3117
27.3117
27.3117
27.3117
27.3117
27.3117
25.0417
25.0417
25.0417
25.0417
25.0417
25.0417
25.0417
25.0417
23.1219
23.1219
23.1219
23.1219
23.1219
23.1219
23.1219
23.1219
21.536
21.536
21.536
21.536
21.536
21.536
21.536
21.536
57.6642
57.6642
57.6642
57.6642
57.6642
57.6642
57.6642
57.6642
57.2312
57.2312
57.2312
57.2312
57.2312
57.2312
57.2312
57.2312
56.2015
56.2015
56.2015
56.2015
56.2015
56.2015
56.2015
56.2015
54.547
54.547
54.547
54.547
54.547
54.547
54.547
54.547
52.2953
52.2953
52.2953
52.2953
52.2953
52.2953
52.2953
52.2953
49.5278
49.5278
49.5278
49.5278
49.5278
49.5278
49.5278
49.5278
46.3708
46.3708
46.3708
46.3708
46.3708
46.3708
46.3708
46.3708
42.9767
42.9767
42.9767
42.9767
42.9767
42.9767
42.9767
42.9767
39.5037
39.5037
39.5037
39.5037
39.5037
39.5037
39.5037
39.5037
36.0976
36.0976
36.0976
36.0976
36.0976
36.0976
36.0976
36.0976
32.878
32.878
32.878
32.878
32.878
32.878
32.878
32.878
29.9317
29.9317
29.9317
29.9317
29.9317
29.9317
29.9317
29.9317
27.3117
27.3117
27.3117
27.3117
27.3117
27.3117
27.3117
27.3117
25.0417
25.0417
25.0417
25.0417
25.0417
25.0417
25.0417
25.0417
23.1219
23.1219
23.1219
23.1219
23.1219
23.1219
23.1219
23.1219
21.536
21.536
21.536
21.536
21.536
21.536
21.536
21.536
56.8446
56.8446
56.8446
56.8446
56.8446
56.8446
56.8446
56.8446
56.1078
56.1078
56.1078
56.1078
56.1078
56.1078
56.1078
56.1078
54.8573
54.8573
54.8573
54.8573
54.8573
54.8573
54.8573
54.8573
53.0714
53.0714
53.0714
53.0714
53.0714
53.0714
53.0714
53.0714
50.7765
50.7765
50.7765
50.7765
50.7765
50.7765
50.7765
50.7765
48.0447
48.0447
48.0447
48.0447
48.0447
48.0447
48.0447
48.0447
44.9864
44.9864
44.9864
44.9864
44.9864
44.9864
44.9864
44.9864
41.7339
41.7339
41.7339
41.7339
41.7339
41.7339
41.7339
41.7339
38.4255
38.4255
38.4255
38.4255
38.4255
38.4255
38.4255
38.4255
35.1888
35.1888
35.1888
35.1888
35.1888
35.1888
35.1888
35.1888
32.1296
32.1296
32.1296
32.1296
32.1296
32.1296
32.1296
32.1296
29.3256
29.3256
29.3256
29.3256
29.3256
29.3256
29.3256
29.3256
26.825
26.825
26.825
26.825
26.825
26.825
26.825
26.825
24.6503
24.6503
24.6503
24.6503
24.6503
24.6503
24.6503
24.6503
22.8027
22.8027
22.8027
22.8027
22.8027
22.8027
22.8027
22.8027
21.2683
21.2683
21.2683
21.2683
21.2683
21.2683
21.2683
21.2683
56.8446
56.8446
56.8446
56.8446
56.8446
56.8446
56.8446
56.8446
56.1078
56.1078
56.1078
56.1078
56.1078
56.1078
56.1078
56.1078
54.8573
54.8573
54.8573
54.8573
54.8573
54.8573
54.8573
54.8573
53.0714
53.0714
53.0714
53.0714
53.0714
53.0714
53.0714
53.0714
50.7765
50.7765
50.7765
50.7765
50.7765
50.7765
50.7765
50.7765
48.0447
48.0447
48.0447
48.0447
48.0447
48.0447
48.0447
48.0447
44.9864
44.9864
44.9864
44.9864
44.9864
44.9864
44.9864
44.9864
41.7339
41.7339
41.7339
41.7339
41.7339
41.7339
41.7339
41.7339
38.4255
38.4255
38.4255
38.4255
38.4255
38.4255
38.4255
38.4255
35.1888
35.1888
35.1888
35.1888
35.1888
35.1888
35.1888
35.1888
32.1296
32.1296
32.1296
32.1296
32.1296
32.1296
32.1296
32.1296
29.3256
29.3256
29.3256
29.3256
29.3256
29.3256
29.3256
29.3256
26.825
26.825
26.825
26.825
26.825
26.825
26.825
26.825
24.6503
24.6503
24.6503
24.6503
24.6503
24.6503
24.6503
24.6503
22.8027
22.8027
22.8027
22.8027
22.8027
22.8027
22.8027
22.8027
21.2683
21.2683
21.2683
21.2683
21.2683
21.2683
21.2683
21.2683
56.8446
56.8446
56.8446
56.8446
56.8446
56.8446
56.8446
56.8446
56.1078
56.1078
56.1078
56.1078
56.1078
56.1078
56.1078
56.1078
54.8573
54.8573
54.8573
54.8573
54.8573
54.8573
54.8573
54.8573
53.0714
53.0714
53.0714
53.0714
53.0714
53.0714
53.0714
53.0714
50.7765
50.7765
50.7765
50.7765
50.7765
50.7765
50.7765
50.7765
48.0447
48.0447
48.0447
48.0447
48.0447
48.0447
48.0447
48.0447
44.9864
44.9864
44.9864
44.9864
44.9864
44.9864
44.9864
44.9864
41.7339
41.7339
41.7339
41.7339
41.7339
41.7339
41.7339
41.7339
38.4255
38.4255
38.4255
38.4255
38.4255
38.4255
38.4255
38.4255
35.1888
35.1888
35.1888
35.1888
35.1888
35.1888
35.1888
35.1888
32.1296
32.1296
32.1296
32.1296
32.1296
32.1296
32.1296
32.1296
29.3256
29.3256
29.3256
29.3256
29.3256
29.3256
29.3256
29.3256
26.825
26.825
26.825
26.825
26.825
26.825
26.825
26.825
24.6503
24.6503
24.6503
24.6503
24.6503
24.6503
24.6503
24.6503
22.8027
22.8027
22.8027
22.8027
22.8027
22.8027
22.8027
22.8027
21.2683
21.2683
21.2683
21.2683
21.2683
21.2683
21.2683
21.2683
56.8446
56.8446
56.8446
56.8446
56.8446
56.8446
56.8446
56.8446
56.1078
56.1078
56.1078
56.1078
56.1078
56.1078
56.1078
56.1078
54.8573
54.8573
54.8573
54.8573
54.8573
54.8573
54.8573
54.8573
53.0714
53.0714
53.0714
53.0714
53.0714
53.0714
53.0714
53.0714
50.7765
50.7765
50.7765
50.7765
50.7765
50.7765
50.7765
50.7765
48.0447
48.0447
48.0447
48.0447
48.0447
48.0447
48.0447
48.0447
44.9864
44.9864
44.9864
44.9864
44.9864
44.9864
44.9864
44.9864
41.7339
41.7339
41.7339
41.7339
41.7339
41.7339
41.7339
41.7339
38.4255
38.4255
38.4255
38.4255
38.4255
38.4255
38.4255
38.4255
35.1888
35.1888
35.1888
35.1888
35.1888
35.1888
35.1888
35.1888
32.1296
32.1296
32.1296
32.1296
32.1296
32.1296
32.1296
32.1296
29.3256
29.3256
29.3256
29.3256
29.3256
29.3256
29.3256
29.3256
26.825
26.825
26.825
26.825
26.825
26.825
26.825
26.825
24.6503
24.6503
24.6503
24.6503
24.6503
24.6503
24.6503
24.6503
22.8027
22.8027
22.8027
22.8027
22.8027
22.8027
22.8027
22.8027
21.2683
21.2683
21.2683
21.2683
21.2683
21.2683
21.2683
21.2683
55.2785
55.2785
55.2785
55.2785
55.2785
55.2785
55.2785
55.2785
54.2985
54.2985
54.2985
54.2985
54.2985
54.2985
54.2985
54.2985
52.9085
52.9085
52.9085
52.9085
52.9085
52.9085
52.9085
52.9085
51.0884
51.0884
51.0884
51.0884
51.0884
51.0884
51.0884
51.0884
48.8566
48.8566
48.8566
48.8566
48.8566
48.8566
48.8566
48.8566
46.2701
46.2701
46.2701
46.2701
46.2701
46.2701
46.2701
46.2701
43.4165
43.4165
43.4165
43.4165
43.4165
43.4165
43.4165
43.4165
40.404
40.404
40.404
40.404
40.404
40.404
40.404
40.404
37.347
37.347
37.347
37.347
37.347
37.347
37.347
37.347
34.3535
34.3535
34.3535
34.3535
34.3535
34.3535
34.3535
34.3535
31.5149
31.5149
31.5149
31.5149
31.5149
31.5149
31.5149
31.5149
28.9004
28.9004
28.9004
28.9004
28.9004
28.9004
28.9004
28.9004
26.5548
26.5548
26.5548
26.5548
26.5548
26.5548
26.5548
26.5548
24.501
24.501
24.501
24.501
24.501
24.501
24.501
24.501
22.7429
22.7429
22.7429
22.7429
22.7429
22.7429
22.7429
22.7429
21.2708
21.2708
21.2708
21.2708
21.2708
21.2708
21.2708
21.2708
55.2785
55.2785
55.2785
55.2785
55.2785
55.2785
55.2785
55.2785
54.2985
54.2985
54.2985
54.2985
54.2985
54.2985
54.2985
54.2985
52.9085
52.9085
52.9085
52.9085
52.9085
52.9085
52.9085
52.9085
51.0884
51.0884
51.0884
51.0884
51.0884
51.0884
51.0884
51.0884
48.8566
48.8566
48.8566
48.8566
48.8566
48.8566
48.8566
48.8566
46.2701
46.2701
46.2701
46.2701
46.2701
46.2701
46.2701
46.2701
43.4165
43.4165
43.4165
43.4165
43.4165
43.4165
43.4165
43.4165
40.404
40.404
40.404
40.404
40.404
40.404
40.404
40.404
37.347
37.347
37.347
37.347
37.347
37.347
37.347
37.347
34.3535
34.3535
34.3535
34.3535
34.3535
34.3535
34.3535
34.3535
31.5149
31.5149
31.5149
31.5149
31.5149
31.5149
31.5149
31.5149
28.9004
28.9004
28.9004
28.9004
28.9004
28.9004
28.9004
28.9004
26.5548
26.5548
26.5548
26.5548
26.5548
26.5548
26.5548
26.5548
24.501
24.501
24.501
24.501
24.501
24.501
24.501
24.501
22.7429
22.7429
22.7429
22.7429
22.7429
22.7429
22.7429
22.7429
21.2708
21.2708
21.2708
21.2708
21.2708
21.2708
21.2708
21.2708
55.2785
55.2785
55.2785
55.2785
55.2785
55.2785
55.2785
55.2785
54.2985
54.2985
54.2985
54.2985
54.2985
54.2985
54.2985
54.2985
52.9085
52.9085
52.9085
52.9085
52.9085
52.9085
52.9085
52.9085
51.0884
51.0884
51.0884
51.0884
51.0884
51.0884
51.0884
51.0884
48.8566
48.8566
48.8566
48.8566
48.8566
48.8566
48.8566
48.8566
46.2701
46.2701
46.2701
46.2701
46.2701
46.2701
46.2701
46.2701
43.4165
43.4165
43.4165
43.4165
43.4165
43.4165
43.4165
43.4165
40.404
40.404
40.404
40.404
40.404
40.404
40.404
40.404
37.347
37.347
37.347
37.347
37.347
37.347
37.347
37.347
34.3535
34.3535
34.3535
34.3535
34.3535
34.3535
34.3535
34.3535
31.5149
31.5149
31.5149
31.5149
31.5149
31.5149
31.5149
31.5149
28.9004
28.9004
28.9004
28.9004
28.9004
28.9004
28.9004
28.9004
26.5548
26.5548
26.5548
26.5548
26.5548
26.5548
26.5548
26.5548
24.501
24.501
24.501
24.501
24.501
24.501
24.501
24.501
22.7429
22.7429
22.7429
22.7429
22.7429
22.7429
22.7429
22.7429
21.2708
21.2708
21.2708
21.2708
21.2708
21.2708
21.2708
21.2708
55.2785
55.2785
55.2785
55.2785
55.2785
55.2785
55.2785
55.2785
54.2985
54.2985
54.2985
54.2985
54.2985
54.2985
54.2985
54.2985
52.9085
52.9085
52.9085
52.9085
52.9085
52.9085
52.9085
52.9085
51.0884
51.0884
51.0884
51.0884
51.0884
51.0884
51.0884
51.0884
48.8566
48.8566
48.8566
48.8566
48.8566
48.8566
48.8566
48.8566
46.2701
46.2701
46.2701
46.2701
46.2701
46.2701
46.2701
46.2701
43.4165
43.4165
43.4165
43.4165
43.4165
43.4165
43.4165
43.4165
40.404
40.404
40.404
40.404
40.404
40.404
40.404
40.404
37.347
37.347
37.347
37.347
37.347
37.347
37.347
37.347
34.3535
34.3535
34.3535
34.3535
34.3535
34.3535
34.3535
34.3535
31.5149
31.5149
31.5149
31.5149
31.5149
31.5149
31.5149
31.5149
28.9004
28.9004
28.9004
28.9004
28.9004
28.9004
28.9004
28.9004
26.5548
26.5548
26.5548
26.5548
26.5548
26.5548
26.5548
26.5548
24.501
24.501
24.501
24.501
24.501
24.501
24.501
24.501
22.7429
22.7429
22.7429
22.7429
22.7429
22.7429
22.7429
22.7429
21.2708
21.2708
21.2708
21.2708
21.2708
21.2708
21.2708
21.2708
53.0039
53.0039
53.0039
53.0039
53.0039
53.0039
53.0039
53.0039
51.8517
51.8517
51.8517
51.8517
51.8517
51.8517
51.8517
51.8517
50.4058
50.4058
50.4058
50.4058
50.4058
50.4058
50.4058
50.4058
48.6433
48.6433
48.6433
48.6433
48.6433
48.6433
48.6433
48.6433
46.5705
46.5705
46.5705
46.5705
46.5705
46.5705
46.5705
46.5705
44.2239
44.2239
44.2239
44.2239
44.2239
44.2239
44.2239
44.2239
41.6658
41.6658
41.6658
41.6658
41.6658
41.6658
41.6658
41.6658
38.9771
38.9771
38.9771
38.9771
38.9771
38.9771
38.9771
38.9771
36.2467
36.2467
36.2467
36.2467
36.2467
36.2467
36.2467
36.2467
33.5618
33.5618
33.5618
33.5618
33.5618
33.5618
33.5618
33.5618
30.999
30.999
30.999
30.999
30.999
30.999
30.999
30.999
28.619
28.619
28.619
28.619
28.619
28.619
28.619
28.619
26.4637
26.4637
26.4637
26.4637
26.4637
26.4637
26.4637
26.4637
24.5574
24.5574
24.5574
24.5574
24.5574
24.5574
24.5574
24.5574
22.9079
22.9079
22.9079
22.9079
22.9079
22.9079
22.9079
22.9079
21.5107
21.5107
21.5107
21.5107
21.5107
21.5107
21.5107
21.5107
53.0039
53.0039
53.0039
53.0039
53.0039
53.0039
53.0039
53.0039
51.8517
51.8517
51.8517
51.8517
51.8517
51.8517
51.8517
51.8517
50.4058
50.4058
50.4058
50.4058
50.4058
50.4058
50.4058
50.4058
48.6433
48.6433
48.6433
48.6433
48.6433
48.6433
48.6433
48.6433
46.5705
46.5705
46.5705
46.5705
46.5705
46.5705
46.5705
46.5705
44.2239
44.2239
44.2239
44.2239
44.2239
44.2239
44.2239
44.2239
41.6658
41.6658
41.6658
41.6658
41.6658
41.6658
41.6658
41.6658
38.9771
38.9771
38.9771
38.9771
38.9771
38.9771
38.9771
38.9771
36.2467
36.2467
36.2467
36.2467
36.2467
36.2467
36.2467
36.2467
33.5618
33.5618
33.5618
33.5618
33.5618
33.5618
33.5618
33.5618
30.999
30.999
30.999
30.999
30.999
30.999
30.999
30.999
28.619
28.619
28.619
28.619
28.619
28.619
28.619
28.619
26.4637
26.4637
26.4637
26.4637
26.4637
26.4637
26.4637
26.4637
24.5574
24.5574
24.5574
24.5574
24.5574
24.5574
24.5574
24.5574
22.9079
22.9079
22.9079
22.9079
22.9079
22.9079
22.9079
22.9079
21.5107
21.5107
21.5107
21.5107
21.5107
21.5107
21.5107
21.5107
53.0039
53.0039
53.0039
53.0039
53.0039
53.0039
53.0039
53.0039
51.8517
51.8517
51.8517
51.8517
51.8517
51.8517
51.8517
51.8517
50.4058
50.4058
50.4058
50.4058
50.4058
50.4058
50.4058
50.4058
48.6433
48.6433
48.6433
48.6433
48.6433
48.6433
48.6433
48.6433
46.5705
46.5705
46.5705
46.5705
46.5705
46.5705
46.5705
46.5705
44.2239
44.2239
44.2239
44.2239
44.2239
44.2239
44.2239
44.2239
41.6658
41.6658
41.6658
41.6658
41.6658
41.6658
41.6658
41.6658
38.9771
38.9771
38.9771
38.9771
38.9771
38.9771
38.9771
38.9771
36.2467
36.2467
36.2467
36.2467
36.2467
36.2467
36.2467
36.2467
33.5618
33.5618
33.5618
33.5618
33.5618
33.5618
33.5618
33.5618
30.999
30.999
30.999
30.999
30.999
30.999
30.999
30.999
28.619
28.619
28.619
28.619
28.619
28.619
28.619
28.619
26.4637
26.4637
26.4637
26.4637
26.4637
26.4637
26.4637
26.4637
24.5574
24.5574
24.5574
24.5574
24.5574
24.5574
24.5574
24.5574
22.9079
22.9079
22.9079
22.9079
22.9079
22.9079
22.9079
22.9079
21.5107
21.5107
21.5107
21.5107
21.5107
21.5107
21.5107
21.5107
53.0039
53.0039
53.0039
53.0039
53.0039
53.0039
53.0039
53.0039
51.8517
51.8517
51.8517
51.8517
51.8517
51.8517
51.8517
51.8517
50.4058
50.4058
50.4058
50.4058
50.4058
50.4058
50.4058
50.4058
48.6433
48.6433
48.6433
48.6433
48.6433
48.6433
48.6433
48.6433
46.5705
46.5705
46.5705
46.5705
46.5705
46.5705
46.5705
46.5705
44.2239
44.2239
44.2239
44.2239
44.2239
44.2239
44.2239
44.2239
41.6658
41.6658
41.6658
41.6658
41.6658
41.6658
41.6658
41.6658
38.9771
38.9771
38.9771
38.9771
38.9771
38.9771
38.9771
38.9771
36.2467
36.2467
36.2467
36.2467
36.2467
36.2467
36.2467
36.2467
33.5618
33.5618
33.5618
33.5618
33.5618
33.5618
33.5618
33.5618
30.999
30.999
30.999
30.999
30.999
30.999
30.999
30.999
28.619
28.619
28.619
28.619
28.619
28.619
28.619
28.619
26.4637
26.4637
26.4637
26.4637
26.4637
26.4637
26.4637
26.4637
24.5574
24.5574
24.5574
24.5574
24.5574
24.5574
24.5574
24.5574
22.9079
22.9079
22.9079
22.9079
22.9079
22.9079
22.9079
22.9079
21.5107
21.5107
21.5107
21.5107
21.5107
21.5107
21.5107
21.5107
50.1093
50.1093
50.1093
50.1093
50.1093
50.1093
50.1093
50.1093
48.8596
48.8596
48.8596
48.8596
48.8596
48.8596
48.8596
48.8596
47.4365
47.4365
47.4365
47.4365
47.4365
47.4365
47.4365
47.4365
45.8107
45.8107
45.8107
45.8107
45.8107
45.8107
45.8107
45.8107
43.974
43.974
43.974
43.974
43.974
43.974
43.974
43.974
41.9412
41.9412
41.9412
41.9412
41.9412
41.9412
41.9412
41.9412
39.7484
39.7484
39.7484
39.7484
39.7484
39.7484
39.7484
39.7484
37.4486
37.4486
37.4486
37.4486
37.4486
37.4486
37.4486
37.4486
35.1048
35.1048
35.1048
35.1048
35.1048
35.1048
35.1048
35.1048
32.7828
32.7828
32.7828
32.7828
32.7828
32.7828
32.7828
32.7828
30.5439
30.5439
30.5439
30.5439
30.5439
30.5439
30.5439
30.5439
28.4399
28.4399
28.4399
28.4399
28.4399
28.4399
28.4399
28.4399
26.5097
26.5097
26.5097
26.5097
26.5097
26.5097
26.5097
26.5097
24.7785
24.7785
24.7785
24.7785
24.7785
24.7785
24.7785
24.7785
23.2588
23.2588
23.2588
23.2588
23.2588
23.2588
23.2588
23.2588
21.9514
21.9514
21.9514
21.9514
21.9514
21.9514
21.9514
21.9514
50.1093
50.1093
50.1093
50.1093
50.1093
50.1093
50.1093
50.1093
48.8596
48.8596
48.8596
48.8596
48.8596
48.8596
48.8596
48.8596
47.4365
47.4365
47.4365
47.4365
47.4365
47.4365
47.4365
47.4365
45.8107
45.8107
45.8107
45.8107
45.8107
45.8107
45.8107
45.8107
43.974
43.974
43.974
43.974
43.974
43.974
43.974
43.974
41.9412
41.9412
41.9412
41.9412
41.9412
41.9412
41.9412
41.9412
39.7484
39.7484
39.7484
39.7484
39.7484
39.7484
39.7484
39.7484
37.4486
37.4486
37.4486
37.4486
37.4486
37.4486
37.4486
37.4486
35.1048
35.1048
35.1048
35.1048
35.1048
35.1048
35.1048
35.1048
32.7828
32.7828
32.7828
32.7828
32.7828
32.7828
32.7828
32.7828
30.5439
30.5439
30.5439
30.5439
30.5439
30.5439
30.5439
30.5439
28.4399
28.4399
28.4399
28.4399
28.4399
28.4399
28.4399
28.4399
26.5097
26.5097
26.5097
26.5097
26.5097
26.5097
26.5097
26.5097
24.7785
24.7785
24.7785
24.7785
24.7785
24.7785
24.7785
24.7785
23.2588
23.2588
23.2588
23.2588
23.2588
23.2588
23.2588
23.2588
21.9514
21.9514
21.9514
21.9514
21.9514
21.9514
21.9514
21.9514
50.1093
50.1093
50.1093
50.1093
50.1093
50.1093
50.1093
50.1093
48.8596
48.8596
48.8596
48.8596
48.8596
48.8596
48.8596
48.8596
47.4365
47.4365
47.4365
47.4365
47.4365
47.4365
47.4365
47.4365
45.8107
45.8107
45.8107
45.8107
45.8107
45.8107
45.8107
45.8107
43.974
43.974
43.974
43.974
43.974
43.974
43.974
43.974
41.9412
41.9412
41.9412
41.9412
41.9412
41.9412
41.9412
41.9412
39.7484
39.7484
39.7484
39.7484
39.7484
39.7484
39.7484
39.7484
37.4486
37.4486
37.4486
37.4486
37.4486
37.4486
37.4486
37.4486
35.1048
35.1048
35.1048
35.1048
35.1048
35.1048
35.1048
35.1048
32.7828
32.7828
32.7828
32.7828
32.7828
32.7828
32.7828
32.7828
30.5439
30.5439
30.5439
30.5439
30.5439
30.5439
30.5439
30.5439
28.4399
28.4399
28.4399
28.4399
28.4399
28.4399
28.4399
28.4399
26.5097
26.5097
26.5097
26.5097
26.5097
26.5097
26.5097
26.5097
24.7785
24.7785
24.7785
24.7785
24.7785
24.7785
24.7785
24.7785
23.2588
23.2588
23.2588
23.2588
23.2588
23.2588
23.2588
23.2588
21.9514
21.9514
21.9514
21.9514
21.9514
21.9514
21.9514
21.9514
50.1093
50.1093
50.1093
50.1093
50.1093
50.1093
50.1093
50.1093
48.8596
48.8596
48.8596
48.8596
48.8596
48.8596
48.8596
48.8596
47.4365
47.4365
47.4365
47.4365
47.4365
47.4365
47.4365
47.4365
45.8107
45.8107
45.8107
45.8107
45.8107
45.8107
45.8107
45.8107
43.974
43.974
43.974
43.974
43.974
43.974
43.974
43.974
41.9412
41.9412
41.9412
41.9412
41.9412
41.9412
41.9412
41.9412
39.7484
39.7484
39.7484
39.7484
39.7484
39.7484
39.7484
39.7484
37.4486
37.4486
37.4486
37.4486
37.4486
37.4486
37.4486
37.4486
35.1048
35.1048
35.1048
35.1048
35.1048
35.1048
35.1048
35.1048
32.7828
32.7828
32.7828
32.7828
32.7828
32.7828
32.7828
32.7828
30.5439
30.5439
30.5439
30.5439
30.5439
30.5439
30.5439
30.5439
28.4399
28.4399
28.4399
28.4399
28.4399
28.4399
28.4399
28.4399
26.5097
26.5097
26.5097
26.5097
26.5097
26.5097
26.5097
26.5097
24.7785
24.7785
24.7785
24.7785
24.7785
24.7785
24.7785
24.7785
23.2588
23.2588
23.2588
23.2588
23.2588
23.2588
23.2588
23.2588
21.9514
21.9514
21.9514
21.9514
21.9514
21.9514
21.9514
21.9514
46.7264
46.7264
46.7264
46.7264
46.7264
46.7264
46.7264
46.7264
45.4511
45.4511
45.4511
45.4511
45.4511
45.4511
45.4511
45.4511
44.1176
44.1176
44.1176
44.1176
44.1176
44.1176
44.1176
44.1176
42.6888
42.6888
42.6888
42.6888
42.6888
42.6888
42.6888
42.6888
41.1423
41.1423
41.1423
41.1423
41.1423
41.1423
41.1423
41.1423
39.4722
39.4722
39.4722
39.4722
39.4722
39.4722
39.4722
39.4722
37.6899
37.6899
37.6899
37.6899
37.6899
37.6899
37.6899
37.6899
35.822
35.822
35.822
35.822
35.822
35.822
35.822
35.822
33.9067
33.9067
33.9067
33.9067
33.9067
33.9067
33.9067
33.9067
31.9882
31.9882
31.9882
31.9882
31.9882
31.9882
31.9882
31.9882
30.1122
30.1122
30.1122
30.1122
30.1122
30.1122
30.1122
30.1122
28.3204
28.3204
28.3204
28.3204
28.3204
28.3204
28.3204
28.3204
26.6477
26.6477
26.6477
26.6477
26.6477
26.6477
26.6477
26.6477
25.1197
25.1197
25.1197
25.1197
25.1197
25.1197
25.1197
25.1197
23.7522
23.7522
23.7522
23.7522
23.7522
23.7522
23.7522
23.7522
22.5517
22.5517
22.5517
22.5517
22.5517
22.5517
22.5517
22.5517
46.7264
46.7264
46.7264
46.7264
46.7264
46.7264
46.7264
46.7264
45.4511
45.4511
45.4511
45.4511
45.4511
45.4511
45.4511
45.4511
44.1176
44.1176
44.1176
44.1176
44.1176
44.1176
44.1176
44.1176
42.6888
42.6888
42.6888
42.6888
42.6888
42.6888
42.6888
42.6888
41.1423
41.1423
41.1423
41.1423
41.1423
41.1423
41.1423
41.1423
39.4722
39.4722
39.4722
39.4722
39.4722
39.4722
39.4722
39.4722
37.6899
37.6899
37.6899
37.6899
37.6899
37.6899
37.6899
37.6899
35.822
35.822
35.822
35.822
35.822
35.822
35.822
35.822
33.9067
33.9067
33.9067
33.9067
33.9067
33.9067
33.9067
33.9067
31.9882
31.9882
31.9882
31.9882
31.9882
31.9882
31.9882
31.9882
30.1122
30.1122
30.1122
30.1122
30.1122
30.1122
30.1122
30.1122
28.3204
28.3204
28.3204
28.3204
28.3204
28.3204
28.3204
28.3204
26.6477
26.6477
26.6477
26.6477
26.6477
26.6477
26.6477
26.6477
25.1197
25.1197
25.1197
25.1197
25.1197
25.1197
25.1197
25.1197
23.7522
23.7522
23.7522
23.7522
23.7522
23.7522
23.7522
23.7522
22.5517
22.5517
22.5517
22.5517
22.5517
22.5517
22.5517
22.5517
46.7264
46.7264
46.7264
46.7264
46.7264
46.7264
46.7264
46.7264
45.4511
45.4511
45.4511
45.4511
45.4511
45.4511
45.4511
45.4511
44.1176
44.1176
44.1176
44.1176
44.1176
44.1176
44.1176
44.1176
42.6888
42.6888
42.6888
42.6888
42.6888
42.6888
42.6888
42.6888
41.1423
41.1423
41.1423
41.1423
41.1423
41.1423
41.1423
41.1423
39.4722
39.4722
39.4722
39.4722
39.4722
39.4722
39.4722
39.4722
37.6899
37.6899
37.6899
37.6899
37.6899
37.6899
37.6899
37.6899
35.822
35.822
35.822
35.822
35.822
35.822
35.822
35.822
33.9067
33.9067
33.9067
33.9067
33.9067
33.9067
33.9067
33.9067
31.9882
31.9882
31.9882
31.9882
31.9882
31.9882
31.9882
31.9882
30.1122
30.1122
30.1122
30.1122
30.1122
30.1122
30.1122
30.1122
28.3204
28.3204
28.3204
28.3204
28.3204
28.3204
28.3204
28.3204
26.6477
26.6477
26.6477
26.6477
26.6477
26.6477
26.6477
26.6477
25.1197
25.1197
25.1197
25.1197
25.1197
25.1197
25.1197
25.1197
23.7522
23.7522
23.7522
23.7522
23.7522
23.7522
23.7522
23.7522
22.5517
22.5517
22.5517
22.5517
22.5517
22.5517
22.5517
22.5517
46.7264
46.7264
46.7264
46.7264
46.7264
46.7264
46.7264
46.7264
45.4511
45.4511
45.4511
45.4511
45.4511
45.4511
45.4511
45.4511
44.1176
44.1176
44.1176
44.1176
44.1176
44.1176
44.1176
44.1176
42.6888
42.6888
42.6888
42.6888
42.6888
42.6888
42.6888
42.6888
41.1423
41.1423
41.1423
41.1423
41.1423
41.1423
41.1423
41.1423
39.4722
39.4722
39.4722
39.4722
39.4722
39.4722
39.4722
39.4722
37.6899
37.6899
37.6899
37.6899
37.6899
37.6899
37.6899
37.6899
35.822
35.822
35.822
35.822
35.822
35.822
35.822
35.822
33.9067
33.9067
33.9067
33.9067
33.9067
33.9067
33.9067
33.9067
31.9882
31.9882
31.9882
31.9882
31.9882
31.9882
31.9882
31.9882
30.1122
30.1122
30.1122
30.1122
30.1122
30.1122
30.1122
30.1122
28.3204
28.3204
28.3204
28.3204
28.3204
28.3204
28.3204
28.3204
26.6477
26.6477
26.6477
26.6477
26.6477
26.6477
26.6477
26.6477
25.1197
25.1197
25.1197
25.1197
25.1197
25.1197
25.1197
25.1197
23.7522
23.7522
23.7522
23.7522
23.7522
23.7522
23.7522
23.7522
22.5517
22.5517
22.5517
22.5517
22.5517
22.5517
22.5517
22.5517
43.0159
43.0159
43.0159
43.0159
43.0159
43.0159
43.0159
43.0159
41.7779
41.7779
41.7779
41.7779
41.7779
41.7779
41.7779
41.7779
40.5845
40.5845
40.5845
40.5845
40.5845
40.5845
40.5845
40.5845
39.3916
39.3916
39.3916
39.3916
39.3916
39.3916
39.3916
39.3916
38.1645
38.1645
38.1645
38.1645
38.1645
38.1645
38.1645
38.1645
36.8799
36.8799
36.8799
36.8799
36.8799
36.8799
36.8799
36.8799
35.5279
35.5279
35.5279
35.5279
35.5279
35.5279
35.5279
35.5279
34.1117
34.1117
34.1117
34.1117
34.1117
34.1117
34.1117
34.1117
32.6465
32.6465
32.6465
32.6465
32.6465
32.6465
32.6465
32.6465
31.1563
31.1563
31.1563
31.1563
31.1563
31.1563
31.1563
31.1563
29.6704
29.6704
29.6704
29.6704
29.6704
29.6704
29.6704
29.6704
28.2196
28.2196
28.2196
28.2196
28.2196
28.2196
28.2196
28.2196
26.8327
26.8327
26.8327
26.8327
26.8327
26.8327
26.8327
26.8327
25.5338
25.5338
25.5338
25.5338
25.5338
25.5338
25.5338
25.5338
24.341
24.341
24.341
24.341
24.341
24.341
24.341
24.341
23.2653
23.2653
23.2653
23.2653
23.2653
23.2653
23.2653
23.2653
43.0159
43.0159
43.0159
43.0159
43.0159
43.0159
43.0159
43.0159
41.7779
41.7779
41.7779
41.7779
41.7779
41.7779
41.7779
41.7779
40.5845
40.5845
40.5845
40.5845
40.5845
40.5845
40.5845
40.5845
39.3916
39.3916
39.3916
39.3916
39.3916
39.3916
39.3916
39.3916
38.1645
38.1645
38.1645
38.1645
38.1645
38.1645
38.1645
38.1645
36.8799
36.8799
36.8799
36.8799
36.8799
36.8799
36.8799
36.8799
35.5279
35.5279
35.5279
35.5279
35.5279
35.5279
35.5279
35.5279
34.1117
34.1117
34.1117
34.1117
34.1117
34.1117
34.1117
34.1117
32.6465
32.6465
32.6465
32.6465
32.6465
32.6465
32.6465
32.6465
31.1563
31.1563
31.1563
31.1563
31.1563
31.1563
31.1563
31.1563
29.6704
29.6704
29.6704
29.6704
29.6704
29.6704
29.6704
29.6704
28.2196
28.2196
28.2196
28.2196
28.2196
28.2196
28.2196
28.2196
26.8327
26.8327
26.8327
26.8327
26.8327
26.8327
26.8327
26.8327
25.5338
25.5338
25.5338
25.5338
25.5338
25.5338
25.5338
25.5338
24.341
24.341
24.341
24.341
24.341
24.341
24.341
24.341
23.2653
23.2653
23.2653
23.2653
23.2653
23.2653
23.2653
23.2653
43.0159
43.0159
43.0159
43.0159
43.0159
43.0159
43.0159
43.0159
41.7779
41.7779
41.7779
41.7779
41.7779
41.7779
41.7779
41.7779
40.5845
40.5845
40.5845
40.5845
40.5845
40.5845
40.5845
40.5845
39.3916
39.3916
39.3916
39.3916
39.3916
39.3916
39.3916
39.3916
38.1645
38.1645
38.1645
38.1645
38.1645
38.1645
38.1645
38.1645
36.8799
36.8799
36.8799
36.8799
36.8799
36.8799
36.8799
36.8799
35.5279
35.5279
35.5279
35.5279
35.5279
35.5279
35.5279
35.5279
34.1117
34.1117
34.1117
34.1117
34.1117
34.1117
34.1117
34.1117
32.6465
32.6465
32.6465
32.6465
32.6465
32.6465
32.6465
32.6465
31.1563
31.1563
31.1563
31.1563
31.1563
31.1563
31.1563
31.1563
29.6704
29.6704
29.6704
29.6704
29.6704
29.6704
29.6704
29.6704
28.2196
28.2196
28.2196
28.2196
28.2196
28.2196
28.2196
28.2196
26.8327
26.8327
26.8327
26.8327
26.8327
26.8327
26.8327
26.8327
25.5338
25.5338
25.5338
25.5338
25.5338
25.5338
25.5338
25.5338
24.341
24.341
24.341
24.341
24.341
24.341
24.341
24.341
23.2653
23.2653
23.2653
23.2653
23.2653
23.2653
23.2653
23.2653
43.0159
43.0159
43.0159
43.0159
43.0159
43.0159
43.0159
43.0159
41.7779
41.7779
41.7779
41.7779
41.7779
41.7779
41.7779
41.7779
40.5845
40.5845
40.5845
40.5845
40.5845
40.5845
40.5845
40.5845
39.3916
39.3916
39.3916
39.3916
39.3916
39.3916
39.3916
39.3916
38.1645
38.1645
38.1645
38.1645
38.1645
38.1645
38.1645
38.1645
36.8799
36.8799
36.8799
36.8799
36.8799
36.8799
36.8799
36.8799
35.5279
35.5279
35.5279
35.5279
35.5279
35.5279
35.5279
35.5279
34.1117
34.1117
34.1117
34.1117
34.1117
34.1117
34.1117
34.1117
32.6465
32.6465
32.6465
32.6465
32.6465
32.6465
32.6465
32.6465
31.1563
31.1563
31.1563
31.1563
31.1563
31.1563
31.1563
31.1563
29.6704
29.6704
29.6704
29.6704
29.6704
29.6704
29.6704
29.6704
28.2196
28.2196
28.2196
28.2196
28.2196
28.2196
28.2196
28.2196
26.8327
26.8327
26.8327
26.8327
26.8327
26.8327
26.8327
26.8327
25.5338
25.5338
25.5338
25.5338
25.5338
25.5338
25.5338
25.5338
24.341
24.341
24.341
24.341
24.341
24.341
24.341
24.341
23.2653
23.2653
23.2653
23.2653
23.2653
23.2653
23.2653
23.2653
39.1504
39.1504
39.1504
39.1504
39.1504
39.1504
39.1504
39.1504
37.9992
37.9992
37.9992
37.9992
37.9992
37.9992
37.9992
37.9992
36.9783
36.9783
36.9783
36.9783
36.9783
36.9783
36.9783
36.9783
36.0388
36.0388
36.0388
36.0388
36.0388
36.0388
36.0388
36.0388
35.1367
35.1367
35.1367
35.1367
35.1367
35.1367
35.1367
35.1367
34.2359
34.2359
34.2359
34.2359
34.2359
34.2359
34.2359
34.2359
33.3097
33.3097
33.3097
33.3097
33.3097
33.3097
33.3097
33.3097
32.3424
32.3424
32.3424
32.3424
32.3424
32.3424
32.3424
32.3424
31.3291
31.3291
31.3291
31.3291
31.3291
31.3291
31.3291
31.3291
30.2749
30.2749
30.2749
30.2749
30.2749
30.2749
30.2749
30.2749
29.193
29.193
29.193
29.193
29.193
29.193
29.193
29.193
28.1016
28.1016
28.1016
28.1016
28.1016
28.1016
28.1016
28.1016
27.0218
27.0218
27.0218
27.0218
27.0218
27.0218
27.0218
27.0218
25.9741
25.9741
25.9741
25.9741
25.9741
25.9741
25.9741
25.9741
24.9764
24.9764
24.9764
24.9764
24.9764
24.9764
24.9764
24.9764
24.0426
24.0426
24.0426
24.0426
24.0426
24.0426
24.0426
24.0426
39.1504
39.1504
39.1504
39.1504
39.1504
39.1504
39.1504
39.1504
37.9992
37.9992
37.9992
37.9992
37.9992
37.9992
37.9992
37.9992
36.9783
36.9783
36.9783
36.9783
36.9783
36.9783
36.9783
36.9783
36.0388
36.0388
36.0388
36.0388
36.0388
36.0388
36.0388
36.0388
35.1367
35.1367
35.1367
35.1367
35.1367
35.1367
35.1367
35.1367
34.2359
34.2359
34.2359
34.2359
34.2359
34.2359
34.2359
34.2359
33.3097
33.3097
33.3097
33.3097
33.3097
33.3097
33.3097
33.3097
32.3424
32.3424
32.3424
32.3424
32.3424
32.3424
32.3424
32.3424
31.3291
31.3291
31.3291
31.3291
31.3291
31.3291
31.3291
31.3291
30.2749
30.2749
30.2749
30.2749
30.2749
30.2749
30.2749
30.2749
29.193
29.193
29.193
29.193
29.193
29.193
29.193
29.193
28.1016
28.1016
28.1016
28.1016
28.1016
28.1016
28.1016
28.1016
27.0218
27.0218
27.0218
27.0218
27.0218
27.0218
27.0218
27.0218
25.9741
25.9741
25.9741
25.9741
25.9741
25.9741
25.9741
25.9741
24.9764
24.9764
24.9764
24.9764
24.9764
24.9764
24.9764
24.9764
24.0426
24.0426
24.0426
24.0426
24.0426
24.0426
24.0426
24.0426
39.1504
39.1504
39.1504
39.1504
39.1504
39.1504
39.1504
39.1504
37.9992
37.9992
37.9992
37.9992
37.9992
37.9992
37.9992
37.9992
36.9783
36.9783
36.9783
36.9783
36.9783
36.9783
36.9783
36.9783
36.0388
36.0388
36.0388
36.0388
36.0388
36.0388
36.0388
36.0388
35.1367
35.1367
35.1367
35.1367
35.1367
35.1367
35.1367
35.1367
34.2359
34.2359
34.2359
34.2359
34.2359
34.2359
34.2359
34.2359
33.3097
33.3097
33.3097
33.3097
33.3097
33.3097
33.3097
33.3097
32.3424
32.3424
32.3424
32.3424
32.3424
32.3424
32.3424
32.3424
31.3291
31.3291
31.3291
31.3291
31.3291
31.3291
31.3291
31.3291
30.2749
30.2749
30.2749
30.2749
30.2749
30.2749
30.2749
30.2749
29.193
29.193
29.193
29.193
29.193
29.193
29.193
29.193
28.1016
28.1016
28.1016
28.1016
28.1016
28.1016
28.1016
28.1016
27.0218
27.0218
27.0218
27.0218
27.0218
27.0218
27.0218
27.0218
25.9741
25.9741
25.9741
25.9741
25.9741
25.9741
25.9741
25.9741
24.9764
24.9764
24.9764
24.9764
24.9764
24.9764
24.9764
24.9764
24.0426
24.0426
24.0426
24.0426
24.0426
24.0426
24.0426
24.0426
39.1504
39.1504
39.1504
39.1504
39.1504
39.1504
39.1504
39.1504
37.9992
37.9992
37.9992
37.9992
37.9992
37.9992
37.9992
37.9992
36.9783
36.9783
36.9783
36.9783
36.9783
36.9783
36.9783
36.9783
36.0388
36.0388
36.0388
36.0388
36.0388
36.0388
36.0388
36.0388
35.1367
35.1367
35.1367
35.1367
35.1367
35.1367
35.1367
35.1367
34.2359
34.2359
34.2359
34.2359
34.2359
34.2359
34.2359
34.2359
33.3097
33.3097
33.3097
33.3097
33.3097
33.3097
33.3097
33.3097
32.3424
32.3424
32.3424
32.3424
32.3424
32.3424
32.3424
32.3424
31.3291
31.3291
31.3291
31.3291
31.3291
31.3291
31.3291
31.3291
30.2749
30.2749
30.2749
30.2749
30.2749
30.2749
30.2749
30.2749
29.193
29.193
29.193
29.193
29.193
29.193
29.193
29.193
28.1016
28.1016
28.1016
28.1016
28.1016
28.1016
28.1016
28.1016
27.0218
27.0218
27.0218
27.0218
27.0218
27.0218
27.0218
27.0218
25.9741
25.9741
25.9741
25.9741
25.9741
25.9741
25.9741
25.9741
24.9764
24.9764
24.9764
24.9764
24.9764
24.9764
24.9764
24.9764
24.0426
24.0426
24.0426
24.0426
24.0426
24.0426
24.0426
24.0426
35.2958
35.2958
35.2958
35.2958
35.2958
35.2958
35.2958
35.2958
34.2658
34.2658
34.2658
34.2658
34.2658
34.2658
34.2658
34.2658
33.4325
33.4325
33.4325
33.4325
33.4325
33.4325
33.4325
33.4325
32.7447
32.7447
32.7447
32.7447
32.7447
32.7447
32.7447
32.7447
32.1535
32.1535
32.1535
32.1535
32.1535
32.1535
32.1535
32.1535
31.6146
31.6146
31.6146
31.6146
31.6146
31.6146
31.6146
31.6146
31.0897
31.0897
31.0897
31.0897
31.0897
31.0897
31.0897
31.0897
30.5486
30.5486
30.5486
30.5486
30.5486
30.5486
30.5486
30.5486
29.9701
29.9701
29.9701
29.9701
29.9701
29.9701
29.9701
29.9701
29.3428
29.3428
29.3428
29.3428
29.3428
29.3428
29.3428
29.3428
28.664
28.664
28.664
28.664
28.664
28.664
28.664
28.664
27.9388
27.9388
27.9388
27.9388
27.9388
27.9388
27.9388
27.9388
27.1782
27.1782
27.1782
27.1782
27.1782
27.1782
27.1782
27.1782
26.3968
26.3968
26.3968
26.3968
26.3968
26.3968
26.3968
26.3968
25.61
25.61
25.61
25.61
25.61
25.61
25.61
25.61
24.8327
24.8327
24.8327
24.8327
24.8327
24.8327
24.8327
24.8327
35.2958
35.2958
35.2958
35.2958
35.2958
35.2958
35.2958
35.2958
34.2658
34.2658
34.2658
34.2658
34.2658
34.2658
34.2658
34.2658
33.4325
33.4325
33.4325
33.4325
33.4325
33.4325
33.4325
33.4325
32.7447
32.7447
32.7447
32.7447
32.7447
32.7447
32.7447
32.7447
32.1535
32.1535
32.1535
32.1535
32.1535
32.1535
32.1535
32.1535
31.6146
31.6146
31.6146
31.6146
31.6146
31.6146
31.6146
31.6146
31.0897
31.0897
31.0897
31.0897
31.0897
31.0897
31.0897
31.0897
30.5486
30.5486
30.5486
30.5486
30.5486
30.5486
30.5486
30.5486
29.9701
29.9701
29.9701
29.9701
29.9701
29.9701
29.9701
29.9701
29.3428
29.3428
29.3428
29.3428
29.3428
29.3428
29.3428
29.3428
28.664
28.664
28.664
28.664
28.664
28.664
28.664
28.664
27.9388
27.9388
27.9388
27.9388
27.9388
27.9388
27.9388
27.9388
27.1782
27.1782
27.1782
27.1782
27.1782
27.1782
27.1782
27.1782
26.3968
26.3968
26.3968
26.3968
26.3968
26.3968
26.3968
26.3968
25.61
25.61
25.61
25.61
25.61
25.61
25.61
25.61
24.8327
24.8327
24.8327
24.8327
24.8327
24.8327
24.8327
24.8327
35.2958
35.2958
35.2958
35.2958
35.2958
35.2958
35.2958
35.2958
34.2658
34.2658
34.2658
34.2658
34.2658
34.2658
34.2658
34.2658
33.4325
33.4325
33.4325
33.4325
33.4325
33.4325
33.4325
33.4325
32.7447
32.7447
32.7447
32.7447
32.7447
32.7447
32.7447
32.7447
32.1535
32.1535
32.1535
32.1535
32.1535
32.1535
32.1535
32.1535
31.6146
31.6146
31.6146
31.6146
31.6146
31.6146
31.6146
31.6146
31.0897
31.0897
31.0897
31.0897
31.0897
31.0897
31.0897
31.0897
30.5486
30.5486
30.5486
30.5486
30.5486
30.5486
30.5486
30.5486
29.9701
29.9701
29.9701
29.9701
29.9701
29.9701
29.9701
29.9701
29.3428
29.3428
29.3428
29.3428
29.3428
29.3428
29.3428
29.3428
28.664
28.664
28.664
28.664
28.664
28.664
28.664
28.664
27.9388
27.9388
27.9388
27.9388
27.9388
27.9388
27.9388
27.9388
27.1782
27.1782
27.1782
27.1782
27.1782
27.1782
27.1782
27.1782
26.3968
26.3968
26.3968
26.3968
26.3968
26.3968
26.3968
26.3968
25.61
25.61
25.61
25.61
25.61
25.61
25.61
25.61
24.8327
24.8327
24.8327
24.8327
24.8327
24.8327
24.8327
24.8327
35.2958
35.2958
35.2958
35.2958
35.2958
35.2958
35.2958
35.2958
34.2658
34.2658
34.2658
34.2658
34.2658
34.2658
34.2658
34.2658
33.4325
33.4325
33.4325
33.4325
33.4325
33.4325
33.4325
33.4325
32.7447
32.7447
32.7447
32.7447
32.7447
32.7447
32.7447
32.7447
32.1535
32.1535
32.1535
32.1535
32.1535
32.1535
32.1535
32.1535
31.6146
31.6146
31.6146
31.6146
31.6146
31.6146
31.6146
31.6146
31.0897
31.0897
31.0897
31.0897
31.0897
31.0897
31.0897
31.0897
30.5486
30.5486
30.5486
30.5486
30.5486
30.5486
30.5486
30.5486
29.9701
29.9701
29.9701
29.9701
29.9701
29.9701
29.9701
29.9701
29.3428
29.3428
29.3428
29.3428
29.3428
29.3428
29.3428
29.3428
28.664
28.664
28.664
28.664
28.664
28.664
28.664
28.664
27.9388
27.9388
27.9388
27.9388
27.9388
27.9388
27.9388
27.9388
27.1782
27.1782
27.1782
27.1782
27.1782
27.1782
27.1782
27.1782
26.3968
26.3968
26.3968
26.3968
26.3968
26.3968
26.3968
26.3968
25.61
25.61
25.61
25.61
25.61
25.61
25.61
25.61
24.8327
24.8327
24.8327
24.8327
24.8327
24.8327
24.8327
24.8327
31.5968
31.5968
31.5968
31.5968
31.5968
31.5968
31.5968
31.5968
30.707
30.707
30.707
30.707
30.707
30.707
30.707
30.707
30.0616
30.0616
30.0616
30.0616
30.0616
30.0616
30.0616
30.0616
29.6095
29.6095
29.6095
29.6095
29.6095
29.6095
29.6095
29.6095
29.3007
29.3007
29.3007
29.3007
29.3007
29.3007
29.3007
29.3007
29.087
29.087
29.087
29.087
29.087
29.087
29.087
29.087
28.9238
28.9238
28.9238
28.9238
28.9238
28.9238
28.9238
28.9238
28.771
28.771
28.771
28.771
28.771
28.771
28.771
28.771
28.595
28.595
28.595
28.595
28.595
28.595
28.595
28.595
28.3702
28.3702
28.3702
28.3702
28.3702
28.3702
28.3702
28.3702
28.0794
28.0794
28.0794
28.0794
28.0794
28.0794
28.0794
28.0794
27.7142
27.7142
27.7142
27.7142
27.7142
27.7142
27.7142
27.7142
27.274
27.274
27.274
27.274
27.274
27.274
27.274
27.274
26.7652
26.7652
26.7652
26.7652
26.7652
26.7652
26.7652
26.7652
26.1984
26.1984
26.1984
26.1984
26.1984
26.1984
26.1984
26.1984
25.587
25.587
25.587
25.587
25.587
25.587
25.587
25.587
31.5968
31.5968
31.5968
31.5968
31.5968
31.5968
31.5968
31.5968
30.707
30.707
30.707
30.707
30.707
30.707
30.707
30.707
30.0616
30.0616
30.0616
30.0616
30.0616
30.0616
30.0616
30.0616
29.6095
29.6095
29.6095
29.6095
29.6095
29.6095
29.6095
29.6095
29.3007
29.3007
29.3007
29.3007
29.3007
29.3007
29.3007
29.3007
29.087
29.087
29.087
29.087
29.087
29.087
29.087
29.087
28.9238
28.9238
28.9238
28.9238
28.9238
28.9238
28.9238
28.9238
28.771
28.771
28.771
28.771
28.771
28.771
28.771
28.771
28.595
28.595
28.595
28.595
28.595
28.595
28.595
28.595
28.3702
28.3702
28.3702
28.3702
28.3702
28.3702
28.3702
28.3702
28.0794
28.0794
28.0794
28.0794
28.0794
28.0794
28.0794
28.0794
27.7142
27.7142
27.7142
27.7142
27.7142
27.7142
27.7142
27.7142
27.274
27.274
27.274
27.274
27.274
27.274
27.274
27.274
26.7652
26.7652
26.7652
26.7652
26.7652
26.7652
26.7652
26.7652
26.1984
26.1984
26.1984
26.1984
26.1984
26.1984
26.1984
26.1984
25.587
25.587
25.587
25.587
25.587
25.587
25.587
25.587
31.5968
31.5968
31.5968
31.5968
31.5968
31.5968
31.5968
31.5968
30.707
30.707
30.707
30.707
30.707
30.707
30.707
30.707
30.0616
30.0616
30.0616
30.0616
30.0616
30.0616
30.0616
30.0616
29.6095
29.6095
29.6095
29.6095
29.6095
29.6095
29.6095
29.6095
29.3007
29.3007
29.3007
29.3007
29.3007
29.3007
29.3007
29.3007
29.087
29.087
29.087
29.087
29.087
29.087
29.087
29.087
28.9238
28.9238
28.9238
28.9238
28.9238
28.9238
28.9238
28.9238
28.771
28.771
28.771
28.771
28.771
28.771
28.771
28.771
28.595
28.595
28.595
28.595
28.595
28.595
28.595
28.595
28.3702
28.3702
28.3702
28.3702
28.3702
28.3702
28.3702
28.3702
28.0794
28.0794
28.0794
28.0794
28.0794
28.0794
28.0794
28.0794
27.7142
27.7142
27.7142
27.7142
27.7142
27.7142
27.7142
27.7142
27.274
27.274
27.274
27.274
27.274
27.274
27.274
27.274
26.7652
26.7652
26.7652
26.7652
26.7652
26.7652
26.7652
26.7652
26.1984
26.1984
26.1984
26.1984
26.1984
26.1984
26.1984
26.1984
25.587
25.587
25.587
25.587
25.587
25.587
25.587
25.587
31.5968
31.5968
31.5968
31.5968
31.5968
31.5968
31.5968
31.5968
30.707
30.707
30.707
30.707
30.707
30.707
30.707
30.707
30.0616
30.0616
30.0616
30.0616
30.0616
30.0616
30.0616
30.0616
29.6095
29.6095
29.6095
29.6095
29.6095
29.6095
29.6095
29.6095
29.3007
29.3007
29.3007
29.3007
29.3007
29.3007
29.3007
29.3007
29.087
29.087
29.087
29.087
29.087
29.087
29.087
29.087
28.9238
28.9238
28.9238
28.9238
28.9238
28.9238
28.9238
28.9238
28.771
28.771
28.771
28.771
28.771
28.771
28.771
28.771
28.595
28.595
28.595
28.595
28.595
28.595
28.595
28.595
28.3702
28.3702
28.3702
28.3702
28.3702
28.3702
28.3702
28.3702
28.0794
28.0794
28.0794
28.0794
28.0794
28.0794
28.0794
28.0794
27.7142
27.7142
27.7142
27.7142
27.7142
27.7142
27.7142
27.7142
27.274
27.274
27.274
27.274
27.274
27.274
27.274
27.274
26.7652
26.7652
26.7652
26.7652
26.7652
26.7652
26.7652
26.7652
26.1984
26.1984
26.1984
26.1984
26.1984
26.1984
26.1984
26.1984
25.587
25.587
25.587
25.587
25.587
25.587
25.587
25.587
28.1661
28.1661
28.1661
28.1661
28.1661
28.1661
28.1661
28.1661
27.423
27.423
27.423
27.423
27.423
27.423
27.423
27.423
26.9545
26.9545
26.9545
26.9545
26.9545
26.9545
26.9545
26.9545
26.7126
26.7126
26.7126
26.7126
26.7126
26.7126
26.7126
26.7126
26.649
26.649
26.649
26.649
26.649
26.649
26.649
26.649
26.7158
26.7158
26.7158
26.7158
26.7158
26.7158
26.7158
26.7158
26.8658
26.8658
26.8658
26.8658
26.8658
26.8658
26.8658
26.8658
27.0533
27.0533
27.0533
27.0533
27.0533
27.0533
27.0533
27.0533
27.2363
27.2363
27.2363
27.2363
27.2363
27.2363
27.2363
27.2363
27.3775
27.3775
27.3775
27.3775
27.3775
27.3775
27.3775
27.3775
27.447
27.447
27.447
27.447
27.447
27.447
27.447
27.447
27.423
27.423
27.423
27.423
27.423
27.423
27.423
27.423
27.2928
27.2928
27.2928
27.2928
27.2928
27.2928
27.2928
27.2928
27.0525
27.0525
27.0525
27.0525
27.0525
27.0525
27.0525
27.0525
26.7061
26.7061
26.7061
26.7061
26.7061
26.7061
26.7061
26.7061
26.2635
26.2635
26.2635
26.2635
26.2635
26.2635
26.2635
26.2635
28.1661
28.1661
28.1661
28.1661
28.1661
28.1661
28.1661
28.1661
27.423
27.423
27.423
27.423
27.423
27.423
27.423
27.423
26.9545
26.9545
26.9545
26.9545
26.9545
26.9545
26.9545
26.9545
26.7126
26.7126
26.7126
26.7126
26.7126
26.7126
26.7126
26.7126
26.649
26.649
26.649
26.649
26.649
26.649
26.649
26.649
26.7158
26.7158
26.7158
26.7158
26.7158
26.7158
26.7158
26.7158
26.8658
26.8658
26.8658
26.8658
26.8658
26.8658
26.8658
26.8658
27.0533
27.0533
27.0533
27.0533
27.0533
27.0533
27.0533
27.0533
27.2363
27.2363
27.2363
27.2363
27.2363
27.2363
27.2363
27.2363
27.3775
27.3775
27.3775
27.3775
27.3775
27.3775
27.3775
27.3775
27.447
27.447
27.447
27.447
27.447
27.447
27.447
27.447
27.423
27.423
27.423
27.423
27.423
27.423
27.423
27.423
27.2928
27.2928
27.2928
27.2928
27.2928
27.2928
27.2928
27.2928
27.0525
27.0525
27.0525
27.0525
27.0525
27.0525
27.0525
27.0525
26.7061
26.7061
26.7061
26.7061
26.7061
26.7061
26.7061
26.7061
26.2635
26.2635
26.2635
26.2635
26.2635
26.2635
26.2635
26.2635
28.1661
28.1661
28.1661
28.1661
28.1661
28.1661
28.1661
28.1661
27.423
27.423
27.423
27.423
27.423
27.423
27.423
27.423
26.9545
26.9545
26.9545
26.9545
26.9545
26.9545
26.9545
26.9545
26.7126
26.7126
26.7126
26.7126
26.7126
26.7126
26.7126
26.7126
26.649
26.649
26.649
26.649
26.649
26.649
26.649
26.649
26.7158
26.7158
26.7158
26.7158
26.7158
26.7158
26.7158
26.7158
26.8658
26.8658
26.8658
26.8658
26.8658
26.8658
26.8658
26.8658
27.0533
27.0533
27.0533
27.0533
27.0533
27.0533
27.0533
27.0533
27.2363
27.2363
27.2363
27.2363
27.2363
27.2363
27.2363
27.2363
27.3775
27.3775
27.3775
27.3775
27.3775
27.3775
27.3775
27.3775
27.447
27.447
27.447
27.447
27.447
27.447
27.447
27.447
27.423
27.423
27.423
27.423
27.423
27.423
27.423
27.423
27.2928
27.2928
27.2928
27.2928
27.2928
27.2928
27.2928
27.2928
27.0525
27.0525
27.0525
27.0525
27.0525
27.0525
27.0525
27.0525
26.7061
26.7061
26.7061
26.7061
26.7061
26.7061
26.7061
26.7061
26.2635
26.2635
26.2635
26.2635
26.2635
26.2635
26.2635
26.2635
28.1661
28.1661
28.1661
28.1661
28.1661
28.1661
28.1661
28.1661
27.423
27.423
27.423
27.423
27.423
27.423
27.423
27.423
26.9545
26.9545
26.9545
26.9545
26.9545
26.9545
26.9545
26.9545
26.7126
26.7126
26.7126
26.7126
26.7126
26.7126
26.7126
26.7126
26.649
26.649
26.649
26.649
26.649
26.649
26.649
26.649
26.7158
26.7158
26.7158
26.7158
26.7158
26.7158
26.7158
26.7158
26.8658
26.8658
26.8658
26.8658
26.8658
26.8658
26.8658
26.8658
27.0533
27.0533
27.0533
27.0533
27.0533
27.0533
27.0533
27.0533
27.2363
27.2363
27.2363
27.2363
27.2363
27.2363
27.2363
27.2363
27.3775
27.3775
27.3775
27.3775
27.3775
27.3775
27.3775
27.3775
27.447
27.447
27.447
27.447
27.447
27.447
27.447
27.447
27.423
27.423
27.423
27.423
27.423
27.423
27.423
27.423
27.2928
27.2928
27.2928
27.2928
27.2928
27.2928
27.2928
27.2928
27.0525
27.0525
27.0525
27.0525
27.0525
27.0525
27.0525
27.0525
26.7061
26.7061
26.7061
26.7061
26.7061
26.7061
26.7061
26.7061
26.2635
26.2635
26.2635
26.2635
26.2635
26.2635
26.2635
26.2635
25.0816
25.0816
25.0816
25.0816
25.0816
25.0816
25.0816
25.0816
24.4814
24.4814
24.4814
24.4814
24.4814
24.4814
24.4814
24.4814
24.1721
24.1721
24.1721
24.1721
24.1721
24.1721
24.1721
24.1721
24.1102
24.1102
24.1102
24.1102
24.1102
24.1102
24.1102
24.1102
24.2517
24.2517
24.2517
24.2517
24.2517
24.2517
24.2517
24.2517
24.5515
24.5515
24.5515
24.5515
24.5515
24.5515
24.5515
24.5515
24.9629
24.9629
24.9629
24.9629
24.9629
24.9629
24.9629
24.9629
25.4383
25.4383
25.4383
25.4383
25.4383
25.4383
25.4383
25.4383
25.93
25.93
25.93
25.93
25.93
25.93
25.93
25.93
26.3926
26.3926
26.3926
26.3926
26.3926
26.3926
26.3926
26.3926
26.7849
26.7849
26.7849
26.7849
26.7849
26.7849
26.7849
26.7849
27.0726
27.0726
27.0726
27.0726
27.0726
27.0726
27.0726
27.0726
27.2308
27.2308
27.2308
27.2308
27.2308
27.2308
27.2308
27.2308
27.2447
27.2447
27.2447
27.2447
27.2447
27.2447
27.2447
27.2447
27.1097
27.1097
27.1097
27.1097
27.1097
27.1097
27.1097
27.1097
26.831
26.831
26.831
26.831
26.831
26.831
26.831
26.831
25.0816
25.0816
25.0816
25.0816
25.0816
25.0816
25.0816
25.0816
24.4814
24.4814
24.4814
24.4814
24.4814
24.4814
24.4814
24.4814
24.1721
24.1721
24.1721
24.1721
24.1721
24.1721
24.1721
24.1721
24.1102
24.1102
24.1102
24.1102
24.1102
24.1102
24.1102
24.1102
24.2517
24.2517
24.2517
24.2517
24.2517
24.2517
24.2517
24.2517
24.5515
24.5515
24.5515
24.5515
24.5515
24.5515
24.5515
24.5515
24.9629
24.9629
24.9629
24.9629
24.9629
24.9629
24.9629
24.9629
25.4383
25.4383
25.4383
25.4383
25.4383
25.4383
25.4383
25.4383
25.93
25.93
25.93
25.93
25.93
25.93
25.93
25.93
26.3926
26.3926
26.3926
26.3926
26.3926
26.3926
26.3926
26.3926
26.7849
26.7849
26.7849
26.7849
26.7849
26.7849
26.7849
26.7849
27.0726
27.0726
27.0726
27.0726
27.0726
27.0726
27.0726
27.0726
27.2308
27.2308
27.2308
27.2308
27.2308
27.2308
27.2308
27.2308
27.2447
27.2447
27.2447
27.2447
27.2447
27.2447
27.2447
27.2447
27.1097
27.1097
27.1097
27.1097
27.1097
27.1097
27.1097
27.1097
26.831
26.831
26.831
26.831
26.831
26.831
26.831
26.831
25.0816
25.0816
25.0816
25.0816
25.0816
25.0816
25.0816
25.0816
24.4814
24.4814
24.4814
24.4814
24.4814
24.4814
24.4814
24.4814
24.1721
24.1721
24.1721
24.1721
24.1721
24.1721
24.1721
24.1721
24.1102
24.1102
24.1102
24.1102
24.1102
24.1102
24.1102
24.1102
24.2517
24.2517
24.2517
24.2517
24.2517
24.2517
24.2517
24.2517
24.5515
24.5515
24.5515
24.5515
24.5515
24.5515
24.5515
24.5515
24.9629
24.9629
24.9629
24.9629
24.9629
24.9629
24.9629
24.9629
25.4383
25.4383
25.4383
25.4383
25.4383
25.4383
25.4383
25.4383
25.93
25.93
25.93
25.93
25.93
25.93
25.93
25.93
26.3926
26.3926
26.3926
26.3926
26.3926
26.3926
26.3926
26.3926
26.7849
26.7849
26.7849
26.7849
26.7849
26.7849
26.7849
26.7849
27.0726
27.0726
27.0726
27.0726
27.0726
27.0726
27.0726
27.0726
27.2308
27.2308
27.2308
27.2308
27.2308
27.2308
27.2308
27.2308
27.2447
27.2447
27.2447
27.2447
27.2447
27.2447
27.2447
27.2447
27.1097
27.1097
27.1097
27.1097
27.1097
27.1097
27.1097
27.1097
26.831
26.831
26.831
26.831
26.831
26.831
26.831
26.831
25.0816
25.0816
25.0816
25.0816
25.0816
25.0816
25.0816
25.0816
24.4814
24.4814
24.4814
24.4814
24.4814
24.4814
24.4814
24.4814
24.1721
24.1721
24.1721
24.1721
24.1721
24.1721
24.1721
24.1721
24.1102
24.1102
24.1102
24.1102
24.1102
24.1102
24.1102
24.1102
24.2517
24.2517
24.2517
24.2517
24.2517
24.2517
24.2517
24.2517
24.5515
24.5515
24.5515
24.5515
24.5515
24.5515
24.5515
24.5515
24.9629
24.9629
24.9629
24.9629
24.9629
24.9629
24.9629
24.9629
25.4383
25.4383
25.4383
25.4383
25.4383
25.4383
25.4383
25.4383
25.93
25.93
25.93
25.93
25.93
25.93
25.93
25.93
26.3926
26.3926
26.3926
26.3926
26.3926
26.3926
26.3926
26.3926
26.7849
26.7849
26.7849
26.7849
26.7849
26.7849
26.7849
26.7849
27.0726
27.0726
27.0726
27.0726
27.0726
27.0726
27.0726
27.0726
27.2308
27.2308
27.2308
27.2308
27.2308
27.2308
27.2308
27.2308
27.2447
27.2447
27.2447
27.2447
27.2447
27.2447
27.2447
27.2447
27.1097
27.1097
27.1097
27.1097
27.1097
27.1097
27.1097
27.1097
26.831
26.831
26.831
26.831
26.831
26.831
26.831
26.831
22.3873
22.3873
22.3873
22.3873
22.3873
22.3873
22.3873
22.3873
21.9196
21.9196
21.9196
21.9196
21.9196
21.9196
21.9196
21.9196
21.7485
21.7485
21.7485
21.7485
21.7485
21.7485
21.7485
21.7485
21.8361
21.8361
21.8361
21.8361
21.8361
21.8361
21.8361
21.8361
22.1436
22.1436
22.1436
22.1436
22.1436
22.1436
22.1436
22.1436
22.6306
22.6306
22.6306
22.6306
22.6306
22.6306
22.6306
22.6306
23.2533
23.2533
23.2533
23.2533
23.2533
23.2533
23.2533
23.2533
23.9642
23.9642
23.9642
23.9642
23.9642
23.9642
23.9642
23.9642
24.713
24.713
24.713
24.713
24.713
24.713
24.713
24.713
25.448
25.448
25.448
25.448
25.448
25.448
25.448
25.448
26.119
26.119
26.119
26.119
26.119
26.119
26.119
26.119
26.6809
26.6809
26.6809
26.6809
26.6809
26.6809
26.6809
26.6809
27.0967
27.0967
27.0967
27.0967
27.0967
27.0967
27.0967
27.0967
27.3405
27.3405
27.3405
27.3405
27.3405
27.3405
27.3405
27.3405
27.3991
27.3991
27.3991
27.3991
27.3991
27.3991
27.3991
27.3991
27.2715
27.2715
27.2715
27.2715
27.2715
27.2715
27.2715
27.2715
22.3873
22.3873
22.3873
22.3873
22.3873
22.3873
22.3873
22.3873
21.9196
21.9196
21.9196
21.9196
21.9196
21.9196
21.9196
21.9196
21.7485
21.7485
21.7485
21.7485
21.7485
21.7485
21.7485
21.7485
21.8361
21.8361
21.8361
21.8361
21.8361
21.8361
21.8361
21.8361
22.1436
22.1436
22.1436
22.1436
22.1436
22.1436
22.1436
22.1436
22.6306
22.6306
22.6306
22.6306
22.6306
22.6306
22.6306
22.6306
23.2533
23.2533
23.2533
23.2533
23.2533
23.2533
23.2533
23.2533
23.9642
23.9642
23.9642
23.9642
23.9642
23.9642
23.9642
23.9642
24.713
24.713
24.713
24.713
24.713
24.713
24.713
24.713
25.448
25.448
25.448
25.448
25.448
25.448
25.448
25.448
26.119
26.119
26.119
26.119
26.119
26.119
26.119
26.119
26.6809
26.6809
26.6809
26.6809
26.6809
26.6809
26.6809
26.6809
27.0967
27.0967
27.0967
27.0967
27.0967
27.0967
27.0967
27.0967
27.3405
27.3405
27.3405
27.3405
27.3405
27.3405
27.3405
27.3405
27.3991
27.3991
27.3991
27.3991
27.3991
27.3991
27.3991
27.3991
27.2715
27.2715
27.2715
27.2715
27.2715
27.2715
27.2715
27.2715
22.3873
22.3873
22.3873
22.3873
22.3873
22.3873
22.3873
22.3873
21.9196
21.9196
21.9196
21.9196
21.9196
21.9196
21.9196
21.9196
21.7485
21.7485
21.7485
21.7485
21.7485
21.7485
21.7485
21.7485
21.8361
21.8361
21.8361
21.8361
21.8361
21.8361
21.8361
21.8361
22.1436
22.1436
22.1436
22.1436
22.1436
22.1436
22.1436
22.1436
22.6306
22.6306
22.6306
22.6306
22.6306
22.6306
22.6306
22.6306
23.2533
23.2533
23.2533
23.2533
23.2533
23.2533
23.2533
23.2533
23.9642
23.9642
23.9642
23.9642
23.9642
23.9642
23.9642
23.9642
24.713
24.713
24.713
24.713
24.713
24.713
24.713
24.713
25.448
25.448
25.448
25.448
25.448
25.448
25.448
25.448
26.119
26.119
26.119
26.119
26.119
26.119
26.119
26.119
26.6809
26.6809
26.6809
26.6809
26.6809
26.6809
26.6809
26.6809
27.0967
27.0967
27.0967
27.0967
27.0967
27.0967
27.0967
27.0967
27.3405
27.3405
27.3405
27.3405
27.3405
27.3405
27.3405
27.3405
27.3991
27.3991
27.3991
27.3991
27.3991
27.3991
27.3991
27.3991
27.2715
27.2715
27.2715
27.2715
27.2715
27.2715
27.2715
27.2715
22.3873
22.3873
22.3873
22.3873
22.3873
22.3873
22.3873
22.3873
21.9196
21.9196
21.9196
21.9196
21.9196
21.9196
21.9196
21.9196
21.7485
21.7485
21.7485
21.7485
21.7485
21.7485
21.7485
21.7485
21.8361
21.8361
21.8361
21.8361
21.8361
21.8361
21.8361
21.8361
22.1436
22.1436
22.1436
22.1436
22.1436
22.1436
22.1436
22.1436
22.6306
22.6306
22.6306
22.6306
22.6306
22.6306
22.6306
22.6306
23.2533
23.2533
23.2533
23.2533
23.2533
23.2533
23.2533
23.2533
23.9642
23.9642
23.9642
23.9642
23.9642
23.9642
23.9642
23.9642
24.713
24.713
24.713
24.713
24.713
24.713
24.713
24.713
25.448
25.448
25.448
25.448
25.448
25.448
25.448
25.448
26.119
26.119
26.119
26.119
26.119
26.119
26.119
26.119
26.6809
26.6809
26.6809
26.6809
26.6809
26.6809
26.6809
26.6809
27.0967
27.0967
27.0967
27.0967
27.0967
27.0967
27.0967
27.0967
27.3405
27.3405
27.3405
27.3405
27.3405
27.3405
27.3405
27.3405
27.3991
27.3991
27.3991
27.3991
27.3991
27.3991
27.3991
27.3991
27.2715
27.2715
27.2715
27.2715
27.2715
27.2715
27.2715
27.2715
20.099
20.099
20.099
20.099
20.099
20.099
20.099
20.099
19.7501
19.7501
19.7501
19.7501
19.7501
19.7501
19.7501
19.7501
19.6959
19.6959
19.6959
19.6959
19.6959
19.6959
19.6959
19.6959
19.9045
19.9045
19.9045
19.9045
19.9045
19.9045
19.9045
19.9045
20.3433
20.3433
20.3433
20.3433
20.3433
20.3433
20.3433
20.3433
20.9768
20.9768
20.9768
20.9768
20.9768
20.9768
20.9768
20.9768
21.7654
21.7654
21.7654
21.7654
21.7654
21.7654
21.7654
21.7654
22.6632
22.6632
22.6632
22.6632
22.6632
22.6632
22.6632
22.6632
23.6191
23.6191
23.6191
23.6191
23.6191
23.6191
23.6191
23.6191
24.5771
24.5771
24.5771
24.5771
24.5771
24.5771
24.5771
24.5771
25.4801
25.4801
25.4801
25.4801
25.4801
25.4801
25.4801
25.4801
26.2733
26.2733
26.2733
26.2733
26.2733
26.2733
26.2733
26.2733
26.9092
26.9092
26.9092
26.9092
26.9092
26.9092
26.9092
26.9092
27.3514
27.3514
27.3514
27.3514
27.3514
27.3514
27.3514
27.3514
27.5777
27.5777
27.5777
27.5777
27.5777
27.5777
27.5777
27.5777
27.5815
27.5815
27.5815
27.5815
27.5815
27.5815
27.5815
27.5815
20.099
20.099
20.099
20.099
20.099
20.099
20.099
20.099
19.7501
19.7501
19.7501
19.7501
19.7501
19.7501
19.7501
19.7501
19.6959
19.6959
19.6959
19.6959
19.6959
19.6959
19.6959
19.6959
19.9045
19.9045
19.9045
19.9045
19.9045
19.9045
19.9045
19.9045
20.3433
20.3433
20.3433
20.3433
20.3433
20.3433
20.3433
20.3433
20.9768
20.9768
20.9768
20.9768
20.9768
20.9768
20.9768
20.9768
21.7654
21.7654
21.7654
21.7654
21.7654
21.7654
21.7654
21.7654
22.6632
22.6632
22.6632
22.6632
22.6632
22.6632
22.6632
22.6632
23.6191
23.6191
23.6191
23.6191
23.6191
23.6191
23.6191
23.6191
24.5771
24.5771
24.5771
24.5771
24.5771
24.5771
24.5771
24.5771
25.4801
25.4801
25.4801
25.4801
25.4801
25.4801
25.4801
25.4801
26.2733
26.2733
26.2733
26.2733
26.2733
26.2733
26.2733
26.2733
26.9092
26.9092
26.9092
26.9092
26.9092
26.9092
26.9092
26.9092
27.3514
27.3514
27.3514
27.3514
27.3514
27.3514
27.3514
27.3514
27.5777
27.5777
27.5777
27.5777
27.5777
27.5777
27.5777
27.5777
27.5815
27.5815
27.5815
27.5815
27.5815
27.5815
27.5815
27.5815
20.099
20.099
20.099
20.099
20.099
20.099
20.099
20.099
19.7501
19.7501
19.7501
19.7501
19.7501
19.7501
19.7501
19.7501
19.6959
19.6959
19.6959
19.6959
19.6959
19.6959
19.6959
19.6959
19.9045
19.9045
19.9045
19.9045
19.9045
19.9045
19.9045
19.9045
20.3433
20.3433
20.3433
20.3433
20.3433
20.3433
20.3433
20.3433
20.9768
20.9768
20.9768
20.9768
20.9768
20.9768
20.9768
20.9768
21.7654
21.7654
21.7654
21.7654
21.7654
21.7654
21.7654
21.7654
22.6632
22.6632
22.6632
22.6632
22.6632
22.6632
22.6632
22.6632
23.6191
23.6191
23.6191
23.6191
23.6191
23.6191
23.6191
23.6191
24.5771
24.5771
24.5771
24.5771
24.5771
24.5771
24.5771
24.5771
25.4801
25.4801
25.4801
25.4801
25.4801
25.4801
25.4801
25.4801
26.2733
26.2733
26.2733
26.2733
26.2733
26.2733
26.2733
26.2733
26.9092
26.9092
26.9092
26.9092
26.9092
26.9092
26.9092
26.9092
27.3514
27.3514
27.3514
27.3514
27.3514
27.3514
27.3514
27.3514
27.5777
27.5777
27.5777
27.5777
27.5777
27.5777
27.5777
27.5777
27.5815
27.5815
27.5815
27.5815
27.5815
27.5815
27.5815
27.5815
20.099
20.099
20.099
20.099
20.099
20.099
20.099
20.099
19.7501
19.7501
19.7501
19.7501
19.7501
19.7501
19.7501
19.7501
19.6959
19.6959
19.6959
19.6959
19.6959
19.6959
19.6959
19.6959
19.9045
19.9045
19.9045
19.9045
19.9045
19.9045
19.9045
19.9045
20.3433
20.3433
20.3433
20.3433
20.3433
20.3433
20.3433
20.3433
20.9768
20.9768
20.9768
20.9768
20.9768
20.9768
20.9768
20.9768
21.7654
21.7654
21.7654
21.7654
21.7654
21.7654
21.7654
21.7654
22.6632
22.6632
22.6632
22.6632
22.6632
22.6632
22.6632
22.6632
23.6191
23.6191
23.6191
23.6191
23.6191
23.6191
23.6191
23.6191
24.5771
24.5771
24.5771
24.5771
24.5771
24.5771
24.5771
24.5771
25.4801
25.4801
25.4801
25.4801
25.4801
25.4801
25.4801
25.4801
26.2733
26.2733
26.2733
26.2733
26.2733
26.2733
26.2733
26.2733
26.9092
26.9092
26.9092
26.9092
26.9092
26.9092
26.9092
26.9092
27.3514
27.3514
27.3514
27.3514
27.3514
27.3514
27.3514
27.3514
27.5777
27.5777
27.5777
27.5777
27.5777
27.5777
27.5777
27.5777
27.5815
27.5815
27.5815
27.5815
27.5815
27.5815
27.5815
27.5815
18.2124
18.2124
18.2124
18.2124
18.2124
18.2124
18.2124
18.2124
17.967
17.967
17.967
17.967
17.967
17.967
17.967
17.967
18.0101
18.0101
18.0101
18.0101
18.0101
18.0101
18.0101
18.0101
18.3154
18.3154
18.3154
18.3154
18.3154
18.3154
18.3154
18.3154
18.8562
18.8562
18.8562
18.8562
18.8562
18.8562
18.8562
18.8562
19.6023
19.6023
19.6023
19.6023
19.6023
19.6023
19.6023
19.6023
20.518
20.518
20.518
20.518
20.518
20.518
20.518
20.518
21.5602
21.5602
21.5602
21.5602
21.5602
21.5602
21.5602
21.5602
22.6777
22.6777
22.6777
22.6777
22.6777
22.6777
22.6777
22.6777
23.8119
23.8119
23.8119
23.8119
23.8119
23.8119
23.8119
23.8119
24.9002
24.9002
24.9002
24.9002
24.9002
24.9002
24.9002
24.9002
25.8799
25.8799
25.8799
25.8799
25.8799
25.8799
25.8799
25.8799
26.6944
26.6944
26.6944
26.6944
26.6944
26.6944
26.6944
26.6944
27.298
27.298
27.298
27.298
27.298
27.298
27.298
27.298
27.6609
27.6609
27.6609
27.6609
27.6609
27.6609
27.6609
27.6609
27.771
27.771
27.771
27.771
27.771
27.771
27.771
27.771
18.2124
18.2124
18.2124
18.2124
18.2124
18.2124
18.2124
18.2124
17.967
17.967
17.967
17.967
17.967
17.967
17.967
17.967
18.0101
18.0101
18.0101
18.0101
18.0101
18.0101
18.0101
18.0101
18.3154
18.3154
18.3154
18.3154
18.3154
18.3154
18.3154
18.3154
18.8562
18.8562
18.8562
18.8562
18.8562
18.8562
18.8562
18.8562
19.6023
19.6023
19.6023
19.6023
19.6023
19.6023
19.6023
19.6023
20.518
20.518
20.518
20.518
20.518
20.518
20.518
20.518
21.5602
21.5602
21.5602
21.5602
21.5602
21.5602
21.5602
21.5602
22.6777
22.6777
22.6777
22.6777
22.6777
22.6777
22.6777
22.6777
23.8119
23.8119
23.8119
23.8119
23.8119
23.8119
23.8119
23.8119
24.9002
24.9002
24.9002
24.9002
24.9002
24.9002
24.9002
24.9002
25.8799
25.8799
25.8799
25.8799
25.8799
25.8799
25.8799
25.8799
26.6944
26.6944
26.6944
26.6944
26.6944
26.6944
26.6944
26.6944
27.298
27.298
27.298
27.298
27.298
27.298
27.298
27.298
27.6609
27.6609
27.6609
27.6609
27.6609
27.6609
27.6609
27.6609
27.771
27.771
27.771
27.771
27.771
27.771
27.771
27.771
18.2124
18.2124
18.2124
18.2124
18.2124
18.2124
18.2124
18.2124
17.967
17.967
17.967
17.967
17.967
17.967
17.967
17.967
18.0101
18.0101
18.0101
18.0101
18.0101
18.0101
18.0101
18.0101
18.3154
18.3154
18.3154
18.3154
18.3154
18.3154
18.3154
18.3154
18.8562
18.8562
18.8562
18.8562
18.8562
18.8562
18.8562
18.8562
19.6023
19.6023
19.6023
19.6023
19.6023
19.6023
19.6023
19.6023
20.518
20.518
20.518
20.518
20.518
20.518
20.518
20.518
21.5602
21.5602
21.5602
21.5602
21.5602
21.5602
21.5602
21.5602
22.6777
22.6777
22.6777
22.6777
22.6777
22.6777
22.6777
22.6777
23.8119
23.8119
23.8119
23.8119
23.8119
23.8119
23.8119
23.8119
24.9002
24.9002
24.9002
24.9002
24.9002
24.9002
24.9002
24.9002
25.8799
25.8799
25.8799
25.8799
25.8799
25.8799
25.8799
25.8799
26.6944
26.6944
26.6944
26.6944
26.6944
26.6944
26.6944
26.6944
27.298
27.298
27.298
27.298
27.298
27.298
27.298
27.298
27.6609
27.6609
27.6609
27.6609
27.6609
27.6609
27.6609
27.6609
27.771
27.771
27.771
27.771
27.771
27.771
27.771
27.771
18.2124
18.2124
18.2124
18.2124
18.2124
18.2124
18.2124
18.2124
17.967
17.967
17.967
17.967
17.967
17.967
17.967
17.967
18.0101
18.0101
18.0101
18.0101
18.0101
18.0101
18.0101
18.0101
18.3154
18.3154
18.3154
18.3154
18.3154
18.3154
18.3154
18.3154
18.8562
18.8562
18.8562
18.8562
18.8562
18.8562
18.8562
18.8562
19.6023
19.6023
19.6023
19.6023
19.6023
19.6023
19.6023
19.6023
20.518
20.518
20.518
20.518
20.518
20.518
20.518
20.518
21.5602
21.5602
21.5602
21.5602
21.5602
21.5602
21.5602
21.5602
22.6777
22.6777
22.6777
22.6777
22.6777
22.6777
22.6777
22.6777
23.8119
23.8119
23.8119
23.8119
23.8119
23.8119
23.8119
23.8119
24.9002
24.9002
24.9002
24.9002
24.9002
24.9002
24.9002
24.9002
25.8799
25.8799
25.8799
25.8799
25.8799
25.8799
25.8799
25.8799
26.6944
26.6944
26.6944
26.6944
26.6944
26.6944
26.6944
26.6944
27.298
27.298
27.298
27.298
27.298
27.298
27.298
27.298
27.6609
27.6609
27.6609
27.6609
27.6609
27.6609
27.6609
27.6609
27.771
27.771
27.771
27.771
27.771
27.771
27.771
27.771
16.7098
16.7098
16.7098
16.7098
16.7098
16.7098
16.7098
16.7098
16.5535
16.5535
16.5535
16.5535
16.5535
16.5535
16.5535
16.5535
16.6769
16.6769
16.6769
16.6769
16.6769
16.6769
16.6769
16.6769
17.0594
17.0594
17.0594
17.0594
17.0594
17.0594
17.0594
17.0594
17.679
17.679
17.679
17.679
17.679
17.679
17.679
17.679
18.5105
18.5105
18.5105
18.5105
18.5105
18.5105
18.5105
18.5105
19.522
19.522
19.522
19.522
19.522
19.522
19.522
19.522
20.673
20.673
20.673
20.673
20.673
20.673
20.673
20.673
21.9125
21.9125
21.9125
21.9125
21.9125
21.9125
21.9125
21.9125
23.1804
23.1804
23.1804
23.1804
23.1804
23.1804
23.1804
23.1804
24.4097
24.4097
24.4097
24.4097
24.4097
24.4097
24.4097
24.4097
25.5315
25.5315
25.5315
25.5315
25.5315
25.5315
25.5315
25.5315
26.4817
26.4817
26.4817
26.4817
26.4817
26.4817
26.4817
26.4817
27.2073
27.2073
27.2073
27.2073
27.2073
27.2073
27.2073
27.2073
27.6721
27.6721
27.6721
27.6721
27.6721
27.6721
27.6721
27.6721
27.8599
27.8599
27.8599
27.8599
27.8599
27.8599
27.8599
27.8599
16.7098
16.7098
16.7098
16.7098
16.7098
16.7098
16.7098
16.7098
16.5535
16.5535
16.5535
16.5535
16.5535
16.5535
16.5535
16.5535
16.6769
16.6769
16.6769
16.6769
16.6769
16.6769
16.6769
16.6769
17.0594
17.0594
17.0594
17.0594
17.0594
17.0594
17.0594
17.0594
17.679
17.679
17.679
17.679
17.679
17.679
17.679
17.679
18.5105
18.5105
18.5105
18.5105
18.5105
18.5105
18.5105
18.5105
19.522
19.522
19.522
19.522
19.522
19.522
19.522
19.522
20.673
20.673
20.673
20.673
20.673
20.673
20.673
20.673
21.9125
21.9125
21.9125
21.9125
21.9125
21.9125
21.9125
21.9125
23.1804
23.1804
23.1804
23.1804
23.1804
23.1804
23.1804
23.1804
24.4097
24.4097
24.4097
24.4097
24.4097
24.4097
24.4097
24.4097
25.5315
25.5315
25.5315
25.5315
25.5315
25.5315
25.5315
25.5315
26.4817
26.4817
26.4817
26.4817
26.4817
26.4817
26.4817
26.4817
27.2073
27.2073
27.2073
27.2073
27.2073
27.2073
27.2073
27.2073
27.6721
27.6721
27.6721
27.6721
27.6721
27.6721
27.6721
27.6721
27.8599
27.8599
27.8599
27.8599
27.8599
27.8599
27.8599
27.8599
16.7098
16.7098
16.7098
16.7098
16.7098
16.7098
16.7098
16.7098
16.5535
16.5535
16.5535
16.5535
16.5535
16.5535
16.5535
16.5535
16.6769
16.6769
16.6769
16.6769
16.6769
16.6769
16.6769
16.6769
17.0594
17.0594
17.0594
17.0594
17.0594
17.0594
17.0594
17.0594
17.679
17.679
17.679
17.679
17.679
17.679
17.679
17.679
18.5105
18.5105
18.5105
18.5105
18.5105
18.5105
18.5105
18.5105
19.522
19.522
19.522
19.522
19.522
19.522
19.522
19.522
20.673
20.673
20.673
20.673
20.673
20.673
20.673
20.673
21.9125
21.9125
21.9125
21.9125
21.9125
21.9125
21.9125
21.9125
23.1804
23.1804
23.1804
23.1804
23.1804
23.1804
23.1804
23.1804
24.4097
24.4097
24.4097
24.4097
24.4097
24.4097
24.4097
24.4097
25.5315
25.5315
25.5315
25.5315
25.5315
25.5315
25.5315
25.5315
26.4817
26.4817
26.4817
26.4817
26.4817
26.4817
26.4817
26.4817
27.2073
27.2073
27.2073
27.2073
27.2073
27.2073
27.2073
27.2073
27.6721
27.6721
27.6721
27.6721
27.6721
27.6721
27.6721
27.6721
27.8599
27.8599
27.8599
27.8599
27.8599
27.8599
27.8599
27.8599
16.7098
16.7098
16.7098
16.7098
16.7098
16.7098
16.7098
16.7098
16.5535
16.5535
16.5535
16.5535
16.5535
16.5535
16.5535
16.5535
16.6769
16.6769
16.6769
16.6769
16.6769
16.6769
16.6769
16.6769
17.0594
17.0594
17.0594
17.0594
17.0594
17.0594
17.0594
17.0594
17.679
17.679
17.679
17.679
17.679
17.679
17.679
17.679
18.5105
18.5105
18.5105
18.5105
18.5105
18.5105
18.5105
18.5105
19.522
19.522
19.522
19.522
19.522
19.522
19.522
19.522
20.673
20.673
20.673
20.673
20.673
20.673
20.673
20.673
21.9125
21.9125
21.9125
21.9125
21.9125
21.9125
21.9125
21.9125
23.1804
23.1804
23.1804
23.1804
23.1804
23.1804
23.1804
23.1804
24.4097
24.4097
24.4097
24.4097
24.4097
24.4097
24.4097
24.4097
25.5315
25.5315
25.5315
25.5315
25.5315
25.5315
25.5315
25.5315
26.4817
26.4817
26.4817
26.4817
26.4817
26.4817
26.4817
26.4817
27.2073
27.2073
27.2073
27.2073
27.2073
27.2073
27.2073
27.2073
27.6721
27.6721
27.6721
27.6721
27.6721
27.6721
27.6721
27.6721
27.8599
27.8599
27.8599
27.8599
27.8599
27.8599
27.8599
27.8599
