8192
20.2568
20.2568
20.2568
20.2568
20.2568
20.2568
20.2568
20.2568
19.251
19.251
19.251
19.251
19.251
19.251
19.251
19.251
18.4825
18.4825
18.4825
18.4825
18.4825
18.4825
18.4825
18.4825
17.9138
17.9138
17.9138
17.9138
17.9138
17.9138
17.9138
17.9138
17.5072
17.5072
17.5072
17.5072
17.5072
17.5072
17.5072
17.5072
17.226
17.226
17.226
17.226
17.226
17.226
17.226
17.226
17.0342
17.0342
17.0342
17.0342
17.0342
17.0342
17.0342
17.0342
16.8983
16.8983
16.8983
16.8983
16.8983
16.8983
16.8983
16.8983
16.7884
16.7884
16.7884
16.7884
16.7884
16.7884
16.7884
16.7884
16.6791
16.6791
16.6791
16.6791
16.6791
16.6791
16.6791
16.6791
16.5519
16.5519
16.5519
16.5519
16.5519
16.5519
16.5519
16.5519
16.3959
16.3959
16.3959
16.3959
16.3959
16.3959
16.3959
16.3959
16.2081
16.2081
16.2081
16.2081
16.2081
16.2081
16.2081
16.2081
15.9935
15.9935
15.9935
15.9935
15.9935
15.9935
15.9935
15.9935
15.7633
15.7633
15.7633
15.7633
15.7633
15.7633
15.7633
15.7633
15.5334
15.5334
15.5334
15.5334
15.5334
15.5334
15.5334
15.5334
20.2568
20.2568
20.2568
20.2568
20.2568
20.2568
20.2568
20.2568
19.251
19.251
19.251
19.251
19.251
19.251
19.251
19.251
18.4825
18.4825
18.4825
18.4825
18.4825
18.4825
18.4825
18.4825
17.9138
17.9138
17.9138
17.9138
17.9138
17.9138
17.9138
17.9138
17.5072
17.5072
17.5072
17.5072
17.5072
17.5072
17.5072
17.5072
17.226
17.226
17.226
17.226
17.226
17.226
17.226
17.226
17.0342
17.0342
17.0342
17.0342
17.0342
17.0342
17.0342
17.0342
16.8983
16.8983
16.8983
16.8983
16.8983
16.8983
16.8983
16.8983
16.7884
16.7884
16.7884
16.7884
16.7884
16.7884
16.7884
16.7884
16.6791
16.6791
16.6791
16.6791
16.6791
16.6791
16.6791
16.6791
16.5519
16.5519
16.5519
16.5519
16.5519
16.5519
16.5519
16.5519
16.3959
16.3959
16.3959
16.3959
16.3959
16.3959
16.3959
16.3959
16.2081
16.2081
16.2081
16.2081
16.2081
16.2081
16.2081
16.2081
15.9935
15.9935
15.9935
15.9935
15.9935
15.9935
15.9935
15.9935
15.7633
15.7633
15.7633
15.7633
15.7633
15.7633
15.7633
15.7633
15.5334
15.5334
15.5334
15.5334
15.5334
15.5334
15.5334
15.5334
20.2568
20.2568
20.2568
20.2568
20.2568
20.2568
20.2568
20.2568
19.251
19.251
19.251
19.251
19.251
19.251
19.251
19.251
18.4825
18.4825
18.4825
18.4825
18.4825
18.4825
18.4825
18.4825
17.9138
17.9138
17.9138
17.9138
17.9138
17.9138
17.9138
17.9138
17.5072
17.5072
17.5072
17.5072
17.5072
17.5072
17.5072
17.5072
17.226
17.226
17.226
17.226
17.226
17.226
17.226
17.226
17.0342
17.0342
17.0342
17.0342
17.0342
17.0342
17.0342
17.0342
16.8983
16.8983
16.8983
16.8983
16.8983
16.8983
16.8983
16.8983
16.7884
16.7884
16.7884
16.7884
16.7884
16.7884
16.7884
16.7884
16.6791
16.6791
16.6791
16.6791
16.6791
16.6791
16.6791
16.6791
16.5519
16.5519
16.5519
16.5519
16.5519
16.5519
16.5519
16.5519
16.3959
16.3959
16.3959
16.3959
16.3959
16.3959
16.3959
16.3959
16.2081
16.2081
16.2081
16.2081
16.2081
16.2081
16.2081
16.2081
15.9935
15.9935
15.9935
15.9935
15.9935
15.9935
15.9935
15.9935
15.7633
15.7633
15.7633
15.7633
15.7633
15.7633
15.7633
15.7633
15.5334
15.5334
15.5334
15.5334
15.5334
15.5334
15.5334
15.5334
20.2568
20.2568
20.2568
20.2568
20.2568
20.2568
20.2568
20.2568
19.251
19.251
19.251
19.251
19.251
19.251
19.251
19.251
18.4825
18.4825
18.4825
18.4825
18.4825
18.4825
18.4825
18.4825
17.9138
17.9138
17.9138
17.9138
17.9138
17.9138
17.9138
17.9138
17.5072
17.5072
17.5072
17.5072
17.5072
17.5072
17.5072
17.5072
17.226
17.226
17.226
17.226
17.226
17.226
17.226
17.226
17.0342
17.0342
17.0342
17.0342
17.0342
17.0342
17.0342
17.0342
16.8983
16.8983
16.8983
16.8983
16.8983
16.8983
16.8983
16.8983
16.7884
16.7884
16.7884
16.7884
16.7884
16.7884
16.7884
16.7884
16.6791
16.6791
16.6791
16.6791
16.6791
16.6791
16.6791
16.6791
16.5519
16.5519
16.5519
16.5519
16.5519
16.5519
16.5519
16.5519
16.3959
16.3959
16.3959
16.3959
16.3959
16.3959
16.3959
16.3959
16.2081
16.2081
16.2081
16.2081
16.2081
16.2081
16.2081
16.2081
15.9935
15.9935
15.9935
15.9935
15.9935
15.9935
15.9935
15.9935
15.7633
15.7633
15.7633
15.7633
15.7633
15.7633
15.7633
15.7633
15.5334
15.5334
15.5334
15.5334
15.5334
15.5334
15.5334
15.5334
20.023
20.023
20.023
20.023
20.023
20.023
20.023
20.023
19.0368
19.0368
19.0368
19.0368
19.0368
19.0368
19.0368
19.0368
18.2763
18.2763
18.2763
18.2763
18.2763
18.2763
18.2763
18.2763
17.707
17.707
17.707
17.707
17.707
17.707
17.707
17.707
17.2943
17.2943
17.2943
17.2943
17.2943
17.2943
17.2943
17.2943
17.0036
17.0036
17.0036
17.0036
17.0036
17.0036
17.0036
17.0036
16.8019
16.8019
16.8019
16.8019
16.8019
16.8019
16.8019
16.8019
16.658
16.658
16.658
16.658
16.658
16.658
16.658
16.658
16.544
16.544
16.544
16.544
16.544
16.544
16.544
16.544
16.4366
16.4366
16.4366
16.4366
16.4366
16.4366
16.4366
16.4366
16.3182
16.3182
16.3182
16.3182
16.3182
16.3182
16.3182
16.3182
16.1783
16.1783
16.1783
16.1783
16.1783
16.1783
16.1783
16.1783
16.0137
16.0137
16.0137
16.0137
16.0137
16.0137
16.0137
16.0137
15.8283
15.8283
15.8283
15.8283
15.8283
15.8283
15.8283
15.8283
15.6316
15.6316
15.6316
15.6316
15.6316
15.6316
15.6316
15.6316
15.4375
15.4375
15.4375
15.4375
15.4375
15.4375
15.4375
15.4375
20.023
20.023
20.023
20.023
20.023
20.023
20.023
20.023
19.0368
19.0368
19.0368
19.0368
19.0368
19.0368
19.0368
19.0368
18.2763
18.2763
18.2763
18.2763
18.2763
18.2763
18.2763
18.2763
17.707
17.707
17.707
17.707
17.707
17.707
17.707
17.707
17.2943
17.2943
17.2943
17.2943
17.2943
17.2943
17.2943
17.2943
17.0036
17.0036
17.0036
17.0036
17.0036
17.0036
17.0036
17.0036
16.8019
16.8019
16.8019
16.8019
16.8019
16.8019
16.8019
16.8019
16.658
16.658
16.658
16.658
16.658
16.658
16.658
16.658
16.544
16.544
16.544
16.544
16.544
16.544
16.544
16.544
16.4366
16.4366
16.4366
16.4366
16.4366
16.4366
16.4366
16.4366
16.3182
16.3182
16.3182
16.3182
16.3182
16.3182
16.3182
16.3182
16.1783
16.1783
16.1783
16.1783
16.1783
16.1783
16.1783
16.1783
16.0137
16.0137
16.0137
16.0137
16.0137
16.0137
16.0137
16.0137
15.8283
15.8283
15.8283
15.8283
15.8283
15.8283
15.8283
15.8283
15.6316
15.6316
15.6316
15.6316
15.6316
15.6316
15.6316
15.6316
15.4375
15.4375
15.4375
15.4375
15.4375
15.4375
15.4375
15.4375
20.023
20.023
20.023
20.023
20.023
20.023
20.023
20.023
19.0368
19.0368
19.0368
19.0368
19.0368
19.0368
19.0368
19.0368
18.2763
18.2763
18.2763
18.2763
18.2763
18.2763
18.2763
18.2763
17.707
17.707
17.707
17.707
17.707
17.707
17.707
17.707
17.2943
17.2943
17.2943
17.2943
17.2943
17.2943
17.2943
17.2943
17.0036
17.0036
17.0036
17.0036
17.0036
17.0036
17.0036
17.0036
16.8019
16.8019
16.8019
16.8019
16.8019
16.8019
16.8019
16.8019
16.658
16.658
16.658
16.658
16.658
16.658
16.658
16.658
16.544
16.544
16.544
16.544
16.544
16.544
16.544
16.544
16.4366
16.4366
16.4366
16.4366
16.4366
16.4366
16.4366
16.4366
16.3182
16.3182
16.3182
16.3182
16.3182
16.3182
16.3182
16.3182
16.1783
16.1783
16.1783
16.1783
16.1783
16.1783
16.1783
16.1783
16.0137
16.0137
16.0137
16.0137
16.0137
16.0137
16.0137
16.0137
15.8283
15.8283
15.8283
15.8283
15.8283
15.8283
15.8283
15.8283
15.6316
15.6316
15.6316
15.6316
15.6316
15.6316
15.6316
15.6316
15.4375
15.4375
15.4375
15.4375
15.4375
15.4375
15.4375
15.4375
20.023
20.023
20.023
20.023
20.023
20.023
20.023
20.023
19.0368
19.0368
19.0368
19.0368
19.0368
19.0368
19.0368
19.0368
18.2763
18.2763
18.2763
18.2763
18.2763
18.2763
18.2763
18.2763
17.707
17.707
17.707
17.707
17.707
17.707
17.707
17.707
17.2943
17.2943
17.2943
17.2943
17.2943
17.2943
17.2943
17.2943
17.0036
17.0036
17.0036
17.0036
17.0036
17.0036
17.0036
17.0036
16.8019
16.8019
16.8019
16.8019
16.8019
16.8019
16.8019
16.8019
16.658
16.658
16.658
16.658
16.658
16.658
16.658
16.658
16.544
16.544
16.544
16.544
16.544
16.544
16.544
16.544
16.4366
16.4366
16.4366
16.4366
16.4366
16.4366
16.4366
16.4366
16.3182
16.3182
16.3182
16.3182
16.3182
16.3182
16.3182
16.3182
16.1783
16.1783
16.1783
16.1783
16.1783
16.1783
16.1783
16.1783
16.0137
16.0137
16.0137
16.0137
16.0137
16.0137
16.0137
16.0137
15.8283
15.8283
15.8283
15.8283
15.8283
15.8283
15.8283
15.8283
15.6316
15.6316
15.6316
15.6316
15.6316
15.6316
15.6316
15.6316
15.4375
15.4375
15.4375
15.4375
15.4375
15.4375
15.4375
15.4375
20.0649
20.0649
20.0649
20.0649
20.0649
20.0649
20.0649
20.0649
19.0996
19.0996
19.0996
19.0996
19.0996
19.0996
19.0996
19.0996
18.3456
18.3456
18.3456
18.3456
18.3456
18.3456
18.3456
18.3456
17.7716
17.7716
17.7716
17.7716
17.7716
17.7716
17.7716
17.7716
17.3459
17.3459
17.3459
17.3459
17.3459
17.3459
17.3459
17.3459
17.0369
17.0369
17.0369
17.0369
17.0369
17.0369
17.0369
17.0369
16.8142
16.8142
16.8142
16.8142
16.8142
16.8142
16.8142
16.8142
16.6489
16.6489
16.6489
16.6489
16.6489
16.6489
16.6489
16.6489
16.5154
16.5154
16.5154
16.5154
16.5154
16.5154
16.5154
16.5154
16.3921
16.3921
16.3921
16.3921
16.3921
16.3921
16.3921
16.3921
16.263
16.263
16.263
16.263
16.263
16.263
16.263
16.263
16.1185
16.1185
16.1185
16.1185
16.1185
16.1185
16.1185
16.1185
15.9553
15.9553
15.9553
15.9553
15.9553
15.9553
15.9553
15.9553
15.7768
15.7768
15.7768
15.7768
15.7768
15.7768
15.7768
15.7768
15.5917
15.5917
15.5917
15.5917
15.5917
15.5917
15.5917
15.5917
15.4122
15.4122
15.4122
15.4122
15.4122
15.4122
15.4122
15.4122
20.0649
20.0649
20.0649
20.0649
20.0649
20.0649
20.0649
20.0649
19.0996
19.0996
19.0996
19.0996
19.0996
19.0996
19.0996
19.0996
18.3456
18.3456
18.3456
18.3456
18.3456
18.3456
18.3456
18.3456
17.7716
17.7716
17.7716
17.7716
17.7716
17.7716
17.7716
17.7716
17.3459
17.3459
17.3459
17.3459
17.3459
17.3459
17.3459
17.3459
17.0369
17.0369
17.0369
17.0369
17.0369
17.0369
17.0369
17.0369
16.8142
16.8142
16.8142
16.8142
16.8142
16.8142
16.8142
16.8142
16.6489
16.6489
16.6489
16.6489
16.6489
16.6489
16.6489
16.6489
16.5154
16.5154
16.5154
16.5154
16.5154
16.5154
16.5154
16.5154
16.3921
16.3921
16.3921
16.3921
16.3921
16.3921
16.3921
16.3921
16.263
16.263
16.263
16.263
16.263
16.263
16.263
16.263
16.1185
16.1185
16.1185
16.1185
16.1185
16.1185
16.1185
16.1185
15.9553
15.9553
15.9553
15.9553
15.9553
15.9553
15.9553
15.9553
15.7768
15.7768
15.7768
15.7768
15.7768
15.7768
15.7768
15.7768
15.5917
15.5917
15.5917
15.5917
15.5917
15.5917
15.5917
15.5917
15.4122
15.4122
15.4122
15.4122
15.4122
15.4122
15.4122
15.4122
20.0649
20.0649
20.0649
20.0649
20.0649
20.0649
20.0649
20.0649
19.0996
19.0996
19.0996
19.0996
19.0996
19.0996
19.0996
19.0996
18.3456
18.3456
18.3456
18.3456
18.3456
18.3456
18.3456
18.3456
17.7716
17.7716
17.7716
17.7716
17.7716
17.7716
17.7716
17.7716
17.3459
17.3459
17.3459
17.3459
17.3459
17.3459
17.3459
17.3459
17.0369
17.0369
17.0369
17.0369
17.0369
17.0369
17.0369
17.0369
16.8142
16.8142
16.8142
16.8142
16.8142
16.8142
16.8142
16.8142
16.6489
16.6489
16.6489
16.6489
16.6489
16.6489
16.6489
16.6489
16.5154
16.5154
16.5154
16.5154
16.5154
16.5154
16.5154
16.5154
16.3921
16.3921
16.3921
16.3921
16.3921
16.3921
16.3921
16.3921
16.263
16.263
16.263
16.263
16.263
16.263
16.263
16.263
16.1185
16.1185
16.1185
16.1185
16.1185
16.1185
16.1185
16.1185
15.9553
15.9553
15.9553
15.9553
15.9553
15.9553
15.9553
15.9553
15.7768
15.7768
15.7768
15.7768
15.7768
15.7768
15.7768
15.7768
15.5917
15.5917
15.5917
15.5917
15.5917
15.5917
15.5917
15.5917
15.4122
15.4122
15.4122
15.4122
15.4122
15.4122
15.4122
15.4122
20.0649
20.0649
20.0649
20.0649
20.0649
20.0649
20.0649
20.0649
19.0996
19.0996
19.0996
19.0996
19.0996
19.0996
19.0996
19.0996
18.3456
18.3456
18.3456
18.3456
18.3456
18.3456
18.3456
18.3456
17.7716
17.7716
17.7716
17.7716
17.7716
17.7716
17.7716
17.7716
17.3459
17.3459
17.3459
17.3459
17.3459
17.3459
17.3459
17.3459
17.0369
17.0369
17.0369
17.0369
17.0369
17.0369
17.0369
17.0369
16.8142
16.8142
16.8142
16.8142
16.8142
16.8142
16.8142
16.8142
16.6489
16.6489
16.6489
16.6489
16.6489
16.6489
16.6489
16.6489
16.5154
16.5154
16.5154
16.5154
16.5154
16.5154
16.5154
16.5154
16.3921
16.3921
16.3921
16.3921
16.3921
16.3921
16.3921
16.3921
16.263
16.263
16.263
16.263
16.263
16.263
16.263
16.263
16.1185
16.1185
16.1185
16.1185
16.1185
16.1185
16.1185
16.1185
15.9553
15.9553
15.9553
15.9553
15.9553
15.9553
15.9553
15.9553
15.7768
15.7768
15.7768
15.7768
15.7768
15.7768
15.7768
15.7768
15.5917
15.5917
15.5917
15.5917
15.5917
15.5917
15.5917
15.5917
15.4122
15.4122
15.4122
15.4122
15.4122
15.4122
15.4122
15.4122
20.3517
20.3517
20.3517
20.3517
20.3517
20.3517
20.3517
20.3517
19.4103
19.4103
19.4103
19.4103
19.4103
19.4103
19.4103
19.4103
18.6619
18.6619
18.6619
18.6619
18.6619
18.6619
18.6619
18.6619
18.0794
18.0794
18.0794
18.0794
18.0794
18.0794
18.0794
18.0794
17.6344
17.6344
17.6344
17.6344
17.6344
17.6344
17.6344
17.6344
17.2983
17.2983
17.2983
17.2983
17.2983
17.2983
17.2983
17.2983
17.0436
17.0436
17.0436
17.0436
17.0436
17.0436
17.0436
17.0436
16.8439
16.8439
16.8439
16.8439
16.8439
16.8439
16.8439
16.8439
16.6759
16.6759
16.6759
16.6759
16.6759
16.6759
16.6759
16.6759
16.5202
16.5202
16.5202
16.5202
16.5202
16.5202
16.5202
16.5202
16.3625
16.3625
16.3625
16.3625
16.3625
16.3625
16.3625
16.3625
16.1941
16.1941
16.1941
16.1941
16.1941
16.1941
16.1941
16.1941
16.0125
16.0125
16.0125
16.0125
16.0125
16.0125
16.0125
16.0125
15.8209
15.8209
15.8209
15.8209
15.8209
15.8209
15.8209
15.8209
15.6273
15.6273
15.6273
15.6273
15.6273
15.6273
15.6273
15.6273
15.4429
15.4429
15.4429
15.4429
15.4429
15.4429
15.4429
15.4429
20.3517
20.3517
20.3517
20.3517
20.3517
20.3517
20.3517
20.3517
19.4103
19.4103
19.4103
19.4103
19.4103
19.4103
19.4103
19.4103
18.6619
18.6619
18.6619
18.6619
18.6619
18.6619
18.6619
18.6619
18.0794
18.0794
18.0794
18.0794
18.0794
18.0794
18.0794
18.0794
17.6344
17.6344
17.6344
17.6344
17.6344
17.6344
17.6344
17.6344
17.2983
17.2983
17.2983
17.2983
17.2983
17.2983
17.2983
17.2983
17.0436
17.0436
17.0436
17.0436
17.0436
17.0436
17.0436
17.0436
16.8439
16.8439
16.8439
16.8439
16.8439
16.8439
16.8439
16.8439
16.6759
16.6759
16.6759
16.6759
16.6759
16.6759
16.6759
16.6759
16.5202
16.5202
16.5202
16.5202
16.5202
16.5202
16.5202
16.5202
16.3625
16.3625
16.3625
16.3625
16.3625
16.3625
16.3625
16.3625
16.1941
16.1941
16.1941
16.1941
16.1941
16.1941
16.1941
16.1941
16.0125
16.0125
16.0125
16.0125
16.0125
16.0125
16.0125
16.0125
15.8209
15.8209
15.8209
15.8209
15.8209
15.8209
15.8209
15.8209
15.6273
15.6273
15.6273
15.6273
15.6273
15.6273
15.6273
15.6273
15.4429
15.4429
15.4429
15.4429
15.4429
15.4429
15.4429
15.4429
20.3517
20.3517
20.3517
20.3517
20.3517
20.3517
20.3517
20.3517
19.4103
19.4103
19.4103
19.4103
19.4103
19.4103
19.4103
19.4103
18.6619
18.6619
18.6619
18.6619
18.6619
18.6619
18.6619
18.6619
18.0794
18.0794
18.0794
18.0794
18.0794
18.0794
18.0794
18.0794
17.6344
17.6344
17.6344
17.6344
17.6344
17.6344
17.6344
17.6344
17.2983
17.2983
17.2983
17.2983
17.2983
17.2983
17.2983
17.2983
17.0436
17.0436
17.0436
17.0436
17.0436
17.0436
17.0436
17.0436
16.8439
16.8439
16.8439
16.8439
16.8439
16.8439
16.8439
16.8439
16.6759
16.6759
16.6759
16.6759
16.6759
16.6759
16.6759
16.6759
16.5202
16.5202
16.5202
16.5202
16.5202
16.5202
16.5202
16.5202
16.3625
16.3625
16.3625
16.3625
16.3625
16.3625
16.3625
16.3625
16.1941
16.1941
16.1941
16.1941
16.1941
16.1941
16.1941
16.1941
16.0125
16.0125
16.0125
16.0125
16.0125
16.0125
16.0125
16.0125
15.8209
15.8209
15.8209
15.8209
15.8209
15.8209
15.8209
15.8209
15.6273
15.6273
15.6273
15.6273
15.6273
15.6273
15.6273
15.6273
15.4429
15.4429
15.4429
15.4429
15.4429
15.4429
15.4429
15.4429
20.3517
20.3517
20.3517
20.3517
20.3517
20.3517
20.3517
20.3517
19.4103
19.4103
19.4103
19.4103
19.4103
19.4103
19.4103
19.4103
18.6619
18.6619
18.6619
18.6619
18.6619
18.6619
18.6619
18.6619
18.0794
18.0794
18.0794
18.0794
18.0794
18.0794
18.0794
18.0794
17.6344
17.6344
17.6344
17.6344
17.6344
17.6344
17.6344
17.6344
17.2983
17.2983
17.2983
17.2983
17.2983
17.2983
17.2983
17.2983
17.0436
17.0436
17.0436
17.0436
17.0436
17.0436
17.0436
17.0436
16.8439
16.8439
16.8439
16.8439
16.8439
16.8439
16.8439
16.8439
16.6759
16.6759
16.6759
16.6759
16.6759
16.6759
16.6759
16.6759
16.5202
16.5202
16.5202
16.5202
16.5202
16.5202
16.5202
16.5202
16.3625
16.3625
16.3625
16.3625
16.3625
16.3625
16.3625
16.3625
16.1941
16.1941
16.1941
16.1941
16.1941
16.1941
16.1941
16.1941
16.0125
16.0125
16.0125
16.0125
16.0125
16.0125
16.0125
16.0125
15.8209
15.8209
15.8209
15.8209
15.8209
15.8209
15.8209
15.8209
15.6273
15.6273
15.6273
15.6273
15.6273
15.6273
15.6273
15.6273
15.4429
15.4429
15.4429
15.4429
15.4429
15.4429
15.4429
15.4429
20.8487
20.8487
20.8487
20.8487
20.8487
20.8487
20.8487
20.8487
19.9358
19.9358
19.9358
19.9358
19.9358
19.9358
19.9358
19.9358
19.1936
19.1936
19.1936
19.1936
19.1936
19.1936
19.1936
19.1936
18.5994
18.5994
18.5994
18.5994
18.5994
18.5994
18.5994
18.5994
18.129
18.129
18.129
18.129
18.129
18.129
18.129
18.129
17.7575
17.7575
17.7575
17.7575
17.7575
17.7575
17.7575
17.7575
17.4599
17.4599
17.4599
17.4599
17.4599
17.4599
17.4599
17.4599
17.2132
17.2132
17.2132
17.2132
17.2132
17.2132
17.2132
17.2132
16.9964
16.9964
16.9964
16.9964
16.9964
16.9964
16.9964
16.9964
16.7927
16.7927
16.7927
16.7927
16.7927
16.7927
16.7927
16.7927
16.5896
16.5896
16.5896
16.5896
16.5896
16.5896
16.5896
16.5896
16.3799
16.3799
16.3799
16.3799
16.3799
16.3799
16.3799
16.3799
16.1621
16.1621
16.1621
16.1621
16.1621
16.1621
16.1621
16.1621
15.9394
15.9394
15.9394
15.9394
15.9394
15.9394
15.9394
15.9394
15.7196
15.7196
15.7196
15.7196
15.7196
15.7196
15.7196
15.7196
15.5127
15.5127
15.5127
15.5127
15.5127
15.5127
15.5127
15.5127
20.8487
20.8487
20.8487
20.8487
20.8487
20.8487
20.8487
20.8487
19.9358
19.9358
19.9358
19.9358
19.9358
19.9358
19.9358
19.9358
19.1936
19.1936
19.1936
19.1936
19.1936
19.1936
19.1936
19.1936
18.5994
18.5994
18.5994
18.5994
18.5994
18.5994
18.5994
18.5994
18.129
18.129
18.129
18.129
18.129
18.129
18.129
18.129
17.7575
17.7575
17.7575
17.7575
17.7575
17.7575
17.7575
17.7575
17.4599
17.4599
17.4599
17.4599
17.4599
17.4599
17.4599
17.4599
17.2132
17.2132
17.2132
17.2132
17.2132
17.2132
17.2132
17.2132
16.9964
16.9964
16.9964
16.9964
16.9964
16.9964
16.9964
16.9964
16.7927
16.7927
16.7927
16.7927
16.7927
16.7927
16.7927
16.7927
16.5896
16.5896
16.5896
16.5896
16.5896
16.5896
16.5896
16.5896
16.3799
16.3799
16.3799
16.3799
16.3799
16.3799
16.3799
16.3799
16.1621
16.1621
16.1621
16.1621
16.1621
16.1621
16.1621
16.1621
15.9394
15.9394
15.9394
15.9394
15.9394
15.9394
15.9394
15.9394
15.7196
15.7196
15.7196
15.7196
15.7196
15.7196
15.7196
15.7196
15.5127
15.5127
15.5127
15.5127
15.5127
15.5127
15.5127
15.5127
20.8487
20.8487
20.8487
20.8487
20.8487
20.8487
20.8487
20.8487
19.9358
19.9358
19.9358
19.9358
19.9358
19.9358
19.9358
19.9358
19.1936
19.1936
19.1936
19.1936
19.1936
19.1936
19.1936
19.1936
18.5994
18.5994
18.5994
18.5994
18.5994
18.5994
18.5994
18.5994
18.129
18.129
18.129
18.129
18.129
18.129
18.129
18.129
17.7575
17.7575
17.7575
17.7575
17.7575
17.7575
17.7575
17.7575
17.4599
17.4599
17.4599
17.4599
17.4599
17.4599
17.4599
17.4599
17.2132
17.2132
17.2132
17.2132
17.2132
17.2132
17.2132
17.2132
16.9964
16.9964
16.9964
16.9964
16.9964
16.9964
16.9964
16.9964
16.7927
16.7927
16.7927
16.7927
16.7927
16.7927
16.7927
16.7927
16.5896
16.5896
16.5896
16.5896
16.5896
16.5896
16.5896
16.5896
16.3799
16.3799
16.3799
16.3799
16.3799
16.3799
16.3799
16.3799
16.1621
16.1621
16.1621
16.1621
16.1621
16.1621
16.1621
16.1621
15.9394
15.9394
15.9394
15.9394
15.9394
15.9394
15.9394
15.9394
15.7196
15.7196
15.7196
15.7196
15.7196
15.7196
15.7196
15.7196
15.5127
15.5127
15.5127
15.5127
15.5127
15.5127
15.5127
15.5127
20.8487
20.8487
20.8487
20.8487
20.8487
20.8487
20.8487
20.8487
19.9358
19.9358
19.9358
19.9358
19.9358
19.9358
19.9358
19.9358
19.1936
19.1936
19.1936
19.1936
19.1936
19.1936
19.1936
19.1936
18.5994
18.5994
18.5994
18.5994
18.5994
18.5994
18.5994
18.5994
18.129
18.129
18.129
18.129
18.129
18.129
18.129
18.129
17.7575
17.7575
17.7575
17.7575
17.7575
17.7575
17.7575
17.7575
17.4599
17.4599
17.4599
17.4599
17.4599
17.4599
17.4599
17.4599
17.2132
17.2132
17.2132
17.2132
17.2132
17.2132
17.2132
17.2132
16.9964
16.9964
16.9964
16.9964
16.9964
16.9964
16.9964
16.9964
16.7927
16.7927
16.7927
16.7927
16.7927
16.7927
16.7927
16.7927
16.5896
16.5896
16.5896
16.5896
16.5896
16.5896
16.5896
16.5896
16.3799
16.3799
16.3799
16.3799
16.3799
16.3799
16.3799
16.3799
16.1621
16.1621
16.1621
16.1621
16.1621
16.1621
16.1621
16.1621
15.9394
15.9394
15.9394
15.9394
15.9394
15.9394
15.9394
15.9394
15.7196
15.7196
15.7196
15.7196
15.7196
15.7196
15.7196
15.7196
15.5127
15.5127
15.5127
15.5127
15.5127
15.5127
15.5127
15.5127
21.5166
21.5166
21.5166
21.5166
21.5166
21.5166
21.5166
21.5166
20.6386
20.6386
20.6386
20.6386
20.6386
20.6386
20.6386
20.6386
19.9044
19.9044
19.9044
19.9044
19.9044
19.9044
19.9044
19.9044
19.2964
19.2964
19.2964
19.2964
19.2964
19.2964
19.2964
19.2964
18.7953
18.7953
18.7953
18.7953
18.7953
18.7953
18.7953
18.7953
18.3799
18.3799
18.3799
18.3799
18.3799
18.3799
18.3799
18.3799
18.0291
18.0291
18.0291
18.0291
18.0291
18.0291
18.0291
18.0291
17.7232
17.7232
17.7232
17.7232
17.7232
17.7232
17.7232
17.7232
17.4444
17.4444
17.4444
17.4444
17.4444
17.4444
17.4444
17.4444
17.1783
17.1783
17.1783
17.1783
17.1783
17.1783
17.1783
17.1783
16.9148
16.9148
16.9148
16.9148
16.9148
16.9148
16.9148
16.9148
16.6485
16.6485
16.6485
16.6485
16.6485
16.6485
16.6485
16.6485
16.3789
16.3789
16.3789
16.3789
16.3789
16.3789
16.3789
16.3789
16.1096
16.1096
16.1096
16.1096
16.1096
16.1096
16.1096
16.1096
15.8481
15.8481
15.8481
15.8481
15.8481
15.8481
15.8481
15.8481
15.6041
15.6041
15.6041
15.6041
15.6041
15.6041
15.6041
15.6041
21.5166
21.5166
21.5166
21.5166
21.5166
21.5166
21.5166
21.5166
20.6386
20.6386
20.6386
20.6386
20.6386
20.6386
20.6386
20.6386
19.9044
19.9044
19.9044
19.9044
19.9044
19.9044
19.9044
19.9044
19.2964
19.2964
19.2964
19.2964
19.2964
19.2964
19.2964
19.2964
18.7953
18.7953
18.7953
18.7953
18.7953
18.7953
18.7953
18.7953
18.3799
18.3799
18.3799
18.3799
18.3799
18.3799
18.3799
18.3799
18.0291
18.0291
18.0291
18.0291
18.0291
18.0291
18.0291
18.0291
17.7232
17.7232
17.7232
17.7232
17.7232
17.7232
17.7232
17.7232
17.4444
17.4444
17.4444
17.4444
17.4444
17.4444
17.4444
17.4444
17.1783
17.1783
17.1783
17.1783
17.1783
17.1783
17.1783
17.1783
16.9148
16.9148
16.9148
16.9148
16.9148
16.9148
16.9148
16.9148
16.6485
16.6485
16.6485
16.6485
16.6485
16.6485
16.6485
16.6485
16.3789
16.3789
16.3789
16.3789
16.3789
16.3789
16.3789
16.3789
16.1096
16.1096
16.1096
16.1096
16.1096
16.1096
16.1096
16.1096
15.8481
15.8481
15.8481
15.8481
15.8481
15.8481
15.8481
15.8481
15.6041
15.6041
15.6041
15.6041
15.6041
15.6041
15.6041
15.6041
21.5166
21.5166
21.5166
21.5166
21.5166
21.5166
21.5166
21.5166
20.6386
20.6386
20.6386
20.6386
20.6386
20.6386
20.6386
20.6386
19.9044
19.9044
19.9044
19.9044
19.9044
19.9044
19.9044
19.9044
19.2964
19.2964
19.2964
19.2964
19.2964
19.2964
19.2964
19.2964
18.7953
18.7953
18.7953
18.7953
18.7953
18.7953
18.7953
18.7953
18.3799
18.3799
18.3799
18.3799
18.3799
18.3799
18.3799
18.3799
18.0291
18.0291
18.0291
18.0291
18.0291
18.0291
18.0291
18.0291
17.7232
17.7232
17.7232
17.7232
17.7232
17.7232
17.7232
17.7232
17.4444
17.4444
17.4444
17.4444
17.4444
17.4444
17.4444
17.4444
17.1783
17.1783
17.1783
17.1783
17.1783
17.1783
17.1783
17.1783
16.9148
16.9148
16.9148
16.9148
16.9148
16.9148
16.9148
16.9148
16.6485
16.6485
16.6485
16.6485
16.6485
16.6485
16.6485
16.6485
16.3789
16.3789
16.3789
16.3789
16.3789
16.3789
16.3789
16.3789
16.1096
16.1096
16.1096
16.1096
16.1096
16.1096
16.1096
16.1096
15.8481
15.8481
15.8481
15.8481
15.8481
15.8481
15.8481
15.8481
15.6041
15.6041
15.6041
15.6041
15.6041
15.6041
15.6041
15.6041
21.5166
21.5166
21.5166
21.5166
21.5166
21.5166
21.5166
21.5166
20.6386
20.6386
20.6386
20.6386
20.6386
20.6386
20.6386
20.6386
19.9044
19.9044
19.9044
19.9044
19.9044
19.9044
19.9044
19.9044
19.2964
19.2964
19.2964
19.2964
19.2964
19.2964
19.2964
19.2964
18.7953
18.7953
18.7953
18.7953
18.7953
18.7953
18.7953
18.7953
18.3799
18.3799
18.3799
18.3799
18.3799
18.3799
18.3799
18.3799
18.0291
18.0291
18.0291
18.0291
18.0291
18.0291
18.0291
18.0291
17.7232
17.7232
17.7232
17.7232
17.7232
17.7232
17.7232
17.7232
17.4444
17.4444
17.4444
17.4444
17.4444
17.4444
17.4444
17.4444
17.1783
17.1783
17.1783
17.1783
17.1783
17.1783
17.1783
17.1783
16.9148
16.9148
16.9148
16.9148
16.9148
16.9148
16.9148
16.9148
16.6485
16.6485
16.6485
16.6485
16.6485
16.6485
16.6485
16.6485
16.3789
16.3789
16.3789
16.3789
16.3789
16.3789
16.3789
16.3789
16.1096
16.1096
16.1096
16.1096
16.1096
16.1096
16.1096
16.1096
15.8481
15.8481
15.8481
15.8481
15.8481
15.8481
15.8481
15.8481
15.6041
15.6041
15.6041
15.6041
15.6041
15.6041
15.6041
15.6041
22.3108
22.3108
22.3108
22.3108
22.3108
22.3108
22.3108
22.3108
21.4756
21.4756
21.4756
21.4756
21.4756
21.4756
21.4756
21.4756
20.7523
20.7523
20.7523
20.7523
20.7523
20.7523
20.7523
20.7523
20.1295
20.1295
20.1295
20.1295
20.1295
20.1295
20.1295
20.1295
19.5928
19.5928
19.5928
19.5928
19.5928
19.5928
19.5928
19.5928
19.1261
19.1261
19.1261
19.1261
19.1261
19.1261
19.1261
19.1261
18.7127
18.7127
18.7127
18.7127
18.7127
18.7127
18.7127
18.7127
18.3365
18.3365
18.3365
18.3365
18.3365
18.3365
18.3365
18.3365
17.9835
17.9835
17.9835
17.9835
17.9835
17.9835
17.9835
17.9835
17.6425
17.6425
17.6425
17.6425
17.6425
17.6425
17.6425
17.6425
17.306
17.306
17.306
17.306
17.306
17.306
17.306
17.306
16.9703
16.9703
16.9703
16.9703
16.9703
16.9703
16.9703
16.9703
16.6362
16.6362
16.6362
16.6362
16.6362
16.6362
16.6362
16.6362
16.308
16.308
16.308
16.308
16.308
16.308
16.308
16.308
15.9928
15.9928
15.9928
15.9928
15.9928
15.9928
15.9928
15.9928
15.6996
15.6996
15.6996
15.6996
15.6996
15.6996
15.6996
15.6996
22.3108
22.3108
22.3108
22.3108
22.3108
22.3108
22.3108
22.3108
21.4756
21.4756
21.4756
21.4756
21.4756
21.4756
21.4756
21.4756
20.7523
20.7523
20.7523
20.7523
20.7523
20.7523
20.7523
20.7523
20.1295
20.1295
20.1295
20.1295
20.1295
20.1295
20.1295
20.1295
19.5928
19.5928
19.5928
19.5928
19.5928
19.5928
19.5928
19.5928
19.1261
19.1261
19.1261
19.1261
19.1261
19.1261
19.1261
19.1261
18.7127
18.7127
18.7127
18.7127
18.7127
18.7127
18.7127
18.7127
18.3365
18.3365
18.3365
18.3365
18.3365
18.3365
18.3365
18.3365
17.9835
17.9835
17.9835
17.9835
17.9835
17.9835
17.9835
17.9835
17.6425
17.6425
17.6425
17.6425
17.6425
17.6425
17.6425
17.6425
17.306
17.306
17.306
17.306
17.306
17.306
17.306
17.306
16.9703
16.9703
16.9703
16.9703
16.9703
16.9703
16.9703
16.9703
16.6362
16.6362
16.6362
16.6362
16.6362
16.6362
16.6362
16.6362
16.308
16.308
16.308
16.308
16.308
16.308
16.308
16.308
15.9928
15.9928
15.9928
15.9928
15.9928
15.9928
15.9928
15.9928
15.6996
15.6996
15.6996
15.6996
15.6996
15.6996
15.6996
15.6996
22.3108
22.3108
22.3108
22.3108
22.3108
22.3108
22.3108
22.3108
21.4756
21.4756
21.4756
21.4756
21.4756
21.4756
21.4756
21.4756
20.7523
20.7523
20.7523
20.7523
20.7523
20.7523
20.7523
20.7523
20.1295
20.1295
20.1295
20.1295
20.1295
20.1295
20.1295
20.1295
19.5928
19.5928
19.5928
19.5928
19.5928
19.5928
19.5928
19.5928
19.1261
19.1261
19.1261
19.1261
19.1261
19.1261
19.1261
19.1261
18.7127
18.7127
18.7127
18.7127
18.7127
18.7127
18.7127
18.7127
18.3365
18.3365
18.3365
18.3365
18.3365
18.3365
18.3365
18.3365
17.9835
17.9835
17.9835
17.9835
17.9835
17.9835
17.9835
17.9835
17.6425
17.6425
17.6425
17.6425
17.6425
17.6425
17.6425
17.6425
17.306
17.306
17.306
17.306
17.306
17.306
17.306
17.306
16.9703
16.9703
16.9703
16.9703
16.9703
16.9703
16.9703
16.9703
16.6362
16.6362
16.6362
16.6362
16.6362
16.6362
16.6362
16.6362
16.308
16.308
16.308
16.308
16.308
16.308
16.308
16.308
15.9928
15.9928
15.9928
15.9928
15.9928
15.9928
15.9928
15.9928
15.6996
15.6996
15.6996
15.6996
15.6996
15.6996
15.6996
15.6996
22.3108
22.3108
22.3108
22.3108
22.3108
22.3108
22.3108
22.3108
21.4756
21.4756
21.4756
21.4756
21.4756
21.4756
21.4756
21.4756
20.7523
20.7523
20.7523
20.7523
20.7523
20.7523
20.7523
20.7523
20.1295
20.1295
20.1295
20.1295
20.1295
20.1295
20.1295
20.1295
19.5928
19.5928
19.5928
19.5928
19.5928
19.5928
19.5928
19.5928
19.1261
19.1261
19.1261
19.1261
19.1261
19.1261
19.1261
19.1261
18.7127
18.7127
18.7127
18.7127
18.7127
18.7127
18.7127
18.7127
18.3365
18.3365
18.3365
18.3365
18.3365
18.3365
18.3365
18.3365
17.9835
17.9835
17.9835
17.9835
17.9835
17.9835
17.9835
17.9835
17.6425
17.6425
17.6425
17.6425
17.6425
17.6425
17.6425
17.6425
17.306
17.306
17.306
17.306
17.306
17.306
17.306
17.306
16.9703
16.9703
16.9703
16.9703
16.9703
16.9703
16.9703
16.9703
16.6362
16.6362
16.6362
16.6362
16.6362
16.6362
16.6362
16.6362
16.308
16.308
16.308
16.308
16.308
16.308
16.308
16.308
15.9928
15.9928
15.9928
15.9928
15.9928
15.9928
15.9928
15.9928
15.6996
15.6996
15.6996
15.6996
15.6996
15.6996
15.6996
15.6996
23.1818
23.1818
23.1818
23.1818
23.1818
23.1818
23.1818
23.1818
22.3976
22.3976
22.3976
22.3976
22.3976
22.3976
22.3976
22.3976
21.6893
21.6893
21.6893
21.6893
21.6893
21.6893
21.6893
21.6893
21.0514
21.0514
21.0514
21.0514
21.0514
21.0514
21.0514
21.0514
20.4756
20.4756
20.4756
20.4756
20.4756
20.4756
20.4756
20.4756
19.9514
19.9514
19.9514
19.9514
19.9514
19.9514
19.9514
19.9514
19.4673
19.4673
19.4673
19.4673
19.4673
19.4673
19.4673
19.4673
19.0118
19.0118
19.0118
19.0118
19.0118
19.0118
19.0118
19.0118
18.5751
18.5751
18.5751
18.5751
18.5751
18.5751
18.5751
18.5751
18.1494
18.1494
18.1494
18.1494
18.1494
18.1494
18.1494
18.1494
17.7301
17.7301
17.7301
17.7301
17.7301
17.7301
17.7301
17.7301
17.3156
17.3156
17.3156
17.3156
17.3156
17.3156
17.3156
17.3156
16.908
16.908
16.908
16.908
16.908
16.908
16.908
16.908
16.512
16.512
16.512
16.512
16.512
16.512
16.512
16.512
16.1345
16.1345
16.1345
16.1345
16.1345
16.1345
16.1345
16.1345
15.7838
15.7838
15.7838
15.7838
15.7838
15.7838
15.7838
15.7838
23.1818
23.1818
23.1818
23.1818
23.1818
23.1818
23.1818
23.1818
22.3976
22.3976
22.3976
22.3976
22.3976
22.3976
22.3976
22.3976
21.6893
21.6893
21.6893
21.6893
21.6893
21.6893
21.6893
21.6893
21.0514
21.0514
21.0514
21.0514
21.0514
21.0514
21.0514
21.0514
20.4756
20.4756
20.4756
20.4756
20.4756
20.4756
20.4756
20.4756
19.9514
19.9514
19.9514
19.9514
19.9514
19.9514
19.9514
19.9514
19.4673
19.4673
19.4673
19.4673
19.4673
19.4673
19.4673
19.4673
19.0118
19.0118
19.0118
19.0118
19.0118
19.0118
19.0118
19.0118
18.5751
18.5751
18.5751
18.5751
18.5751
18.5751
18.5751
18.5751
18.1494
18.1494
18.1494
18.1494
18.1494
18.1494
18.1494
18.1494
17.7301
17.7301
17.7301
17.7301
17.7301
17.7301
17.7301
17.7301
17.3156
17.3156
17.3156
17.3156
17.3156
17.3156
17.3156
17.3156
16.908
16.908
16.908
16.908
16.908
16.908
16.908
16.908
16.512
16.512
16.512
16.512
16.512
16.512
16.512
16.512
16.1345
16.1345
16.1345
16.1345
16.1345
16.1345
16.1345
16.1345
15.7838
15.7838
15.7838
15.7838
15.7838
15.7838
15.7838
15.7838
23.1818
23.1818
23.1818
23.1818
23.1818
23.1818
23.1818
23.1818
22.3976
22.3976
22.3976
22.3976
22.3976
22.3976
22.3976
22.3976
21.6893
21.6893
21.6893
21.6893
21.6893
21.6893
21.6893
21.6893
21.0514
21.0514
21.0514
21.0514
21.0514
21.0514
21.0514
21.0514
20.4756
20.4756
20.4756
20.4756
20.4756
20.4756
20.4756
20.4756
19.9514
19.9514
19.9514
19.9514
19.9514
19.9514
19.9514
19.9514
19.4673
19.4673
19.4673
19.4673
19.4673
19.4673
19.4673
19.4673
19.0118
19.0118
19.0118
19.0118
19.0118
19.0118
19.0118
19.0118
18.5751
18.5751
18.5751
18.5751
18.5751
18.5751
18.5751
18.5751
18.1494
18.1494
18.1494
18.1494
18.1494
18.1494
18.1494
18.1494
17.7301
17.7301
17.7301
17.7301
17.7301
17.7301
17.7301
17.7301
17.3156
17.3156
17.3156
17.3156
17.3156
17.3156
17.3156
17.3156
16.908
16.908
16.908
16.908
16.908
16.908
16.908
16.908
16.512
16.512
16.512
16.512
16.512
16.512
16.512
16.512
16.1345
16.1345
16.1345
16.1345
16.1345
16.1345
16.1345
16.1345
15.7838
15.7838
15.7838
15.7838
15.7838
15.7838
15.7838
15.7838
23.1818
23.1818
23.1818
23.1818
23.1818
23.1818
23.1818
23.1818
22.3976
22.3976
22.3976
22.3976
22.3976
22.3976
22.3976
22.3976
21.6893
21.6893
21.6893
21.6893
21.6893
21.6893
21.6893
21.6893
21.0514
21.0514
21.0514
21.0514
21.0514
21.0514
21.0514
21.0514
20.4756
20.4756
20.4756
20.4756
20.4756
20.4756
20.4756
20.4756
19.9514
19.9514
19.9514
19.9514
19.9514
19.9514
19.9514
19.9514
19.4673
19.4673
19.4673
19.4673
19.4673
19.4673
19.4673
19.4673
19.0118
19.0118
19.0118
19.0118
19.0118
19.0118
19.0118
19.0118
18.5751
18.5751
18.5751
18.5751
18.5751
18.5751
18.5751
18.5751
18.1494
18.1494
18.1494
18.1494
18.1494
18.1494
18.1494
18.1494
17.7301
17.7301
17.7301
17.7301
17.7301
17.7301
17.7301
17.7301
17.3156
17.3156
17.3156
17.3156
17.3156
17.3156
17.3156
17.3156
16.908
16.908
16.908
16.908
16.908
16.908
16.908
16.908
16.512
16.512
16.512
16.512
16.512
16.512
16.512
16.512
16.1345
16.1345
16.1345
16.1345
16.1345
16.1345
16.1345
16.1345
15.7838
15.7838
15.7838
15.7838
15.7838
15.7838
15.7838
15.7838
24.0771
24.0771
24.0771
24.0771
24.0771
24.0771
24.0771
24.0771
23.352
23.352
23.352
23.352
23.352
23.352
23.352
23.352
22.6627
22.6627
22.6627
22.6627
22.6627
22.6627
22.6627
22.6627
22.0104
22.0104
22.0104
22.0104
22.0104
22.0104
22.0104
22.0104
21.3933
21.3933
21.3933
21.3933
21.3933
21.3933
21.3933
21.3933
20.8073
20.8073
20.8073
20.8073
20.8073
20.8073
20.8073
20.8073
20.2468
20.2468
20.2468
20.2468
20.2468
20.2468
20.2468
20.2468
19.7057
19.7057
19.7057
19.7057
19.7057
19.7057
19.7057
19.7057
19.1788
19.1788
19.1788
19.1788
19.1788
19.1788
19.1788
19.1788
18.6623
18.6623
18.6623
18.6623
18.6623
18.6623
18.6623
18.6623
18.1545
18.1545
18.1545
18.1545
18.1545
18.1545
18.1545
18.1545
17.656
17.656
17.656
17.656
17.656
17.656
17.656
17.656
17.1699
17.1699
17.1699
17.1699
17.1699
17.1699
17.1699
17.1699
16.7015
16.7015
16.7015
16.7015
16.7015
16.7015
16.7015
16.7015
16.2573
16.2573
16.2573
16.2573
16.2573
16.2573
16.2573
16.2573
15.8448
15.8448
15.8448
15.8448
15.8448
15.8448
15.8448
15.8448
24.0771
24.0771
24.0771
24.0771
24.0771
24.0771
24.0771
24.0771
23.352
23.352
23.352
23.352
23.352
23.352
23.352
23.352
22.6627
22.6627
22.6627
22.6627
22.6627
22.6627
22.6627
22.6627
22.0104
22.0104
22.0104
22.0104
22.0104
22.0104
22.0104
22.0104
21.3933
21.3933
21.3933
21.3933
21.3933
21.3933
21.3933
21.3933
20.8073
20.8073
20.8073
20.8073
20.8073
20.8073
20.8073
20.8073
20.2468
20.2468
20.2468
20.2468
20.2468
20.2468
20.2468
20.2468
19.7057
19.7057
19.7057
19.7057
19.7057
19.7057
19.7057
19.7057
19.1788
19.1788
19.1788
19.1788
19.1788
19.1788
19.1788
19.1788
18.6623
18.6623
18.6623
18.6623
18.6623
18.6623
18.6623
18.6623
18.1545
18.1545
18.1545
18.1545
18.1545
18.1545
18.1545
18.1545
17.656
17.656
17.656
17.656
17.656
17.656
17.656
17.656
17.1699
17.1699
17.1699
17.1699
17.1699
17.1699
17.1699
17.1699
16.7015
16.7015
16.7015
16.7015
16.7015
16.7015
16.7015
16.7015
16.2573
16.2573
16.2573
16.2573
16.2573
16.2573
16.2573
16.2573
15.8448
15.8448
15.8448
15.8448
15.8448
15.8448
15.8448
15.8448
24.0771
24.0771
24.0771
24.0771
24.0771
24.0771
24.0771
24.0771
23.352
23.352
23.352
23.352
23.352
23.352
23.352
23.352
22.6627
22.6627
22.6627
22.6627
22.6627
22.6627
22.6627
22.6627
22.0104
22.0104
22.0104
22.0104
22.0104
22.0104
22.0104
22.0104
21.3933
21.3933
21.3933
21.3933
21.3933
21.3933
21.3933
21.3933
20.8073
20.8073
20.8073
20.8073
20.8073
20.8073
20.8073
20.8073
20.2468
20.2468
20.2468
20.2468
20.2468
20.2468
20.2468
20.2468
19.7057
19.7057
19.7057
19.7057
19.7057
19.7057
19.7057
19.7057
19.1788
19.1788
19.1788
19.1788
19.1788
19.1788
19.1788
19.1788
18.6623
18.6623
18.6623
18.6623
18.6623
18.6623
18.6623
18.6623
18.1545
18.1545
18.1545
18.1545
18.1545
18.1545
18.1545
18.1545
17.656
17.656
17.656
17.656
17.656
17.656
17.656
17.656
17.1699
17.1699
17.1699
17.1699
17.1699
17.1699
17.1699
17.1699
16.7015
16.7015
16.7015
16.7015
16.7015
16.7015
16.7015
16.7015
16.2573
16.2573
16.2573
16.2573
16.2573
16.2573
16.2573
16.2573
15.8448
15.8448
15.8448
15.8448
15.8448
15.8448
15.8448
15.8448
24.0771
24.0771
24.0771
24.0771
24.0771
24.0771
24.0771
24.0771
23.352
23.352
23.352
23.352
23.352
23.352
23.352
23.352
22.6627
22.6627
22.6627
22.6627
22.6627
22.6627
22.6627
22.6627
22.0104
22.0104
22.0104
22.0104
22.0104
22.0104
22.0104
22.0104
21.3933
21.3933
21.3933
21.3933
21.3933
21.3933
21.3933
21.3933
20.8073
20.8073
20.8073
20.8073
20.8073
20.8073
20.8073
20.8073
20.2468
20.2468
20.2468
20.2468
20.2468
20.2468
20.2468
20.2468
19.7057
19.7057
19.7057
19.7057
19.7057
19.7057
19.7057
19.7057
19.1788
19.1788
19.1788
19.1788
19.1788
19.1788
19.1788
19.1788
18.6623
18.6623
18.6623
18.6623
18.6623
18.6623
18.6623
18.6623
18.1545
18.1545
18.1545
18.1545
18.1545
18.1545
18.1545
18.1545
17.656
17.656
17.656
17.656
17.656
17.656
17.656
17.656
17.1699
17.1699
17.1699
17.1699
17.1699
17.1699
17.1699
17.1699
16.7015
16.7015
16.7015
16.7015
16.7015
16.7015
16.7015
16.7015
16.2573
16.2573
16.2573
16.2573
16.2573
16.2573
16.2573
16.2573
15.8448
15.8448
15.8448
15.8448
15.8448
15.8448
15.8448
15.8448
24.9449
24.9449
24.9449
24.9449
24.9449
24.9449
24.9449
24.9449
24.2852
24.2852
24.2852
24.2852
24.2852
24.2852
24.2852
24.2852
23.6186
23.6186
23.6186
23.6186
23.6186
23.6186
23.6186
23.6186
22.953
22.953
22.953
22.953
22.953
22.953
22.953
22.953
22.294
22.294
22.294
22.294
22.294
22.294
22.294
22.294
21.6442
21.6442
21.6442
21.6442
21.6442
21.6442
21.6442
21.6442
21.0046
21.0046
21.0046
21.0046
21.0046
21.0046
21.0046
21.0046
20.3754
20.3754
20.3754
20.3754
20.3754
20.3754
20.3754
20.3754
19.7561
19.7561
19.7561
19.7561
19.7561
19.7561
19.7561
19.7561
19.1472
19.1472
19.1472
19.1472
19.1472
19.1472
19.1472
19.1472
18.5498
18.5498
18.5498
18.5498
18.5498
18.5498
18.5498
18.5498
17.9667
17.9667
17.9667
17.9667
17.9667
17.9667
17.9667
17.9667
17.4019
17.4019
17.4019
17.4019
17.4019
17.4019
17.4019
17.4019
16.8608
16.8608
16.8608
16.8608
16.8608
16.8608
16.8608
16.8608
16.3495
16.3495
16.3495
16.3495
16.3495
16.3495
16.3495
16.3495
15.8745
15.8745
15.8745
15.8745
15.8745
15.8745
15.8745
15.8745
24.9449
24.9449
24.9449
24.9449
24.9449
24.9449
24.9449
24.9449
24.2852
24.2852
24.2852
24.2852
24.2852
24.2852
24.2852
24.2852
23.6186
23.6186
23.6186
23.6186
23.6186
23.6186
23.6186
23.6186
22.953
22.953
22.953
22.953
22.953
22.953
22.953
22.953
22.294
22.294
22.294
22.294
22.294
22.294
22.294
22.294
21.6442
21.6442
21.6442
21.6442
21.6442
21.6442
21.6442
21.6442
21.0046
21.0046
21.0046
21.0046
21.0046
21.0046
21.0046
21.0046
20.3754
20.3754
20.3754
20.3754
20.3754
20.3754
20.3754
20.3754
19.7561
19.7561
19.7561
19.7561
19.7561
19.7561
19.7561
19.7561
19.1472
19.1472
19.1472
19.1472
19.1472
19.1472
19.1472
19.1472
18.5498
18.5498
18.5498
18.5498
18.5498
18.5498
18.5498
18.5498
17.9667
17.9667
17.9667
17.9667
17.9667
17.9667
17.9667
17.9667
17.4019
17.4019
17.4019
17.4019
17.4019
17.4019
17.4019
17.4019
16.8608
16.8608
16.8608
16.8608
16.8608
16.8608
16.8608
16.8608
16.3495
16.3495
16.3495
16.3495
16.3495
16.3495
16.3495
16.3495
15.8745
15.8745
15.8745
15.8745
15.8745
15.8745
15.8745
15.8745
24.9449
24.9449
24.9449
24.9449
24.9449
24.9449
24.9449
24.9449
24.2852
24.2852
24.2852
24.2852
24.2852
24.2852
24.2852
24.2852
23.6186
23.6186
23.6186
23.6186
23.6186
23.6186
23.6186
23.6186
22.953
22.953
22.953
22.953
22.953
22.953
22.953
22.953
22.294
22.294
22.294
22.294
22.294
22.294
22.294
22.294
21.6442
21.6442
21.6442
21.6442
21.6442
21.6442
21.6442
21.6442
21.0046
21.0046
21.0046
21.0046
21.0046
21.0046
21.0046
21.0046
20.3754
20.3754
20.3754
20.3754
20.3754
20.3754
20.3754
20.3754
19.7561
19.7561
19.7561
19.7561
19.7561
19.7561
19.7561
19.7561
19.1472
19.1472
19.1472
19.1472
19.1472
19.1472
19.1472
19.1472
18.5498
18.5498
18.5498
18.5498
18.5498
18.5498
18.5498
18.5498
17.9667
17.9667
17.9667
17.9667
17.9667
17.9667
17.9667
17.9667
17.4019
17.4019
17.4019
17.4019
17.4019
17.4019
17.4019
17.4019
16.8608
16.8608
16.8608
16.8608
16.8608
16.8608
16.8608
16.8608
16.3495
16.3495
16.3495
16.3495
16.3495
16.3495
16.3495
16.3495
15.8745
15.8745
15.8745
15.8745
15.8745
15.8745
15.8745
15.8745
24.9449
24.9449
24.9449
24.9449
24.9449
24.9449
24.9449
24.9449
24.2852
24.2852
24.2852
24.2852
24.2852
24.2852
24.2852
24.2852
23.6186
23.6186
23.6186
23.6186
23.6186
23.6186
23.6186
23.6186
22.953
22.953
22.953
22.953
22.953
22.953
22.953
22.953
22.294
22.294
22.294
22.294
22.294
22.294
22.294
22.294
21.6442
21.6442
21.6442
21.6442
21.6442
21.6442
21.6442
21.6442
21.0046
21.0046
21.0046
21.0046
21.0046
21.0046
21.0046
21.0046
20.3754
20.3754
20.3754
20.3754
20.3754
20.3754
20.3754
20.3754
19.7561
19.7561
19.7561
19.7561
19.7561
19.7561
19.7561
19.7561
19.1472
19.1472
19.1472
19.1472
19.1472
19.1472
19.1472
19.1472
18.5498
18.5498
18.5498
18.5498
18.5498
18.5498
18.5498
18.5498
17.9667
17.9667
17.9667
17.9667
17.9667
17.9667
17.9667
17.9667
17.4019
17.4019
17.4019
17.4019
17.4019
17.4019
17.4019
17.4019
16.8608
16.8608
16.8608
16.8608
16.8608
16.8608
16.8608
16.8608
16.3495
16.3495
16.3495
16.3495
16.3495
16.3495
16.3495
16.3495
15.8745
15.8745
15.8745
15.8745
15.8745
15.8745
15.8745
15.8745
25.7387
25.7387
25.7387
25.7387
25.7387
25.7387
25.7387
25.7387
25.1475
25.1475
25.1475
25.1475
25.1475
25.1475
25.1475
25.1475
24.5059
24.5059
24.5059
24.5059
24.5059
24.5059
24.5059
24.5059
23.8287
23.8287
23.8287
23.8287
23.8287
23.8287
23.8287
23.8287
23.1285
23.1285
23.1285
23.1285
23.1285
23.1285
23.1285
23.1285
22.4156
22.4156
22.4156
22.4156
22.4156
22.4156
22.4156
22.4156
21.6982
21.6982
21.6982
21.6982
21.6982
21.6982
21.6982
21.6982
20.9825
20.9825
20.9825
20.9825
20.9825
20.9825
20.9825
20.9825
20.2733
20.2733
20.2733
20.2733
20.2733
20.2733
20.2733
20.2733
19.5752
19.5752
19.5752
19.5752
19.5752
19.5752
19.5752
19.5752
18.8921
18.8921
18.8921
18.8921
18.8921
18.8921
18.8921
18.8921
18.2286
18.2286
18.2286
18.2286
18.2286
18.2286
18.2286
18.2286
17.5894
17.5894
17.5894
17.5894
17.5894
17.5894
17.5894
17.5894
16.9798
16.9798
16.9798
16.9798
16.9798
16.9798
16.9798
16.9798
16.405
16.405
16.405
16.405
16.405
16.405
16.405
16.405
15.8704
15.8704
15.8704
15.8704
15.8704
15.8704
15.8704
15.8704
25.7387
25.7387
25.7387
25.7387
25.7387
25.7387
25.7387
25.7387
25.1475
25.1475
25.1475
25.1475
25.1475
25.1475
25.1475
25.1475
24.5059
24.5059
24.5059
24.5059
24.5059
24.5059
24.5059
24.5059
23.8287
23.8287
23.8287
23.8287
23.8287
23.8287
23.8287
23.8287
23.1285
23.1285
23.1285
23.1285
23.1285
23.1285
23.1285
23.1285
22.4156
22.4156
22.4156
22.4156
22.4156
22.4156
22.4156
22.4156
21.6982
21.6982
21.6982
21.6982
21.6982
21.6982
21.6982
21.6982
20.9825
20.9825
20.9825
20.9825
20.9825
20.9825
20.9825
20.9825
20.2733
20.2733
20.2733
20.2733
20.2733
20.2733
20.2733
20.2733
19.5752
19.5752
19.5752
19.5752
19.5752
19.5752
19.5752
19.5752
18.8921
18.8921
18.8921
18.8921
18.8921
18.8921
18.8921
18.8921
18.2286
18.2286
18.2286
18.2286
18.2286
18.2286
18.2286
18.2286
17.5894
17.5894
17.5894
17.5894
17.5894
17.5894
17.5894
17.5894
16.9798
16.9798
16.9798
16.9798
16.9798
16.9798
16.9798
16.9798
16.405
16.405
16.405
16.405
16.405
16.405
16.405
16.405
15.8704
15.8704
15.8704
15.8704
15.8704
15.8704
15.8704
15.8704
25.7387
25.7387
25.7387
25.7387
25.7387
25.7387
25.7387
25.7387
25.1475
25.1475
25.1475
25.1475
25.1475
25.1475
25.1475
25.1475
24.5059
24.5059
24.5059
24.5059
24.5059
24.5059
24.5059
24.5059
23.8287
23.8287
23.8287
23.8287
23.8287
23.8287
23.8287
23.8287
23.1285
23.1285
23.1285
23.1285
23.1285
23.1285
23.1285
23.1285
22.4156
22.4156
22.4156
22.4156
22.4156
22.4156
22.4156
22.4156
21.6982
21.6982
21.6982
21.6982
21.6982
21.6982
21.6982
21.6982
20.9825
20.9825
20.9825
20.9825
20.9825
20.9825
20.9825
20.9825
20.2733
20.2733
20.2733
20.2733
20.2733
20.2733
20.2733
20.2733
19.5752
19.5752
19.5752
19.5752
19.5752
19.5752
19.5752
19.5752
18.8921
18.8921
18.8921
18.8921
18.8921
18.8921
18.8921
18.8921
18.2286
18.2286
18.2286
18.2286
18.2286
18.2286
18.2286
18.2286
17.5894
17.5894
17.5894
17.5894
17.5894
17.5894
17.5894
17.5894
16.9798
16.9798
16.9798
16.9798
16.9798
16.9798
16.9798
16.9798
16.405
16.405
16.405
16.405
16.405
16.405
16.405
16.405
15.8704
15.8704
15.8704
15.8704
15.8704
15.8704
15.8704
15.8704
25.7387
25.7387
25.7387
25.7387
25.7387
25.7387
25.7387
25.7387
25.1475
25.1475
25.1475
25.1475
25.1475
25.1475
25.1475
25.1475
24.5059
24.5059
24.5059
24.5059
24.5059
24.5059
24.5059
24.5059
23.8287
23.8287
23.8287
23.8287
23.8287
23.8287
23.8287
23.8287
23.1285
23.1285
23.1285
23.1285
23.1285
23.1285
23.1285
23.1285
22.4156
22.4156
22.4156
22.4156
22.4156
22.4156
22.4156
22.4156
21.6982
21.6982
21.6982
21.6982
21.6982
21.6982
21.6982
21.6982
20.9825
20.9825
20.9825
20.9825
20.9825
20.9825
20.9825
20.9825
20.2733
20.2733
20.2733
20.2733
20.2733
20.2733
20.2733
20.2733
19.5752
19.5752
19.5752
19.5752
19.5752
19.5752
19.5752
19.5752
18.8921
18.8921
18.8921
18.8921
18.8921
18.8921
18.8921
18.8921
18.2286
18.2286
18.2286
18.2286
18.2286
18.2286
18.2286
18.2286
17.5894
17.5894
17.5894
17.5894
17.5894
17.5894
17.5894
17.5894
16.9798
16.9798
16.9798
16.9798
16.9798
16.9798
16.9798
16.9798
16.405
16.405
16.405
16.405
16.405
16.405
16.405
16.405
15.8704
15.8704
15.8704
15.8704
15.8704
15.8704
15.8704
15.8704
26.4211
26.4211
26.4211
26.4211
26.4211
26.4211
26.4211
26.4211
25.8978
25.8978
25.8978
25.8978
25.8978
25.8978
25.8978
25.8978
25.2818
25.2818
25.2818
25.2818
25.2818
25.2818
25.2818
25.2818
24.5943
24.5943
24.5943
24.5943
24.5943
24.5943
24.5943
24.5943
23.8555
23.8555
23.8555
23.8555
23.8555
23.8555
23.8555
23.8555
23.0831
23.0831
23.0831
23.0831
23.0831
23.0831
23.0831
23.0831
22.2927
22.2927
22.2927
22.2927
22.2927
22.2927
22.2927
22.2927
21.4965
21.4965
21.4965
21.4965
21.4965
21.4965
21.4965
21.4965
20.7048
20.7048
20.7048
20.7048
20.7048
20.7048
20.7048
20.7048
19.9255
19.9255
19.9255
19.9255
19.9255
19.9255
19.9255
19.9255
19.1655
19.1655
19.1655
19.1655
19.1655
19.1655
19.1655
19.1655
18.4302
18.4302
18.4302
18.4302
18.4302
18.4302
18.4302
18.4302
17.7251
17.7251
17.7251
17.7251
17.7251
17.7251
17.7251
17.7251
17.0546
17.0546
17.0546
17.0546
17.0546
17.0546
17.0546
17.0546
16.4232
16.4232
16.4232
16.4232
16.4232
16.4232
16.4232
16.4232
15.835
15.835
15.835
15.835
15.835
15.835
15.835
15.835
26.4211
26.4211
26.4211
26.4211
26.4211
26.4211
26.4211
26.4211
25.8978
25.8978
25.8978
25.8978
25.8978
25.8978
25.8978
25.8978
25.2818
25.2818
25.2818
25.2818
25.2818
25.2818
25.2818
25.2818
24.5943
24.5943
24.5943
24.5943
24.5943
24.5943
24.5943
24.5943
23.8555
23.8555
23.8555
23.8555
23.8555
23.8555
23.8555
23.8555
23.0831
23.0831
23.0831
23.0831
23.0831
23.0831
23.0831
23.0831
22.2927
22.2927
22.2927
22.2927
22.2927
22.2927
22.2927
22.2927
21.4965
21.4965
21.4965
21.4965
21.4965
21.4965
21.4965
21.4965
20.7048
20.7048
20.7048
20.7048
20.7048
20.7048
20.7048
20.7048
19.9255
19.9255
19.9255
19.9255
19.9255
19.9255
19.9255
19.9255
19.1655
19.1655
19.1655
19.1655
19.1655
19.1655
19.1655
19.1655
18.4302
18.4302
18.4302
18.4302
18.4302
18.4302
18.4302
18.4302
17.7251
17.7251
17.7251
17.7251
17.7251
17.7251
17.7251
17.7251
17.0546
17.0546
17.0546
17.0546
17.0546
17.0546
17.0546
17.0546
16.4232
16.4232
16.4232
16.4232
16.4232
16.4232
16.4232
16.4232
15.835
15.835
15.835
15.835
15.835
15.835
15.835
15.835
26.4211
26.4211
26.4211
26.4211
26.4211
26.4211
26.4211
26.4211
25.8978
25.8978
25.8978
25.8978
25.8978
25.8978
25.8978
25.8978
25.2818
25.2818
25.2818
25.2818
25.2818
25.2818
25.2818
25.2818
24.5943
24.5943
24.5943
24.5943
24.5943
24.5943
24.5943
24.5943
23.8555
23.8555
23.8555
23.8555
23.8555
23.8555
23.8555
23.8555
23.0831
23.0831
23.0831
23.0831
23.0831
23.0831
23.0831
23.0831
22.2927
22.2927
22.2927
22.2927
22.2927
22.2927
22.2927
22.2927
21.4965
21.4965
21.4965
21.4965
21.4965
21.4965
21.4965
21.4965
20.7048
20.7048
20.7048
20.7048
20.7048
20.7048
20.7048
20.7048
19.9255
19.9255
19.9255
19.9255
19.9255
19.9255
19.9255
19.9255
19.1655
19.1655
19.1655
19.1655
19.1655
19.1655
19.1655
19.1655
18.4302
18.4302
18.4302
18.4302
18.4302
18.4302
18.4302
18.4302
17.7251
17.7251
17.7251
17.7251
17.7251
17.7251
17.7251
17.7251
17.0546
17.0546
17.0546
17.0546
17.0546
17.0546
17.0546
17.0546
16.4232
16.4232
16.4232
16.4232
16.4232
16.4232
16.4232
16.4232
15.835
15.835
15.835
15.835
15.835
15.835
15.835
15.835
26.4211
26.4211
26.4211
26.4211
26.4211
26.4211
26.4211
26.4211
25.8978
25.8978
25.8978
25.8978
25.8978
25.8978
25.8978
25.8978
25.2818
25.2818
25.2818
25.2818
25.2818
25.2818
25.2818
25.2818
24.5943
24.5943
24.5943
24.5943
24.5943
24.5943
24.5943
24.5943
23.8555
23.8555
23.8555
23.8555
23.8555
23.8555
23.8555
23.8555
23.0831
23.0831
23.0831
23.0831
23.0831
23.0831
23.0831
23.0831
22.2927
22.2927
22.2927
22.2927
22.2927
22.2927
22.2927
22.2927
21.4965
21.4965
21.4965
21.4965
21.4965
21.4965
21.4965
21.4965
20.7048
20.7048
20.7048
20.7048
20.7048
20.7048
20.7048
20.7048
19.9255
19.9255
19.9255
19.9255
19.9255
19.9255
19.9255
19.9255
19.1655
19.1655
19.1655
19.1655
19.1655
19.1655
19.1655
19.1655
18.4302
18.4302
18.4302
18.4302
18.4302
18.4302
18.4302
18.4302
17.7251
17.7251
17.7251
17.7251
17.7251
17.7251
17.7251
17.7251
17.0546
17.0546
17.0546
17.0546
17.0546
17.0546
17.0546
17.0546
16.4232
16.4232
16.4232
16.4232
16.4232
16.4232
16.4232
16.4232
15.835
15.835
15.835
15.835
15.835
15.835
15.835
15.835
26.9681
26.9681
26.9681
26.9681
26.9681
26.9681
26.9681
26.9681
26.508
26.508
26.508
26.508
26.508
26.508
26.508
26.508
25.9159
25.9159
25.9159
25.9159
25.9159
25.9159
25.9159
25.9159
25.2192
25.2192
25.2192
25.2192
25.2192
25.2192
25.2192
25.2192
24.4454
24.4454
24.4454
24.4454
24.4454
24.4454
24.4454
24.4454
23.6197
23.6197
23.6197
23.6197
23.6197
23.6197
23.6197
23.6197
22.7645
22.7645
22.7645
22.7645
22.7645
22.7645
22.7645
22.7645
21.8981
21.8981
21.8981
21.8981
21.8981
21.8981
21.8981
21.8981
21.0352
21.0352
21.0352
21.0352
21.0352
21.0352
21.0352
21.0352
20.1873
20.1873
20.1873
20.1873
20.1873
20.1873
20.1873
20.1873
19.3629
19.3629
19.3629
19.3629
19.3629
19.3629
19.3629
19.3629
18.5684
18.5684
18.5684
18.5684
18.5684
18.5684
18.5684
18.5684
17.8089
17.8089
17.8089
17.8089
17.8089
17.8089
17.8089
17.8089
17.0882
17.0882
17.0882
17.0882
17.0882
17.0882
17.0882
17.0882
16.4095
16.4095
16.4095
16.4095
16.4095
16.4095
16.4095
16.4095
15.7754
15.7754
15.7754
15.7754
15.7754
15.7754
15.7754
15.7754
26.9681
26.9681
26.9681
26.9681
26.9681
26.9681
26.9681
26.9681
26.508
26.508
26.508
26.508
26.508
26.508
26.508
26.508
25.9159
25.9159
25.9159
25.9159
25.9159
25.9159
25.9159
25.9159
25.2192
25.2192
25.2192
25.2192
25.2192
25.2192
25.2192
25.2192
24.4454
24.4454
24.4454
24.4454
24.4454
24.4454
24.4454
24.4454
23.6197
23.6197
23.6197
23.6197
23.6197
23.6197
23.6197
23.6197
22.7645
22.7645
22.7645
22.7645
22.7645
22.7645
22.7645
22.7645
21.8981
21.8981
21.8981
21.8981
21.8981
21.8981
21.8981
21.8981
21.0352
21.0352
21.0352
21.0352
21.0352
21.0352
21.0352
21.0352
20.1873
20.1873
20.1873
20.1873
20.1873
20.1873
20.1873
20.1873
19.3629
19.3629
19.3629
19.3629
19.3629
19.3629
19.3629
19.3629
18.5684
18.5684
18.5684
18.5684
18.5684
18.5684
18.5684
18.5684
17.8089
17.8089
17.8089
17.8089
17.8089
17.8089
17.8089
17.8089
17.0882
17.0882
17.0882
17.0882
17.0882
17.0882
17.0882
17.0882
16.4095
16.4095
16.4095
16.4095
16.4095
16.4095
16.4095
16.4095
15.7754
15.7754
15.7754
15.7754
15.7754
15.7754
15.7754
15.7754
26.9681
26.9681
26.9681
26.9681
26.9681
26.9681
26.9681
26.9681
26.508
26.508
26.508
26.508
26.508
26.508
26.508
26.508
25.9159
25.9159
25.9159
25.9159
25.9159
25.9159
25.9159
25.9159
25.2192
25.2192
25.2192
25.2192
25.2192
25.2192
25.2192
25.2192
24.4454
24.4454
24.4454
24.4454
24.4454
24.4454
24.4454
24.4454
23.6197
23.6197
23.6197
23.6197
23.6197
23.6197
23.6197
23.6197
22.7645
22.7645
22.7645
22.7645
22.7645
22.7645
22.7645
22.7645
21.8981
21.8981
21.8981
21.8981
21.8981
21.8981
21.8981
21.8981
21.0352
21.0352
21.0352
21.0352
21.0352
21.0352
21.0352
21.0352
20.1873
20.1873
20.1873
20.1873
20.1873
20.1873
20.1873
20.1873
19.3629
19.3629
19.3629
19.3629
19.3629
19.3629
19.3629
19.3629
18.5684
18.5684
18.5684
18.5684
18.5684
18.5684
18.5684
18.5684
17.8089
17.8089
17.8089
17.8089
17.8089
17.8089
17.8089
17.8089
17.0882
17.0882
17.0882
17.0882
17.0882
17.0882
17.0882
17.0882
16.4095
16.4095
16.4095
16.4095
16.4095
16.4095
16.4095
16.4095
15.7754
15.7754
15.7754
15.7754
15.7754
15.7754
15.7754
15.7754
26.9681
26.9681
26.9681
26.9681
26.9681
26.9681
26.9681
26.9681
26.508
26.508
26.508
26.508
26.508
26.508
26.508
26.508
25.9159
25.9159
25.9159
25.9159
25.9159
25.9159
25.9159
25.9159
25.2192
25.2192
25.2192
25.2192
25.2192
25.2192
25.2192
25.2192
24.4454
24.4454
24.4454
24.4454
24.4454
24.4454
24.4454
24.4454
23.6197
23.6197
23.6197
23.6197
23.6197
23.6197
23.6197
23.6197
22.7645
22.7645
22.7645
22.7645
22.7645
22.7645
22.7645
22.7645
21.8981
21.8981
21.8981
21.8981
21.8981
21.8981
21.8981
21.8981
21.0352
21.0352
21.0352
21.0352
21.0352
21.0352
21.0352
21.0352
20.1873
20.1873
20.1873
20.1873
20.1873
20.1873
20.1873
20.1873
19.3629
19.3629
19.3629
19.3629
19.3629
19.3629
19.3629
19.3629
18.5684
18.5684
18.5684
18.5684
18.5684
18.5684
18.5684
18.5684
17.8089
17.8089
17.8089
17.8089
17.8089
17.8089
17.8089
17.8089
17.0882
17.0882
17.0882
17.0882
17.0882
17.0882
17.0882
17.0882
16.4095
16.4095
16.4095
16.4095
16.4095
16.4095
16.4095
16.4095
15.7754
15.7754
15.7754
15.7754
15.7754
15.7754
15.7754
15.7754
27.3706
27.3706
27.3706
27.3706
27.3706
27.3706
27.3706
27.3706
26.9648
26.9648
26.9648
26.9648
26.9648
26.9648
26.9648
26.9648
26.3927
26.3927
26.3927
26.3927
26.3927
26.3927
26.3927
26.3927
25.6875
25.6875
25.6875
25.6875
25.6875
25.6875
25.6875
25.6875
24.8833
24.8833
24.8833
24.8833
24.8833
24.8833
24.8833
24.8833
24.0126
24.0126
24.0126
24.0126
24.0126
24.0126
24.0126
24.0126
23.1037
23.1037
23.1037
23.1037
23.1037
23.1037
23.1037
23.1037
22.1804
22.1804
22.1804
22.1804
22.1804
22.1804
22.1804
22.1804
21.2612
21.2612
21.2612
21.2612
21.2612
21.2612
21.2612
21.2612
20.36
20.36
20.36
20.36
20.36
20.36
20.36
20.36
19.4866
19.4866
19.4866
19.4866
19.4866
19.4866
19.4866
19.4866
18.6477
18.6477
18.6477
18.6477
18.6477
18.6477
18.6477
18.6477
17.8476
17.8476
17.8476
17.8476
17.8476
17.8476
17.8476
17.8476
17.0889
17.0889
17.0889
17.0889
17.0889
17.0889
17.0889
17.0889
16.3736
16.3736
16.3736
16.3736
16.3736
16.3736
16.3736
16.3736
15.7027
15.7027
15.7027
15.7027
15.7027
15.7027
15.7027
15.7027
27.3706
27.3706
27.3706
27.3706
27.3706
27.3706
27.3706
27.3706
26.9648
26.9648
26.9648
26.9648
26.9648
26.9648
26.9648
26.9648
26.3927
26.3927
26.3927
26.3927
26.3927
26.3927
26.3927
26.3927
25.6875
25.6875
25.6875
25.6875
25.6875
25.6875
25.6875
25.6875
24.8833
24.8833
24.8833
24.8833
24.8833
24.8833
24.8833
24.8833
24.0126
24.0126
24.0126
24.0126
24.0126
24.0126
24.0126
24.0126
23.1037
23.1037
23.1037
23.1037
23.1037
23.1037
23.1037
23.1037
22.1804
22.1804
22.1804
22.1804
22.1804
22.1804
22.1804
22.1804
21.2612
21.2612
21.2612
21.2612
21.2612
21.2612
21.2612
21.2612
20.36
20.36
20.36
20.36
20.36
20.36
20.36
20.36
19.4866
19.4866
19.4866
19.4866
19.4866
19.4866
19.4866
19.4866
18.6477
18.6477
18.6477
18.6477
18.6477
18.6477
18.6477
18.6477
17.8476
17.8476
17.8476
17.8476
17.8476
17.8476
17.8476
17.8476
17.0889
17.0889
17.0889
17.0889
17.0889
17.0889
17.0889
17.0889
16.3736
16.3736
16.3736
16.3736
16.3736
16.3736
16.3736
16.3736
15.7027
15.7027
15.7027
15.7027
15.7027
15.7027
15.7027
15.7027
27.3706
27.3706
27.3706
27.3706
27.3706
27.3706
27.3706
27.3706
26.9648
26.9648
26.9648
26.9648
26.9648
26.9648
26.9648
26.9648
26.3927
26.3927
26.3927
26.3927
26.3927
26.3927
26.3927
26.3927
25.6875
25.6875
25.6875
25.6875
25.6875
25.6875
25.6875
25.6875
24.8833
24.8833
24.8833
24.8833
24.8833
24.8833
24.8833
24.8833
24.0126
24.0126
24.0126
24.0126
24.0126
24.0126
24.0126
24.0126
23.1037
23.1037
23.1037
23.1037
23.1037
23.1037
23.1037
23.1037
22.1804
22.1804
22.1804
22.1804
22.1804
22.1804
22.1804
22.1804
21.2612
21.2612
21.2612
21.2612
21.2612
21.2612
21.2612
21.2612
20.36
20.36
20.36
20.36
20.36
20.36
20.36
20.36
19.4866
19.4866
19.4866
19.4866
19.4866
19.4866
19.4866
19.4866
18.6477
18.6477
18.6477
18.6477
18.6477
18.6477
18.6477
18.6477
17.8476
17.8476
17.8476
17.8476
17.8476
17.8476
17.8476
17.8476
17.0889
17.0889
17.0889
17.0889
17.0889
17.0889
17.0889
17.0889
16.3736
16.3736
16.3736
16.3736
16.3736
16.3736
16.3736
16.3736
15.7027
15.7027
15.7027
15.7027
15.7027
15.7027
15.7027
15.7027
27.3706
27.3706
27.3706
27.3706
27.3706
27.3706
27.3706
27.3706
26.9648
26.9648
26.9648
26.9648
26.9648
26.9648
26.9648
26.9648
26.3927
26.3927
26.3927
26.3927
26.3927
26.3927
26.3927
26.3927
25.6875
25.6875
25.6875
25.6875
25.6875
25.6875
25.6875
25.6875
24.8833
24.8833
24.8833
24.8833
24.8833
24.8833
24.8833
24.8833
24.0126
24.0126
24.0126
24.0126
24.0126
24.0126
24.0126
24.0126
23.1037
23.1037
23.1037
23.1037
23.1037
23.1037
23.1037
23.1037
22.1804
22.1804
22.1804
22.1804
22.1804
22.1804
22.1804
22.1804
21.2612
21.2612
21.2612
21.2612
21.2612
21.2612
21.2612
21.2612
20.36
20.36
20.36
20.36
20.36
20.36
20.36
20.36
19.4866
19.4866
19.4866
19.4866
19.4866
19.4866
19.4866
19.4866
18.6477
18.6477
18.6477
18.6477
18.6477
18.6477
18.6477
18.6477
17.8476
17.8476
17.8476
17.8476
17.8476
17.8476
17.8476
17.8476
17.0889
17.0889
17.0889
17.0889
17.0889
17.0889
17.0889
17.0889
16.3736
16.3736
16.3736
16.3736
16.3736
16.3736
16.3736
16.3736
15.7027
15.7027
15.7027
15.7027
15.7027
15.7027
15.7027
15.7027
27.6338
27.6338
27.6338
27.6338
27.6338
27.6338
27.6338
27.6338
27.2703
27.2703
27.2703
27.2703
27.2703
27.2703
27.2703
27.2703
26.7124
26.7124
26.7124
26.7124
26.7124
26.7124
26.7124
26.7124
25.9986
25.9986
25.9986
25.9986
25.9986
25.9986
25.9986
25.9986
25.1694
25.1694
25.1694
25.1694
25.1694
25.1694
25.1694
25.1694
24.263
24.263
24.263
24.263
24.263
24.263
24.263
24.263
23.3135
23.3135
23.3135
23.3135
23.3135
23.3135
23.3135
23.3135
22.3486
22.3486
22.3486
22.3486
22.3486
22.3486
22.3486
22.3486
21.3898
21.3898
21.3898
21.3898
21.3898
21.3898
21.3898
21.3898
20.4526
20.4526
20.4526
20.4526
20.4526
20.4526
20.4526
20.4526
19.5472
19.5472
19.5472
19.5472
19.5472
19.5472
19.5472
19.5472
18.6797
18.6797
18.6797
18.6797
18.6797
18.6797
18.6797
18.6797
17.8535
17.8535
17.8535
17.8535
17.8535
17.8535
17.8535
17.8535
17.0698
17.0698
17.0698
17.0698
17.0698
17.0698
17.0698
17.0698
16.3287
16.3287
16.3287
16.3287
16.3287
16.3287
16.3287
16.3287
15.63
15.63
15.63
15.63
15.63
15.63
15.63
15.63
27.6338
27.6338
27.6338
27.6338
27.6338
27.6338
27.6338
27.6338
27.2703
27.2703
27.2703
27.2703
27.2703
27.2703
27.2703
27.2703
26.7124
26.7124
26.7124
26.7124
26.7124
26.7124
26.7124
26.7124
25.9986
25.9986
25.9986
25.9986
25.9986
25.9986
25.9986
25.9986
25.1694
25.1694
25.1694
25.1694
25.1694
25.1694
25.1694
25.1694
24.263
24.263
24.263
24.263
24.263
24.263
24.263
24.263
23.3135
23.3135
23.3135
23.3135
23.3135
23.3135
23.3135
23.3135
22.3486
22.3486
22.3486
22.3486
22.3486
22.3486
22.3486
22.3486
21.3898
21.3898
21.3898
21.3898
21.3898
21.3898
21.3898
21.3898
20.4526
20.4526
20.4526
20.4526
20.4526
20.4526
20.4526
20.4526
19.5472
19.5472
19.5472
19.5472
19.5472
19.5472
19.5472
19.5472
18.6797
18.6797
18.6797
18.6797
18.6797
18.6797
18.6797
18.6797
17.8535
17.8535
17.8535
17.8535
17.8535
17.8535
17.8535
17.8535
17.0698
17.0698
17.0698
17.0698
17.0698
17.0698
17.0698
17.0698
16.3287
16.3287
16.3287
16.3287
16.3287
16.3287
16.3287
16.3287
15.63
15.63
15.63
15.63
15.63
15.63
15.63
15.63
27.6338
27.6338
27.6338
27.6338
27.6338
27.6338
27.6338
27.6338
27.2703
27.2703
27.2703
27.2703
27.2703
27.2703
27.2703
27.2703
26.7124
26.7124
26.7124
26.7124
26.7124
26.7124
26.7124
26.7124
25.9986
25.9986
25.9986
25.9986
25.9986
25.9986
25.9986
25.9986
25.1694
25.1694
25.1694
25.1694
25.1694
25.1694
25.1694
25.1694
24.263
24.263
24.263
24.263
24.263
24.263
24.263
24.263
23.3135
23.3135
23.3135
23.3135
23.3135
23.3135
23.3135
23.3135
22.3486
22.3486
22.3486
22.3486
22.3486
22.3486
22.3486
22.3486
21.3898
21.3898
21.3898
21.3898
21.3898
21.3898
21.3898
21.3898
20.4526
20.4526
20.4526
20.4526
20.4526
20.4526
20.4526
20.4526
19.5472
19.5472
19.5472
19.5472
19.5472
19.5472
19.5472
19.5472
18.6797
18.6797
18.6797
18.6797
18.6797
18.6797
18.6797
18.6797
17.8535
17.8535
17.8535
17.8535
17.8535
17.8535
17.8535
17.8535
17.0698
17.0698
17.0698
17.0698
17.0698
17.0698
17.0698
17.0698
16.3287
16.3287
16.3287
16.3287
16.3287
16.3287
16.3287
16.3287
15.63
15.63
15.63
15.63
15.63
15.63
15.63
15.63
27.6338
27.6338
27.6338
27.6338
27.6338
27.6338
27.6338
27.6338
27.2703
27.2703
27.2703
27.2703
27.2703
27.2703
27.2703
27.2703
26.7124
26.7124
26.7124
26.7124
26.7124
26.7124
26.7124
26.7124
25.9986
25.9986
25.9986
25.9986
25.9986
25.9986
25.9986
25.9986
25.1694
25.1694
25.1694
25.1694
25.1694
25.1694
25.1694
25.1694
24.263
24.263
24.263
24.263
24.263
24.263
24.263
24.263
23.3135
23.3135
23.3135
23.3135
23.3135
23.3135
23.3135
23.3135
22.3486
22.3486
22.3486
22.3486
22.3486
22.3486
22.3486
22.3486
21.3898
21.3898
21.3898
21.3898
21.3898
21.3898
21.3898
21.3898
20.4526
20.4526
20.4526
20.4526
20.4526
20.4526
20.4526
20.4526
19.5472
19.5472
19.5472
19.5472
19.5472
19.5472
19.5472
19.5472
18.6797
18.6797
18.6797
18.6797
18.6797
18.6797
18.6797
18.6797
17.8535
17.8535
17.8535
17.8535
17.8535
17.8535
17.8535
17.8535
17.0698
17.0698
17.0698
17.0698
17.0698
17.0698
17.0698
17.0698
16.3287
16.3287
16.3287
16.3287
16.3287
16.3287
16.3287
16.3287
15.63
15.63
15.63
15.63
15.63
15.63
15.63
15.63
27.7748
27.7748
27.7748
27.7748
27.7748
27.7748
27.7748
27.7748
27.4391
27.4391
27.4391
27.4391
27.4391
27.4391
27.4391
27.4391
26.8883
26.8883
26.8883
26.8883
26.8883
26.8883
26.8883
26.8883
26.1656
26.1656
26.1656
26.1656
26.1656
26.1656
26.1656
26.1656
25.3167
25.3167
25.3167
25.3167
25.3167
25.3167
25.3167
25.3167
24.385
24.385
24.385
24.385
24.385
24.385
24.385
24.385
23.4086
23.4086
23.4086
23.4086
23.4086
23.4086
23.4086
23.4086
22.4182
22.4182
22.4182
22.4182
22.4182
22.4182
22.4182
22.4182
21.4372
21.4372
21.4372
21.4372
21.4372
21.4372
21.4372
21.4372
20.4814
20.4814
20.4814
20.4814
20.4814
20.4814
20.4814
20.4814
19.561
19.561
19.561
19.561
19.561
19.561
19.561
19.561
18.6808
18.6808
18.6808
18.6808
18.6808
18.6808
18.6808
18.6808
17.8427
17.8427
17.8427
17.8427
17.8427
17.8427
17.8427
17.8427
17.0462
17.0462
17.0462
17.0462
17.0462
17.0462
17.0462
17.0462
16.2897
16.2897
16.2897
16.2897
16.2897
16.2897
16.2897
16.2897
15.5716
15.5716
15.5716
15.5716
15.5716
15.5716
15.5716
15.5716
27.7748
27.7748
27.7748
27.7748
27.7748
27.7748
27.7748
27.7748
27.4391
27.4391
27.4391
27.4391
27.4391
27.4391
27.4391
27.4391
26.8883
26.8883
26.8883
26.8883
26.8883
26.8883
26.8883
26.8883
26.1656
26.1656
26.1656
26.1656
26.1656
26.1656
26.1656
26.1656
25.3167
25.3167
25.3167
25.3167
25.3167
25.3167
25.3167
25.3167
24.385
24.385
24.385
24.385
24.385
24.385
24.385
24.385
23.4086
23.4086
23.4086
23.4086
23.4086
23.4086
23.4086
23.4086
22.4182
22.4182
22.4182
22.4182
22.4182
22.4182
22.4182
22.4182
21.4372
21.4372
21.4372
21.4372
21.4372
21.4372
21.4372
21.4372
20.4814
20.4814
20.4814
20.4814
20.4814
20.4814
20.4814
20.4814
19.561
19.561
19.561
19.561
19.561
19.561
19.561
19.561
18.6808
18.6808
18.6808
18.6808
18.6808
18.6808
18.6808
18.6808
17.8427
17.8427
17.8427
17.8427
17.8427
17.8427
17.8427
17.8427
17.0462
17.0462
17.0462
17.0462
17.0462
17.0462
17.0462
17.0462
16.2897
16.2897
16.2897
16.2897
16.2897
16.2897
16.2897
16.2897
15.5716
15.5716
15.5716
15.5716
15.5716
15.5716
15.5716
15.5716
27.7748
27.7748
27.7748
27.7748
27.7748
27.7748
27.7748
27.7748
27.4391
27.4391
27.4391
27.4391
27.4391
27.4391
27.4391
27.4391
26.8883
26.8883
26.8883
26.8883
26.8883
26.8883
26.8883
26.8883
26.1656
26.1656
26.1656
26.1656
26.1656
26.1656
26.1656
26.1656
25.3167
25.3167
25.3167
25.3167
25.3167
25.3167
25.3167
25.3167
24.385
24.385
24.385
24.385
24.385
24.385
24.385
24.385
23.4086
23.4086
23.4086
23.4086
23.4086
23.4086
23.4086
23.4086
22.4182
22.4182
22.4182
22.4182
22.4182
22.4182
22.4182
22.4182
21.4372
21.4372
21.4372
21.4372
21.4372
21.4372
21.4372
21.4372
20.4814
20.4814
20.4814
20.4814
20.4814
20.4814
20.4814
20.4814
19.561
19.561
19.561
19.561
19.561
19.561
19.561
19.561
18.6808
18.6808
18.6808
18.6808
18.6808
18.6808
18.6808
18.6808
17.8427
17.8427
17.8427
17.8427
17.8427
17.8427
17.8427
17.8427
17.0462
17.0462
17.0462
17.0462
17.0462
17.0462
17.0462
17.0462
16.2897
16.2897
16.2897
16.2897
16.2897
16.2897
16.2897
16.2897
15.5716
15.5716
15.5716
15.5716
15.5716
15.5716
15.5716
15.5716
27.7748
27.7748
27.7748
27.7748
27.7748
27.7748
27.7748
27.7748
27.4391
27.4391
27.4391
27.4391
27.4391
27.4391
27.4391
27.4391
26.8883
26.8883
26.8883
26.8883
26.8883
26.8883
26.8883
26.8883
26.1656
26.1656
26.1656
26.1656
26.1656
26.1656
26.1656
26.1656
25.3167
25.3167
25.3167
25.3167
25.3167
25.3167
25.3167
25.3167
24.385
24.385
24.385
24.385
24.385
24.385
24.385
24.385
23.4086
23.4086
23.4086
23.4086
23.4086
23.4086
23.4086
23.4086
22.4182
22.4182
22.4182
22.4182
22.4182
22.4182
22.4182
22.4182
21.4372
21.4372
21.4372
21.4372
21.4372
21.4372
21.4372
21.4372
20.4814
20.4814
20.4814
20.4814
20.4814
20.4814
20.4814
20.4814
19.561
19.561
19.561
19.561
19.561
19.561
19.561
19.561
18.6808
18.6808
18.6808
18.6808
18.6808
18.6808
18.6808
18.6808
17.8427
17.8427
17.8427
17.8427
17.8427
17.8427
17.8427
17.8427
17.0462
17.0462
17.0462
17.0462
17.0462
17.0462
17.0462
17.0462
16.2897
16.2897
16.2897
16.2897
16.2897
16.2897
16.2897
16.2897
15.5716
15.5716
15.5716
15.5716
15.5716
15.5716
15.5716
15.5716
