8192
15.3217
15.3217
15.3217
15.3217
15.3217
15.3217
15.3217
15.3217
15.1463
15.1463
15.1463
15.1463
15.1463
15.1463
15.1463
15.1463
15.0237
15.0237
15.0237
15.0237
15.0237
15.0237
15.0237
15.0237
14.967
14.967
14.967
14.967
14.967
14.967
14.967
14.967
14.985
14.985
14.985
14.985
14.985
14.985
14.985
14.985
15.0812
15.0812
15.0812
15.0812
15.0812
15.0812
15.0812
15.0812
15.2534
15.2534
15.2534
15.2534
15.2534
15.2534
15.2534
15.2534
15.493
15.493
15.493
15.493
15.493
15.493
15.493
15.493
15.7849
15.7849
15.7849
15.7849
15.7849
15.7849
15.7849
15.7849
16.1075
16.1075
16.1075
16.1075
16.1075
16.1075
16.1075
16.1075
16.4339
16.4339
16.4339
16.4339
16.4339
16.4339
16.4339
16.4339
16.7335
16.7335
16.7335
16.7335
16.7335
16.7335
16.7335
16.7335
16.9752
16.9752
16.9752
16.9752
16.9752
16.9752
16.9752
16.9752
17.1316
17.1316
17.1316
17.1316
17.1316
17.1316
17.1316
17.1316
17.1836
17.1836
17.1836
17.1836
17.1836
17.1836
17.1836
17.1836
17.1269
17.1269
17.1269
17.1269
17.1269
17.1269
17.1269
17.1269
15.3217
15.3217
15.3217
15.3217
15.3217
15.3217
15.3217
15.3217
15.1463
15.1463
15.1463
15.1463
15.1463
15.1463
15.1463
15.1463
15.0237
15.0237
15.0237
15.0237
15.0237
15.0237
15.0237
15.0237
14.967
14.967
14.967
14.967
14.967
14.967
14.967
14.967
14.985
14.985
14.985
14.985
14.985
14.985
14.985
14.985
15.0812
15.0812
15.0812
15.0812
15.0812
15.0812
15.0812
15.0812
15.2534
15.2534
15.2534
15.2534
15.2534
15.2534
15.2534
15.2534
15.493
15.493
15.493
15.493
15.493
15.493
15.493
15.493
15.7849
15.7849
15.7849
15.7849
15.7849
15.7849
15.7849
15.7849
16.1075
16.1075
16.1075
16.1075
16.1075
16.1075
16.1075
16.1075
16.4339
16.4339
16.4339
16.4339
16.4339
16.4339
16.4339
16.4339
16.7335
16.7335
16.7335
16.7335
16.7335
16.7335
16.7335
16.7335
16.9752
16.9752
16.9752
16.9752
16.9752
16.9752
16.9752
16.9752
17.1316
17.1316
17.1316
17.1316
17.1316
17.1316
17.1316
17.1316
17.1836
17.1836
17.1836
17.1836
17.1836
17.1836
17.1836
17.1836
17.1269
17.1269
17.1269
17.1269
17.1269
17.1269
17.1269
17.1269
15.3217
15.3217
15.3217
15.3217
15.3217
15.3217
15.3217
15.3217
15.1463
15.1463
15.1463
15.1463
15.1463
15.1463
15.1463
15.1463
15.0237
15.0237
15.0237
15.0237
15.0237
15.0237
15.0237
15.0237
14.967
14.967
14.967
14.967
14.967
14.967
14.967
14.967
14.985
14.985
14.985
14.985
14.985
14.985
14.985
14.985
15.0812
15.0812
15.0812
15.0812
15.0812
15.0812
15.0812
15.0812
15.2534
15.2534
15.2534
15.2534
15.2534
15.2534
15.2534
15.2534
15.493
15.493
15.493
15.493
15.493
15.493
15.493
15.493
15.7849
15.7849
15.7849
15.7849
15.7849
15.7849
15.7849
15.7849
16.1075
16.1075
16.1075
16.1075
16.1075
16.1075
16.1075
16.1075
16.4339
16.4339
16.4339
16.4339
16.4339
16.4339
16.4339
16.4339
16.7335
16.7335
16.7335
16.7335
16.7335
16.7335
16.7335
16.7335
16.9752
16.9752
16.9752
16.9752
16.9752
16.9752
16.9752
16.9752
17.1316
17.1316
17.1316
17.1316
17.1316
17.1316
17.1316
17.1316
17.1836
17.1836
17.1836
17.1836
17.1836
17.1836
17.1836
17.1836
17.1269
17.1269
17.1269
17.1269
17.1269
17.1269
17.1269
17.1269
15.3217
15.3217
15.3217
15.3217
15.3217
15.3217
15.3217
15.3217
15.1463
15.1463
15.1463
15.1463
15.1463
15.1463
15.1463
15.1463
15.0237
15.0237
15.0237
15.0237
15.0237
15.0237
15.0237
15.0237
14.967
14.967
14.967
14.967
14.967
14.967
14.967
14.967
14.985
14.985
14.985
14.985
14.985
14.985
14.985
14.985
15.0812
15.0812
15.0812
15.0812
15.0812
15.0812
15.0812
15.0812
15.2534
15.2534
15.2534
15.2534
15.2534
15.2534
15.2534
15.2534
15.493
15.493
15.493
15.493
15.493
15.493
15.493
15.493
15.7849
15.7849
15.7849
15.7849
15.7849
15.7849
15.7849
15.7849
16.1075
16.1075
16.1075
16.1075
16.1075
16.1075
16.1075
16.1075
16.4339
16.4339
16.4339
16.4339
16.4339
16.4339
16.4339
16.4339
16.7335
16.7335
16.7335
16.7335
16.7335
16.7335
16.7335
16.7335
16.9752
16.9752
16.9752
16.9752
16.9752
16.9752
16.9752
16.9752
17.1316
17.1316
17.1316
17.1316
17.1316
17.1316
17.1316
17.1316
17.1836
17.1836
17.1836
17.1836
17.1836
17.1836
17.1836
17.1836
17.1269
17.1269
17.1269
17.1269
17.1269
17.1269
17.1269
17.1269
15.262
15.262
15.262
15.262
15.262
15.262
15.262
15.262
15.1215
15.1215
15.1215
15.1215
15.1215
15.1215
15.1215
15.1215
15.0308
15.0308
15.0308
15.0308
15.0308
15.0308
15.0308
15.0308
15.0017
15.0017
15.0017
15.0017
15.0017
15.0017
15.0017
15.0017
15.0418
15.0418
15.0418
15.0418
15.0418
15.0418
15.0418
15.0418
15.1541
15.1541
15.1541
15.1541
15.1541
15.1541
15.1541
15.1541
15.3356
15.3356
15.3356
15.3356
15.3356
15.3356
15.3356
15.3356
15.5774
15.5774
15.5774
15.5774
15.5774
15.5774
15.5774
15.5774
15.8643
15.8643
15.8643
15.8643
15.8643
15.8643
15.8643
15.8643
16.175
16.175
16.175
16.175
16.175
16.175
16.175
16.175
16.483
16.483
16.483
16.483
16.483
16.483
16.483
16.483
16.7589
16.7589
16.7589
16.7589
16.7589
16.7589
16.7589
16.7589
16.973
16.973
16.973
16.973
16.973
16.973
16.973
16.973
17.0998
17.0998
17.0998
17.0998
17.0998
17.0998
17.0998
17.0998
17.1225
17.1225
17.1225
17.1225
17.1225
17.1225
17.1225
17.1225
17.0386
17.0386
17.0386
17.0386
17.0386
17.0386
17.0386
17.0386
15.262
15.262
15.262
15.262
15.262
15.262
15.262
15.262
15.1215
15.1215
15.1215
15.1215
15.1215
15.1215
15.1215
15.1215
15.0308
15.0308
15.0308
15.0308
15.0308
15.0308
15.0308
15.0308
15.0017
15.0017
15.0017
15.0017
15.0017
15.0017
15.0017
15.0017
15.0418
15.0418
15.0418
15.0418
15.0418
15.0418
15.0418
15.0418
15.1541
15.1541
15.1541
15.1541
15.1541
15.1541
15.1541
15.1541
15.3356
15.3356
15.3356
15.3356
15.3356
15.3356
15.3356
15.3356
15.5774
15.5774
15.5774
15.5774
15.5774
15.5774
15.5774
15.5774
15.8643
15.8643
15.8643
15.8643
15.8643
15.8643
15.8643
15.8643
16.175
16.175
16.175
16.175
16.175
16.175
16.175
16.175
16.483
16.483
16.483
16.483
16.483
16.483
16.483
16.483
16.7589
16.7589
16.7589
16.7589
16.7589
16.7589
16.7589
16.7589
16.973
16.973
16.973
16.973
16.973
16.973
16.973
16.973
17.0998
17.0998
17.0998
17.0998
17.0998
17.0998
17.0998
17.0998
17.1225
17.1225
17.1225
17.1225
17.1225
17.1225
17.1225
17.1225
17.0386
17.0386
17.0386
17.0386
17.0386
17.0386
17.0386
17.0386
15.262
15.262
15.262
15.262
15.262
15.262
15.262
15.262
15.1215
15.1215
15.1215
15.1215
15.1215
15.1215
15.1215
15.1215
15.0308
15.0308
15.0308
15.0308
15.0308
15.0308
15.0308
15.0308
15.0017
15.0017
15.0017
15.0017
15.0017
15.0017
15.0017
15.0017
15.0418
15.0418
15.0418
15.0418
15.0418
15.0418
15.0418
15.0418
15.1541
15.1541
15.1541
15.1541
15.1541
15.1541
15.1541
15.1541
15.3356
15.3356
15.3356
15.3356
15.3356
15.3356
15.3356
15.3356
15.5774
15.5774
15.5774
15.5774
15.5774
15.5774
15.5774
15.5774
15.8643
15.8643
15.8643
15.8643
15.8643
15.8643
15.8643
15.8643
16.175
16.175
16.175
16.175
16.175
16.175
16.175
16.175
16.483
16.483
16.483
16.483
16.483
16.483
16.483
16.483
16.7589
16.7589
16.7589
16.7589
16.7589
16.7589
16.7589
16.7589
16.973
16.973
16.973
16.973
16.973
16.973
16.973
16.973
17.0998
17.0998
17.0998
17.0998
17.0998
17.0998
17.0998
17.0998
17.1225
17.1225
17.1225
17.1225
17.1225
17.1225
17.1225
17.1225
17.0386
17.0386
17.0386
17.0386
17.0386
17.0386
17.0386
17.0386
15.262
15.262
15.262
15.262
15.262
15.262
15.262
15.262
15.1215
15.1215
15.1215
15.1215
15.1215
15.1215
15.1215
15.1215
15.0308
15.0308
15.0308
15.0308
15.0308
15.0308
15.0308
15.0308
15.0017
15.0017
15.0017
15.0017
15.0017
15.0017
15.0017
15.0017
15.0418
15.0418
15.0418
15.0418
15.0418
15.0418
15.0418
15.0418
15.1541
15.1541
15.1541
15.1541
15.1541
15.1541
15.1541
15.1541
15.3356
15.3356
15.3356
15.3356
15.3356
15.3356
15.3356
15.3356
15.5774
15.5774
15.5774
15.5774
15.5774
15.5774
15.5774
15.5774
15.8643
15.8643
15.8643
15.8643
15.8643
15.8643
15.8643
15.8643
16.175
16.175
16.175
16.175
16.175
16.175
16.175
16.175
16.483
16.483
16.483
16.483
16.483
16.483
16.483
16.483
16.7589
16.7589
16.7589
16.7589
16.7589
16.7589
16.7589
16.7589
16.973
16.973
16.973
16.973
16.973
16.973
16.973
16.973
17.0998
17.0998
17.0998
17.0998
17.0998
17.0998
17.0998
17.0998
17.1225
17.1225
17.1225
17.1225
17.1225
17.1225
17.1225
17.1225
17.0386
17.0386
17.0386
17.0386
17.0386
17.0386
17.0386
17.0386
15.2528
15.2528
15.2528
15.2528
15.2528
15.2528
15.2528
15.2528
15.1282
15.1282
15.1282
15.1282
15.1282
15.1282
15.1282
15.1282
15.0515
15.0515
15.0515
15.0515
15.0515
15.0515
15.0515
15.0515
15.0334
15.0334
15.0334
15.0334
15.0334
15.0334
15.0334
15.0334
15.0803
15.0803
15.0803
15.0803
15.0803
15.0803
15.0803
15.0803
15.1943
15.1943
15.1943
15.1943
15.1943
15.1943
15.1943
15.1943
15.3718
15.3718
15.3718
15.3718
15.3718
15.3718
15.3718
15.3718
15.6037
15.6037
15.6037
15.6037
15.6037
15.6037
15.6037
15.6037
15.8747
15.8747
15.8747
15.8747
15.8747
15.8747
15.8747
15.8747
16.1639
16.1639
16.1639
16.1639
16.1639
16.1639
16.1639
16.1639
16.446
16.446
16.446
16.446
16.446
16.446
16.446
16.446
16.6927
16.6927
16.6927
16.6927
16.6927
16.6927
16.6927
16.6927
16.8765
16.8765
16.8765
16.8765
16.8765
16.8765
16.8765
16.8765
16.9739
16.9739
16.9739
16.9739
16.9739
16.9739
16.9739
16.9739
16.9702
16.9702
16.9702
16.9702
16.9702
16.9702
16.9702
16.9702
16.8644
16.8644
16.8644
16.8644
16.8644
16.8644
16.8644
16.8644
15.2528
15.2528
15.2528
15.2528
15.2528
15.2528
15.2528
15.2528
15.1282
15.1282
15.1282
15.1282
15.1282
15.1282
15.1282
15.1282
15.0515
15.0515
15.0515
15.0515
15.0515
15.0515
15.0515
15.0515
15.0334
15.0334
15.0334
15.0334
15.0334
15.0334
15.0334
15.0334
15.0803
15.0803
15.0803
15.0803
15.0803
15.0803
15.0803
15.0803
15.1943
15.1943
15.1943
15.1943
15.1943
15.1943
15.1943
15.1943
15.3718
15.3718
15.3718
15.3718
15.3718
15.3718
15.3718
15.3718
15.6037
15.6037
15.6037
15.6037
15.6037
15.6037
15.6037
15.6037
15.8747
15.8747
15.8747
15.8747
15.8747
15.8747
15.8747
15.8747
16.1639
16.1639
16.1639
16.1639
16.1639
16.1639
16.1639
16.1639
16.446
16.446
16.446
16.446
16.446
16.446
16.446
16.446
16.6927
16.6927
16.6927
16.6927
16.6927
16.6927
16.6927
16.6927
16.8765
16.8765
16.8765
16.8765
16.8765
16.8765
16.8765
16.8765
16.9739
16.9739
16.9739
16.9739
16.9739
16.9739
16.9739
16.9739
16.9702
16.9702
16.9702
16.9702
16.9702
16.9702
16.9702
16.9702
16.8644
16.8644
16.8644
16.8644
16.8644
16.8644
16.8644
16.8644
15.2528
15.2528
15.2528
15.2528
15.2528
15.2528
15.2528
15.2528
15.1282
15.1282
15.1282
15.1282
15.1282
15.1282
15.1282
15.1282
15.0515
15.0515
15.0515
15.0515
15.0515
15.0515
15.0515
15.0515
15.0334
15.0334
15.0334
15.0334
15.0334
15.0334
15.0334
15.0334
15.0803
15.0803
15.0803
15.0803
15.0803
15.0803
15.0803
15.0803
15.1943
15.1943
15.1943
15.1943
15.1943
15.1943
15.1943
15.1943
15.3718
15.3718
15.3718
15.3718
15.3718
15.3718
15.3718
15.3718
15.6037
15.6037
15.6037
15.6037
15.6037
15.6037
15.6037
15.6037
15.8747
15.8747
15.8747
15.8747
15.8747
15.8747
15.8747
15.8747
16.1639
16.1639
16.1639
16.1639
16.1639
16.1639
16.1639
16.1639
16.446
16.446
16.446
16.446
16.446
16.446
16.446
16.446
16.6927
16.6927
16.6927
16.6927
16.6927
16.6927
16.6927
16.6927
16.8765
16.8765
16.8765
16.8765
16.8765
16.8765
16.8765
16.8765
16.9739
16.9739
16.9739
16.9739
16.9739
16.9739
16.9739
16.9739
16.9702
16.9702
16.9702
16.9702
16.9702
16.9702
16.9702
16.9702
16.8644
16.8644
16.8644
16.8644
16.8644
16.8644
16.8644
16.8644
15.2528
15.2528
15.2528
15.2528
15.2528
15.2528
15.2528
15.2528
15.1282
15.1282
15.1282
15.1282
15.1282
15.1282
15.1282
15.1282
15.0515
15.0515
15.0515
15.0515
15.0515
15.0515
15.0515
15.0515
15.0334
15.0334
15.0334
15.0334
15.0334
15.0334
15.0334
15.0334
15.0803
15.0803
15.0803
15.0803
15.0803
15.0803
15.0803
15.0803
15.1943
15.1943
15.1943
15.1943
15.1943
15.1943
15.1943
15.1943
15.3718
15.3718
15.3718
15.3718
15.3718
15.3718
15.3718
15.3718
15.6037
15.6037
15.6037
15.6037
15.6037
15.6037
15.6037
15.6037
15.8747
15.8747
15.8747
15.8747
15.8747
15.8747
15.8747
15.8747
16.1639
16.1639
16.1639
16.1639
16.1639
16.1639
16.1639
16.1639
16.446
16.446
16.446
16.446
16.446
16.446
16.446
16.446
16.6927
16.6927
16.6927
16.6927
16.6927
16.6927
16.6927
16.6927
16.8765
16.8765
16.8765
16.8765
16.8765
16.8765
16.8765
16.8765
16.9739
16.9739
16.9739
16.9739
16.9739
16.9739
16.9739
16.9739
16.9702
16.9702
16.9702
16.9702
16.9702
16.9702
16.9702
16.9702
16.8644
16.8644
16.8644
16.8644
16.8644
16.8644
16.8644
16.8644
15.2808
15.2808
15.2808
15.2808
15.2808
15.2808
15.2808
15.2808
15.1541
15.1541
15.1541
15.1541
15.1541
15.1541
15.1541
15.1541
15.0745
15.0745
15.0745
15.0745
15.0745
15.0745
15.0745
15.0745
15.0514
15.0514
15.0514
15.0514
15.0514
15.0514
15.0514
15.0514
15.0901
15.0901
15.0901
15.0901
15.0901
15.0901
15.0901
15.0901
15.1917
15.1917
15.1917
15.1917
15.1917
15.1917
15.1917
15.1917
15.3521
15.3521
15.3521
15.3521
15.3521
15.3521
15.3521
15.3521
15.5621
15.5621
15.5621
15.5621
15.5621
15.5621
15.5621
15.5621
15.8066
15.8066
15.8066
15.8066
15.8066
15.8066
15.8066
15.8066
16.0655
16.0655
16.0655
16.0655
16.0655
16.0655
16.0655
16.0655
16.3146
16.3146
16.3146
16.3146
16.3146
16.3146
16.3146
16.3146
16.5279
16.5279
16.5279
16.5279
16.5279
16.5279
16.5279
16.5279
16.6797
16.6797
16.6797
16.6797
16.6797
16.6797
16.6797
16.6797
16.7489
16.7489
16.7489
16.7489
16.7489
16.7489
16.7489
16.7489
16.7228
16.7228
16.7228
16.7228
16.7228
16.7228
16.7228
16.7228
16.6016
16.6016
16.6016
16.6016
16.6016
16.6016
16.6016
16.6016
15.2808
15.2808
15.2808
15.2808
15.2808
15.2808
15.2808
15.2808
15.1541
15.1541
15.1541
15.1541
15.1541
15.1541
15.1541
15.1541
15.0745
15.0745
15.0745
15.0745
15.0745
15.0745
15.0745
15.0745
15.0514
15.0514
15.0514
15.0514
15.0514
15.0514
15.0514
15.0514
15.0901
15.0901
15.0901
15.0901
15.0901
15.0901
15.0901
15.0901
15.1917
15.1917
15.1917
15.1917
15.1917
15.1917
15.1917
15.1917
15.3521
15.3521
15.3521
15.3521
15.3521
15.3521
15.3521
15.3521
15.5621
15.5621
15.5621
15.5621
15.5621
15.5621
15.5621
15.5621
15.8066
15.8066
15.8066
15.8066
15.8066
15.8066
15.8066
15.8066
16.0655
16.0655
16.0655
16.0655
16.0655
16.0655
16.0655
16.0655
16.3146
16.3146
16.3146
16.3146
16.3146
16.3146
16.3146
16.3146
16.5279
16.5279
16.5279
16.5279
16.5279
16.5279
16.5279
16.5279
16.6797
16.6797
16.6797
16.6797
16.6797
16.6797
16.6797
16.6797
16.7489
16.7489
16.7489
16.7489
16.7489
16.7489
16.7489
16.7489
16.7228
16.7228
16.7228
16.7228
16.7228
16.7228
16.7228
16.7228
16.6016
16.6016
16.6016
16.6016
16.6016
16.6016
16.6016
16.6016
15.2808
15.2808
15.2808
15.2808
15.2808
15.2808
15.2808
15.2808
15.1541
15.1541
15.1541
15.1541
15.1541
15.1541
15.1541
15.1541
15.0745
15.0745
15.0745
15.0745
15.0745
15.0745
15.0745
15.0745
15.0514
15.0514
15.0514
15.0514
15.0514
15.0514
15.0514
15.0514
15.0901
15.0901
15.0901
15.0901
15.0901
15.0901
15.0901
15.0901
15.1917
15.1917
15.1917
15.1917
15.1917
15.1917
15.1917
15.1917
15.3521
15.3521
15.3521
15.3521
15.3521
15.3521
15.3521
15.3521
15.5621
15.5621
15.5621
15.5621
15.5621
15.5621
15.5621
15.5621
15.8066
15.8066
15.8066
15.8066
15.8066
15.8066
15.8066
15.8066
16.0655
16.0655
16.0655
16.0655
16.0655
16.0655
16.0655
16.0655
16.3146
16.3146
16.3146
16.3146
16.3146
16.3146
16.3146
16.3146
16.5279
16.5279
16.5279
16.5279
16.5279
16.5279
16.5279
16.5279
16.6797
16.6797
16.6797
16.6797
16.6797
16.6797
16.6797
16.6797
16.7489
16.7489
16.7489
16.7489
16.7489
16.7489
16.7489
16.7489
16.7228
16.7228
16.7228
16.7228
16.7228
16.7228
16.7228
16.7228
16.6016
16.6016
16.6016
16.6016
16.6016
16.6016
16.6016
16.6016
15.2808
15.2808
15.2808
15.2808
15.2808
15.2808
15.2808
15.2808
15.1541
15.1541
15.1541
15.1541
15.1541
15.1541
15.1541
15.1541
15.0745
15.0745
15.0745
15.0745
15.0745
15.0745
15.0745
15.0745
15.0514
15.0514
15.0514
15.0514
15.0514
15.0514
15.0514
15.0514
15.0901
15.0901
15.0901
15.0901
15.0901
15.0901
15.0901
15.0901
15.1917
15.1917
15.1917
15.1917
15.1917
15.1917
15.1917
15.1917
15.3521
15.3521
15.3521
15.3521
15.3521
15.3521
15.3521
15.3521
15.5621
15.5621
15.5621
15.5621
15.5621
15.5621
15.5621
15.5621
15.8066
15.8066
15.8066
15.8066
15.8066
15.8066
15.8066
15.8066
16.0655
16.0655
16.0655
16.0655
16.0655
16.0655
16.0655
16.0655
16.3146
16.3146
16.3146
16.3146
16.3146
16.3146
16.3146
16.3146
16.5279
16.5279
16.5279
16.5279
16.5279
16.5279
16.5279
16.5279
16.6797
16.6797
16.6797
16.6797
16.6797
16.6797
16.6797
16.6797
16.7489
16.7489
16.7489
16.7489
16.7489
16.7489
16.7489
16.7489
16.7228
16.7228
16.7228
16.7228
16.7228
16.7228
16.7228
16.7228
16.6016
16.6016
16.6016
16.6016
16.6016
16.6016
16.6016
16.6016
15.331
15.331
15.331
15.331
15.331
15.331
15.331
15.331
15.186
15.186
15.186
15.186
15.186
15.186
15.186
15.186
15.0881
15.0881
15.0881
15.0881
15.0881
15.0881
15.0881
15.0881
15.0453
15.0453
15.0453
15.0453
15.0453
15.0453
15.0453
15.0453
15.0618
15.0618
15.0618
15.0618
15.0618
15.0618
15.0618
15.0618
15.1379
15.1379
15.1379
15.1379
15.1379
15.1379
15.1379
15.1379
15.2692
15.2692
15.2692
15.2692
15.2692
15.2692
15.2692
15.2692
15.4462
15.4462
15.4462
15.4462
15.4462
15.4462
15.4462
15.4462
15.6546
15.6546
15.6546
15.6546
15.6546
15.6546
15.6546
15.6546
15.8753
15.8753
15.8753
15.8753
15.8753
15.8753
15.8753
15.8753
16.0859
16.0859
16.0859
16.0859
16.0859
16.0859
16.0859
16.0859
16.2624
16.2624
16.2624
16.2624
16.2624
16.2624
16.2624
16.2624
16.3817
16.3817
16.3817
16.3817
16.3817
16.3817
16.3817
16.3817
16.4249
16.4249
16.4249
16.4249
16.4249
16.4249
16.4249
16.4249
16.3811
16.3811
16.3811
16.3811
16.3811
16.3811
16.3811
16.3811
16.2514
16.2514
16.2514
16.2514
16.2514
16.2514
16.2514
16.2514
15.331
15.331
15.331
15.331
15.331
15.331
15.331
15.331
15.186
15.186
15.186
15.186
15.186
15.186
15.186
15.186
15.0881
15.0881
15.0881
15.0881
15.0881
15.0881
15.0881
15.0881
15.0453
15.0453
15.0453
15.0453
15.0453
15.0453
15.0453
15.0453
15.0618
15.0618
15.0618
15.0618
15.0618
15.0618
15.0618
15.0618
15.1379
15.1379
15.1379
15.1379
15.1379
15.1379
15.1379
15.1379
15.2692
15.2692
15.2692
15.2692
15.2692
15.2692
15.2692
15.2692
15.4462
15.4462
15.4462
15.4462
15.4462
15.4462
15.4462
15.4462
15.6546
15.6546
15.6546
15.6546
15.6546
15.6546
15.6546
15.6546
15.8753
15.8753
15.8753
15.8753
15.8753
15.8753
15.8753
15.8753
16.0859
16.0859
16.0859
16.0859
16.0859
16.0859
16.0859
16.0859
16.2624
16.2624
16.2624
16.2624
16.2624
16.2624
16.2624
16.2624
16.3817
16.3817
16.3817
16.3817
16.3817
16.3817
16.3817
16.3817
16.4249
16.4249
16.4249
16.4249
16.4249
16.4249
16.4249
16.4249
16.3811
16.3811
16.3811
16.3811
16.3811
16.3811
16.3811
16.3811
16.2514
16.2514
16.2514
16.2514
16.2514
16.2514
16.2514
16.2514
15.331
15.331
15.331
15.331
15.331
15.331
15.331
15.331
15.186
15.186
15.186
15.186
15.186
15.186
15.186
15.186
15.0881
15.0881
15.0881
15.0881
15.0881
15.0881
15.0881
15.0881
15.0453
15.0453
15.0453
15.0453
15.0453
15.0453
15.0453
15.0453
15.0618
15.0618
15.0618
15.0618
15.0618
15.0618
15.0618
15.0618
15.1379
15.1379
15.1379
15.1379
15.1379
15.1379
15.1379
15.1379
15.2692
15.2692
15.2692
15.2692
15.2692
15.2692
15.2692
15.2692
15.4462
15.4462
15.4462
15.4462
15.4462
15.4462
15.4462
15.4462
15.6546
15.6546
15.6546
15.6546
15.6546
15.6546
15.6546
15.6546
15.8753
15.8753
15.8753
15.8753
15.8753
15.8753
15.8753
15.8753
16.0859
16.0859
16.0859
16.0859
16.0859
16.0859
16.0859
16.0859
16.2624
16.2624
16.2624
16.2624
16.2624
16.2624
16.2624
16.2624
16.3817
16.3817
16.3817
16.3817
16.3817
16.3817
16.3817
16.3817
16.4249
16.4249
16.4249
16.4249
16.4249
16.4249
16.4249
16.4249
16.3811
16.3811
16.3811
16.3811
16.3811
16.3811
16.3811
16.3811
16.2514
16.2514
16.2514
16.2514
16.2514
16.2514
16.2514
16.2514
15.331
15.331
15.331
15.331
15.331
15.331
15.331
15.331
15.186
15.186
15.186
15.186
15.186
15.186
15.186
15.186
15.0881
15.0881
15.0881
15.0881
15.0881
15.0881
15.0881
15.0881
15.0453
15.0453
15.0453
15.0453
15.0453
15.0453
15.0453
15.0453
15.0618
15.0618
15.0618
15.0618
15.0618
15.0618
15.0618
15.0618
15.1379
15.1379
15.1379
15.1379
15.1379
15.1379
15.1379
15.1379
15.2692
15.2692
15.2692
15.2692
15.2692
15.2692
15.2692
15.2692
15.4462
15.4462
15.4462
15.4462
15.4462
15.4462
15.4462
15.4462
15.6546
15.6546
15.6546
15.6546
15.6546
15.6546
15.6546
15.6546
15.8753
15.8753
15.8753
15.8753
15.8753
15.8753
15.8753
15.8753
16.0859
16.0859
16.0859
16.0859
16.0859
16.0859
16.0859
16.0859
16.2624
16.2624
16.2624
16.2624
16.2624
16.2624
16.2624
16.2624
16.3817
16.3817
16.3817
16.3817
16.3817
16.3817
16.3817
16.3817
16.4249
16.4249
16.4249
16.4249
16.4249
16.4249
16.4249
16.4249
16.3811
16.3811
16.3811
16.3811
16.3811
16.3811
16.3811
16.3811
16.2514
16.2514
16.2514
16.2514
16.2514
16.2514
16.2514
16.2514
15.3882
15.3882
15.3882
15.3882
15.3882
15.3882
15.3882
15.3882
15.2109
15.2109
15.2109
15.2109
15.2109
15.2109
15.2109
15.2109
15.0813
15.0813
15.0813
15.0813
15.0813
15.0813
15.0813
15.0813
15.0059
15.0059
15.0059
15.0059
15.0059
15.0059
15.0059
15.0059
14.9882
14.9882
14.9882
14.9882
14.9882
14.9882
14.9882
14.9882
15.0274
15.0274
15.0274
15.0274
15.0274
15.0274
15.0274
15.0274
15.1191
15.1191
15.1191
15.1191
15.1191
15.1191
15.1191
15.1191
15.2538
15.2538
15.2538
15.2538
15.2538
15.2538
15.2538
15.2538
15.418
15.418
15.418
15.418
15.418
15.418
15.418
15.418
15.5942
15.5942
15.5942
15.5942
15.5942
15.5942
15.5942
15.5942
15.762
15.762
15.762
15.762
15.762
15.762
15.762
15.762
15.8997
15.8997
15.8997
15.8997
15.8997
15.8997
15.8997
15.8997
15.9868
15.9868
15.9868
15.9868
15.9868
15.9868
15.9868
15.9868
16.007
16.007
16.007
16.007
16.007
16.007
16.007
16.007
15.9507
15.9507
15.9507
15.9507
15.9507
15.9507
15.9507
15.9507
15.8194
15.8194
15.8194
15.8194
15.8194
15.8194
15.8194
15.8194
15.3882
15.3882
15.3882
15.3882
15.3882
15.3882
15.3882
15.3882
15.2109
15.2109
15.2109
15.2109
15.2109
15.2109
15.2109
15.2109
15.0813
15.0813
15.0813
15.0813
15.0813
15.0813
15.0813
15.0813
15.0059
15.0059
15.0059
15.0059
15.0059
15.0059
15.0059
15.0059
14.9882
14.9882
14.9882
14.9882
14.9882
14.9882
14.9882
14.9882
15.0274
15.0274
15.0274
15.0274
15.0274
15.0274
15.0274
15.0274
15.1191
15.1191
15.1191
15.1191
15.1191
15.1191
15.1191
15.1191
15.2538
15.2538
15.2538
15.2538
15.2538
15.2538
15.2538
15.2538
15.418
15.418
15.418
15.418
15.418
15.418
15.418
15.418
15.5942
15.5942
15.5942
15.5942
15.5942
15.5942
15.5942
15.5942
15.762
15.762
15.762
15.762
15.762
15.762
15.762
15.762
15.8997
15.8997
15.8997
15.8997
15.8997
15.8997
15.8997
15.8997
15.9868
15.9868
15.9868
15.9868
15.9868
15.9868
15.9868
15.9868
16.007
16.007
16.007
16.007
16.007
16.007
16.007
16.007
15.9507
15.9507
15.9507
15.9507
15.9507
15.9507
15.9507
15.9507
15.8194
15.8194
15.8194
15.8194
15.8194
15.8194
15.8194
15.8194
15.3882
15.3882
15.3882
15.3882
15.3882
15.3882
15.3882
15.3882
15.2109
15.2109
15.2109
15.2109
15.2109
15.2109
15.2109
15.2109
15.0813
15.0813
15.0813
15.0813
15.0813
15.0813
15.0813
15.0813
15.0059
15.0059
15.0059
15.0059
15.0059
15.0059
15.0059
15.0059
14.9882
14.9882
14.9882
14.9882
14.9882
14.9882
14.9882
14.9882
15.0274
15.0274
15.0274
15.0274
15.0274
15.0274
15.0274
15.0274
15.1191
15.1191
15.1191
15.1191
15.1191
15.1191
15.1191
15.1191
15.2538
15.2538
15.2538
15.2538
15.2538
15.2538
15.2538
15.2538
15.418
15.418
15.418
15.418
15.418
15.418
15.418
15.418
15.5942
15.5942
15.5942
15.5942
15.5942
15.5942
15.5942
15.5942
15.762
15.762
15.762
15.762
15.762
15.762
15.762
15.762
15.8997
15.8997
15.8997
15.8997
15.8997
15.8997
15.8997
15.8997
15.9868
15.9868
15.9868
15.9868
15.9868
15.9868
15.9868
15.9868
16.007
16.007
16.007
16.007
16.007
16.007
16.007
16.007
15.9507
15.9507
15.9507
15.9507
15.9507
15.9507
15.9507
15.9507
15.8194
15.8194
15.8194
15.8194
15.8194
15.8194
15.8194
15.8194
15.3882
15.3882
15.3882
15.3882
15.3882
15.3882
15.3882
15.3882
15.2109
15.2109
15.2109
15.2109
15.2109
15.2109
15.2109
15.2109
15.0813
15.0813
15.0813
15.0813
15.0813
15.0813
15.0813
15.0813
15.0059
15.0059
15.0059
15.0059
15.0059
15.0059
15.0059
15.0059
14.9882
14.9882
14.9882
14.9882
14.9882
14.9882
14.9882
14.9882
15.0274
15.0274
15.0274
15.0274
15.0274
15.0274
15.0274
15.0274
15.1191
15.1191
15.1191
15.1191
15.1191
15.1191
15.1191
15.1191
15.2538
15.2538
15.2538
15.2538
15.2538
15.2538
15.2538
15.2538
15.418
15.418
15.418
15.418
15.418
15.418
15.418
15.418
15.5942
15.5942
15.5942
15.5942
15.5942
15.5942
15.5942
15.5942
15.762
15.762
15.762
15.762
15.762
15.762
15.762
15.762
15.8997
15.8997
15.8997
15.8997
15.8997
15.8997
15.8997
15.8997
15.9868
15.9868
15.9868
15.9868
15.9868
15.9868
15.9868
15.9868
16.007
16.007
16.007
16.007
16.007
16.007
16.007
16.007
15.9507
15.9507
15.9507
15.9507
15.9507
15.9507
15.9507
15.9507
15.8194
15.8194
15.8194
15.8194
15.8194
15.8194
15.8194
15.8194
15.4381
15.4381
15.4381
15.4381
15.4381
15.4381
15.4381
15.4381
15.2174
15.2174
15.2174
15.2174
15.2174
15.2174
15.2174
15.2174
15.0453
15.0453
15.0453
15.0453
15.0453
15.0453
15.0453
15.0453
14.9271
14.9271
14.9271
14.9271
14.9271
14.9271
14.9271
14.9271
14.8652
14.8652
14.8652
14.8652
14.8652
14.8652
14.8652
14.8652
14.8585
14.8585
14.8585
14.8585
14.8585
14.8585
14.8585
14.8585
14.9021
14.9021
14.9021
14.9021
14.9021
14.9021
14.9021
14.9021
14.9871
14.9871
14.9871
14.9871
14.9871
14.9871
14.9871
14.9871
15.1012
15.1012
15.1012
15.1012
15.1012
15.1012
15.1012
15.1012
15.2283
15.2283
15.2283
15.2283
15.2283
15.2283
15.2283
15.2283
15.3505
15.3505
15.3505
15.3505
15.3505
15.3505
15.3505
15.3505
15.4486
15.4486
15.4486
15.4486
15.4486
15.4486
15.4486
15.4486
15.505
15.505
15.505
15.505
15.505
15.505
15.505
15.505
15.5053
15.5053
15.5053
15.5053
15.5053
15.5053
15.5053
15.5053
15.4415
15.4415
15.4415
15.4415
15.4415
15.4415
15.4415
15.4415
15.315
15.315
15.315
15.315
15.315
15.315
15.315
15.315
15.4381
15.4381
15.4381
15.4381
15.4381
15.4381
15.4381
15.4381
15.2174
15.2174
15.2174
15.2174
15.2174
15.2174
15.2174
15.2174
15.0453
15.0453
15.0453
15.0453
15.0453
15.0453
15.0453
15.0453
14.9271
14.9271
14.9271
14.9271
14.9271
14.9271
14.9271
14.9271
14.8652
14.8652
14.8652
14.8652
14.8652
14.8652
14.8652
14.8652
14.8585
14.8585
14.8585
14.8585
14.8585
14.8585
14.8585
14.8585
14.9021
14.9021
14.9021
14.9021
14.9021
14.9021
14.9021
14.9021
14.9871
14.9871
14.9871
14.9871
14.9871
14.9871
14.9871
14.9871
15.1012
15.1012
15.1012
15.1012
15.1012
15.1012
15.1012
15.1012
15.2283
15.2283
15.2283
15.2283
15.2283
15.2283
15.2283
15.2283
15.3505
15.3505
15.3505
15.3505
15.3505
15.3505
15.3505
15.3505
15.4486
15.4486
15.4486
15.4486
15.4486
15.4486
15.4486
15.4486
15.505
15.505
15.505
15.505
15.505
15.505
15.505
15.505
15.5053
15.5053
15.5053
15.5053
15.5053
15.5053
15.5053
15.5053
15.4415
15.4415
15.4415
15.4415
15.4415
15.4415
15.4415
15.4415
15.315
15.315
15.315
15.315
15.315
15.315
15.315
15.315
15.4381
15.4381
15.4381
15.4381
15.4381
15.4381
15.4381
15.4381
15.2174
15.2174
15.2174
15.2174
15.2174
15.2174
15.2174
15.2174
15.0453
15.0453
15.0453
15.0453
15.0453
15.0453
15.0453
15.0453
14.9271
14.9271
14.9271
14.9271
14.9271
14.9271
14.9271
14.9271
14.8652
14.8652
14.8652
14.8652
14.8652
14.8652
14.8652
14.8652
14.8585
14.8585
14.8585
14.8585
14.8585
14.8585
14.8585
14.8585
14.9021
14.9021
14.9021
14.9021
14.9021
14.9021
14.9021
14.9021
14.9871
14.9871
14.9871
14.9871
14.9871
14.9871
14.9871
14.9871
15.1012
15.1012
15.1012
15.1012
15.1012
15.1012
15.1012
15.1012
15.2283
15.2283
15.2283
15.2283
15.2283
15.2283
15.2283
15.2283
15.3505
15.3505
15.3505
15.3505
15.3505
15.3505
15.3505
15.3505
15.4486
15.4486
15.4486
15.4486
15.4486
15.4486
15.4486
15.4486
15.505
15.505
15.505
15.505
15.505
15.505
15.505
15.505
15.5053
15.5053
15.5053
15.5053
15.5053
15.5053
15.5053
15.5053
15.4415
15.4415
15.4415
15.4415
15.4415
15.4415
15.4415
15.4415
15.315
15.315
15.315
15.315
15.315
15.315
15.315
15.315
15.4381
15.4381
15.4381
15.4381
15.4381
15.4381
15.4381
15.4381
15.2174
15.2174
15.2174
15.2174
15.2174
15.2174
15.2174
15.2174
15.0453
15.0453
15.0453
15.0453
15.0453
15.0453
15.0453
15.0453
14.9271
14.9271
14.9271
14.9271
14.9271
14.9271
14.9271
14.9271
14.8652
14.8652
14.8652
14.8652
14.8652
14.8652
14.8652
14.8652
14.8585
14.8585
14.8585
14.8585
14.8585
14.8585
14.8585
14.8585
14.9021
14.9021
14.9021
14.9021
14.9021
14.9021
14.9021
14.9021
14.9871
14.9871
14.9871
14.9871
14.9871
14.9871
14.9871
14.9871
15.1012
15.1012
15.1012
15.1012
15.1012
15.1012
15.1012
15.1012
15.2283
15.2283
15.2283
15.2283
15.2283
15.2283
15.2283
15.2283
15.3505
15.3505
15.3505
15.3505
15.3505
15.3505
15.3505
15.3505
15.4486
15.4486
15.4486
15.4486
15.4486
15.4486
15.4486
15.4486
15.505
15.505
15.505
15.505
15.505
15.505
15.505
15.505
15.5053
15.5053
15.5053
15.5053
15.5053
15.5053
15.5053
15.5053
15.4415
15.4415
15.4415
15.4415
15.4415
15.4415
15.4415
15.4415
15.315
15.315
15.315
15.315
15.315
15.315
15.315
15.315
15.4686
15.4686
15.4686
15.4686
15.4686
15.4686
15.4686
15.4686
15.1966
15.1966
15.1966
15.1966
15.1966
15.1966
15.1966
15.1966
14.9743
14.9743
14.9743
14.9743
14.9743
14.9743
14.9743
14.9743
14.8057
14.8057
14.8057
14.8057
14.8057
14.8057
14.8057
14.8057
14.6926
14.6926
14.6926
14.6926
14.6926
14.6926
14.6926
14.6926
14.6333
14.6333
14.6333
14.6333
14.6333
14.6333
14.6333
14.6333
14.6229
14.6229
14.6229
14.6229
14.6229
14.6229
14.6229
14.6229
14.6533
14.6533
14.6533
14.6533
14.6533
14.6533
14.6533
14.6533
14.7131
14.7131
14.7131
14.7131
14.7131
14.7131
14.7131
14.7131
14.7886
14.7886
14.7886
14.7886
14.7886
14.7886
14.7886
14.7886
14.864
14.864
14.864
14.864
14.864
14.864
14.864
14.864
14.9229
14.9229
14.9229
14.9229
14.9229
14.9229
14.9229
14.9229
14.9502
14.9502
14.9502
14.9502
14.9502
14.9502
14.9502
14.9502
14.9338
14.9338
14.9338
14.9338
14.9338
14.9338
14.9338
14.9338
14.867
14.867
14.867
14.867
14.867
14.867
14.867
14.867
14.7508
14.7508
14.7508
14.7508
14.7508
14.7508
14.7508
14.7508
15.4686
15.4686
15.4686
15.4686
15.4686
15.4686
15.4686
15.4686
15.1966
15.1966
15.1966
15.1966
15.1966
15.1966
15.1966
15.1966
14.9743
14.9743
14.9743
14.9743
14.9743
14.9743
14.9743
14.9743
14.8057
14.8057
14.8057
14.8057
14.8057
14.8057
14.8057
14.8057
14.6926
14.6926
14.6926
14.6926
14.6926
14.6926
14.6926
14.6926
14.6333
14.6333
14.6333
14.6333
14.6333
14.6333
14.6333
14.6333
14.6229
14.6229
14.6229
14.6229
14.6229
14.6229
14.6229
14.6229
14.6533
14.6533
14.6533
14.6533
14.6533
14.6533
14.6533
14.6533
14.7131
14.7131
14.7131
14.7131
14.7131
14.7131
14.7131
14.7131
14.7886
14.7886
14.7886
14.7886
14.7886
14.7886
14.7886
14.7886
14.864
14.864
14.864
14.864
14.864
14.864
14.864
14.864
14.9229
14.9229
14.9229
14.9229
14.9229
14.9229
14.9229
14.9229
14.9502
14.9502
14.9502
14.9502
14.9502
14.9502
14.9502
14.9502
14.9338
14.9338
14.9338
14.9338
14.9338
14.9338
14.9338
14.9338
14.867
14.867
14.867
14.867
14.867
14.867
14.867
14.867
14.7508
14.7508
14.7508
14.7508
14.7508
14.7508
14.7508
14.7508
15.4686
15.4686
15.4686
15.4686
15.4686
15.4686
15.4686
15.4686
15.1966
15.1966
15.1966
15.1966
15.1966
15.1966
15.1966
15.1966
14.9743
14.9743
14.9743
14.9743
14.9743
14.9743
14.9743
14.9743
14.8057
14.8057
14.8057
14.8057
14.8057
14.8057
14.8057
14.8057
14.6926
14.6926
14.6926
14.6926
14.6926
14.6926
14.6926
14.6926
14.6333
14.6333
14.6333
14.6333
14.6333
14.6333
14.6333
14.6333
14.6229
14.6229
14.6229
14.6229
14.6229
14.6229
14.6229
14.6229
14.6533
14.6533
14.6533
14.6533
14.6533
14.6533
14.6533
14.6533
14.7131
14.7131
14.7131
14.7131
14.7131
14.7131
14.7131
14.7131
14.7886
14.7886
14.7886
14.7886
14.7886
14.7886
14.7886
14.7886
14.864
14.864
14.864
14.864
14.864
14.864
14.864
14.864
14.9229
14.9229
14.9229
14.9229
14.9229
14.9229
14.9229
14.9229
14.9502
14.9502
14.9502
14.9502
14.9502
14.9502
14.9502
14.9502
14.9338
14.9338
14.9338
14.9338
14.9338
14.9338
14.9338
14.9338
14.867
14.867
14.867
14.867
14.867
14.867
14.867
14.867
14.7508
14.7508
14.7508
14.7508
14.7508
14.7508
14.7508
14.7508
15.4686
15.4686
15.4686
15.4686
15.4686
15.4686
15.4686
15.4686
15.1966
15.1966
15.1966
15.1966
15.1966
15.1966
15.1966
15.1966
14.9743
14.9743
14.9743
14.9743
14.9743
14.9743
14.9743
14.9743
14.8057
14.8057
14.8057
14.8057
14.8057
14.8057
14.8057
14.8057
14.6926
14.6926
14.6926
14.6926
14.6926
14.6926
14.6926
14.6926
14.6333
14.6333
14.6333
14.6333
14.6333
14.6333
14.6333
14.6333
14.6229
14.6229
14.6229
14.6229
14.6229
14.6229
14.6229
14.6229
14.6533
14.6533
14.6533
14.6533
14.6533
14.6533
14.6533
14.6533
14.7131
14.7131
14.7131
14.7131
14.7131
14.7131
14.7131
14.7131
14.7886
14.7886
14.7886
14.7886
14.7886
14.7886
14.7886
14.7886
14.864
14.864
14.864
14.864
14.864
14.864
14.864
14.864
14.9229
14.9229
14.9229
14.9229
14.9229
14.9229
14.9229
14.9229
14.9502
14.9502
14.9502
14.9502
14.9502
14.9502
14.9502
14.9502
14.9338
14.9338
14.9338
14.9338
14.9338
14.9338
14.9338
14.9338
14.867
14.867
14.867
14.867
14.867
14.867
14.867
14.867
14.7508
14.7508
14.7508
14.7508
14.7508
14.7508
14.7508
14.7508
15.4712
15.4712
15.4712
15.4712
15.4712
15.4712
15.4712
15.4712
15.1433
15.1433
15.1433
15.1433
15.1433
15.1433
15.1433
15.1433
14.8662
14.8662
14.8662
14.8662
14.8662
14.8662
14.8662
14.8662
14.6428
14.6428
14.6428
14.6428
14.6428
14.6428
14.6428
14.6428
14.4741
14.4741
14.4741
14.4741
14.4741
14.4741
14.4741
14.4741
14.3581
14.3581
14.3581
14.3581
14.3581
14.3581
14.3581
14.3581
14.2903
14.2903
14.2903
14.2903
14.2903
14.2903
14.2903
14.2903
14.2632
14.2632
14.2632
14.2632
14.2632
14.2632
14.2632
14.2632
14.267
14.267
14.267
14.267
14.267
14.267
14.267
14.267
14.2898
14.2898
14.2898
14.2898
14.2898
14.2898
14.2898
14.2898
14.3184
14.3184
14.3184
14.3184
14.3184
14.3184
14.3184
14.3184
14.3392
14.3392
14.3392
14.3392
14.3392
14.3392
14.3392
14.3392
14.3396
14.3396
14.3396
14.3396
14.3396
14.3396
14.3396
14.3396
14.3095
14.3095
14.3095
14.3095
14.3095
14.3095
14.3095
14.3095
14.2433
14.2433
14.2433
14.2433
14.2433
14.2433
14.2433
14.2433
14.1414
14.1414
14.1414
14.1414
14.1414
14.1414
14.1414
14.1414
15.4712
15.4712
15.4712
15.4712
15.4712
15.4712
15.4712
15.4712
15.1433
15.1433
15.1433
15.1433
15.1433
15.1433
15.1433
15.1433
14.8662
14.8662
14.8662
14.8662
14.8662
14.8662
14.8662
14.8662
14.6428
14.6428
14.6428
14.6428
14.6428
14.6428
14.6428
14.6428
14.4741
14.4741
14.4741
14.4741
14.4741
14.4741
14.4741
14.4741
14.3581
14.3581
14.3581
14.3581
14.3581
14.3581
14.3581
14.3581
14.2903
14.2903
14.2903
14.2903
14.2903
14.2903
14.2903
14.2903
14.2632
14.2632
14.2632
14.2632
14.2632
14.2632
14.2632
14.2632
14.267
14.267
14.267
14.267
14.267
14.267
14.267
14.267
14.2898
14.2898
14.2898
14.2898
14.2898
14.2898
14.2898
14.2898
14.3184
14.3184
14.3184
14.3184
14.3184
14.3184
14.3184
14.3184
14.3392
14.3392
14.3392
14.3392
14.3392
14.3392
14.3392
14.3392
14.3396
14.3396
14.3396
14.3396
14.3396
14.3396
14.3396
14.3396
14.3095
14.3095
14.3095
14.3095
14.3095
14.3095
14.3095
14.3095
14.2433
14.2433
14.2433
14.2433
14.2433
14.2433
14.2433
14.2433
14.1414
14.1414
14.1414
14.1414
14.1414
14.1414
14.1414
14.1414
15.4712
15.4712
15.4712
15.4712
15.4712
15.4712
15.4712
15.4712
15.1433
15.1433
15.1433
15.1433
15.1433
15.1433
15.1433
15.1433
14.8662
14.8662
14.8662
14.8662
14.8662
14.8662
14.8662
14.8662
14.6428
14.6428
14.6428
14.6428
14.6428
14.6428
14.6428
14.6428
14.4741
14.4741
14.4741
14.4741
14.4741
14.4741
14.4741
14.4741
14.3581
14.3581
14.3581
14.3581
14.3581
14.3581
14.3581
14.3581
14.2903
14.2903
14.2903
14.2903
14.2903
14.2903
14.2903
14.2903
14.2632
14.2632
14.2632
14.2632
14.2632
14.2632
14.2632
14.2632
14.267
14.267
14.267
14.267
14.267
14.267
14.267
14.267
14.2898
14.2898
14.2898
14.2898
14.2898
14.2898
14.2898
14.2898
14.3184
14.3184
14.3184
14.3184
14.3184
14.3184
14.3184
14.3184
14.3392
14.3392
14.3392
14.3392
14.3392
14.3392
14.3392
14.3392
14.3396
14.3396
14.3396
14.3396
14.3396
14.3396
14.3396
14.3396
14.3095
14.3095
14.3095
14.3095
14.3095
14.3095
14.3095
14.3095
14.2433
14.2433
14.2433
14.2433
14.2433
14.2433
14.2433
14.2433
14.1414
14.1414
14.1414
14.1414
14.1414
14.1414
14.1414
14.1414
15.4712
15.4712
15.4712
15.4712
15.4712
15.4712
15.4712
15.4712
15.1433
15.1433
15.1433
15.1433
15.1433
15.1433
15.1433
15.1433
14.8662
14.8662
14.8662
14.8662
14.8662
14.8662
14.8662
14.8662
14.6428
14.6428
14.6428
14.6428
14.6428
14.6428
14.6428
14.6428
14.4741
14.4741
14.4741
14.4741
14.4741
14.4741
14.4741
14.4741
14.3581
14.3581
14.3581
14.3581
14.3581
14.3581
14.3581
14.3581
14.2903
14.2903
14.2903
14.2903
14.2903
14.2903
14.2903
14.2903
14.2632
14.2632
14.2632
14.2632
14.2632
14.2632
14.2632
14.2632
14.267
14.267
14.267
14.267
14.267
14.267
14.267
14.267
14.2898
14.2898
14.2898
14.2898
14.2898
14.2898
14.2898
14.2898
14.3184
14.3184
14.3184
14.3184
14.3184
14.3184
14.3184
14.3184
14.3392
14.3392
14.3392
14.3392
14.3392
14.3392
14.3392
14.3392
14.3396
14.3396
14.3396
14.3396
14.3396
14.3396
14.3396
14.3396
14.3095
14.3095
14.3095
14.3095
14.3095
14.3095
14.3095
14.3095
14.2433
14.2433
14.2433
14.2433
14.2433
14.2433
14.2433
14.2433
14.1414
14.1414
14.1414
14.1414
14.1414
14.1414
14.1414
14.1414
15.4418
15.4418
15.4418
15.4418
15.4418
15.4418
15.4418
15.4418
15.0567
15.0567
15.0567
15.0567
15.0567
15.0567
15.0567
15.0567
14.7231
14.7231
14.7231
14.7231
14.7231
14.7231
14.7231
14.7231
14.4432
14.4432
14.4432
14.4432
14.4432
14.4432
14.4432
14.4432
14.2171
14.2171
14.2171
14.2171
14.2171
14.2171
14.2171
14.2171
14.0429
14.0429
14.0429
14.0429
14.0429
14.0429
14.0429
14.0429
13.9163
13.9163
13.9163
13.9163
13.9163
13.9163
13.9163
13.9163
13.8309
13.8309
13.8309
13.8309
13.8309
13.8309
13.8309
13.8309
13.7785
13.7785
13.7785
13.7785
13.7785
13.7785
13.7785
13.7785
13.7492
13.7492
13.7492
13.7492
13.7492
13.7492
13.7492
13.7492
13.7322
13.7322
13.7322
13.7322
13.7322
13.7322
13.7322
13.7322
13.7165
13.7165
13.7165
13.7165
13.7165
13.7165
13.7165
13.7165
13.6921
13.6921
13.6921
13.6921
13.6921
13.6921
13.6921
13.6921
13.6507
13.6507
13.6507
13.6507
13.6507
13.6507
13.6507
13.6507
13.5876
13.5876
13.5876
13.5876
13.5876
13.5876
13.5876
13.5876
13.5026
13.5026
13.5026
13.5026
13.5026
13.5026
13.5026
13.5026
15.4418
15.4418
15.4418
15.4418
15.4418
15.4418
15.4418
15.4418
15.0567
15.0567
15.0567
15.0567
15.0567
15.0567
15.0567
15.0567
14.7231
14.7231
14.7231
14.7231
14.7231
14.7231
14.7231
14.7231
14.4432
14.4432
14.4432
14.4432
14.4432
14.4432
14.4432
14.4432
14.2171
14.2171
14.2171
14.2171
14.2171
14.2171
14.2171
14.2171
14.0429
14.0429
14.0429
14.0429
14.0429
14.0429
14.0429
14.0429
13.9163
13.9163
13.9163
13.9163
13.9163
13.9163
13.9163
13.9163
13.8309
13.8309
13.8309
13.8309
13.8309
13.8309
13.8309
13.8309
13.7785
13.7785
13.7785
13.7785
13.7785
13.7785
13.7785
13.7785
13.7492
13.7492
13.7492
13.7492
13.7492
13.7492
13.7492
13.7492
13.7322
13.7322
13.7322
13.7322
13.7322
13.7322
13.7322
13.7322
13.7165
13.7165
13.7165
13.7165
13.7165
13.7165
13.7165
13.7165
13.6921
13.6921
13.6921
13.6921
13.6921
13.6921
13.6921
13.6921
13.6507
13.6507
13.6507
13.6507
13.6507
13.6507
13.6507
13.6507
13.5876
13.5876
13.5876
13.5876
13.5876
13.5876
13.5876
13.5876
13.5026
13.5026
13.5026
13.5026
13.5026
13.5026
13.5026
13.5026
15.4418
15.4418
15.4418
15.4418
15.4418
15.4418
15.4418
15.4418
15.0567
15.0567
15.0567
15.0567
15.0567
15.0567
15.0567
15.0567
14.7231
14.7231
14.7231
14.7231
14.7231
14.7231
14.7231
14.7231
14.4432
14.4432
14.4432
14.4432
14.4432
14.4432
14.4432
14.4432
14.2171
14.2171
14.2171
14.2171
14.2171
14.2171
14.2171
14.2171
14.0429
14.0429
14.0429
14.0429
14.0429
14.0429
14.0429
14.0429
13.9163
13.9163
13.9163
13.9163
13.9163
13.9163
13.9163
13.9163
13.8309
13.8309
13.8309
13.8309
13.8309
13.8309
13.8309
13.8309
13.7785
13.7785
13.7785
13.7785
13.7785
13.7785
13.7785
13.7785
13.7492
13.7492
13.7492
13.7492
13.7492
13.7492
13.7492
13.7492
13.7322
13.7322
13.7322
13.7322
13.7322
13.7322
13.7322
13.7322
13.7165
13.7165
13.7165
13.7165
13.7165
13.7165
13.7165
13.7165
13.6921
13.6921
13.6921
13.6921
13.6921
13.6921
13.6921
13.6921
13.6507
13.6507
13.6507
13.6507
13.6507
13.6507
13.6507
13.6507
13.5876
13.5876
13.5876
13.5876
13.5876
13.5876
13.5876
13.5876
13.5026
13.5026
13.5026
13.5026
13.5026
13.5026
13.5026
13.5026
15.4418
15.4418
15.4418
15.4418
15.4418
15.4418
15.4418
15.4418
15.0567
15.0567
15.0567
15.0567
15.0567
15.0567
15.0567
15.0567
14.7231
14.7231
14.7231
14.7231
14.7231
14.7231
14.7231
14.7231
14.4432
14.4432
14.4432
14.4432
14.4432
14.4432
14.4432
14.4432
14.2171
14.2171
14.2171
14.2171
14.2171
14.2171
14.2171
14.2171
14.0429
14.0429
14.0429
14.0429
14.0429
14.0429
14.0429
14.0429
13.9163
13.9163
13.9163
13.9163
13.9163
13.9163
13.9163
13.9163
13.8309
13.8309
13.8309
13.8309
13.8309
13.8309
13.8309
13.8309
13.7785
13.7785
13.7785
13.7785
13.7785
13.7785
13.7785
13.7785
13.7492
13.7492
13.7492
13.7492
13.7492
13.7492
13.7492
13.7492
13.7322
13.7322
13.7322
13.7322
13.7322
13.7322
13.7322
13.7322
13.7165
13.7165
13.7165
13.7165
13.7165
13.7165
13.7165
13.7165
13.6921
13.6921
13.6921
13.6921
13.6921
13.6921
13.6921
13.6921
13.6507
13.6507
13.6507
13.6507
13.6507
13.6507
13.6507
13.6507
13.5876
13.5876
13.5876
13.5876
13.5876
13.5876
13.5876
13.5876
13.5026
13.5026
13.5026
13.5026
13.5026
13.5026
13.5026
13.5026
15.3808
15.3808
15.3808
15.3808
15.3808
15.3808
15.3808
15.3808
14.94
14.94
14.94
14.94
14.94
14.94
14.94
14.94
14.5511
14.5511
14.5511
14.5511
14.5511
14.5511
14.5511
14.5511
14.2152
14.2152
14.2152
14.2152
14.2152
14.2152
14.2152
14.2152
13.9322
13.9322
13.9322
13.9322
13.9322
13.9322
13.9322
13.9322
13.7001
13.7001
13.7001
13.7001
13.7001
13.7001
13.7001
13.7001
13.5152
13.5152
13.5152
13.5152
13.5152
13.5152
13.5152
13.5152
13.3723
13.3723
13.3723
13.3723
13.3723
13.3723
13.3723
13.3723
13.2648
13.2648
13.2648
13.2648
13.2648
13.2648
13.2648
13.2648
13.1849
13.1849
13.1849
13.1849
13.1849
13.1849
13.1849
13.1849
13.1241
13.1241
13.1241
13.1241
13.1241
13.1241
13.1241
13.1241
13.0739
13.0739
13.0739
13.0739
13.0739
13.0739
13.0739
13.0739
13.0266
13.0266
13.0266
13.0266
13.0266
13.0266
13.0266
13.0266
12.9756
12.9756
12.9756
12.9756
12.9756
12.9756
12.9756
12.9756
12.9169
12.9169
12.9169
12.9169
12.9169
12.9169
12.9169
12.9169
12.8498
12.8498
12.8498
12.8498
12.8498
12.8498
12.8498
12.8498
15.3808
15.3808
15.3808
15.3808
15.3808
15.3808
15.3808
15.3808
14.94
14.94
14.94
14.94
14.94
14.94
14.94
14.94
14.5511
14.5511
14.5511
14.5511
14.5511
14.5511
14.5511
14.5511
14.2152
14.2152
14.2152
14.2152
14.2152
14.2152
14.2152
14.2152
13.9322
13.9322
13.9322
13.9322
13.9322
13.9322
13.9322
13.9322
13.7001
13.7001
13.7001
13.7001
13.7001
13.7001
13.7001
13.7001
13.5152
13.5152
13.5152
13.5152
13.5152
13.5152
13.5152
13.5152
13.3723
13.3723
13.3723
13.3723
13.3723
13.3723
13.3723
13.3723
13.2648
13.2648
13.2648
13.2648
13.2648
13.2648
13.2648
13.2648
13.1849
13.1849
13.1849
13.1849
13.1849
13.1849
13.1849
13.1849
13.1241
13.1241
13.1241
13.1241
13.1241
13.1241
13.1241
13.1241
13.0739
13.0739
13.0739
13.0739
13.0739
13.0739
13.0739
13.0739
13.0266
13.0266
13.0266
13.0266
13.0266
13.0266
13.0266
13.0266
12.9756
12.9756
12.9756
12.9756
12.9756
12.9756
12.9756
12.9756
12.9169
12.9169
12.9169
12.9169
12.9169
12.9169
12.9169
12.9169
12.8498
12.8498
12.8498
12.8498
12.8498
12.8498
12.8498
12.8498
15.3808
15.3808
15.3808
15.3808
15.3808
15.3808
15.3808
15.3808
14.94
14.94
14.94
14.94
14.94
14.94
14.94
14.94
14.5511
14.5511
14.5511
14.5511
14.5511
14.5511
14.5511
14.5511
14.2152
14.2152
14.2152
14.2152
14.2152
14.2152
14.2152
14.2152
13.9322
13.9322
13.9322
13.9322
13.9322
13.9322
13.9322
13.9322
13.7001
13.7001
13.7001
13.7001
13.7001
13.7001
13.7001
13.7001
13.5152
13.5152
13.5152
13.5152
13.5152
13.5152
13.5152
13.5152
13.3723
13.3723
13.3723
13.3723
13.3723
13.3723
13.3723
13.3723
13.2648
13.2648
13.2648
13.2648
13.2648
13.2648
13.2648
13.2648
13.1849
13.1849
13.1849
13.1849
13.1849
13.1849
13.1849
13.1849
13.1241
13.1241
13.1241
13.1241
13.1241
13.1241
13.1241
13.1241
13.0739
13.0739
13.0739
13.0739
13.0739
13.0739
13.0739
13.0739
13.0266
13.0266
13.0266
13.0266
13.0266
13.0266
13.0266
13.0266
12.9756
12.9756
12.9756
12.9756
12.9756
12.9756
12.9756
12.9756
12.9169
12.9169
12.9169
12.9169
12.9169
12.9169
12.9169
12.9169
12.8498
12.8498
12.8498
12.8498
12.8498
12.8498
12.8498
12.8498
15.3808
15.3808
15.3808
15.3808
15.3808
15.3808
15.3808
15.3808
14.94
14.94
14.94
14.94
14.94
14.94
14.94
14.94
14.5511
14.5511
14.5511
14.5511
14.5511
14.5511
14.5511
14.5511
14.2152
14.2152
14.2152
14.2152
14.2152
14.2152
14.2152
14.2152
13.9322
13.9322
13.9322
13.9322
13.9322
13.9322
13.9322
13.9322
13.7001
13.7001
13.7001
13.7001
13.7001
13.7001
13.7001
13.7001
13.5152
13.5152
13.5152
13.5152
13.5152
13.5152
13.5152
13.5152
13.3723
13.3723
13.3723
13.3723
13.3723
13.3723
13.3723
13.3723
13.2648
13.2648
13.2648
13.2648
13.2648
13.2648
13.2648
13.2648
13.1849
13.1849
13.1849
13.1849
13.1849
13.1849
13.1849
13.1849
13.1241
13.1241
13.1241
13.1241
13.1241
13.1241
13.1241
13.1241
13.0739
13.0739
13.0739
13.0739
13.0739
13.0739
13.0739
13.0739
13.0266
13.0266
13.0266
13.0266
13.0266
13.0266
13.0266
13.0266
12.9756
12.9756
12.9756
12.9756
12.9756
12.9756
12.9756
12.9756
12.9169
12.9169
12.9169
12.9169
12.9169
12.9169
12.9169
12.9169
12.8498
12.8498
12.8498
12.8498
12.8498
12.8498
12.8498
12.8498
15.2932
15.2932
15.2932
15.2932
15.2932
15.2932
15.2932
15.2932
14.8008
14.8008
14.8008
14.8008
14.8008
14.8008
14.8008
14.8008
14.3594
14.3594
14.3594
14.3594
14.3594
14.3594
14.3594
14.3594
13.9699
13.9699
13.9699
13.9699
13.9699
13.9699
13.9699
13.9699
13.6318
13.6318
13.6318
13.6318
13.6318
13.6318
13.6318
13.6318
13.3435
13.3435
13.3435
13.3435
13.3435
13.3435
13.3435
13.3435
13.1022
13.1022
13.1022
13.1022
13.1022
13.1022
13.1022
13.1022
12.9036
12.9036
12.9036
12.9036
12.9036
12.9036
12.9036
12.9036
12.7431
12.7431
12.7431
12.7431
12.7431
12.7431
12.7431
12.7431
12.6146
12.6146
12.6146
12.6146
12.6146
12.6146
12.6146
12.6146
12.5122
12.5122
12.5122
12.5122
12.5122
12.5122
12.5122
12.5122
12.4295
12.4295
12.4295
12.4295
12.4295
12.4295
12.4295
12.4295
12.3608
12.3608
12.3608
12.3608
12.3608
12.3608
12.3608
12.3608
12.3012
12.3012
12.3012
12.3012
12.3012
12.3012
12.3012
12.3012
12.2473
12.2473
12.2473
12.2473
12.2473
12.2473
12.2473
12.2473
12.1977
12.1977
12.1977
12.1977
12.1977
12.1977
12.1977
12.1977
15.2932
15.2932
15.2932
15.2932
15.2932
15.2932
15.2932
15.2932
14.8008
14.8008
14.8008
14.8008
14.8008
14.8008
14.8008
14.8008
14.3594
14.3594
14.3594
14.3594
14.3594
14.3594
14.3594
14.3594
13.9699
13.9699
13.9699
13.9699
13.9699
13.9699
13.9699
13.9699
13.6318
13.6318
13.6318
13.6318
13.6318
13.6318
13.6318
13.6318
13.3435
13.3435
13.3435
13.3435
13.3435
13.3435
13.3435
13.3435
13.1022
13.1022
13.1022
13.1022
13.1022
13.1022
13.1022
13.1022
12.9036
12.9036
12.9036
12.9036
12.9036
12.9036
12.9036
12.9036
12.7431
12.7431
12.7431
12.7431
12.7431
12.7431
12.7431
12.7431
12.6146
12.6146
12.6146
12.6146
12.6146
12.6146
12.6146
12.6146
12.5122
12.5122
12.5122
12.5122
12.5122
12.5122
12.5122
12.5122
12.4295
12.4295
12.4295
12.4295
12.4295
12.4295
12.4295
12.4295
12.3608
12.3608
12.3608
12.3608
12.3608
12.3608
12.3608
12.3608
12.3012
12.3012
12.3012
12.3012
12.3012
12.3012
12.3012
12.3012
12.2473
12.2473
12.2473
12.2473
12.2473
12.2473
12.2473
12.2473
12.1977
12.1977
12.1977
12.1977
12.1977
12.1977
12.1977
12.1977
15.2932
15.2932
15.2932
15.2932
15.2932
15.2932
15.2932
15.2932
14.8008
14.8008
14.8008
14.8008
14.8008
14.8008
14.8008
14.8008
14.3594
14.3594
14.3594
14.3594
14.3594
14.3594
14.3594
14.3594
13.9699
13.9699
13.9699
13.9699
13.9699
13.9699
13.9699
13.9699
13.6318
13.6318
13.6318
13.6318
13.6318
13.6318
13.6318
13.6318
13.3435
13.3435
13.3435
13.3435
13.3435
13.3435
13.3435
13.3435
13.1022
13.1022
13.1022
13.1022
13.1022
13.1022
13.1022
13.1022
12.9036
12.9036
12.9036
12.9036
12.9036
12.9036
12.9036
12.9036
12.7431
12.7431
12.7431
12.7431
12.7431
12.7431
12.7431
12.7431
12.6146
12.6146
12.6146
12.6146
12.6146
12.6146
12.6146
12.6146
12.5122
12.5122
12.5122
12.5122
12.5122
12.5122
12.5122
12.5122
12.4295
12.4295
12.4295
12.4295
12.4295
12.4295
12.4295
12.4295
12.3608
12.3608
12.3608
12.3608
12.3608
12.3608
12.3608
12.3608
12.3012
12.3012
12.3012
12.3012
12.3012
12.3012
12.3012
12.3012
12.2473
12.2473
12.2473
12.2473
12.2473
12.2473
12.2473
12.2473
12.1977
12.1977
12.1977
12.1977
12.1977
12.1977
12.1977
12.1977
15.2932
15.2932
15.2932
15.2932
15.2932
15.2932
15.2932
15.2932
14.8008
14.8008
14.8008
14.8008
14.8008
14.8008
14.8008
14.8008
14.3594
14.3594
14.3594
14.3594
14.3594
14.3594
14.3594
14.3594
13.9699
13.9699
13.9699
13.9699
13.9699
13.9699
13.9699
13.9699
13.6318
13.6318
13.6318
13.6318
13.6318
13.6318
13.6318
13.6318
13.3435
13.3435
13.3435
13.3435
13.3435
13.3435
13.3435
13.3435
13.1022
13.1022
13.1022
13.1022
13.1022
13.1022
13.1022
13.1022
12.9036
12.9036
12.9036
12.9036
12.9036
12.9036
12.9036
12.9036
12.7431
12.7431
12.7431
12.7431
12.7431
12.7431
12.7431
12.7431
12.6146
12.6146
12.6146
12.6146
12.6146
12.6146
12.6146
12.6146
12.5122
12.5122
12.5122
12.5122
12.5122
12.5122
12.5122
12.5122
12.4295
12.4295
12.4295
12.4295
12.4295
12.4295
12.4295
12.4295
12.3608
12.3608
12.3608
12.3608
12.3608
12.3608
12.3608
12.3608
12.3012
12.3012
12.3012
12.3012
12.3012
12.3012
12.3012
12.3012
12.2473
12.2473
12.2473
12.2473
12.2473
12.2473
12.2473
12.2473
12.1977
12.1977
12.1977
12.1977
12.1977
12.1977
12.1977
12.1977
15.1881
15.1881
15.1881
15.1881
15.1881
15.1881
15.1881
15.1881
14.6491
14.6491
14.6491
14.6491
14.6491
14.6491
14.6491
14.6491
14.1596
14.1596
14.1596
14.1596
14.1596
14.1596
14.1596
14.1596
13.7199
13.7199
13.7199
13.7199
13.7199
13.7199
13.7199
13.7199
13.3296
13.3296
13.3296
13.3296
13.3296
13.3296
13.3296
13.3296
12.9876
12.9876
12.9876
12.9876
12.9876
12.9876
12.9876
12.9876
12.6921
12.6921
12.6921
12.6921
12.6921
12.6921
12.6921
12.6921
12.4403
12.4403
12.4403
12.4403
12.4403
12.4403
12.4403
12.4403
12.229
12.229
12.229
12.229
12.229
12.229
12.229
12.229
12.0544
12.0544
12.0544
12.0544
12.0544
12.0544
12.0544
12.0544
11.9125
11.9125
11.9125
11.9125
11.9125
11.9125
11.9125
11.9125
11.799
11.799
11.799
11.799
11.799
11.799
11.799
11.799
11.7101
11.7101
11.7101
11.7101
11.7101
11.7101
11.7101
11.7101
11.6422
11.6422
11.6422
11.6422
11.6422
11.6422
11.6422
11.6422
11.5924
11.5924
11.5924
11.5924
11.5924
11.5924
11.5924
11.5924
11.5591
11.5591
11.5591
11.5591
11.5591
11.5591
11.5591
11.5591
15.1881
15.1881
15.1881
15.1881
15.1881
15.1881
15.1881
15.1881
14.6491
14.6491
14.6491
14.6491
14.6491
14.6491
14.6491
14.6491
14.1596
14.1596
14.1596
14.1596
14.1596
14.1596
14.1596
14.1596
13.7199
13.7199
13.7199
13.7199
13.7199
13.7199
13.7199
13.7199
13.3296
13.3296
13.3296
13.3296
13.3296
13.3296
13.3296
13.3296
12.9876
12.9876
12.9876
12.9876
12.9876
12.9876
12.9876
12.9876
12.6921
12.6921
12.6921
12.6921
12.6921
12.6921
12.6921
12.6921
12.4403
12.4403
12.4403
12.4403
12.4403
12.4403
12.4403
12.4403
12.229
12.229
12.229
12.229
12.229
12.229
12.229
12.229
12.0544
12.0544
12.0544
12.0544
12.0544
12.0544
12.0544
12.0544
11.9125
11.9125
11.9125
11.9125
11.9125
11.9125
11.9125
11.9125
11.799
11.799
11.799
11.799
11.799
11.799
11.799
11.799
11.7101
11.7101
11.7101
11.7101
11.7101
11.7101
11.7101
11.7101
11.6422
11.6422
11.6422
11.6422
11.6422
11.6422
11.6422
11.6422
11.5924
11.5924
11.5924
11.5924
11.5924
11.5924
11.5924
11.5924
11.5591
11.5591
11.5591
11.5591
11.5591
11.5591
11.5591
11.5591
15.1881
15.1881
15.1881
15.1881
15.1881
15.1881
15.1881
15.1881
14.6491
14.6491
14.6491
14.6491
14.6491
14.6491
14.6491
14.6491
14.1596
14.1596
14.1596
14.1596
14.1596
14.1596
14.1596
14.1596
13.7199
13.7199
13.7199
13.7199
13.7199
13.7199
13.7199
13.7199
13.3296
13.3296
13.3296
13.3296
13.3296
13.3296
13.3296
13.3296
12.9876
12.9876
12.9876
12.9876
12.9876
12.9876
12.9876
12.9876
12.6921
12.6921
12.6921
12.6921
12.6921
12.6921
12.6921
12.6921
12.4403
12.4403
12.4403
12.4403
12.4403
12.4403
12.4403
12.4403
12.229
12.229
12.229
12.229
12.229
12.229
12.229
12.229
12.0544
12.0544
12.0544
12.0544
12.0544
12.0544
12.0544
12.0544
11.9125
11.9125
11.9125
11.9125
11.9125
11.9125
11.9125
11.9125
11.799
11.799
11.799
11.799
11.799
11.799
11.799
11.799
11.7101
11.7101
11.7101
11.7101
11.7101
11.7101
11.7101
11.7101
11.6422
11.6422
11.6422
11.6422
11.6422
11.6422
11.6422
11.6422
11.5924
11.5924
11.5924
11.5924
11.5924
11.5924
11.5924
11.5924
11.5591
11.5591
11.5591
11.5591
11.5591
11.5591
11.5591
11.5591
15.1881
15.1881
15.1881
15.1881
15.1881
15.1881
15.1881
15.1881
14.6491
14.6491
14.6491
14.6491
14.6491
14.6491
14.6491
14.6491
14.1596
14.1596
14.1596
14.1596
14.1596
14.1596
14.1596
14.1596
13.7199
13.7199
13.7199
13.7199
13.7199
13.7199
13.7199
13.7199
13.3296
13.3296
13.3296
13.3296
13.3296
13.3296
13.3296
13.3296
12.9876
12.9876
12.9876
12.9876
12.9876
12.9876
12.9876
12.9876
12.6921
12.6921
12.6921
12.6921
12.6921
12.6921
12.6921
12.6921
12.4403
12.4403
12.4403
12.4403
12.4403
12.4403
12.4403
12.4403
12.229
12.229
12.229
12.229
12.229
12.229
12.229
12.229
12.0544
12.0544
12.0544
12.0544
12.0544
12.0544
12.0544
12.0544
11.9125
11.9125
11.9125
11.9125
11.9125
11.9125
11.9125
11.9125
11.799
11.799
11.799
11.799
11.799
11.799
11.799
11.799
11.7101
11.7101
11.7101
11.7101
11.7101
11.7101
11.7101
11.7101
11.6422
11.6422
11.6422
11.6422
11.6422
11.6422
11.6422
11.6422
11.5924
11.5924
11.5924
11.5924
11.5924
11.5924
11.5924
11.5924
11.5591
11.5591
11.5591
11.5591
11.5591
11.5591
11.5591
11.5591
15.0771
15.0771
15.0771
15.0771
15.0771
15.0771
15.0771
15.0771
14.4975
14.4975
14.4975
14.4975
14.4975
14.4975
14.4975
14.4975
13.9644
13.9644
13.9644
13.9644
13.9644
13.9644
13.9644
13.9644
13.4782
13.4782
13.4782
13.4782
13.4782
13.4782
13.4782
13.4782
13.0387
13.0387
13.0387
13.0387
13.0387
13.0387
13.0387
13.0387
12.6458
12.6458
12.6458
12.6458
12.6458
12.6458
12.6458
12.6458
12.2985
12.2985
12.2985
12.2985
12.2985
12.2985
12.2985
12.2985
11.9958
11.9958
11.9958
11.9958
11.9958
11.9958
11.9958
11.9958
11.7363
11.7363
11.7363
11.7363
11.7363
11.7363
11.7363
11.7363
11.5178
11.5178
11.5178
11.5178
11.5178
11.5178
11.5178
11.5178
11.3384
11.3384
11.3384
11.3384
11.3384
11.3384
11.3384
11.3384
11.1956
11.1956
11.1956
11.1956
11.1956
11.1956
11.1956
11.1956
11.0872
11.0872
11.0872
11.0872
11.0872
11.0872
11.0872
11.0872
11.0107
11.0107
11.0107
11.0107
11.0107
11.0107
11.0107
11.0107
10.9639
10.9639
10.9639
10.9639
10.9639
10.9639
10.9639
10.9639
10.9445
10.9445
10.9445
10.9445
10.9445
10.9445
10.9445
10.9445
15.0771
15.0771
15.0771
15.0771
15.0771
15.0771
15.0771
15.0771
14.4975
14.4975
14.4975
14.4975
14.4975
14.4975
14.4975
14.4975
13.9644
13.9644
13.9644
13.9644
13.9644
13.9644
13.9644
13.9644
13.4782
13.4782
13.4782
13.4782
13.4782
13.4782
13.4782
13.4782
13.0387
13.0387
13.0387
13.0387
13.0387
13.0387
13.0387
13.0387
12.6458
12.6458
12.6458
12.6458
12.6458
12.6458
12.6458
12.6458
12.2985
12.2985
12.2985
12.2985
12.2985
12.2985
12.2985
12.2985
11.9958
11.9958
11.9958
11.9958
11.9958
11.9958
11.9958
11.9958
11.7363
11.7363
11.7363
11.7363
11.7363
11.7363
11.7363
11.7363
11.5178
11.5178
11.5178
11.5178
11.5178
11.5178
11.5178
11.5178
11.3384
11.3384
11.3384
11.3384
11.3384
11.3384
11.3384
11.3384
11.1956
11.1956
11.1956
11.1956
11.1956
11.1956
11.1956
11.1956
11.0872
11.0872
11.0872
11.0872
11.0872
11.0872
11.0872
11.0872
11.0107
11.0107
11.0107
11.0107
11.0107
11.0107
11.0107
11.0107
10.9639
10.9639
10.9639
10.9639
10.9639
10.9639
10.9639
10.9639
10.9445
10.9445
10.9445
10.9445
10.9445
10.9445
10.9445
10.9445
15.0771
15.0771
15.0771
15.0771
15.0771
15.0771
15.0771
15.0771
14.4975
14.4975
14.4975
14.4975
14.4975
14.4975
14.4975
14.4975
13.9644
13.9644
13.9644
13.9644
13.9644
13.9644
13.9644
13.9644
13.4782
13.4782
13.4782
13.4782
13.4782
13.4782
13.4782
13.4782
13.0387
13.0387
13.0387
13.0387
13.0387
13.0387
13.0387
13.0387
12.6458
12.6458
12.6458
12.6458
12.6458
12.6458
12.6458
12.6458
12.2985
12.2985
12.2985
12.2985
12.2985
12.2985
12.2985
12.2985
11.9958
11.9958
11.9958
11.9958
11.9958
11.9958
11.9958
11.9958
11.7363
11.7363
11.7363
11.7363
11.7363
11.7363
11.7363
11.7363
11.5178
11.5178
11.5178
11.5178
11.5178
11.5178
11.5178
11.5178
11.3384
11.3384
11.3384
11.3384
11.3384
11.3384
11.3384
11.3384
11.1956
11.1956
11.1956
11.1956
11.1956
11.1956
11.1956
11.1956
11.0872
11.0872
11.0872
11.0872
11.0872
11.0872
11.0872
11.0872
11.0107
11.0107
11.0107
11.0107
11.0107
11.0107
11.0107
11.0107
10.9639
10.9639
10.9639
10.9639
10.9639
10.9639
10.9639
10.9639
10.9445
10.9445
10.9445
10.9445
10.9445
10.9445
10.9445
10.9445
15.0771
15.0771
15.0771
15.0771
15.0771
15.0771
15.0771
15.0771
14.4975
14.4975
14.4975
14.4975
14.4975
14.4975
14.4975
14.4975
13.9644
13.9644
13.9644
13.9644
13.9644
13.9644
13.9644
13.9644
13.4782
13.4782
13.4782
13.4782
13.4782
13.4782
13.4782
13.4782
13.0387
13.0387
13.0387
13.0387
13.0387
13.0387
13.0387
13.0387
12.6458
12.6458
12.6458
12.6458
12.6458
12.6458
12.6458
12.6458
12.2985
12.2985
12.2985
12.2985
12.2985
12.2985
12.2985
12.2985
11.9958
11.9958
11.9958
11.9958
11.9958
11.9958
11.9958
11.9958
11.7363
11.7363
11.7363
11.7363
11.7363
11.7363
11.7363
11.7363
11.5178
11.5178
11.5178
11.5178
11.5178
11.5178
11.5178
11.5178
11.3384
11.3384
11.3384
11.3384
11.3384
11.3384
11.3384
11.3384
11.1956
11.1956
11.1956
11.1956
11.1956
11.1956
11.1956
11.1956
11.0872
11.0872
11.0872
11.0872
11.0872
11.0872
11.0872
11.0872
11.0107
11.0107
11.0107
11.0107
11.0107
11.0107
11.0107
11.0107
10.9639
10.9639
10.9639
10.9639
10.9639
10.9639
10.9639
10.9639
10.9445
10.9445
10.9445
10.9445
10.9445
10.9445
10.9445
10.9445
14.9734
14.9734
14.9734
14.9734
14.9734
14.9734
14.9734
14.9734
14.3589
14.3589
14.3589
14.3589
14.3589
14.3589
14.3589
14.3589
13.7867
13.7867
13.7867
13.7867
13.7867
13.7867
13.7867
13.7867
13.2573
13.2573
13.2573
13.2573
13.2573
13.2573
13.2573
13.2573
12.7714
12.7714
12.7714
12.7714
12.7714
12.7714
12.7714
12.7714
12.3297
12.3297
12.3297
12.3297
12.3297
12.3297
12.3297
12.3297
11.9329
11.9329
11.9329
11.9329
11.9329
11.9329
11.9329
11.9329
11.5815
11.5815
11.5815
11.5815
11.5815
11.5815
11.5815
11.5815
11.2757
11.2757
11.2757
11.2757
11.2757
11.2757
11.2757
11.2757
11.0153
11.0153
11.0153
11.0153
11.0153
11.0153
11.0153
11.0153
10.8
10.8
10.8
10.8
10.8
10.8
10.8
10.8
10.6291
10.6291
10.6291
10.6291
10.6291
10.6291
10.6291
10.6291
10.5015
10.5015
10.5015
10.5015
10.5015
10.5015
10.5015
10.5015
10.4157
10.4157
10.4157
10.4157
10.4157
10.4157
10.4157
10.4157
10.3701
10.3701
10.3701
10.3701
10.3701
10.3701
10.3701
10.3701
10.3619
10.3619
10.3619
10.3619
10.3619
10.3619
10.3619
10.3619
14.9734
14.9734
14.9734
14.9734
14.9734
14.9734
14.9734
14.9734
14.3589
14.3589
14.3589
14.3589
14.3589
14.3589
14.3589
14.3589
13.7867
13.7867
13.7867
13.7867
13.7867
13.7867
13.7867
13.7867
13.2573
13.2573
13.2573
13.2573
13.2573
13.2573
13.2573
13.2573
12.7714
12.7714
12.7714
12.7714
12.7714
12.7714
12.7714
12.7714
12.3297
12.3297
12.3297
12.3297
12.3297
12.3297
12.3297
12.3297
11.9329
11.9329
11.9329
11.9329
11.9329
11.9329
11.9329
11.9329
11.5815
11.5815
11.5815
11.5815
11.5815
11.5815
11.5815
11.5815
11.2757
11.2757
11.2757
11.2757
11.2757
11.2757
11.2757
11.2757
11.0153
11.0153
11.0153
11.0153
11.0153
11.0153
11.0153
11.0153
10.8
10.8
10.8
10.8
10.8
10.8
10.8
10.8
10.6291
10.6291
10.6291
10.6291
10.6291
10.6291
10.6291
10.6291
10.5015
10.5015
10.5015
10.5015
10.5015
10.5015
10.5015
10.5015
10.4157
10.4157
10.4157
10.4157
10.4157
10.4157
10.4157
10.4157
10.3701
10.3701
10.3701
10.3701
10.3701
10.3701
10.3701
10.3701
10.3619
10.3619
10.3619
10.3619
10.3619
10.3619
10.3619
10.3619
14.9734
14.9734
14.9734
14.9734
14.9734
14.9734
14.9734
14.9734
14.3589
14.3589
14.3589
14.3589
14.3589
14.3589
14.3589
14.3589
13.7867
13.7867
13.7867
13.7867
13.7867
13.7867
13.7867
13.7867
13.2573
13.2573
13.2573
13.2573
13.2573
13.2573
13.2573
13.2573
12.7714
12.7714
12.7714
12.7714
12.7714
12.7714
12.7714
12.7714
12.3297
12.3297
12.3297
12.3297
12.3297
12.3297
12.3297
12.3297
11.9329
11.9329
11.9329
11.9329
11.9329
11.9329
11.9329
11.9329
11.5815
11.5815
11.5815
11.5815
11.5815
11.5815
11.5815
11.5815
11.2757
11.2757
11.2757
11.2757
11.2757
11.2757
11.2757
11.2757
11.0153
11.0153
11.0153
11.0153
11.0153
11.0153
11.0153
11.0153
10.8
10.8
10.8
10.8
10.8
10.8
10.8
10.8
10.6291
10.6291
10.6291
10.6291
10.6291
10.6291
10.6291
10.6291
10.5015
10.5015
10.5015
10.5015
10.5015
10.5015
10.5015
10.5015
10.4157
10.4157
10.4157
10.4157
10.4157
10.4157
10.4157
10.4157
10.3701
10.3701
10.3701
10.3701
10.3701
10.3701
10.3701
10.3701
10.3619
10.3619
10.3619
10.3619
10.3619
10.3619
10.3619
10.3619
14.9734
14.9734
14.9734
14.9734
14.9734
14.9734
14.9734
14.9734
14.3589
14.3589
14.3589
14.3589
14.3589
14.3589
14.3589
14.3589
13.7867
13.7867
13.7867
13.7867
13.7867
13.7867
13.7867
13.7867
13.2573
13.2573
13.2573
13.2573
13.2573
13.2573
13.2573
13.2573
12.7714
12.7714
12.7714
12.7714
12.7714
12.7714
12.7714
12.7714
12.3297
12.3297
12.3297
12.3297
12.3297
12.3297
12.3297
12.3297
11.9329
11.9329
11.9329
11.9329
11.9329
11.9329
11.9329
11.9329
11.5815
11.5815
11.5815
11.5815
11.5815
11.5815
11.5815
11.5815
11.2757
11.2757
11.2757
11.2757
11.2757
11.2757
11.2757
11.2757
11.0153
11.0153
11.0153
11.0153
11.0153
11.0153
11.0153
11.0153
10.8
10.8
10.8
10.8
10.8
10.8
10.8
10.8
10.6291
10.6291
10.6291
10.6291
10.6291
10.6291
10.6291
10.6291
10.5015
10.5015
10.5015
10.5015
10.5015
10.5015
10.5015
10.5015
10.4157
10.4157
10.4157
10.4157
10.4157
10.4157
10.4157
10.4157
10.3701
10.3701
10.3701
10.3701
10.3701
10.3701
10.3701
10.3701
10.3619
10.3619
10.3619
10.3619
10.3619
10.3619
10.3619
10.3619
14.8906
14.8906
14.8906
14.8906
14.8906
14.8906
14.8906
14.8906
14.246
14.246
14.246
14.246
14.246
14.246
14.246
14.246
13.6382
13.6382
13.6382
13.6382
13.6382
13.6382
13.6382
13.6382
13.0683
13.0683
13.0683
13.0683
13.0683
13.0683
13.0683
13.0683
12.5378
12.5378
12.5378
12.5378
12.5378
12.5378
12.5378
12.5378
12.0491
12.0491
12.0491
12.0491
12.0491
12.0491
12.0491
12.0491
11.6043
11.6043
11.6043
11.6043
11.6043
11.6043
11.6043
11.6043
11.2056
11.2056
11.2056
11.2056
11.2056
11.2056
11.2056
11.2056
10.8551
10.8551
10.8551
10.8551
10.8551
10.8551
10.8551
10.8551
10.5543
10.5543
10.5543
10.5543
10.5543
10.5543
10.5543
10.5543
10.3044
10.3044
10.3044
10.3044
10.3044
10.3044
10.3044
10.3044
10.106
10.106
10.106
10.106
10.106
10.106
10.106
10.106
9.95922
9.95922
9.95922
9.95922
9.95922
9.95922
9.95922
9.95922
9.86338
9.86338
9.86338
9.86338
9.86338
9.86338
9.86338
9.86338
9.81704
9.81704
9.81704
9.81704
9.81704
9.81704
9.81704
9.81704
9.81721
9.81721
9.81721
9.81721
9.81721
9.81721
9.81721
9.81721
14.8906
14.8906
14.8906
14.8906
14.8906
14.8906
14.8906
14.8906
14.246
14.246
14.246
14.246
14.246
14.246
14.246
14.246
13.6382
13.6382
13.6382
13.6382
13.6382
13.6382
13.6382
13.6382
13.0683
13.0683
13.0683
13.0683
13.0683
13.0683
13.0683
13.0683
12.5378
12.5378
12.5378
12.5378
12.5378
12.5378
12.5378
12.5378
12.0491
12.0491
12.0491
12.0491
12.0491
12.0491
12.0491
12.0491
11.6043
11.6043
11.6043
11.6043
11.6043
11.6043
11.6043
11.6043
11.2056
11.2056
11.2056
11.2056
11.2056
11.2056
11.2056
11.2056
10.8551
10.8551
10.8551
10.8551
10.8551
10.8551
10.8551
10.8551
10.5543
10.5543
10.5543
10.5543
10.5543
10.5543
10.5543
10.5543
10.3044
10.3044
10.3044
10.3044
10.3044
10.3044
10.3044
10.3044
10.106
10.106
10.106
10.106
10.106
10.106
10.106
10.106
9.95922
9.95922
9.95922
9.95922
9.95922
9.95922
9.95922
9.95922
9.86338
9.86338
9.86338
9.86338
9.86338
9.86338
9.86338
9.86338
9.81704
9.81704
9.81704
9.81704
9.81704
9.81704
9.81704
9.81704
9.81721
9.81721
9.81721
9.81721
9.81721
9.81721
9.81721
9.81721
14.8906
14.8906
14.8906
14.8906
14.8906
14.8906
14.8906
14.8906
14.246
14.246
14.246
14.246
14.246
14.246
14.246
14.246
13.6382
13.6382
13.6382
13.6382
13.6382
13.6382
13.6382
13.6382
13.0683
13.0683
13.0683
13.0683
13.0683
13.0683
13.0683
13.0683
12.5378
12.5378
12.5378
12.5378
12.5378
12.5378
12.5378
12.5378
12.0491
12.0491
12.0491
12.0491
12.0491
12.0491
12.0491
12.0491
11.6043
11.6043
11.6043
11.6043
11.6043
11.6043
11.6043
11.6043
11.2056
11.2056
11.2056
11.2056
11.2056
11.2056
11.2056
11.2056
10.8551
10.8551
10.8551
10.8551
10.8551
10.8551
10.8551
10.8551
10.5543
10.5543
10.5543
10.5543
10.5543
10.5543
10.5543
10.5543
10.3044
10.3044
10.3044
10.3044
10.3044
10.3044
10.3044
10.3044
10.106
10.106
10.106
10.106
10.106
10.106
10.106
10.106
9.95922
9.95922
9.95922
9.95922
9.95922
9.95922
9.95922
9.95922
9.86338
9.86338
9.86338
9.86338
9.86338
9.86338
9.86338
9.86338
9.81704
9.81704
9.81704
9.81704
9.81704
9.81704
9.81704
9.81704
9.81721
9.81721
9.81721
9.81721
9.81721
9.81721
9.81721
9.81721
14.8906
14.8906
14.8906
14.8906
14.8906
14.8906
14.8906
14.8906
14.246
14.246
14.246
14.246
14.246
14.246
14.246
14.246
13.6382
13.6382
13.6382
13.6382
13.6382
13.6382
13.6382
13.6382
13.0683
13.0683
13.0683
13.0683
13.0683
13.0683
13.0683
13.0683
12.5378
12.5378
12.5378
12.5378
12.5378
12.5378
12.5378
12.5378
12.0491
12.0491
12.0491
12.0491
12.0491
12.0491
12.0491
12.0491
11.6043
11.6043
11.6043
11.6043
11.6043
11.6043
11.6043
11.6043
11.2056
11.2056
11.2056
11.2056
11.2056
11.2056
11.2056
11.2056
10.8551
10.8551
10.8551
10.8551
10.8551
10.8551
10.8551
10.8551
10.5543
10.5543
10.5543
10.5543
10.5543
10.5543
10.5543
10.5543
10.3044
10.3044
10.3044
10.3044
10.3044
10.3044
10.3044
10.3044
10.106
10.106
10.106
10.106
10.106
10.106
10.106
10.106
9.95922
9.95922
9.95922
9.95922
9.95922
9.95922
9.95922
9.95922
9.86338
9.86338
9.86338
9.86338
9.86338
9.86338
9.86338
9.86338
9.81704
9.81704
9.81704
9.81704
9.81704
9.81704
9.81704
9.81704
9.81721
9.81721
9.81721
9.81721
9.81721
9.81721
9.81721
9.81721
