8192
16.552
16.552
16.552
16.552
16.552
16.552
16.552
16.552
17.1212
17.1212
17.1212
17.1212
17.1212
17.1212
17.1212
17.1212
17.6978
17.6978
17.6978
17.6978
17.6978
17.6978
17.6978
17.6978
18.2607
18.2607
18.2607
18.2607
18.2607
18.2607
18.2607
18.2607
18.7844
18.7844
18.7844
18.7844
18.7844
18.7844
18.7844
18.7844
19.2405
19.2405
19.2405
19.2405
19.2405
19.2405
19.2405
19.2405
19.6009
19.6009
19.6009
19.6009
19.6009
19.6009
19.6009
19.6009
19.841
19.841
19.841
19.841
19.841
19.841
19.841
19.841
19.9436
19.9436
19.9436
19.9436
19.9436
19.9436
19.9436
19.9436
19.9018
19.9018
19.9018
19.9018
19.9018
19.9018
19.9018
19.9018
19.7217
19.7217
19.7217
19.7217
19.7217
19.7217
19.7217
19.7217
19.4218
19.4218
19.4218
19.4218
19.4218
19.4218
19.4218
19.4218
19.0327
19.0327
19.0327
19.0327
19.0327
19.0327
19.0327
19.0327
18.5931
18.5931
18.5931
18.5931
18.5931
18.5931
18.5931
18.5931
18.1469
18.1469
18.1469
18.1469
18.1469
18.1469
18.1469
18.1469
17.7395
17.7395
17.7395
17.7395
17.7395
17.7395
17.7395
17.7395
16.552
16.552
16.552
16.552
16.552
16.552
16.552
16.552
17.1212
17.1212
17.1212
17.1212
17.1212
17.1212
17.1212
17.1212
17.6978
17.6978
17.6978
17.6978
17.6978
17.6978
17.6978
17.6978
18.2607
18.2607
18.2607
18.2607
18.2607
18.2607
18.2607
18.2607
18.7844
18.7844
18.7844
18.7844
18.7844
18.7844
18.7844
18.7844
19.2405
19.2405
19.2405
19.2405
19.2405
19.2405
19.2405
19.2405
19.6009
19.6009
19.6009
19.6009
19.6009
19.6009
19.6009
19.6009
19.841
19.841
19.841
19.841
19.841
19.841
19.841
19.841
19.9436
19.9436
19.9436
19.9436
19.9436
19.9436
19.9436
19.9436
19.9018
19.9018
19.9018
19.9018
19.9018
19.9018
19.9018
19.9018
19.7217
19.7217
19.7217
19.7217
19.7217
19.7217
19.7217
19.7217
19.4218
19.4218
19.4218
19.4218
19.4218
19.4218
19.4218
19.4218
19.0327
19.0327
19.0327
19.0327
19.0327
19.0327
19.0327
19.0327
18.5931
18.5931
18.5931
18.5931
18.5931
18.5931
18.5931
18.5931
18.1469
18.1469
18.1469
18.1469
18.1469
18.1469
18.1469
18.1469
17.7395
17.7395
17.7395
17.7395
17.7395
17.7395
17.7395
17.7395
16.552
16.552
16.552
16.552
16.552
16.552
16.552
16.552
17.1212
17.1212
17.1212
17.1212
17.1212
17.1212
17.1212
17.1212
17.6978
17.6978
17.6978
17.6978
17.6978
17.6978
17.6978
17.6978
18.2607
18.2607
18.2607
18.2607
18.2607
18.2607
18.2607
18.2607
18.7844
18.7844
18.7844
18.7844
18.7844
18.7844
18.7844
18.7844
19.2405
19.2405
19.2405
19.2405
19.2405
19.2405
19.2405
19.2405
19.6009
19.6009
19.6009
19.6009
19.6009
19.6009
19.6009
19.6009
19.841
19.841
19.841
19.841
19.841
19.841
19.841
19.841
19.9436
19.9436
19.9436
19.9436
19.9436
19.9436
19.9436
19.9436
19.9018
19.9018
19.9018
19.9018
19.9018
19.9018
19.9018
19.9018
19.7217
19.7217
19.7217
19.7217
19.7217
19.7217
19.7217
19.7217
19.4218
19.4218
19.4218
19.4218
19.4218
19.4218
19.4218
19.4218
19.0327
19.0327
19.0327
19.0327
19.0327
19.0327
19.0327
19.0327
18.5931
18.5931
18.5931
18.5931
18.5931
18.5931
18.5931
18.5931
18.1469
18.1469
18.1469
18.1469
18.1469
18.1469
18.1469
18.1469
17.7395
17.7395
17.7395
17.7395
17.7395
17.7395
17.7395
17.7395
16.552
16.552
16.552
16.552
16.552
16.552
16.552
16.552
17.1212
17.1212
17.1212
17.1212
17.1212
17.1212
17.1212
17.1212
17.6978
17.6978
17.6978
17.6978
17.6978
17.6978
17.6978
17.6978
18.2607
18.2607
18.2607
18.2607
18.2607
18.2607
18.2607
18.2607
18.7844
18.7844
18.7844
18.7844
18.7844
18.7844
18.7844
18.7844
19.2405
19.2405
19.2405
19.2405
19.2405
19.2405
19.2405
19.2405
19.6009
19.6009
19.6009
19.6009
19.6009
19.6009
19.6009
19.6009
19.841
19.841
19.841
19.841
19.841
19.841
19.841
19.841
19.9436
19.9436
19.9436
19.9436
19.9436
19.9436
19.9436
19.9436
19.9018
19.9018
19.9018
19.9018
19.9018
19.9018
19.9018
19.9018
19.7217
19.7217
19.7217
19.7217
19.7217
19.7217
19.7217
19.7217
19.4218
19.4218
19.4218
19.4218
19.4218
19.4218
19.4218
19.4218
19.0327
19.0327
19.0327
19.0327
19.0327
19.0327
19.0327
19.0327
18.5931
18.5931
18.5931
18.5931
18.5931
18.5931
18.5931
18.5931
18.1469
18.1469
18.1469
18.1469
18.1469
18.1469
18.1469
18.1469
17.7395
17.7395
17.7395
17.7395
17.7395
17.7395
17.7395
17.7395
15.8571
15.8571
15.8571
15.8571
15.8571
15.8571
15.8571
15.8571
16.498
16.498
16.498
16.498
16.498
16.498
16.498
16.498
17.1364
17.1364
17.1364
17.1364
17.1364
17.1364
17.1364
17.1364
17.7475
17.7475
17.7475
17.7475
17.7475
17.7475
17.7475
17.7475
18.302
18.302
18.302
18.302
18.302
18.302
18.302
18.302
18.7683
18.7683
18.7683
18.7683
18.7683
18.7683
18.7683
18.7683
19.1162
19.1162
19.1162
19.1162
19.1162
19.1162
19.1162
19.1162
19.3201
19.3201
19.3201
19.3201
19.3201
19.3201
19.3201
19.3201
19.3638
19.3638
19.3638
19.3638
19.3638
19.3638
19.3638
19.3638
19.2429
19.2429
19.2429
19.2429
19.2429
19.2429
19.2429
19.2429
18.9674
18.9674
18.9674
18.9674
18.9674
18.9674
18.9674
18.9674
18.5604
18.5604
18.5604
18.5604
18.5604
18.5604
18.5604
18.5604
18.0572
18.0572
18.0572
18.0572
18.0572
18.0572
18.0572
18.0572
17.5002
17.5002
17.5002
17.5002
17.5002
17.5002
17.5002
17.5002
16.9361
16.9361
16.9361
16.9361
16.9361
16.9361
16.9361
16.9361
16.4111
16.4111
16.4111
16.4111
16.4111
16.4111
16.4111
16.4111
15.8571
15.8571
15.8571
15.8571
15.8571
15.8571
15.8571
15.8571
16.498
16.498
16.498
16.498
16.498
16.498
16.498
16.498
17.1364
17.1364
17.1364
17.1364
17.1364
17.1364
17.1364
17.1364
17.7475
17.7475
17.7475
17.7475
17.7475
17.7475
17.7475
17.7475
18.302
18.302
18.302
18.302
18.302
18.302
18.302
18.302
18.7683
18.7683
18.7683
18.7683
18.7683
18.7683
18.7683
18.7683
19.1162
19.1162
19.1162
19.1162
19.1162
19.1162
19.1162
19.1162
19.3201
19.3201
19.3201
19.3201
19.3201
19.3201
19.3201
19.3201
19.3638
19.3638
19.3638
19.3638
19.3638
19.3638
19.3638
19.3638
19.2429
19.2429
19.2429
19.2429
19.2429
19.2429
19.2429
19.2429
18.9674
18.9674
18.9674
18.9674
18.9674
18.9674
18.9674
18.9674
18.5604
18.5604
18.5604
18.5604
18.5604
18.5604
18.5604
18.5604
18.0572
18.0572
18.0572
18.0572
18.0572
18.0572
18.0572
18.0572
17.5002
17.5002
17.5002
17.5002
17.5002
17.5002
17.5002
17.5002
16.9361
16.9361
16.9361
16.9361
16.9361
16.9361
16.9361
16.9361
16.4111
16.4111
16.4111
16.4111
16.4111
16.4111
16.4111
16.4111
15.8571
15.8571
15.8571
15.8571
15.8571
15.8571
15.8571
15.8571
16.498
16.498
16.498
16.498
16.498
16.498
16.498
16.498
17.1364
17.1364
17.1364
17.1364
17.1364
17.1364
17.1364
17.1364
17.7475
17.7475
17.7475
17.7475
17.7475
17.7475
17.7475
17.7475
18.302
18.302
18.302
18.302
18.302
18.302
18.302
18.302
18.7683
18.7683
18.7683
18.7683
18.7683
18.7683
18.7683
18.7683
19.1162
19.1162
19.1162
19.1162
19.1162
19.1162
19.1162
19.1162
19.3201
19.3201
19.3201
19.3201
19.3201
19.3201
19.3201
19.3201
19.3638
19.3638
19.3638
19.3638
19.3638
19.3638
19.3638
19.3638
19.2429
19.2429
19.2429
19.2429
19.2429
19.2429
19.2429
19.2429
18.9674
18.9674
18.9674
18.9674
18.9674
18.9674
18.9674
18.9674
18.5604
18.5604
18.5604
18.5604
18.5604
18.5604
18.5604
18.5604
18.0572
18.0572
18.0572
18.0572
18.0572
18.0572
18.0572
18.0572
17.5002
17.5002
17.5002
17.5002
17.5002
17.5002
17.5002
17.5002
16.9361
16.9361
16.9361
16.9361
16.9361
16.9361
16.9361
16.9361
16.4111
16.4111
16.4111
16.4111
16.4111
16.4111
16.4111
16.4111
15.8571
15.8571
15.8571
15.8571
15.8571
15.8571
15.8571
15.8571
16.498
16.498
16.498
16.498
16.498
16.498
16.498
16.498
17.1364
17.1364
17.1364
17.1364
17.1364
17.1364
17.1364
17.1364
17.7475
17.7475
17.7475
17.7475
17.7475
17.7475
17.7475
17.7475
18.302
18.302
18.302
18.302
18.302
18.302
18.302
18.302
18.7683
18.7683
18.7683
18.7683
18.7683
18.7683
18.7683
18.7683
19.1162
19.1162
19.1162
19.1162
19.1162
19.1162
19.1162
19.1162
19.3201
19.3201
19.3201
19.3201
19.3201
19.3201
19.3201
19.3201
19.3638
19.3638
19.3638
19.3638
19.3638
19.3638
19.3638
19.3638
19.2429
19.2429
19.2429
19.2429
19.2429
19.2429
19.2429
19.2429
18.9674
18.9674
18.9674
18.9674
18.9674
18.9674
18.9674
18.9674
18.5604
18.5604
18.5604
18.5604
18.5604
18.5604
18.5604
18.5604
18.0572
18.0572
18.0572
18.0572
18.0572
18.0572
18.0572
18.0572
17.5002
17.5002
17.5002
17.5002
17.5002
17.5002
17.5002
17.5002
16.9361
16.9361
16.9361
16.9361
16.9361
16.9361
16.9361
16.9361
16.4111
16.4111
16.4111
16.4111
16.4111
16.4111
16.4111
16.4111
15.3675
15.3675
15.3675
15.3675
15.3675
15.3675
15.3675
15.3675
16.0721
16.0721
16.0721
16.0721
16.0721
16.0721
16.0721
16.0721
16.7676
16.7676
16.7676
16.7676
16.7676
16.7676
16.7676
16.7676
17.4253
17.4253
17.4253
17.4253
17.4253
17.4253
17.4253
17.4253
18.0125
18.0125
18.0125
18.0125
18.0125
18.0125
18.0125
18.0125
18.4945
18.4945
18.4945
18.4945
18.4945
18.4945
18.4945
18.4945
18.8386
18.8386
18.8386
18.8386
18.8386
18.8386
18.8386
18.8386
19.0185
19.0185
19.0185
19.0185
19.0185
19.0185
19.0185
19.0185
19.0182
19.0182
19.0182
19.0182
19.0182
19.0182
19.0182
19.0182
18.8354
18.8354
18.8354
18.8354
18.8354
18.8354
18.8354
18.8354
18.4832
18.4832
18.4832
18.4832
18.4832
18.4832
18.4832
18.4832
17.989
17.989
17.989
17.989
17.989
17.989
17.989
17.989
17.3918
17.3918
17.3918
17.3918
17.3918
17.3918
17.3918
17.3918
16.738
16.738
16.738
16.738
16.738
16.738
16.738
16.738
16.0765
16.0765
16.0765
16.0765
16.0765
16.0765
16.0765
16.0765
15.4545
15.4545
15.4545
15.4545
15.4545
15.4545
15.4545
15.4545
15.3675
15.3675
15.3675
15.3675
15.3675
15.3675
15.3675
15.3675
16.0721
16.0721
16.0721
16.0721
16.0721
16.0721
16.0721
16.0721
16.7676
16.7676
16.7676
16.7676
16.7676
16.7676
16.7676
16.7676
17.4253
17.4253
17.4253
17.4253
17.4253
17.4253
17.4253
17.4253
18.0125
18.0125
18.0125
18.0125
18.0125
18.0125
18.0125
18.0125
18.4945
18.4945
18.4945
18.4945
18.4945
18.4945
18.4945
18.4945
18.8386
18.8386
18.8386
18.8386
18.8386
18.8386
18.8386
18.8386
19.0185
19.0185
19.0185
19.0185
19.0185
19.0185
19.0185
19.0185
19.0182
19.0182
19.0182
19.0182
19.0182
19.0182
19.0182
19.0182
18.8354
18.8354
18.8354
18.8354
18.8354
18.8354
18.8354
18.8354
18.4832
18.4832
18.4832
18.4832
18.4832
18.4832
18.4832
18.4832
17.989
17.989
17.989
17.989
17.989
17.989
17.989
17.989
17.3918
17.3918
17.3918
17.3918
17.3918
17.3918
17.3918
17.3918
16.738
16.738
16.738
16.738
16.738
16.738
16.738
16.738
16.0765
16.0765
16.0765
16.0765
16.0765
16.0765
16.0765
16.0765
15.4545
15.4545
15.4545
15.4545
15.4545
15.4545
15.4545
15.4545
15.3675
15.3675
15.3675
15.3675
15.3675
15.3675
15.3675
15.3675
16.0721
16.0721
16.0721
16.0721
16.0721
16.0721
16.0721
16.0721
16.7676
16.7676
16.7676
16.7676
16.7676
16.7676
16.7676
16.7676
17.4253
17.4253
17.4253
17.4253
17.4253
17.4253
17.4253
17.4253
18.0125
18.0125
18.0125
18.0125
18.0125
18.0125
18.0125
18.0125
18.4945
18.4945
18.4945
18.4945
18.4945
18.4945
18.4945
18.4945
18.8386
18.8386
18.8386
18.8386
18.8386
18.8386
18.8386
18.8386
19.0185
19.0185
19.0185
19.0185
19.0185
19.0185
19.0185
19.0185
19.0182
19.0182
19.0182
19.0182
19.0182
19.0182
19.0182
19.0182
18.8354
18.8354
18.8354
18.8354
18.8354
18.8354
18.8354
18.8354
18.4832
18.4832
18.4832
18.4832
18.4832
18.4832
18.4832
18.4832
17.989
17.989
17.989
17.989
17.989
17.989
17.989
17.989
17.3918
17.3918
17.3918
17.3918
17.3918
17.3918
17.3918
17.3918
16.738
16.738
16.738
16.738
16.738
16.738
16.738
16.738
16.0765
16.0765
16.0765
16.0765
16.0765
16.0765
16.0765
16.0765
15.4545
15.4545
15.4545
15.4545
15.4545
15.4545
15.4545
15.4545
15.3675
15.3675
15.3675
15.3675
15.3675
15.3675
15.3675
15.3675
16.0721
16.0721
16.0721
16.0721
16.0721
16.0721
16.0721
16.0721
16.7676
16.7676
16.7676
16.7676
16.7676
16.7676
16.7676
16.7676
17.4253
17.4253
17.4253
17.4253
17.4253
17.4253
17.4253
17.4253
18.0125
18.0125
18.0125
18.0125
18.0125
18.0125
18.0125
18.0125
18.4945
18.4945
18.4945
18.4945
18.4945
18.4945
18.4945
18.4945
18.8386
18.8386
18.8386
18.8386
18.8386
18.8386
18.8386
18.8386
19.0185
19.0185
19.0185
19.0185
19.0185
19.0185
19.0185
19.0185
19.0182
19.0182
19.0182
19.0182
19.0182
19.0182
19.0182
19.0182
18.8354
18.8354
18.8354
18.8354
18.8354
18.8354
18.8354
18.8354
18.4832
18.4832
18.4832
18.4832
18.4832
18.4832
18.4832
18.4832
17.989
17.989
17.989
17.989
17.989
17.989
17.989
17.989
17.3918
17.3918
17.3918
17.3918
17.3918
17.3918
17.3918
17.3918
16.738
16.738
16.738
16.738
16.738
16.738
16.738
16.738
16.0765
16.0765
16.0765
16.0765
16.0765
16.0765
16.0765
16.0765
15.4545
15.4545
15.4545
15.4545
15.4545
15.4545
15.4545
15.4545
15.0444
15.0444
15.0444
15.0444
15.0444
15.0444
15.0444
15.0444
15.803
15.803
15.803
15.803
15.803
15.803
15.803
15.803
16.5484
16.5484
16.5484
16.5484
16.5484
16.5484
16.5484
16.5484
17.249
17.249
17.249
17.249
17.249
17.249
17.249
17.249
17.8691
17.8691
17.8691
17.8691
17.8691
17.8691
17.8691
17.8691
18.3712
18.3712
18.3712
18.3712
18.3712
18.3712
18.3712
18.3712
18.7204
18.7204
18.7204
18.7204
18.7204
18.7204
18.7204
18.7204
18.889
18.889
18.889
18.889
18.889
18.889
18.889
18.889
18.8608
18.8608
18.8608
18.8608
18.8608
18.8608
18.8608
18.8608
18.6351
18.6351
18.6351
18.6351
18.6351
18.6351
18.6351
18.6351
18.2269
18.2269
18.2269
18.2269
18.2269
18.2269
18.2269
18.2269
17.6669
17.6669
17.6669
17.6669
17.6669
17.6669
17.6669
17.6669
16.9974
16.9974
16.9974
16.9974
16.9974
16.9974
16.9974
16.9974
16.2676
16.2676
16.2676
16.2676
16.2676
16.2676
16.2676
16.2676
15.5286
15.5286
15.5286
15.5286
15.5286
15.5286
15.5286
15.5286
14.8285
14.8285
14.8285
14.8285
14.8285
14.8285
14.8285
14.8285
15.0444
15.0444
15.0444
15.0444
15.0444
15.0444
15.0444
15.0444
15.803
15.803
15.803
15.803
15.803
15.803
15.803
15.803
16.5484
16.5484
16.5484
16.5484
16.5484
16.5484
16.5484
16.5484
17.249
17.249
17.249
17.249
17.249
17.249
17.249
17.249
17.8691
17.8691
17.8691
17.8691
17.8691
17.8691
17.8691
17.8691
18.3712
18.3712
18.3712
18.3712
18.3712
18.3712
18.3712
18.3712
18.7204
18.7204
18.7204
18.7204
18.7204
18.7204
18.7204
18.7204
18.889
18.889
18.889
18.889
18.889
18.889
18.889
18.889
18.8608
18.8608
18.8608
18.8608
18.8608
18.8608
18.8608
18.8608
18.6351
18.6351
18.6351
18.6351
18.6351
18.6351
18.6351
18.6351
18.2269
18.2269
18.2269
18.2269
18.2269
18.2269
18.2269
18.2269
17.6669
17.6669
17.6669
17.6669
17.6669
17.6669
17.6669
17.6669
16.9974
16.9974
16.9974
16.9974
16.9974
16.9974
16.9974
16.9974
16.2676
16.2676
16.2676
16.2676
16.2676
16.2676
16.2676
16.2676
15.5286
15.5286
15.5286
15.5286
15.5286
15.5286
15.5286
15.5286
14.8285
14.8285
14.8285
14.8285
14.8285
14.8285
14.8285
14.8285
15.0444
15.0444
15.0444
15.0444
15.0444
15.0444
15.0444
15.0444
15.803
15.803
15.803
15.803
15.803
15.803
15.803
15.803
16.5484
16.5484
16.5484
16.5484
16.5484
16.5484
16.5484
16.5484
17.249
17.249
17.249
17.249
17.249
17.249
17.249
17.249
17.8691
17.8691
17.8691
17.8691
17.8691
17.8691
17.8691
17.8691
18.3712
18.3712
18.3712
18.3712
18.3712
18.3712
18.3712
18.3712
18.7204
18.7204
18.7204
18.7204
18.7204
18.7204
18.7204
18.7204
18.889
18.889
18.889
18.889
18.889
18.889
18.889
18.889
18.8608
18.8608
18.8608
18.8608
18.8608
18.8608
18.8608
18.8608
18.6351
18.6351
18.6351
18.6351
18.6351
18.6351
18.6351
18.6351
18.2269
18.2269
18.2269
18.2269
18.2269
18.2269
18.2269
18.2269
17.6669
17.6669
17.6669
17.6669
17.6669
17.6669
17.6669
17.6669
16.9974
16.9974
16.9974
16.9974
16.9974
16.9974
16.9974
16.9974
16.2676
16.2676
16.2676
16.2676
16.2676
16.2676
16.2676
16.2676
15.5286
15.5286
15.5286
15.5286
15.5286
15.5286
15.5286
15.5286
14.8285
14.8285
14.8285
14.8285
14.8285
14.8285
14.8285
14.8285
15.0444
15.0444
15.0444
15.0444
15.0444
15.0444
15.0444
15.0444
15.803
15.803
15.803
15.803
15.803
15.803
15.803
15.803
16.5484
16.5484
16.5484
16.5484
16.5484
16.5484
16.5484
16.5484
17.249
17.249
17.249
17.249
17.249
17.249
17.249
17.249
17.8691
17.8691
17.8691
17.8691
17.8691
17.8691
17.8691
17.8691
18.3712
18.3712
18.3712
18.3712
18.3712
18.3712
18.3712
18.3712
18.7204
18.7204
18.7204
18.7204
18.7204
18.7204
18.7204
18.7204
18.889
18.889
18.889
18.889
18.889
18.889
18.889
18.889
18.8608
18.8608
18.8608
18.8608
18.8608
18.8608
18.8608
18.8608
18.6351
18.6351
18.6351
18.6351
18.6351
18.6351
18.6351
18.6351
18.2269
18.2269
18.2269
18.2269
18.2269
18.2269
18.2269
18.2269
17.6669
17.6669
17.6669
17.6669
17.6669
17.6669
17.6669
17.6669
16.9974
16.9974
16.9974
16.9974
16.9974
16.9974
16.9974
16.9974
16.2676
16.2676
16.2676
16.2676
16.2676
16.2676
16.2676
16.2676
15.5286
15.5286
15.5286
15.5286
15.5286
15.5286
15.5286
15.5286
14.8285
14.8285
14.8285
14.8285
14.8285
14.8285
14.8285
14.8285
14.8465
14.8465
14.8465
14.8465
14.8465
14.8465
14.8465
14.8465
15.6469
15.6469
15.6469
15.6469
15.6469
15.6469
15.6469
15.6469
16.4326
16.4326
16.4326
16.4326
16.4326
16.4326
16.4326
16.4326
17.1699
17.1699
17.1699
17.1699
17.1699
17.1699
17.1699
17.1699
17.821
17.821
17.821
17.821
17.821
17.821
17.821
17.821
18.3461
18.3461
18.3461
18.3461
18.3461
18.3461
18.3461
18.3461
18.7087
18.7087
18.7087
18.7087
18.7087
18.7087
18.7087
18.7087
18.8793
18.8793
18.8793
18.8793
18.8793
18.8793
18.8793
18.8793
18.8415
18.8415
18.8415
18.8415
18.8415
18.8415
18.8415
18.8415
18.5942
18.5942
18.5942
18.5942
18.5942
18.5942
18.5942
18.5942
18.1538
18.1538
18.1538
18.1538
18.1538
18.1538
18.1538
18.1538
17.5523
17.5523
17.5523
17.5523
17.5523
17.5523
17.5523
17.5523
16.8343
16.8343
16.8343
16.8343
16.8343
16.8343
16.8343
16.8343
16.0508
16.0508
16.0508
16.0508
16.0508
16.0508
16.0508
16.0508
15.2545
15.2545
15.2545
15.2545
15.2545
15.2545
15.2545
15.2545
14.4947
14.4947
14.4947
14.4947
14.4947
14.4947
14.4947
14.4947
14.8465
14.8465
14.8465
14.8465
14.8465
14.8465
14.8465
14.8465
15.6469
15.6469
15.6469
15.6469
15.6469
15.6469
15.6469
15.6469
16.4326
16.4326
16.4326
16.4326
16.4326
16.4326
16.4326
16.4326
17.1699
17.1699
17.1699
17.1699
17.1699
17.1699
17.1699
17.1699
17.821
17.821
17.821
17.821
17.821
17.821
17.821
17.821
18.3461
18.3461
18.3461
18.3461
18.3461
18.3461
18.3461
18.3461
18.7087
18.7087
18.7087
18.7087
18.7087
18.7087
18.7087
18.7087
18.8793
18.8793
18.8793
18.8793
18.8793
18.8793
18.8793
18.8793
18.8415
18.8415
18.8415
18.8415
18.8415
18.8415
18.8415
18.8415
18.5942
18.5942
18.5942
18.5942
18.5942
18.5942
18.5942
18.5942
18.1538
18.1538
18.1538
18.1538
18.1538
18.1538
18.1538
18.1538
17.5523
17.5523
17.5523
17.5523
17.5523
17.5523
17.5523
17.5523
16.8343
16.8343
16.8343
16.8343
16.8343
16.8343
16.8343
16.8343
16.0508
16.0508
16.0508
16.0508
16.0508
16.0508
16.0508
16.0508
15.2545
15.2545
15.2545
15.2545
15.2545
15.2545
15.2545
15.2545
14.4947
14.4947
14.4947
14.4947
14.4947
14.4947
14.4947
14.4947
14.8465
14.8465
14.8465
14.8465
14.8465
14.8465
14.8465
14.8465
15.6469
15.6469
15.6469
15.6469
15.6469
15.6469
15.6469
15.6469
16.4326
16.4326
16.4326
16.4326
16.4326
16.4326
16.4326
16.4326
17.1699
17.1699
17.1699
17.1699
17.1699
17.1699
17.1699
17.1699
17.821
17.821
17.821
17.821
17.821
17.821
17.821
17.821
18.3461
18.3461
18.3461
18.3461
18.3461
18.3461
18.3461
18.3461
18.7087
18.7087
18.7087
18.7087
18.7087
18.7087
18.7087
18.7087
18.8793
18.8793
18.8793
18.8793
18.8793
18.8793
18.8793
18.8793
18.8415
18.8415
18.8415
18.8415
18.8415
18.8415
18.8415
18.8415
18.5942
18.5942
18.5942
18.5942
18.5942
18.5942
18.5942
18.5942
18.1538
18.1538
18.1538
18.1538
18.1538
18.1538
18.1538
18.1538
17.5523
17.5523
17.5523
17.5523
17.5523
17.5523
17.5523
17.5523
16.8343
16.8343
16.8343
16.8343
16.8343
16.8343
16.8343
16.8343
16.0508
16.0508
16.0508
16.0508
16.0508
16.0508
16.0508
16.0508
15.2545
15.2545
15.2545
15.2545
15.2545
15.2545
15.2545
15.2545
14.4947
14.4947
14.4947
14.4947
14.4947
14.4947
14.4947
14.4947
14.8465
14.8465
14.8465
14.8465
14.8465
14.8465
14.8465
14.8465
15.6469
15.6469
15.6469
15.6469
15.6469
15.6469
15.6469
15.6469
16.4326
16.4326
16.4326
16.4326
16.4326
16.4326
16.4326
16.4326
17.1699
17.1699
17.1699
17.1699
17.1699
17.1699
17.1699
17.1699
17.821
17.821
17.821
17.821
17.821
17.821
17.821
17.821
18.3461
18.3461
18.3461
18.3461
18.3461
18.3461
18.3461
18.3461
18.7087
18.7087
18.7087
18.7087
18.7087
18.7087
18.7087
18.7087
18.8793
18.8793
18.8793
18.8793
18.8793
18.8793
18.8793
18.8793
18.8415
18.8415
18.8415
18.8415
18.8415
18.8415
18.8415
18.8415
18.5942
18.5942
18.5942
18.5942
18.5942
18.5942
18.5942
18.5942
18.1538
18.1538
18.1538
18.1538
18.1538
18.1538
18.1538
18.1538
17.5523
17.5523
17.5523
17.5523
17.5523
17.5523
17.5523
17.5523
16.8343
16.8343
16.8343
16.8343
16.8343
16.8343
16.8343
16.8343
16.0508
16.0508
16.0508
16.0508
16.0508
16.0508
16.0508
16.0508
15.2545
15.2545
15.2545
15.2545
15.2545
15.2545
15.2545
15.2545
14.4947
14.4947
14.4947
14.4947
14.4947
14.4947
14.4947
14.4947
14.7316
14.7316
14.7316
14.7316
14.7316
14.7316
14.7316
14.7316
15.5588
15.5588
15.5588
15.5588
15.5588
15.5588
15.5588
15.5588
16.3718
16.3718
16.3718
16.3718
16.3718
16.3718
16.3718
16.3718
17.1366
17.1366
17.1366
17.1366
17.1366
17.1366
17.1366
17.1366
17.8141
17.8141
17.8141
17.8141
17.8141
17.8141
17.8141
17.8141
18.3636
18.3636
18.3636
18.3636
18.3636
18.3636
18.3636
18.3636
18.7471
18.7471
18.7471
18.7471
18.7471
18.7471
18.7471
18.7471
18.934
18.934
18.934
18.934
18.934
18.934
18.934
18.934
18.9062
18.9062
18.9062
18.9062
18.9062
18.9062
18.9062
18.9062
18.6617
18.6617
18.6617
18.6617
18.6617
18.6617
18.6617
18.6617
18.216
18.216
18.216
18.216
18.216
18.216
18.216
18.216
17.6013
17.6013
17.6013
17.6013
17.6013
17.6013
17.6013
17.6013
16.862
16.862
16.862
16.862
16.862
16.862
16.862
16.862
16.05
16.05
16.05
16.05
16.05
16.05
16.05
16.05
15.2189
15.2189
15.2189
15.2189
15.2189
15.2189
15.2189
15.2189
14.419
14.419
14.419
14.419
14.419
14.419
14.419
14.419
14.7316
14.7316
14.7316
14.7316
14.7316
14.7316
14.7316
14.7316
15.5588
15.5588
15.5588
15.5588
15.5588
15.5588
15.5588
15.5588
16.3718
16.3718
16.3718
16.3718
16.3718
16.3718
16.3718
16.3718
17.1366
17.1366
17.1366
17.1366
17.1366
17.1366
17.1366
17.1366
17.8141
17.8141
17.8141
17.8141
17.8141
17.8141
17.8141
17.8141
18.3636
18.3636
18.3636
18.3636
18.3636
18.3636
18.3636
18.3636
18.7471
18.7471
18.7471
18.7471
18.7471
18.7471
18.7471
18.7471
18.934
18.934
18.934
18.934
18.934
18.934
18.934
18.934
18.9062
18.9062
18.9062
18.9062
18.9062
18.9062
18.9062
18.9062
18.6617
18.6617
18.6617
18.6617
18.6617
18.6617
18.6617
18.6617
18.216
18.216
18.216
18.216
18.216
18.216
18.216
18.216
17.6013
17.6013
17.6013
17.6013
17.6013
17.6013
17.6013
17.6013
16.862
16.862
16.862
16.862
16.862
16.862
16.862
16.862
16.05
16.05
16.05
16.05
16.05
16.05
16.05
16.05
15.2189
15.2189
15.2189
15.2189
15.2189
15.2189
15.2189
15.2189
14.419
14.419
14.419
14.419
14.419
14.419
14.419
14.419
14.7316
14.7316
14.7316
14.7316
14.7316
14.7316
14.7316
14.7316
15.5588
15.5588
15.5588
15.5588
15.5588
15.5588
15.5588
15.5588
16.3718
16.3718
16.3718
16.3718
16.3718
16.3718
16.3718
16.3718
17.1366
17.1366
17.1366
17.1366
17.1366
17.1366
17.1366
17.1366
17.8141
17.8141
17.8141
17.8141
17.8141
17.8141
17.8141
17.8141
18.3636
18.3636
18.3636
18.3636
18.3636
18.3636
18.3636
18.3636
18.7471
18.7471
18.7471
18.7471
18.7471
18.7471
18.7471
18.7471
18.934
18.934
18.934
18.934
18.934
18.934
18.934
18.934
18.9062
18.9062
18.9062
18.9062
18.9062
18.9062
18.9062
18.9062
18.6617
18.6617
18.6617
18.6617
18.6617
18.6617
18.6617
18.6617
18.216
18.216
18.216
18.216
18.216
18.216
18.216
18.216
17.6013
17.6013
17.6013
17.6013
17.6013
17.6013
17.6013
17.6013
16.862
16.862
16.862
16.862
16.862
16.862
16.862
16.862
16.05
16.05
16.05
16.05
16.05
16.05
16.05
16.05
15.2189
15.2189
15.2189
15.2189
15.2189
15.2189
15.2189
15.2189
14.419
14.419
14.419
14.419
14.419
14.419
14.419
14.419
14.7316
14.7316
14.7316
14.7316
14.7316
14.7316
14.7316
14.7316
15.5588
15.5588
15.5588
15.5588
15.5588
15.5588
15.5588
15.5588
16.3718
16.3718
16.3718
16.3718
16.3718
16.3718
16.3718
16.3718
17.1366
17.1366
17.1366
17.1366
17.1366
17.1366
17.1366
17.1366
17.8141
17.8141
17.8141
17.8141
17.8141
17.8141
17.8141
17.8141
18.3636
18.3636
18.3636
18.3636
18.3636
18.3636
18.3636
18.3636
18.7471
18.7471
18.7471
18.7471
18.7471
18.7471
18.7471
18.7471
18.934
18.934
18.934
18.934
18.934
18.934
18.934
18.934
18.9062
18.9062
18.9062
18.9062
18.9062
18.9062
18.9062
18.9062
18.6617
18.6617
18.6617
18.6617
18.6617
18.6617
18.6617
18.6617
18.216
18.216
18.216
18.216
18.216
18.216
18.216
18.216
17.6013
17.6013
17.6013
17.6013
17.6013
17.6013
17.6013
17.6013
16.862
16.862
16.862
16.862
16.862
16.862
16.862
16.862
16.05
16.05
16.05
16.05
16.05
16.05
16.05
16.05
15.2189
15.2189
15.2189
15.2189
15.2189
15.2189
15.2189
15.2189
14.419
14.419
14.419
14.419
14.419
14.419
14.419
14.419
14.6582
14.6582
14.6582
14.6582
14.6582
14.6582
14.6582
14.6582
15.4941
15.4941
15.4941
15.4941
15.4941
15.4941
15.4941
15.4941
16.3188
16.3188
16.3188
16.3188
16.3188
16.3188
16.3188
16.3188
17.0987
17.0987
17.0987
17.0987
17.0987
17.0987
17.0987
17.0987
17.7954
17.7954
17.7954
17.7954
17.7954
17.7954
17.7954
17.7954
18.3684
18.3684
18.3684
18.3684
18.3684
18.3684
18.3684
18.3684
18.7793
18.7793
18.7793
18.7793
18.7793
18.7793
18.7793
18.7793
18.9964
18.9964
18.9964
18.9964
18.9964
18.9964
18.9964
18.9964
18.9995
18.9995
18.9995
18.9995
18.9995
18.9995
18.9995
18.9995
18.7844
18.7844
18.7844
18.7844
18.7844
18.7844
18.7844
18.7844
18.3642
18.3642
18.3642
18.3642
18.3642
18.3642
18.3642
18.3642
17.7682
17.7682
17.7682
17.7682
17.7682
17.7682
17.7682
17.7682
17.0393
17.0393
17.0393
17.0393
17.0393
17.0393
17.0393
17.0393
16.2283
16.2283
16.2283
16.2283
16.2283
16.2283
16.2283
16.2283
15.3884
15.3884
15.3884
15.3884
15.3884
15.3884
15.3884
15.3884
14.5702
14.5702
14.5702
14.5702
14.5702
14.5702
14.5702
14.5702
14.6582
14.6582
14.6582
14.6582
14.6582
14.6582
14.6582
14.6582
15.4941
15.4941
15.4941
15.4941
15.4941
15.4941
15.4941
15.4941
16.3188
16.3188
16.3188
16.3188
16.3188
16.3188
16.3188
16.3188
17.0987
17.0987
17.0987
17.0987
17.0987
17.0987
17.0987
17.0987
17.7954
17.7954
17.7954
17.7954
17.7954
17.7954
17.7954
17.7954
18.3684
18.3684
18.3684
18.3684
18.3684
18.3684
18.3684
18.3684
18.7793
18.7793
18.7793
18.7793
18.7793
18.7793
18.7793
18.7793
18.9964
18.9964
18.9964
18.9964
18.9964
18.9964
18.9964
18.9964
18.9995
18.9995
18.9995
18.9995
18.9995
18.9995
18.9995
18.9995
18.7844
18.7844
18.7844
18.7844
18.7844
18.7844
18.7844
18.7844
18.3642
18.3642
18.3642
18.3642
18.3642
18.3642
18.3642
18.3642
17.7682
17.7682
17.7682
17.7682
17.7682
17.7682
17.7682
17.7682
17.0393
17.0393
17.0393
17.0393
17.0393
17.0393
17.0393
17.0393
16.2283
16.2283
16.2283
16.2283
16.2283
16.2283
16.2283
16.2283
15.3884
15.3884
15.3884
15.3884
15.3884
15.3884
15.3884
15.3884
14.5702
14.5702
14.5702
14.5702
14.5702
14.5702
14.5702
14.5702
14.6582
14.6582
14.6582
14.6582
14.6582
14.6582
14.6582
14.6582
15.4941
15.4941
15.4941
15.4941
15.4941
15.4941
15.4941
15.4941
16.3188
16.3188
16.3188
16.3188
16.3188
16.3188
16.3188
16.3188
17.0987
17.0987
17.0987
17.0987
17.0987
17.0987
17.0987
17.0987
17.7954
17.7954
17.7954
17.7954
17.7954
17.7954
17.7954
17.7954
18.3684
18.3684
18.3684
18.3684
18.3684
18.3684
18.3684
18.3684
18.7793
18.7793
18.7793
18.7793
18.7793
18.7793
18.7793
18.7793
18.9964
18.9964
18.9964
18.9964
18.9964
18.9964
18.9964
18.9964
18.9995
18.9995
18.9995
18.9995
18.9995
18.9995
18.9995
18.9995
18.7844
18.7844
18.7844
18.7844
18.7844
18.7844
18.7844
18.7844
18.3642
18.3642
18.3642
18.3642
18.3642
18.3642
18.3642
18.3642
17.7682
17.7682
17.7682
17.7682
17.7682
17.7682
17.7682
17.7682
17.0393
17.0393
17.0393
17.0393
17.0393
17.0393
17.0393
17.0393
16.2283
16.2283
16.2283
16.2283
16.2283
16.2283
16.2283
16.2283
15.3884
15.3884
15.3884
15.3884
15.3884
15.3884
15.3884
15.3884
14.5702
14.5702
14.5702
14.5702
14.5702
14.5702
14.5702
14.5702
14.6582
14.6582
14.6582
14.6582
14.6582
14.6582
14.6582
14.6582
15.4941
15.4941
15.4941
15.4941
15.4941
15.4941
15.4941
15.4941
16.3188
16.3188
16.3188
16.3188
16.3188
16.3188
16.3188
16.3188
17.0987
17.0987
17.0987
17.0987
17.0987
17.0987
17.0987
17.0987
17.7954
17.7954
17.7954
17.7954
17.7954
17.7954
17.7954
17.7954
18.3684
18.3684
18.3684
18.3684
18.3684
18.3684
18.3684
18.3684
18.7793
18.7793
18.7793
18.7793
18.7793
18.7793
18.7793
18.7793
18.9964
18.9964
18.9964
18.9964
18.9964
18.9964
18.9964
18.9964
18.9995
18.9995
18.9995
18.9995
18.9995
18.9995
18.9995
18.9995
18.7844
18.7844
18.7844
18.7844
18.7844
18.7844
18.7844
18.7844
18.3642
18.3642
18.3642
18.3642
18.3642
18.3642
18.3642
18.3642
17.7682
17.7682
17.7682
17.7682
17.7682
17.7682
17.7682
17.7682
17.0393
17.0393
17.0393
17.0393
17.0393
17.0393
17.0393
17.0393
16.2283
16.2283
16.2283
16.2283
16.2283
16.2283
16.2283
16.2283
15.3884
15.3884
15.3884
15.3884
15.3884
15.3884
15.3884
15.3884
14.5702
14.5702
14.5702
14.5702
14.5702
14.5702
14.5702
14.5702
14.5885
14.5885
14.5885
14.5885
14.5885
14.5885
14.5885
14.5885
15.4131
15.4131
15.4131
15.4131
15.4131
15.4131
15.4131
15.4131
16.231
16.231
16.231
16.231
16.231
16.231
16.231
16.231
17.011
17.011
17.011
17.011
17.011
17.011
17.011
17.011
17.7171
17.7171
17.7171
17.7171
17.7171
17.7171
17.7171
17.7171
18.3106
18.3106
18.3106
18.3106
18.3106
18.3106
18.3106
18.3106
18.7535
18.7535
18.7535
18.7535
18.7535
18.7535
18.7535
18.7535
19.0136
19.0136
19.0136
19.0136
19.0136
19.0136
19.0136
19.0136
19.0687
19.0687
19.0687
19.0687
19.0687
19.0687
19.0687
19.0687
18.9109
18.9109
18.9109
18.9109
18.9109
18.9109
18.9109
18.9109
18.5488
18.5488
18.5488
18.5488
18.5488
18.5488
18.5488
18.5488
18.0071
18.0071
18.0071
18.0071
18.0071
18.0071
18.0071
18.0071
17.3242
17.3242
17.3242
17.3242
17.3242
17.3242
17.3242
17.3242
16.5479
16.5479
16.5479
16.5479
16.5479
16.5479
16.5479
16.5479
15.7296
15.7296
15.7296
15.7296
15.7296
15.7296
15.7296
15.7296
14.9194
14.9194
14.9194
14.9194
14.9194
14.9194
14.9194
14.9194
14.5885
14.5885
14.5885
14.5885
14.5885
14.5885
14.5885
14.5885
15.4131
15.4131
15.4131
15.4131
15.4131
15.4131
15.4131
15.4131
16.231
16.231
16.231
16.231
16.231
16.231
16.231
16.231
17.011
17.011
17.011
17.011
17.011
17.011
17.011
17.011
17.7171
17.7171
17.7171
17.7171
17.7171
17.7171
17.7171
17.7171
18.3106
18.3106
18.3106
18.3106
18.3106
18.3106
18.3106
18.3106
18.7535
18.7535
18.7535
18.7535
18.7535
18.7535
18.7535
18.7535
19.0136
19.0136
19.0136
19.0136
19.0136
19.0136
19.0136
19.0136
19.0687
19.0687
19.0687
19.0687
19.0687
19.0687
19.0687
19.0687
18.9109
18.9109
18.9109
18.9109
18.9109
18.9109
18.9109
18.9109
18.5488
18.5488
18.5488
18.5488
18.5488
18.5488
18.5488
18.5488
18.0071
18.0071
18.0071
18.0071
18.0071
18.0071
18.0071
18.0071
17.3242
17.3242
17.3242
17.3242
17.3242
17.3242
17.3242
17.3242
16.5479
16.5479
16.5479
16.5479
16.5479
16.5479
16.5479
16.5479
15.7296
15.7296
15.7296
15.7296
15.7296
15.7296
15.7296
15.7296
14.9194
14.9194
14.9194
14.9194
14.9194
14.9194
14.9194
14.9194
14.5885
14.5885
14.5885
14.5885
14.5885
14.5885
14.5885
14.5885
15.4131
15.4131
15.4131
15.4131
15.4131
15.4131
15.4131
15.4131
16.231
16.231
16.231
16.231
16.231
16.231
16.231
16.231
17.011
17.011
17.011
17.011
17.011
17.011
17.011
17.011
17.7171
17.7171
17.7171
17.7171
17.7171
17.7171
17.7171
17.7171
18.3106
18.3106
18.3106
18.3106
18.3106
18.3106
18.3106
18.3106
18.7535
18.7535
18.7535
18.7535
18.7535
18.7535
18.7535
18.7535
19.0136
19.0136
19.0136
19.0136
19.0136
19.0136
19.0136
19.0136
19.0687
19.0687
19.0687
19.0687
19.0687
19.0687
19.0687
19.0687
18.9109
18.9109
18.9109
18.9109
18.9109
18.9109
18.9109
18.9109
18.5488
18.5488
18.5488
18.5488
18.5488
18.5488
18.5488
18.5488
18.0071
18.0071
18.0071
18.0071
18.0071
18.0071
18.0071
18.0071
17.3242
17.3242
17.3242
17.3242
17.3242
17.3242
17.3242
17.3242
16.5479
16.5479
16.5479
16.5479
16.5479
16.5479
16.5479
16.5479
15.7296
15.7296
15.7296
15.7296
15.7296
15.7296
15.7296
15.7296
14.9194
14.9194
14.9194
14.9194
14.9194
14.9194
14.9194
14.9194
14.5885
14.5885
14.5885
14.5885
14.5885
14.5885
14.5885
14.5885
15.4131
15.4131
15.4131
15.4131
15.4131
15.4131
15.4131
15.4131
16.231
16.231
16.231
16.231
16.231
16.231
16.231
16.231
17.011
17.011
17.011
17.011
17.011
17.011
17.011
17.011
17.7171
17.7171
17.7171
17.7171
17.7171
17.7171
17.7171
17.7171
18.3106
18.3106
18.3106
18.3106
18.3106
18.3106
18.3106
18.3106
18.7535
18.7535
18.7535
18.7535
18.7535
18.7535
18.7535
18.7535
19.0136
19.0136
19.0136
19.0136
19.0136
19.0136
19.0136
19.0136
19.0687
19.0687
19.0687
19.0687
19.0687
19.0687
19.0687
19.0687
18.9109
18.9109
18.9109
18.9109
18.9109
18.9109
18.9109
18.9109
18.5488
18.5488
18.5488
18.5488
18.5488
18.5488
18.5488
18.5488
18.0071
18.0071
18.0071
18.0071
18.0071
18.0071
18.0071
18.0071
17.3242
17.3242
17.3242
17.3242
17.3242
17.3242
17.3242
17.3242
16.5479
16.5479
16.5479
16.5479
16.5479
16.5479
16.5479
16.5479
15.7296
15.7296
15.7296
15.7296
15.7296
15.7296
15.7296
15.7296
14.9194
14.9194
14.9194
14.9194
14.9194
14.9194
14.9194
14.9194
14.4922
14.4922
14.4922
14.4922
14.4922
14.4922
14.4922
14.4922
15.2844
15.2844
15.2844
15.2844
15.2844
15.2844
15.2844
15.2844
16.0758
16.0758
16.0758
16.0758
16.0758
16.0758
16.0758
16.0758
16.8396
16.8396
16.8396
16.8396
16.8396
16.8396
16.8396
16.8396
17.5433
17.5433
17.5433
17.5433
17.5433
17.5433
17.5433
17.5433
18.1517
18.1517
18.1517
18.1517
18.1517
18.1517
18.1517
18.1517
18.6287
18.6287
18.6287
18.6287
18.6287
18.6287
18.6287
18.6287
18.9424
18.9424
18.9424
18.9424
18.9424
18.9424
18.9424
18.9424
19.0684
19.0684
19.0684
19.0684
19.0684
19.0684
19.0684
19.0684
18.9946
18.9946
18.9946
18.9946
18.9946
18.9946
18.9946
18.9946
18.7236
18.7236
18.7236
18.7236
18.7236
18.7236
18.7236
18.7236
18.273
18.273
18.273
18.273
18.273
18.273
18.273
18.273
17.6749
17.6749
17.6749
17.6749
17.6749
17.6749
17.6749
17.6749
16.9711
16.9711
16.9711
16.9711
16.9711
16.9711
16.9711
16.9711
16.2094
16.2094
16.2094
16.2094
16.2094
16.2094
16.2094
16.2094
15.4381
15.4381
15.4381
15.4381
15.4381
15.4381
15.4381
15.4381
14.4922
14.4922
14.4922
14.4922
14.4922
14.4922
14.4922
14.4922
15.2844
15.2844
15.2844
15.2844
15.2844
15.2844
15.2844
15.2844
16.0758
16.0758
16.0758
16.0758
16.0758
16.0758
16.0758
16.0758
16.8396
16.8396
16.8396
16.8396
16.8396
16.8396
16.8396
16.8396
17.5433
17.5433
17.5433
17.5433
17.5433
17.5433
17.5433
17.5433
18.1517
18.1517
18.1517
18.1517
18.1517
18.1517
18.1517
18.1517
18.6287
18.6287
18.6287
18.6287
18.6287
18.6287
18.6287
18.6287
18.9424
18.9424
18.9424
18.9424
18.9424
18.9424
18.9424
18.9424
19.0684
19.0684
19.0684
19.0684
19.0684
19.0684
19.0684
19.0684
18.9946
18.9946
18.9946
18.9946
18.9946
18.9946
18.9946
18.9946
18.7236
18.7236
18.7236
18.7236
18.7236
18.7236
18.7236
18.7236
18.273
18.273
18.273
18.273
18.273
18.273
18.273
18.273
17.6749
17.6749
17.6749
17.6749
17.6749
17.6749
17.6749
17.6749
16.9711
16.9711
16.9711
16.9711
16.9711
16.9711
16.9711
16.9711
16.2094
16.2094
16.2094
16.2094
16.2094
16.2094
16.2094
16.2094
15.4381
15.4381
15.4381
15.4381
15.4381
15.4381
15.4381
15.4381
14.4922
14.4922
14.4922
14.4922
14.4922
14.4922
14.4922
14.4922
15.2844
15.2844
15.2844
15.2844
15.2844
15.2844
15.2844
15.2844
16.0758
16.0758
16.0758
16.0758
16.0758
16.0758
16.0758
16.0758
16.8396
16.8396
16.8396
16.8396
16.8396
16.8396
16.8396
16.8396
17.5433
17.5433
17.5433
17.5433
17.5433
17.5433
17.5433
17.5433
18.1517
18.1517
18.1517
18.1517
18.1517
18.1517
18.1517
18.1517
18.6287
18.6287
18.6287
18.6287
18.6287
18.6287
18.6287
18.6287
18.9424
18.9424
18.9424
18.9424
18.9424
18.9424
18.9424
18.9424
19.0684
19.0684
19.0684
19.0684
19.0684
19.0684
19.0684
19.0684
18.9946
18.9946
18.9946
18.9946
18.9946
18.9946
18.9946
18.9946
18.7236
18.7236
18.7236
18.7236
18.7236
18.7236
18.7236
18.7236
18.273
18.273
18.273
18.273
18.273
18.273
18.273
18.273
17.6749
17.6749
17.6749
17.6749
17.6749
17.6749
17.6749
17.6749
16.9711
16.9711
16.9711
16.9711
16.9711
16.9711
16.9711
16.9711
16.2094
16.2094
16.2094
16.2094
16.2094
16.2094
16.2094
16.2094
15.4381
15.4381
15.4381
15.4381
15.4381
15.4381
15.4381
15.4381
14.4922
14.4922
14.4922
14.4922
14.4922
14.4922
14.4922
14.4922
15.2844
15.2844
15.2844
15.2844
15.2844
15.2844
15.2844
15.2844
16.0758
16.0758
16.0758
16.0758
16.0758
16.0758
16.0758
16.0758
16.8396
16.8396
16.8396
16.8396
16.8396
16.8396
16.8396
16.8396
17.5433
17.5433
17.5433
17.5433
17.5433
17.5433
17.5433
17.5433
18.1517
18.1517
18.1517
18.1517
18.1517
18.1517
18.1517
18.1517
18.6287
18.6287
18.6287
18.6287
18.6287
18.6287
18.6287
18.6287
18.9424
18.9424
18.9424
18.9424
18.9424
18.9424
18.9424
18.9424
19.0684
19.0684
19.0684
19.0684
19.0684
19.0684
19.0684
19.0684
18.9946
18.9946
18.9946
18.9946
18.9946
18.9946
18.9946
18.9946
18.7236
18.7236
18.7236
18.7236
18.7236
18.7236
18.7236
18.7236
18.273
18.273
18.273
18.273
18.273
18.273
18.273
18.273
17.6749
17.6749
17.6749
17.6749
17.6749
17.6749
17.6749
17.6749
16.9711
16.9711
16.9711
16.9711
16.9711
16.9711
16.9711
16.9711
16.2094
16.2094
16.2094
16.2094
16.2094
16.2094
16.2094
16.2094
15.4381
15.4381
15.4381
15.4381
15.4381
15.4381
15.4381
15.4381
14.3501
14.3501
14.3501
14.3501
14.3501
14.3501
14.3501
14.3501
15.0894
15.0894
15.0894
15.0894
15.0894
15.0894
15.0894
15.0894
15.8352
15.8352
15.8352
15.8352
15.8352
15.8352
15.8352
15.8352
16.5659
16.5659
16.5659
16.5659
16.5659
16.5659
16.5659
16.5659
17.2545
17.2545
17.2545
17.2545
17.2545
17.2545
17.2545
17.2545
17.8702
17.8702
17.8702
17.8702
17.8702
17.8702
17.8702
17.8702
18.3807
18.3807
18.3807
18.3807
18.3807
18.3807
18.3807
18.3807
18.7547
18.7547
18.7547
18.7547
18.7547
18.7547
18.7547
18.7547
18.9668
18.9668
18.9668
18.9668
18.9668
18.9668
18.9668
18.9668
19.0001
19.0001
19.0001
19.0001
19.0001
19.0001
19.0001
19.0001
18.8503
18.8503
18.8503
18.8503
18.8503
18.8503
18.8503
18.8503
18.5268
18.5268
18.5268
18.5268
18.5268
18.5268
18.5268
18.5268
18.0523
18.0523
18.0523
18.0523
18.0523
18.0523
18.0523
18.0523
17.461
17.461
17.461
17.461
17.461
17.461
17.461
17.461
16.7943
16.7943
16.7943
16.7943
16.7943
16.7943
16.7943
16.7943
16.0971
16.0971
16.0971
16.0971
16.0971
16.0971
16.0971
16.0971
14.3501
14.3501
14.3501
14.3501
14.3501
14.3501
14.3501
14.3501
15.0894
15.0894
15.0894
15.0894
15.0894
15.0894
15.0894
15.0894
15.8352
15.8352
15.8352
15.8352
15.8352
15.8352
15.8352
15.8352
16.5659
16.5659
16.5659
16.5659
16.5659
16.5659
16.5659
16.5659
17.2545
17.2545
17.2545
17.2545
17.2545
17.2545
17.2545
17.2545
17.8702
17.8702
17.8702
17.8702
17.8702
17.8702
17.8702
17.8702
18.3807
18.3807
18.3807
18.3807
18.3807
18.3807
18.3807
18.3807
18.7547
18.7547
18.7547
18.7547
18.7547
18.7547
18.7547
18.7547
18.9668
18.9668
18.9668
18.9668
18.9668
18.9668
18.9668
18.9668
19.0001
19.0001
19.0001
19.0001
19.0001
19.0001
19.0001
19.0001
18.8503
18.8503
18.8503
18.8503
18.8503
18.8503
18.8503
18.8503
18.5268
18.5268
18.5268
18.5268
18.5268
18.5268
18.5268
18.5268
18.0523
18.0523
18.0523
18.0523
18.0523
18.0523
18.0523
18.0523
17.461
17.461
17.461
17.461
17.461
17.461
17.461
17.461
16.7943
16.7943
16.7943
16.7943
16.7943
16.7943
16.7943
16.7943
16.0971
16.0971
16.0971
16.0971
16.0971
16.0971
16.0971
16.0971
14.3501
14.3501
14.3501
14.3501
14.3501
14.3501
14.3501
14.3501
15.0894
15.0894
15.0894
15.0894
15.0894
15.0894
15.0894
15.0894
15.8352
15.8352
15.8352
15.8352
15.8352
15.8352
15.8352
15.8352
16.5659
16.5659
16.5659
16.5659
16.5659
16.5659
16.5659
16.5659
17.2545
17.2545
17.2545
17.2545
17.2545
17.2545
17.2545
17.2545
17.8702
17.8702
17.8702
17.8702
17.8702
17.8702
17.8702
17.8702
18.3807
18.3807
18.3807
18.3807
18.3807
18.3807
18.3807
18.3807
18.7547
18.7547
18.7547
18.7547
18.7547
18.7547
18.7547
18.7547
18.9668
18.9668
18.9668
18.9668
18.9668
18.9668
18.9668
18.9668
19.0001
19.0001
19.0001
19.0001
19.0001
19.0001
19.0001
19.0001
18.8503
18.8503
18.8503
18.8503
18.8503
18.8503
18.8503
18.8503
18.5268
18.5268
18.5268
18.5268
18.5268
18.5268
18.5268
18.5268
18.0523
18.0523
18.0523
18.0523
18.0523
18.0523
18.0523
18.0523
17.461
17.461
17.461
17.461
17.461
17.461
17.461
17.461
16.7943
16.7943
16.7943
16.7943
16.7943
16.7943
16.7943
16.7943
16.0971
16.0971
16.0971
16.0971
16.0971
16.0971
16.0971
16.0971
14.3501
14.3501
14.3501
14.3501
14.3501
14.3501
14.3501
14.3501
15.0894
15.0894
15.0894
15.0894
15.0894
15.0894
15.0894
15.0894
15.8352
15.8352
15.8352
15.8352
15.8352
15.8352
15.8352
15.8352
16.5659
16.5659
16.5659
16.5659
16.5659
16.5659
16.5659
16.5659
17.2545
17.2545
17.2545
17.2545
17.2545
17.2545
17.2545
17.2545
17.8702
17.8702
17.8702
17.8702
17.8702
17.8702
17.8702
17.8702
18.3807
18.3807
18.3807
18.3807
18.3807
18.3807
18.3807
18.3807
18.7547
18.7547
18.7547
18.7547
18.7547
18.7547
18.7547
18.7547
18.9668
18.9668
18.9668
18.9668
18.9668
18.9668
18.9668
18.9668
19.0001
19.0001
19.0001
19.0001
19.0001
19.0001
19.0001
19.0001
18.8503
18.8503
18.8503
18.8503
18.8503
18.8503
18.8503
18.8503
18.5268
18.5268
18.5268
18.5268
18.5268
18.5268
18.5268
18.5268
18.0523
18.0523
18.0523
18.0523
18.0523
18.0523
18.0523
18.0523
17.461
17.461
17.461
17.461
17.461
17.461
17.461
17.461
16.7943
16.7943
16.7943
16.7943
16.7943
16.7943
16.7943
16.7943
16.0971
16.0971
16.0971
16.0971
16.0971
16.0971
16.0971
16.0971
14.1567
14.1567
14.1567
14.1567
14.1567
14.1567
14.1567
14.1567
14.8252
14.8252
14.8252
14.8252
14.8252
14.8252
14.8252
14.8252
15.5085
15.5085
15.5085
15.5085
15.5085
15.5085
15.5085
15.5085
16.1908
16.1908
16.1908
16.1908
16.1908
16.1908
16.1908
16.1908
16.8517
16.8517
16.8517
16.8517
16.8517
16.8517
16.8517
16.8517
17.466
17.466
17.466
17.466
17.466
17.466
17.466
17.466
18.006
18.006
18.006
18.006
18.006
18.006
18.006
18.006
18.4428
18.4428
18.4428
18.4428
18.4428
18.4428
18.4428
18.4428
18.7501
18.7501
18.7501
18.7501
18.7501
18.7501
18.7501
18.7501
18.9075
18.9075
18.9075
18.9075
18.9075
18.9075
18.9075
18.9075
18.9033
18.9033
18.9033
18.9033
18.9033
18.9033
18.9033
18.9033
18.7377
18.7377
18.7377
18.7377
18.7377
18.7377
18.7377
18.7377
18.4232
18.4232
18.4232
18.4232
18.4232
18.4232
18.4232
18.4232
17.9834
17.9834
17.9834
17.9834
17.9834
17.9834
17.9834
17.9834
17.4517
17.4517
17.4517
17.4517
17.4517
17.4517
17.4517
17.4517
16.867
16.867
16.867
16.867
16.867
16.867
16.867
16.867
14.1567
14.1567
14.1567
14.1567
14.1567
14.1567
14.1567
14.1567
14.8252
14.8252
14.8252
14.8252
14.8252
14.8252
14.8252
14.8252
15.5085
15.5085
15.5085
15.5085
15.5085
15.5085
15.5085
15.5085
16.1908
16.1908
16.1908
16.1908
16.1908
16.1908
16.1908
16.1908
16.8517
16.8517
16.8517
16.8517
16.8517
16.8517
16.8517
16.8517
17.466
17.466
17.466
17.466
17.466
17.466
17.466
17.466
18.006
18.006
18.006
18.006
18.006
18.006
18.006
18.006
18.4428
18.4428
18.4428
18.4428
18.4428
18.4428
18.4428
18.4428
18.7501
18.7501
18.7501
18.7501
18.7501
18.7501
18.7501
18.7501
18.9075
18.9075
18.9075
18.9075
18.9075
18.9075
18.9075
18.9075
18.9033
18.9033
18.9033
18.9033
18.9033
18.9033
18.9033
18.9033
18.7377
18.7377
18.7377
18.7377
18.7377
18.7377
18.7377
18.7377
18.4232
18.4232
18.4232
18.4232
18.4232
18.4232
18.4232
18.4232
17.9834
17.9834
17.9834
17.9834
17.9834
17.9834
17.9834
17.9834
17.4517
17.4517
17.4517
17.4517
17.4517
17.4517
17.4517
17.4517
16.867
16.867
16.867
16.867
16.867
16.867
16.867
16.867
14.1567
14.1567
14.1567
14.1567
14.1567
14.1567
14.1567
14.1567
14.8252
14.8252
14.8252
14.8252
14.8252
14.8252
14.8252
14.8252
15.5085
15.5085
15.5085
15.5085
15.5085
15.5085
15.5085
15.5085
16.1908
16.1908
16.1908
16.1908
16.1908
16.1908
16.1908
16.1908
16.8517
16.8517
16.8517
16.8517
16.8517
16.8517
16.8517
16.8517
17.466
17.466
17.466
17.466
17.466
17.466
17.466
17.466
18.006
18.006
18.006
18.006
18.006
18.006
18.006
18.006
18.4428
18.4428
18.4428
18.4428
18.4428
18.4428
18.4428
18.4428
18.7501
18.7501
18.7501
18.7501
18.7501
18.7501
18.7501
18.7501
18.9075
18.9075
18.9075
18.9075
18.9075
18.9075
18.9075
18.9075
18.9033
18.9033
18.9033
18.9033
18.9033
18.9033
18.9033
18.9033
18.7377
18.7377
18.7377
18.7377
18.7377
18.7377
18.7377
18.7377
18.4232
18.4232
18.4232
18.4232
18.4232
18.4232
18.4232
18.4232
17.9834
17.9834
17.9834
17.9834
17.9834
17.9834
17.9834
17.9834
17.4517
17.4517
17.4517
17.4517
17.4517
17.4517
17.4517
17.4517
16.867
16.867
16.867
16.867
16.867
16.867
16.867
16.867
14.1567
14.1567
14.1567
14.1567
14.1567
14.1567
14.1567
14.1567
14.8252
14.8252
14.8252
14.8252
14.8252
14.8252
14.8252
14.8252
15.5085
15.5085
15.5085
15.5085
15.5085
15.5085
15.5085
15.5085
16.1908
16.1908
16.1908
16.1908
16.1908
16.1908
16.1908
16.1908
16.8517
16.8517
16.8517
16.8517
16.8517
16.8517
16.8517
16.8517
17.466
17.466
17.466
17.466
17.466
17.466
17.466
17.466
18.006
18.006
18.006
18.006
18.006
18.006
18.006
18.006
18.4428
18.4428
18.4428
18.4428
18.4428
18.4428
18.4428
18.4428
18.7501
18.7501
18.7501
18.7501
18.7501
18.7501
18.7501
18.7501
18.9075
18.9075
18.9075
18.9075
18.9075
18.9075
18.9075
18.9075
18.9033
18.9033
18.9033
18.9033
18.9033
18.9033
18.9033
18.9033
18.7377
18.7377
18.7377
18.7377
18.7377
18.7377
18.7377
18.7377
18.4232
18.4232
18.4232
18.4232
18.4232
18.4232
18.4232
18.4232
17.9834
17.9834
17.9834
17.9834
17.9834
17.9834
17.9834
17.9834
17.4517
17.4517
17.4517
17.4517
17.4517
17.4517
17.4517
17.4517
16.867
16.867
16.867
16.867
16.867
16.867
16.867
16.867
13.9214
13.9214
13.9214
13.9214
13.9214
13.9214
13.9214
13.9214
14.5053
14.5053
14.5053
14.5053
14.5053
14.5053
14.5053
14.5053
15.1126
15.1126
15.1126
15.1126
15.1126
15.1126
15.1126
15.1126
15.7342
15.7342
15.7342
15.7342
15.7342
15.7342
15.7342
15.7342
16.3561
16.3561
16.3561
16.3561
16.3561
16.3561
16.3561
16.3561
16.9598
16.9598
16.9598
16.9598
16.9598
16.9598
16.9598
16.9598
17.5229
17.5229
17.5229
17.5229
17.5229
17.5229
17.5229
17.5229
18.0198
18.0198
18.0198
18.0198
18.0198
18.0198
18.0198
18.0198
18.4251
18.4251
18.4251
18.4251
18.4251
18.4251
18.4251
18.4251
18.7153
18.7153
18.7153
18.7153
18.7153
18.7153
18.7153
18.7153
18.873
18.873
18.873
18.873
18.873
18.873
18.873
18.873
18.8888
18.8888
18.8888
18.8888
18.8888
18.8888
18.8888
18.8888
18.7639
18.7639
18.7639
18.7639
18.7639
18.7639
18.7639
18.7639
18.5109
18.5109
18.5109
18.5109
18.5109
18.5109
18.5109
18.5109
18.1521
18.1521
18.1521
18.1521
18.1521
18.1521
18.1521
18.1521
17.7184
17.7184
17.7184
17.7184
17.7184
17.7184
17.7184
17.7184
13.9214
13.9214
13.9214
13.9214
13.9214
13.9214
13.9214
13.9214
14.5053
14.5053
14.5053
14.5053
14.5053
14.5053
14.5053
14.5053
15.1126
15.1126
15.1126
15.1126
15.1126
15.1126
15.1126
15.1126
15.7342
15.7342
15.7342
15.7342
15.7342
15.7342
15.7342
15.7342
16.3561
16.3561
16.3561
16.3561
16.3561
16.3561
16.3561
16.3561
16.9598
16.9598
16.9598
16.9598
16.9598
16.9598
16.9598
16.9598
17.5229
17.5229
17.5229
17.5229
17.5229
17.5229
17.5229
17.5229
18.0198
18.0198
18.0198
18.0198
18.0198
18.0198
18.0198
18.0198
18.4251
18.4251
18.4251
18.4251
18.4251
18.4251
18.4251
18.4251
18.7153
18.7153
18.7153
18.7153
18.7153
18.7153
18.7153
18.7153
18.873
18.873
18.873
18.873
18.873
18.873
18.873
18.873
18.8888
18.8888
18.8888
18.8888
18.8888
18.8888
18.8888
18.8888
18.7639
18.7639
18.7639
18.7639
18.7639
18.7639
18.7639
18.7639
18.5109
18.5109
18.5109
18.5109
18.5109
18.5109
18.5109
18.5109
18.1521
18.1521
18.1521
18.1521
18.1521
18.1521
18.1521
18.1521
17.7184
17.7184
17.7184
17.7184
17.7184
17.7184
17.7184
17.7184
13.9214
13.9214
13.9214
13.9214
13.9214
13.9214
13.9214
13.9214
14.5053
14.5053
14.5053
14.5053
14.5053
14.5053
14.5053
14.5053
15.1126
15.1126
15.1126
15.1126
15.1126
15.1126
15.1126
15.1126
15.7342
15.7342
15.7342
15.7342
15.7342
15.7342
15.7342
15.7342
16.3561
16.3561
16.3561
16.3561
16.3561
16.3561
16.3561
16.3561
16.9598
16.9598
16.9598
16.9598
16.9598
16.9598
16.9598
16.9598
17.5229
17.5229
17.5229
17.5229
17.5229
17.5229
17.5229
17.5229
18.0198
18.0198
18.0198
18.0198
18.0198
18.0198
18.0198
18.0198
18.4251
18.4251
18.4251
18.4251
18.4251
18.4251
18.4251
18.4251
18.7153
18.7153
18.7153
18.7153
18.7153
18.7153
18.7153
18.7153
18.873
18.873
18.873
18.873
18.873
18.873
18.873
18.873
18.8888
18.8888
18.8888
18.8888
18.8888
18.8888
18.8888
18.8888
18.7639
18.7639
18.7639
18.7639
18.7639
18.7639
18.7639
18.7639
18.5109
18.5109
18.5109
18.5109
18.5109
18.5109
18.5109
18.5109
18.1521
18.1521
18.1521
18.1521
18.1521
18.1521
18.1521
18.1521
17.7184
17.7184
17.7184
17.7184
17.7184
17.7184
17.7184
17.7184
13.9214
13.9214
13.9214
13.9214
13.9214
13.9214
13.9214
13.9214
14.5053
14.5053
14.5053
14.5053
14.5053
14.5053
14.5053
14.5053
15.1126
15.1126
15.1126
15.1126
15.1126
15.1126
15.1126
15.1126
15.7342
15.7342
15.7342
15.7342
15.7342
15.7342
15.7342
15.7342
16.3561
16.3561
16.3561
16.3561
16.3561
16.3561
16.3561
16.3561
16.9598
16.9598
16.9598
16.9598
16.9598
16.9598
16.9598
16.9598
17.5229
17.5229
17.5229
17.5229
17.5229
17.5229
17.5229
17.5229
18.0198
18.0198
18.0198
18.0198
18.0198
18.0198
18.0198
18.0198
18.4251
18.4251
18.4251
18.4251
18.4251
18.4251
18.4251
18.4251
18.7153
18.7153
18.7153
18.7153
18.7153
18.7153
18.7153
18.7153
18.873
18.873
18.873
18.873
18.873
18.873
18.873
18.873
18.8888
18.8888
18.8888
18.8888
18.8888
18.8888
18.8888
18.8888
18.7639
18.7639
18.7639
18.7639
18.7639
18.7639
18.7639
18.7639
18.5109
18.5109
18.5109
18.5109
18.5109
18.5109
18.5109
18.5109
18.1521
18.1521
18.1521
18.1521
18.1521
18.1521
18.1521
18.1521
17.7184
17.7184
17.7184
17.7184
17.7184
17.7184
17.7184
17.7184
13.6674
13.6674
13.6674
13.6674
13.6674
13.6674
13.6674
13.6674
14.1577
14.1577
14.1577
14.1577
14.1577
14.1577
14.1577
14.1577
14.6803
14.6803
14.6803
14.6803
14.6803
14.6803
14.6803
14.6803
15.2321
15.2321
15.2321
15.2321
15.2321
15.2321
15.2321
15.2321
15.8062
15.8062
15.8062
15.8062
15.8062
15.8062
15.8062
15.8062
16.3906
16.3906
16.3906
16.3906
16.3906
16.3906
16.3906
16.3906
16.9685
16.9685
16.9685
16.9685
16.9685
16.9685
16.9685
16.9685
17.5189
17.5189
17.5189
17.5189
17.5189
17.5189
17.5189
17.5189
18.0182
18.0182
18.0182
18.0182
18.0182
18.0182
18.0182
18.0182
18.4419
18.4419
18.4419
18.4419
18.4419
18.4419
18.4419
18.4419
18.7676
18.7676
18.7676
18.7676
18.7676
18.7676
18.7676
18.7676
18.9781
18.9781
18.9781
18.9781
18.9781
18.9781
18.9781
18.9781
19.0638
19.0638
19.0638
19.0638
19.0638
19.0638
19.0638
19.0638
19.025
19.025
19.025
19.025
19.025
19.025
19.025
19.025
18.8722
18.8722
18.8722
18.8722
18.8722
18.8722
18.8722
18.8722
18.6254
18.6254
18.6254
18.6254
18.6254
18.6254
18.6254
18.6254
13.6674
13.6674
13.6674
13.6674
13.6674
13.6674
13.6674
13.6674
14.1577
14.1577
14.1577
14.1577
14.1577
14.1577
14.1577
14.1577
14.6803
14.6803
14.6803
14.6803
14.6803
14.6803
14.6803
14.6803
15.2321
15.2321
15.2321
15.2321
15.2321
15.2321
15.2321
15.2321
15.8062
15.8062
15.8062
15.8062
15.8062
15.8062
15.8062
15.8062
16.3906
16.3906
16.3906
16.3906
16.3906
16.3906
16.3906
16.3906
16.9685
16.9685
16.9685
16.9685
16.9685
16.9685
16.9685
16.9685
17.5189
17.5189
17.5189
17.5189
17.5189
17.5189
17.5189
17.5189
18.0182
18.0182
18.0182
18.0182
18.0182
18.0182
18.0182
18.0182
18.4419
18.4419
18.4419
18.4419
18.4419
18.4419
18.4419
18.4419
18.7676
18.7676
18.7676
18.7676
18.7676
18.7676
18.7676
18.7676
18.9781
18.9781
18.9781
18.9781
18.9781
18.9781
18.9781
18.9781
19.0638
19.0638
19.0638
19.0638
19.0638
19.0638
19.0638
19.0638
19.025
19.025
19.025
19.025
19.025
19.025
19.025
19.025
18.8722
18.8722
18.8722
18.8722
18.8722
18.8722
18.8722
18.8722
18.6254
18.6254
18.6254
18.6254
18.6254
18.6254
18.6254
18.6254
13.6674
13.6674
13.6674
13.6674
13.6674
13.6674
13.6674
13.6674
14.1577
14.1577
14.1577
14.1577
14.1577
14.1577
14.1577
14.1577
14.6803
14.6803
14.6803
14.6803
14.6803
14.6803
14.6803
14.6803
15.2321
15.2321
15.2321
15.2321
15.2321
15.2321
15.2321
15.2321
15.8062
15.8062
15.8062
15.8062
15.8062
15.8062
15.8062
15.8062
16.3906
16.3906
16.3906
16.3906
16.3906
16.3906
16.3906
16.3906
16.9685
16.9685
16.9685
16.9685
16.9685
16.9685
16.9685
16.9685
17.5189
17.5189
17.5189
17.5189
17.5189
17.5189
17.5189
17.5189
18.0182
18.0182
18.0182
18.0182
18.0182
18.0182
18.0182
18.0182
18.4419
18.4419
18.4419
18.4419
18.4419
18.4419
18.4419
18.4419
18.7676
18.7676
18.7676
18.7676
18.7676
18.7676
18.7676
18.7676
18.9781
18.9781
18.9781
18.9781
18.9781
18.9781
18.9781
18.9781
19.0638
19.0638
19.0638
19.0638
19.0638
19.0638
19.0638
19.0638
19.025
19.025
19.025
19.025
19.025
19.025
19.025
19.025
18.8722
18.8722
18.8722
18.8722
18.8722
18.8722
18.8722
18.8722
18.6254
18.6254
18.6254
18.6254
18.6254
18.6254
18.6254
18.6254
13.6674
13.6674
13.6674
13.6674
13.6674
13.6674
13.6674
13.6674
14.1577
14.1577
14.1577
14.1577
14.1577
14.1577
14.1577
14.1577
14.6803
14.6803
14.6803
14.6803
14.6803
14.6803
14.6803
14.6803
15.2321
15.2321
15.2321
15.2321
15.2321
15.2321
15.2321
15.2321
15.8062
15.8062
15.8062
15.8062
15.8062
15.8062
15.8062
15.8062
16.3906
16.3906
16.3906
16.3906
16.3906
16.3906
16.3906
16.3906
16.9685
16.9685
16.9685
16.9685
16.9685
16.9685
16.9685
16.9685
17.5189
17.5189
17.5189
17.5189
17.5189
17.5189
17.5189
17.5189
18.0182
18.0182
18.0182
18.0182
18.0182
18.0182
18.0182
18.0182
18.4419
18.4419
18.4419
18.4419
18.4419
18.4419
18.4419
18.4419
18.7676
18.7676
18.7676
18.7676
18.7676
18.7676
18.7676
18.7676
18.9781
18.9781
18.9781
18.9781
18.9781
18.9781
18.9781
18.9781
19.0638
19.0638
19.0638
19.0638
19.0638
19.0638
19.0638
19.0638
19.025
19.025
19.025
19.025
19.025
19.025
19.025
19.025
18.8722
18.8722
18.8722
18.8722
18.8722
18.8722
18.8722
18.8722
18.6254
18.6254
18.6254
18.6254
18.6254
18.6254
18.6254
18.6254
13.429
13.429
13.429
13.429
13.429
13.429
13.429
13.429
13.8215
13.8215
13.8215
13.8215
13.8215
13.8215
13.8215
13.8215
14.2548
14.2548
14.2548
14.2548
14.2548
14.2548
14.2548
14.2548
14.7319
14.7319
14.7319
14.7319
14.7319
14.7319
14.7319
14.7319
15.252
15.252
15.252
15.252
15.252
15.252
15.252
15.252
15.8094
15.8094
15.8094
15.8094
15.8094
15.8094
15.8094
15.8094
16.3932
16.3932
16.3932
16.3932
16.3932
16.3932
16.3932
16.3932
16.9876
16.9876
16.9876
16.9876
16.9876
16.9876
16.9876
16.9876
17.5717
17.5717
17.5717
17.5717
17.5717
17.5717
17.5717
17.5717
18.1216
18.1216
18.1216
18.1216
18.1216
18.1216
18.1216
18.1216
18.6123
18.6123
18.6123
18.6123
18.6123
18.6123
18.6123
18.6123
19.0203
19.0203
19.0203
19.0203
19.0203
19.0203
19.0203
19.0203
19.3266
19.3266
19.3266
19.3266
19.3266
19.3266
19.3266
19.3266
19.5197
19.5197
19.5197
19.5197
19.5197
19.5197
19.5197
19.5197
19.5972
19.5972
19.5972
19.5972
19.5972
19.5972
19.5972
19.5972
19.5671
19.5671
19.5671
19.5671
19.5671
19.5671
19.5671
19.5671
13.429
13.429
13.429
13.429
13.429
13.429
13.429
13.429
13.8215
13.8215
13.8215
13.8215
13.8215
13.8215
13.8215
13.8215
14.2548
14.2548
14.2548
14.2548
14.2548
14.2548
14.2548
14.2548
14.7319
14.7319
14.7319
14.7319
14.7319
14.7319
14.7319
14.7319
15.252
15.252
15.252
15.252
15.252
15.252
15.252
15.252
15.8094
15.8094
15.8094
15.8094
15.8094
15.8094
15.8094
15.8094
16.3932
16.3932
16.3932
16.3932
16.3932
16.3932
16.3932
16.3932
16.9876
16.9876
16.9876
16.9876
16.9876
16.9876
16.9876
16.9876
17.5717
17.5717
17.5717
17.5717
17.5717
17.5717
17.5717
17.5717
18.1216
18.1216
18.1216
18.1216
18.1216
18.1216
18.1216
18.1216
18.6123
18.6123
18.6123
18.6123
18.6123
18.6123
18.6123
18.6123
19.0203
19.0203
19.0203
19.0203
19.0203
19.0203
19.0203
19.0203
19.3266
19.3266
19.3266
19.3266
19.3266
19.3266
19.3266
19.3266
19.5197
19.5197
19.5197
19.5197
19.5197
19.5197
19.5197
19.5197
19.5972
19.5972
19.5972
19.5972
19.5972
19.5972
19.5972
19.5972
19.5671
19.5671
19.5671
19.5671
19.5671
19.5671
19.5671
19.5671
13.429
13.429
13.429
13.429
13.429
13.429
13.429
13.429
13.8215
13.8215
13.8215
13.8215
13.8215
13.8215
13.8215
13.8215
14.2548
14.2548
14.2548
14.2548
14.2548
14.2548
14.2548
14.2548
14.7319
14.7319
14.7319
14.7319
14.7319
14.7319
14.7319
14.7319
15.252
15.252
15.252
15.252
15.252
15.252
15.252
15.252
15.8094
15.8094
15.8094
15.8094
15.8094
15.8094
15.8094
15.8094
16.3932
16.3932
16.3932
16.3932
16.3932
16.3932
16.3932
16.3932
16.9876
16.9876
16.9876
16.9876
16.9876
16.9876
16.9876
16.9876
17.5717
17.5717
17.5717
17.5717
17.5717
17.5717
17.5717
17.5717
18.1216
18.1216
18.1216
18.1216
18.1216
18.1216
18.1216
18.1216
18.6123
18.6123
18.6123
18.6123
18.6123
18.6123
18.6123
18.6123
19.0203
19.0203
19.0203
19.0203
19.0203
19.0203
19.0203
19.0203
19.3266
19.3266
19.3266
19.3266
19.3266
19.3266
19.3266
19.3266
19.5197
19.5197
19.5197
19.5197
19.5197
19.5197
19.5197
19.5197
19.5972
19.5972
19.5972
19.5972
19.5972
19.5972
19.5972
19.5972
19.5671
19.5671
19.5671
19.5671
19.5671
19.5671
19.5671
19.5671
13.429
13.429
13.429
13.429
13.429
13.429
13.429
13.429
13.8215
13.8215
13.8215
13.8215
13.8215
13.8215
13.8215
13.8215
14.2548
14.2548
14.2548
14.2548
14.2548
14.2548
14.2548
14.2548
14.7319
14.7319
14.7319
14.7319
14.7319
14.7319
14.7319
14.7319
15.252
15.252
15.252
15.252
15.252
15.252
15.252
15.252
15.8094
15.8094
15.8094
15.8094
15.8094
15.8094
15.8094
15.8094
16.3932
16.3932
16.3932
16.3932
16.3932
16.3932
16.3932
16.3932
16.9876
16.9876
16.9876
16.9876
16.9876
16.9876
16.9876
16.9876
17.5717
17.5717
17.5717
17.5717
17.5717
17.5717
17.5717
17.5717
18.1216
18.1216
18.1216
18.1216
18.1216
18.1216
18.1216
18.1216
18.6123
18.6123
18.6123
18.6123
18.6123
18.6123
18.6123
18.6123
19.0203
19.0203
19.0203
19.0203
19.0203
19.0203
19.0203
19.0203
19.3266
19.3266
19.3266
19.3266
19.3266
19.3266
19.3266
19.3266
19.5197
19.5197
19.5197
19.5197
19.5197
19.5197
19.5197
19.5197
19.5972
19.5972
19.5972
19.5972
19.5972
19.5972
19.5972
19.5972
19.5671
19.5671
19.5671
19.5671
19.5671
19.5671
19.5671
19.5671
13.2481
13.2481
13.2481
13.2481
13.2481
13.2481
13.2481
13.2481
13.5422
13.5422
13.5422
13.5422
13.5422
13.5422
13.5422
13.5422
13.8854
13.8854
13.8854
13.8854
13.8854
13.8854
13.8854
13.8854
14.2859
14.2859
14.2859
14.2859
14.2859
14.2859
14.2859
14.2859
14.7484
14.7484
14.7484
14.7484
14.7484
14.7484
14.7484
14.7484
15.2729
15.2729
15.2729
15.2729
15.2729
15.2729
15.2729
15.2729
15.8542
15.8542
15.8542
15.8542
15.8542
15.8542
15.8542
15.8542
16.4813
16.4813
16.4813
16.4813
16.4813
16.4813
16.4813
16.4813
17.1375
17.1375
17.1375
17.1375
17.1375
17.1375
17.1375
17.1375
17.801
17.801
17.801
17.801
17.801
17.801
17.801
17.801
18.4459
18.4459
18.4459
18.4459
18.4459
18.4459
18.4459
18.4459
19.0446
19.0446
19.0446
19.0446
19.0446
19.0446
19.0446
19.0446
19.5708
19.5708
19.5708
19.5708
19.5708
19.5708
19.5708
19.5708
20.0022
20.0022
20.0022
20.0022
20.0022
20.0022
20.0022
20.0022
20.324
20.324
20.324
20.324
20.324
20.324
20.324
20.324
20.531
20.531
20.531
20.531
20.531
20.531
20.531
20.531
13.2481
13.2481
13.2481
13.2481
13.2481
13.2481
13.2481
13.2481
13.5422
13.5422
13.5422
13.5422
13.5422
13.5422
13.5422
13.5422
13.8854
13.8854
13.8854
13.8854
13.8854
13.8854
13.8854
13.8854
14.2859
14.2859
14.2859
14.2859
14.2859
14.2859
14.2859
14.2859
14.7484
14.7484
14.7484
14.7484
14.7484
14.7484
14.7484
14.7484
15.2729
15.2729
15.2729
15.2729
15.2729
15.2729
15.2729
15.2729
15.8542
15.8542
15.8542
15.8542
15.8542
15.8542
15.8542
15.8542
16.4813
16.4813
16.4813
16.4813
16.4813
16.4813
16.4813
16.4813
17.1375
17.1375
17.1375
17.1375
17.1375
17.1375
17.1375
17.1375
17.801
17.801
17.801
17.801
17.801
17.801
17.801
17.801
18.4459
18.4459
18.4459
18.4459
18.4459
18.4459
18.4459
18.4459
19.0446
19.0446
19.0446
19.0446
19.0446
19.0446
19.0446
19.0446
19.5708
19.5708
19.5708
19.5708
19.5708
19.5708
19.5708
19.5708
20.0022
20.0022
20.0022
20.0022
20.0022
20.0022
20.0022
20.0022
20.324
20.324
20.324
20.324
20.324
20.324
20.324
20.324
20.531
20.531
20.531
20.531
20.531
20.531
20.531
20.531
13.2481
13.2481
13.2481
13.2481
13.2481
13.2481
13.2481
13.2481
13.5422
13.5422
13.5422
13.5422
13.5422
13.5422
13.5422
13.5422
13.8854
13.8854
13.8854
13.8854
13.8854
13.8854
13.8854
13.8854
14.2859
14.2859
14.2859
14.2859
14.2859
14.2859
14.2859
14.2859
14.7484
14.7484
14.7484
14.7484
14.7484
14.7484
14.7484
14.7484
15.2729
15.2729
15.2729
15.2729
15.2729
15.2729
15.2729
15.2729
15.8542
15.8542
15.8542
15.8542
15.8542
15.8542
15.8542
15.8542
16.4813
16.4813
16.4813
16.4813
16.4813
16.4813
16.4813
16.4813
17.1375
17.1375
17.1375
17.1375
17.1375
17.1375
17.1375
17.1375
17.801
17.801
17.801
17.801
17.801
17.801
17.801
17.801
18.4459
18.4459
18.4459
18.4459
18.4459
18.4459
18.4459
18.4459
19.0446
19.0446
19.0446
19.0446
19.0446
19.0446
19.0446
19.0446
19.5708
19.5708
19.5708
19.5708
19.5708
19.5708
19.5708
19.5708
20.0022
20.0022
20.0022
20.0022
20.0022
20.0022
20.0022
20.0022
20.324
20.324
20.324
20.324
20.324
20.324
20.324
20.324
20.531
20.531
20.531
20.531
20.531
20.531
20.531
20.531
13.2481
13.2481
13.2481
13.2481
13.2481
13.2481
13.2481
13.2481
13.5422
13.5422
13.5422
13.5422
13.5422
13.5422
13.5422
13.5422
13.8854
13.8854
13.8854
13.8854
13.8854
13.8854
13.8854
13.8854
14.2859
14.2859
14.2859
14.2859
14.2859
14.2859
14.2859
14.2859
14.7484
14.7484
14.7484
14.7484
14.7484
14.7484
14.7484
14.7484
15.2729
15.2729
15.2729
15.2729
15.2729
15.2729
15.2729
15.2729
15.8542
15.8542
15.8542
15.8542
15.8542
15.8542
15.8542
15.8542
16.4813
16.4813
16.4813
16.4813
16.4813
16.4813
16.4813
16.4813
17.1375
17.1375
17.1375
17.1375
17.1375
17.1375
17.1375
17.1375
17.801
17.801
17.801
17.801
17.801
17.801
17.801
17.801
18.4459
18.4459
18.4459
18.4459
18.4459
18.4459
18.4459
18.4459
19.0446
19.0446
19.0446
19.0446
19.0446
19.0446
19.0446
19.0446
19.5708
19.5708
19.5708
19.5708
19.5708
19.5708
19.5708
19.5708
20.0022
20.0022
20.0022
20.0022
20.0022
20.0022
20.0022
20.0022
20.324
20.324
20.324
20.324
20.324
20.324
20.324
20.324
20.531
20.531
20.531
20.531
20.531
20.531
20.531
20.531
13.1709
13.1709
13.1709
13.1709
13.1709
13.1709
13.1709
13.1709
13.3685
13.3685
13.3685
13.3685
13.3685
13.3685
13.3685
13.3685
13.623
13.623
13.623
13.623
13.623
13.623
13.623
13.623
13.9473
13.9473
13.9473
13.9473
13.9473
13.9473
13.9473
13.9473
14.3506
14.3506
14.3506
14.3506
14.3506
14.3506
14.3506
14.3506
14.8379
14.8379
14.8379
14.8379
14.8379
14.8379
14.8379
14.8379
15.409
15.409
15.409
15.409
15.409
15.409
15.409
15.409
16.058
16.058
16.058
16.058
16.058
16.058
16.058
16.058
16.7724
16.7724
16.7724
16.7724
16.7724
16.7724
16.7724
16.7724
17.5335
17.5335
17.5335
17.5335
17.5335
17.5335
17.5335
17.5335
18.3163
18.3163
18.3163
18.3163
18.3163
18.3163
18.3163
18.3163
19.0916
19.0916
19.0916
19.0916
19.0916
19.0916
19.0916
19.0916
19.8274
19.8274
19.8274
19.8274
19.8274
19.8274
19.8274
19.8274
20.4931
20.4931
20.4931
20.4931
20.4931
20.4931
20.4931
20.4931
21.0618
21.0618
21.0618
21.0618
21.0618
21.0618
21.0618
21.0618
21.5151
21.5151
21.5151
21.5151
21.5151
21.5151
21.5151
21.5151
13.1709
13.1709
13.1709
13.1709
13.1709
13.1709
13.1709
13.1709
13.3685
13.3685
13.3685
13.3685
13.3685
13.3685
13.3685
13.3685
13.623
13.623
13.623
13.623
13.623
13.623
13.623
13.623
13.9473
13.9473
13.9473
13.9473
13.9473
13.9473
13.9473
13.9473
14.3506
14.3506
14.3506
14.3506
14.3506
14.3506
14.3506
14.3506
14.8379
14.8379
14.8379
14.8379
14.8379
14.8379
14.8379
14.8379
15.409
15.409
15.409
15.409
15.409
15.409
15.409
15.409
16.058
16.058
16.058
16.058
16.058
16.058
16.058
16.058
16.7724
16.7724
16.7724
16.7724
16.7724
16.7724
16.7724
16.7724
17.5335
17.5335
17.5335
17.5335
17.5335
17.5335
17.5335
17.5335
18.3163
18.3163
18.3163
18.3163
18.3163
18.3163
18.3163
18.3163
19.0916
19.0916
19.0916
19.0916
19.0916
19.0916
19.0916
19.0916
19.8274
19.8274
19.8274
19.8274
19.8274
19.8274
19.8274
19.8274
20.4931
20.4931
20.4931
20.4931
20.4931
20.4931
20.4931
20.4931
21.0618
21.0618
21.0618
21.0618
21.0618
21.0618
21.0618
21.0618
21.5151
21.5151
21.5151
21.5151
21.5151
21.5151
21.5151
21.5151
13.1709
13.1709
13.1709
13.1709
13.1709
13.1709
13.1709
13.1709
13.3685
13.3685
13.3685
13.3685
13.3685
13.3685
13.3685
13.3685
13.623
13.623
13.623
13.623
13.623
13.623
13.623
13.623
13.9473
13.9473
13.9473
13.9473
13.9473
13.9473
13.9473
13.9473
14.3506
14.3506
14.3506
14.3506
14.3506
14.3506
14.3506
14.3506
14.8379
14.8379
14.8379
14.8379
14.8379
14.8379
14.8379
14.8379
15.409
15.409
15.409
15.409
15.409
15.409
15.409
15.409
16.058
16.058
16.058
16.058
16.058
16.058
16.058
16.058
16.7724
16.7724
16.7724
16.7724
16.7724
16.7724
16.7724
16.7724
17.5335
17.5335
17.5335
17.5335
17.5335
17.5335
17.5335
17.5335
18.3163
18.3163
18.3163
18.3163
18.3163
18.3163
18.3163
18.3163
19.0916
19.0916
19.0916
19.0916
19.0916
19.0916
19.0916
19.0916
19.8274
19.8274
19.8274
19.8274
19.8274
19.8274
19.8274
19.8274
20.4931
20.4931
20.4931
20.4931
20.4931
20.4931
20.4931
20.4931
21.0618
21.0618
21.0618
21.0618
21.0618
21.0618
21.0618
21.0618
21.5151
21.5151
21.5151
21.5151
21.5151
21.5151
21.5151
21.5151
13.1709
13.1709
13.1709
13.1709
13.1709
13.1709
13.1709
13.1709
13.3685
13.3685
13.3685
13.3685
13.3685
13.3685
13.3685
13.3685
13.623
13.623
13.623
13.623
13.623
13.623
13.623
13.623
13.9473
13.9473
13.9473
13.9473
13.9473
13.9473
13.9473
13.9473
14.3506
14.3506
14.3506
14.3506
14.3506
14.3506
14.3506
14.3506
14.8379
14.8379
14.8379
14.8379
14.8379
14.8379
14.8379
14.8379
15.409
15.409
15.409
15.409
15.409
15.409
15.409
15.409
16.058
16.058
16.058
16.058
16.058
16.058
16.058
16.058
16.7724
16.7724
16.7724
16.7724
16.7724
16.7724
16.7724
16.7724
17.5335
17.5335
17.5335
17.5335
17.5335
17.5335
17.5335
17.5335
18.3163
18.3163
18.3163
18.3163
18.3163
18.3163
18.3163
18.3163
19.0916
19.0916
19.0916
19.0916
19.0916
19.0916
19.0916
19.0916
19.8274
19.8274
19.8274
19.8274
19.8274
19.8274
19.8274
19.8274
20.4931
20.4931
20.4931
20.4931
20.4931
20.4931
20.4931
20.4931
21.0618
21.0618
21.0618
21.0618
21.0618
21.0618
21.0618
21.0618
21.5151
21.5151
21.5151
21.5151
21.5151
21.5151
21.5151
21.5151
