8192
39.9507
39.9507
39.9507
39.9507
39.9507
39.9507
39.9507
39.9507
40.7696
40.7696
40.7696
40.7696
40.7696
40.7696
40.7696
40.7696
40.7577
40.7577
40.7577
40.7577
40.7577
40.7577
40.7577
40.7577
39.9024
39.9024
39.9024
39.9024
39.9024
39.9024
39.9024
39.9024
38.2837
38.2837
38.2837
38.2837
38.2837
38.2837
38.2837
38.2837
36.058
36.058
36.058
36.058
36.058
36.058
36.058
36.058
33.4281
33.4281
33.4281
33.4281
33.4281
33.4281
33.4281
33.4281
30.6076
30.6076
30.6076
30.6076
30.6076
30.6076
30.6076
30.6076
27.7906
27.7906
27.7906
27.7906
27.7906
27.7906
27.7906
27.7906
25.1315
25.1315
25.1315
25.1315
25.1315
25.1315
25.1315
25.1315
22.7381
22.7381
22.7381
22.7381
22.7381
22.7381
22.7381
22.7381
20.6733
20.6733
20.6733
20.6733
20.6733
20.6733
20.6733
20.6733
18.9647
18.9647
18.9647
18.9647
18.9647
18.9647
18.9647
18.9647
17.615
17.615
17.615
17.615
17.615
17.615
17.615
17.615
16.6118
16.6118
16.6118
16.6118
16.6118
16.6118
16.6118
16.6118
15.9364
15.9364
15.9364
15.9364
15.9364
15.9364
15.9364
15.9364
39.9507
39.9507
39.9507
39.9507
39.9507
39.9507
39.9507
39.9507
40.7696
40.7696
40.7696
40.7696
40.7696
40.7696
40.7696
40.7696
40.7577
40.7577
40.7577
40.7577
40.7577
40.7577
40.7577
40.7577
39.9024
39.9024
39.9024
39.9024
39.9024
39.9024
39.9024
39.9024
38.2837
38.2837
38.2837
38.2837
38.2837
38.2837
38.2837
38.2837
36.058
36.058
36.058
36.058
36.058
36.058
36.058
36.058
33.4281
33.4281
33.4281
33.4281
33.4281
33.4281
33.4281
33.4281
30.6076
30.6076
30.6076
30.6076
30.6076
30.6076
30.6076
30.6076
27.7906
27.7906
27.7906
27.7906
27.7906
27.7906
27.7906
27.7906
25.1315
25.1315
25.1315
25.1315
25.1315
25.1315
25.1315
25.1315
22.7381
22.7381
22.7381
22.7381
22.7381
22.7381
22.7381
22.7381
20.6733
20.6733
20.6733
20.6733
20.6733
20.6733
20.6733
20.6733
18.9647
18.9647
18.9647
18.9647
18.9647
18.9647
18.9647
18.9647
17.615
17.615
17.615
17.615
17.615
17.615
17.615
17.615
16.6118
16.6118
16.6118
16.6118
16.6118
16.6118
16.6118
16.6118
15.9364
15.9364
15.9364
15.9364
15.9364
15.9364
15.9364
15.9364
39.9507
39.9507
39.9507
39.9507
39.9507
39.9507
39.9507
39.9507
40.7696
40.7696
40.7696
40.7696
40.7696
40.7696
40.7696
40.7696
40.7577
40.7577
40.7577
40.7577
40.7577
40.7577
40.7577
40.7577
39.9024
39.9024
39.9024
39.9024
39.9024
39.9024
39.9024
39.9024
38.2837
38.2837
38.2837
38.2837
38.2837
38.2837
38.2837
38.2837
36.058
36.058
36.058
36.058
36.058
36.058
36.058
36.058
33.4281
33.4281
33.4281
33.4281
33.4281
33.4281
33.4281
33.4281
30.6076
30.6076
30.6076
30.6076
30.6076
30.6076
30.6076
30.6076
27.7906
27.7906
27.7906
27.7906
27.7906
27.7906
27.7906
27.7906
25.1315
25.1315
25.1315
25.1315
25.1315
25.1315
25.1315
25.1315
22.7381
22.7381
22.7381
22.7381
22.7381
22.7381
22.7381
22.7381
20.6733
20.6733
20.6733
20.6733
20.6733
20.6733
20.6733
20.6733
18.9647
18.9647
18.9647
18.9647
18.9647
18.9647
18.9647
18.9647
17.615
17.615
17.615
17.615
17.615
17.615
17.615
17.615
16.6118
16.6118
16.6118
16.6118
16.6118
16.6118
16.6118
16.6118
15.9364
15.9364
15.9364
15.9364
15.9364
15.9364
15.9364
15.9364
39.9507
39.9507
39.9507
39.9507
39.9507
39.9507
39.9507
39.9507
40.7696
40.7696
40.7696
40.7696
40.7696
40.7696
40.7696
40.7696
40.7577
40.7577
40.7577
40.7577
40.7577
40.7577
40.7577
40.7577
39.9024
39.9024
39.9024
39.9024
39.9024
39.9024
39.9024
39.9024
38.2837
38.2837
38.2837
38.2837
38.2837
38.2837
38.2837
38.2837
36.058
36.058
36.058
36.058
36.058
36.058
36.058
36.058
33.4281
33.4281
33.4281
33.4281
33.4281
33.4281
33.4281
33.4281
30.6076
30.6076
30.6076
30.6076
30.6076
30.6076
30.6076
30.6076
27.7906
27.7906
27.7906
27.7906
27.7906
27.7906
27.7906
27.7906
25.1315
25.1315
25.1315
25.1315
25.1315
25.1315
25.1315
25.1315
22.7381
22.7381
22.7381
22.7381
22.7381
22.7381
22.7381
22.7381
20.6733
20.6733
20.6733
20.6733
20.6733
20.6733
20.6733
20.6733
18.9647
18.9647
18.9647
18.9647
18.9647
18.9647
18.9647
18.9647
17.615
17.615
17.615
17.615
17.615
17.615
17.615
17.615
16.6118
16.6118
16.6118
16.6118
16.6118
16.6118
16.6118
16.6118
15.9364
15.9364
15.9364
15.9364
15.9364
15.9364
15.9364
15.9364
35.3338
35.3338
35.3338
35.3338
35.3338
35.3338
35.3338
35.3338
36.2431
36.2431
36.2431
36.2431
36.2431
36.2431
36.2431
36.2431
36.426
36.426
36.426
36.426
36.426
36.426
36.426
36.426
35.854
35.854
35.854
35.854
35.854
35.854
35.854
35.854
34.5826
34.5826
34.5826
34.5826
34.5826
34.5826
34.5826
34.5826
32.7397
32.7397
32.7397
32.7397
32.7397
32.7397
32.7397
32.7397
30.5004
30.5004
30.5004
30.5004
30.5004
30.5004
30.5004
30.5004
28.0555
28.0555
28.0555
28.0555
28.0555
28.0555
28.0555
28.0555
25.583
25.583
25.583
25.583
25.583
25.583
25.583
25.583
23.2283
23.2283
23.2283
23.2283
23.2283
23.2283
23.2283
23.2283
21.0958
21.0958
21.0958
21.0958
21.0958
21.0958
21.0958
21.0958
19.2497
19.2497
19.2497
19.2497
19.2497
19.2497
19.2497
19.2497
17.7212
17.7212
17.7212
17.7212
17.7212
17.7212
17.7212
17.7212
16.518
16.518
16.518
16.518
16.518
16.518
16.518
16.518
15.6334
15.6334
15.6334
15.6334
15.6334
15.6334
15.6334
15.6334
15.0539
15.0539
15.0539
15.0539
15.0539
15.0539
15.0539
15.0539
35.3338
35.3338
35.3338
35.3338
35.3338
35.3338
35.3338
35.3338
36.2431
36.2431
36.2431
36.2431
36.2431
36.2431
36.2431
36.2431
36.426
36.426
36.426
36.426
36.426
36.426
36.426
36.426
35.854
35.854
35.854
35.854
35.854
35.854
35.854
35.854
34.5826
34.5826
34.5826
34.5826
34.5826
34.5826
34.5826
34.5826
32.7397
32.7397
32.7397
32.7397
32.7397
32.7397
32.7397
32.7397
30.5004
30.5004
30.5004
30.5004
30.5004
30.5004
30.5004
30.5004
28.0555
28.0555
28.0555
28.0555
28.0555
28.0555
28.0555
28.0555
25.583
25.583
25.583
25.583
25.583
25.583
25.583
25.583
23.2283
23.2283
23.2283
23.2283
23.2283
23.2283
23.2283
23.2283
21.0958
21.0958
21.0958
21.0958
21.0958
21.0958
21.0958
21.0958
19.2497
19.2497
19.2497
19.2497
19.2497
19.2497
19.2497
19.2497
17.7212
17.7212
17.7212
17.7212
17.7212
17.7212
17.7212
17.7212
16.518
16.518
16.518
16.518
16.518
16.518
16.518
16.518
15.6334
15.6334
15.6334
15.6334
15.6334
15.6334
15.6334
15.6334
15.0539
15.0539
15.0539
15.0539
15.0539
15.0539
15.0539
15.0539
35.3338
35.3338
35.3338
35.3338
35.3338
35.3338
35.3338
35.3338
36.2431
36.2431
36.2431
36.2431
36.2431
36.2431
36.2431
36.2431
36.426
36.426
36.426
36.426
36.426
36.426
36.426
36.426
35.854
35.854
35.854
35.854
35.854
35.854
35.854
35.854
34.5826
34.5826
34.5826
34.5826
34.5826
34.5826
34.5826
34.5826
32.7397
32.7397
32.7397
32.7397
32.7397
32.7397
32.7397
32.7397
30.5004
30.5004
30.5004
30.5004
30.5004
30.5004
30.5004
30.5004
28.0555
28.0555
28.0555
28.0555
28.0555
28.0555
28.0555
28.0555
25.583
25.583
25.583
25.583
25.583
25.583
25.583
25.583
23.2283
23.2283
23.2283
23.2283
23.2283
23.2283
23.2283
23.2283
21.0958
21.0958
21.0958
21.0958
21.0958
21.0958
21.0958
21.0958
19.2497
19.2497
19.2497
19.2497
19.2497
19.2497
19.2497
19.2497
17.7212
17.7212
17.7212
17.7212
17.7212
17.7212
17.7212
17.7212
16.518
16.518
16.518
16.518
16.518
16.518
16.518
16.518
15.6334
15.6334
15.6334
15.6334
15.6334
15.6334
15.6334
15.6334
15.0539
15.0539
15.0539
15.0539
15.0539
15.0539
15.0539
15.0539
35.3338
35.3338
35.3338
35.3338
35.3338
35.3338
35.3338
35.3338
36.2431
36.2431
36.2431
36.2431
36.2431
36.2431
36.2431
36.2431
36.426
36.426
36.426
36.426
36.426
36.426
36.426
36.426
35.854
35.854
35.854
35.854
35.854
35.854
35.854
35.854
34.5826
34.5826
34.5826
34.5826
34.5826
34.5826
34.5826
34.5826
32.7397
32.7397
32.7397
32.7397
32.7397
32.7397
32.7397
32.7397
30.5004
30.5004
30.5004
30.5004
30.5004
30.5004
30.5004
30.5004
28.0555
28.0555
28.0555
28.0555
28.0555
28.0555
28.0555
28.0555
25.583
25.583
25.583
25.583
25.583
25.583
25.583
25.583
23.2283
23.2283
23.2283
23.2283
23.2283
23.2283
23.2283
23.2283
21.0958
21.0958
21.0958
21.0958
21.0958
21.0958
21.0958
21.0958
19.2497
19.2497
19.2497
19.2497
19.2497
19.2497
19.2497
19.2497
17.7212
17.7212
17.7212
17.7212
17.7212
17.7212
17.7212
17.7212
16.518
16.518
16.518
16.518
16.518
16.518
16.518
16.518
15.6334
15.6334
15.6334
15.6334
15.6334
15.6334
15.6334
15.6334
15.0539
15.0539
15.0539
15.0539
15.0539
15.0539
15.0539
15.0539
31.499
31.499
31.499
31.499
31.499
31.499
31.499
31.499
32.4656
32.4656
32.4656
32.4656
32.4656
32.4656
32.4656
32.4656
32.8027
32.8027
32.8027
32.8027
32.8027
32.8027
32.8027
32.8027
32.47
32.47
32.47
32.47
32.47
32.47
32.47
32.47
31.5018
31.5018
31.5018
31.5018
31.5018
31.5018
31.5018
31.5018
29.9996
29.9996
29.9996
29.9996
29.9996
29.9996
29.9996
29.9996
28.1123
28.1123
28.1123
28.1123
28.1123
28.1123
28.1123
28.1123
26.0079
26.0079
26.0079
26.0079
26.0079
26.0079
26.0079
26.0079
23.8482
23.8482
23.8482
23.8482
23.8482
23.8482
23.8482
23.8482
21.7691
21.7691
21.7691
21.7691
21.7691
21.7691
21.7691
21.7691
19.8716
19.8716
19.8716
19.8716
19.8716
19.8716
19.8716
19.8716
18.2208
18.2208
18.2208
18.2208
18.2208
18.2208
18.2208
18.2208
16.8518
16.8518
16.8518
16.8518
16.8518
16.8518
16.8518
16.8518
15.7773
15.7773
15.7773
15.7773
15.7773
15.7773
15.7773
15.7773
14.996
14.996
14.996
14.996
14.996
14.996
14.996
14.996
14.4995
14.4995
14.4995
14.4995
14.4995
14.4995
14.4995
14.4995
31.499
31.499
31.499
31.499
31.499
31.499
31.499
31.499
32.4656
32.4656
32.4656
32.4656
32.4656
32.4656
32.4656
32.4656
32.8027
32.8027
32.8027
32.8027
32.8027
32.8027
32.8027
32.8027
32.47
32.47
32.47
32.47
32.47
32.47
32.47
32.47
31.5018
31.5018
31.5018
31.5018
31.5018
31.5018
31.5018
31.5018
29.9996
29.9996
29.9996
29.9996
29.9996
29.9996
29.9996
29.9996
28.1123
28.1123
28.1123
28.1123
28.1123
28.1123
28.1123
28.1123
26.0079
26.0079
26.0079
26.0079
26.0079
26.0079
26.0079
26.0079
23.8482
23.8482
23.8482
23.8482
23.8482
23.8482
23.8482
23.8482
21.7691
21.7691
21.7691
21.7691
21.7691
21.7691
21.7691
21.7691
19.8716
19.8716
19.8716
19.8716
19.8716
19.8716
19.8716
19.8716
18.2208
18.2208
18.2208
18.2208
18.2208
18.2208
18.2208
18.2208
16.8518
16.8518
16.8518
16.8518
16.8518
16.8518
16.8518
16.8518
15.7773
15.7773
15.7773
15.7773
15.7773
15.7773
15.7773
15.7773
14.996
14.996
14.996
14.996
14.996
14.996
14.996
14.996
14.4995
14.4995
14.4995
14.4995
14.4995
14.4995
14.4995
14.4995
31.499
31.499
31.499
31.499
31.499
31.499
31.499
31.499
32.4656
32.4656
32.4656
32.4656
32.4656
32.4656
32.4656
32.4656
32.8027
32.8027
32.8027
32.8027
32.8027
32.8027
32.8027
32.8027
32.47
32.47
32.47
32.47
32.47
32.47
32.47
32.47
31.5018
31.5018
31.5018
31.5018
31.5018
31.5018
31.5018
31.5018
29.9996
29.9996
29.9996
29.9996
29.9996
29.9996
29.9996
29.9996
28.1123
28.1123
28.1123
28.1123
28.1123
28.1123
28.1123
28.1123
26.0079
26.0079
26.0079
26.0079
26.0079
26.0079
26.0079
26.0079
23.8482
23.8482
23.8482
23.8482
23.8482
23.8482
23.8482
23.8482
21.7691
21.7691
21.7691
21.7691
21.7691
21.7691
21.7691
21.7691
19.8716
19.8716
19.8716
19.8716
19.8716
19.8716
19.8716
19.8716
18.2208
18.2208
18.2208
18.2208
18.2208
18.2208
18.2208
18.2208
16.8518
16.8518
16.8518
16.8518
16.8518
16.8518
16.8518
16.8518
15.7773
15.7773
15.7773
15.7773
15.7773
15.7773
15.7773
15.7773
14.996
14.996
14.996
14.996
14.996
14.996
14.996
14.996
14.4995
14.4995
14.4995
14.4995
14.4995
14.4995
14.4995
14.4995
31.499
31.499
31.499
31.499
31.499
31.499
31.499
31.499
32.4656
32.4656
32.4656
32.4656
32.4656
32.4656
32.4656
32.4656
32.8027
32.8027
32.8027
32.8027
32.8027
32.8027
32.8027
32.8027
32.47
32.47
32.47
32.47
32.47
32.47
32.47
32.47
31.5018
31.5018
31.5018
31.5018
31.5018
31.5018
31.5018
31.5018
29.9996
29.9996
29.9996
29.9996
29.9996
29.9996
29.9996
29.9996
28.1123
28.1123
28.1123
28.1123
28.1123
28.1123
28.1123
28.1123
26.0079
26.0079
26.0079
26.0079
26.0079
26.0079
26.0079
26.0079
23.8482
23.8482
23.8482
23.8482
23.8482
23.8482
23.8482
23.8482
21.7691
21.7691
21.7691
21.7691
21.7691
21.7691
21.7691
21.7691
19.8716
19.8716
19.8716
19.8716
19.8716
19.8716
19.8716
19.8716
18.2208
18.2208
18.2208
18.2208
18.2208
18.2208
18.2208
18.2208
16.8518
16.8518
16.8518
16.8518
16.8518
16.8518
16.8518
16.8518
15.7773
15.7773
15.7773
15.7773
15.7773
15.7773
15.7773
15.7773
14.996
14.996
14.996
14.996
14.996
14.996
14.996
14.996
14.4995
14.4995
14.4995
14.4995
14.4995
14.4995
14.4995
14.4995
28.4225
28.4225
28.4225
28.4225
28.4225
28.4225
28.4225
28.4225
29.4229
29.4229
29.4229
29.4229
29.4229
29.4229
29.4229
29.4229
29.8804
29.8804
29.8804
29.8804
29.8804
29.8804
29.8804
29.8804
29.7466
29.7466
29.7466
29.7466
29.7466
29.7466
29.7466
29.7466
29.0381
29.0381
29.0381
29.0381
29.0381
29.0381
29.0381
29.0381
27.8333
27.8333
27.8333
27.8333
27.8333
27.8333
27.8333
27.8333
26.2563
26.2563
26.2563
26.2563
26.2563
26.2563
26.2563
26.2563
24.4542
24.4542
24.4542
24.4542
24.4542
24.4542
24.4542
24.4542
22.5726
22.5726
22.5726
22.5726
22.5726
22.5726
22.5726
22.5726
20.7381
20.7381
20.7381
20.7381
20.7381
20.7381
20.7381
20.7381
19.0481
19.0481
19.0481
19.0481
19.0481
19.0481
19.0481
19.0481
17.5688
17.5688
17.5688
17.5688
17.5688
17.5688
17.5688
17.5688
16.3386
16.3386
16.3386
16.3386
16.3386
16.3386
16.3386
16.3386
15.3754
15.3754
15.3754
15.3754
15.3754
15.3754
15.3754
15.3754
14.6831
14.6831
14.6831
14.6831
14.6831
14.6831
14.6831
14.6831
14.2581
14.2581
14.2581
14.2581
14.2581
14.2581
14.2581
14.2581
28.4225
28.4225
28.4225
28.4225
28.4225
28.4225
28.4225
28.4225
29.4229
29.4229
29.4229
29.4229
29.4229
29.4229
29.4229
29.4229
29.8804
29.8804
29.8804
29.8804
29.8804
29.8804
29.8804
29.8804
29.7466
29.7466
29.7466
29.7466
29.7466
29.7466
29.7466
29.7466
29.0381
29.0381
29.0381
29.0381
29.0381
29.0381
29.0381
29.0381
27.8333
27.8333
27.8333
27.8333
27.8333
27.8333
27.8333
27.8333
26.2563
26.2563
26.2563
26.2563
26.2563
26.2563
26.2563
26.2563
24.4542
24.4542
24.4542
24.4542
24.4542
24.4542
24.4542
24.4542
22.5726
22.5726
22.5726
22.5726
22.5726
22.5726
22.5726
22.5726
20.7381
20.7381
20.7381
20.7381
20.7381
20.7381
20.7381
20.7381
19.0481
19.0481
19.0481
19.0481
19.0481
19.0481
19.0481
19.0481
17.5688
17.5688
17.5688
17.5688
17.5688
17.5688
17.5688
17.5688
16.3386
16.3386
16.3386
16.3386
16.3386
16.3386
16.3386
16.3386
15.3754
15.3754
15.3754
15.3754
15.3754
15.3754
15.3754
15.3754
14.6831
14.6831
14.6831
14.6831
14.6831
14.6831
14.6831
14.6831
14.2581
14.2581
14.2581
14.2581
14.2581
14.2581
14.2581
14.2581
28.4225
28.4225
28.4225
28.4225
28.4225
28.4225
28.4225
28.4225
29.4229
29.4229
29.4229
29.4229
29.4229
29.4229
29.4229
29.4229
29.8804
29.8804
29.8804
29.8804
29.8804
29.8804
29.8804
29.8804
29.7466
29.7466
29.7466
29.7466
29.7466
29.7466
29.7466
29.7466
29.0381
29.0381
29.0381
29.0381
29.0381
29.0381
29.0381
29.0381
27.8333
27.8333
27.8333
27.8333
27.8333
27.8333
27.8333
27.8333
26.2563
26.2563
26.2563
26.2563
26.2563
26.2563
26.2563
26.2563
24.4542
24.4542
24.4542
24.4542
24.4542
24.4542
24.4542
24.4542
22.5726
22.5726
22.5726
22.5726
22.5726
22.5726
22.5726
22.5726
20.7381
20.7381
20.7381
20.7381
20.7381
20.7381
20.7381
20.7381
19.0481
19.0481
19.0481
19.0481
19.0481
19.0481
19.0481
19.0481
17.5688
17.5688
17.5688
17.5688
17.5688
17.5688
17.5688
17.5688
16.3386
16.3386
16.3386
16.3386
16.3386
16.3386
16.3386
16.3386
15.3754
15.3754
15.3754
15.3754
15.3754
15.3754
15.3754
15.3754
14.6831
14.6831
14.6831
14.6831
14.6831
14.6831
14.6831
14.6831
14.2581
14.2581
14.2581
14.2581
14.2581
14.2581
14.2581
14.2581
28.4225
28.4225
28.4225
28.4225
28.4225
28.4225
28.4225
28.4225
29.4229
29.4229
29.4229
29.4229
29.4229
29.4229
29.4229
29.4229
29.8804
29.8804
29.8804
29.8804
29.8804
29.8804
29.8804
29.8804
29.7466
29.7466
29.7466
29.7466
29.7466
29.7466
29.7466
29.7466
29.0381
29.0381
29.0381
29.0381
29.0381
29.0381
29.0381
29.0381
27.8333
27.8333
27.8333
27.8333
27.8333
27.8333
27.8333
27.8333
26.2563
26.2563
26.2563
26.2563
26.2563
26.2563
26.2563
26.2563
24.4542
24.4542
24.4542
24.4542
24.4542
24.4542
24.4542
24.4542
22.5726
22.5726
22.5726
22.5726
22.5726
22.5726
22.5726
22.5726
20.7381
20.7381
20.7381
20.7381
20.7381
20.7381
20.7381
20.7381
19.0481
19.0481
19.0481
19.0481
19.0481
19.0481
19.0481
19.0481
17.5688
17.5688
17.5688
17.5688
17.5688
17.5688
17.5688
17.5688
16.3386
16.3386
16.3386
16.3386
16.3386
16.3386
16.3386
16.3386
15.3754
15.3754
15.3754
15.3754
15.3754
15.3754
15.3754
15.3754
14.6831
14.6831
14.6831
14.6831
14.6831
14.6831
14.6831
14.6831
14.2581
14.2581
14.2581
14.2581
14.2581
14.2581
14.2581
14.2581
26.0476
26.0476
26.0476
26.0476
26.0476
26.0476
26.0476
26.0476
27.0671
27.0671
27.0671
27.0671
27.0671
27.0671
27.0671
27.0671
27.6197
27.6197
27.6197
27.6197
27.6197
27.6197
27.6197
27.6197
27.6513
27.6513
27.6513
27.6513
27.6513
27.6513
27.6513
27.6513
27.1641
27.1641
27.1641
27.1641
27.1641
27.1641
27.1641
27.1641
26.2165
26.2165
26.2165
26.2165
26.2165
26.2165
26.2165
26.2165
24.911
24.911
24.911
24.911
24.911
24.911
24.911
24.911
23.3744
23.3744
23.3744
23.3744
23.3744
23.3744
23.3744
23.3744
21.7377
21.7377
21.7377
21.7377
21.7377
21.7377
21.7377
21.7377
20.1184
20.1184
20.1184
20.1184
20.1184
20.1184
20.1184
20.1184
18.6102
18.6102
18.6102
18.6102
18.6102
18.6102
18.6102
18.6102
17.2801
17.2801
17.2801
17.2801
17.2801
17.2801
17.2801
17.2801
16.17
16.17
16.17
16.17
16.17
16.17
16.17
16.17
15.3024
15.3024
15.3024
15.3024
15.3024
15.3024
15.3024
15.3024
14.6862
14.6862
14.6862
14.6862
14.6862
14.6862
14.6862
14.6862
14.3225
14.3225
14.3225
14.3225
14.3225
14.3225
14.3225
14.3225
26.0476
26.0476
26.0476
26.0476
26.0476
26.0476
26.0476
26.0476
27.0671
27.0671
27.0671
27.0671
27.0671
27.0671
27.0671
27.0671
27.6197
27.6197
27.6197
27.6197
27.6197
27.6197
27.6197
27.6197
27.6513
27.6513
27.6513
27.6513
27.6513
27.6513
27.6513
27.6513
27.1641
27.1641
27.1641
27.1641
27.1641
27.1641
27.1641
27.1641
26.2165
26.2165
26.2165
26.2165
26.2165
26.2165
26.2165
26.2165
24.911
24.911
24.911
24.911
24.911
24.911
24.911
24.911
23.3744
23.3744
23.3744
23.3744
23.3744
23.3744
23.3744
23.3744
21.7377
21.7377
21.7377
21.7377
21.7377
21.7377
21.7377
21.7377
20.1184
20.1184
20.1184
20.1184
20.1184
20.1184
20.1184
20.1184
18.6102
18.6102
18.6102
18.6102
18.6102
18.6102
18.6102
18.6102
17.2801
17.2801
17.2801
17.2801
17.2801
17.2801
17.2801
17.2801
16.17
16.17
16.17
16.17
16.17
16.17
16.17
16.17
15.3024
15.3024
15.3024
15.3024
15.3024
15.3024
15.3024
15.3024
14.6862
14.6862
14.6862
14.6862
14.6862
14.6862
14.6862
14.6862
14.3225
14.3225
14.3225
14.3225
14.3225
14.3225
14.3225
14.3225
26.0476
26.0476
26.0476
26.0476
26.0476
26.0476
26.0476
26.0476
27.0671
27.0671
27.0671
27.0671
27.0671
27.0671
27.0671
27.0671
27.6197
27.6197
27.6197
27.6197
27.6197
27.6197
27.6197
27.6197
27.6513
27.6513
27.6513
27.6513
27.6513
27.6513
27.6513
27.6513
27.1641
27.1641
27.1641
27.1641
27.1641
27.1641
27.1641
27.1641
26.2165
26.2165
26.2165
26.2165
26.2165
26.2165
26.2165
26.2165
24.911
24.911
24.911
24.911
24.911
24.911
24.911
24.911
23.3744
23.3744
23.3744
23.3744
23.3744
23.3744
23.3744
23.3744
21.7377
21.7377
21.7377
21.7377
21.7377
21.7377
21.7377
21.7377
20.1184
20.1184
20.1184
20.1184
20.1184
20.1184
20.1184
20.1184
18.6102
18.6102
18.6102
18.6102
18.6102
18.6102
18.6102
18.6102
17.2801
17.2801
17.2801
17.2801
17.2801
17.2801
17.2801
17.2801
16.17
16.17
16.17
16.17
16.17
16.17
16.17
16.17
15.3024
15.3024
15.3024
15.3024
15.3024
15.3024
15.3024
15.3024
14.6862
14.6862
14.6862
14.6862
14.6862
14.6862
14.6862
14.6862
14.3225
14.3225
14.3225
14.3225
14.3225
14.3225
14.3225
14.3225
26.0476
26.0476
26.0476
26.0476
26.0476
26.0476
26.0476
26.0476
27.0671
27.0671
27.0671
27.0671
27.0671
27.0671
27.0671
27.0671
27.6197
27.6197
27.6197
27.6197
27.6197
27.6197
27.6197
27.6197
27.6513
27.6513
27.6513
27.6513
27.6513
27.6513
27.6513
27.6513
27.1641
27.1641
27.1641
27.1641
27.1641
27.1641
27.1641
27.1641
26.2165
26.2165
26.2165
26.2165
26.2165
26.2165
26.2165
26.2165
24.911
24.911
24.911
24.911
24.911
24.911
24.911
24.911
23.3744
23.3744
23.3744
23.3744
23.3744
23.3744
23.3744
23.3744
21.7377
21.7377
21.7377
21.7377
21.7377
21.7377
21.7377
21.7377
20.1184
20.1184
20.1184
20.1184
20.1184
20.1184
20.1184
20.1184
18.6102
18.6102
18.6102
18.6102
18.6102
18.6102
18.6102
18.6102
17.2801
17.2801
17.2801
17.2801
17.2801
17.2801
17.2801
17.2801
16.17
16.17
16.17
16.17
16.17
16.17
16.17
16.17
15.3024
15.3024
15.3024
15.3024
15.3024
15.3024
15.3024
15.3024
14.6862
14.6862
14.6862
14.6862
14.6862
14.6862
14.6862
14.6862
14.3225
14.3225
14.3225
14.3225
14.3225
14.3225
14.3225
14.3225
24.3043
24.3043
24.3043
24.3043
24.3043
24.3043
24.3043
24.3043
25.3361
25.3361
25.3361
25.3361
25.3361
25.3361
25.3361
25.3361
25.9665
25.9665
25.9665
25.9665
25.9665
25.9665
25.9665
25.9665
26.1378
26.1378
26.1378
26.1378
26.1378
26.1378
26.1378
26.1378
25.841
25.841
25.841
25.841
25.841
25.841
25.841
25.841
25.1173
25.1173
25.1173
25.1173
25.1173
25.1173
25.1173
25.1173
24.0497
24.0497
24.0497
24.0497
24.0497
24.0497
24.0497
24.0497
22.7472
22.7472
22.7472
22.7472
22.7472
22.7472
22.7472
22.7472
21.3267
21.3267
21.3267
21.3267
21.3267
21.3267
21.3267
21.3267
19.897
19.897
19.897
19.897
19.897
19.897
19.897
19.897
18.5483
18.5483
18.5483
18.5483
18.5483
18.5483
18.5483
18.5483
17.3482
17.3482
17.3482
17.3482
17.3482
17.3482
17.3482
17.3482
16.342
16.342
16.342
16.342
16.342
16.342
16.342
16.342
15.5565
15.5565
15.5565
15.5565
15.5565
15.5565
15.5565
15.5565
15.0054
15.0054
15.0054
15.0054
15.0054
15.0054
15.0054
15.0054
14.6939
14.6939
14.6939
14.6939
14.6939
14.6939
14.6939
14.6939
24.3043
24.3043
24.3043
24.3043
24.3043
24.3043
24.3043
24.3043
25.3361
25.3361
25.3361
25.3361
25.3361
25.3361
25.3361
25.3361
25.9665
25.9665
25.9665
25.9665
25.9665
25.9665
25.9665
25.9665
26.1378
26.1378
26.1378
26.1378
26.1378
26.1378
26.1378
26.1378
25.841
25.841
25.841
25.841
25.841
25.841
25.841
25.841
25.1173
25.1173
25.1173
25.1173
25.1173
25.1173
25.1173
25.1173
24.0497
24.0497
24.0497
24.0497
24.0497
24.0497
24.0497
24.0497
22.7472
22.7472
22.7472
22.7472
22.7472
22.7472
22.7472
22.7472
21.3267
21.3267
21.3267
21.3267
21.3267
21.3267
21.3267
21.3267
19.897
19.897
19.897
19.897
19.897
19.897
19.897
19.897
18.5483
18.5483
18.5483
18.5483
18.5483
18.5483
18.5483
18.5483
17.3482
17.3482
17.3482
17.3482
17.3482
17.3482
17.3482
17.3482
16.342
16.342
16.342
16.342
16.342
16.342
16.342
16.342
15.5565
15.5565
15.5565
15.5565
15.5565
15.5565
15.5565
15.5565
15.0054
15.0054
15.0054
15.0054
15.0054
15.0054
15.0054
15.0054
14.6939
14.6939
14.6939
14.6939
14.6939
14.6939
14.6939
14.6939
24.3043
24.3043
24.3043
24.3043
24.3043
24.3043
24.3043
24.3043
25.3361
25.3361
25.3361
25.3361
25.3361
25.3361
25.3361
25.3361
25.9665
25.9665
25.9665
25.9665
25.9665
25.9665
25.9665
25.9665
26.1378
26.1378
26.1378
26.1378
26.1378
26.1378
26.1378
26.1378
25.841
25.841
25.841
25.841
25.841
25.841
25.841
25.841
25.1173
25.1173
25.1173
25.1173
25.1173
25.1173
25.1173
25.1173
24.0497
24.0497
24.0497
24.0497
24.0497
24.0497
24.0497
24.0497
22.7472
22.7472
22.7472
22.7472
22.7472
22.7472
22.7472
22.7472
21.3267
21.3267
21.3267
21.3267
21.3267
21.3267
21.3267
21.3267
19.897
19.897
19.897
19.897
19.897
19.897
19.897
19.897
18.5483
18.5483
18.5483
18.5483
18.5483
18.5483
18.5483
18.5483
17.3482
17.3482
17.3482
17.3482
17.3482
17.3482
17.3482
17.3482
16.342
16.342
16.342
16.342
16.342
16.342
16.342
16.342
15.5565
15.5565
15.5565
15.5565
15.5565
15.5565
15.5565
15.5565
15.0054
15.0054
15.0054
15.0054
15.0054
15.0054
15.0054
15.0054
14.6939
14.6939
14.6939
14.6939
14.6939
14.6939
14.6939
14.6939
24.3043
24.3043
24.3043
24.3043
24.3043
24.3043
24.3043
24.3043
25.3361
25.3361
25.3361
25.3361
25.3361
25.3361
25.3361
25.3361
25.9665
25.9665
25.9665
25.9665
25.9665
25.9665
25.9665
25.9665
26.1378
26.1378
26.1378
26.1378
26.1378
26.1378
26.1378
26.1378
25.841
25.841
25.841
25.841
25.841
25.841
25.841
25.841
25.1173
25.1173
25.1173
25.1173
25.1173
25.1173
25.1173
25.1173
24.0497
24.0497
24.0497
24.0497
24.0497
24.0497
24.0497
24.0497
22.7472
22.7472
22.7472
22.7472
22.7472
22.7472
22.7472
22.7472
21.3267
21.3267
21.3267
21.3267
21.3267
21.3267
21.3267
21.3267
19.897
19.897
19.897
19.897
19.897
19.897
19.897
19.897
18.5483
18.5483
18.5483
18.5483
18.5483
18.5483
18.5483
18.5483
17.3482
17.3482
17.3482
17.3482
17.3482
17.3482
17.3482
17.3482
16.342
16.342
16.342
16.342
16.342
16.342
16.342
16.342
15.5565
15.5565
15.5565
15.5565
15.5565
15.5565
15.5565
15.5565
15.0054
15.0054
15.0054
15.0054
15.0054
15.0054
15.0054
15.0054
14.6939
14.6939
14.6939
14.6939
14.6939
14.6939
14.6939
14.6939
23.1229
23.1229
23.1229
23.1229
23.1229
23.1229
23.1229
23.1229
24.166
24.166
24.166
24.166
24.166
24.166
24.166
24.166
24.8641
24.8641
24.8641
24.8641
24.8641
24.8641
24.8641
24.8641
25.1575
25.1575
25.1575
25.1575
25.1575
25.1575
25.1575
25.1575
25.0282
25.0282
25.0282
25.0282
25.0282
25.0282
25.0282
25.0282
24.5029
24.5029
24.5029
24.5029
24.5029
24.5029
24.5029
24.5029
23.6473
23.6473
23.6473
23.6473
23.6473
23.6473
23.6473
23.6473
22.5541
22.5541
22.5541
22.5541
22.5541
22.5541
22.5541
22.5541
21.3272
21.3272
21.3272
21.3272
21.3272
21.3272
21.3272
21.3272
20.067
20.067
20.067
20.067
20.067
20.067
20.067
20.067
18.8604
18.8604
18.8604
18.8604
18.8604
18.8604
18.8604
18.8604
17.7753
17.7753
17.7753
17.7753
17.7753
17.7753
17.7753
17.7753
16.8599
16.8599
16.8599
16.8599
16.8599
16.8599
16.8599
16.8599
16.1452
16.1452
16.1452
16.1452
16.1452
16.1452
16.1452
16.1452
15.6495
15.6495
15.6495
15.6495
15.6495
15.6495
15.6495
15.6495
15.3818
15.3818
15.3818
15.3818
15.3818
15.3818
15.3818
15.3818
23.1229
23.1229
23.1229
23.1229
23.1229
23.1229
23.1229
23.1229
24.166
24.166
24.166
24.166
24.166
24.166
24.166
24.166
24.8641
24.8641
24.8641
24.8641
24.8641
24.8641
24.8641
24.8641
25.1575
25.1575
25.1575
25.1575
25.1575
25.1575
25.1575
25.1575
25.0282
25.0282
25.0282
25.0282
25.0282
25.0282
25.0282
25.0282
24.5029
24.5029
24.5029
24.5029
24.5029
24.5029
24.5029
24.5029
23.6473
23.6473
23.6473
23.6473
23.6473
23.6473
23.6473
23.6473
22.5541
22.5541
22.5541
22.5541
22.5541
22.5541
22.5541
22.5541
21.3272
21.3272
21.3272
21.3272
21.3272
21.3272
21.3272
21.3272
20.067
20.067
20.067
20.067
20.067
20.067
20.067
20.067
18.8604
18.8604
18.8604
18.8604
18.8604
18.8604
18.8604
18.8604
17.7753
17.7753
17.7753
17.7753
17.7753
17.7753
17.7753
17.7753
16.8599
16.8599
16.8599
16.8599
16.8599
16.8599
16.8599
16.8599
16.1452
16.1452
16.1452
16.1452
16.1452
16.1452
16.1452
16.1452
15.6495
15.6495
15.6495
15.6495
15.6495
15.6495
15.6495
15.6495
15.3818
15.3818
15.3818
15.3818
15.3818
15.3818
15.3818
15.3818
23.1229
23.1229
23.1229
23.1229
23.1229
23.1229
23.1229
23.1229
24.166
24.166
24.166
24.166
24.166
24.166
24.166
24.166
24.8641
24.8641
24.8641
24.8641
24.8641
24.8641
24.8641
24.8641
25.1575
25.1575
25.1575
25.1575
25.1575
25.1575
25.1575
25.1575
25.0282
25.0282
25.0282
25.0282
25.0282
25.0282
25.0282
25.0282
24.5029
24.5029
24.5029
24.5029
24.5029
24.5029
24.5029
24.5029
23.6473
23.6473
23.6473
23.6473
23.6473
23.6473
23.6473
23.6473
22.5541
22.5541
22.5541
22.5541
22.5541
22.5541
22.5541
22.5541
21.3272
21.3272
21.3272
21.3272
21.3272
21.3272
21.3272
21.3272
20.067
20.067
20.067
20.067
20.067
20.067
20.067
20.067
18.8604
18.8604
18.8604
18.8604
18.8604
18.8604
18.8604
18.8604
17.7753
17.7753
17.7753
17.7753
17.7753
17.7753
17.7753
17.7753
16.8599
16.8599
16.8599
16.8599
16.8599
16.8599
16.8599
16.8599
16.1452
16.1452
16.1452
16.1452
16.1452
16.1452
16.1452
16.1452
15.6495
15.6495
15.6495
15.6495
15.6495
15.6495
15.6495
15.6495
15.3818
15.3818
15.3818
15.3818
15.3818
15.3818
15.3818
15.3818
23.1229
23.1229
23.1229
23.1229
23.1229
23.1229
23.1229
23.1229
24.166
24.166
24.166
24.166
24.166
24.166
24.166
24.166
24.8641
24.8641
24.8641
24.8641
24.8641
24.8641
24.8641
24.8641
25.1575
25.1575
25.1575
25.1575
25.1575
25.1575
25.1575
25.1575
25.0282
25.0282
25.0282
25.0282
25.0282
25.0282
25.0282
25.0282
24.5029
24.5029
24.5029
24.5029
24.5029
24.5029
24.5029
24.5029
23.6473
23.6473
23.6473
23.6473
23.6473
23.6473
23.6473
23.6473
22.5541
22.5541
22.5541
22.5541
22.5541
22.5541
22.5541
22.5541
21.3272
21.3272
21.3272
21.3272
21.3272
21.3272
21.3272
21.3272
20.067
20.067
20.067
20.067
20.067
20.067
20.067
20.067
18.8604
18.8604
18.8604
18.8604
18.8604
18.8604
18.8604
18.8604
17.7753
17.7753
17.7753
17.7753
17.7753
17.7753
17.7753
17.7753
16.8599
16.8599
16.8599
16.8599
16.8599
16.8599
16.8599
16.8599
16.1452
16.1452
16.1452
16.1452
16.1452
16.1452
16.1452
16.1452
15.6495
15.6495
15.6495
15.6495
15.6495
15.6495
15.6495
15.6495
15.3818
15.3818
15.3818
15.3818
15.3818
15.3818
15.3818
15.3818
22.44
22.44
22.44
22.44
22.44
22.44
22.44
22.44
23.4977
23.4977
23.4977
23.4977
23.4977
23.4977
23.4977
23.4977
24.2594
24.2594
24.2594
24.2594
24.2594
24.2594
24.2594
24.2594
24.6648
24.6648
24.6648
24.6648
24.6648
24.6648
24.6648
24.6648
24.6884
24.6884
24.6884
24.6884
24.6884
24.6884
24.6884
24.6884
24.3442
24.3442
24.3442
24.3442
24.3442
24.3442
24.3442
24.3442
23.6829
23.6829
23.6829
23.6829
23.6829
23.6829
23.6829
23.6829
22.7822
22.7822
22.7822
22.7822
22.7822
22.7822
22.7822
22.7822
21.7334
21.7334
21.7334
21.7334
21.7334
21.7334
21.7334
21.7334
20.6291
20.6291
20.6291
20.6291
20.6291
20.6291
20.6291
20.6291
19.5525
19.5525
19.5525
19.5525
19.5525
19.5525
19.5525
19.5525
18.5715
18.5715
18.5715
18.5715
18.5715
18.5715
18.5715
18.5715
17.7371
17.7371
17.7371
17.7371
17.7371
17.7371
17.7371
17.7371
17.0843
17.0843
17.0843
17.0843
17.0843
17.0843
17.0843
17.0843
16.6352
16.6352
16.6352
16.6352
16.6352
16.6352
16.6352
16.6352
16.4026
16.4026
16.4026
16.4026
16.4026
16.4026
16.4026
16.4026
22.44
22.44
22.44
22.44
22.44
22.44
22.44
22.44
23.4977
23.4977
23.4977
23.4977
23.4977
23.4977
23.4977
23.4977
24.2594
24.2594
24.2594
24.2594
24.2594
24.2594
24.2594
24.2594
24.6648
24.6648
24.6648
24.6648
24.6648
24.6648
24.6648
24.6648
24.6884
24.6884
24.6884
24.6884
24.6884
24.6884
24.6884
24.6884
24.3442
24.3442
24.3442
24.3442
24.3442
24.3442
24.3442
24.3442
23.6829
23.6829
23.6829
23.6829
23.6829
23.6829
23.6829
23.6829
22.7822
22.7822
22.7822
22.7822
22.7822
22.7822
22.7822
22.7822
21.7334
21.7334
21.7334
21.7334
21.7334
21.7334
21.7334
21.7334
20.6291
20.6291
20.6291
20.6291
20.6291
20.6291
20.6291
20.6291
19.5525
19.5525
19.5525
19.5525
19.5525
19.5525
19.5525
19.5525
18.5715
18.5715
18.5715
18.5715
18.5715
18.5715
18.5715
18.5715
17.7371
17.7371
17.7371
17.7371
17.7371
17.7371
17.7371
17.7371
17.0843
17.0843
17.0843
17.0843
17.0843
17.0843
17.0843
17.0843
16.6352
16.6352
16.6352
16.6352
16.6352
16.6352
16.6352
16.6352
16.4026
16.4026
16.4026
16.4026
16.4026
16.4026
16.4026
16.4026
22.44
22.44
22.44
22.44
22.44
22.44
22.44
22.44
23.4977
23.4977
23.4977
23.4977
23.4977
23.4977
23.4977
23.4977
24.2594
24.2594
24.2594
24.2594
24.2594
24.2594
24.2594
24.2594
24.6648
24.6648
24.6648
24.6648
24.6648
24.6648
24.6648
24.6648
24.6884
24.6884
24.6884
24.6884
24.6884
24.6884
24.6884
24.6884
24.3442
24.3442
24.3442
24.3442
24.3442
24.3442
24.3442
24.3442
23.6829
23.6829
23.6829
23.6829
23.6829
23.6829
23.6829
23.6829
22.7822
22.7822
22.7822
22.7822
22.7822
22.7822
22.7822
22.7822
21.7334
21.7334
21.7334
21.7334
21.7334
21.7334
21.7334
21.7334
20.6291
20.6291
20.6291
20.6291
20.6291
20.6291
20.6291
20.6291
19.5525
19.5525
19.5525
19.5525
19.5525
19.5525
19.5525
19.5525
18.5715
18.5715
18.5715
18.5715
18.5715
18.5715
18.5715
18.5715
17.7371
17.7371
17.7371
17.7371
17.7371
17.7371
17.7371
17.7371
17.0843
17.0843
17.0843
17.0843
17.0843
17.0843
17.0843
17.0843
16.6352
16.6352
16.6352
16.6352
16.6352
16.6352
16.6352
16.6352
16.4026
16.4026
16.4026
16.4026
16.4026
16.4026
16.4026
16.4026
22.44
22.44
22.44
22.44
22.44
22.44
22.44
22.44
23.4977
23.4977
23.4977
23.4977
23.4977
23.4977
23.4977
23.4977
24.2594
24.2594
24.2594
24.2594
24.2594
24.2594
24.2594
24.2594
24.6648
24.6648
24.6648
24.6648
24.6648
24.6648
24.6648
24.6648
24.6884
24.6884
24.6884
24.6884
24.6884
24.6884
24.6884
24.6884
24.3442
24.3442
24.3442
24.3442
24.3442
24.3442
24.3442
24.3442
23.6829
23.6829
23.6829
23.6829
23.6829
23.6829
23.6829
23.6829
22.7822
22.7822
22.7822
22.7822
22.7822
22.7822
22.7822
22.7822
21.7334
21.7334
21.7334
21.7334
21.7334
21.7334
21.7334
21.7334
20.6291
20.6291
20.6291
20.6291
20.6291
20.6291
20.6291
20.6291
19.5525
19.5525
19.5525
19.5525
19.5525
19.5525
19.5525
19.5525
18.5715
18.5715
18.5715
18.5715
18.5715
18.5715
18.5715
18.5715
17.7371
17.7371
17.7371
17.7371
17.7371
17.7371
17.7371
17.7371
17.0843
17.0843
17.0843
17.0843
17.0843
17.0843
17.0843
17.0843
16.6352
16.6352
16.6352
16.6352
16.6352
16.6352
16.6352
16.6352
16.4026
16.4026
16.4026
16.4026
16.4026
16.4026
16.4026
16.4026
22.201
22.201
22.201
22.201
22.201
22.201
22.201
22.201
23.2794
23.2794
23.2794
23.2794
23.2794
23.2794
23.2794
23.2794
24.1059
24.1059
24.1059
24.1059
24.1059
24.1059
24.1059
24.1059
24.6195
24.6195
24.6195
24.6195
24.6195
24.6195
24.6195
24.6195
24.7889
24.7889
24.7889
24.7889
24.7889
24.7889
24.7889
24.7889
24.6171
24.6171
24.6171
24.6171
24.6171
24.6171
24.6171
24.6171
24.1409
24.1409
24.1409
24.1409
24.1409
24.1409
24.1409
24.1409
23.4238
23.4238
23.4238
23.4238
23.4238
23.4238
23.4238
23.4238
22.5456
22.5456
22.5456
22.5456
22.5456
22.5456
22.5456
22.5456
21.5903
21.5903
21.5903
21.5903
21.5903
21.5903
21.5903
21.5903
20.6374
20.6374
20.6374
20.6374
20.6374
20.6374
20.6374
20.6374
19.7543
19.7543
19.7543
19.7543
19.7543
19.7543
19.7543
19.7543
18.9943
18.9943
18.9943
18.9943
18.9943
18.9943
18.9943
18.9943
18.3959
18.3959
18.3959
18.3959
18.3959
18.3959
18.3959
18.3959
17.9851
17.9851
17.9851
17.9851
17.9851
17.9851
17.9851
17.9851
17.7776
17.7776
17.7776
17.7776
17.7776
17.7776
17.7776
17.7776
22.201
22.201
22.201
22.201
22.201
22.201
22.201
22.201
23.2794
23.2794
23.2794
23.2794
23.2794
23.2794
23.2794
23.2794
24.1059
24.1059
24.1059
24.1059
24.1059
24.1059
24.1059
24.1059
24.6195
24.6195
24.6195
24.6195
24.6195
24.6195
24.6195
24.6195
24.7889
24.7889
24.7889
24.7889
24.7889
24.7889
24.7889
24.7889
24.6171
24.6171
24.6171
24.6171
24.6171
24.6171
24.6171
24.6171
24.1409
24.1409
24.1409
24.1409
24.1409
24.1409
24.1409
24.1409
23.4238
23.4238
23.4238
23.4238
23.4238
23.4238
23.4238
23.4238
22.5456
22.5456
22.5456
22.5456
22.5456
22.5456
22.5456
22.5456
21.5903
21.5903
21.5903
21.5903
21.5903
21.5903
21.5903
21.5903
20.6374
20.6374
20.6374
20.6374
20.6374
20.6374
20.6374
20.6374
19.7543
19.7543
19.7543
19.7543
19.7543
19.7543
19.7543
19.7543
18.9943
18.9943
18.9943
18.9943
18.9943
18.9943
18.9943
18.9943
18.3959
18.3959
18.3959
18.3959
18.3959
18.3959
18.3959
18.3959
17.9851
17.9851
17.9851
17.9851
17.9851
17.9851
17.9851
17.9851
17.7776
17.7776
17.7776
17.7776
17.7776
17.7776
17.7776
17.7776
22.201
22.201
22.201
22.201
22.201
22.201
22.201
22.201
23.2794
23.2794
23.2794
23.2794
23.2794
23.2794
23.2794
23.2794
24.1059
24.1059
24.1059
24.1059
24.1059
24.1059
24.1059
24.1059
24.6195
24.6195
24.6195
24.6195
24.6195
24.6195
24.6195
24.6195
24.7889
24.7889
24.7889
24.7889
24.7889
24.7889
24.7889
24.7889
24.6171
24.6171
24.6171
24.6171
24.6171
24.6171
24.6171
24.6171
24.1409
24.1409
24.1409
24.1409
24.1409
24.1409
24.1409
24.1409
23.4238
23.4238
23.4238
23.4238
23.4238
23.4238
23.4238
23.4238
22.5456
22.5456
22.5456
22.5456
22.5456
22.5456
22.5456
22.5456
21.5903
21.5903
21.5903
21.5903
21.5903
21.5903
21.5903
21.5903
20.6374
20.6374
20.6374
20.6374
20.6374
20.6374
20.6374
20.6374
19.7543
19.7543
19.7543
19.7543
19.7543
19.7543
19.7543
19.7543
18.9943
18.9943
18.9943
18.9943
18.9943
18.9943
18.9943
18.9943
18.3959
18.3959
18.3959
18.3959
18.3959
18.3959
18.3959
18.3959
17.9851
17.9851
17.9851
17.9851
17.9851
17.9851
17.9851
17.9851
17.7776
17.7776
17.7776
17.7776
17.7776
17.7776
17.7776
17.7776
22.201
22.201
22.201
22.201
22.201
22.201
22.201
22.201
23.2794
23.2794
23.2794
23.2794
23.2794
23.2794
23.2794
23.2794
24.1059
24.1059
24.1059
24.1059
24.1059
24.1059
24.1059
24.1059
24.6195
24.6195
24.6195
24.6195
24.6195
24.6195
24.6195
24.6195
24.7889
24.7889
24.7889
24.7889
24.7889
24.7889
24.7889
24.7889
24.6171
24.6171
24.6171
24.6171
24.6171
24.6171
24.6171
24.6171
24.1409
24.1409
24.1409
24.1409
24.1409
24.1409
24.1409
24.1409
23.4238
23.4238
23.4238
23.4238
23.4238
23.4238
23.4238
23.4238
22.5456
22.5456
22.5456
22.5456
22.5456
22.5456
22.5456
22.5456
21.5903
21.5903
21.5903
21.5903
21.5903
21.5903
21.5903
21.5903
20.6374
20.6374
20.6374
20.6374
20.6374
20.6374
20.6374
20.6374
19.7543
19.7543
19.7543
19.7543
19.7543
19.7543
19.7543
19.7543
18.9943
18.9943
18.9943
18.9943
18.9943
18.9943
18.9943
18.9943
18.3959
18.3959
18.3959
18.3959
18.3959
18.3959
18.3959
18.3959
17.9851
17.9851
17.9851
17.9851
17.9851
17.9851
17.9851
17.9851
17.7776
17.7776
17.7776
17.7776
17.7776
17.7776
17.7776
17.7776
22.3587
22.3587
22.3587
22.3587
22.3587
22.3587
22.3587
22.3587
23.4662
23.4662
23.4662
23.4662
23.4662
23.4662
23.4662
23.4662
24.3622
24.3622
24.3622
24.3622
24.3622
24.3622
24.3622
24.3622
24.9861
24.9861
24.9861
24.9861
24.9861
24.9861
24.9861
24.9861
25.3013
25.3013
25.3013
25.3013
25.3013
25.3013
25.3013
25.3013
25.301
25.301
25.301
25.301
25.301
25.301
25.301
25.301
25.0091
25.0091
25.0091
25.0091
25.0091
25.0091
25.0091
25.0091
24.4754
24.4754
24.4754
24.4754
24.4754
24.4754
24.4754
24.4754
23.7679
23.7679
23.7679
23.7679
23.7679
23.7679
23.7679
23.7679
22.962
22.962
22.962
22.962
22.962
22.962
22.962
22.962
22.1325
22.1325
22.1325
22.1325
22.1325
22.1325
22.1325
22.1325
21.3457
21.3457
21.3457
21.3457
21.3457
21.3457
21.3457
21.3457
20.6564
20.6564
20.6564
20.6564
20.6564
20.6564
20.6564
20.6564
20.106
20.106
20.106
20.106
20.106
20.106
20.106
20.106
19.724
19.724
19.724
19.724
19.724
19.724
19.724
19.724
19.5287
19.5287
19.5287
19.5287
19.5287
19.5287
19.5287
19.5287
22.3587
22.3587
22.3587
22.3587
22.3587
22.3587
22.3587
22.3587
23.4662
23.4662
23.4662
23.4662
23.4662
23.4662
23.4662
23.4662
24.3622
24.3622
24.3622
24.3622
24.3622
24.3622
24.3622
24.3622
24.9861
24.9861
24.9861
24.9861
24.9861
24.9861
24.9861
24.9861
25.3013
25.3013
25.3013
25.3013
25.3013
25.3013
25.3013
25.3013
25.301
25.301
25.301
25.301
25.301
25.301
25.301
25.301
25.0091
25.0091
25.0091
25.0091
25.0091
25.0091
25.0091
25.0091
24.4754
24.4754
24.4754
24.4754
24.4754
24.4754
24.4754
24.4754
23.7679
23.7679
23.7679
23.7679
23.7679
23.7679
23.7679
23.7679
22.962
22.962
22.962
22.962
22.962
22.962
22.962
22.962
22.1325
22.1325
22.1325
22.1325
22.1325
22.1325
22.1325
22.1325
21.3457
21.3457
21.3457
21.3457
21.3457
21.3457
21.3457
21.3457
20.6564
20.6564
20.6564
20.6564
20.6564
20.6564
20.6564
20.6564
20.106
20.106
20.106
20.106
20.106
20.106
20.106
20.106
19.724
19.724
19.724
19.724
19.724
19.724
19.724
19.724
19.5287
19.5287
19.5287
19.5287
19.5287
19.5287
19.5287
19.5287
22.3587
22.3587
22.3587
22.3587
22.3587
22.3587
22.3587
22.3587
23.4662
23.4662
23.4662
23.4662
23.4662
23.4662
23.4662
23.4662
24.3622
24.3622
24.3622
24.3622
24.3622
24.3622
24.3622
24.3622
24.9861
24.9861
24.9861
24.9861
24.9861
24.9861
24.9861
24.9861
25.3013
25.3013
25.3013
25.3013
25.3013
25.3013
25.3013
25.3013
25.301
25.301
25.301
25.301
25.301
25.301
25.301
25.301
25.0091
25.0091
25.0091
25.0091
25.0091
25.0091
25.0091
25.0091
24.4754
24.4754
24.4754
24.4754
24.4754
24.4754
24.4754
24.4754
23.7679
23.7679
23.7679
23.7679
23.7679
23.7679
23.7679
23.7679
22.962
22.962
22.962
22.962
22.962
22.962
22.962
22.962
22.1325
22.1325
22.1325
22.1325
22.1325
22.1325
22.1325
22.1325
21.3457
21.3457
21.3457
21.3457
21.3457
21.3457
21.3457
21.3457
20.6564
20.6564
20.6564
20.6564
20.6564
20.6564
20.6564
20.6564
20.106
20.106
20.106
20.106
20.106
20.106
20.106
20.106
19.724
19.724
19.724
19.724
19.724
19.724
19.724
19.724
19.5287
19.5287
19.5287
19.5287
19.5287
19.5287
19.5287
19.5287
22.3587
22.3587
22.3587
22.3587
22.3587
22.3587
22.3587
22.3587
23.4662
23.4662
23.4662
23.4662
23.4662
23.4662
23.4662
23.4662
24.3622
24.3622
24.3622
24.3622
24.3622
24.3622
24.3622
24.3622
24.9861
24.9861
24.9861
24.9861
24.9861
24.9861
24.9861
24.9861
25.3013
25.3013
25.3013
25.3013
25.3013
25.3013
25.3013
25.3013
25.301
25.301
25.301
25.301
25.301
25.301
25.301
25.301
25.0091
25.0091
25.0091
25.0091
25.0091
25.0091
25.0091
25.0091
24.4754
24.4754
24.4754
24.4754
24.4754
24.4754
24.4754
24.4754
23.7679
23.7679
23.7679
23.7679
23.7679
23.7679
23.7679
23.7679
22.962
22.962
22.962
22.962
22.962
22.962
22.962
22.962
22.1325
22.1325
22.1325
22.1325
22.1325
22.1325
22.1325
22.1325
21.3457
21.3457
21.3457
21.3457
21.3457
21.3457
21.3457
21.3457
20.6564
20.6564
20.6564
20.6564
20.6564
20.6564
20.6564
20.6564
20.106
20.106
20.106
20.106
20.106
20.106
20.106
20.106
19.724
19.724
19.724
19.724
19.724
19.724
19.724
19.724
19.5287
19.5287
19.5287
19.5287
19.5287
19.5287
19.5287
19.5287
22.8705
22.8705
22.8705
22.8705
22.8705
22.8705
22.8705
22.8705
24.0165
24.0165
24.0165
24.0165
24.0165
24.0165
24.0165
24.0165
24.9901
24.9901
24.9901
24.9901
24.9901
24.9901
24.9901
24.9901
25.7312
25.7312
25.7312
25.7312
25.7312
25.7312
25.7312
25.7312
26.1986
26.1986
26.1986
26.1986
26.1986
26.1986
26.1986
26.1986
26.3764
26.3764
26.3764
26.3764
26.3764
26.3764
26.3764
26.3764
26.276
26.276
26.276
26.276
26.276
26.276
26.276
26.276
25.9338
25.9338
25.9338
25.9338
25.9338
25.9338
25.9338
25.9338
25.4051
25.4051
25.4051
25.4051
25.4051
25.4051
25.4051
25.4051
24.7562
24.7562
24.7562
24.7562
24.7562
24.7562
24.7562
24.7562
24.0557
24.0557
24.0557
24.0557
24.0557
24.0557
24.0557
24.0557
23.3679
23.3679
23.3679
23.3679
23.3679
23.3679
23.3679
23.3679
22.7478
22.7478
22.7478
22.7478
22.7478
22.7478
22.7478
22.7478
22.2394
22.2394
22.2394
22.2394
22.2394
22.2394
22.2394
22.2394
21.8745
21.8745
21.8745
21.8745
21.8745
21.8745
21.8745
21.8745
21.6737
21.6737
21.6737
21.6737
21.6737
21.6737
21.6737
21.6737
22.8705
22.8705
22.8705
22.8705
22.8705
22.8705
22.8705
22.8705
24.0165
24.0165
24.0165
24.0165
24.0165
24.0165
24.0165
24.0165
24.9901
24.9901
24.9901
24.9901
24.9901
24.9901
24.9901
24.9901
25.7312
25.7312
25.7312
25.7312
25.7312
25.7312
25.7312
25.7312
26.1986
26.1986
26.1986
26.1986
26.1986
26.1986
26.1986
26.1986
26.3764
26.3764
26.3764
26.3764
26.3764
26.3764
26.3764
26.3764
26.276
26.276
26.276
26.276
26.276
26.276
26.276
26.276
25.9338
25.9338
25.9338
25.9338
25.9338
25.9338
25.9338
25.9338
25.4051
25.4051
25.4051
25.4051
25.4051
25.4051
25.4051
25.4051
24.7562
24.7562
24.7562
24.7562
24.7562
24.7562
24.7562
24.7562
24.0557
24.0557
24.0557
24.0557
24.0557
24.0557
24.0557
24.0557
23.3679
23.3679
23.3679
23.3679
23.3679
23.3679
23.3679
23.3679
22.7478
22.7478
22.7478
22.7478
22.7478
22.7478
22.7478
22.7478
22.2394
22.2394
22.2394
22.2394
22.2394
22.2394
22.2394
22.2394
21.8745
21.8745
21.8745
21.8745
21.8745
21.8745
21.8745
21.8745
21.6737
21.6737
21.6737
21.6737
21.6737
21.6737
21.6737
21.6737
22.8705
22.8705
22.8705
22.8705
22.8705
22.8705
22.8705
22.8705
24.0165
24.0165
24.0165
24.0165
24.0165
24.0165
24.0165
24.0165
24.9901
24.9901
24.9901
24.9901
24.9901
24.9901
24.9901
24.9901
25.7312
25.7312
25.7312
25.7312
25.7312
25.7312
25.7312
25.7312
26.1986
26.1986
26.1986
26.1986
26.1986
26.1986
26.1986
26.1986
26.3764
26.3764
26.3764
26.3764
26.3764
26.3764
26.3764
26.3764
26.276
26.276
26.276
26.276
26.276
26.276
26.276
26.276
25.9338
25.9338
25.9338
25.9338
25.9338
25.9338
25.9338
25.9338
25.4051
25.4051
25.4051
25.4051
25.4051
25.4051
25.4051
25.4051
24.7562
24.7562
24.7562
24.7562
24.7562
24.7562
24.7562
24.7562
24.0557
24.0557
24.0557
24.0557
24.0557
24.0557
24.0557
24.0557
23.3679
23.3679
23.3679
23.3679
23.3679
23.3679
23.3679
23.3679
22.7478
22.7478
22.7478
22.7478
22.7478
22.7478
22.7478
22.7478
22.2394
22.2394
22.2394
22.2394
22.2394
22.2394
22.2394
22.2394
21.8745
21.8745
21.8745
21.8745
21.8745
21.8745
21.8745
21.8745
21.6737
21.6737
21.6737
21.6737
21.6737
21.6737
21.6737
21.6737
22.8705
22.8705
22.8705
22.8705
22.8705
22.8705
22.8705
22.8705
24.0165
24.0165
24.0165
24.0165
24.0165
24.0165
24.0165
24.0165
24.9901
24.9901
24.9901
24.9901
24.9901
24.9901
24.9901
24.9901
25.7312
25.7312
25.7312
25.7312
25.7312
25.7312
25.7312
25.7312
26.1986
26.1986
26.1986
26.1986
26.1986
26.1986
26.1986
26.1986
26.3764
26.3764
26.3764
26.3764
26.3764
26.3764
26.3764
26.3764
26.276
26.276
26.276
26.276
26.276
26.276
26.276
26.276
25.9338
25.9338
25.9338
25.9338
25.9338
25.9338
25.9338
25.9338
25.4051
25.4051
25.4051
25.4051
25.4051
25.4051
25.4051
25.4051
24.7562
24.7562
24.7562
24.7562
24.7562
24.7562
24.7562
24.7562
24.0557
24.0557
24.0557
24.0557
24.0557
24.0557
24.0557
24.0557
23.3679
23.3679
23.3679
23.3679
23.3679
23.3679
23.3679
23.3679
22.7478
22.7478
22.7478
22.7478
22.7478
22.7478
22.7478
22.7478
22.2394
22.2394
22.2394
22.2394
22.2394
22.2394
22.2394
22.2394
21.8745
21.8745
21.8745
21.8745
21.8745
21.8745
21.8745
21.8745
21.6737
21.6737
21.6737
21.6737
21.6737
21.6737
21.6737
21.6737
23.6943
23.6943
23.6943
23.6943
23.6943
23.6943
23.6943
23.6943
24.889
24.889
24.889
24.889
24.889
24.889
24.889
24.889
25.9507
25.9507
25.9507
25.9507
25.9507
25.9507
25.9507
25.9507
26.8199
26.8199
26.8199
26.8199
26.8199
26.8199
26.8199
26.8199
27.4515
27.4515
27.4515
27.4515
27.4515
27.4515
27.4515
27.4515
27.8207
27.8207
27.8207
27.8207
27.8207
27.8207
27.8207
27.8207
27.9265
27.9265
27.9265
27.9265
27.9265
27.9265
27.9265
27.9265
27.7915
27.7915
27.7915
27.7915
27.7915
27.7915
27.7915
27.7915
27.4576
27.4576
27.4576
27.4576
27.4576
27.4576
27.4576
27.4576
26.9801
26.9801
26.9801
26.9801
26.9801
26.9801
26.9801
26.9801
26.4199
26.4199
26.4199
26.4199
26.4199
26.4199
26.4199
26.4199
25.8375
25.8375
25.8375
25.8375
25.8375
25.8375
25.8375
25.8375
25.2869
25.2869
25.2869
25.2869
25.2869
25.2869
25.2869
25.2869
24.813
24.813
24.813
24.813
24.813
24.813
24.813
24.813
24.4496
24.4496
24.4496
24.4496
24.4496
24.4496
24.4496
24.4496
24.2192
24.2192
24.2192
24.2192
24.2192
24.2192
24.2192
24.2192
23.6943
23.6943
23.6943
23.6943
23.6943
23.6943
23.6943
23.6943
24.889
24.889
24.889
24.889
24.889
24.889
24.889
24.889
25.9507
25.9507
25.9507
25.9507
25.9507
25.9507
25.9507
25.9507
26.8199
26.8199
26.8199
26.8199
26.8199
26.8199
26.8199
26.8199
27.4515
27.4515
27.4515
27.4515
27.4515
27.4515
27.4515
27.4515
27.8207
27.8207
27.8207
27.8207
27.8207
27.8207
27.8207
27.8207
27.9265
27.9265
27.9265
27.9265
27.9265
27.9265
27.9265
27.9265
27.7915
27.7915
27.7915
27.7915
27.7915
27.7915
27.7915
27.7915
27.4576
27.4576
27.4576
27.4576
27.4576
27.4576
27.4576
27.4576
26.9801
26.9801
26.9801
26.9801
26.9801
26.9801
26.9801
26.9801
26.4199
26.4199
26.4199
26.4199
26.4199
26.4199
26.4199
26.4199
25.8375
25.8375
25.8375
25.8375
25.8375
25.8375
25.8375
25.8375
25.2869
25.2869
25.2869
25.2869
25.2869
25.2869
25.2869
25.2869
24.813
24.813
24.813
24.813
24.813
24.813
24.813
24.813
24.4496
24.4496
24.4496
24.4496
24.4496
24.4496
24.4496
24.4496
24.2192
24.2192
24.2192
24.2192
24.2192
24.2192
24.2192
24.2192
23.6943
23.6943
23.6943
23.6943
23.6943
23.6943
23.6943
23.6943
24.889
24.889
24.889
24.889
24.889
24.889
24.889
24.889
25.9507
25.9507
25.9507
25.9507
25.9507
25.9507
25.9507
25.9507
26.8199
26.8199
26.8199
26.8199
26.8199
26.8199
26.8199
26.8199
27.4515
27.4515
27.4515
27.4515
27.4515
27.4515
27.4515
27.4515
27.8207
27.8207
27.8207
27.8207
27.8207
27.8207
27.8207
27.8207
27.9265
27.9265
27.9265
27.9265
27.9265
27.9265
27.9265
27.9265
27.7915
27.7915
27.7915
27.7915
27.7915
27.7915
27.7915
27.7915
27.4576
27.4576
27.4576
27.4576
27.4576
27.4576
27.4576
27.4576
26.9801
26.9801
26.9801
26.9801
26.9801
26.9801
26.9801
26.9801
26.4199
26.4199
26.4199
26.4199
26.4199
26.4199
26.4199
26.4199
25.8375
25.8375
25.8375
25.8375
25.8375
25.8375
25.8375
25.8375
25.2869
25.2869
25.2869
25.2869
25.2869
25.2869
25.2869
25.2869
24.813
24.813
24.813
24.813
24.813
24.813
24.813
24.813
24.4496
24.4496
24.4496
24.4496
24.4496
24.4496
24.4496
24.4496
24.2192
24.2192
24.2192
24.2192
24.2192
24.2192
24.2192
24.2192
23.6943
23.6943
23.6943
23.6943
23.6943
23.6943
23.6943
23.6943
24.889
24.889
24.889
24.889
24.889
24.889
24.889
24.889
25.9507
25.9507
25.9507
25.9507
25.9507
25.9507
25.9507
25.9507
26.8199
26.8199
26.8199
26.8199
26.8199
26.8199
26.8199
26.8199
27.4515
27.4515
27.4515
27.4515
27.4515
27.4515
27.4515
27.4515
27.8207
27.8207
27.8207
27.8207
27.8207
27.8207
27.8207
27.8207
27.9265
27.9265
27.9265
27.9265
27.9265
27.9265
27.9265
27.9265
27.7915
27.7915
27.7915
27.7915
27.7915
27.7915
27.7915
27.7915
27.4576
27.4576
27.4576
27.4576
27.4576
27.4576
27.4576
27.4576
26.9801
26.9801
26.9801
26.9801
26.9801
26.9801
26.9801
26.9801
26.4199
26.4199
26.4199
26.4199
26.4199
26.4199
26.4199
26.4199
25.8375
25.8375
25.8375
25.8375
25.8375
25.8375
25.8375
25.8375
25.2869
25.2869
25.2869
25.2869
25.2869
25.2869
25.2869
25.2869
24.813
24.813
24.813
24.813
24.813
24.813
24.813
24.813
24.4496
24.4496
24.4496
24.4496
24.4496
24.4496
24.4496
24.4496
24.2192
24.2192
24.2192
24.2192
24.2192
24.2192
24.2192
24.2192
24.7841
24.7841
24.7841
24.7841
24.7841
24.7841
24.7841
24.7841
26.038
26.038
26.038
26.038
26.038
26.038
26.038
26.038
27.1998
27.1998
27.1998
27.1998
27.1998
27.1998
27.1998
27.1998
28.2113
28.2113
28.2113
28.2113
28.2113
28.2113
28.2113
28.2113
29.0234
29.0234
29.0234
29.0234
29.0234
29.0234
29.0234
29.0234
29.603
29.603
29.603
29.603
29.603
29.603
29.603
29.603
29.9363
29.9363
29.9363
29.9363
29.9363
29.9363
29.9363
29.9363
30.0313
30.0313
30.0313
30.0313
30.0313
30.0313
30.0313
30.0313
29.915
29.915
29.915
29.915
29.915
29.915
29.915
29.915
29.6296
29.6296
29.6296
29.6296
29.6296
29.6296
29.6296
29.6296
29.226
29.226
29.226
29.226
29.226
29.226
29.226
29.226
28.7583
28.7583
28.7583
28.7583
28.7583
28.7583
28.7583
28.7583
28.2776
28.2776
28.2776
28.2776
28.2776
28.2776
28.2776
28.2776
27.8283
27.8283
27.8283
27.8283
27.8283
27.8283
27.8283
27.8283
27.4452
27.4452
27.4452
27.4452
27.4452
27.4452
27.4452
27.4452
27.1524
27.1524
27.1524
27.1524
27.1524
27.1524
27.1524
27.1524
24.7841
24.7841
24.7841
24.7841
24.7841
24.7841
24.7841
24.7841
26.038
26.038
26.038
26.038
26.038
26.038
26.038
26.038
27.1998
27.1998
27.1998
27.1998
27.1998
27.1998
27.1998
27.1998
28.2113
28.2113
28.2113
28.2113
28.2113
28.2113
28.2113
28.2113
29.0234
29.0234
29.0234
29.0234
29.0234
29.0234
29.0234
29.0234
29.603
29.603
29.603
29.603
29.603
29.603
29.603
29.603
29.9363
29.9363
29.9363
29.9363
29.9363
29.9363
29.9363
29.9363
30.0313
30.0313
30.0313
30.0313
30.0313
30.0313
30.0313
30.0313
29.915
29.915
29.915
29.915
29.915
29.915
29.915
29.915
29.6296
29.6296
29.6296
29.6296
29.6296
29.6296
29.6296
29.6296
29.226
29.226
29.226
29.226
29.226
29.226
29.226
29.226
28.7583
28.7583
28.7583
28.7583
28.7583
28.7583
28.7583
28.7583
28.2776
28.2776
28.2776
28.2776
28.2776
28.2776
28.2776
28.2776
27.8283
27.8283
27.8283
27.8283
27.8283
27.8283
27.8283
27.8283
27.4452
27.4452
27.4452
27.4452
27.4452
27.4452
27.4452
27.4452
27.1524
27.1524
27.1524
27.1524
27.1524
27.1524
27.1524
27.1524
24.7841
24.7841
24.7841
24.7841
24.7841
24.7841
24.7841
24.7841
26.038
26.038
26.038
26.038
26.038
26.038
26.038
26.038
27.1998
27.1998
27.1998
27.1998
27.1998
27.1998
27.1998
27.1998
28.2113
28.2113
28.2113
28.2113
28.2113
28.2113
28.2113
28.2113
29.0234
29.0234
29.0234
29.0234
29.0234
29.0234
29.0234
29.0234
29.603
29.603
29.603
29.603
29.603
29.603
29.603
29.603
29.9363
29.9363
29.9363
29.9363
29.9363
29.9363
29.9363
29.9363
30.0313
30.0313
30.0313
30.0313
30.0313
30.0313
30.0313
30.0313
29.915
29.915
29.915
29.915
29.915
29.915
29.915
29.915
29.6296
29.6296
29.6296
29.6296
29.6296
29.6296
29.6296
29.6296
29.226
29.226
29.226
29.226
29.226
29.226
29.226
29.226
28.7583
28.7583
28.7583
28.7583
28.7583
28.7583
28.7583
28.7583
28.2776
28.2776
28.2776
28.2776
28.2776
28.2776
28.2776
28.2776
27.8283
27.8283
27.8283
27.8283
27.8283
27.8283
27.8283
27.8283
27.4452
27.4452
27.4452
27.4452
27.4452
27.4452
27.4452
27.4452
27.1524
27.1524
27.1524
27.1524
27.1524
27.1524
27.1524
27.1524
24.7841
24.7841
24.7841
24.7841
24.7841
24.7841
24.7841
24.7841
26.038
26.038
26.038
26.038
26.038
26.038
26.038
26.038
27.1998
27.1998
27.1998
27.1998
27.1998
27.1998
27.1998
27.1998
28.2113
28.2113
28.2113
28.2113
28.2113
28.2113
28.2113
28.2113
29.0234
29.0234
29.0234
29.0234
29.0234
29.0234
29.0234
29.0234
29.603
29.603
29.603
29.603
29.603
29.603
29.603
29.603
29.9363
29.9363
29.9363
29.9363
29.9363
29.9363
29.9363
29.9363
30.0313
30.0313
30.0313
30.0313
30.0313
30.0313
30.0313
30.0313
29.915
29.915
29.915
29.915
29.915
29.915
29.915
29.915
29.6296
29.6296
29.6296
29.6296
29.6296
29.6296
29.6296
29.6296
29.226
29.226
29.226
29.226
29.226
29.226
29.226
29.226
28.7583
28.7583
28.7583
28.7583
28.7583
28.7583
28.7583
28.7583
28.2776
28.2776
28.2776
28.2776
28.2776
28.2776
28.2776
28.2776
27.8283
27.8283
27.8283
27.8283
27.8283
27.8283
27.8283
27.8283
27.4452
27.4452
27.4452
27.4452
27.4452
27.4452
27.4452
27.4452
27.1524
27.1524
27.1524
27.1524
27.1524
27.1524
27.1524
27.1524
26.087
26.087
26.087
26.087
26.087
26.087
26.087
26.087
27.4099
27.4099
27.4099
27.4099
27.4099
27.4099
27.4099
27.4099
28.6848
28.6848
28.6848
28.6848
28.6848
28.6848
28.6848
28.6848
29.8545
29.8545
29.8545
29.8545
29.8545
29.8545
29.8545
29.8545
30.8668
30.8668
30.8668
30.8668
30.8668
30.8668
30.8668
30.8668
31.6797
31.6797
31.6797
31.6797
31.6797
31.6797
31.6797
31.6797
32.2669
32.2669
32.2669
32.2669
32.2669
32.2669
32.2669
32.2669
32.6201
32.6201
32.6201
32.6201
32.6201
32.6201
32.6201
32.6201
32.7497
32.7497
32.7497
32.7497
32.7497
32.7497
32.7497
32.7497
32.6818
32.6818
32.6818
32.6818
32.6818
32.6818
32.6818
32.6818
32.4545
32.4545
32.4545
32.4545
32.4545
32.4545
32.4545
32.4545
32.1124
32.1124
32.1124
32.1124
32.1124
32.1124
32.1124
32.1124
31.7009
31.7009
31.7009
31.7009
31.7009
31.7009
31.7009
31.7009
31.2622
31.2622
31.2622
31.2622
31.2622
31.2622
31.2622
31.2622
30.8311
30.8311
30.8311
30.8311
30.8311
30.8311
30.8311
30.8311
30.4334
30.4334
30.4334
30.4334
30.4334
30.4334
30.4334
30.4334
26.087
26.087
26.087
26.087
26.087
26.087
26.087
26.087
27.4099
27.4099
27.4099
27.4099
27.4099
27.4099
27.4099
27.4099
28.6848
28.6848
28.6848
28.6848
28.6848
28.6848
28.6848
28.6848
29.8545
29.8545
29.8545
29.8545
29.8545
29.8545
29.8545
29.8545
30.8668
30.8668
30.8668
30.8668
30.8668
30.8668
30.8668
30.8668
31.6797
31.6797
31.6797
31.6797
31.6797
31.6797
31.6797
31.6797
32.2669
32.2669
32.2669
32.2669
32.2669
32.2669
32.2669
32.2669
32.6201
32.6201
32.6201
32.6201
32.6201
32.6201
32.6201
32.6201
32.7497
32.7497
32.7497
32.7497
32.7497
32.7497
32.7497
32.7497
32.6818
32.6818
32.6818
32.6818
32.6818
32.6818
32.6818
32.6818
32.4545
32.4545
32.4545
32.4545
32.4545
32.4545
32.4545
32.4545
32.1124
32.1124
32.1124
32.1124
32.1124
32.1124
32.1124
32.1124
31.7009
31.7009
31.7009
31.7009
31.7009
31.7009
31.7009
31.7009
31.2622
31.2622
31.2622
31.2622
31.2622
31.2622
31.2622
31.2622
30.8311
30.8311
30.8311
30.8311
30.8311
30.8311
30.8311
30.8311
30.4334
30.4334
30.4334
30.4334
30.4334
30.4334
30.4334
30.4334
26.087
26.087
26.087
26.087
26.087
26.087
26.087
26.087
27.4099
27.4099
27.4099
27.4099
27.4099
27.4099
27.4099
27.4099
28.6848
28.6848
28.6848
28.6848
28.6848
28.6848
28.6848
28.6848
29.8545
29.8545
29.8545
29.8545
29.8545
29.8545
29.8545
29.8545
30.8668
30.8668
30.8668
30.8668
30.8668
30.8668
30.8668
30.8668
31.6797
31.6797
31.6797
31.6797
31.6797
31.6797
31.6797
31.6797
32.2669
32.2669
32.2669
32.2669
32.2669
32.2669
32.2669
32.2669
32.6201
32.6201
32.6201
32.6201
32.6201
32.6201
32.6201
32.6201
32.7497
32.7497
32.7497
32.7497
32.7497
32.7497
32.7497
32.7497
32.6818
32.6818
32.6818
32.6818
32.6818
32.6818
32.6818
32.6818
32.4545
32.4545
32.4545
32.4545
32.4545
32.4545
32.4545
32.4545
32.1124
32.1124
32.1124
32.1124
32.1124
32.1124
32.1124
32.1124
31.7009
31.7009
31.7009
31.7009
31.7009
31.7009
31.7009
31.7009
31.2622
31.2622
31.2622
31.2622
31.2622
31.2622
31.2622
31.2622
30.8311
30.8311
30.8311
30.8311
30.8311
30.8311
30.8311
30.8311
30.4334
30.4334
30.4334
30.4334
30.4334
30.4334
30.4334
30.4334
26.087
26.087
26.087
26.087
26.087
26.087
26.087
26.087
27.4099
27.4099
27.4099
27.4099
27.4099
27.4099
27.4099
27.4099
28.6848
28.6848
28.6848
28.6848
28.6848
28.6848
28.6848
28.6848
29.8545
29.8545
29.8545
29.8545
29.8545
29.8545
29.8545
29.8545
30.8668
30.8668
30.8668
30.8668
30.8668
30.8668
30.8668
30.8668
31.6797
31.6797
31.6797
31.6797
31.6797
31.6797
31.6797
31.6797
32.2669
32.2669
32.2669
32.2669
32.2669
32.2669
32.2669
32.2669
32.6201
32.6201
32.6201
32.6201
32.6201
32.6201
32.6201
32.6201
32.7497
32.7497
32.7497
32.7497
32.7497
32.7497
32.7497
32.7497
32.6818
32.6818
32.6818
32.6818
32.6818
32.6818
32.6818
32.6818
32.4545
32.4545
32.4545
32.4545
32.4545
32.4545
32.4545
32.4545
32.1124
32.1124
32.1124
32.1124
32.1124
32.1124
32.1124
32.1124
31.7009
31.7009
31.7009
31.7009
31.7009
31.7009
31.7009
31.7009
31.2622
31.2622
31.2622
31.2622
31.2622
31.2622
31.2622
31.2622
30.8311
30.8311
30.8311
30.8311
30.8311
30.8311
30.8311
30.8311
30.4334
30.4334
30.4334
30.4334
30.4334
30.4334
30.4334
30.4334
27.5409
27.5409
27.5409
27.5409
27.5409
27.5409
27.5409
27.5409
28.9417
28.9417
28.9417
28.9417
28.9417
28.9417
28.9417
28.9417
30.342
30.342
30.342
30.342
30.342
30.342
30.342
30.342
31.6864
31.6864
31.6864
31.6864
31.6864
31.6864
31.6864
31.6864
32.9193
32.9193
32.9193
32.9193
32.9193
32.9193
32.9193
32.9193
33.9907
33.9907
33.9907
33.9907
33.9907
33.9907
33.9907
33.9907
34.8605
34.8605
34.8605
34.8605
34.8605
34.8605
34.8605
34.8605
35.5033
35.5033
35.5033
35.5033
35.5033
35.5033
35.5033
35.5033
35.9099
35.9099
35.9099
35.9099
35.9099
35.9099
35.9099
35.9099
36.0877
36.0877
36.0877
36.0877
36.0877
36.0877
36.0877
36.0877
36.0578
36.0578
36.0578
36.0578
36.0578
36.0578
36.0578
36.0578
35.8516
35.8516
35.8516
35.8516
35.8516
35.8516
35.8516
35.8516
35.5059
35.5059
35.5059
35.5059
35.5059
35.5059
35.5059
35.5059
35.0583
35.0583
35.0583
35.0583
35.0583
35.0583
35.0583
35.0583
34.543
34.543
34.543
34.543
34.543
34.543
34.543
34.543
33.988
33.988
33.988
33.988
33.988
33.988
33.988
33.988
27.5409
27.5409
27.5409
27.5409
27.5409
27.5409
27.5409
27.5409
28.9417
28.9417
28.9417
28.9417
28.9417
28.9417
28.9417
28.9417
30.342
30.342
30.342
30.342
30.342
30.342
30.342
30.342
31.6864
31.6864
31.6864
31.6864
31.6864
31.6864
31.6864
31.6864
32.9193
32.9193
32.9193
32.9193
32.9193
32.9193
32.9193
32.9193
33.9907
33.9907
33.9907
33.9907
33.9907
33.9907
33.9907
33.9907
34.8605
34.8605
34.8605
34.8605
34.8605
34.8605
34.8605
34.8605
35.5033
35.5033
35.5033
35.5033
35.5033
35.5033
35.5033
35.5033
35.9099
35.9099
35.9099
35.9099
35.9099
35.9099
35.9099
35.9099
36.0877
36.0877
36.0877
36.0877
36.0877
36.0877
36.0877
36.0877
36.0578
36.0578
36.0578
36.0578
36.0578
36.0578
36.0578
36.0578
35.8516
35.8516
35.8516
35.8516
35.8516
35.8516
35.8516
35.8516
35.5059
35.5059
35.5059
35.5059
35.5059
35.5059
35.5059
35.5059
35.0583
35.0583
35.0583
35.0583
35.0583
35.0583
35.0583
35.0583
34.543
34.543
34.543
34.543
34.543
34.543
34.543
34.543
33.988
33.988
33.988
33.988
33.988
33.988
33.988
33.988
27.5409
27.5409
27.5409
27.5409
27.5409
27.5409
27.5409
27.5409
28.9417
28.9417
28.9417
28.9417
28.9417
28.9417
28.9417
28.9417
30.342
30.342
30.342
30.342
30.342
30.342
30.342
30.342
31.6864
31.6864
31.6864
31.6864
31.6864
31.6864
31.6864
31.6864
32.9193
32.9193
32.9193
32.9193
32.9193
32.9193
32.9193
32.9193
33.9907
33.9907
33.9907
33.9907
33.9907
33.9907
33.9907
33.9907
34.8605
34.8605
34.8605
34.8605
34.8605
34.8605
34.8605
34.8605
35.5033
35.5033
35.5033
35.5033
35.5033
35.5033
35.5033
35.5033
35.9099
35.9099
35.9099
35.9099
35.9099
35.9099
35.9099
35.9099
36.0877
36.0877
36.0877
36.0877
36.0877
36.0877
36.0877
36.0877
36.0578
36.0578
36.0578
36.0578
36.0578
36.0578
36.0578
36.0578
35.8516
35.8516
35.8516
35.8516
35.8516
35.8516
35.8516
35.8516
35.5059
35.5059
35.5059
35.5059
35.5059
35.5059
35.5059
35.5059
35.0583
35.0583
35.0583
35.0583
35.0583
35.0583
35.0583
35.0583
34.543
34.543
34.543
34.543
34.543
34.543
34.543
34.543
33.988
33.988
33.988
33.988
33.988
33.988
33.988
33.988
27.5409
27.5409
27.5409
27.5409
27.5409
27.5409
27.5409
27.5409
28.9417
28.9417
28.9417
28.9417
28.9417
28.9417
28.9417
28.9417
30.342
30.342
30.342
30.342
30.342
30.342
30.342
30.342
31.6864
31.6864
31.6864
31.6864
31.6864
31.6864
31.6864
31.6864
32.9193
32.9193
32.9193
32.9193
32.9193
32.9193
32.9193
32.9193
33.9907
33.9907
33.9907
33.9907
33.9907
33.9907
33.9907
33.9907
34.8605
34.8605
34.8605
34.8605
34.8605
34.8605
34.8605
34.8605
35.5033
35.5033
35.5033
35.5033
35.5033
35.5033
35.5033
35.5033
35.9099
35.9099
35.9099
35.9099
35.9099
35.9099
35.9099
35.9099
36.0877
36.0877
36.0877
36.0877
36.0877
36.0877
36.0877
36.0877
36.0578
36.0578
36.0578
36.0578
36.0578
36.0578
36.0578
36.0578
35.8516
35.8516
35.8516
35.8516
35.8516
35.8516
35.8516
35.8516
35.5059
35.5059
35.5059
35.5059
35.5059
35.5059
35.5059
35.5059
35.0583
35.0583
35.0583
35.0583
35.0583
35.0583
35.0583
35.0583
34.543
34.543
34.543
34.543
34.543
34.543
34.543
34.543
33.988
33.988
33.988
33.988
33.988
33.988
33.988
33.988
29.0749
29.0749
29.0749
29.0749
29.0749
29.0749
29.0749
29.0749
30.5607
30.5607
30.5607
30.5607
30.5607
30.5607
30.5607
30.5607
32.097
32.097
32.097
32.097
32.097
32.097
32.097
32.097
33.6307
33.6307
33.6307
33.6307
33.6307
33.6307
33.6307
33.6307
35.1037
35.1037
35.1037
35.1037
35.1037
35.1037
35.1037
35.1037
36.4574
36.4574
36.4574
36.4574
36.4574
36.4574
36.4574
36.4574
37.638
37.638
37.638
37.638
37.638
37.638
37.638
37.638
38.6011
38.6011
38.6011
38.6011
38.6011
38.6011
38.6011
38.6011
39.3158
39.3158
39.3158
39.3158
39.3158
39.3158
39.3158
39.3158
39.7666
39.7666
39.7666
39.7666
39.7666
39.7666
39.7666
39.7666
39.9536
39.9536
39.9536
39.9536
39.9536
39.9536
39.9536
39.9536
39.891
39.891
39.891
39.891
39.891
39.891
39.891
39.891
39.6031
39.6031
39.6031
39.6031
39.6031
39.6031
39.6031
39.6031
39.1209
39.1209
39.1209
39.1209
39.1209
39.1209
39.1209
39.1209
38.4775
38.4775
38.4775
38.4775
38.4775
38.4775
38.4775
38.4775
37.7048
37.7048
37.7048
37.7048
37.7048
37.7048
37.7048
37.7048
29.0749
29.0749
29.0749
29.0749
29.0749
29.0749
29.0749
29.0749
30.5607
30.5607
30.5607
30.5607
30.5607
30.5607
30.5607
30.5607
32.097
32.097
32.097
32.097
32.097
32.097
32.097
32.097
33.6307
33.6307
33.6307
33.6307
33.6307
33.6307
33.6307
33.6307
35.1037
35.1037
35.1037
35.1037
35.1037
35.1037
35.1037
35.1037
36.4574
36.4574
36.4574
36.4574
36.4574
36.4574
36.4574
36.4574
37.638
37.638
37.638
37.638
37.638
37.638
37.638
37.638
38.6011
38.6011
38.6011
38.6011
38.6011
38.6011
38.6011
38.6011
39.3158
39.3158
39.3158
39.3158
39.3158
39.3158
39.3158
39.3158
39.7666
39.7666
39.7666
39.7666
39.7666
39.7666
39.7666
39.7666
39.9536
39.9536
39.9536
39.9536
39.9536
39.9536
39.9536
39.9536
39.891
39.891
39.891
39.891
39.891
39.891
39.891
39.891
39.6031
39.6031
39.6031
39.6031
39.6031
39.6031
39.6031
39.6031
39.1209
39.1209
39.1209
39.1209
39.1209
39.1209
39.1209
39.1209
38.4775
38.4775
38.4775
38.4775
38.4775
38.4775
38.4775
38.4775
37.7048
37.7048
37.7048
37.7048
37.7048
37.7048
37.7048
37.7048
29.0749
29.0749
29.0749
29.0749
29.0749
29.0749
29.0749
29.0749
30.5607
30.5607
30.5607
30.5607
30.5607
30.5607
30.5607
30.5607
32.097
32.097
32.097
32.097
32.097
32.097
32.097
32.097
33.6307
33.6307
33.6307
33.6307
33.6307
33.6307
33.6307
33.6307
35.1037
35.1037
35.1037
35.1037
35.1037
35.1037
35.1037
35.1037
36.4574
36.4574
36.4574
36.4574
36.4574
36.4574
36.4574
36.4574
37.638
37.638
37.638
37.638
37.638
37.638
37.638
37.638
38.6011
38.6011
38.6011
38.6011
38.6011
38.6011
38.6011
38.6011
39.3158
39.3158
39.3158
39.3158
39.3158
39.3158
39.3158
39.3158
39.7666
39.7666
39.7666
39.7666
39.7666
39.7666
39.7666
39.7666
39.9536
39.9536
39.9536
39.9536
39.9536
39.9536
39.9536
39.9536
39.891
39.891
39.891
39.891
39.891
39.891
39.891
39.891
39.6031
39.6031
39.6031
39.6031
39.6031
39.6031
39.6031
39.6031
39.1209
39.1209
39.1209
39.1209
39.1209
39.1209
39.1209
39.1209
38.4775
38.4775
38.4775
38.4775
38.4775
38.4775
38.4775
38.4775
37.7048
37.7048
37.7048
37.7048
37.7048
37.7048
37.7048
37.7048
29.0749
29.0749
29.0749
29.0749
29.0749
29.0749
29.0749
29.0749
30.5607
30.5607
30.5607
30.5607
30.5607
30.5607
30.5607
30.5607
32.097
32.097
32.097
32.097
32.097
32.097
32.097
32.097
33.6307
33.6307
33.6307
33.6307
33.6307
33.6307
33.6307
33.6307
35.1037
35.1037
35.1037
35.1037
35.1037
35.1037
35.1037
35.1037
36.4574
36.4574
36.4574
36.4574
36.4574
36.4574
36.4574
36.4574
37.638
37.638
37.638
37.638
37.638
37.638
37.638
37.638
38.6011
38.6011
38.6011
38.6011
38.6011
38.6011
38.6011
38.6011
39.3158
39.3158
39.3158
39.3158
39.3158
39.3158
39.3158
39.3158
39.7666
39.7666
39.7666
39.7666
39.7666
39.7666
39.7666
39.7666
39.9536
39.9536
39.9536
39.9536
39.9536
39.9536
39.9536
39.9536
39.891
39.891
39.891
39.891
39.891
39.891
39.891
39.891
39.6031
39.6031
39.6031
39.6031
39.6031
39.6031
39.6031
39.6031
39.1209
39.1209
39.1209
39.1209
39.1209
39.1209
39.1209
39.1209
38.4775
38.4775
38.4775
38.4775
38.4775
38.4775
38.4775
38.4775
37.7048
37.7048
37.7048
37.7048
37.7048
37.7048
37.7048
37.7048
