8192
15.5681
15.5681
15.5681
15.5681
15.5681
15.5681
15.5681
15.5681
15.4878
15.4878
15.4878
15.4878
15.4878
15.4878
15.4878
15.4878
15.678
15.678
15.678
15.678
15.678
15.678
15.678
15.678
16.1223
16.1223
16.1223
16.1223
16.1223
16.1223
16.1223
16.1223
16.8033
16.8033
16.8033
16.8033
16.8033
16.8033
16.8033
16.8033
17.6996
17.6996
17.6996
17.6996
17.6996
17.6996
17.6996
17.6996
18.7824
18.7824
18.7824
18.7824
18.7824
18.7824
18.7824
18.7824
20.0131
20.0131
20.0131
20.0131
20.0131
20.0131
20.0131
20.0131
21.3414
21.3414
21.3414
21.3414
21.3414
21.3414
21.3414
21.3414
22.7054
22.7054
22.7054
22.7054
22.7054
22.7054
22.7054
22.7054
24.035
24.035
24.035
24.035
24.035
24.035
24.035
24.035
25.2566
25.2566
25.2566
25.2566
25.2566
25.2566
25.2566
25.2566
26.3004
26.3004
26.3004
26.3004
26.3004
26.3004
26.3004
26.3004
27.1079
27.1079
27.1079
27.1079
27.1079
27.1079
27.1079
27.1079
27.6386
27.6386
27.6386
27.6386
27.6386
27.6386
27.6386
27.6386
27.874
27.874
27.874
27.874
27.874
27.874
27.874
27.874
15.5681
15.5681
15.5681
15.5681
15.5681
15.5681
15.5681
15.5681
15.4878
15.4878
15.4878
15.4878
15.4878
15.4878
15.4878
15.4878
15.678
15.678
15.678
15.678
15.678
15.678
15.678
15.678
16.1223
16.1223
16.1223
16.1223
16.1223
16.1223
16.1223
16.1223
16.8033
16.8033
16.8033
16.8033
16.8033
16.8033
16.8033
16.8033
17.6996
17.6996
17.6996
17.6996
17.6996
17.6996
17.6996
17.6996
18.7824
18.7824
18.7824
18.7824
18.7824
18.7824
18.7824
18.7824
20.0131
20.0131
20.0131
20.0131
20.0131
20.0131
20.0131
20.0131
21.3414
21.3414
21.3414
21.3414
21.3414
21.3414
21.3414
21.3414
22.7054
22.7054
22.7054
22.7054
22.7054
22.7054
22.7054
22.7054
24.035
24.035
24.035
24.035
24.035
24.035
24.035
24.035
25.2566
25.2566
25.2566
25.2566
25.2566
25.2566
25.2566
25.2566
26.3004
26.3004
26.3004
26.3004
26.3004
26.3004
26.3004
26.3004
27.1079
27.1079
27.1079
27.1079
27.1079
27.1079
27.1079
27.1079
27.6386
27.6386
27.6386
27.6386
27.6386
27.6386
27.6386
27.6386
27.874
27.874
27.874
27.874
27.874
27.874
27.874
27.874
15.5681
15.5681
15.5681
15.5681
15.5681
15.5681
15.5681
15.5681
15.4878
15.4878
15.4878
15.4878
15.4878
15.4878
15.4878
15.4878
15.678
15.678
15.678
15.678
15.678
15.678
15.678
15.678
16.1223
16.1223
16.1223
16.1223
16.1223
16.1223
16.1223
16.1223
16.8033
16.8033
16.8033
16.8033
16.8033
16.8033
16.8033
16.8033
17.6996
17.6996
17.6996
17.6996
17.6996
17.6996
17.6996
17.6996
18.7824
18.7824
18.7824
18.7824
18.7824
18.7824
18.7824
18.7824
20.0131
20.0131
20.0131
20.0131
20.0131
20.0131
20.0131
20.0131
21.3414
21.3414
21.3414
21.3414
21.3414
21.3414
21.3414
21.3414
22.7054
22.7054
22.7054
22.7054
22.7054
22.7054
22.7054
22.7054
24.035
24.035
24.035
24.035
24.035
24.035
24.035
24.035
25.2566
25.2566
25.2566
25.2566
25.2566
25.2566
25.2566
25.2566
26.3004
26.3004
26.3004
26.3004
26.3004
26.3004
26.3004
26.3004
27.1079
27.1079
27.1079
27.1079
27.1079
27.1079
27.1079
27.1079
27.6386
27.6386
27.6386
27.6386
27.6386
27.6386
27.6386
27.6386
27.874
27.874
27.874
27.874
27.874
27.874
27.874
27.874
15.5681
15.5681
15.5681
15.5681
15.5681
15.5681
15.5681
15.5681
15.4878
15.4878
15.4878
15.4878
15.4878
15.4878
15.4878
15.4878
15.678
15.678
15.678
15.678
15.678
15.678
15.678
15.678
16.1223
16.1223
16.1223
16.1223
16.1223
16.1223
16.1223
16.1223
16.8033
16.8033
16.8033
16.8033
16.8033
16.8033
16.8033
16.8033
17.6996
17.6996
17.6996
17.6996
17.6996
17.6996
17.6996
17.6996
18.7824
18.7824
18.7824
18.7824
18.7824
18.7824
18.7824
18.7824
20.0131
20.0131
20.0131
20.0131
20.0131
20.0131
20.0131
20.0131
21.3414
21.3414
21.3414
21.3414
21.3414
21.3414
21.3414
21.3414
22.7054
22.7054
22.7054
22.7054
22.7054
22.7054
22.7054
22.7054
24.035
24.035
24.035
24.035
24.035
24.035
24.035
24.035
25.2566
25.2566
25.2566
25.2566
25.2566
25.2566
25.2566
25.2566
26.3004
26.3004
26.3004
26.3004
26.3004
26.3004
26.3004
26.3004
27.1079
27.1079
27.1079
27.1079
27.1079
27.1079
27.1079
27.1079
27.6386
27.6386
27.6386
27.6386
27.6386
27.6386
27.6386
27.6386
27.874
27.874
27.874
27.874
27.874
27.874
27.874
27.874
14.7638
14.7638
14.7638
14.7638
14.7638
14.7638
14.7638
14.7638
14.7484
14.7484
14.7484
14.7484
14.7484
14.7484
14.7484
14.7484
14.9946
14.9946
14.9946
14.9946
14.9946
14.9946
14.9946
14.9946
15.4895
15.4895
15.4895
15.4895
15.4895
15.4895
15.4895
15.4895
16.2193
16.2193
16.2193
16.2193
16.2193
16.2193
16.2193
16.2193
17.165
17.165
17.165
17.165
17.165
17.165
17.165
17.165
18.3003
18.3003
18.3003
18.3003
18.3003
18.3003
18.3003
18.3003
19.5876
19.5876
19.5876
19.5876
19.5876
19.5876
19.5876
19.5876
20.9765
20.9765
20.9765
20.9765
20.9765
20.9765
20.9765
20.9765
22.4038
22.4038
22.4038
22.4038
22.4038
22.4038
22.4038
22.4038
23.7969
23.7969
23.7969
23.7969
23.7969
23.7969
23.7969
23.7969
25.0787
25.0787
25.0787
25.0787
25.0787
25.0787
25.0787
25.0787
26.1757
26.1757
26.1757
26.1757
26.1757
26.1757
26.1757
26.1757
27.0261
27.0261
27.0261
27.0261
27.0261
27.0261
27.0261
27.0261
27.5875
27.5875
27.5875
27.5875
27.5875
27.5875
27.5875
27.5875
27.8407
27.8407
27.8407
27.8407
27.8407
27.8407
27.8407
27.8407
14.7638
14.7638
14.7638
14.7638
14.7638
14.7638
14.7638
14.7638
14.7484
14.7484
14.7484
14.7484
14.7484
14.7484
14.7484
14.7484
14.9946
14.9946
14.9946
14.9946
14.9946
14.9946
14.9946
14.9946
15.4895
15.4895
15.4895
15.4895
15.4895
15.4895
15.4895
15.4895
16.2193
16.2193
16.2193
16.2193
16.2193
16.2193
16.2193
16.2193
17.165
17.165
17.165
17.165
17.165
17.165
17.165
17.165
18.3003
18.3003
18.3003
18.3003
18.3003
18.3003
18.3003
18.3003
19.5876
19.5876
19.5876
19.5876
19.5876
19.5876
19.5876
19.5876
20.9765
20.9765
20.9765
20.9765
20.9765
20.9765
20.9765
20.9765
22.4038
22.4038
22.4038
22.4038
22.4038
22.4038
22.4038
22.4038
23.7969
23.7969
23.7969
23.7969
23.7969
23.7969
23.7969
23.7969
25.0787
25.0787
25.0787
25.0787
25.0787
25.0787
25.0787
25.0787
26.1757
26.1757
26.1757
26.1757
26.1757
26.1757
26.1757
26.1757
27.0261
27.0261
27.0261
27.0261
27.0261
27.0261
27.0261
27.0261
27.5875
27.5875
27.5875
27.5875
27.5875
27.5875
27.5875
27.5875
27.8407
27.8407
27.8407
27.8407
27.8407
27.8407
27.8407
27.8407
14.7638
14.7638
14.7638
14.7638
14.7638
14.7638
14.7638
14.7638
14.7484
14.7484
14.7484
14.7484
14.7484
14.7484
14.7484
14.7484
14.9946
14.9946
14.9946
14.9946
14.9946
14.9946
14.9946
14.9946
15.4895
15.4895
15.4895
15.4895
15.4895
15.4895
15.4895
15.4895
16.2193
16.2193
16.2193
16.2193
16.2193
16.2193
16.2193
16.2193
17.165
17.165
17.165
17.165
17.165
17.165
17.165
17.165
18.3003
18.3003
18.3003
18.3003
18.3003
18.3003
18.3003
18.3003
19.5876
19.5876
19.5876
19.5876
19.5876
19.5876
19.5876
19.5876
20.9765
20.9765
20.9765
20.9765
20.9765
20.9765
20.9765
20.9765
22.4038
22.4038
22.4038
22.4038
22.4038
22.4038
22.4038
22.4038
23.7969
23.7969
23.7969
23.7969
23.7969
23.7969
23.7969
23.7969
25.0787
25.0787
25.0787
25.0787
25.0787
25.0787
25.0787
25.0787
26.1757
26.1757
26.1757
26.1757
26.1757
26.1757
26.1757
26.1757
27.0261
27.0261
27.0261
27.0261
27.0261
27.0261
27.0261
27.0261
27.5875
27.5875
27.5875
27.5875
27.5875
27.5875
27.5875
27.5875
27.8407
27.8407
27.8407
27.8407
27.8407
27.8407
27.8407
27.8407
14.7638
14.7638
14.7638
14.7638
14.7638
14.7638
14.7638
14.7638
14.7484
14.7484
14.7484
14.7484
14.7484
14.7484
14.7484
14.7484
14.9946
14.9946
14.9946
14.9946
14.9946
14.9946
14.9946
14.9946
15.4895
15.4895
15.4895
15.4895
15.4895
15.4895
15.4895
15.4895
16.2193
16.2193
16.2193
16.2193
16.2193
16.2193
16.2193
16.2193
17.165
17.165
17.165
17.165
17.165
17.165
17.165
17.165
18.3003
18.3003
18.3003
18.3003
18.3003
18.3003
18.3003
18.3003
19.5876
19.5876
19.5876
19.5876
19.5876
19.5876
19.5876
19.5876
20.9765
20.9765
20.9765
20.9765
20.9765
20.9765
20.9765
20.9765
22.4038
22.4038
22.4038
22.4038
22.4038
22.4038
22.4038
22.4038
23.7969
23.7969
23.7969
23.7969
23.7969
23.7969
23.7969
23.7969
25.0787
25.0787
25.0787
25.0787
25.0787
25.0787
25.0787
25.0787
26.1757
26.1757
26.1757
26.1757
26.1757
26.1757
26.1757
26.1757
27.0261
27.0261
27.0261
27.0261
27.0261
27.0261
27.0261
27.0261
27.5875
27.5875
27.5875
27.5875
27.5875
27.5875
27.5875
27.5875
27.8407
27.8407
27.8407
27.8407
27.8407
27.8407
27.8407
27.8407
14.2769
14.2769
14.2769
14.2769
14.2769
14.2769
14.2769
14.2769
14.3175
14.3175
14.3175
14.3175
14.3175
14.3175
14.3175
14.3175
14.6113
14.6113
14.6113
14.6113
14.6113
14.6113
14.6113
14.6113
15.1488
15.1488
15.1488
15.1488
15.1488
15.1488
15.1488
15.1488
15.9179
15.9179
15.9179
15.9179
15.9179
15.9179
15.9179
15.9179
16.9017
16.9017
16.9017
16.9017
16.9017
16.9017
16.9017
16.9017
18.0746
18.0746
18.0746
18.0746
18.0746
18.0746
18.0746
18.0746
19.3993
19.3993
19.3993
19.3993
19.3993
19.3993
19.3993
19.3993
20.8247
20.8247
20.8247
20.8247
20.8247
20.8247
20.8247
20.8247
22.2862
22.2862
22.2862
22.2862
22.2862
22.2862
22.2862
22.2862
23.7092
23.7092
23.7092
23.7092
23.7092
23.7092
23.7092
23.7092
25.0145
25.0145
25.0145
25.0145
25.0145
25.0145
25.0145
25.0145
26.1265
26.1265
26.1265
26.1265
26.1265
26.1265
26.1265
26.1265
26.9829
26.9829
26.9829
26.9829
26.9829
26.9829
26.9829
26.9829
27.5412
27.5412
27.5412
27.5412
27.5412
27.5412
27.5412
27.5412
27.7839
27.7839
27.7839
27.7839
27.7839
27.7839
27.7839
27.7839
14.2769
14.2769
14.2769
14.2769
14.2769
14.2769
14.2769
14.2769
14.3175
14.3175
14.3175
14.3175
14.3175
14.3175
14.3175
14.3175
14.6113
14.6113
14.6113
14.6113
14.6113
14.6113
14.6113
14.6113
15.1488
15.1488
15.1488
15.1488
15.1488
15.1488
15.1488
15.1488
15.9179
15.9179
15.9179
15.9179
15.9179
15.9179
15.9179
15.9179
16.9017
16.9017
16.9017
16.9017
16.9017
16.9017
16.9017
16.9017
18.0746
18.0746
18.0746
18.0746
18.0746
18.0746
18.0746
18.0746
19.3993
19.3993
19.3993
19.3993
19.3993
19.3993
19.3993
19.3993
20.8247
20.8247
20.8247
20.8247
20.8247
20.8247
20.8247
20.8247
22.2862
22.2862
22.2862
22.2862
22.2862
22.2862
22.2862
22.2862
23.7092
23.7092
23.7092
23.7092
23.7092
23.7092
23.7092
23.7092
25.0145
25.0145
25.0145
25.0145
25.0145
25.0145
25.0145
25.0145
26.1265
26.1265
26.1265
26.1265
26.1265
26.1265
26.1265
26.1265
26.9829
26.9829
26.9829
26.9829
26.9829
26.9829
26.9829
26.9829
27.5412
27.5412
27.5412
27.5412
27.5412
27.5412
27.5412
27.5412
27.7839
27.7839
27.7839
27.7839
27.7839
27.7839
27.7839
27.7839
14.2769
14.2769
14.2769
14.2769
14.2769
14.2769
14.2769
14.2769
14.3175
14.3175
14.3175
14.3175
14.3175
14.3175
14.3175
14.3175
14.6113
14.6113
14.6113
14.6113
14.6113
14.6113
14.6113
14.6113
15.1488
15.1488
15.1488
15.1488
15.1488
15.1488
15.1488
15.1488
15.9179
15.9179
15.9179
15.9179
15.9179
15.9179
15.9179
15.9179
16.9017
16.9017
16.9017
16.9017
16.9017
16.9017
16.9017
16.9017
18.0746
18.0746
18.0746
18.0746
18.0746
18.0746
18.0746
18.0746
19.3993
19.3993
19.3993
19.3993
19.3993
19.3993
19.3993
19.3993
20.8247
20.8247
20.8247
20.8247
20.8247
20.8247
20.8247
20.8247
22.2862
22.2862
22.2862
22.2862
22.2862
22.2862
22.2862
22.2862
23.7092
23.7092
23.7092
23.7092
23.7092
23.7092
23.7092
23.7092
25.0145
25.0145
25.0145
25.0145
25.0145
25.0145
25.0145
25.0145
26.1265
26.1265
26.1265
26.1265
26.1265
26.1265
26.1265
26.1265
26.9829
26.9829
26.9829
26.9829
26.9829
26.9829
26.9829
26.9829
27.5412
27.5412
27.5412
27.5412
27.5412
27.5412
27.5412
27.5412
27.7839
27.7839
27.7839
27.7839
27.7839
27.7839
27.7839
27.7839
14.2769
14.2769
14.2769
14.2769
14.2769
14.2769
14.2769
14.2769
14.3175
14.3175
14.3175
14.3175
14.3175
14.3175
14.3175
14.3175
14.6113
14.6113
14.6113
14.6113
14.6113
14.6113
14.6113
14.6113
15.1488
15.1488
15.1488
15.1488
15.1488
15.1488
15.1488
15.1488
15.9179
15.9179
15.9179
15.9179
15.9179
15.9179
15.9179
15.9179
16.9017
16.9017
16.9017
16.9017
16.9017
16.9017
16.9017
16.9017
18.0746
18.0746
18.0746
18.0746
18.0746
18.0746
18.0746
18.0746
19.3993
19.3993
19.3993
19.3993
19.3993
19.3993
19.3993
19.3993
20.8247
20.8247
20.8247
20.8247
20.8247
20.8247
20.8247
20.8247
22.2862
22.2862
22.2862
22.2862
22.2862
22.2862
22.2862
22.2862
23.7092
23.7092
23.7092
23.7092
23.7092
23.7092
23.7092
23.7092
25.0145
25.0145
25.0145
25.0145
25.0145
25.0145
25.0145
25.0145
26.1265
26.1265
26.1265
26.1265
26.1265
26.1265
26.1265
26.1265
26.9829
26.9829
26.9829
26.9829
26.9829
26.9829
26.9829
26.9829
27.5412
27.5412
27.5412
27.5412
27.5412
27.5412
27.5412
27.5412
27.7839
27.7839
27.7839
27.7839
27.7839
27.7839
27.7839
27.7839
14.0938
14.0938
14.0938
14.0938
14.0938
14.0938
14.0938
14.0938
14.1828
14.1828
14.1828
14.1828
14.1828
14.1828
14.1828
14.1828
14.5179
14.5179
14.5179
14.5179
14.5179
14.5179
14.5179
14.5179
15.0915
15.0915
15.0915
15.0915
15.0915
15.0915
15.0915
15.0915
15.8927
15.8927
15.8927
15.8927
15.8927
15.8927
15.8927
15.8927
16.9052
16.9052
16.9052
16.9052
16.9052
16.9052
16.9052
16.9052
18.103
18.103
18.103
18.103
18.103
18.103
18.103
18.103
19.4481
19.4481
19.4481
19.4481
19.4481
19.4481
19.4481
19.4481
20.8879
20.8879
20.8879
20.8879
20.8879
20.8879
20.8879
20.8879
22.3566
22.3566
22.3566
22.3566
22.3566
22.3566
22.3566
22.3566
23.778
23.778
23.778
23.778
23.778
23.778
23.778
23.778
25.0719
25.0719
25.0719
25.0719
25.0719
25.0719
25.0719
25.0719
26.1632
26.1632
26.1632
26.1632
26.1632
26.1632
26.1632
26.1632
26.9906
26.9906
26.9906
26.9906
26.9906
26.9906
26.9906
26.9906
27.5144
27.5144
27.5144
27.5144
27.5144
27.5144
27.5144
27.5144
27.7206
27.7206
27.7206
27.7206
27.7206
27.7206
27.7206
27.7206
14.0938
14.0938
14.0938
14.0938
14.0938
14.0938
14.0938
14.0938
14.1828
14.1828
14.1828
14.1828
14.1828
14.1828
14.1828
14.1828
14.5179
14.5179
14.5179
14.5179
14.5179
14.5179
14.5179
14.5179
15.0915
15.0915
15.0915
15.0915
15.0915
15.0915
15.0915
15.0915
15.8927
15.8927
15.8927
15.8927
15.8927
15.8927
15.8927
15.8927
16.9052
16.9052
16.9052
16.9052
16.9052
16.9052
16.9052
16.9052
18.103
18.103
18.103
18.103
18.103
18.103
18.103
18.103
19.4481
19.4481
19.4481
19.4481
19.4481
19.4481
19.4481
19.4481
20.8879
20.8879
20.8879
20.8879
20.8879
20.8879
20.8879
20.8879
22.3566
22.3566
22.3566
22.3566
22.3566
22.3566
22.3566
22.3566
23.778
23.778
23.778
23.778
23.778
23.778
23.778
23.778
25.0719
25.0719
25.0719
25.0719
25.0719
25.0719
25.0719
25.0719
26.1632
26.1632
26.1632
26.1632
26.1632
26.1632
26.1632
26.1632
26.9906
26.9906
26.9906
26.9906
26.9906
26.9906
26.9906
26.9906
27.5144
27.5144
27.5144
27.5144
27.5144
27.5144
27.5144
27.5144
27.7206
27.7206
27.7206
27.7206
27.7206
27.7206
27.7206
27.7206
14.0938
14.0938
14.0938
14.0938
14.0938
14.0938
14.0938
14.0938
14.1828
14.1828
14.1828
14.1828
14.1828
14.1828
14.1828
14.1828
14.5179
14.5179
14.5179
14.5179
14.5179
14.5179
14.5179
14.5179
15.0915
15.0915
15.0915
15.0915
15.0915
15.0915
15.0915
15.0915
15.8927
15.8927
15.8927
15.8927
15.8927
15.8927
15.8927
15.8927
16.9052
16.9052
16.9052
16.9052
16.9052
16.9052
16.9052
16.9052
18.103
18.103
18.103
18.103
18.103
18.103
18.103
18.103
19.4481
19.4481
19.4481
19.4481
19.4481
19.4481
19.4481
19.4481
20.8879
20.8879
20.8879
20.8879
20.8879
20.8879
20.8879
20.8879
22.3566
22.3566
22.3566
22.3566
22.3566
22.3566
22.3566
22.3566
23.778
23.778
23.778
23.778
23.778
23.778
23.778
23.778
25.0719
25.0719
25.0719
25.0719
25.0719
25.0719
25.0719
25.0719
26.1632
26.1632
26.1632
26.1632
26.1632
26.1632
26.1632
26.1632
26.9906
26.9906
26.9906
26.9906
26.9906
26.9906
26.9906
26.9906
27.5144
27.5144
27.5144
27.5144
27.5144
27.5144
27.5144
27.5144
27.7206
27.7206
27.7206
27.7206
27.7206
27.7206
27.7206
27.7206
14.0938
14.0938
14.0938
14.0938
14.0938
14.0938
14.0938
14.0938
14.1828
14.1828
14.1828
14.1828
14.1828
14.1828
14.1828
14.1828
14.5179
14.5179
14.5179
14.5179
14.5179
14.5179
14.5179
14.5179
15.0915
15.0915
15.0915
15.0915
15.0915
15.0915
15.0915
15.0915
15.8927
15.8927
15.8927
15.8927
15.8927
15.8927
15.8927
15.8927
16.9052
16.9052
16.9052
16.9052
16.9052
16.9052
16.9052
16.9052
18.103
18.103
18.103
18.103
18.103
18.103
18.103
18.103
19.4481
19.4481
19.4481
19.4481
19.4481
19.4481
19.4481
19.4481
20.8879
20.8879
20.8879
20.8879
20.8879
20.8879
20.8879
20.8879
22.3566
22.3566
22.3566
22.3566
22.3566
22.3566
22.3566
22.3566
23.778
23.778
23.778
23.778
23.778
23.778
23.778
23.778
25.0719
25.0719
25.0719
25.0719
25.0719
25.0719
25.0719
25.0719
26.1632
26.1632
26.1632
26.1632
26.1632
26.1632
26.1632
26.1632
26.9906
26.9906
26.9906
26.9906
26.9906
26.9906
26.9906
26.9906
27.5144
27.5144
27.5144
27.5144
27.5144
27.5144
27.5144
27.5144
27.7206
27.7206
27.7206
27.7206
27.7206
27.7206
27.7206
27.7206
14.2083
14.2083
14.2083
14.2083
14.2083
14.2083
14.2083
14.2083
14.3393
14.3393
14.3393
14.3393
14.3393
14.3393
14.3393
14.3393
14.7101
14.7101
14.7101
14.7101
14.7101
14.7101
14.7101
14.7101
15.314
15.314
15.314
15.314
15.314
15.314
15.314
15.314
16.1404
16.1404
16.1404
16.1404
16.1404
16.1404
16.1404
16.1404
17.1721
17.1721
17.1721
17.1721
17.1721
17.1721
17.1721
17.1721
18.3822
18.3822
18.3822
18.3822
18.3822
18.3822
18.3822
18.3822
19.7305
19.7305
19.7305
19.7305
19.7305
19.7305
19.7305
19.7305
21.1628
21.1628
21.1628
21.1628
21.1628
21.1628
21.1628
21.1628
22.6117
22.6117
22.6117
22.6117
22.6117
22.6117
22.6117
22.6117
24.0003
24.0003
24.0003
24.0003
24.0003
24.0003
24.0003
24.0003
25.2491
25.2491
25.2491
25.2491
25.2491
25.2491
25.2491
25.2491
26.2853
26.2853
26.2853
26.2853
26.2853
26.2853
26.2853
26.2853
27.0512
27.0512
27.0512
27.0512
27.0512
27.0512
27.0512
27.0512
27.5118
27.5118
27.5118
27.5118
27.5118
27.5118
27.5118
27.5118
27.6584
27.6584
27.6584
27.6584
27.6584
27.6584
27.6584
27.6584
14.2083
14.2083
14.2083
14.2083
14.2083
14.2083
14.2083
14.2083
14.3393
14.3393
14.3393
14.3393
14.3393
14.3393
14.3393
14.3393
14.7101
14.7101
14.7101
14.7101
14.7101
14.7101
14.7101
14.7101
15.314
15.314
15.314
15.314
15.314
15.314
15.314
15.314
16.1404
16.1404
16.1404
16.1404
16.1404
16.1404
16.1404
16.1404
17.1721
17.1721
17.1721
17.1721
17.1721
17.1721
17.1721
17.1721
18.3822
18.3822
18.3822
18.3822
18.3822
18.3822
18.3822
18.3822
19.7305
19.7305
19.7305
19.7305
19.7305
19.7305
19.7305
19.7305
21.1628
21.1628
21.1628
21.1628
21.1628
21.1628
21.1628
21.1628
22.6117
22.6117
22.6117
22.6117
22.6117
22.6117
22.6117
22.6117
24.0003
24.0003
24.0003
24.0003
24.0003
24.0003
24.0003
24.0003
25.2491
25.2491
25.2491
25.2491
25.2491
25.2491
25.2491
25.2491
26.2853
26.2853
26.2853
26.2853
26.2853
26.2853
26.2853
26.2853
27.0512
27.0512
27.0512
27.0512
27.0512
27.0512
27.0512
27.0512
27.5118
27.5118
27.5118
27.5118
27.5118
27.5118
27.5118
27.5118
27.6584
27.6584
27.6584
27.6584
27.6584
27.6584
27.6584
27.6584
14.2083
14.2083
14.2083
14.2083
14.2083
14.2083
14.2083
14.2083
14.3393
14.3393
14.3393
14.3393
14.3393
14.3393
14.3393
14.3393
14.7101
14.7101
14.7101
14.7101
14.7101
14.7101
14.7101
14.7101
15.314
15.314
15.314
15.314
15.314
15.314
15.314
15.314
16.1404
16.1404
16.1404
16.1404
16.1404
16.1404
16.1404
16.1404
17.1721
17.1721
17.1721
17.1721
17.1721
17.1721
17.1721
17.1721
18.3822
18.3822
18.3822
18.3822
18.3822
18.3822
18.3822
18.3822
19.7305
19.7305
19.7305
19.7305
19.7305
19.7305
19.7305
19.7305
21.1628
21.1628
21.1628
21.1628
21.1628
21.1628
21.1628
21.1628
22.6117
22.6117
22.6117
22.6117
22.6117
22.6117
22.6117
22.6117
24.0003
24.0003
24.0003
24.0003
24.0003
24.0003
24.0003
24.0003
25.2491
25.2491
25.2491
25.2491
25.2491
25.2491
25.2491
25.2491
26.2853
26.2853
26.2853
26.2853
26.2853
26.2853
26.2853
26.2853
27.0512
27.0512
27.0512
27.0512
27.0512
27.0512
27.0512
27.0512
27.5118
27.5118
27.5118
27.5118
27.5118
27.5118
27.5118
27.5118
27.6584
27.6584
27.6584
27.6584
27.6584
27.6584
27.6584
27.6584
14.2083
14.2083
14.2083
14.2083
14.2083
14.2083
14.2083
14.2083
14.3393
14.3393
14.3393
14.3393
14.3393
14.3393
14.3393
14.3393
14.7101
14.7101
14.7101
14.7101
14.7101
14.7101
14.7101
14.7101
15.314
15.314
15.314
15.314
15.314
15.314
15.314
15.314
16.1404
16.1404
16.1404
16.1404
16.1404
16.1404
16.1404
16.1404
17.1721
17.1721
17.1721
17.1721
17.1721
17.1721
17.1721
17.1721
18.3822
18.3822
18.3822
18.3822
18.3822
18.3822
18.3822
18.3822
19.7305
19.7305
19.7305
19.7305
19.7305
19.7305
19.7305
19.7305
21.1628
21.1628
21.1628
21.1628
21.1628
21.1628
21.1628
21.1628
22.6117
22.6117
22.6117
22.6117
22.6117
22.6117
22.6117
22.6117
24.0003
24.0003
24.0003
24.0003
24.0003
24.0003
24.0003
24.0003
25.2491
25.2491
25.2491
25.2491
25.2491
25.2491
25.2491
25.2491
26.2853
26.2853
26.2853
26.2853
26.2853
26.2853
26.2853
26.2853
27.0512
27.0512
27.0512
27.0512
27.0512
27.0512
27.0512
27.0512
27.5118
27.5118
27.5118
27.5118
27.5118
27.5118
27.5118
27.5118
27.6584
27.6584
27.6584
27.6584
27.6584
27.6584
27.6584
27.6584
14.6224
14.6224
14.6224
14.6224
14.6224
14.6224
14.6224
14.6224
14.7889
14.7889
14.7889
14.7889
14.7889
14.7889
14.7889
14.7889
15.1892
15.1892
15.1892
15.1892
15.1892
15.1892
15.1892
15.1892
15.8166
15.8166
15.8166
15.8166
15.8166
15.8166
15.8166
15.8166
16.6598
16.6598
16.6598
16.6598
16.6598
16.6598
16.6598
16.6598
17.6997
17.6997
17.6997
17.6997
17.6997
17.6997
17.6997
17.6997
18.9069
18.9069
18.9069
18.9069
18.9069
18.9069
18.9069
18.9069
20.239
20.239
20.239
20.239
20.239
20.239
20.239
20.239
21.6395
21.6395
21.6395
21.6395
21.6395
21.6395
21.6395
21.6395
23.0398
23.0398
23.0398
23.0398
23.0398
23.0398
23.0398
23.0398
24.3634
24.3634
24.3634
24.3634
24.3634
24.3634
24.3634
24.3634
25.5334
25.5334
25.5334
25.5334
25.5334
25.5334
25.5334
25.5334
26.481
26.481
26.481
26.481
26.481
26.481
26.481
26.481
27.1548
27.1548
27.1548
27.1548
27.1548
27.1548
27.1548
27.1548
27.5263
27.5263
27.5263
27.5263
27.5263
27.5263
27.5263
27.5263
27.5934
27.5934
27.5934
27.5934
27.5934
27.5934
27.5934
27.5934
14.6224
14.6224
14.6224
14.6224
14.6224
14.6224
14.6224
14.6224
14.7889
14.7889
14.7889
14.7889
14.7889
14.7889
14.7889
14.7889
15.1892
15.1892
15.1892
15.1892
15.1892
15.1892
15.1892
15.1892
15.8166
15.8166
15.8166
15.8166
15.8166
15.8166
15.8166
15.8166
16.6598
16.6598
16.6598
16.6598
16.6598
16.6598
16.6598
16.6598
17.6997
17.6997
17.6997
17.6997
17.6997
17.6997
17.6997
17.6997
18.9069
18.9069
18.9069
18.9069
18.9069
18.9069
18.9069
18.9069
20.239
20.239
20.239
20.239
20.239
20.239
20.239
20.239
21.6395
21.6395
21.6395
21.6395
21.6395
21.6395
21.6395
21.6395
23.0398
23.0398
23.0398
23.0398
23.0398
23.0398
23.0398
23.0398
24.3634
24.3634
24.3634
24.3634
24.3634
24.3634
24.3634
24.3634
25.5334
25.5334
25.5334
25.5334
25.5334
25.5334
25.5334
25.5334
26.481
26.481
26.481
26.481
26.481
26.481
26.481
26.481
27.1548
27.1548
27.1548
27.1548
27.1548
27.1548
27.1548
27.1548
27.5263
27.5263
27.5263
27.5263
27.5263
27.5263
27.5263
27.5263
27.5934
27.5934
27.5934
27.5934
27.5934
27.5934
27.5934
27.5934
14.6224
14.6224
14.6224
14.6224
14.6224
14.6224
14.6224
14.6224
14.7889
14.7889
14.7889
14.7889
14.7889
14.7889
14.7889
14.7889
15.1892
15.1892
15.1892
15.1892
15.1892
15.1892
15.1892
15.1892
15.8166
15.8166
15.8166
15.8166
15.8166
15.8166
15.8166
15.8166
16.6598
16.6598
16.6598
16.6598
16.6598
16.6598
16.6598
16.6598
17.6997
17.6997
17.6997
17.6997
17.6997
17.6997
17.6997
17.6997
18.9069
18.9069
18.9069
18.9069
18.9069
18.9069
18.9069
18.9069
20.239
20.239
20.239
20.239
20.239
20.239
20.239
20.239
21.6395
21.6395
21.6395
21.6395
21.6395
21.6395
21.6395
21.6395
23.0398
23.0398
23.0398
23.0398
23.0398
23.0398
23.0398
23.0398
24.3634
24.3634
24.3634
24.3634
24.3634
24.3634
24.3634
24.3634
25.5334
25.5334
25.5334
25.5334
25.5334
25.5334
25.5334
25.5334
26.481
26.481
26.481
26.481
26.481
26.481
26.481
26.481
27.1548
27.1548
27.1548
27.1548
27.1548
27.1548
27.1548
27.1548
27.5263
27.5263
27.5263
27.5263
27.5263
27.5263
27.5263
27.5263
27.5934
27.5934
27.5934
27.5934
27.5934
27.5934
27.5934
27.5934
14.6224
14.6224
14.6224
14.6224
14.6224
14.6224
14.6224
14.6224
14.7889
14.7889
14.7889
14.7889
14.7889
14.7889
14.7889
14.7889
15.1892
15.1892
15.1892
15.1892
15.1892
15.1892
15.1892
15.1892
15.8166
15.8166
15.8166
15.8166
15.8166
15.8166
15.8166
15.8166
16.6598
16.6598
16.6598
16.6598
16.6598
16.6598
16.6598
16.6598
17.6997
17.6997
17.6997
17.6997
17.6997
17.6997
17.6997
17.6997
18.9069
18.9069
18.9069
18.9069
18.9069
18.9069
18.9069
18.9069
20.239
20.239
20.239
20.239
20.239
20.239
20.239
20.239
21.6395
21.6395
21.6395
21.6395
21.6395
21.6395
21.6395
21.6395
23.0398
23.0398
23.0398
23.0398
23.0398
23.0398
23.0398
23.0398
24.3634
24.3634
24.3634
24.3634
24.3634
24.3634
24.3634
24.3634
25.5334
25.5334
25.5334
25.5334
25.5334
25.5334
25.5334
25.5334
26.481
26.481
26.481
26.481
26.481
26.481
26.481
26.481
27.1548
27.1548
27.1548
27.1548
27.1548
27.1548
27.1548
27.1548
27.5263
27.5263
27.5263
27.5263
27.5263
27.5263
27.5263
27.5263
27.5934
27.5934
27.5934
27.5934
27.5934
27.5934
27.5934
27.5934
15.3454
15.3454
15.3454
15.3454
15.3454
15.3454
15.3454
15.3454
15.5398
15.5398
15.5398
15.5398
15.5398
15.5398
15.5398
15.5398
15.9615
15.9615
15.9615
15.9615
15.9615
15.9615
15.9615
15.9615
16.6029
16.6029
16.6029
16.6029
16.6029
16.6029
16.6029
16.6029
17.4508
17.4508
17.4508
17.4508
17.4508
17.4508
17.4508
17.4508
18.4835
18.4835
18.4835
18.4835
18.4835
18.4835
18.4835
18.4835
19.6683
19.6683
19.6683
19.6683
19.6683
19.6683
19.6683
19.6683
20.9599
20.9599
20.9599
20.9599
20.9599
20.9599
20.9599
20.9599
22.2999
22.2999
22.2999
22.2999
22.2999
22.2999
22.2999
22.2999
23.6192
23.6192
23.6192
23.6192
23.6192
23.6192
23.6192
23.6192
24.8434
24.8434
24.8434
24.8434
24.8434
24.8434
24.8434
24.8434
25.8997
25.8997
25.8997
25.8997
25.8997
25.8997
25.8997
25.8997
26.7262
26.7262
26.7262
26.7262
26.7262
26.7262
26.7262
26.7262
27.2793
27.2793
27.2793
27.2793
27.2793
27.2793
27.2793
27.2793
27.5389
27.5389
27.5389
27.5389
27.5389
27.5389
27.5389
27.5389
27.5103
27.5103
27.5103
27.5103
27.5103
27.5103
27.5103
27.5103
15.3454
15.3454
15.3454
15.3454
15.3454
15.3454
15.3454
15.3454
15.5398
15.5398
15.5398
15.5398
15.5398
15.5398
15.5398
15.5398
15.9615
15.9615
15.9615
15.9615
15.9615
15.9615
15.9615
15.9615
16.6029
16.6029
16.6029
16.6029
16.6029
16.6029
16.6029
16.6029
17.4508
17.4508
17.4508
17.4508
17.4508
17.4508
17.4508
17.4508
18.4835
18.4835
18.4835
18.4835
18.4835
18.4835
18.4835
18.4835
19.6683
19.6683
19.6683
19.6683
19.6683
19.6683
19.6683
19.6683
20.9599
20.9599
20.9599
20.9599
20.9599
20.9599
20.9599
20.9599
22.2999
22.2999
22.2999
22.2999
22.2999
22.2999
22.2999
22.2999
23.6192
23.6192
23.6192
23.6192
23.6192
23.6192
23.6192
23.6192
24.8434
24.8434
24.8434
24.8434
24.8434
24.8434
24.8434
24.8434
25.8997
25.8997
25.8997
25.8997
25.8997
25.8997
25.8997
25.8997
26.7262
26.7262
26.7262
26.7262
26.7262
26.7262
26.7262
26.7262
27.2793
27.2793
27.2793
27.2793
27.2793
27.2793
27.2793
27.2793
27.5389
27.5389
27.5389
27.5389
27.5389
27.5389
27.5389
27.5389
27.5103
27.5103
27.5103
27.5103
27.5103
27.5103
27.5103
27.5103
15.3454
15.3454
15.3454
15.3454
15.3454
15.3454
15.3454
15.3454
15.5398
15.5398
15.5398
15.5398
15.5398
15.5398
15.5398
15.5398
15.9615
15.9615
15.9615
15.9615
15.9615
15.9615
15.9615
15.9615
16.6029
16.6029
16.6029
16.6029
16.6029
16.6029
16.6029
16.6029
17.4508
17.4508
17.4508
17.4508
17.4508
17.4508
17.4508
17.4508
18.4835
18.4835
18.4835
18.4835
18.4835
18.4835
18.4835
18.4835
19.6683
19.6683
19.6683
19.6683
19.6683
19.6683
19.6683
19.6683
20.9599
20.9599
20.9599
20.9599
20.9599
20.9599
20.9599
20.9599
22.2999
22.2999
22.2999
22.2999
22.2999
22.2999
22.2999
22.2999
23.6192
23.6192
23.6192
23.6192
23.6192
23.6192
23.6192
23.6192
24.8434
24.8434
24.8434
24.8434
24.8434
24.8434
24.8434
24.8434
25.8997
25.8997
25.8997
25.8997
25.8997
25.8997
25.8997
25.8997
26.7262
26.7262
26.7262
26.7262
26.7262
26.7262
26.7262
26.7262
27.2793
27.2793
27.2793
27.2793
27.2793
27.2793
27.2793
27.2793
27.5389
27.5389
27.5389
27.5389
27.5389
27.5389
27.5389
27.5389
27.5103
27.5103
27.5103
27.5103
27.5103
27.5103
27.5103
27.5103
15.3454
15.3454
15.3454
15.3454
15.3454
15.3454
15.3454
15.3454
15.5398
15.5398
15.5398
15.5398
15.5398
15.5398
15.5398
15.5398
15.9615
15.9615
15.9615
15.9615
15.9615
15.9615
15.9615
15.9615
16.6029
16.6029
16.6029
16.6029
16.6029
16.6029
16.6029
16.6029
17.4508
17.4508
17.4508
17.4508
17.4508
17.4508
17.4508
17.4508
18.4835
18.4835
18.4835
18.4835
18.4835
18.4835
18.4835
18.4835
19.6683
19.6683
19.6683
19.6683
19.6683
19.6683
19.6683
19.6683
20.9599
20.9599
20.9599
20.9599
20.9599
20.9599
20.9599
20.9599
22.2999
22.2999
22.2999
22.2999
22.2999
22.2999
22.2999
22.2999
23.6192
23.6192
23.6192
23.6192
23.6192
23.6192
23.6192
23.6192
24.8434
24.8434
24.8434
24.8434
24.8434
24.8434
24.8434
24.8434
25.8997
25.8997
25.8997
25.8997
25.8997
25.8997
25.8997
25.8997
26.7262
26.7262
26.7262
26.7262
26.7262
26.7262
26.7262
26.7262
27.2793
27.2793
27.2793
27.2793
27.2793
27.2793
27.2793
27.2793
27.5389
27.5389
27.5389
27.5389
27.5389
27.5389
27.5389
27.5389
27.5103
27.5103
27.5103
27.5103
27.5103
27.5103
27.5103
27.5103
16.3922
16.3922
16.3922
16.3922
16.3922
16.3922
16.3922
16.3922
16.6045
16.6045
16.6045
16.6045
16.6045
16.6045
16.6045
16.6045
17.0357
17.0357
17.0357
17.0357
17.0357
17.0357
17.0357
17.0357
17.6767
17.6767
17.6767
17.6767
17.6767
17.6767
17.6767
17.6767
18.5115
18.5115
18.5115
18.5115
18.5115
18.5115
18.5115
18.5115
19.5149
19.5149
19.5149
19.5149
19.5149
19.5149
19.5149
19.5149
20.6508
20.6508
20.6508
20.6508
20.6508
20.6508
20.6508
20.6508
21.8709
21.8709
21.8709
21.8709
21.8709
21.8709
21.8709
21.8709
23.1156
23.1156
23.1156
23.1156
23.1156
23.1156
23.1156
23.1156
24.3168
24.3168
24.3168
24.3168
24.3168
24.3168
24.3168
24.3168
25.4038
25.4038
25.4038
25.4038
25.4038
25.4038
25.4038
25.4038
26.3107
26.3107
26.3107
26.3107
26.3107
26.3107
26.3107
26.3107
26.9842
26.9842
26.9842
26.9842
26.9842
26.9842
26.9842
26.9842
27.3905
27.3905
27.3905
27.3905
27.3905
27.3905
27.3905
27.3905
27.5189
27.5189
27.5189
27.5189
27.5189
27.5189
27.5189
27.5189
27.3825
27.3825
27.3825
27.3825
27.3825
27.3825
27.3825
27.3825
16.3922
16.3922
16.3922
16.3922
16.3922
16.3922
16.3922
16.3922
16.6045
16.6045
16.6045
16.6045
16.6045
16.6045
16.6045
16.6045
17.0357
17.0357
17.0357
17.0357
17.0357
17.0357
17.0357
17.0357
17.6767
17.6767
17.6767
17.6767
17.6767
17.6767
17.6767
17.6767
18.5115
18.5115
18.5115
18.5115
18.5115
18.5115
18.5115
18.5115
19.5149
19.5149
19.5149
19.5149
19.5149
19.5149
19.5149
19.5149
20.6508
20.6508
20.6508
20.6508
20.6508
20.6508
20.6508
20.6508
21.8709
21.8709
21.8709
21.8709
21.8709
21.8709
21.8709
21.8709
23.1156
23.1156
23.1156
23.1156
23.1156
23.1156
23.1156
23.1156
24.3168
24.3168
24.3168
24.3168
24.3168
24.3168
24.3168
24.3168
25.4038
25.4038
25.4038
25.4038
25.4038
25.4038
25.4038
25.4038
26.3107
26.3107
26.3107
26.3107
26.3107
26.3107
26.3107
26.3107
26.9842
26.9842
26.9842
26.9842
26.9842
26.9842
26.9842
26.9842
27.3905
27.3905
27.3905
27.3905
27.3905
27.3905
27.3905
27.3905
27.5189
27.5189
27.5189
27.5189
27.5189
27.5189
27.5189
27.5189
27.3825
27.3825
27.3825
27.3825
27.3825
27.3825
27.3825
27.3825
16.3922
16.3922
16.3922
16.3922
16.3922
16.3922
16.3922
16.3922
16.6045
16.6045
16.6045
16.6045
16.6045
16.6045
16.6045
16.6045
17.0357
17.0357
17.0357
17.0357
17.0357
17.0357
17.0357
17.0357
17.6767
17.6767
17.6767
17.6767
17.6767
17.6767
17.6767
17.6767
18.5115
18.5115
18.5115
18.5115
18.5115
18.5115
18.5115
18.5115
19.5149
19.5149
19.5149
19.5149
19.5149
19.5149
19.5149
19.5149
20.6508
20.6508
20.6508
20.6508
20.6508
20.6508
20.6508
20.6508
21.8709
21.8709
21.8709
21.8709
21.8709
21.8709
21.8709
21.8709
23.1156
23.1156
23.1156
23.1156
23.1156
23.1156
23.1156
23.1156
24.3168
24.3168
24.3168
24.3168
24.3168
24.3168
24.3168
24.3168
25.4038
25.4038
25.4038
25.4038
25.4038
25.4038
25.4038
25.4038
26.3107
26.3107
26.3107
26.3107
26.3107
26.3107
26.3107
26.3107
26.9842
26.9842
26.9842
26.9842
26.9842
26.9842
26.9842
26.9842
27.3905
27.3905
27.3905
27.3905
27.3905
27.3905
27.3905
27.3905
27.5189
27.5189
27.5189
27.5189
27.5189
27.5189
27.5189
27.5189
27.3825
27.3825
27.3825
27.3825
27.3825
27.3825
27.3825
27.3825
16.3922
16.3922
16.3922
16.3922
16.3922
16.3922
16.3922
16.3922
16.6045
16.6045
16.6045
16.6045
16.6045
16.6045
16.6045
16.6045
17.0357
17.0357
17.0357
17.0357
17.0357
17.0357
17.0357
17.0357
17.6767
17.6767
17.6767
17.6767
17.6767
17.6767
17.6767
17.6767
18.5115
18.5115
18.5115
18.5115
18.5115
18.5115
18.5115
18.5115
19.5149
19.5149
19.5149
19.5149
19.5149
19.5149
19.5149
19.5149
20.6508
20.6508
20.6508
20.6508
20.6508
20.6508
20.6508
20.6508
21.8709
21.8709
21.8709
21.8709
21.8709
21.8709
21.8709
21.8709
23.1156
23.1156
23.1156
23.1156
23.1156
23.1156
23.1156
23.1156
24.3168
24.3168
24.3168
24.3168
24.3168
24.3168
24.3168
24.3168
25.4038
25.4038
25.4038
25.4038
25.4038
25.4038
25.4038
25.4038
26.3107
26.3107
26.3107
26.3107
26.3107
26.3107
26.3107
26.3107
26.9842
26.9842
26.9842
26.9842
26.9842
26.9842
26.9842
26.9842
27.3905
27.3905
27.3905
27.3905
27.3905
27.3905
27.3905
27.3905
27.5189
27.5189
27.5189
27.5189
27.5189
27.5189
27.5189
27.5189
27.3825
27.3825
27.3825
27.3825
27.3825
27.3825
27.3825
27.3825
17.781
17.781
17.781
17.781
17.781
17.781
17.781
17.781
17.9967
17.9967
17.9967
17.9967
17.9967
17.9967
17.9967
17.9967
18.4197
18.4197
18.4197
18.4197
18.4197
18.4197
18.4197
18.4197
19.0386
19.0386
19.0386
19.0386
19.0386
19.0386
19.0386
19.0386
19.8341
19.8341
19.8341
19.8341
19.8341
19.8341
19.8341
19.8341
20.7774
20.7774
20.7774
20.7774
20.7774
20.7774
20.7774
20.7774
21.8288
21.8288
21.8288
21.8288
21.8288
21.8288
21.8288
21.8288
22.9382
22.9382
22.9382
22.9382
22.9382
22.9382
22.9382
22.9382
24.0457
24.0457
24.0457
24.0457
24.0457
24.0457
24.0457
24.0457
25.0864
25.0864
25.0864
25.0864
25.0864
25.0864
25.0864
25.0864
25.9958
25.9958
25.9958
25.9958
25.9958
25.9958
25.9958
25.9958
26.7168
26.7168
26.7168
26.7168
26.7168
26.7168
26.7168
26.7168
27.2071
27.2071
27.2071
27.2071
27.2071
27.2071
27.2071
27.2071
27.4437
27.4437
27.4437
27.4437
27.4437
27.4437
27.4437
27.4437
27.4262
27.4262
27.4262
27.4262
27.4262
27.4262
27.4262
27.4262
27.1746
27.1746
27.1746
27.1746
27.1746
27.1746
27.1746
27.1746
17.781
17.781
17.781
17.781
17.781
17.781
17.781
17.781
17.9967
17.9967
17.9967
17.9967
17.9967
17.9967
17.9967
17.9967
18.4197
18.4197
18.4197
18.4197
18.4197
18.4197
18.4197
18.4197
19.0386
19.0386
19.0386
19.0386
19.0386
19.0386
19.0386
19.0386
19.8341
19.8341
19.8341
19.8341
19.8341
19.8341
19.8341
19.8341
20.7774
20.7774
20.7774
20.7774
20.7774
20.7774
20.7774
20.7774
21.8288
21.8288
21.8288
21.8288
21.8288
21.8288
21.8288
21.8288
22.9382
22.9382
22.9382
22.9382
22.9382
22.9382
22.9382
22.9382
24.0457
24.0457
24.0457
24.0457
24.0457
24.0457
24.0457
24.0457
25.0864
25.0864
25.0864
25.0864
25.0864
25.0864
25.0864
25.0864
25.9958
25.9958
25.9958
25.9958
25.9958
25.9958
25.9958
25.9958
26.7168
26.7168
26.7168
26.7168
26.7168
26.7168
26.7168
26.7168
27.2071
27.2071
27.2071
27.2071
27.2071
27.2071
27.2071
27.2071
27.4437
27.4437
27.4437
27.4437
27.4437
27.4437
27.4437
27.4437
27.4262
27.4262
27.4262
27.4262
27.4262
27.4262
27.4262
27.4262
27.1746
27.1746
27.1746
27.1746
27.1746
27.1746
27.1746
27.1746
17.781
17.781
17.781
17.781
17.781
17.781
17.781
17.781
17.9967
17.9967
17.9967
17.9967
17.9967
17.9967
17.9967
17.9967
18.4197
18.4197
18.4197
18.4197
18.4197
18.4197
18.4197
18.4197
19.0386
19.0386
19.0386
19.0386
19.0386
19.0386
19.0386
19.0386
19.8341
19.8341
19.8341
19.8341
19.8341
19.8341
19.8341
19.8341
20.7774
20.7774
20.7774
20.7774
20.7774
20.7774
20.7774
20.7774
21.8288
21.8288
21.8288
21.8288
21.8288
21.8288
21.8288
21.8288
22.9382
22.9382
22.9382
22.9382
22.9382
22.9382
22.9382
22.9382
24.0457
24.0457
24.0457
24.0457
24.0457
24.0457
24.0457
24.0457
25.0864
25.0864
25.0864
25.0864
25.0864
25.0864
25.0864
25.0864
25.9958
25.9958
25.9958
25.9958
25.9958
25.9958
25.9958
25.9958
26.7168
26.7168
26.7168
26.7168
26.7168
26.7168
26.7168
26.7168
27.2071
27.2071
27.2071
27.2071
27.2071
27.2071
27.2071
27.2071
27.4437
27.4437
27.4437
27.4437
27.4437
27.4437
27.4437
27.4437
27.4262
27.4262
27.4262
27.4262
27.4262
27.4262
27.4262
27.4262
27.1746
27.1746
27.1746
27.1746
27.1746
27.1746
27.1746
27.1746
17.781
17.781
17.781
17.781
17.781
17.781
17.781
17.781
17.9967
17.9967
17.9967
17.9967
17.9967
17.9967
17.9967
17.9967
18.4197
18.4197
18.4197
18.4197
18.4197
18.4197
18.4197
18.4197
19.0386
19.0386
19.0386
19.0386
19.0386
19.0386
19.0386
19.0386
19.8341
19.8341
19.8341
19.8341
19.8341
19.8341
19.8341
19.8341
20.7774
20.7774
20.7774
20.7774
20.7774
20.7774
20.7774
20.7774
21.8288
21.8288
21.8288
21.8288
21.8288
21.8288
21.8288
21.8288
22.9382
22.9382
22.9382
22.9382
22.9382
22.9382
22.9382
22.9382
24.0457
24.0457
24.0457
24.0457
24.0457
24.0457
24.0457
24.0457
25.0864
25.0864
25.0864
25.0864
25.0864
25.0864
25.0864
25.0864
25.9958
25.9958
25.9958
25.9958
25.9958
25.9958
25.9958
25.9958
26.7168
26.7168
26.7168
26.7168
26.7168
26.7168
26.7168
26.7168
27.2071
27.2071
27.2071
27.2071
27.2071
27.2071
27.2071
27.2071
27.4437
27.4437
27.4437
27.4437
27.4437
27.4437
27.4437
27.4437
27.4262
27.4262
27.4262
27.4262
27.4262
27.4262
27.4262
27.4262
27.1746
27.1746
27.1746
27.1746
27.1746
27.1746
27.1746
27.1746
19.5292
19.5292
19.5292
19.5292
19.5292
19.5292
19.5292
19.5292
19.7269
19.7269
19.7269
19.7269
19.7269
19.7269
19.7269
19.7269
20.1156
20.1156
20.1156
20.1156
20.1156
20.1156
20.1156
20.1156
20.6811
20.6811
20.6811
20.6811
20.6811
20.6811
20.6811
20.6811
21.4007
21.4007
21.4007
21.4007
21.4007
21.4007
21.4007
21.4007
22.2422
22.2422
22.2422
22.2422
22.2422
22.2422
22.2422
22.2422
23.1635
23.1635
23.1635
23.1635
23.1635
23.1635
23.1635
23.1635
24.1137
24.1137
24.1137
24.1137
24.1137
24.1137
24.1137
24.1137
25.0353
25.0353
25.0353
25.0353
25.0353
25.0353
25.0353
25.0353
25.8687
25.8687
25.8687
25.8687
25.8687
25.8687
25.8687
25.8687
26.5583
26.5583
26.5583
26.5583
26.5583
26.5583
26.5583
26.5583
27.0582
27.0582
27.0582
27.0582
27.0582
27.0582
27.0582
27.0582
27.3383
27.3383
27.3383
27.3383
27.3383
27.3383
27.3383
27.3383
27.3874
27.3874
27.3874
27.3874
27.3874
27.3874
27.3874
27.3874
27.2145
27.2145
27.2145
27.2145
27.2145
27.2145
27.2145
27.2145
26.8459
26.8459
26.8459
26.8459
26.8459
26.8459
26.8459
26.8459
19.5292
19.5292
19.5292
19.5292
19.5292
19.5292
19.5292
19.5292
19.7269
19.7269
19.7269
19.7269
19.7269
19.7269
19.7269
19.7269
20.1156
20.1156
20.1156
20.1156
20.1156
20.1156
20.1156
20.1156
20.6811
20.6811
20.6811
20.6811
20.6811
20.6811
20.6811
20.6811
21.4007
21.4007
21.4007
21.4007
21.4007
21.4007
21.4007
21.4007
22.2422
22.2422
22.2422
22.2422
22.2422
22.2422
22.2422
22.2422
23.1635
23.1635
23.1635
23.1635
23.1635
23.1635
23.1635
23.1635
24.1137
24.1137
24.1137
24.1137
24.1137
24.1137
24.1137
24.1137
25.0353
25.0353
25.0353
25.0353
25.0353
25.0353
25.0353
25.0353
25.8687
25.8687
25.8687
25.8687
25.8687
25.8687
25.8687
25.8687
26.5583
26.5583
26.5583
26.5583
26.5583
26.5583
26.5583
26.5583
27.0582
27.0582
27.0582
27.0582
27.0582
27.0582
27.0582
27.0582
27.3383
27.3383
27.3383
27.3383
27.3383
27.3383
27.3383
27.3383
27.3874
27.3874
27.3874
27.3874
27.3874
27.3874
27.3874
27.3874
27.2145
27.2145
27.2145
27.2145
27.2145
27.2145
27.2145
27.2145
26.8459
26.8459
26.8459
26.8459
26.8459
26.8459
26.8459
26.8459
19.5292
19.5292
19.5292
19.5292
19.5292
19.5292
19.5292
19.5292
19.7269
19.7269
19.7269
19.7269
19.7269
19.7269
19.7269
19.7269
20.1156
20.1156
20.1156
20.1156
20.1156
20.1156
20.1156
20.1156
20.6811
20.6811
20.6811
20.6811
20.6811
20.6811
20.6811
20.6811
21.4007
21.4007
21.4007
21.4007
21.4007
21.4007
21.4007
21.4007
22.2422
22.2422
22.2422
22.2422
22.2422
22.2422
22.2422
22.2422
23.1635
23.1635
23.1635
23.1635
23.1635
23.1635
23.1635
23.1635
24.1137
24.1137
24.1137
24.1137
24.1137
24.1137
24.1137
24.1137
25.0353
25.0353
25.0353
25.0353
25.0353
25.0353
25.0353
25.0353
25.8687
25.8687
25.8687
25.8687
25.8687
25.8687
25.8687
25.8687
26.5583
26.5583
26.5583
26.5583
26.5583
26.5583
26.5583
26.5583
27.0582
27.0582
27.0582
27.0582
27.0582
27.0582
27.0582
27.0582
27.3383
27.3383
27.3383
27.3383
27.3383
27.3383
27.3383
27.3383
27.3874
27.3874
27.3874
27.3874
27.3874
27.3874
27.3874
27.3874
27.2145
27.2145
27.2145
27.2145
27.2145
27.2145
27.2145
27.2145
26.8459
26.8459
26.8459
26.8459
26.8459
26.8459
26.8459
26.8459
19.5292
19.5292
19.5292
19.5292
19.5292
19.5292
19.5292
19.5292
19.7269
19.7269
19.7269
19.7269
19.7269
19.7269
19.7269
19.7269
20.1156
20.1156
20.1156
20.1156
20.1156
20.1156
20.1156
20.1156
20.6811
20.6811
20.6811
20.6811
20.6811
20.6811
20.6811
20.6811
21.4007
21.4007
21.4007
21.4007
21.4007
21.4007
21.4007
21.4007
22.2422
22.2422
22.2422
22.2422
22.2422
22.2422
22.2422
22.2422
23.1635
23.1635
23.1635
23.1635
23.1635
23.1635
23.1635
23.1635
24.1137
24.1137
24.1137
24.1137
24.1137
24.1137
24.1137
24.1137
25.0353
25.0353
25.0353
25.0353
25.0353
25.0353
25.0353
25.0353
25.8687
25.8687
25.8687
25.8687
25.8687
25.8687
25.8687
25.8687
26.5583
26.5583
26.5583
26.5583
26.5583
26.5583
26.5583
26.5583
27.0582
27.0582
27.0582
27.0582
27.0582
27.0582
27.0582
27.0582
27.3383
27.3383
27.3383
27.3383
27.3383
27.3383
27.3383
27.3383
27.3874
27.3874
27.3874
27.3874
27.3874
27.3874
27.3874
27.3874
27.2145
27.2145
27.2145
27.2145
27.2145
27.2145
27.2145
27.2145
26.8459
26.8459
26.8459
26.8459
26.8459
26.8459
26.8459
26.8459
21.6475
21.6475
21.6475
21.6475
21.6475
21.6475
21.6475
21.6475
21.797
21.797
21.797
21.797
21.797
21.797
21.797
21.797
22.1145
22.1145
22.1145
22.1145
22.1145
22.1145
22.1145
22.1145
22.5834
22.5834
22.5834
22.5834
22.5834
22.5834
22.5834
22.5834
23.1783
23.1783
23.1783
23.1783
23.1783
23.1783
23.1783
23.1783
23.8646
23.8646
23.8646
23.8646
23.8646
23.8646
23.8646
23.8646
24.5996
24.5996
24.5996
24.5996
24.5996
24.5996
24.5996
24.5996
25.3341
25.3341
25.3341
25.3341
25.3341
25.3341
25.3341
25.3341
26.0156
26.0156
26.0156
26.0156
26.0156
26.0156
26.0156
26.0156
26.5931
26.5931
26.5931
26.5931
26.5931
26.5931
26.5931
26.5931
27.0218
27.0218
27.0218
27.0218
27.0218
27.0218
27.0218
27.0218
27.2691
27.2691
27.2691
27.2691
27.2691
27.2691
27.2691
27.2691
27.3175
27.3175
27.3175
27.3175
27.3175
27.3175
27.3175
27.3175
27.1677
27.1677
27.1677
27.1677
27.1677
27.1677
27.1677
27.1677
26.8366
26.8366
26.8366
26.8366
26.8366
26.8366
26.8366
26.8366
26.3551
26.3551
26.3551
26.3551
26.3551
26.3551
26.3551
26.3551
21.6475
21.6475
21.6475
21.6475
21.6475
21.6475
21.6475
21.6475
21.797
21.797
21.797
21.797
21.797
21.797
21.797
21.797
22.1145
22.1145
22.1145
22.1145
22.1145
22.1145
22.1145
22.1145
22.5834
22.5834
22.5834
22.5834
22.5834
22.5834
22.5834
22.5834
23.1783
23.1783
23.1783
23.1783
23.1783
23.1783
23.1783
23.1783
23.8646
23.8646
23.8646
23.8646
23.8646
23.8646
23.8646
23.8646
24.5996
24.5996
24.5996
24.5996
24.5996
24.5996
24.5996
24.5996
25.3341
25.3341
25.3341
25.3341
25.3341
25.3341
25.3341
25.3341
26.0156
26.0156
26.0156
26.0156
26.0156
26.0156
26.0156
26.0156
26.5931
26.5931
26.5931
26.5931
26.5931
26.5931
26.5931
26.5931
27.0218
27.0218
27.0218
27.0218
27.0218
27.0218
27.0218
27.0218
27.2691
27.2691
27.2691
27.2691
27.2691
27.2691
27.2691
27.2691
27.3175
27.3175
27.3175
27.3175
27.3175
27.3175
27.3175
27.3175
27.1677
27.1677
27.1677
27.1677
27.1677
27.1677
27.1677
27.1677
26.8366
26.8366
26.8366
26.8366
26.8366
26.8366
26.8366
26.8366
26.3551
26.3551
26.3551
26.3551
26.3551
26.3551
26.3551
26.3551
21.6475
21.6475
21.6475
21.6475
21.6475
21.6475
21.6475
21.6475
21.797
21.797
21.797
21.797
21.797
21.797
21.797
21.797
22.1145
22.1145
22.1145
22.1145
22.1145
22.1145
22.1145
22.1145
22.5834
22.5834
22.5834
22.5834
22.5834
22.5834
22.5834
22.5834
23.1783
23.1783
23.1783
23.1783
23.1783
23.1783
23.1783
23.1783
23.8646
23.8646
23.8646
23.8646
23.8646
23.8646
23.8646
23.8646
24.5996
24.5996
24.5996
24.5996
24.5996
24.5996
24.5996
24.5996
25.3341
25.3341
25.3341
25.3341
25.3341
25.3341
25.3341
25.3341
26.0156
26.0156
26.0156
26.0156
26.0156
26.0156
26.0156
26.0156
26.5931
26.5931
26.5931
26.5931
26.5931
26.5931
26.5931
26.5931
27.0218
27.0218
27.0218
27.0218
27.0218
27.0218
27.0218
27.0218
27.2691
27.2691
27.2691
27.2691
27.2691
27.2691
27.2691
27.2691
27.3175
27.3175
27.3175
27.3175
27.3175
27.3175
27.3175
27.3175
27.1677
27.1677
27.1677
27.1677
27.1677
27.1677
27.1677
27.1677
26.8366
26.8366
26.8366
26.8366
26.8366
26.8366
26.8366
26.8366
26.3551
26.3551
26.3551
26.3551
26.3551
26.3551
26.3551
26.3551
21.6475
21.6475
21.6475
21.6475
21.6475
21.6475
21.6475
21.6475
21.797
21.797
21.797
21.797
21.797
21.797
21.797
21.797
22.1145
22.1145
22.1145
22.1145
22.1145
22.1145
22.1145
22.1145
22.5834
22.5834
22.5834
22.5834
22.5834
22.5834
22.5834
22.5834
23.1783
23.1783
23.1783
23.1783
23.1783
23.1783
23.1783
23.1783
23.8646
23.8646
23.8646
23.8646
23.8646
23.8646
23.8646
23.8646
24.5996
24.5996
24.5996
24.5996
24.5996
24.5996
24.5996
24.5996
25.3341
25.3341
25.3341
25.3341
25.3341
25.3341
25.3341
25.3341
26.0156
26.0156
26.0156
26.0156
26.0156
26.0156
26.0156
26.0156
26.5931
26.5931
26.5931
26.5931
26.5931
26.5931
26.5931
26.5931
27.0218
27.0218
27.0218
27.0218
27.0218
27.0218
27.0218
27.0218
27.2691
27.2691
27.2691
27.2691
27.2691
27.2691
27.2691
27.2691
27.3175
27.3175
27.3175
27.3175
27.3175
27.3175
27.3175
27.3175
27.1677
27.1677
27.1677
27.1677
27.1677
27.1677
27.1677
27.1677
26.8366
26.8366
26.8366
26.8366
26.8366
26.8366
26.8366
26.8366
26.3551
26.3551
26.3551
26.3551
26.3551
26.3551
26.3551
26.3551
24.1333
24.1333
24.1333
24.1333
24.1333
24.1333
24.1333
24.1333
24.1931
24.1931
24.1931
24.1931
24.1931
24.1931
24.1931
24.1931
24.3899
24.3899
24.3899
24.3899
24.3899
24.3899
24.3899
24.3899
24.7059
24.7059
24.7059
24.7059
24.7059
24.7059
24.7059
24.7059
25.1144
25.1144
25.1144
25.1144
25.1144
25.1144
25.1144
25.1144
25.5809
25.5809
25.5809
25.5809
25.5809
25.5809
25.5809
25.5809
26.0647
26.0647
26.0647
26.0647
26.0647
26.0647
26.0647
26.0647
26.5216
26.5216
26.5216
26.5216
26.5216
26.5216
26.5216
26.5216
26.9072
26.9072
26.9072
26.9072
26.9072
26.9072
26.9072
26.9072
27.1816
27.1816
27.1816
27.1816
27.1816
27.1816
27.1816
27.1816
27.3134
27.3134
27.3134
27.3134
27.3134
27.3134
27.3134
27.3134
27.2834
27.2834
27.2834
27.2834
27.2834
27.2834
27.2834
27.2834
27.0872
27.0872
27.0872
27.0872
27.0872
27.0872
27.0872
27.0872
26.7353
26.7353
26.7353
26.7353
26.7353
26.7353
26.7353
26.7353
26.2509
26.2509
26.2509
26.2509
26.2509
26.2509
26.2509
26.2509
25.667
25.667
25.667
25.667
25.667
25.667
25.667
25.667
24.1333
24.1333
24.1333
24.1333
24.1333
24.1333
24.1333
24.1333
24.1931
24.1931
24.1931
24.1931
24.1931
24.1931
24.1931
24.1931
24.3899
24.3899
24.3899
24.3899
24.3899
24.3899
24.3899
24.3899
24.7059
24.7059
24.7059
24.7059
24.7059
24.7059
24.7059
24.7059
25.1144
25.1144
25.1144
25.1144
25.1144
25.1144
25.1144
25.1144
25.5809
25.5809
25.5809
25.5809
25.5809
25.5809
25.5809
25.5809
26.0647
26.0647
26.0647
26.0647
26.0647
26.0647
26.0647
26.0647
26.5216
26.5216
26.5216
26.5216
26.5216
26.5216
26.5216
26.5216
26.9072
26.9072
26.9072
26.9072
26.9072
26.9072
26.9072
26.9072
27.1816
27.1816
27.1816
27.1816
27.1816
27.1816
27.1816
27.1816
27.3134
27.3134
27.3134
27.3134
27.3134
27.3134
27.3134
27.3134
27.2834
27.2834
27.2834
27.2834
27.2834
27.2834
27.2834
27.2834
27.0872
27.0872
27.0872
27.0872
27.0872
27.0872
27.0872
27.0872
26.7353
26.7353
26.7353
26.7353
26.7353
26.7353
26.7353
26.7353
26.2509
26.2509
26.2509
26.2509
26.2509
26.2509
26.2509
26.2509
25.667
25.667
25.667
25.667
25.667
25.667
25.667
25.667
24.1333
24.1333
24.1333
24.1333
24.1333
24.1333
24.1333
24.1333
24.1931
24.1931
24.1931
24.1931
24.1931
24.1931
24.1931
24.1931
24.3899
24.3899
24.3899
24.3899
24.3899
24.3899
24.3899
24.3899
24.7059
24.7059
24.7059
24.7059
24.7059
24.7059
24.7059
24.7059
25.1144
25.1144
25.1144
25.1144
25.1144
25.1144
25.1144
25.1144
25.5809
25.5809
25.5809
25.5809
25.5809
25.5809
25.5809
25.5809
26.0647
26.0647
26.0647
26.0647
26.0647
26.0647
26.0647
26.0647
26.5216
26.5216
26.5216
26.5216
26.5216
26.5216
26.5216
26.5216
26.9072
26.9072
26.9072
26.9072
26.9072
26.9072
26.9072
26.9072
27.1816
27.1816
27.1816
27.1816
27.1816
27.1816
27.1816
27.1816
27.3134
27.3134
27.3134
27.3134
27.3134
27.3134
27.3134
27.3134
27.2834
27.2834
27.2834
27.2834
27.2834
27.2834
27.2834
27.2834
27.0872
27.0872
27.0872
27.0872
27.0872
27.0872
27.0872
27.0872
26.7353
26.7353
26.7353
26.7353
26.7353
26.7353
26.7353
26.7353
26.2509
26.2509
26.2509
26.2509
26.2509
26.2509
26.2509
26.2509
25.667
25.667
25.667
25.667
25.667
25.667
25.667
25.667
24.1333
24.1333
24.1333
24.1333
24.1333
24.1333
24.1333
24.1333
24.1931
24.1931
24.1931
24.1931
24.1931
24.1931
24.1931
24.1931
24.3899
24.3899
24.3899
24.3899
24.3899
24.3899
24.3899
24.3899
24.7059
24.7059
24.7059
24.7059
24.7059
24.7059
24.7059
24.7059
25.1144
25.1144
25.1144
25.1144
25.1144
25.1144
25.1144
25.1144
25.5809
25.5809
25.5809
25.5809
25.5809
25.5809
25.5809
25.5809
26.0647
26.0647
26.0647
26.0647
26.0647
26.0647
26.0647
26.0647
26.5216
26.5216
26.5216
26.5216
26.5216
26.5216
26.5216
26.5216
26.9072
26.9072
26.9072
26.9072
26.9072
26.9072
26.9072
26.9072
27.1816
27.1816
27.1816
27.1816
27.1816
27.1816
27.1816
27.1816
27.3134
27.3134
27.3134
27.3134
27.3134
27.3134
27.3134
27.3134
27.2834
27.2834
27.2834
27.2834
27.2834
27.2834
27.2834
27.2834
27.0872
27.0872
27.0872
27.0872
27.0872
27.0872
27.0872
27.0872
26.7353
26.7353
26.7353
26.7353
26.7353
26.7353
26.7353
26.7353
26.2509
26.2509
26.2509
26.2509
26.2509
26.2509
26.2509
26.2509
25.667
25.667
25.667
25.667
25.667
25.667
25.667
25.667
26.9629
26.9629
26.9629
26.9629
26.9629
26.9629
26.9629
26.9629
26.8788
26.8788
26.8788
26.8788
26.8788
26.8788
26.8788
26.8788
26.8922
26.8922
26.8922
26.8922
26.8922
26.8922
26.8922
26.8922
26.986
26.986
26.986
26.986
26.986
26.986
26.986
26.986
27.1352
27.1352
27.1352
27.1352
27.1352
27.1352
27.1352
27.1352
27.3087
27.3087
27.3087
27.3087
27.3087
27.3087
27.3087
27.3087
27.4716
27.4716
27.4716
27.4716
27.4716
27.4716
27.4716
27.4716
27.5881
27.5881
27.5881
27.5881
27.5881
27.5881
27.5881
27.5881
27.6253
27.6253
27.6253
27.6253
27.6253
27.6253
27.6253
27.6253
27.5565
27.5565
27.5565
27.5565
27.5565
27.5565
27.5565
27.5565
27.3645
27.3645
27.3645
27.3645
27.3645
27.3645
27.3645
27.3645
27.0436
27.0436
27.0436
27.0436
27.0436
27.0436
27.0436
27.0436
26.6004
26.6004
26.6004
26.6004
26.6004
26.6004
26.6004
26.6004
26.053
26.053
26.053
26.053
26.053
26.053
26.053
26.053
25.4282
25.4282
25.4282
25.4282
25.4282
25.4282
25.4282
25.4282
24.7583
24.7583
24.7583
24.7583
24.7583
24.7583
24.7583
24.7583
26.9629
26.9629
26.9629
26.9629
26.9629
26.9629
26.9629
26.9629
26.8788
26.8788
26.8788
26.8788
26.8788
26.8788
26.8788
26.8788
26.8922
26.8922
26.8922
26.8922
26.8922
26.8922
26.8922
26.8922
26.986
26.986
26.986
26.986
26.986
26.986
26.986
26.986
27.1352
27.1352
27.1352
27.1352
27.1352
27.1352
27.1352
27.1352
27.3087
27.3087
27.3087
27.3087
27.3087
27.3087
27.3087
27.3087
27.4716
27.4716
27.4716
27.4716
27.4716
27.4716
27.4716
27.4716
27.5881
27.5881
27.5881
27.5881
27.5881
27.5881
27.5881
27.5881
27.6253
27.6253
27.6253
27.6253
27.6253
27.6253
27.6253
27.6253
27.5565
27.5565
27.5565
27.5565
27.5565
27.5565
27.5565
27.5565
27.3645
27.3645
27.3645
27.3645
27.3645
27.3645
27.3645
27.3645
27.0436
27.0436
27.0436
27.0436
27.0436
27.0436
27.0436
27.0436
26.6004
26.6004
26.6004
26.6004
26.6004
26.6004
26.6004
26.6004
26.053
26.053
26.053
26.053
26.053
26.053
26.053
26.053
25.4282
25.4282
25.4282
25.4282
25.4282
25.4282
25.4282
25.4282
24.7583
24.7583
24.7583
24.7583
24.7583
24.7583
24.7583
24.7583
26.9629
26.9629
26.9629
26.9629
26.9629
26.9629
26.9629
26.9629
26.8788
26.8788
26.8788
26.8788
26.8788
26.8788
26.8788
26.8788
26.8922
26.8922
26.8922
26.8922
26.8922
26.8922
26.8922
26.8922
26.986
26.986
26.986
26.986
26.986
26.986
26.986
26.986
27.1352
27.1352
27.1352
27.1352
27.1352
27.1352
27.1352
27.1352
27.3087
27.3087
27.3087
27.3087
27.3087
27.3087
27.3087
27.3087
27.4716
27.4716
27.4716
27.4716
27.4716
27.4716
27.4716
27.4716
27.5881
27.5881
27.5881
27.5881
27.5881
27.5881
27.5881
27.5881
27.6253
27.6253
27.6253
27.6253
27.6253
27.6253
27.6253
27.6253
27.5565
27.5565
27.5565
27.5565
27.5565
27.5565
27.5565
27.5565
27.3645
27.3645
27.3645
27.3645
27.3645
27.3645
27.3645
27.3645
27.0436
27.0436
27.0436
27.0436
27.0436
27.0436
27.0436
27.0436
26.6004
26.6004
26.6004
26.6004
26.6004
26.6004
26.6004
26.6004
26.053
26.053
26.053
26.053
26.053
26.053
26.053
26.053
25.4282
25.4282
25.4282
25.4282
25.4282
25.4282
25.4282
25.4282
24.7583
24.7583
24.7583
24.7583
24.7583
24.7583
24.7583
24.7583
26.9629
26.9629
26.9629
26.9629
26.9629
26.9629
26.9629
26.9629
26.8788
26.8788
26.8788
26.8788
26.8788
26.8788
26.8788
26.8788
26.8922
26.8922
26.8922
26.8922
26.8922
26.8922
26.8922
26.8922
26.986
26.986
26.986
26.986
26.986
26.986
26.986
26.986
27.1352
27.1352
27.1352
27.1352
27.1352
27.1352
27.1352
27.1352
27.3087
27.3087
27.3087
27.3087
27.3087
27.3087
27.3087
27.3087
27.4716
27.4716
27.4716
27.4716
27.4716
27.4716
27.4716
27.4716
27.5881
27.5881
27.5881
27.5881
27.5881
27.5881
27.5881
27.5881
27.6253
27.6253
27.6253
27.6253
27.6253
27.6253
27.6253
27.6253
27.5565
27.5565
27.5565
27.5565
27.5565
27.5565
27.5565
27.5565
27.3645
27.3645
27.3645
27.3645
27.3645
27.3645
27.3645
27.3645
27.0436
27.0436
27.0436
27.0436
27.0436
27.0436
27.0436
27.0436
26.6004
26.6004
26.6004
26.6004
26.6004
26.6004
26.6004
26.6004
26.053
26.053
26.053
26.053
26.053
26.053
26.053
26.053
25.4282
25.4282
25.4282
25.4282
25.4282
25.4282
25.4282
25.4282
24.7583
24.7583
24.7583
24.7583
24.7583
24.7583
24.7583
24.7583
30.0846
30.0846
30.0846
30.0846
30.0846
30.0846
30.0846
30.0846
29.7898
29.7898
29.7898
29.7898
29.7898
29.7898
29.7898
29.7898
29.5447
29.5447
29.5447
29.5447
29.5447
29.5447
29.5447
29.5447
29.3366
29.3366
29.3366
29.3366
29.3366
29.3366
29.3366
29.3366
29.1463
29.1463
29.1463
29.1463
29.1463
29.1463
29.1463
29.1463
28.9503
28.9503
28.9503
28.9503
28.9503
28.9503
28.9503
28.9503
28.7237
28.7237
28.7237
28.7237
28.7237
28.7237
28.7237
28.7237
28.443
28.443
28.443
28.443
28.443
28.443
28.443
28.443
28.0889
28.0889
28.0889
28.0889
28.0889
28.0889
28.0889
28.0889
27.6493
27.6493
27.6493
27.6493
27.6493
27.6493
27.6493
27.6493
27.1206
27.1206
27.1206
27.1206
27.1206
27.1206
27.1206
27.1206
26.5087
26.5087
26.5087
26.5087
26.5087
26.5087
26.5087
26.5087
25.8286
25.8286
25.8286
25.8286
25.8286
25.8286
25.8286
25.8286
25.1026
25.1026
25.1026
25.1026
25.1026
25.1026
25.1026
25.1026
24.3578
24.3578
24.3578
24.3578
24.3578
24.3578
24.3578
24.3578
23.6232
23.6232
23.6232
23.6232
23.6232
23.6232
23.6232
23.6232
30.0846
30.0846
30.0846
30.0846
30.0846
30.0846
30.0846
30.0846
29.7898
29.7898
29.7898
29.7898
29.7898
29.7898
29.7898
29.7898
29.5447
29.5447
29.5447
29.5447
29.5447
29.5447
29.5447
29.5447
29.3366
29.3366
29.3366
29.3366
29.3366
29.3366
29.3366
29.3366
29.1463
29.1463
29.1463
29.1463
29.1463
29.1463
29.1463
29.1463
28.9503
28.9503
28.9503
28.9503
28.9503
28.9503
28.9503
28.9503
28.7237
28.7237
28.7237
28.7237
28.7237
28.7237
28.7237
28.7237
28.443
28.443
28.443
28.443
28.443
28.443
28.443
28.443
28.0889
28.0889
28.0889
28.0889
28.0889
28.0889
28.0889
28.0889
27.6493
27.6493
27.6493
27.6493
27.6493
27.6493
27.6493
27.6493
27.1206
27.1206
27.1206
27.1206
27.1206
27.1206
27.1206
27.1206
26.5087
26.5087
26.5087
26.5087
26.5087
26.5087
26.5087
26.5087
25.8286
25.8286
25.8286
25.8286
25.8286
25.8286
25.8286
25.8286
25.1026
25.1026
25.1026
25.1026
25.1026
25.1026
25.1026
25.1026
24.3578
24.3578
24.3578
24.3578
24.3578
24.3578
24.3578
24.3578
23.6232
23.6232
23.6232
23.6232
23.6232
23.6232
23.6232
23.6232
30.0846
30.0846
30.0846
30.0846
30.0846
30.0846
30.0846
30.0846
29.7898
29.7898
29.7898
29.7898
29.7898
29.7898
29.7898
29.7898
29.5447
29.5447
29.5447
29.5447
29.5447
29.5447
29.5447
29.5447
29.3366
29.3366
29.3366
29.3366
29.3366
29.3366
29.3366
29.3366
29.1463
29.1463
29.1463
29.1463
29.1463
29.1463
29.1463
29.1463
28.9503
28.9503
28.9503
28.9503
28.9503
28.9503
28.9503
28.9503
28.7237
28.7237
28.7237
28.7237
28.7237
28.7237
28.7237
28.7237
28.443
28.443
28.443
28.443
28.443
28.443
28.443
28.443
28.0889
28.0889
28.0889
28.0889
28.0889
28.0889
28.0889
28.0889
27.6493
27.6493
27.6493
27.6493
27.6493
27.6493
27.6493
27.6493
27.1206
27.1206
27.1206
27.1206
27.1206
27.1206
27.1206
27.1206
26.5087
26.5087
26.5087
26.5087
26.5087
26.5087
26.5087
26.5087
25.8286
25.8286
25.8286
25.8286
25.8286
25.8286
25.8286
25.8286
25.1026
25.1026
25.1026
25.1026
25.1026
25.1026
25.1026
25.1026
24.3578
24.3578
24.3578
24.3578
24.3578
24.3578
24.3578
24.3578
23.6232
23.6232
23.6232
23.6232
23.6232
23.6232
23.6232
23.6232
30.0846
30.0846
30.0846
30.0846
30.0846
30.0846
30.0846
30.0846
29.7898
29.7898
29.7898
29.7898
29.7898
29.7898
29.7898
29.7898
29.5447
29.5447
29.5447
29.5447
29.5447
29.5447
29.5447
29.5447
29.3366
29.3366
29.3366
29.3366
29.3366
29.3366
29.3366
29.3366
29.1463
29.1463
29.1463
29.1463
29.1463
29.1463
29.1463
29.1463
28.9503
28.9503
28.9503
28.9503
28.9503
28.9503
28.9503
28.9503
28.7237
28.7237
28.7237
28.7237
28.7237
28.7237
28.7237
28.7237
28.443
28.443
28.443
28.443
28.443
28.443
28.443
28.443
28.0889
28.0889
28.0889
28.0889
28.0889
28.0889
28.0889
28.0889
27.6493
27.6493
27.6493
27.6493
27.6493
27.6493
27.6493
27.6493
27.1206
27.1206
27.1206
27.1206
27.1206
27.1206
27.1206
27.1206
26.5087
26.5087
26.5087
26.5087
26.5087
26.5087
26.5087
26.5087
25.8286
25.8286
25.8286
25.8286
25.8286
25.8286
25.8286
25.8286
25.1026
25.1026
25.1026
25.1026
25.1026
25.1026
25.1026
25.1026
24.3578
24.3578
24.3578
24.3578
24.3578
24.3578
24.3578
24.3578
23.6232
23.6232
23.6232
23.6232
23.6232
23.6232
23.6232
23.6232
33.4135
33.4135
33.4135
33.4135
33.4135
33.4135
33.4135
33.4135
32.8309
32.8309
32.8309
32.8309
32.8309
32.8309
32.8309
32.8309
32.2438
32.2438
32.2438
32.2438
32.2438
32.2438
32.2438
32.2438
31.6489
31.6489
31.6489
31.6489
31.6489
31.6489
31.6489
31.6489
31.038
31.038
31.038
31.038
31.038
31.038
31.038
31.038
30.4003
30.4003
30.4003
30.4003
30.4003
30.4003
30.4003
30.4003
29.7249
29.7249
29.7249
29.7249
29.7249
29.7249
29.7249
29.7249
29.0034
29.0034
29.0034
29.0034
29.0034
29.0034
29.0034
29.0034
28.2314
28.2314
28.2314
28.2314
28.2314
28.2314
28.2314
28.2314
27.4108
27.4108
27.4108
27.4108
27.4108
27.4108
27.4108
27.4108
26.5497
26.5497
26.5497
26.5497
26.5497
26.5497
26.5497
26.5497
25.6623
25.6623
25.6623
25.6623
25.6623
25.6623
25.6623
25.6623
24.7681
24.7681
24.7681
24.7681
24.7681
24.7681
24.7681
24.7681
23.8899
23.8899
23.8899
23.8899
23.8899
23.8899
23.8899
23.8899
23.0516
23.0516
23.0516
23.0516
23.0516
23.0516
23.0516
23.0516
22.2766
22.2766
22.2766
22.2766
22.2766
22.2766
22.2766
22.2766
33.4135
33.4135
33.4135
33.4135
33.4135
33.4135
33.4135
33.4135
32.8309
32.8309
32.8309
32.8309
32.8309
32.8309
32.8309
32.8309
32.2438
32.2438
32.2438
32.2438
32.2438
32.2438
32.2438
32.2438
31.6489
31.6489
31.6489
31.6489
31.6489
31.6489
31.6489
31.6489
31.038
31.038
31.038
31.038
31.038
31.038
31.038
31.038
30.4003
30.4003
30.4003
30.4003
30.4003
30.4003
30.4003
30.4003
29.7249
29.7249
29.7249
29.7249
29.7249
29.7249
29.7249
29.7249
29.0034
29.0034
29.0034
29.0034
29.0034
29.0034
29.0034
29.0034
28.2314
28.2314
28.2314
28.2314
28.2314
28.2314
28.2314
28.2314
27.4108
27.4108
27.4108
27.4108
27.4108
27.4108
27.4108
27.4108
26.5497
26.5497
26.5497
26.5497
26.5497
26.5497
26.5497
26.5497
25.6623
25.6623
25.6623
25.6623
25.6623
25.6623
25.6623
25.6623
24.7681
24.7681
24.7681
24.7681
24.7681
24.7681
24.7681
24.7681
23.8899
23.8899
23.8899
23.8899
23.8899
23.8899
23.8899
23.8899
23.0516
23.0516
23.0516
23.0516
23.0516
23.0516
23.0516
23.0516
22.2766
22.2766
22.2766
22.2766
22.2766
22.2766
22.2766
22.2766
33.4135
33.4135
33.4135
33.4135
33.4135
33.4135
33.4135
33.4135
32.8309
32.8309
32.8309
32.8309
32.8309
32.8309
32.8309
32.8309
32.2438
32.2438
32.2438
32.2438
32.2438
32.2438
32.2438
32.2438
31.6489
31.6489
31.6489
31.6489
31.6489
31.6489
31.6489
31.6489
31.038
31.038
31.038
31.038
31.038
31.038
31.038
31.038
30.4003
30.4003
30.4003
30.4003
30.4003
30.4003
30.4003
30.4003
29.7249
29.7249
29.7249
29.7249
29.7249
29.7249
29.7249
29.7249
29.0034
29.0034
29.0034
29.0034
29.0034
29.0034
29.0034
29.0034
28.2314
28.2314
28.2314
28.2314
28.2314
28.2314
28.2314
28.2314
27.4108
27.4108
27.4108
27.4108
27.4108
27.4108
27.4108
27.4108
26.5497
26.5497
26.5497
26.5497
26.5497
26.5497
26.5497
26.5497
25.6623
25.6623
25.6623
25.6623
25.6623
25.6623
25.6623
25.6623
24.7681
24.7681
24.7681
24.7681
24.7681
24.7681
24.7681
24.7681
23.8899
23.8899
23.8899
23.8899
23.8899
23.8899
23.8899
23.8899
23.0516
23.0516
23.0516
23.0516
23.0516
23.0516
23.0516
23.0516
22.2766
22.2766
22.2766
22.2766
22.2766
22.2766
22.2766
22.2766
33.4135
33.4135
33.4135
33.4135
33.4135
33.4135
33.4135
33.4135
32.8309
32.8309
32.8309
32.8309
32.8309
32.8309
32.8309
32.8309
32.2438
32.2438
32.2438
32.2438
32.2438
32.2438
32.2438
32.2438
31.6489
31.6489
31.6489
31.6489
31.6489
31.6489
31.6489
31.6489
31.038
31.038
31.038
31.038
31.038
31.038
31.038
31.038
30.4003
30.4003
30.4003
30.4003
30.4003
30.4003
30.4003
30.4003
29.7249
29.7249
29.7249
29.7249
29.7249
29.7249
29.7249
29.7249
29.0034
29.0034
29.0034
29.0034
29.0034
29.0034
29.0034
29.0034
28.2314
28.2314
28.2314
28.2314
28.2314
28.2314
28.2314
28.2314
27.4108
27.4108
27.4108
27.4108
27.4108
27.4108
27.4108
27.4108
26.5497
26.5497
26.5497
26.5497
26.5497
26.5497
26.5497
26.5497
25.6623
25.6623
25.6623
25.6623
25.6623
25.6623
25.6623
25.6623
24.7681
24.7681
24.7681
24.7681
24.7681
24.7681
24.7681
24.7681
23.8899
23.8899
23.8899
23.8899
23.8899
23.8899
23.8899
23.8899
23.0516
23.0516
23.0516
23.0516
23.0516
23.0516
23.0516
23.0516
22.2766
22.2766
22.2766
22.2766
22.2766
22.2766
22.2766
22.2766
36.8306
36.8306
36.8306
36.8306
36.8306
36.8306
36.8306
36.8306
35.8778
35.8778
35.8778
35.8778
35.8778
35.8778
35.8778
35.8778
34.8634
34.8634
34.8634
34.8634
34.8634
34.8634
34.8634
34.8634
33.7997
33.7997
33.7997
33.7997
33.7997
33.7997
33.7997
33.7997
32.6953
32.6953
32.6953
32.6953
32.6953
32.6953
32.6953
32.6953
31.5569
31.5569
31.5569
31.5569
31.5569
31.5569
31.5569
31.5569
30.3909
30.3909
30.3909
30.3909
30.3909
30.3909
30.3909
30.3909
29.2053
29.2053
29.2053
29.2053
29.2053
29.2053
29.2053
29.2053
28.0104
28.0104
28.0104
28.0104
28.0104
28.0104
28.0104
28.0104
26.8195
26.8195
26.8195
26.8195
26.8195
26.8195
26.8195
26.8195
25.6487
25.6487
25.6487
25.6487
25.6487
25.6487
25.6487
25.6487
24.5164
24.5164
24.5164
24.5164
24.5164
24.5164
24.5164
24.5164
23.4422
23.4422
23.4422
23.4422
23.4422
23.4422
23.4422
23.4422
22.4454
22.4454
22.4454
22.4454
22.4454
22.4454
22.4454
22.4454
21.5441
21.5441
21.5441
21.5441
21.5441
21.5441
21.5441
21.5441
20.754
20.754
20.754
20.754
20.754
20.754
20.754
20.754
36.8306
36.8306
36.8306
36.8306
36.8306
36.8306
36.8306
36.8306
35.8778
35.8778
35.8778
35.8778
35.8778
35.8778
35.8778
35.8778
34.8634
34.8634
34.8634
34.8634
34.8634
34.8634
34.8634
34.8634
33.7997
33.7997
33.7997
33.7997
33.7997
33.7997
33.7997
33.7997
32.6953
32.6953
32.6953
32.6953
32.6953
32.6953
32.6953
32.6953
31.5569
31.5569
31.5569
31.5569
31.5569
31.5569
31.5569
31.5569
30.3909
30.3909
30.3909
30.3909
30.3909
30.3909
30.3909
30.3909
29.2053
29.2053
29.2053
29.2053
29.2053
29.2053
29.2053
29.2053
28.0104
28.0104
28.0104
28.0104
28.0104
28.0104
28.0104
28.0104
26.8195
26.8195
26.8195
26.8195
26.8195
26.8195
26.8195
26.8195
25.6487
25.6487
25.6487
25.6487
25.6487
25.6487
25.6487
25.6487
24.5164
24.5164
24.5164
24.5164
24.5164
24.5164
24.5164
24.5164
23.4422
23.4422
23.4422
23.4422
23.4422
23.4422
23.4422
23.4422
22.4454
22.4454
22.4454
22.4454
22.4454
22.4454
22.4454
22.4454
21.5441
21.5441
21.5441
21.5441
21.5441
21.5441
21.5441
21.5441
20.754
20.754
20.754
20.754
20.754
20.754
20.754
20.754
36.8306
36.8306
36.8306
36.8306
36.8306
36.8306
36.8306
36.8306
35.8778
35.8778
35.8778
35.8778
35.8778
35.8778
35.8778
35.8778
34.8634
34.8634
34.8634
34.8634
34.8634
34.8634
34.8634
34.8634
33.7997
33.7997
33.7997
33.7997
33.7997
33.7997
33.7997
33.7997
32.6953
32.6953
32.6953
32.6953
32.6953
32.6953
32.6953
32.6953
31.5569
31.5569
31.5569
31.5569
31.5569
31.5569
31.5569
31.5569
30.3909
30.3909
30.3909
30.3909
30.3909
30.3909
30.3909
30.3909
29.2053
29.2053
29.2053
29.2053
29.2053
29.2053
29.2053
29.2053
28.0104
28.0104
28.0104
28.0104
28.0104
28.0104
28.0104
28.0104
26.8195
26.8195
26.8195
26.8195
26.8195
26.8195
26.8195
26.8195
25.6487
25.6487
25.6487
25.6487
25.6487
25.6487
25.6487
25.6487
24.5164
24.5164
24.5164
24.5164
24.5164
24.5164
24.5164
24.5164
23.4422
23.4422
23.4422
23.4422
23.4422
23.4422
23.4422
23.4422
22.4454
22.4454
22.4454
22.4454
22.4454
22.4454
22.4454
22.4454
21.5441
21.5441
21.5441
21.5441
21.5441
21.5441
21.5441
21.5441
20.754
20.754
20.754
20.754
20.754
20.754
20.754
20.754
36.8306
36.8306
36.8306
36.8306
36.8306
36.8306
36.8306
36.8306
35.8778
35.8778
35.8778
35.8778
35.8778
35.8778
35.8778
35.8778
34.8634
34.8634
34.8634
34.8634
34.8634
34.8634
34.8634
34.8634
33.7997
33.7997
33.7997
33.7997
33.7997
33.7997
33.7997
33.7997
32.6953
32.6953
32.6953
32.6953
32.6953
32.6953
32.6953
32.6953
31.5569
31.5569
31.5569
31.5569
31.5569
31.5569
31.5569
31.5569
30.3909
30.3909
30.3909
30.3909
30.3909
30.3909
30.3909
30.3909
29.2053
29.2053
29.2053
29.2053
29.2053
29.2053
29.2053
29.2053
28.0104
28.0104
28.0104
28.0104
28.0104
28.0104
28.0104
28.0104
26.8195
26.8195
26.8195
26.8195
26.8195
26.8195
26.8195
26.8195
25.6487
25.6487
25.6487
25.6487
25.6487
25.6487
25.6487
25.6487
24.5164
24.5164
24.5164
24.5164
24.5164
24.5164
24.5164
24.5164
23.4422
23.4422
23.4422
23.4422
23.4422
23.4422
23.4422
23.4422
22.4454
22.4454
22.4454
22.4454
22.4454
22.4454
22.4454
22.4454
21.5441
21.5441
21.5441
21.5441
21.5441
21.5441
21.5441
21.5441
20.754
20.754
20.754
20.754
20.754
20.754
20.754
20.754
