8192
27.8181
27.8181
27.8181
27.8181
27.8181
27.8181
27.8181
27.8181
27.495
27.495
27.495
27.495
27.495
27.495
27.495
27.495
26.9434
26.9434
26.9434
26.9434
26.9434
26.9434
26.9434
26.9434
26.2111
26.2111
26.2111
26.2111
26.2111
26.2111
26.2111
26.2111
25.348
25.348
25.348
25.348
25.348
25.348
25.348
25.348
24.4011
24.4011
24.4011
24.4011
24.4011
24.4011
24.4011
24.4011
23.4114
23.4114
23.4114
23.4114
23.4114
23.4114
23.4114
23.4114
22.4114
22.4114
22.4114
22.4114
22.4114
22.4114
22.4114
22.4114
21.4249
21.4249
21.4249
21.4249
21.4249
21.4249
21.4249
21.4249
20.4675
20.4675
20.4675
20.4675
20.4675
20.4675
20.4675
20.4675
19.5481
19.5481
19.5481
19.5481
19.5481
19.5481
19.5481
19.5481
18.6699
18.6699
18.6699
18.6699
18.6699
18.6699
18.6699
18.6699
17.8329
17.8329
17.8329
17.8329
17.8329
17.8329
17.8329
17.8329
17.0346
17.0346
17.0346
17.0346
17.0346
17.0346
17.0346
17.0346
16.2717
16.2717
16.2717
16.2717
16.2717
16.2717
16.2717
16.2717
15.5412
15.5412
15.5412
15.5412
15.5412
15.5412
15.5412
15.5412
27.8181
27.8181
27.8181
27.8181
27.8181
27.8181
27.8181
27.8181
27.495
27.495
27.495
27.495
27.495
27.495
27.495
27.495
26.9434
26.9434
26.9434
26.9434
26.9434
26.9434
26.9434
26.9434
26.2111
26.2111
26.2111
26.2111
26.2111
26.2111
26.2111
26.2111
25.348
25.348
25.348
25.348
25.348
25.348
25.348
25.348
24.4011
24.4011
24.4011
24.4011
24.4011
24.4011
24.4011
24.4011
23.4114
23.4114
23.4114
23.4114
23.4114
23.4114
23.4114
23.4114
22.4114
22.4114
22.4114
22.4114
22.4114
22.4114
22.4114
22.4114
21.4249
21.4249
21.4249
21.4249
21.4249
21.4249
21.4249
21.4249
20.4675
20.4675
20.4675
20.4675
20.4675
20.4675
20.4675
20.4675
19.5481
19.5481
19.5481
19.5481
19.5481
19.5481
19.5481
19.5481
18.6699
18.6699
18.6699
18.6699
18.6699
18.6699
18.6699
18.6699
17.8329
17.8329
17.8329
17.8329
17.8329
17.8329
17.8329
17.8329
17.0346
17.0346
17.0346
17.0346
17.0346
17.0346
17.0346
17.0346
16.2717
16.2717
16.2717
16.2717
16.2717
16.2717
16.2717
16.2717
15.5412
15.5412
15.5412
15.5412
15.5412
15.5412
15.5412
15.5412
27.8181
27.8181
27.8181
27.8181
27.8181
27.8181
27.8181
27.8181
27.495
27.495
27.495
27.495
27.495
27.495
27.495
27.495
26.9434
26.9434
26.9434
26.9434
26.9434
26.9434
26.9434
26.9434
26.2111
26.2111
26.2111
26.2111
26.2111
26.2111
26.2111
26.2111
25.348
25.348
25.348
25.348
25.348
25.348
25.348
25.348
24.4011
24.4011
24.4011
24.4011
24.4011
24.4011
24.4011
24.4011
23.4114
23.4114
23.4114
23.4114
23.4114
23.4114
23.4114
23.4114
22.4114
22.4114
22.4114
22.4114
22.4114
22.4114
22.4114
22.4114
21.4249
21.4249
21.4249
21.4249
21.4249
21.4249
21.4249
21.4249
20.4675
20.4675
20.4675
20.4675
20.4675
20.4675
20.4675
20.4675
19.5481
19.5481
19.5481
19.5481
19.5481
19.5481
19.5481
19.5481
18.6699
18.6699
18.6699
18.6699
18.6699
18.6699
18.6699
18.6699
17.8329
17.8329
17.8329
17.8329
17.8329
17.8329
17.8329
17.8329
17.0346
17.0346
17.0346
17.0346
17.0346
17.0346
17.0346
17.0346
16.2717
16.2717
16.2717
16.2717
16.2717
16.2717
16.2717
16.2717
15.5412
15.5412
15.5412
15.5412
15.5412
15.5412
15.5412
15.5412
27.8181
27.8181
27.8181
27.8181
27.8181
27.8181
27.8181
27.8181
27.495
27.495
27.495
27.495
27.495
27.495
27.495
27.495
26.9434
26.9434
26.9434
26.9434
26.9434
26.9434
26.9434
26.9434
26.2111
26.2111
26.2111
26.2111
26.2111
26.2111
26.2111
26.2111
25.348
25.348
25.348
25.348
25.348
25.348
25.348
25.348
24.4011
24.4011
24.4011
24.4011
24.4011
24.4011
24.4011
24.4011
23.4114
23.4114
23.4114
23.4114
23.4114
23.4114
23.4114
23.4114
22.4114
22.4114
22.4114
22.4114
22.4114
22.4114
22.4114
22.4114
21.4249
21.4249
21.4249
21.4249
21.4249
21.4249
21.4249
21.4249
20.4675
20.4675
20.4675
20.4675
20.4675
20.4675
20.4675
20.4675
19.5481
19.5481
19.5481
19.5481
19.5481
19.5481
19.5481
19.5481
18.6699
18.6699
18.6699
18.6699
18.6699
18.6699
18.6699
18.6699
17.8329
17.8329
17.8329
17.8329
17.8329
17.8329
17.8329
17.8329
17.0346
17.0346
17.0346
17.0346
17.0346
17.0346
17.0346
17.0346
16.2717
16.2717
16.2717
16.2717
16.2717
16.2717
16.2717
16.2717
15.5412
15.5412
15.5412
15.5412
15.5412
15.5412
15.5412
15.5412
27.7911
27.7911
27.7911
27.7911
27.7911
27.7911
27.7911
27.7911
27.4652
27.4652
27.4652
27.4652
27.4652
27.4652
27.4652
27.4652
26.9053
26.9053
26.9053
26.9053
26.9053
26.9053
26.9053
26.9053
26.1628
26.1628
26.1628
26.1628
26.1628
26.1628
26.1628
26.1628
25.2906
25.2906
25.2906
25.2906
25.2906
25.2906
25.2906
25.2906
24.3384
24.3384
24.3384
24.3384
24.3384
24.3384
24.3384
24.3384
23.3484
23.3484
23.3484
23.3484
23.3484
23.3484
23.3484
23.3484
22.3535
22.3535
22.3535
22.3535
22.3535
22.3535
22.3535
22.3535
21.377
21.377
21.377
21.377
21.377
21.377
21.377
21.377
20.4332
20.4332
20.4332
20.4332
20.4332
20.4332
20.4332
20.4332
19.529
19.529
19.529
19.529
19.529
19.529
19.529
19.529
18.6658
18.6658
18.6658
18.6658
18.6658
18.6658
18.6658
18.6658
17.841
17.841
17.841
17.841
17.841
17.841
17.841
17.841
17.0503
17.0503
17.0503
17.0503
17.0503
17.0503
17.0503
17.0503
16.2885
16.2885
16.2885
16.2885
16.2885
16.2885
16.2885
16.2885
15.5511
15.5511
15.5511
15.5511
15.5511
15.5511
15.5511
15.5511
27.7911
27.7911
27.7911
27.7911
27.7911
27.7911
27.7911
27.7911
27.4652
27.4652
27.4652
27.4652
27.4652
27.4652
27.4652
27.4652
26.9053
26.9053
26.9053
26.9053
26.9053
26.9053
26.9053
26.9053
26.1628
26.1628
26.1628
26.1628
26.1628
26.1628
26.1628
26.1628
25.2906
25.2906
25.2906
25.2906
25.2906
25.2906
25.2906
25.2906
24.3384
24.3384
24.3384
24.3384
24.3384
24.3384
24.3384
24.3384
23.3484
23.3484
23.3484
23.3484
23.3484
23.3484
23.3484
23.3484
22.3535
22.3535
22.3535
22.3535
22.3535
22.3535
22.3535
22.3535
21.377
21.377
21.377
21.377
21.377
21.377
21.377
21.377
20.4332
20.4332
20.4332
20.4332
20.4332
20.4332
20.4332
20.4332
19.529
19.529
19.529
19.529
19.529
19.529
19.529
19.529
18.6658
18.6658
18.6658
18.6658
18.6658
18.6658
18.6658
18.6658
17.841
17.841
17.841
17.841
17.841
17.841
17.841
17.841
17.0503
17.0503
17.0503
17.0503
17.0503
17.0503
17.0503
17.0503
16.2885
16.2885
16.2885
16.2885
16.2885
16.2885
16.2885
16.2885
15.5511
15.5511
15.5511
15.5511
15.5511
15.5511
15.5511
15.5511
27.7911
27.7911
27.7911
27.7911
27.7911
27.7911
27.7911
27.7911
27.4652
27.4652
27.4652
27.4652
27.4652
27.4652
27.4652
27.4652
26.9053
26.9053
26.9053
26.9053
26.9053
26.9053
26.9053
26.9053
26.1628
26.1628
26.1628
26.1628
26.1628
26.1628
26.1628
26.1628
25.2906
25.2906
25.2906
25.2906
25.2906
25.2906
25.2906
25.2906
24.3384
24.3384
24.3384
24.3384
24.3384
24.3384
24.3384
24.3384
23.3484
23.3484
23.3484
23.3484
23.3484
23.3484
23.3484
23.3484
22.3535
22.3535
22.3535
22.3535
22.3535
22.3535
22.3535
22.3535
21.377
21.377
21.377
21.377
21.377
21.377
21.377
21.377
20.4332
20.4332
20.4332
20.4332
20.4332
20.4332
20.4332
20.4332
19.529
19.529
19.529
19.529
19.529
19.529
19.529
19.529
18.6658
18.6658
18.6658
18.6658
18.6658
18.6658
18.6658
18.6658
17.841
17.841
17.841
17.841
17.841
17.841
17.841
17.841
17.0503
17.0503
17.0503
17.0503
17.0503
17.0503
17.0503
17.0503
16.2885
16.2885
16.2885
16.2885
16.2885
16.2885
16.2885
16.2885
15.5511
15.5511
15.5511
15.5511
15.5511
15.5511
15.5511
15.5511
27.7911
27.7911
27.7911
27.7911
27.7911
27.7911
27.7911
27.7911
27.4652
27.4652
27.4652
27.4652
27.4652
27.4652
27.4652
27.4652
26.9053
26.9053
26.9053
26.9053
26.9053
26.9053
26.9053
26.9053
26.1628
26.1628
26.1628
26.1628
26.1628
26.1628
26.1628
26.1628
25.2906
25.2906
25.2906
25.2906
25.2906
25.2906
25.2906
25.2906
24.3384
24.3384
24.3384
24.3384
24.3384
24.3384
24.3384
24.3384
23.3484
23.3484
23.3484
23.3484
23.3484
23.3484
23.3484
23.3484
22.3535
22.3535
22.3535
22.3535
22.3535
22.3535
22.3535
22.3535
21.377
21.377
21.377
21.377
21.377
21.377
21.377
21.377
20.4332
20.4332
20.4332
20.4332
20.4332
20.4332
20.4332
20.4332
19.529
19.529
19.529
19.529
19.529
19.529
19.529
19.529
18.6658
18.6658
18.6658
18.6658
18.6658
18.6658
18.6658
18.6658
17.841
17.841
17.841
17.841
17.841
17.841
17.841
17.841
17.0503
17.0503
17.0503
17.0503
17.0503
17.0503
17.0503
17.0503
16.2885
16.2885
16.2885
16.2885
16.2885
16.2885
16.2885
16.2885
15.5511
15.5511
15.5511
15.5511
15.5511
15.5511
15.5511
15.5511
27.7189
27.7189
27.7189
27.7189
27.7189
27.7189
27.7189
27.7189
27.3761
27.3761
27.3761
27.3761
27.3761
27.3761
27.3761
27.3761
26.8012
26.8012
26.8012
26.8012
26.8012
26.8012
26.8012
26.8012
26.0482
26.0482
26.0482
26.0482
26.0482
26.0482
26.0482
26.0482
25.1722
25.1722
25.1722
25.1722
25.1722
25.1722
25.1722
25.1722
24.2239
24.2239
24.2239
24.2239
24.2239
24.2239
24.2239
24.2239
23.2455
23.2455
23.2455
23.2455
23.2455
23.2455
23.2455
23.2455
22.269
22.269
22.269
22.269
22.269
22.269
22.269
22.269
21.3162
21.3162
21.3162
21.3162
21.3162
21.3162
21.3162
21.3162
20.3993
20.3993
20.3993
20.3993
20.3993
20.3993
20.3993
20.3993
19.5227
19.5227
19.5227
19.5227
19.5227
19.5227
19.5227
19.5227
18.6853
18.6853
18.6853
18.6853
18.6853
18.6853
18.6853
18.6853
17.8822
17.8822
17.8822
17.8822
17.8822
17.8822
17.8822
17.8822
17.1065
17.1065
17.1065
17.1065
17.1065
17.1065
17.1065
17.1065
16.3513
16.3513
16.3513
16.3513
16.3513
16.3513
16.3513
16.3513
15.6109
15.6109
15.6109
15.6109
15.6109
15.6109
15.6109
15.6109
27.7189
27.7189
27.7189
27.7189
27.7189
27.7189
27.7189
27.7189
27.3761
27.3761
27.3761
27.3761
27.3761
27.3761
27.3761
27.3761
26.8012
26.8012
26.8012
26.8012
26.8012
26.8012
26.8012
26.8012
26.0482
26.0482
26.0482
26.0482
26.0482
26.0482
26.0482
26.0482
25.1722
25.1722
25.1722
25.1722
25.1722
25.1722
25.1722
25.1722
24.2239
24.2239
24.2239
24.2239
24.2239
24.2239
24.2239
24.2239
23.2455
23.2455
23.2455
23.2455
23.2455
23.2455
23.2455
23.2455
22.269
22.269
22.269
22.269
22.269
22.269
22.269
22.269
21.3162
21.3162
21.3162
21.3162
21.3162
21.3162
21.3162
21.3162
20.3993
20.3993
20.3993
20.3993
20.3993
20.3993
20.3993
20.3993
19.5227
19.5227
19.5227
19.5227
19.5227
19.5227
19.5227
19.5227
18.6853
18.6853
18.6853
18.6853
18.6853
18.6853
18.6853
18.6853
17.8822
17.8822
17.8822
17.8822
17.8822
17.8822
17.8822
17.8822
17.1065
17.1065
17.1065
17.1065
17.1065
17.1065
17.1065
17.1065
16.3513
16.3513
16.3513
16.3513
16.3513
16.3513
16.3513
16.3513
15.6109
15.6109
15.6109
15.6109
15.6109
15.6109
15.6109
15.6109
27.7189
27.7189
27.7189
27.7189
27.7189
27.7189
27.7189
27.7189
27.3761
27.3761
27.3761
27.3761
27.3761
27.3761
27.3761
27.3761
26.8012
26.8012
26.8012
26.8012
26.8012
26.8012
26.8012
26.8012
26.0482
26.0482
26.0482
26.0482
26.0482
26.0482
26.0482
26.0482
25.1722
25.1722
25.1722
25.1722
25.1722
25.1722
25.1722
25.1722
24.2239
24.2239
24.2239
24.2239
24.2239
24.2239
24.2239
24.2239
23.2455
23.2455
23.2455
23.2455
23.2455
23.2455
23.2455
23.2455
22.269
22.269
22.269
22.269
22.269
22.269
22.269
22.269
21.3162
21.3162
21.3162
21.3162
21.3162
21.3162
21.3162
21.3162
20.3993
20.3993
20.3993
20.3993
20.3993
20.3993
20.3993
20.3993
19.5227
19.5227
19.5227
19.5227
19.5227
19.5227
19.5227
19.5227
18.6853
18.6853
18.6853
18.6853
18.6853
18.6853
18.6853
18.6853
17.8822
17.8822
17.8822
17.8822
17.8822
17.8822
17.8822
17.8822
17.1065
17.1065
17.1065
17.1065
17.1065
17.1065
17.1065
17.1065
16.3513
16.3513
16.3513
16.3513
16.3513
16.3513
16.3513
16.3513
15.6109
15.6109
15.6109
15.6109
15.6109
15.6109
15.6109
15.6109
27.7189
27.7189
27.7189
27.7189
27.7189
27.7189
27.7189
27.7189
27.3761
27.3761
27.3761
27.3761
27.3761
27.3761
27.3761
27.3761
26.8012
26.8012
26.8012
26.8012
26.8012
26.8012
26.8012
26.8012
26.0482
26.0482
26.0482
26.0482
26.0482
26.0482
26.0482
26.0482
25.1722
25.1722
25.1722
25.1722
25.1722
25.1722
25.1722
25.1722
24.2239
24.2239
24.2239
24.2239
24.2239
24.2239
24.2239
24.2239
23.2455
23.2455
23.2455
23.2455
23.2455
23.2455
23.2455
23.2455
22.269
22.269
22.269
22.269
22.269
22.269
22.269
22.269
21.3162
21.3162
21.3162
21.3162
21.3162
21.3162
21.3162
21.3162
20.3993
20.3993
20.3993
20.3993
20.3993
20.3993
20.3993
20.3993
19.5227
19.5227
19.5227
19.5227
19.5227
19.5227
19.5227
19.5227
18.6853
18.6853
18.6853
18.6853
18.6853
18.6853
18.6853
18.6853
17.8822
17.8822
17.8822
17.8822
17.8822
17.8822
17.8822
17.8822
17.1065
17.1065
17.1065
17.1065
17.1065
17.1065
17.1065
17.1065
16.3513
16.3513
16.3513
16.3513
16.3513
16.3513
16.3513
16.3513
15.6109
15.6109
15.6109
15.6109
15.6109
15.6109
15.6109
15.6109
27.621
27.621
27.621
27.621
27.621
27.621
27.621
27.621
27.2491
27.2491
27.2491
27.2491
27.2491
27.2491
27.2491
27.2491
26.6537
26.6537
26.6537
26.6537
26.6537
26.6537
26.6537
26.6537
25.8907
25.8907
25.8907
25.8907
25.8907
25.8907
25.8907
25.8907
25.0162
25.0162
25.0162
25.0162
25.0162
25.0162
25.0162
25.0162
24.0805
24.0805
24.0805
24.0805
24.0805
24.0805
24.0805
24.0805
23.1245
23.1245
23.1245
23.1245
23.1245
23.1245
23.1245
23.1245
22.1783
22.1783
22.1783
22.1783
22.1783
22.1783
22.1783
22.1783
21.2612
21.2612
21.2612
21.2612
21.2612
21.2612
21.2612
21.2612
20.3826
20.3826
20.3826
20.3826
20.3826
20.3826
20.3826
20.3826
19.5442
19.5442
19.5442
19.5442
19.5442
19.5442
19.5442
19.5442
18.7418
18.7418
18.7418
18.7418
18.7418
18.7418
18.7418
18.7418
17.9678
17.9678
17.9678
17.9678
17.9678
17.9678
17.9678
17.9678
17.2129
17.2129
17.2129
17.2129
17.2129
17.2129
17.2129
17.2129
16.4683
16.4683
16.4683
16.4683
16.4683
16.4683
16.4683
16.4683
15.7273
15.7273
15.7273
15.7273
15.7273
15.7273
15.7273
15.7273
27.621
27.621
27.621
27.621
27.621
27.621
27.621
27.621
27.2491
27.2491
27.2491
27.2491
27.2491
27.2491
27.2491
27.2491
26.6537
26.6537
26.6537
26.6537
26.6537
26.6537
26.6537
26.6537
25.8907
25.8907
25.8907
25.8907
25.8907
25.8907
25.8907
25.8907
25.0162
25.0162
25.0162
25.0162
25.0162
25.0162
25.0162
25.0162
24.0805
24.0805
24.0805
24.0805
24.0805
24.0805
24.0805
24.0805
23.1245
23.1245
23.1245
23.1245
23.1245
23.1245
23.1245
23.1245
22.1783
22.1783
22.1783
22.1783
22.1783
22.1783
22.1783
22.1783
21.2612
21.2612
21.2612
21.2612
21.2612
21.2612
21.2612
21.2612
20.3826
20.3826
20.3826
20.3826
20.3826
20.3826
20.3826
20.3826
19.5442
19.5442
19.5442
19.5442
19.5442
19.5442
19.5442
19.5442
18.7418
18.7418
18.7418
18.7418
18.7418
18.7418
18.7418
18.7418
17.9678
17.9678
17.9678
17.9678
17.9678
17.9678
17.9678
17.9678
17.2129
17.2129
17.2129
17.2129
17.2129
17.2129
17.2129
17.2129
16.4683
16.4683
16.4683
16.4683
16.4683
16.4683
16.4683
16.4683
15.7273
15.7273
15.7273
15.7273
15.7273
15.7273
15.7273
15.7273
27.621
27.621
27.621
27.621
27.621
27.621
27.621
27.621
27.2491
27.2491
27.2491
27.2491
27.2491
27.2491
27.2491
27.2491
26.6537
26.6537
26.6537
26.6537
26.6537
26.6537
26.6537
26.6537
25.8907
25.8907
25.8907
25.8907
25.8907
25.8907
25.8907
25.8907
25.0162
25.0162
25.0162
25.0162
25.0162
25.0162
25.0162
25.0162
24.0805
24.0805
24.0805
24.0805
24.0805
24.0805
24.0805
24.0805
23.1245
23.1245
23.1245
23.1245
23.1245
23.1245
23.1245
23.1245
22.1783
22.1783
22.1783
22.1783
22.1783
22.1783
22.1783
22.1783
21.2612
21.2612
21.2612
21.2612
21.2612
21.2612
21.2612
21.2612
20.3826
20.3826
20.3826
20.3826
20.3826
20.3826
20.3826
20.3826
19.5442
19.5442
19.5442
19.5442
19.5442
19.5442
19.5442
19.5442
18.7418
18.7418
18.7418
18.7418
18.7418
18.7418
18.7418
18.7418
17.9678
17.9678
17.9678
17.9678
17.9678
17.9678
17.9678
17.9678
17.2129
17.2129
17.2129
17.2129
17.2129
17.2129
17.2129
17.2129
16.4683
16.4683
16.4683
16.4683
16.4683
16.4683
16.4683
16.4683
15.7273
15.7273
15.7273
15.7273
15.7273
15.7273
15.7273
15.7273
27.621
27.621
27.621
27.621
27.621
27.621
27.621
27.621
27.2491
27.2491
27.2491
27.2491
27.2491
27.2491
27.2491
27.2491
26.6537
26.6537
26.6537
26.6537
26.6537
26.6537
26.6537
26.6537
25.8907
25.8907
25.8907
25.8907
25.8907
25.8907
25.8907
25.8907
25.0162
25.0162
25.0162
25.0162
25.0162
25.0162
25.0162
25.0162
24.0805
24.0805
24.0805
24.0805
24.0805
24.0805
24.0805
24.0805
23.1245
23.1245
23.1245
23.1245
23.1245
23.1245
23.1245
23.1245
22.1783
22.1783
22.1783
22.1783
22.1783
22.1783
22.1783
22.1783
21.2612
21.2612
21.2612
21.2612
21.2612
21.2612
21.2612
21.2612
20.3826
20.3826
20.3826
20.3826
20.3826
20.3826
20.3826
20.3826
19.5442
19.5442
19.5442
19.5442
19.5442
19.5442
19.5442
19.5442
18.7418
18.7418
18.7418
18.7418
18.7418
18.7418
18.7418
18.7418
17.9678
17.9678
17.9678
17.9678
17.9678
17.9678
17.9678
17.9678
17.2129
17.2129
17.2129
17.2129
17.2129
17.2129
17.2129
17.2129
16.4683
16.4683
16.4683
16.4683
16.4683
16.4683
16.4683
16.4683
15.7273
15.7273
15.7273
15.7273
15.7273
15.7273
15.7273
15.7273
27.5075
27.5075
27.5075
27.5075
27.5075
27.5075
27.5075
27.5075
27.0968
27.0968
27.0968
27.0968
27.0968
27.0968
27.0968
27.0968
26.4774
26.4774
26.4774
26.4774
26.4774
26.4774
26.4774
26.4774
25.7063
25.7063
25.7063
25.7063
25.7063
25.7063
25.7063
25.7063
24.8391
24.8391
24.8391
24.8391
24.8391
24.8391
24.8391
24.8391
23.9245
23.9245
23.9245
23.9245
23.9245
23.9245
23.9245
23.9245
23.0011
23.0011
23.0011
23.0011
23.0011
23.0011
23.0011
23.0011
22.096
22.096
22.096
22.096
22.096
22.096
22.096
22.096
21.2251
21.2251
21.2251
21.2251
21.2251
21.2251
21.2251
21.2251
20.3949
20.3949
20.3949
20.3949
20.3949
20.3949
20.3949
20.3949
19.6034
19.6034
19.6034
19.6034
19.6034
19.6034
19.6034
19.6034
18.8435
18.8435
18.8435
18.8435
18.8435
18.8435
18.8435
18.8435
18.1046
18.1046
18.1046
18.1046
18.1046
18.1046
18.1046
18.1046
17.3749
17.3749
17.3749
17.3749
17.3749
17.3749
17.3749
17.3749
16.6438
16.6438
16.6438
16.6438
16.6438
16.6438
16.6438
16.6438
15.9031
15.9031
15.9031
15.9031
15.9031
15.9031
15.9031
15.9031
27.5075
27.5075
27.5075
27.5075
27.5075
27.5075
27.5075
27.5075
27.0968
27.0968
27.0968
27.0968
27.0968
27.0968
27.0968
27.0968
26.4774
26.4774
26.4774
26.4774
26.4774
26.4774
26.4774
26.4774
25.7063
25.7063
25.7063
25.7063
25.7063
25.7063
25.7063
25.7063
24.8391
24.8391
24.8391
24.8391
24.8391
24.8391
24.8391
24.8391
23.9245
23.9245
23.9245
23.9245
23.9245
23.9245
23.9245
23.9245
23.0011
23.0011
23.0011
23.0011
23.0011
23.0011
23.0011
23.0011
22.096
22.096
22.096
22.096
22.096
22.096
22.096
22.096
21.2251
21.2251
21.2251
21.2251
21.2251
21.2251
21.2251
21.2251
20.3949
20.3949
20.3949
20.3949
20.3949
20.3949
20.3949
20.3949
19.6034
19.6034
19.6034
19.6034
19.6034
19.6034
19.6034
19.6034
18.8435
18.8435
18.8435
18.8435
18.8435
18.8435
18.8435
18.8435
18.1046
18.1046
18.1046
18.1046
18.1046
18.1046
18.1046
18.1046
17.3749
17.3749
17.3749
17.3749
17.3749
17.3749
17.3749
17.3749
16.6438
16.6438
16.6438
16.6438
16.6438
16.6438
16.6438
16.6438
15.9031
15.9031
15.9031
15.9031
15.9031
15.9031
15.9031
15.9031
27.5075
27.5075
27.5075
27.5075
27.5075
27.5075
27.5075
27.5075
27.0968
27.0968
27.0968
27.0968
27.0968
27.0968
27.0968
27.0968
26.4774
26.4774
26.4774
26.4774
26.4774
26.4774
26.4774
26.4774
25.7063
25.7063
25.7063
25.7063
25.7063
25.7063
25.7063
25.7063
24.8391
24.8391
24.8391
24.8391
24.8391
24.8391
24.8391
24.8391
23.9245
23.9245
23.9245
23.9245
23.9245
23.9245
23.9245
23.9245
23.0011
23.0011
23.0011
23.0011
23.0011
23.0011
23.0011
23.0011
22.096
22.096
22.096
22.096
22.096
22.096
22.096
22.096
21.2251
21.2251
21.2251
21.2251
21.2251
21.2251
21.2251
21.2251
20.3949
20.3949
20.3949
20.3949
20.3949
20.3949
20.3949
20.3949
19.6034
19.6034
19.6034
19.6034
19.6034
19.6034
19.6034
19.6034
18.8435
18.8435
18.8435
18.8435
18.8435
18.8435
18.8435
18.8435
18.1046
18.1046
18.1046
18.1046
18.1046
18.1046
18.1046
18.1046
17.3749
17.3749
17.3749
17.3749
17.3749
17.3749
17.3749
17.3749
16.6438
16.6438
16.6438
16.6438
16.6438
16.6438
16.6438
16.6438
15.9031
15.9031
15.9031
15.9031
15.9031
15.9031
15.9031
15.9031
27.5075
27.5075
27.5075
27.5075
27.5075
27.5075
27.5075
27.5075
27.0968
27.0968
27.0968
27.0968
27.0968
27.0968
27.0968
27.0968
26.4774
26.4774
26.4774
26.4774
26.4774
26.4774
26.4774
26.4774
25.7063
25.7063
25.7063
25.7063
25.7063
25.7063
25.7063
25.7063
24.8391
24.8391
24.8391
24.8391
24.8391
24.8391
24.8391
24.8391
23.9245
23.9245
23.9245
23.9245
23.9245
23.9245
23.9245
23.9245
23.0011
23.0011
23.0011
23.0011
23.0011
23.0011
23.0011
23.0011
22.096
22.096
22.096
22.096
22.096
22.096
22.096
22.096
21.2251
21.2251
21.2251
21.2251
21.2251
21.2251
21.2251
21.2251
20.3949
20.3949
20.3949
20.3949
20.3949
20.3949
20.3949
20.3949
19.6034
19.6034
19.6034
19.6034
19.6034
19.6034
19.6034
19.6034
18.8435
18.8435
18.8435
18.8435
18.8435
18.8435
18.8435
18.8435
18.1046
18.1046
18.1046
18.1046
18.1046
18.1046
18.1046
18.1046
17.3749
17.3749
17.3749
17.3749
17.3749
17.3749
17.3749
17.3749
16.6438
16.6438
16.6438
16.6438
16.6438
16.6438
16.6438
16.6438
15.9031
15.9031
15.9031
15.9031
15.9031
15.9031
15.9031
15.9031
27.3781
27.3781
27.3781
27.3781
27.3781
27.3781
27.3781
27.3781
26.9218
26.9218
26.9218
26.9218
26.9218
26.9218
26.9218
26.9218
26.2772
26.2772
26.2772
26.2772
26.2772
26.2772
26.2772
26.2772
25.5015
25.5015
25.5015
25.5015
25.5015
25.5015
25.5015
25.5015
24.6483
24.6483
24.6483
24.6483
24.6483
24.6483
24.6483
24.6483
23.7636
23.7636
23.7636
23.7636
23.7636
23.7636
23.7636
23.7636
22.8825
22.8825
22.8825
22.8825
22.8825
22.8825
22.8825
22.8825
22.0285
22.0285
22.0285
22.0285
22.0285
22.0285
22.0285
22.0285
21.2137
21.2137
21.2137
21.2137
21.2137
21.2137
21.2137
21.2137
20.4407
20.4407
20.4407
20.4407
20.4407
20.4407
20.4407
20.4407
19.704
19.704
19.704
19.704
19.704
19.704
19.704
19.704
18.9933
18.9933
18.9933
18.9933
18.9933
18.9933
18.9933
18.9933
18.2946
18.2946
18.2946
18.2946
18.2946
18.2946
18.2946
18.2946
17.5936
17.5936
17.5936
17.5936
17.5936
17.5936
17.5936
17.5936
16.8778
16.8778
16.8778
16.8778
16.8778
16.8778
16.8778
16.8778
16.1378
16.1378
16.1378
16.1378
16.1378
16.1378
16.1378
16.1378
27.3781
27.3781
27.3781
27.3781
27.3781
27.3781
27.3781
27.3781
26.9218
26.9218
26.9218
26.9218
26.9218
26.9218
26.9218
26.9218
26.2772
26.2772
26.2772
26.2772
26.2772
26.2772
26.2772
26.2772
25.5015
25.5015
25.5015
25.5015
25.5015
25.5015
25.5015
25.5015
24.6483
24.6483
24.6483
24.6483
24.6483
24.6483
24.6483
24.6483
23.7636
23.7636
23.7636
23.7636
23.7636
23.7636
23.7636
23.7636
22.8825
22.8825
22.8825
22.8825
22.8825
22.8825
22.8825
22.8825
22.0285
22.0285
22.0285
22.0285
22.0285
22.0285
22.0285
22.0285
21.2137
21.2137
21.2137
21.2137
21.2137
21.2137
21.2137
21.2137
20.4407
20.4407
20.4407
20.4407
20.4407
20.4407
20.4407
20.4407
19.704
19.704
19.704
19.704
19.704
19.704
19.704
19.704
18.9933
18.9933
18.9933
18.9933
18.9933
18.9933
18.9933
18.9933
18.2946
18.2946
18.2946
18.2946
18.2946
18.2946
18.2946
18.2946
17.5936
17.5936
17.5936
17.5936
17.5936
17.5936
17.5936
17.5936
16.8778
16.8778
16.8778
16.8778
16.8778
16.8778
16.8778
16.8778
16.1378
16.1378
16.1378
16.1378
16.1378
16.1378
16.1378
16.1378
27.3781
27.3781
27.3781
27.3781
27.3781
27.3781
27.3781
27.3781
26.9218
26.9218
26.9218
26.9218
26.9218
26.9218
26.9218
26.9218
26.2772
26.2772
26.2772
26.2772
26.2772
26.2772
26.2772
26.2772
25.5015
25.5015
25.5015
25.5015
25.5015
25.5015
25.5015
25.5015
24.6483
24.6483
24.6483
24.6483
24.6483
24.6483
24.6483
24.6483
23.7636
23.7636
23.7636
23.7636
23.7636
23.7636
23.7636
23.7636
22.8825
22.8825
22.8825
22.8825
22.8825
22.8825
22.8825
22.8825
22.0285
22.0285
22.0285
22.0285
22.0285
22.0285
22.0285
22.0285
21.2137
21.2137
21.2137
21.2137
21.2137
21.2137
21.2137
21.2137
20.4407
20.4407
20.4407
20.4407
20.4407
20.4407
20.4407
20.4407
19.704
19.704
19.704
19.704
19.704
19.704
19.704
19.704
18.9933
18.9933
18.9933
18.9933
18.9933
18.9933
18.9933
18.9933
18.2946
18.2946
18.2946
18.2946
18.2946
18.2946
18.2946
18.2946
17.5936
17.5936
17.5936
17.5936
17.5936
17.5936
17.5936
17.5936
16.8778
16.8778
16.8778
16.8778
16.8778
16.8778
16.8778
16.8778
16.1378
16.1378
16.1378
16.1378
16.1378
16.1378
16.1378
16.1378
27.3781
27.3781
27.3781
27.3781
27.3781
27.3781
27.3781
27.3781
26.9218
26.9218
26.9218
26.9218
26.9218
26.9218
26.9218
26.9218
26.2772
26.2772
26.2772
26.2772
26.2772
26.2772
26.2772
26.2772
25.5015
25.5015
25.5015
25.5015
25.5015
25.5015
25.5015
25.5015
24.6483
24.6483
24.6483
24.6483
24.6483
24.6483
24.6483
24.6483
23.7636
23.7636
23.7636
23.7636
23.7636
23.7636
23.7636
23.7636
22.8825
22.8825
22.8825
22.8825
22.8825
22.8825
22.8825
22.8825
22.0285
22.0285
22.0285
22.0285
22.0285
22.0285
22.0285
22.0285
21.2137
21.2137
21.2137
21.2137
21.2137
21.2137
21.2137
21.2137
20.4407
20.4407
20.4407
20.4407
20.4407
20.4407
20.4407
20.4407
19.704
19.704
19.704
19.704
19.704
19.704
19.704
19.704
18.9933
18.9933
18.9933
18.9933
18.9933
18.9933
18.9933
18.9933
18.2946
18.2946
18.2946
18.2946
18.2946
18.2946
18.2946
18.2946
17.5936
17.5936
17.5936
17.5936
17.5936
17.5936
17.5936
17.5936
16.8778
16.8778
16.8778
16.8778
16.8778
16.8778
16.8778
16.8778
16.1378
16.1378
16.1378
16.1378
16.1378
16.1378
16.1378
16.1378
27.221
27.221
27.221
27.221
27.221
27.221
27.221
27.221
26.7156
26.7156
26.7156
26.7156
26.7156
26.7156
26.7156
26.7156
26.0476
26.0476
26.0476
26.0476
26.0476
26.0476
26.0476
26.0476
25.2726
25.2726
25.2726
25.2726
25.2726
25.2726
25.2726
25.2726
24.4414
24.4414
24.4414
24.4414
24.4414
24.4414
24.4414
24.4414
23.5961
23.5961
23.5961
23.5961
23.5961
23.5961
23.5961
23.5961
22.7674
22.7674
22.7674
22.7674
22.7674
22.7674
22.7674
22.7674
21.9744
21.9744
21.9744
21.9744
21.9744
21.9744
21.9744
21.9744
21.225
21.225
21.225
21.225
21.225
21.225
21.225
21.225
20.5177
20.5177
20.5177
20.5177
20.5177
20.5177
20.5177
20.5177
19.8433
19.8433
19.8433
19.8433
19.8433
19.8433
19.8433
19.8433
19.1877
19.1877
19.1877
19.1877
19.1877
19.1877
19.1877
19.1877
18.5339
18.5339
18.5339
18.5339
18.5339
18.5339
18.5339
18.5339
17.8648
17.8648
17.8648
17.8648
17.8648
17.8648
17.8648
17.8648
17.1658
17.1658
17.1658
17.1658
17.1658
17.1658
17.1658
17.1658
16.4265
16.4265
16.4265
16.4265
16.4265
16.4265
16.4265
16.4265
27.221
27.221
27.221
27.221
27.221
27.221
27.221
27.221
26.7156
26.7156
26.7156
26.7156
26.7156
26.7156
26.7156
26.7156
26.0476
26.0476
26.0476
26.0476
26.0476
26.0476
26.0476
26.0476
25.2726
25.2726
25.2726
25.2726
25.2726
25.2726
25.2726
25.2726
24.4414
24.4414
24.4414
24.4414
24.4414
24.4414
24.4414
24.4414
23.5961
23.5961
23.5961
23.5961
23.5961
23.5961
23.5961
23.5961
22.7674
22.7674
22.7674
22.7674
22.7674
22.7674
22.7674
22.7674
21.9744
21.9744
21.9744
21.9744
21.9744
21.9744
21.9744
21.9744
21.225
21.225
21.225
21.225
21.225
21.225
21.225
21.225
20.5177
20.5177
20.5177
20.5177
20.5177
20.5177
20.5177
20.5177
19.8433
19.8433
19.8433
19.8433
19.8433
19.8433
19.8433
19.8433
19.1877
19.1877
19.1877
19.1877
19.1877
19.1877
19.1877
19.1877
18.5339
18.5339
18.5339
18.5339
18.5339
18.5339
18.5339
18.5339
17.8648
17.8648
17.8648
17.8648
17.8648
17.8648
17.8648
17.8648
17.1658
17.1658
17.1658
17.1658
17.1658
17.1658
17.1658
17.1658
16.4265
16.4265
16.4265
16.4265
16.4265
16.4265
16.4265
16.4265
27.221
27.221
27.221
27.221
27.221
27.221
27.221
27.221
26.7156
26.7156
26.7156
26.7156
26.7156
26.7156
26.7156
26.7156
26.0476
26.0476
26.0476
26.0476
26.0476
26.0476
26.0476
26.0476
25.2726
25.2726
25.2726
25.2726
25.2726
25.2726
25.2726
25.2726
24.4414
24.4414
24.4414
24.4414
24.4414
24.4414
24.4414
24.4414
23.5961
23.5961
23.5961
23.5961
23.5961
23.5961
23.5961
23.5961
22.7674
22.7674
22.7674
22.7674
22.7674
22.7674
22.7674
22.7674
21.9744
21.9744
21.9744
21.9744
21.9744
21.9744
21.9744
21.9744
21.225
21.225
21.225
21.225
21.225
21.225
21.225
21.225
20.5177
20.5177
20.5177
20.5177
20.5177
20.5177
20.5177
20.5177
19.8433
19.8433
19.8433
19.8433
19.8433
19.8433
19.8433
19.8433
19.1877
19.1877
19.1877
19.1877
19.1877
19.1877
19.1877
19.1877
18.5339
18.5339
18.5339
18.5339
18.5339
18.5339
18.5339
18.5339
17.8648
17.8648
17.8648
17.8648
17.8648
17.8648
17.8648
17.8648
17.1658
17.1658
17.1658
17.1658
17.1658
17.1658
17.1658
17.1658
16.4265
16.4265
16.4265
16.4265
16.4265
16.4265
16.4265
16.4265
27.221
27.221
27.221
27.221
27.221
27.221
27.221
27.221
26.7156
26.7156
26.7156
26.7156
26.7156
26.7156
26.7156
26.7156
26.0476
26.0476
26.0476
26.0476
26.0476
26.0476
26.0476
26.0476
25.2726
25.2726
25.2726
25.2726
25.2726
25.2726
25.2726
25.2726
24.4414
24.4414
24.4414
24.4414
24.4414
24.4414
24.4414
24.4414
23.5961
23.5961
23.5961
23.5961
23.5961
23.5961
23.5961
23.5961
22.7674
22.7674
22.7674
22.7674
22.7674
22.7674
22.7674
22.7674
21.9744
21.9744
21.9744
21.9744
21.9744
21.9744
21.9744
21.9744
21.225
21.225
21.225
21.225
21.225
21.225
21.225
21.225
20.5177
20.5177
20.5177
20.5177
20.5177
20.5177
20.5177
20.5177
19.8433
19.8433
19.8433
19.8433
19.8433
19.8433
19.8433
19.8433
19.1877
19.1877
19.1877
19.1877
19.1877
19.1877
19.1877
19.1877
18.5339
18.5339
18.5339
18.5339
18.5339
18.5339
18.5339
18.5339
17.8648
17.8648
17.8648
17.8648
17.8648
17.8648
17.8648
17.8648
17.1658
17.1658
17.1658
17.1658
17.1658
17.1658
17.1658
17.1658
16.4265
16.4265
16.4265
16.4265
16.4265
16.4265
16.4265
16.4265
27.0139
27.0139
27.0139
27.0139
27.0139
27.0139
27.0139
27.0139
26.4597
26.4597
26.4597
26.4597
26.4597
26.4597
26.4597
26.4597
25.773
25.773
25.773
25.773
25.773
25.773
25.773
25.773
25.0065
25.0065
25.0065
25.0065
25.0065
25.0065
25.0065
25.0065
24.2069
24.2069
24.2069
24.2069
24.2069
24.2069
24.2069
24.2069
23.4113
23.4113
23.4113
23.4113
23.4113
23.4113
23.4113
23.4113
22.6456
22.6456
22.6456
22.6456
22.6456
22.6456
22.6456
22.6456
21.9238
21.9238
21.9238
21.9238
21.9238
21.9238
21.9238
21.9238
21.2493
21.2493
21.2493
21.2493
21.2493
21.2493
21.2493
21.2493
20.6164
20.6164
20.6164
20.6164
20.6164
20.6164
20.6164
20.6164
20.0118
20.0118
20.0118
20.0118
20.0118
20.0118
20.0118
20.0118
19.4176
19.4176
19.4176
19.4176
19.4176
19.4176
19.4176
19.4176
18.8135
18.8135
18.8135
18.8135
18.8135
18.8135
18.8135
18.8135
18.1795
18.1795
18.1795
18.1795
18.1795
18.1795
18.1795
18.1795
17.4991
17.4991
17.4991
17.4991
17.4991
17.4991
17.4991
17.4991
16.7608
16.7608
16.7608
16.7608
16.7608
16.7608
16.7608
16.7608
27.0139
27.0139
27.0139
27.0139
27.0139
27.0139
27.0139
27.0139
26.4597
26.4597
26.4597
26.4597
26.4597
26.4597
26.4597
26.4597
25.773
25.773
25.773
25.773
25.773
25.773
25.773
25.773
25.0065
25.0065
25.0065
25.0065
25.0065
25.0065
25.0065
25.0065
24.2069
24.2069
24.2069
24.2069
24.2069
24.2069
24.2069
24.2069
23.4113
23.4113
23.4113
23.4113
23.4113
23.4113
23.4113
23.4113
22.6456
22.6456
22.6456
22.6456
22.6456
22.6456
22.6456
22.6456
21.9238
21.9238
21.9238
21.9238
21.9238
21.9238
21.9238
21.9238
21.2493
21.2493
21.2493
21.2493
21.2493
21.2493
21.2493
21.2493
20.6164
20.6164
20.6164
20.6164
20.6164
20.6164
20.6164
20.6164
20.0118
20.0118
20.0118
20.0118
20.0118
20.0118
20.0118
20.0118
19.4176
19.4176
19.4176
19.4176
19.4176
19.4176
19.4176
19.4176
18.8135
18.8135
18.8135
18.8135
18.8135
18.8135
18.8135
18.8135
18.1795
18.1795
18.1795
18.1795
18.1795
18.1795
18.1795
18.1795
17.4991
17.4991
17.4991
17.4991
17.4991
17.4991
17.4991
17.4991
16.7608
16.7608
16.7608
16.7608
16.7608
16.7608
16.7608
16.7608
27.0139
27.0139
27.0139
27.0139
27.0139
27.0139
27.0139
27.0139
26.4597
26.4597
26.4597
26.4597
26.4597
26.4597
26.4597
26.4597
25.773
25.773
25.773
25.773
25.773
25.773
25.773
25.773
25.0065
25.0065
25.0065
25.0065
25.0065
25.0065
25.0065
25.0065
24.2069
24.2069
24.2069
24.2069
24.2069
24.2069
24.2069
24.2069
23.4113
23.4113
23.4113
23.4113
23.4113
23.4113
23.4113
23.4113
22.6456
22.6456
22.6456
22.6456
22.6456
22.6456
22.6456
22.6456
21.9238
21.9238
21.9238
21.9238
21.9238
21.9238
21.9238
21.9238
21.2493
21.2493
21.2493
21.2493
21.2493
21.2493
21.2493
21.2493
20.6164
20.6164
20.6164
20.6164
20.6164
20.6164
20.6164
20.6164
20.0118
20.0118
20.0118
20.0118
20.0118
20.0118
20.0118
20.0118
19.4176
19.4176
19.4176
19.4176
19.4176
19.4176
19.4176
19.4176
18.8135
18.8135
18.8135
18.8135
18.8135
18.8135
18.8135
18.8135
18.1795
18.1795
18.1795
18.1795
18.1795
18.1795
18.1795
18.1795
17.4991
17.4991
17.4991
17.4991
17.4991
17.4991
17.4991
17.4991
16.7608
16.7608
16.7608
16.7608
16.7608
16.7608
16.7608
16.7608
27.0139
27.0139
27.0139
27.0139
27.0139
27.0139
27.0139
27.0139
26.4597
26.4597
26.4597
26.4597
26.4597
26.4597
26.4597
26.4597
25.773
25.773
25.773
25.773
25.773
25.773
25.773
25.773
25.0065
25.0065
25.0065
25.0065
25.0065
25.0065
25.0065
25.0065
24.2069
24.2069
24.2069
24.2069
24.2069
24.2069
24.2069
24.2069
23.4113
23.4113
23.4113
23.4113
23.4113
23.4113
23.4113
23.4113
22.6456
22.6456
22.6456
22.6456
22.6456
22.6456
22.6456
22.6456
21.9238
21.9238
21.9238
21.9238
21.9238
21.9238
21.9238
21.9238
21.2493
21.2493
21.2493
21.2493
21.2493
21.2493
21.2493
21.2493
20.6164
20.6164
20.6164
20.6164
20.6164
20.6164
20.6164
20.6164
20.0118
20.0118
20.0118
20.0118
20.0118
20.0118
20.0118
20.0118
19.4176
19.4176
19.4176
19.4176
19.4176
19.4176
19.4176
19.4176
18.8135
18.8135
18.8135
18.8135
18.8135
18.8135
18.8135
18.8135
18.1795
18.1795
18.1795
18.1795
18.1795
18.1795
18.1795
18.1795
17.4991
17.4991
17.4991
17.4991
17.4991
17.4991
17.4991
17.4991
16.7608
16.7608
16.7608
16.7608
16.7608
16.7608
16.7608
16.7608
26.7258
26.7258
26.7258
26.7258
26.7258
26.7258
26.7258
26.7258
26.1272
26.1272
26.1272
26.1272
26.1272
26.1272
26.1272
26.1272
25.4297
25.4297
25.4297
25.4297
25.4297
25.4297
25.4297
25.4297
24.6818
24.6818
24.6818
24.6818
24.6818
24.6818
24.6818
24.6818
23.9251
23.9251
23.9251
23.9251
23.9251
23.9251
23.9251
23.9251
23.1909
23.1909
23.1909
23.1909
23.1909
23.1909
23.1909
23.1909
22.4994
22.4994
22.4994
22.4994
22.4994
22.4994
22.4994
22.4994
21.8597
21.8597
21.8597
21.8597
21.8597
21.8597
21.8597
21.8597
21.2701
21.2701
21.2701
21.2701
21.2701
21.2701
21.2701
21.2701
20.7205
20.7205
20.7205
20.7205
20.7205
20.7205
20.7205
20.7205
20.1936
20.1936
20.1936
20.1936
20.1936
20.1936
20.1936
20.1936
19.6676
19.6676
19.6676
19.6676
19.6676
19.6676
19.6676
19.6676
19.1186
19.1186
19.1186
19.1186
19.1186
19.1186
19.1186
19.1186
18.5239
18.5239
18.5239
18.5239
18.5239
18.5239
18.5239
18.5239
17.8645
17.8645
17.8645
17.8645
17.8645
17.8645
17.8645
17.8645
17.1284
17.1284
17.1284
17.1284
17.1284
17.1284
17.1284
17.1284
26.7258
26.7258
26.7258
26.7258
26.7258
26.7258
26.7258
26.7258
26.1272
26.1272
26.1272
26.1272
26.1272
26.1272
26.1272
26.1272
25.4297
25.4297
25.4297
25.4297
25.4297
25.4297
25.4297
25.4297
24.6818
24.6818
24.6818
24.6818
24.6818
24.6818
24.6818
24.6818
23.9251
23.9251
23.9251
23.9251
23.9251
23.9251
23.9251
23.9251
23.1909
23.1909
23.1909
23.1909
23.1909
23.1909
23.1909
23.1909
22.4994
22.4994
22.4994
22.4994
22.4994
22.4994
22.4994
22.4994
21.8597
21.8597
21.8597
21.8597
21.8597
21.8597
21.8597
21.8597
21.2701
21.2701
21.2701
21.2701
21.2701
21.2701
21.2701
21.2701
20.7205
20.7205
20.7205
20.7205
20.7205
20.7205
20.7205
20.7205
20.1936
20.1936
20.1936
20.1936
20.1936
20.1936
20.1936
20.1936
19.6676
19.6676
19.6676
19.6676
19.6676
19.6676
19.6676
19.6676
19.1186
19.1186
19.1186
19.1186
19.1186
19.1186
19.1186
19.1186
18.5239
18.5239
18.5239
18.5239
18.5239
18.5239
18.5239
18.5239
17.8645
17.8645
17.8645
17.8645
17.8645
17.8645
17.8645
17.8645
17.1284
17.1284
17.1284
17.1284
17.1284
17.1284
17.1284
17.1284
26.7258
26.7258
26.7258
26.7258
26.7258
26.7258
26.7258
26.7258
26.1272
26.1272
26.1272
26.1272
26.1272
26.1272
26.1272
26.1272
25.4297
25.4297
25.4297
25.4297
25.4297
25.4297
25.4297
25.4297
24.6818
24.6818
24.6818
24.6818
24.6818
24.6818
24.6818
24.6818
23.9251
23.9251
23.9251
23.9251
23.9251
23.9251
23.9251
23.9251
23.1909
23.1909
23.1909
23.1909
23.1909
23.1909
23.1909
23.1909
22.4994
22.4994
22.4994
22.4994
22.4994
22.4994
22.4994
22.4994
21.8597
21.8597
21.8597
21.8597
21.8597
21.8597
21.8597
21.8597
21.2701
21.2701
21.2701
21.2701
21.2701
21.2701
21.2701
21.2701
20.7205
20.7205
20.7205
20.7205
20.7205
20.7205
20.7205
20.7205
20.1936
20.1936
20.1936
20.1936
20.1936
20.1936
20.1936
20.1936
19.6676
19.6676
19.6676
19.6676
19.6676
19.6676
19.6676
19.6676
19.1186
19.1186
19.1186
19.1186
19.1186
19.1186
19.1186
19.1186
18.5239
18.5239
18.5239
18.5239
18.5239
18.5239
18.5239
18.5239
17.8645
17.8645
17.8645
17.8645
17.8645
17.8645
17.8645
17.8645
17.1284
17.1284
17.1284
17.1284
17.1284
17.1284
17.1284
17.1284
26.7258
26.7258
26.7258
26.7258
26.7258
26.7258
26.7258
26.7258
26.1272
26.1272
26.1272
26.1272
26.1272
26.1272
26.1272
26.1272
25.4297
25.4297
25.4297
25.4297
25.4297
25.4297
25.4297
25.4297
24.6818
24.6818
24.6818
24.6818
24.6818
24.6818
24.6818
24.6818
23.9251
23.9251
23.9251
23.9251
23.9251
23.9251
23.9251
23.9251
23.1909
23.1909
23.1909
23.1909
23.1909
23.1909
23.1909
23.1909
22.4994
22.4994
22.4994
22.4994
22.4994
22.4994
22.4994
22.4994
21.8597
21.8597
21.8597
21.8597
21.8597
21.8597
21.8597
21.8597
21.2701
21.2701
21.2701
21.2701
21.2701
21.2701
21.2701
21.2701
20.7205
20.7205
20.7205
20.7205
20.7205
20.7205
20.7205
20.7205
20.1936
20.1936
20.1936
20.1936
20.1936
20.1936
20.1936
20.1936
19.6676
19.6676
19.6676
19.6676
19.6676
19.6676
19.6676
19.6676
19.1186
19.1186
19.1186
19.1186
19.1186
19.1186
19.1186
19.1186
18.5239
18.5239
18.5239
18.5239
18.5239
18.5239
18.5239
18.5239
17.8645
17.8645
17.8645
17.8645
17.8645
17.8645
17.8645
17.8645
17.1284
17.1284
17.1284
17.1284
17.1284
17.1284
17.1284
17.1284
26.321
26.321
26.321
26.321
26.321
26.321
26.321
26.321
25.6863
25.6863
25.6863
25.6863
25.6863
25.6863
25.6863
25.6863
24.9889
24.9889
24.9889
24.9889
24.9889
24.9889
24.9889
24.9889
24.2721
24.2721
24.2721
24.2721
24.2721
24.2721
24.2721
24.2721
23.571
23.571
23.571
23.571
23.571
23.571
23.571
23.571
22.9108
22.9108
22.9108
22.9108
22.9108
22.9108
22.9108
22.9108
22.3057
22.3057
22.3057
22.3057
22.3057
22.3057
22.3057
22.3057
21.7592
21.7592
21.7592
21.7592
21.7592
21.7592
21.7592
21.7592
21.265
21.265
21.265
21.265
21.265
21.265
21.265
21.265
20.8085
20.8085
20.8085
20.8085
20.8085
20.8085
20.8085
20.8085
20.368
20.368
20.368
20.368
20.368
20.368
20.368
20.368
19.9178
19.9178
19.9178
19.9178
19.9178
19.9178
19.9178
19.9178
19.4304
19.4304
19.4304
19.4304
19.4304
19.4304
19.4304
19.4304
18.88
18.88
18.88
18.88
18.88
18.88
18.88
18.88
18.2455
18.2455
18.2455
18.2455
18.2455
18.2455
18.2455
18.2455
17.514
17.514
17.514
17.514
17.514
17.514
17.514
17.514
26.321
26.321
26.321
26.321
26.321
26.321
26.321
26.321
25.6863
25.6863
25.6863
25.6863
25.6863
25.6863
25.6863
25.6863
24.9889
24.9889
24.9889
24.9889
24.9889
24.9889
24.9889
24.9889
24.2721
24.2721
24.2721
24.2721
24.2721
24.2721
24.2721
24.2721
23.571
23.571
23.571
23.571
23.571
23.571
23.571
23.571
22.9108
22.9108
22.9108
22.9108
22.9108
22.9108
22.9108
22.9108
22.3057
22.3057
22.3057
22.3057
22.3057
22.3057
22.3057
22.3057
21.7592
21.7592
21.7592
21.7592
21.7592
21.7592
21.7592
21.7592
21.265
21.265
21.265
21.265
21.265
21.265
21.265
21.265
20.8085
20.8085
20.8085
20.8085
20.8085
20.8085
20.8085
20.8085
20.368
20.368
20.368
20.368
20.368
20.368
20.368
20.368
19.9178
19.9178
19.9178
19.9178
19.9178
19.9178
19.9178
19.9178
19.4304
19.4304
19.4304
19.4304
19.4304
19.4304
19.4304
19.4304
18.88
18.88
18.88
18.88
18.88
18.88
18.88
18.88
18.2455
18.2455
18.2455
18.2455
18.2455
18.2455
18.2455
18.2455
17.514
17.514
17.514
17.514
17.514
17.514
17.514
17.514
26.321
26.321
26.321
26.321
26.321
26.321
26.321
26.321
25.6863
25.6863
25.6863
25.6863
25.6863
25.6863
25.6863
25.6863
24.9889
24.9889
24.9889
24.9889
24.9889
24.9889
24.9889
24.9889
24.2721
24.2721
24.2721
24.2721
24.2721
24.2721
24.2721
24.2721
23.571
23.571
23.571
23.571
23.571
23.571
23.571
23.571
22.9108
22.9108
22.9108
22.9108
22.9108
22.9108
22.9108
22.9108
22.3057
22.3057
22.3057
22.3057
22.3057
22.3057
22.3057
22.3057
21.7592
21.7592
21.7592
21.7592
21.7592
21.7592
21.7592
21.7592
21.265
21.265
21.265
21.265
21.265
21.265
21.265
21.265
20.8085
20.8085
20.8085
20.8085
20.8085
20.8085
20.8085
20.8085
20.368
20.368
20.368
20.368
20.368
20.368
20.368
20.368
19.9178
19.9178
19.9178
19.9178
19.9178
19.9178
19.9178
19.9178
19.4304
19.4304
19.4304
19.4304
19.4304
19.4304
19.4304
19.4304
18.88
18.88
18.88
18.88
18.88
18.88
18.88
18.88
18.2455
18.2455
18.2455
18.2455
18.2455
18.2455
18.2455
18.2455
17.514
17.514
17.514
17.514
17.514
17.514
17.514
17.514
26.321
26.321
26.321
26.321
26.321
26.321
26.321
26.321
25.6863
25.6863
25.6863
25.6863
25.6863
25.6863
25.6863
25.6863
24.9889
24.9889
24.9889
24.9889
24.9889
24.9889
24.9889
24.9889
24.2721
24.2721
24.2721
24.2721
24.2721
24.2721
24.2721
24.2721
23.571
23.571
23.571
23.571
23.571
23.571
23.571
23.571
22.9108
22.9108
22.9108
22.9108
22.9108
22.9108
22.9108
22.9108
22.3057
22.3057
22.3057
22.3057
22.3057
22.3057
22.3057
22.3057
21.7592
21.7592
21.7592
21.7592
21.7592
21.7592
21.7592
21.7592
21.265
21.265
21.265
21.265
21.265
21.265
21.265
21.265
20.8085
20.8085
20.8085
20.8085
20.8085
20.8085
20.8085
20.8085
20.368
20.368
20.368
20.368
20.368
20.368
20.368
20.368
19.9178
19.9178
19.9178
19.9178
19.9178
19.9178
19.9178
19.9178
19.4304
19.4304
19.4304
19.4304
19.4304
19.4304
19.4304
19.4304
18.88
18.88
18.88
18.88
18.88
18.88
18.88
18.88
18.2455
18.2455
18.2455
18.2455
18.2455
18.2455
18.2455
18.2455
17.514
17.514
17.514
17.514
17.514
17.514
17.514
17.514
25.7633
25.7633
25.7633
25.7633
25.7633
25.7633
25.7633
25.7633
25.1046
25.1046
25.1046
25.1046
25.1046
25.1046
25.1046
25.1046
24.421
24.421
24.421
24.421
24.421
24.421
24.421
24.421
23.7493
23.7493
23.7493
23.7493
23.7493
23.7493
23.7493
23.7493
23.1176
23.1176
23.1176
23.1176
23.1176
23.1176
23.1176
23.1176
22.5444
22.5444
22.5444
22.5444
22.5444
22.5444
22.5444
22.5444
22.0379
22.0379
22.0379
22.0379
22.0379
22.0379
22.0379
22.0379
21.5963
21.5963
21.5963
21.5963
21.5963
21.5963
21.5963
21.5963
21.2083
21.2083
21.2083
21.2083
21.2083
21.2083
21.2083
21.2083
20.8548
20.8548
20.8548
20.8548
20.8548
20.8548
20.8548
20.8548
20.5101
20.5101
20.5101
20.5101
20.5101
20.5101
20.5101
20.5101
20.1442
20.1442
20.1442
20.1442
20.1442
20.1442
20.1442
20.1442
19.7261
19.7261
19.7261
19.7261
19.7261
19.7261
19.7261
19.7261
19.2265
19.2265
19.2265
19.2265
19.2265
19.2265
19.2265
19.2265
18.6225
18.6225
18.6225
18.6225
18.6225
18.6225
18.6225
18.6225
17.9002
17.9002
17.9002
17.9002
17.9002
17.9002
17.9002
17.9002
25.7633
25.7633
25.7633
25.7633
25.7633
25.7633
25.7633
25.7633
25.1046
25.1046
25.1046
25.1046
25.1046
25.1046
25.1046
25.1046
24.421
24.421
24.421
24.421
24.421
24.421
24.421
24.421
23.7493
23.7493
23.7493
23.7493
23.7493
23.7493
23.7493
23.7493
23.1176
23.1176
23.1176
23.1176
23.1176
23.1176
23.1176
23.1176
22.5444
22.5444
22.5444
22.5444
22.5444
22.5444
22.5444
22.5444
22.0379
22.0379
22.0379
22.0379
22.0379
22.0379
22.0379
22.0379
21.5963
21.5963
21.5963
21.5963
21.5963
21.5963
21.5963
21.5963
21.2083
21.2083
21.2083
21.2083
21.2083
21.2083
21.2083
21.2083
20.8548
20.8548
20.8548
20.8548
20.8548
20.8548
20.8548
20.8548
20.5101
20.5101
20.5101
20.5101
20.5101
20.5101
20.5101
20.5101
20.1442
20.1442
20.1442
20.1442
20.1442
20.1442
20.1442
20.1442
19.7261
19.7261
19.7261
19.7261
19.7261
19.7261
19.7261
19.7261
19.2265
19.2265
19.2265
19.2265
19.2265
19.2265
19.2265
19.2265
18.6225
18.6225
18.6225
18.6225
18.6225
18.6225
18.6225
18.6225
17.9002
17.9002
17.9002
17.9002
17.9002
17.9002
17.9002
17.9002
25.7633
25.7633
25.7633
25.7633
25.7633
25.7633
25.7633
25.7633
25.1046
25.1046
25.1046
25.1046
25.1046
25.1046
25.1046
25.1046
24.421
24.421
24.421
24.421
24.421
24.421
24.421
24.421
23.7493
23.7493
23.7493
23.7493
23.7493
23.7493
23.7493
23.7493
23.1176
23.1176
23.1176
23.1176
23.1176
23.1176
23.1176
23.1176
22.5444
22.5444
22.5444
22.5444
22.5444
22.5444
22.5444
22.5444
22.0379
22.0379
22.0379
22.0379
22.0379
22.0379
22.0379
22.0379
21.5963
21.5963
21.5963
21.5963
21.5963
21.5963
21.5963
21.5963
21.2083
21.2083
21.2083
21.2083
21.2083
21.2083
21.2083
21.2083
20.8548
20.8548
20.8548
20.8548
20.8548
20.8548
20.8548
20.8548
20.5101
20.5101
20.5101
20.5101
20.5101
20.5101
20.5101
20.5101
20.1442
20.1442
20.1442
20.1442
20.1442
20.1442
20.1442
20.1442
19.7261
19.7261
19.7261
19.7261
19.7261
19.7261
19.7261
19.7261
19.2265
19.2265
19.2265
19.2265
19.2265
19.2265
19.2265
19.2265
18.6225
18.6225
18.6225
18.6225
18.6225
18.6225
18.6225
18.6225
17.9002
17.9002
17.9002
17.9002
17.9002
17.9002
17.9002
17.9002
25.7633
25.7633
25.7633
25.7633
25.7633
25.7633
25.7633
25.7633
25.1046
25.1046
25.1046
25.1046
25.1046
25.1046
25.1046
25.1046
24.421
24.421
24.421
24.421
24.421
24.421
24.421
24.421
23.7493
23.7493
23.7493
23.7493
23.7493
23.7493
23.7493
23.7493
23.1176
23.1176
23.1176
23.1176
23.1176
23.1176
23.1176
23.1176
22.5444
22.5444
22.5444
22.5444
22.5444
22.5444
22.5444
22.5444
22.0379
22.0379
22.0379
22.0379
22.0379
22.0379
22.0379
22.0379
21.5963
21.5963
21.5963
21.5963
21.5963
21.5963
21.5963
21.5963
21.2083
21.2083
21.2083
21.2083
21.2083
21.2083
21.2083
21.2083
20.8548
20.8548
20.8548
20.8548
20.8548
20.8548
20.8548
20.8548
20.5101
20.5101
20.5101
20.5101
20.5101
20.5101
20.5101
20.5101
20.1442
20.1442
20.1442
20.1442
20.1442
20.1442
20.1442
20.1442
19.7261
19.7261
19.7261
19.7261
19.7261
19.7261
19.7261
19.7261
19.2265
19.2265
19.2265
19.2265
19.2265
19.2265
19.2265
19.2265
18.6225
18.6225
18.6225
18.6225
18.6225
18.6225
18.6225
18.6225
17.9002
17.9002
17.9002
17.9002
17.9002
17.9002
17.9002
17.9002
25.022
25.022
25.022
25.022
25.022
25.022
25.022
25.022
24.3545
24.3545
24.3545
24.3545
24.3545
24.3545
24.3545
24.3545
23.7003
23.7003
23.7003
23.7003
23.7003
23.7003
23.7003
23.7003
23.0883
23.0883
23.0883
23.0883
23.0883
23.0883
23.0883
23.0883
22.5398
22.5398
22.5398
22.5398
22.5398
22.5398
22.5398
22.5398
22.0663
22.0663
22.0663
22.0663
22.0663
22.0663
22.0663
22.0663
21.6702
21.6702
21.6702
21.6702
21.6702
21.6702
21.6702
21.6702
21.3444
21.3444
21.3444
21.3444
21.3444
21.3444
21.3444
21.3444
21.0731
21.0731
21.0731
21.0731
21.0731
21.0731
21.0731
21.0731
20.8327
20.8327
20.8327
20.8327
20.8327
20.8327
20.8327
20.8327
20.5935
20.5935
20.5935
20.5935
20.5935
20.5935
20.5935
20.5935
20.3212
20.3212
20.3212
20.3212
20.3212
20.3212
20.3212
20.3212
19.9812
19.9812
19.9812
19.9812
19.9812
19.9812
19.9812
19.9812
19.5408
19.5408
19.5408
19.5408
19.5408
19.5408
19.5408
19.5408
18.9747
18.9747
18.9747
18.9747
18.9747
18.9747
18.9747
18.9747
18.2684
18.2684
18.2684
18.2684
18.2684
18.2684
18.2684
18.2684
25.022
25.022
25.022
25.022
25.022
25.022
25.022
25.022
24.3545
24.3545
24.3545
24.3545
24.3545
24.3545
24.3545
24.3545
23.7003
23.7003
23.7003
23.7003
23.7003
23.7003
23.7003
23.7003
23.0883
23.0883
23.0883
23.0883
23.0883
23.0883
23.0883
23.0883
22.5398
22.5398
22.5398
22.5398
22.5398
22.5398
22.5398
22.5398
22.0663
22.0663
22.0663
22.0663
22.0663
22.0663
22.0663
22.0663
21.6702
21.6702
21.6702
21.6702
21.6702
21.6702
21.6702
21.6702
21.3444
21.3444
21.3444
21.3444
21.3444
21.3444
21.3444
21.3444
21.0731
21.0731
21.0731
21.0731
21.0731
21.0731
21.0731
21.0731
20.8327
20.8327
20.8327
20.8327
20.8327
20.8327
20.8327
20.8327
20.5935
20.5935
20.5935
20.5935
20.5935
20.5935
20.5935
20.5935
20.3212
20.3212
20.3212
20.3212
20.3212
20.3212
20.3212
20.3212
19.9812
19.9812
19.9812
19.9812
19.9812
19.9812
19.9812
19.9812
19.5408
19.5408
19.5408
19.5408
19.5408
19.5408
19.5408
19.5408
18.9747
18.9747
18.9747
18.9747
18.9747
18.9747
18.9747
18.9747
18.2684
18.2684
18.2684
18.2684
18.2684
18.2684
18.2684
18.2684
25.022
25.022
25.022
25.022
25.022
25.022
25.022
25.022
24.3545
24.3545
24.3545
24.3545
24.3545
24.3545
24.3545
24.3545
23.7003
23.7003
23.7003
23.7003
23.7003
23.7003
23.7003
23.7003
23.0883
23.0883
23.0883
23.0883
23.0883
23.0883
23.0883
23.0883
22.5398
22.5398
22.5398
22.5398
22.5398
22.5398
22.5398
22.5398
22.0663
22.0663
22.0663
22.0663
22.0663
22.0663
22.0663
22.0663
21.6702
21.6702
21.6702
21.6702
21.6702
21.6702
21.6702
21.6702
21.3444
21.3444
21.3444
21.3444
21.3444
21.3444
21.3444
21.3444
21.0731
21.0731
21.0731
21.0731
21.0731
21.0731
21.0731
21.0731
20.8327
20.8327
20.8327
20.8327
20.8327
20.8327
20.8327
20.8327
20.5935
20.5935
20.5935
20.5935
20.5935
20.5935
20.5935
20.5935
20.3212
20.3212
20.3212
20.3212
20.3212
20.3212
20.3212
20.3212
19.9812
19.9812
19.9812
19.9812
19.9812
19.9812
19.9812
19.9812
19.5408
19.5408
19.5408
19.5408
19.5408
19.5408
19.5408
19.5408
18.9747
18.9747
18.9747
18.9747
18.9747
18.9747
18.9747
18.9747
18.2684
18.2684
18.2684
18.2684
18.2684
18.2684
18.2684
18.2684
25.022
25.022
25.022
25.022
25.022
25.022
25.022
25.022
24.3545
24.3545
24.3545
24.3545
24.3545
24.3545
24.3545
24.3545
23.7003
23.7003
23.7003
23.7003
23.7003
23.7003
23.7003
23.7003
23.0883
23.0883
23.0883
23.0883
23.0883
23.0883
23.0883
23.0883
22.5398
22.5398
22.5398
22.5398
22.5398
22.5398
22.5398
22.5398
22.0663
22.0663
22.0663
22.0663
22.0663
22.0663
22.0663
22.0663
21.6702
21.6702
21.6702
21.6702
21.6702
21.6702
21.6702
21.6702
21.3444
21.3444
21.3444
21.3444
21.3444
21.3444
21.3444
21.3444
21.0731
21.0731
21.0731
21.0731
21.0731
21.0731
21.0731
21.0731
20.8327
20.8327
20.8327
20.8327
20.8327
20.8327
20.8327
20.8327
20.5935
20.5935
20.5935
20.5935
20.5935
20.5935
20.5935
20.5935
20.3212
20.3212
20.3212
20.3212
20.3212
20.3212
20.3212
20.3212
19.9812
19.9812
19.9812
19.9812
19.9812
19.9812
19.9812
19.9812
19.5408
19.5408
19.5408
19.5408
19.5408
19.5408
19.5408
19.5408
18.9747
18.9747
18.9747
18.9747
18.9747
18.9747
18.9747
18.9747
18.2684
18.2684
18.2684
18.2684
18.2684
18.2684
18.2684
18.2684
24.0777
24.0777
24.0777
24.0777
24.0777
24.0777
24.0777
24.0777
23.4188
23.4188
23.4188
23.4188
23.4188
23.4188
23.4188
23.4188
22.8096
22.8096
22.8096
22.8096
22.8096
22.8096
22.8096
22.8096
22.2718
22.2718
22.2718
22.2718
22.2718
22.2718
22.2718
22.2718
21.8189
21.8189
21.8189
21.8189
21.8189
21.8189
21.8189
21.8189
21.4563
21.4563
21.4563
21.4563
21.4563
21.4563
21.4563
21.4563
21.1807
21.1807
21.1807
21.1807
21.1807
21.1807
21.1807
21.1807
20.9803
20.9803
20.9803
20.9803
20.9803
20.9803
20.9803
20.9803
20.835
20.835
20.835
20.835
20.835
20.835
20.835
20.835
20.717
20.717
20.717
20.717
20.717
20.717
20.717
20.717
20.5926
20.5926
20.5926
20.5926
20.5926
20.5926
20.5926
20.5926
20.4237
20.4237
20.4237
20.4237
20.4237
20.4237
20.4237
20.4237
20.1713
20.1713
20.1713
20.1713
20.1713
20.1713
20.1713
20.1713
19.7999
19.7999
19.7999
19.7999
19.7999
19.7999
19.7999
19.7999
19.2813
19.2813
19.2813
19.2813
19.2813
19.2813
19.2813
19.2813
18.6002
18.6002
18.6002
18.6002
18.6002
18.6002
18.6002
18.6002
24.0777
24.0777
24.0777
24.0777
24.0777
24.0777
24.0777
24.0777
23.4188
23.4188
23.4188
23.4188
23.4188
23.4188
23.4188
23.4188
22.8096
22.8096
22.8096
22.8096
22.8096
22.8096
22.8096
22.8096
22.2718
22.2718
22.2718
22.2718
22.2718
22.2718
22.2718
22.2718
21.8189
21.8189
21.8189
21.8189
21.8189
21.8189
21.8189
21.8189
21.4563
21.4563
21.4563
21.4563
21.4563
21.4563
21.4563
21.4563
21.1807
21.1807
21.1807
21.1807
21.1807
21.1807
21.1807
21.1807
20.9803
20.9803
20.9803
20.9803
20.9803
20.9803
20.9803
20.9803
20.835
20.835
20.835
20.835
20.835
20.835
20.835
20.835
20.717
20.717
20.717
20.717
20.717
20.717
20.717
20.717
20.5926
20.5926
20.5926
20.5926
20.5926
20.5926
20.5926
20.5926
20.4237
20.4237
20.4237
20.4237
20.4237
20.4237
20.4237
20.4237
20.1713
20.1713
20.1713
20.1713
20.1713
20.1713
20.1713
20.1713
19.7999
19.7999
19.7999
19.7999
19.7999
19.7999
19.7999
19.7999
19.2813
19.2813
19.2813
19.2813
19.2813
19.2813
19.2813
19.2813
18.6002
18.6002
18.6002
18.6002
18.6002
18.6002
18.6002
18.6002
24.0777
24.0777
24.0777
24.0777
24.0777
24.0777
24.0777
24.0777
23.4188
23.4188
23.4188
23.4188
23.4188
23.4188
23.4188
23.4188
22.8096
22.8096
22.8096
22.8096
22.8096
22.8096
22.8096
22.8096
22.2718
22.2718
22.2718
22.2718
22.2718
22.2718
22.2718
22.2718
21.8189
21.8189
21.8189
21.8189
21.8189
21.8189
21.8189
21.8189
21.4563
21.4563
21.4563
21.4563
21.4563
21.4563
21.4563
21.4563
21.1807
21.1807
21.1807
21.1807
21.1807
21.1807
21.1807
21.1807
20.9803
20.9803
20.9803
20.9803
20.9803
20.9803
20.9803
20.9803
20.835
20.835
20.835
20.835
20.835
20.835
20.835
20.835
20.717
20.717
20.717
20.717
20.717
20.717
20.717
20.717
20.5926
20.5926
20.5926
20.5926
20.5926
20.5926
20.5926
20.5926
20.4237
20.4237
20.4237
20.4237
20.4237
20.4237
20.4237
20.4237
20.1713
20.1713
20.1713
20.1713
20.1713
20.1713
20.1713
20.1713
19.7999
19.7999
19.7999
19.7999
19.7999
19.7999
19.7999
19.7999
19.2813
19.2813
19.2813
19.2813
19.2813
19.2813
19.2813
19.2813
18.6002
18.6002
18.6002
18.6002
18.6002
18.6002
18.6002
18.6002
24.0777
24.0777
24.0777
24.0777
24.0777
24.0777
24.0777
24.0777
23.4188
23.4188
23.4188
23.4188
23.4188
23.4188
23.4188
23.4188
22.8096
22.8096
22.8096
22.8096
22.8096
22.8096
22.8096
22.8096
22.2718
22.2718
22.2718
22.2718
22.2718
22.2718
22.2718
22.2718
21.8189
21.8189
21.8189
21.8189
21.8189
21.8189
21.8189
21.8189
21.4563
21.4563
21.4563
21.4563
21.4563
21.4563
21.4563
21.4563
21.1807
21.1807
21.1807
21.1807
21.1807
21.1807
21.1807
21.1807
20.9803
20.9803
20.9803
20.9803
20.9803
20.9803
20.9803
20.9803
20.835
20.835
20.835
20.835
20.835
20.835
20.835
20.835
20.717
20.717
20.717
20.717
20.717
20.717
20.717
20.717
20.5926
20.5926
20.5926
20.5926
20.5926
20.5926
20.5926
20.5926
20.4237
20.4237
20.4237
20.4237
20.4237
20.4237
20.4237
20.4237
20.1713
20.1713
20.1713
20.1713
20.1713
20.1713
20.1713
20.1713
19.7999
19.7999
19.7999
19.7999
19.7999
19.7999
19.7999
19.7999
19.2813
19.2813
19.2813
19.2813
19.2813
19.2813
19.2813
19.2813
18.6002
18.6002
18.6002
18.6002
18.6002
18.6002
18.6002
18.6002
22.927
22.927
22.927
22.927
22.927
22.927
22.927
22.927
22.2944
22.2944
22.2944
22.2944
22.2944
22.2944
22.2944
22.2944
21.7453
21.7453
21.7453
21.7453
21.7453
21.7453
21.7453
21.7453
21.2937
21.2937
21.2937
21.2937
21.2937
21.2937
21.2937
21.2937
20.9465
20.9465
20.9465
20.9465
20.9465
20.9465
20.9465
20.9465
20.703
20.703
20.703
20.703
20.703
20.703
20.703
20.703
20.5552
20.5552
20.5552
20.5552
20.5552
20.5552
20.5552
20.5552
20.4871
20.4871
20.4871
20.4871
20.4871
20.4871
20.4871
20.4871
20.4747
20.4747
20.4747
20.4747
20.4747
20.4747
20.4747
20.4747
20.4869
20.4869
20.4869
20.4869
20.4869
20.4869
20.4869
20.4869
20.4858
20.4858
20.4858
20.4858
20.4858
20.4858
20.4858
20.4858
20.4294
20.4294
20.4294
20.4294
20.4294
20.4294
20.4294
20.4294
20.2748
20.2748
20.2748
20.2748
20.2748
20.2748
20.2748
20.2748
19.983
19.983
19.983
19.983
19.983
19.983
19.983
19.983
19.5233
19.5233
19.5233
19.5233
19.5233
19.5233
19.5233
19.5233
18.8789
18.8789
18.8789
18.8789
18.8789
18.8789
18.8789
18.8789
22.927
22.927
22.927
22.927
22.927
22.927
22.927
22.927
22.2944
22.2944
22.2944
22.2944
22.2944
22.2944
22.2944
22.2944
21.7453
21.7453
21.7453
21.7453
21.7453
21.7453
21.7453
21.7453
21.2937
21.2937
21.2937
21.2937
21.2937
21.2937
21.2937
21.2937
20.9465
20.9465
20.9465
20.9465
20.9465
20.9465
20.9465
20.9465
20.703
20.703
20.703
20.703
20.703
20.703
20.703
20.703
20.5552
20.5552
20.5552
20.5552
20.5552
20.5552
20.5552
20.5552
20.4871
20.4871
20.4871
20.4871
20.4871
20.4871
20.4871
20.4871
20.4747
20.4747
20.4747
20.4747
20.4747
20.4747
20.4747
20.4747
20.4869
20.4869
20.4869
20.4869
20.4869
20.4869
20.4869
20.4869
20.4858
20.4858
20.4858
20.4858
20.4858
20.4858
20.4858
20.4858
20.4294
20.4294
20.4294
20.4294
20.4294
20.4294
20.4294
20.4294
20.2748
20.2748
20.2748
20.2748
20.2748
20.2748
20.2748
20.2748
19.983
19.983
19.983
19.983
19.983
19.983
19.983
19.983
19.5233
19.5233
19.5233
19.5233
19.5233
19.5233
19.5233
19.5233
18.8789
18.8789
18.8789
18.8789
18.8789
18.8789
18.8789
18.8789
22.927
22.927
22.927
22.927
22.927
22.927
22.927
22.927
22.2944
22.2944
22.2944
22.2944
22.2944
22.2944
22.2944
22.2944
21.7453
21.7453
21.7453
21.7453
21.7453
21.7453
21.7453
21.7453
21.2937
21.2937
21.2937
21.2937
21.2937
21.2937
21.2937
21.2937
20.9465
20.9465
20.9465
20.9465
20.9465
20.9465
20.9465
20.9465
20.703
20.703
20.703
20.703
20.703
20.703
20.703
20.703
20.5552
20.5552
20.5552
20.5552
20.5552
20.5552
20.5552
20.5552
20.4871
20.4871
20.4871
20.4871
20.4871
20.4871
20.4871
20.4871
20.4747
20.4747
20.4747
20.4747
20.4747
20.4747
20.4747
20.4747
20.4869
20.4869
20.4869
20.4869
20.4869
20.4869
20.4869
20.4869
20.4858
20.4858
20.4858
20.4858
20.4858
20.4858
20.4858
20.4858
20.4294
20.4294
20.4294
20.4294
20.4294
20.4294
20.4294
20.4294
20.2748
20.2748
20.2748
20.2748
20.2748
20.2748
20.2748
20.2748
19.983
19.983
19.983
19.983
19.983
19.983
19.983
19.983
19.5233
19.5233
19.5233
19.5233
19.5233
19.5233
19.5233
19.5233
18.8789
18.8789
18.8789
18.8789
18.8789
18.8789
18.8789
18.8789
22.927
22.927
22.927
22.927
22.927
22.927
22.927
22.927
22.2944
22.2944
22.2944
22.2944
22.2944
22.2944
22.2944
22.2944
21.7453
21.7453
21.7453
21.7453
21.7453
21.7453
21.7453
21.7453
21.2937
21.2937
21.2937
21.2937
21.2937
21.2937
21.2937
21.2937
20.9465
20.9465
20.9465
20.9465
20.9465
20.9465
20.9465
20.9465
20.703
20.703
20.703
20.703
20.703
20.703
20.703
20.703
20.5552
20.5552
20.5552
20.5552
20.5552
20.5552
20.5552
20.5552
20.4871
20.4871
20.4871
20.4871
20.4871
20.4871
20.4871
20.4871
20.4747
20.4747
20.4747
20.4747
20.4747
20.4747
20.4747
20.4747
20.4869
20.4869
20.4869
20.4869
20.4869
20.4869
20.4869
20.4869
20.4858
20.4858
20.4858
20.4858
20.4858
20.4858
20.4858
20.4858
20.4294
20.4294
20.4294
20.4294
20.4294
20.4294
20.4294
20.4294
20.2748
20.2748
20.2748
20.2748
20.2748
20.2748
20.2748
20.2748
19.983
19.983
19.983
19.983
19.983
19.983
19.983
19.983
19.5233
19.5233
19.5233
19.5233
19.5233
19.5233
19.5233
19.5233
18.8789
18.8789
18.8789
18.8789
18.8789
18.8789
18.8789
18.8789
21.5856
21.5856
21.5856
21.5856
21.5856
21.5856
21.5856
21.5856
20.9957
20.9957
20.9957
20.9957
20.9957
20.9957
20.9957
20.9957
20.5191
20.5191
20.5191
20.5191
20.5191
20.5191
20.5191
20.5191
20.1625
20.1625
20.1625
20.1625
20.1625
20.1625
20.1625
20.1625
19.9268
19.9268
19.9268
19.9268
19.9268
19.9268
19.9268
19.9268
19.8066
19.8066
19.8066
19.8066
19.8066
19.8066
19.8066
19.8066
19.79
19.79
19.79
19.79
19.79
19.79
19.79
19.79
19.8573
19.8573
19.8573
19.8573
19.8573
19.8573
19.8573
19.8573
19.9818
19.9818
19.9818
19.9818
19.9818
19.9818
19.9818
19.9818
20.1288
20.1288
20.1288
20.1288
20.1288
20.1288
20.1288
20.1288
20.2572
20.2572
20.2572
20.2572
20.2572
20.2572
20.2572
20.2572
20.3213
20.3213
20.3213
20.3213
20.3213
20.3213
20.3213
20.3213
20.2744
20.2744
20.2744
20.2744
20.2744
20.2744
20.2744
20.2744
20.0735
20.0735
20.0735
20.0735
20.0735
20.0735
20.0735
20.0735
19.6851
19.6851
19.6851
19.6851
19.6851
19.6851
19.6851
19.6851
19.0909
19.0909
19.0909
19.0909
19.0909
19.0909
19.0909
19.0909
21.5856
21.5856
21.5856
21.5856
21.5856
21.5856
21.5856
21.5856
20.9957
20.9957
20.9957
20.9957
20.9957
20.9957
20.9957
20.9957
20.5191
20.5191
20.5191
20.5191
20.5191
20.5191
20.5191
20.5191
20.1625
20.1625
20.1625
20.1625
20.1625
20.1625
20.1625
20.1625
19.9268
19.9268
19.9268
19.9268
19.9268
19.9268
19.9268
19.9268
19.8066
19.8066
19.8066
19.8066
19.8066
19.8066
19.8066
19.8066
19.79
19.79
19.79
19.79
19.79
19.79
19.79
19.79
19.8573
19.8573
19.8573
19.8573
19.8573
19.8573
19.8573
19.8573
19.9818
19.9818
19.9818
19.9818
19.9818
19.9818
19.9818
19.9818
20.1288
20.1288
20.1288
20.1288
20.1288
20.1288
20.1288
20.1288
20.2572
20.2572
20.2572
20.2572
20.2572
20.2572
20.2572
20.2572
20.3213
20.3213
20.3213
20.3213
20.3213
20.3213
20.3213
20.3213
20.2744
20.2744
20.2744
20.2744
20.2744
20.2744
20.2744
20.2744
20.0735
20.0735
20.0735
20.0735
20.0735
20.0735
20.0735
20.0735
19.6851
19.6851
19.6851
19.6851
19.6851
19.6851
19.6851
19.6851
19.0909
19.0909
19.0909
19.0909
19.0909
19.0909
19.0909
19.0909
21.5856
21.5856
21.5856
21.5856
21.5856
21.5856
21.5856
21.5856
20.9957
20.9957
20.9957
20.9957
20.9957
20.9957
20.9957
20.9957
20.5191
20.5191
20.5191
20.5191
20.5191
20.5191
20.5191
20.5191
20.1625
20.1625
20.1625
20.1625
20.1625
20.1625
20.1625
20.1625
19.9268
19.9268
19.9268
19.9268
19.9268
19.9268
19.9268
19.9268
19.8066
19.8066
19.8066
19.8066
19.8066
19.8066
19.8066
19.8066
19.79
19.79
19.79
19.79
19.79
19.79
19.79
19.79
19.8573
19.8573
19.8573
19.8573
19.8573
19.8573
19.8573
19.8573
19.9818
19.9818
19.9818
19.9818
19.9818
19.9818
19.9818
19.9818
20.1288
20.1288
20.1288
20.1288
20.1288
20.1288
20.1288
20.1288
20.2572
20.2572
20.2572
20.2572
20.2572
20.2572
20.2572
20.2572
20.3213
20.3213
20.3213
20.3213
20.3213
20.3213
20.3213
20.3213
20.2744
20.2744
20.2744
20.2744
20.2744
20.2744
20.2744
20.2744
20.0735
20.0735
20.0735
20.0735
20.0735
20.0735
20.0735
20.0735
19.6851
19.6851
19.6851
19.6851
19.6851
19.6851
19.6851
19.6851
19.0909
19.0909
19.0909
19.0909
19.0909
19.0909
19.0909
19.0909
21.5856
21.5856
21.5856
21.5856
21.5856
21.5856
21.5856
21.5856
20.9957
20.9957
20.9957
20.9957
20.9957
20.9957
20.9957
20.9957
20.5191
20.5191
20.5191
20.5191
20.5191
20.5191
20.5191
20.5191
20.1625
20.1625
20.1625
20.1625
20.1625
20.1625
20.1625
20.1625
19.9268
19.9268
19.9268
19.9268
19.9268
19.9268
19.9268
19.9268
19.8066
19.8066
19.8066
19.8066
19.8066
19.8066
19.8066
19.8066
19.79
19.79
19.79
19.79
19.79
19.79
19.79
19.79
19.8573
19.8573
19.8573
19.8573
19.8573
19.8573
19.8573
19.8573
19.9818
19.9818
19.9818
19.9818
19.9818
19.9818
19.9818
19.9818
20.1288
20.1288
20.1288
20.1288
20.1288
20.1288
20.1288
20.1288
20.2572
20.2572
20.2572
20.2572
20.2572
20.2572
20.2572
20.2572
20.3213
20.3213
20.3213
20.3213
20.3213
20.3213
20.3213
20.3213
20.2744
20.2744
20.2744
20.2744
20.2744
20.2744
20.2744
20.2744
20.0735
20.0735
20.0735
20.0735
20.0735
20.0735
20.0735
20.0735
19.6851
19.6851
19.6851
19.6851
19.6851
19.6851
19.6851
19.6851
19.0909
19.0909
19.0909
19.0909
19.0909
19.0909
19.0909
19.0909
20.0877
20.0877
20.0877
20.0877
20.0877
20.0877
20.0877
20.0877
19.5542
19.5542
19.5542
19.5542
19.5542
19.5542
19.5542
19.5542
19.1585
19.1585
19.1585
19.1585
19.1585
19.1585
19.1585
19.1585
18.901
18.901
18.901
18.901
18.901
18.901
18.901
18.901
18.7781
18.7781
18.7781
18.7781
18.7781
18.7781
18.7781
18.7781
18.7806
18.7806
18.7806
18.7806
18.7806
18.7806
18.7806
18.7806
18.8935
18.8935
18.8935
18.8935
18.8935
18.8935
18.8935
18.8935
19.0949
19.0949
19.0949
19.0949
19.0949
19.0949
19.0949
19.0949
19.3557
19.3557
19.3557
19.3557
19.3557
19.3557
19.3557
19.3557
19.6388
19.6388
19.6388
19.6388
19.6388
19.6388
19.6388
19.6388
19.9001
19.9001
19.9001
19.9001
19.9001
19.9001
19.9001
19.9001
20.0905
20.0905
20.0905
20.0905
20.0905
20.0905
20.0905
20.0905
20.1593
20.1593
20.1593
20.1593
20.1593
20.1593
20.1593
20.1593
20.06
20.06
20.06
20.06
20.06
20.06
20.06
20.06
19.756
19.756
19.756
19.756
19.756
19.756
19.756
19.756
19.2266
19.2266
19.2266
19.2266
19.2266
19.2266
19.2266
19.2266
20.0877
20.0877
20.0877
20.0877
20.0877
20.0877
20.0877
20.0877
19.5542
19.5542
19.5542
19.5542
19.5542
19.5542
19.5542
19.5542
19.1585
19.1585
19.1585
19.1585
19.1585
19.1585
19.1585
19.1585
18.901
18.901
18.901
18.901
18.901
18.901
18.901
18.901
18.7781
18.7781
18.7781
18.7781
18.7781
18.7781
18.7781
18.7781
18.7806
18.7806
18.7806
18.7806
18.7806
18.7806
18.7806
18.7806
18.8935
18.8935
18.8935
18.8935
18.8935
18.8935
18.8935
18.8935
19.0949
19.0949
19.0949
19.0949
19.0949
19.0949
19.0949
19.0949
19.3557
19.3557
19.3557
19.3557
19.3557
19.3557
19.3557
19.3557
19.6388
19.6388
19.6388
19.6388
19.6388
19.6388
19.6388
19.6388
19.9001
19.9001
19.9001
19.9001
19.9001
19.9001
19.9001
19.9001
20.0905
20.0905
20.0905
20.0905
20.0905
20.0905
20.0905
20.0905
20.1593
20.1593
20.1593
20.1593
20.1593
20.1593
20.1593
20.1593
20.06
20.06
20.06
20.06
20.06
20.06
20.06
20.06
19.756
19.756
19.756
19.756
19.756
19.756
19.756
19.756
19.2266
19.2266
19.2266
19.2266
19.2266
19.2266
19.2266
19.2266
20.0877
20.0877
20.0877
20.0877
20.0877
20.0877
20.0877
20.0877
19.5542
19.5542
19.5542
19.5542
19.5542
19.5542
19.5542
19.5542
19.1585
19.1585
19.1585
19.1585
19.1585
19.1585
19.1585
19.1585
18.901
18.901
18.901
18.901
18.901
18.901
18.901
18.901
18.7781
18.7781
18.7781
18.7781
18.7781
18.7781
18.7781
18.7781
18.7806
18.7806
18.7806
18.7806
18.7806
18.7806
18.7806
18.7806
18.8935
18.8935
18.8935
18.8935
18.8935
18.8935
18.8935
18.8935
19.0949
19.0949
19.0949
19.0949
19.0949
19.0949
19.0949
19.0949
19.3557
19.3557
19.3557
19.3557
19.3557
19.3557
19.3557
19.3557
19.6388
19.6388
19.6388
19.6388
19.6388
19.6388
19.6388
19.6388
19.9001
19.9001
19.9001
19.9001
19.9001
19.9001
19.9001
19.9001
20.0905
20.0905
20.0905
20.0905
20.0905
20.0905
20.0905
20.0905
20.1593
20.1593
20.1593
20.1593
20.1593
20.1593
20.1593
20.1593
20.06
20.06
20.06
20.06
20.06
20.06
20.06
20.06
19.756
19.756
19.756
19.756
19.756
19.756
19.756
19.756
19.2266
19.2266
19.2266
19.2266
19.2266
19.2266
19.2266
19.2266
20.0877
20.0877
20.0877
20.0877
20.0877
20.0877
20.0877
20.0877
19.5542
19.5542
19.5542
19.5542
19.5542
19.5542
19.5542
19.5542
19.1585
19.1585
19.1585
19.1585
19.1585
19.1585
19.1585
19.1585
18.901
18.901
18.901
18.901
18.901
18.901
18.901
18.901
18.7781
18.7781
18.7781
18.7781
18.7781
18.7781
18.7781
18.7781
18.7806
18.7806
18.7806
18.7806
18.7806
18.7806
18.7806
18.7806
18.8935
18.8935
18.8935
18.8935
18.8935
18.8935
18.8935
18.8935
19.0949
19.0949
19.0949
19.0949
19.0949
19.0949
19.0949
19.0949
19.3557
19.3557
19.3557
19.3557
19.3557
19.3557
19.3557
19.3557
19.6388
19.6388
19.6388
19.6388
19.6388
19.6388
19.6388
19.6388
19.9001
19.9001
19.9001
19.9001
19.9001
19.9001
19.9001
19.9001
20.0905
20.0905
20.0905
20.0905
20.0905
20.0905
20.0905
20.0905
20.1593
20.1593
20.1593
20.1593
20.1593
20.1593
20.1593
20.1593
20.06
20.06
20.06
20.06
20.06
20.06
20.06
20.06
19.756
19.756
19.756
19.756
19.756
19.756
19.756
19.756
19.2266
19.2266
19.2266
19.2266
19.2266
19.2266
19.2266
19.2266
