8192
32.5841
32.5841
32.5841
32.5841
32.5841
32.5841
32.5841
32.5841
35.2855
35.2855
35.2855
35.2855
35.2855
35.2855
35.2855
35.2855
38.4872
38.4872
38.4872
38.4872
38.4872
38.4872
38.4872
38.4872
42.1946
42.1946
42.1946
42.1946
42.1946
42.1946
42.1946
42.1946
46.3907
46.3907
46.3907
46.3907
46.3907
46.3907
46.3907
46.3907
51.0276
51.0276
51.0276
51.0276
51.0276
51.0276
51.0276
51.0276
56.0201
56.0201
56.0201
56.0201
56.0201
56.0201
56.0201
56.0201
61.2409
61.2409
61.2409
61.2409
61.2409
61.2409
61.2409
61.2409
66.5209
66.5209
66.5209
66.5209
66.5209
66.5209
66.5209
66.5209
71.6566
71.6566
71.6566
71.6566
71.6566
71.6566
71.6566
71.6566
76.4239
76.4239
76.4239
76.4239
76.4239
76.4239
76.4239
76.4239
80.5966
80.5966
80.5966
80.5966
80.5966
80.5966
80.5966
80.5966
83.9737
83.9737
83.9737
83.9737
83.9737
83.9737
83.9737
83.9737
86.4029
86.4029
86.4029
86.4029
86.4029
86.4029
86.4029
86.4029
87.804
87.804
87.804
87.804
87.804
87.804
87.804
87.804
88.1862
88.1862
88.1862
88.1862
88.1862
88.1862
88.1862
88.1862
32.5841
32.5841
32.5841
32.5841
32.5841
32.5841
32.5841
32.5841
35.2855
35.2855
35.2855
35.2855
35.2855
35.2855
35.2855
35.2855
38.4872
38.4872
38.4872
38.4872
38.4872
38.4872
38.4872
38.4872
42.1946
42.1946
42.1946
42.1946
42.1946
42.1946
42.1946
42.1946
46.3907
46.3907
46.3907
46.3907
46.3907
46.3907
46.3907
46.3907
51.0276
51.0276
51.0276
51.0276
51.0276
51.0276
51.0276
51.0276
56.0201
56.0201
56.0201
56.0201
56.0201
56.0201
56.0201
56.0201
61.2409
61.2409
61.2409
61.2409
61.2409
61.2409
61.2409
61.2409
66.5209
66.5209
66.5209
66.5209
66.5209
66.5209
66.5209
66.5209
71.6566
71.6566
71.6566
71.6566
71.6566
71.6566
71.6566
71.6566
76.4239
76.4239
76.4239
76.4239
76.4239
76.4239
76.4239
76.4239
80.5966
80.5966
80.5966
80.5966
80.5966
80.5966
80.5966
80.5966
83.9737
83.9737
83.9737
83.9737
83.9737
83.9737
83.9737
83.9737
86.4029
86.4029
86.4029
86.4029
86.4029
86.4029
86.4029
86.4029
87.804
87.804
87.804
87.804
87.804
87.804
87.804
87.804
88.1862
88.1862
88.1862
88.1862
88.1862
88.1862
88.1862
88.1862
32.5841
32.5841
32.5841
32.5841
32.5841
32.5841
32.5841
32.5841
35.2855
35.2855
35.2855
35.2855
35.2855
35.2855
35.2855
35.2855
38.4872
38.4872
38.4872
38.4872
38.4872
38.4872
38.4872
38.4872
42.1946
42.1946
42.1946
42.1946
42.1946
42.1946
42.1946
42.1946
46.3907
46.3907
46.3907
46.3907
46.3907
46.3907
46.3907
46.3907
51.0276
51.0276
51.0276
51.0276
51.0276
51.0276
51.0276
51.0276
56.0201
56.0201
56.0201
56.0201
56.0201
56.0201
56.0201
56.0201
61.2409
61.2409
61.2409
61.2409
61.2409
61.2409
61.2409
61.2409
66.5209
66.5209
66.5209
66.5209
66.5209
66.5209
66.5209
66.5209
71.6566
71.6566
71.6566
71.6566
71.6566
71.6566
71.6566
71.6566
76.4239
76.4239
76.4239
76.4239
76.4239
76.4239
76.4239
76.4239
80.5966
80.5966
80.5966
80.5966
80.5966
80.5966
80.5966
80.5966
83.9737
83.9737
83.9737
83.9737
83.9737
83.9737
83.9737
83.9737
86.4029
86.4029
86.4029
86.4029
86.4029
86.4029
86.4029
86.4029
87.804
87.804
87.804
87.804
87.804
87.804
87.804
87.804
88.1862
88.1862
88.1862
88.1862
88.1862
88.1862
88.1862
88.1862
32.5841
32.5841
32.5841
32.5841
32.5841
32.5841
32.5841
32.5841
35.2855
35.2855
35.2855
35.2855
35.2855
35.2855
35.2855
35.2855
38.4872
38.4872
38.4872
38.4872
38.4872
38.4872
38.4872
38.4872
42.1946
42.1946
42.1946
42.1946
42.1946
42.1946
42.1946
42.1946
46.3907
46.3907
46.3907
46.3907
46.3907
46.3907
46.3907
46.3907
51.0276
51.0276
51.0276
51.0276
51.0276
51.0276
51.0276
51.0276
56.0201
56.0201
56.0201
56.0201
56.0201
56.0201
56.0201
56.0201
61.2409
61.2409
61.2409
61.2409
61.2409
61.2409
61.2409
61.2409
66.5209
66.5209
66.5209
66.5209
66.5209
66.5209
66.5209
66.5209
71.6566
71.6566
71.6566
71.6566
71.6566
71.6566
71.6566
71.6566
76.4239
76.4239
76.4239
76.4239
76.4239
76.4239
76.4239
76.4239
80.5966
80.5966
80.5966
80.5966
80.5966
80.5966
80.5966
80.5966
83.9737
83.9737
83.9737
83.9737
83.9737
83.9737
83.9737
83.9737
86.4029
86.4029
86.4029
86.4029
86.4029
86.4029
86.4029
86.4029
87.804
87.804
87.804
87.804
87.804
87.804
87.804
87.804
88.1862
88.1862
88.1862
88.1862
88.1862
88.1862
88.1862
88.1862
32.3455
32.3455
32.3455
32.3455
32.3455
32.3455
32.3455
32.3455
35.1882
35.1882
35.1882
35.1882
35.1882
35.1882
35.1882
35.1882
38.5916
38.5916
38.5916
38.5916
38.5916
38.5916
38.5916
38.5916
42.5694
42.5694
42.5694
42.5694
42.5694
42.5694
42.5694
42.5694
47.1099
47.1099
47.1099
47.1099
47.1099
47.1099
47.1099
47.1099
52.1661
52.1661
52.1661
52.1661
52.1661
52.1661
52.1661
52.1661
57.6458
57.6458
57.6458
57.6458
57.6458
57.6458
57.6458
57.6458
63.4058
63.4058
63.4058
63.4058
63.4058
63.4058
63.4058
63.4058
69.2496
69.2496
69.2496
69.2496
69.2496
69.2496
69.2496
69.2496
74.9364
74.9364
74.9364
74.9364
74.9364
74.9364
74.9364
74.9364
80.1966
80.1966
80.1966
80.1966
80.1966
80.1966
80.1966
80.1966
84.7576
84.7576
84.7576
84.7576
84.7576
84.7576
84.7576
84.7576
88.3745
88.3745
88.3745
88.3745
88.3745
88.3745
88.3745
88.3745
90.863
90.863
90.863
90.863
90.863
90.863
90.863
90.863
92.1294
92.1294
92.1294
92.1294
92.1294
92.1294
92.1294
92.1294
92.1932
92.1932
92.1932
92.1932
92.1932
92.1932
92.1932
92.1932
32.3455
32.3455
32.3455
32.3455
32.3455
32.3455
32.3455
32.3455
35.1882
35.1882
35.1882
35.1882
35.1882
35.1882
35.1882
35.1882
38.5916
38.5916
38.5916
38.5916
38.5916
38.5916
38.5916
38.5916
42.5694
42.5694
42.5694
42.5694
42.5694
42.5694
42.5694
42.5694
47.1099
47.1099
47.1099
47.1099
47.1099
47.1099
47.1099
47.1099
52.1661
52.1661
52.1661
52.1661
52.1661
52.1661
52.1661
52.1661
57.6458
57.6458
57.6458
57.6458
57.6458
57.6458
57.6458
57.6458
63.4058
63.4058
63.4058
63.4058
63.4058
63.4058
63.4058
63.4058
69.2496
69.2496
69.2496
69.2496
69.2496
69.2496
69.2496
69.2496
74.9364
74.9364
74.9364
74.9364
74.9364
74.9364
74.9364
74.9364
80.1966
80.1966
80.1966
80.1966
80.1966
80.1966
80.1966
80.1966
84.7576
84.7576
84.7576
84.7576
84.7576
84.7576
84.7576
84.7576
88.3745
88.3745
88.3745
88.3745
88.3745
88.3745
88.3745
88.3745
90.863
90.863
90.863
90.863
90.863
90.863
90.863
90.863
92.1294
92.1294
92.1294
92.1294
92.1294
92.1294
92.1294
92.1294
92.1932
92.1932
92.1932
92.1932
92.1932
92.1932
92.1932
92.1932
32.3455
32.3455
32.3455
32.3455
32.3455
32.3455
32.3455
32.3455
35.1882
35.1882
35.1882
35.1882
35.1882
35.1882
35.1882
35.1882
38.5916
38.5916
38.5916
38.5916
38.5916
38.5916
38.5916
38.5916
42.5694
42.5694
42.5694
42.5694
42.5694
42.5694
42.5694
42.5694
47.1099
47.1099
47.1099
47.1099
47.1099
47.1099
47.1099
47.1099
52.1661
52.1661
52.1661
52.1661
52.1661
52.1661
52.1661
52.1661
57.6458
57.6458
57.6458
57.6458
57.6458
57.6458
57.6458
57.6458
63.4058
63.4058
63.4058
63.4058
63.4058
63.4058
63.4058
63.4058
69.2496
69.2496
69.2496
69.2496
69.2496
69.2496
69.2496
69.2496
74.9364
74.9364
74.9364
74.9364
74.9364
74.9364
74.9364
74.9364
80.1966
80.1966
80.1966
80.1966
80.1966
80.1966
80.1966
80.1966
84.7576
84.7576
84.7576
84.7576
84.7576
84.7576
84.7576
84.7576
88.3745
88.3745
88.3745
88.3745
88.3745
88.3745
88.3745
88.3745
90.863
90.863
90.863
90.863
90.863
90.863
90.863
90.863
92.1294
92.1294
92.1294
92.1294
92.1294
92.1294
92.1294
92.1294
92.1932
92.1932
92.1932
92.1932
92.1932
92.1932
92.1932
92.1932
32.3455
32.3455
32.3455
32.3455
32.3455
32.3455
32.3455
32.3455
35.1882
35.1882
35.1882
35.1882
35.1882
35.1882
35.1882
35.1882
38.5916
38.5916
38.5916
38.5916
38.5916
38.5916
38.5916
38.5916
42.5694
42.5694
42.5694
42.5694
42.5694
42.5694
42.5694
42.5694
47.1099
47.1099
47.1099
47.1099
47.1099
47.1099
47.1099
47.1099
52.1661
52.1661
52.1661
52.1661
52.1661
52.1661
52.1661
52.1661
57.6458
57.6458
57.6458
57.6458
57.6458
57.6458
57.6458
57.6458
63.4058
63.4058
63.4058
63.4058
63.4058
63.4058
63.4058
63.4058
69.2496
69.2496
69.2496
69.2496
69.2496
69.2496
69.2496
69.2496
74.9364
74.9364
74.9364
74.9364
74.9364
74.9364
74.9364
74.9364
80.1966
80.1966
80.1966
80.1966
80.1966
80.1966
80.1966
80.1966
84.7576
84.7576
84.7576
84.7576
84.7576
84.7576
84.7576
84.7576
88.3745
88.3745
88.3745
88.3745
88.3745
88.3745
88.3745
88.3745
90.863
90.863
90.863
90.863
90.863
90.863
90.863
90.863
92.1294
92.1294
92.1294
92.1294
92.1294
92.1294
92.1294
92.1294
92.1932
92.1932
92.1932
92.1932
92.1932
92.1932
92.1932
92.1932
32.3355
32.3355
32.3355
32.3355
32.3355
32.3355
32.3355
32.3355
35.2985
35.2985
35.2985
35.2985
35.2985
35.2985
35.2985
35.2985
38.8807
38.8807
38.8807
38.8807
38.8807
38.8807
38.8807
38.8807
43.1043
43.1043
43.1043
43.1043
43.1043
43.1043
43.1043
43.1043
47.9644
47.9644
47.9644
47.9644
47.9644
47.9644
47.9644
47.9644
53.4157
53.4157
53.4157
53.4157
53.4157
53.4157
53.4157
53.4157
59.3599
59.3599
59.3599
59.3599
59.3599
59.3599
59.3599
59.3599
65.6373
65.6373
65.6373
65.6373
65.6373
65.6373
65.6373
65.6373
72.0242
72.0242
72.0242
72.0242
72.0242
72.0242
72.0242
72.0242
78.2404
78.2404
78.2404
78.2404
78.2404
78.2404
78.2404
78.2404
83.9683
83.9683
83.9683
83.9683
83.9683
83.9683
83.9683
83.9683
88.8848
88.8848
88.8848
88.8848
88.8848
88.8848
88.8848
88.8848
92.7001
92.7001
92.7001
92.7001
92.7001
92.7001
92.7001
92.7001
95.1981
95.1981
95.1981
95.1981
95.1981
95.1981
95.1981
95.1981
96.2755
96.2755
96.2755
96.2755
96.2755
96.2755
96.2755
96.2755
95.9721
95.9721
95.9721
95.9721
95.9721
95.9721
95.9721
95.9721
32.3355
32.3355
32.3355
32.3355
32.3355
32.3355
32.3355
32.3355
35.2985
35.2985
35.2985
35.2985
35.2985
35.2985
35.2985
35.2985
38.8807
38.8807
38.8807
38.8807
38.8807
38.8807
38.8807
38.8807
43.1043
43.1043
43.1043
43.1043
43.1043
43.1043
43.1043
43.1043
47.9644
47.9644
47.9644
47.9644
47.9644
47.9644
47.9644
47.9644
53.4157
53.4157
53.4157
53.4157
53.4157
53.4157
53.4157
53.4157
59.3599
59.3599
59.3599
59.3599
59.3599
59.3599
59.3599
59.3599
65.6373
65.6373
65.6373
65.6373
65.6373
65.6373
65.6373
65.6373
72.0242
72.0242
72.0242
72.0242
72.0242
72.0242
72.0242
72.0242
78.2404
78.2404
78.2404
78.2404
78.2404
78.2404
78.2404
78.2404
83.9683
83.9683
83.9683
83.9683
83.9683
83.9683
83.9683
83.9683
88.8848
88.8848
88.8848
88.8848
88.8848
88.8848
88.8848
88.8848
92.7001
92.7001
92.7001
92.7001
92.7001
92.7001
92.7001
92.7001
95.1981
95.1981
95.1981
95.1981
95.1981
95.1981
95.1981
95.1981
96.2755
96.2755
96.2755
96.2755
96.2755
96.2755
96.2755
96.2755
95.9721
95.9721
95.9721
95.9721
95.9721
95.9721
95.9721
95.9721
32.3355
32.3355
32.3355
32.3355
32.3355
32.3355
32.3355
32.3355
35.2985
35.2985
35.2985
35.2985
35.2985
35.2985
35.2985
35.2985
38.8807
38.8807
38.8807
38.8807
38.8807
38.8807
38.8807
38.8807
43.1043
43.1043
43.1043
43.1043
43.1043
43.1043
43.1043
43.1043
47.9644
47.9644
47.9644
47.9644
47.9644
47.9644
47.9644
47.9644
53.4157
53.4157
53.4157
53.4157
53.4157
53.4157
53.4157
53.4157
59.3599
59.3599
59.3599
59.3599
59.3599
59.3599
59.3599
59.3599
65.6373
65.6373
65.6373
65.6373
65.6373
65.6373
65.6373
65.6373
72.0242
72.0242
72.0242
72.0242
72.0242
72.0242
72.0242
72.0242
78.2404
78.2404
78.2404
78.2404
78.2404
78.2404
78.2404
78.2404
83.9683
83.9683
83.9683
83.9683
83.9683
83.9683
83.9683
83.9683
88.8848
88.8848
88.8848
88.8848
88.8848
88.8848
88.8848
88.8848
92.7001
92.7001
92.7001
92.7001
92.7001
92.7001
92.7001
92.7001
95.1981
95.1981
95.1981
95.1981
95.1981
95.1981
95.1981
95.1981
96.2755
96.2755
96.2755
96.2755
96.2755
96.2755
96.2755
96.2755
95.9721
95.9721
95.9721
95.9721
95.9721
95.9721
95.9721
95.9721
32.3355
32.3355
32.3355
32.3355
32.3355
32.3355
32.3355
32.3355
35.2985
35.2985
35.2985
35.2985
35.2985
35.2985
35.2985
35.2985
38.8807
38.8807
38.8807
38.8807
38.8807
38.8807
38.8807
38.8807
43.1043
43.1043
43.1043
43.1043
43.1043
43.1043
43.1043
43.1043
47.9644
47.9644
47.9644
47.9644
47.9644
47.9644
47.9644
47.9644
53.4157
53.4157
53.4157
53.4157
53.4157
53.4157
53.4157
53.4157
59.3599
59.3599
59.3599
59.3599
59.3599
59.3599
59.3599
59.3599
65.6373
65.6373
65.6373
65.6373
65.6373
65.6373
65.6373
65.6373
72.0242
72.0242
72.0242
72.0242
72.0242
72.0242
72.0242
72.0242
78.2404
78.2404
78.2404
78.2404
78.2404
78.2404
78.2404
78.2404
83.9683
83.9683
83.9683
83.9683
83.9683
83.9683
83.9683
83.9683
88.8848
88.8848
88.8848
88.8848
88.8848
88.8848
88.8848
88.8848
92.7001
92.7001
92.7001
92.7001
92.7001
92.7001
92.7001
92.7001
95.1981
95.1981
95.1981
95.1981
95.1981
95.1981
95.1981
95.1981
96.2755
96.2755
96.2755
96.2755
96.2755
96.2755
96.2755
96.2755
95.9721
95.9721
95.9721
95.9721
95.9721
95.9721
95.9721
95.9721
32.514
32.514
32.514
32.514
32.514
32.514
32.514
32.514
35.5668
35.5668
35.5668
35.5668
35.5668
35.5668
35.5668
35.5668
39.2926
39.2926
39.2926
39.2926
39.2926
39.2926
39.2926
39.2926
43.7228
43.7228
43.7228
43.7228
43.7228
43.7228
43.7228
43.7228
48.859
48.859
48.859
48.859
48.859
48.859
48.859
48.859
54.6586
54.6586
54.6586
54.6586
54.6586
54.6586
54.6586
54.6586
61.0188
61.0188
61.0188
61.0188
61.0188
61.0188
61.0188
61.0188
67.765
67.765
67.765
67.765
67.765
67.765
67.765
67.765
74.646
74.646
74.646
74.646
74.646
74.646
74.646
74.646
81.3427
81.3427
81.3427
81.3427
81.3427
81.3427
81.3427
81.3427
87.4901
87.4901
87.4901
87.4901
87.4901
87.4901
87.4901
87.4901
92.7136
92.7136
92.7136
92.7136
92.7136
92.7136
92.7136
92.7136
96.6791
96.6791
96.6791
96.6791
96.6791
96.6791
96.6791
96.6791
99.1407
99.1407
99.1407
99.1407
99.1407
99.1407
99.1407
99.1407
99.9892
99.9892
99.9892
99.9892
99.9892
99.9892
99.9892
99.9892
99.2908
99.2908
99.2908
99.2908
99.2908
99.2908
99.2908
99.2908
32.514
32.514
32.514
32.514
32.514
32.514
32.514
32.514
35.5668
35.5668
35.5668
35.5668
35.5668
35.5668
35.5668
35.5668
39.2926
39.2926
39.2926
39.2926
39.2926
39.2926
39.2926
39.2926
43.7228
43.7228
43.7228
43.7228
43.7228
43.7228
43.7228
43.7228
48.859
48.859
48.859
48.859
48.859
48.859
48.859
48.859
54.6586
54.6586
54.6586
54.6586
54.6586
54.6586
54.6586
54.6586
61.0188
61.0188
61.0188
61.0188
61.0188
61.0188
61.0188
61.0188
67.765
67.765
67.765
67.765
67.765
67.765
67.765
67.765
74.646
74.646
74.646
74.646
74.646
74.646
74.646
74.646
81.3427
81.3427
81.3427
81.3427
81.3427
81.3427
81.3427
81.3427
87.4901
87.4901
87.4901
87.4901
87.4901
87.4901
87.4901
87.4901
92.7136
92.7136
92.7136
92.7136
92.7136
92.7136
92.7136
92.7136
96.6791
96.6791
96.6791
96.6791
96.6791
96.6791
96.6791
96.6791
99.1407
99.1407
99.1407
99.1407
99.1407
99.1407
99.1407
99.1407
99.9892
99.9892
99.9892
99.9892
99.9892
99.9892
99.9892
99.9892
99.2908
99.2908
99.2908
99.2908
99.2908
99.2908
99.2908
99.2908
32.514
32.514
32.514
32.514
32.514
32.514
32.514
32.514
35.5668
35.5668
35.5668
35.5668
35.5668
35.5668
35.5668
35.5668
39.2926
39.2926
39.2926
39.2926
39.2926
39.2926
39.2926
39.2926
43.7228
43.7228
43.7228
43.7228
43.7228
43.7228
43.7228
43.7228
48.859
48.859
48.859
48.859
48.859
48.859
48.859
48.859
54.6586
54.6586
54.6586
54.6586
54.6586
54.6586
54.6586
54.6586
61.0188
61.0188
61.0188
61.0188
61.0188
61.0188
61.0188
61.0188
67.765
67.765
67.765
67.765
67.765
67.765
67.765
67.765
74.646
74.646
74.646
74.646
74.646
74.646
74.646
74.646
81.3427
81.3427
81.3427
81.3427
81.3427
81.3427
81.3427
81.3427
87.4901
87.4901
87.4901
87.4901
87.4901
87.4901
87.4901
87.4901
92.7136
92.7136
92.7136
92.7136
92.7136
92.7136
92.7136
92.7136
96.6791
96.6791
96.6791
96.6791
96.6791
96.6791
96.6791
96.6791
99.1407
99.1407
99.1407
99.1407
99.1407
99.1407
99.1407
99.1407
99.9892
99.9892
99.9892
99.9892
99.9892
99.9892
99.9892
99.9892
99.2908
99.2908
99.2908
99.2908
99.2908
99.2908
99.2908
99.2908
32.514
32.514
32.514
32.514
32.514
32.514
32.514
32.514
35.5668
35.5668
35.5668
35.5668
35.5668
35.5668
35.5668
35.5668
39.2926
39.2926
39.2926
39.2926
39.2926
39.2926
39.2926
39.2926
43.7228
43.7228
43.7228
43.7228
43.7228
43.7228
43.7228
43.7228
48.859
48.859
48.859
48.859
48.859
48.859
48.859
48.859
54.6586
54.6586
54.6586
54.6586
54.6586
54.6586
54.6586
54.6586
61.0188
61.0188
61.0188
61.0188
61.0188
61.0188
61.0188
61.0188
67.765
67.765
67.765
67.765
67.765
67.765
67.765
67.765
74.646
74.646
74.646
74.646
74.646
74.646
74.646
74.646
81.3427
81.3427
81.3427
81.3427
81.3427
81.3427
81.3427
81.3427
87.4901
87.4901
87.4901
87.4901
87.4901
87.4901
87.4901
87.4901
92.7136
92.7136
92.7136
92.7136
92.7136
92.7136
92.7136
92.7136
96.6791
96.6791
96.6791
96.6791
96.6791
96.6791
96.6791
96.6791
99.1407
99.1407
99.1407
99.1407
99.1407
99.1407
99.1407
99.1407
99.9892
99.9892
99.9892
99.9892
99.9892
99.9892
99.9892
99.9892
99.2908
99.2908
99.2908
99.2908
99.2908
99.2908
99.2908
99.2908
32.8046
32.8046
32.8046
32.8046
32.8046
32.8046
32.8046
32.8046
35.9045
35.9045
35.9045
35.9045
35.9045
35.9045
35.9045
35.9045
39.724
39.724
39.724
39.724
39.724
39.724
39.724
39.724
44.3026
44.3026
44.3026
44.3026
44.3026
44.3026
44.3026
44.3026
49.6488
49.6488
49.6488
49.6488
49.6488
49.6488
49.6488
49.6488
55.7239
55.7239
55.7239
55.7239
55.7239
55.7239
55.7239
55.7239
62.4216
62.4216
62.4216
62.4216
62.4216
62.4216
62.4216
62.4216
69.5552
69.5552
69.5552
69.5552
69.5552
69.5552
69.5552
69.5552
76.8496
76.8496
76.8496
76.8496
76.8496
76.8496
76.8496
76.8496
83.9499
83.9499
83.9499
83.9499
83.9499
83.9499
83.9499
83.9499
90.4459
90.4459
90.4459
90.4459
90.4459
90.4459
90.4459
90.4459
95.9156
95.9156
95.9156
95.9156
95.9156
95.9156
95.9156
95.9156
99.9819
99.9819
99.9819
99.9819
99.9819
99.9819
99.9819
99.9819
102.373
102.373
102.373
102.373
102.373
102.373
102.373
102.373
102.979
102.979
102.979
102.979
102.979
102.979
102.979
102.979
101.889
101.889
101.889
101.889
101.889
101.889
101.889
101.889
32.8046
32.8046
32.8046
32.8046
32.8046
32.8046
32.8046
32.8046
35.9045
35.9045
35.9045
35.9045
35.9045
35.9045
35.9045
35.9045
39.724
39.724
39.724
39.724
39.724
39.724
39.724
39.724
44.3026
44.3026
44.3026
44.3026
44.3026
44.3026
44.3026
44.3026
49.6488
49.6488
49.6488
49.6488
49.6488
49.6488
49.6488
49.6488
55.7239
55.7239
55.7239
55.7239
55.7239
55.7239
55.7239
55.7239
62.4216
62.4216
62.4216
62.4216
62.4216
62.4216
62.4216
62.4216
69.5552
69.5552
69.5552
69.5552
69.5552
69.5552
69.5552
69.5552
76.8496
76.8496
76.8496
76.8496
76.8496
76.8496
76.8496
76.8496
83.9499
83.9499
83.9499
83.9499
83.9499
83.9499
83.9499
83.9499
90.4459
90.4459
90.4459
90.4459
90.4459
90.4459
90.4459
90.4459
95.9156
95.9156
95.9156
95.9156
95.9156
95.9156
95.9156
95.9156
99.9819
99.9819
99.9819
99.9819
99.9819
99.9819
99.9819
99.9819
102.373
102.373
102.373
102.373
102.373
102.373
102.373
102.373
102.979
102.979
102.979
102.979
102.979
102.979
102.979
102.979
101.889
101.889
101.889
101.889
101.889
101.889
101.889
101.889
32.8046
32.8046
32.8046
32.8046
32.8046
32.8046
32.8046
32.8046
35.9045
35.9045
35.9045
35.9045
35.9045
35.9045
35.9045
35.9045
39.724
39.724
39.724
39.724
39.724
39.724
39.724
39.724
44.3026
44.3026
44.3026
44.3026
44.3026
44.3026
44.3026
44.3026
49.6488
49.6488
49.6488
49.6488
49.6488
49.6488
49.6488
49.6488
55.7239
55.7239
55.7239
55.7239
55.7239
55.7239
55.7239
55.7239
62.4216
62.4216
62.4216
62.4216
62.4216
62.4216
62.4216
62.4216
69.5552
69.5552
69.5552
69.5552
69.5552
69.5552
69.5552
69.5552
76.8496
76.8496
76.8496
76.8496
76.8496
76.8496
76.8496
76.8496
83.9499
83.9499
83.9499
83.9499
83.9499
83.9499
83.9499
83.9499
90.4459
90.4459
90.4459
90.4459
90.4459
90.4459
90.4459
90.4459
95.9156
95.9156
95.9156
95.9156
95.9156
95.9156
95.9156
95.9156
99.9819
99.9819
99.9819
99.9819
99.9819
99.9819
99.9819
99.9819
102.373
102.373
102.373
102.373
102.373
102.373
102.373
102.373
102.979
102.979
102.979
102.979
102.979
102.979
102.979
102.979
101.889
101.889
101.889
101.889
101.889
101.889
101.889
101.889
32.8046
32.8046
32.8046
32.8046
32.8046
32.8046
32.8046
32.8046
35.9045
35.9045
35.9045
35.9045
35.9045
35.9045
35.9045
35.9045
39.724
39.724
39.724
39.724
39.724
39.724
39.724
39.724
44.3026
44.3026
44.3026
44.3026
44.3026
44.3026
44.3026
44.3026
49.6488
49.6488
49.6488
49.6488
49.6488
49.6488
49.6488
49.6488
55.7239
55.7239
55.7239
55.7239
55.7239
55.7239
55.7239
55.7239
62.4216
62.4216
62.4216
62.4216
62.4216
62.4216
62.4216
62.4216
69.5552
69.5552
69.5552
69.5552
69.5552
69.5552
69.5552
69.5552
76.8496
76.8496
76.8496
76.8496
76.8496
76.8496
76.8496
76.8496
83.9499
83.9499
83.9499
83.9499
83.9499
83.9499
83.9499
83.9499
90.4459
90.4459
90.4459
90.4459
90.4459
90.4459
90.4459
90.4459
95.9156
95.9156
95.9156
95.9156
95.9156
95.9156
95.9156
95.9156
99.9819
99.9819
99.9819
99.9819
99.9819
99.9819
99.9819
99.9819
102.373
102.373
102.373
102.373
102.373
102.373
102.373
102.373
102.979
102.979
102.979
102.979
102.979
102.979
102.979
102.979
101.889
101.889
101.889
101.889
101.889
101.889
101.889
101.889
33.1073
33.1073
33.1073
33.1073
33.1073
33.1073
33.1073
33.1073
36.1977
36.1977
36.1977
36.1977
36.1977
36.1977
36.1977
36.1977
40.0438
40.0438
40.0438
40.0438
40.0438
40.0438
40.0438
40.0438
44.6919
44.6919
44.6919
44.6919
44.6919
44.6919
44.6919
44.6919
50.1574
50.1574
50.1574
50.1574
50.1574
50.1574
50.1574
50.1574
56.4051
56.4051
56.4051
56.4051
56.4051
56.4051
56.4051
56.4051
63.3295
63.3295
63.3295
63.3295
63.3295
63.3295
63.3295
63.3295
70.7348
70.7348
70.7348
70.7348
70.7348
70.7348
70.7348
70.7348
78.3279
78.3279
78.3279
78.3279
78.3279
78.3279
78.3279
78.3279
85.7249
85.7249
85.7249
85.7249
85.7249
85.7249
85.7249
85.7249
92.4771
92.4771
92.4771
92.4771
92.4771
92.4771
92.4771
92.4771
98.1219
98.1219
98.1219
98.1219
98.1219
98.1219
98.1219
98.1219
102.245
102.245
102.245
102.245
102.245
102.245
102.245
102.245
104.553
104.553
104.553
104.553
104.553
104.553
104.553
104.553
104.932
104.932
104.932
104.932
104.932
104.932
104.932
104.932
103.501
103.501
103.501
103.501
103.501
103.501
103.501
103.501
33.1073
33.1073
33.1073
33.1073
33.1073
33.1073
33.1073
33.1073
36.1977
36.1977
36.1977
36.1977
36.1977
36.1977
36.1977
36.1977
40.0438
40.0438
40.0438
40.0438
40.0438
40.0438
40.0438
40.0438
44.6919
44.6919
44.6919
44.6919
44.6919
44.6919
44.6919
44.6919
50.1574
50.1574
50.1574
50.1574
50.1574
50.1574
50.1574
50.1574
56.4051
56.4051
56.4051
56.4051
56.4051
56.4051
56.4051
56.4051
63.3295
63.3295
63.3295
63.3295
63.3295
63.3295
63.3295
63.3295
70.7348
70.7348
70.7348
70.7348
70.7348
70.7348
70.7348
70.7348
78.3279
78.3279
78.3279
78.3279
78.3279
78.3279
78.3279
78.3279
85.7249
85.7249
85.7249
85.7249
85.7249
85.7249
85.7249
85.7249
92.4771
92.4771
92.4771
92.4771
92.4771
92.4771
92.4771
92.4771
98.1219
98.1219
98.1219
98.1219
98.1219
98.1219
98.1219
98.1219
102.245
102.245
102.245
102.245
102.245
102.245
102.245
102.245
104.553
104.553
104.553
104.553
104.553
104.553
104.553
104.553
104.932
104.932
104.932
104.932
104.932
104.932
104.932
104.932
103.501
103.501
103.501
103.501
103.501
103.501
103.501
103.501
33.1073
33.1073
33.1073
33.1073
33.1073
33.1073
33.1073
33.1073
36.1977
36.1977
36.1977
36.1977
36.1977
36.1977
36.1977
36.1977
40.0438
40.0438
40.0438
40.0438
40.0438
40.0438
40.0438
40.0438
44.6919
44.6919
44.6919
44.6919
44.6919
44.6919
44.6919
44.6919
50.1574
50.1574
50.1574
50.1574
50.1574
50.1574
50.1574
50.1574
56.4051
56.4051
56.4051
56.4051
56.4051
56.4051
56.4051
56.4051
63.3295
63.3295
63.3295
63.3295
63.3295
63.3295
63.3295
63.3295
70.7348
70.7348
70.7348
70.7348
70.7348
70.7348
70.7348
70.7348
78.3279
78.3279
78.3279
78.3279
78.3279
78.3279
78.3279
78.3279
85.7249
85.7249
85.7249
85.7249
85.7249
85.7249
85.7249
85.7249
92.4771
92.4771
92.4771
92.4771
92.4771
92.4771
92.4771
92.4771
98.1219
98.1219
98.1219
98.1219
98.1219
98.1219
98.1219
98.1219
102.245
102.245
102.245
102.245
102.245
102.245
102.245
102.245
104.553
104.553
104.553
104.553
104.553
104.553
104.553
104.553
104.932
104.932
104.932
104.932
104.932
104.932
104.932
104.932
103.501
103.501
103.501
103.501
103.501
103.501
103.501
103.501
33.1073
33.1073
33.1073
33.1073
33.1073
33.1073
33.1073
33.1073
36.1977
36.1977
36.1977
36.1977
36.1977
36.1977
36.1977
36.1977
40.0438
40.0438
40.0438
40.0438
40.0438
40.0438
40.0438
40.0438
44.6919
44.6919
44.6919
44.6919
44.6919
44.6919
44.6919
44.6919
50.1574
50.1574
50.1574
50.1574
50.1574
50.1574
50.1574
50.1574
56.4051
56.4051
56.4051
56.4051
56.4051
56.4051
56.4051
56.4051
63.3295
63.3295
63.3295
63.3295
63.3295
63.3295
63.3295
63.3295
70.7348
70.7348
70.7348
70.7348
70.7348
70.7348
70.7348
70.7348
78.3279
78.3279
78.3279
78.3279
78.3279
78.3279
78.3279
78.3279
85.7249
85.7249
85.7249
85.7249
85.7249
85.7249
85.7249
85.7249
92.4771
92.4771
92.4771
92.4771
92.4771
92.4771
92.4771
92.4771
98.1219
98.1219
98.1219
98.1219
98.1219
98.1219
98.1219
98.1219
102.245
102.245
102.245
102.245
102.245
102.245
102.245
102.245
104.553
104.553
104.553
104.553
104.553
104.553
104.553
104.553
104.932
104.932
104.932
104.932
104.932
104.932
104.932
104.932
103.501
103.501
103.501
103.501
103.501
103.501
103.501
103.501
33.3091
33.3091
33.3091
33.3091
33.3091
33.3091
33.3091
33.3091
36.3203
36.3203
36.3203
36.3203
36.3203
36.3203
36.3203
36.3203
40.1099
40.1099
40.1099
40.1099
40.1099
40.1099
40.1099
40.1099
44.729
44.729
44.729
44.729
44.729
44.729
44.729
44.729
50.1988
50.1988
50.1988
50.1988
50.1988
50.1988
50.1988
50.1988
56.4898
56.4898
56.4898
56.4898
56.4898
56.4898
56.4898
56.4898
63.4985
63.4985
63.4985
63.4985
63.4985
63.4985
63.4985
63.4985
71.0271
71.0271
71.0271
71.0271
71.0271
71.0271
71.0271
71.0271
78.7724
78.7724
78.7724
78.7724
78.7724
78.7724
78.7724
78.7724
86.3312
86.3312
86.3312
86.3312
86.3312
86.3312
86.3312
86.3312
93.2285
93.2285
93.2285
93.2285
93.2285
93.2285
93.2285
93.2285
98.9711
98.9711
98.9711
98.9711
98.9711
98.9711
98.9711
98.9711
103.116
103.116
103.116
103.116
103.116
103.116
103.116
103.116
105.352
105.352
105.352
105.352
105.352
105.352
105.352
105.352
105.561
105.561
105.561
105.561
105.561
105.561
105.561
105.561
103.881
103.881
103.881
103.881
103.881
103.881
103.881
103.881
33.3091
33.3091
33.3091
33.3091
33.3091
33.3091
33.3091
33.3091
36.3203
36.3203
36.3203
36.3203
36.3203
36.3203
36.3203
36.3203
40.1099
40.1099
40.1099
40.1099
40.1099
40.1099
40.1099
40.1099
44.729
44.729
44.729
44.729
44.729
44.729
44.729
44.729
50.1988
50.1988
50.1988
50.1988
50.1988
50.1988
50.1988
50.1988
56.4898
56.4898
56.4898
56.4898
56.4898
56.4898
56.4898
56.4898
63.4985
63.4985
63.4985
63.4985
63.4985
63.4985
63.4985
63.4985
71.0271
71.0271
71.0271
71.0271
71.0271
71.0271
71.0271
71.0271
78.7724
78.7724
78.7724
78.7724
78.7724
78.7724
78.7724
78.7724
86.3312
86.3312
86.3312
86.3312
86.3312
86.3312
86.3312
86.3312
93.2285
93.2285
93.2285
93.2285
93.2285
93.2285
93.2285
93.2285
98.9711
98.9711
98.9711
98.9711
98.9711
98.9711
98.9711
98.9711
103.116
103.116
103.116
103.116
103.116
103.116
103.116
103.116
105.352
105.352
105.352
105.352
105.352
105.352
105.352
105.352
105.561
105.561
105.561
105.561
105.561
105.561
105.561
105.561
103.881
103.881
103.881
103.881
103.881
103.881
103.881
103.881
33.3091
33.3091
33.3091
33.3091
33.3091
33.3091
33.3091
33.3091
36.3203
36.3203
36.3203
36.3203
36.3203
36.3203
36.3203
36.3203
40.1099
40.1099
40.1099
40.1099
40.1099
40.1099
40.1099
40.1099
44.729
44.729
44.729
44.729
44.729
44.729
44.729
44.729
50.1988
50.1988
50.1988
50.1988
50.1988
50.1988
50.1988
50.1988
56.4898
56.4898
56.4898
56.4898
56.4898
56.4898
56.4898
56.4898
63.4985
63.4985
63.4985
63.4985
63.4985
63.4985
63.4985
63.4985
71.0271
71.0271
71.0271
71.0271
71.0271
71.0271
71.0271
71.0271
78.7724
78.7724
78.7724
78.7724
78.7724
78.7724
78.7724
78.7724
86.3312
86.3312
86.3312
86.3312
86.3312
86.3312
86.3312
86.3312
93.2285
93.2285
93.2285
93.2285
93.2285
93.2285
93.2285
93.2285
98.9711
98.9711
98.9711
98.9711
98.9711
98.9711
98.9711
98.9711
103.116
103.116
103.116
103.116
103.116
103.116
103.116
103.116
105.352
105.352
105.352
105.352
105.352
105.352
105.352
105.352
105.561
105.561
105.561
105.561
105.561
105.561
105.561
105.561
103.881
103.881
103.881
103.881
103.881
103.881
103.881
103.881
33.3091
33.3091
33.3091
33.3091
33.3091
33.3091
33.3091
33.3091
36.3203
36.3203
36.3203
36.3203
36.3203
36.3203
36.3203
36.3203
40.1099
40.1099
40.1099
40.1099
40.1099
40.1099
40.1099
40.1099
44.729
44.729
44.729
44.729
44.729
44.729
44.729
44.729
50.1988
50.1988
50.1988
50.1988
50.1988
50.1988
50.1988
50.1988
56.4898
56.4898
56.4898
56.4898
56.4898
56.4898
56.4898
56.4898
63.4985
63.4985
63.4985
63.4985
63.4985
63.4985
63.4985
63.4985
71.0271
71.0271
71.0271
71.0271
71.0271
71.0271
71.0271
71.0271
78.7724
78.7724
78.7724
78.7724
78.7724
78.7724
78.7724
78.7724
86.3312
86.3312
86.3312
86.3312
86.3312
86.3312
86.3312
86.3312
93.2285
93.2285
93.2285
93.2285
93.2285
93.2285
93.2285
93.2285
98.9711
98.9711
98.9711
98.9711
98.9711
98.9711
98.9711
98.9711
103.116
103.116
103.116
103.116
103.116
103.116
103.116
103.116
105.352
105.352
105.352
105.352
105.352
105.352
105.352
105.352
105.561
105.561
105.561
105.561
105.561
105.561
105.561
105.561
103.881
103.881
103.881
103.881
103.881
103.881
103.881
103.881
33.2988
33.2988
33.2988
33.2988
33.2988
33.2988
33.2988
33.2988
36.152
36.152
36.152
36.152
36.152
36.152
36.152
36.152
39.7905
39.7905
39.7905
39.7905
39.7905
39.7905
39.7905
39.7905
44.2681
44.2681
44.2681
44.2681
44.2681
44.2681
44.2681
44.2681
49.6106
49.6106
49.6106
49.6106
49.6106
49.6106
49.6106
49.6106
55.7946
55.7946
55.7946
55.7946
55.7946
55.7946
55.7946
55.7946
62.7227
62.7227
62.7227
62.7227
62.7227
62.7227
62.7227
62.7227
70.2012
70.2012
70.2012
70.2012
70.2012
70.2012
70.2012
70.2012
77.9278
77.9278
77.9278
77.9278
77.9278
77.9278
77.9278
77.9278
85.4938
85.4938
85.4938
85.4938
85.4938
85.4938
85.4938
85.4938
92.4123
92.4123
92.4123
92.4123
92.4123
92.4123
92.4123
92.4123
98.173
98.173
98.173
98.173
98.173
98.173
98.173
98.173
102.315
102.315
102.315
102.315
102.315
102.315
102.315
102.315
104.511
104.511
104.511
104.511
104.511
104.511
104.511
104.511
104.642
104.642
104.642
104.642
104.642
104.642
104.642
104.642
102.849
102.849
102.849
102.849
102.849
102.849
102.849
102.849
33.2988
33.2988
33.2988
33.2988
33.2988
33.2988
33.2988
33.2988
36.152
36.152
36.152
36.152
36.152
36.152
36.152
36.152
39.7905
39.7905
39.7905
39.7905
39.7905
39.7905
39.7905
39.7905
44.2681
44.2681
44.2681
44.2681
44.2681
44.2681
44.2681
44.2681
49.6106
49.6106
49.6106
49.6106
49.6106
49.6106
49.6106
49.6106
55.7946
55.7946
55.7946
55.7946
55.7946
55.7946
55.7946
55.7946
62.7227
62.7227
62.7227
62.7227
62.7227
62.7227
62.7227
62.7227
70.2012
70.2012
70.2012
70.2012
70.2012
70.2012
70.2012
70.2012
77.9278
77.9278
77.9278
77.9278
77.9278
77.9278
77.9278
77.9278
85.4938
85.4938
85.4938
85.4938
85.4938
85.4938
85.4938
85.4938
92.4123
92.4123
92.4123
92.4123
92.4123
92.4123
92.4123
92.4123
98.173
98.173
98.173
98.173
98.173
98.173
98.173
98.173
102.315
102.315
102.315
102.315
102.315
102.315
102.315
102.315
104.511
104.511
104.511
104.511
104.511
104.511
104.511
104.511
104.642
104.642
104.642
104.642
104.642
104.642
104.642
104.642
102.849
102.849
102.849
102.849
102.849
102.849
102.849
102.849
33.2988
33.2988
33.2988
33.2988
33.2988
33.2988
33.2988
33.2988
36.152
36.152
36.152
36.152
36.152
36.152
36.152
36.152
39.7905
39.7905
39.7905
39.7905
39.7905
39.7905
39.7905
39.7905
44.2681
44.2681
44.2681
44.2681
44.2681
44.2681
44.2681
44.2681
49.6106
49.6106
49.6106
49.6106
49.6106
49.6106
49.6106
49.6106
55.7946
55.7946
55.7946
55.7946
55.7946
55.7946
55.7946
55.7946
62.7227
62.7227
62.7227
62.7227
62.7227
62.7227
62.7227
62.7227
70.2012
70.2012
70.2012
70.2012
70.2012
70.2012
70.2012
70.2012
77.9278
77.9278
77.9278
77.9278
77.9278
77.9278
77.9278
77.9278
85.4938
85.4938
85.4938
85.4938
85.4938
85.4938
85.4938
85.4938
92.4123
92.4123
92.4123
92.4123
92.4123
92.4123
92.4123
92.4123
98.173
98.173
98.173
98.173
98.173
98.173
98.173
98.173
102.315
102.315
102.315
102.315
102.315
102.315
102.315
102.315
104.511
104.511
104.511
104.511
104.511
104.511
104.511
104.511
104.642
104.642
104.642
104.642
104.642
104.642
104.642
104.642
102.849
102.849
102.849
102.849
102.849
102.849
102.849
102.849
33.2988
33.2988
33.2988
33.2988
33.2988
33.2988
33.2988
33.2988
36.152
36.152
36.152
36.152
36.152
36.152
36.152
36.152
39.7905
39.7905
39.7905
39.7905
39.7905
39.7905
39.7905
39.7905
44.2681
44.2681
44.2681
44.2681
44.2681
44.2681
44.2681
44.2681
49.6106
49.6106
49.6106
49.6106
49.6106
49.6106
49.6106
49.6106
55.7946
55.7946
55.7946
55.7946
55.7946
55.7946
55.7946
55.7946
62.7227
62.7227
62.7227
62.7227
62.7227
62.7227
62.7227
62.7227
70.2012
70.2012
70.2012
70.2012
70.2012
70.2012
70.2012
70.2012
77.9278
77.9278
77.9278
77.9278
77.9278
77.9278
77.9278
77.9278
85.4938
85.4938
85.4938
85.4938
85.4938
85.4938
85.4938
85.4938
92.4123
92.4123
92.4123
92.4123
92.4123
92.4123
92.4123
92.4123
98.173
98.173
98.173
98.173
98.173
98.173
98.173
98.173
102.315
102.315
102.315
102.315
102.315
102.315
102.315
102.315
104.511
104.511
104.511
104.511
104.511
104.511
104.511
104.511
104.642
104.642
104.642
104.642
104.642
104.642
104.642
104.642
102.849
102.849
102.849
102.849
102.849
102.849
102.849
102.849
32.9833
32.9833
32.9833
32.9833
32.9833
32.9833
32.9833
32.9833
35.5976
35.5976
35.5976
35.5976
35.5976
35.5976
35.5976
35.5976
38.9878
38.9878
38.9878
38.9878
38.9878
38.9878
38.9878
38.9878
43.2077
43.2077
43.2077
43.2077
43.2077
43.2077
43.2077
43.2077
48.2862
48.2862
48.2862
48.2862
48.2862
48.2862
48.2862
48.2862
54.2061
54.2061
54.2061
54.2061
54.2061
54.2061
54.2061
54.2061
60.8799
60.8799
60.8799
60.8799
60.8799
60.8799
60.8799
60.8799
68.1258
68.1258
68.1258
68.1258
68.1258
68.1258
68.1258
68.1258
75.6526
75.6526
75.6526
75.6526
75.6526
75.6526
75.6526
75.6526
83.0615
83.0615
83.0615
83.0615
83.0615
83.0615
83.0615
83.0615
89.8713
89.8713
89.8713
89.8713
89.8713
89.8713
89.8713
89.8713
95.5702
95.5702
95.5702
95.5702
95.5702
95.5702
95.5702
95.5702
99.6917
99.6917
99.6917
99.6917
99.6917
99.6917
99.6917
99.6917
101.9
101.9
101.9
101.9
101.9
101.9
101.9
101.9
102.065
102.065
102.065
102.065
102.065
102.065
102.065
102.065
100.324
100.324
100.324
100.324
100.324
100.324
100.324
100.324
32.9833
32.9833
32.9833
32.9833
32.9833
32.9833
32.9833
32.9833
35.5976
35.5976
35.5976
35.5976
35.5976
35.5976
35.5976
35.5976
38.9878
38.9878
38.9878
38.9878
38.9878
38.9878
38.9878
38.9878
43.2077
43.2077
43.2077
43.2077
43.2077
43.2077
43.2077
43.2077
48.2862
48.2862
48.2862
48.2862
48.2862
48.2862
48.2862
48.2862
54.2061
54.2061
54.2061
54.2061
54.2061
54.2061
54.2061
54.2061
60.8799
60.8799
60.8799
60.8799
60.8799
60.8799
60.8799
60.8799
68.1258
68.1258
68.1258
68.1258
68.1258
68.1258
68.1258
68.1258
75.6526
75.6526
75.6526
75.6526
75.6526
75.6526
75.6526
75.6526
83.0615
83.0615
83.0615
83.0615
83.0615
83.0615
83.0615
83.0615
89.8713
89.8713
89.8713
89.8713
89.8713
89.8713
89.8713
89.8713
95.5702
95.5702
95.5702
95.5702
95.5702
95.5702
95.5702
95.5702
99.6917
99.6917
99.6917
99.6917
99.6917
99.6917
99.6917
99.6917
101.9
101.9
101.9
101.9
101.9
101.9
101.9
101.9
102.065
102.065
102.065
102.065
102.065
102.065
102.065
102.065
100.324
100.324
100.324
100.324
100.324
100.324
100.324
100.324
32.9833
32.9833
32.9833
32.9833
32.9833
32.9833
32.9833
32.9833
35.5976
35.5976
35.5976
35.5976
35.5976
35.5976
35.5976
35.5976
38.9878
38.9878
38.9878
38.9878
38.9878
38.9878
38.9878
38.9878
43.2077
43.2077
43.2077
43.2077
43.2077
43.2077
43.2077
43.2077
48.2862
48.2862
48.2862
48.2862
48.2862
48.2862
48.2862
48.2862
54.2061
54.2061
54.2061
54.2061
54.2061
54.2061
54.2061
54.2061
60.8799
60.8799
60.8799
60.8799
60.8799
60.8799
60.8799
60.8799
68.1258
68.1258
68.1258
68.1258
68.1258
68.1258
68.1258
68.1258
75.6526
75.6526
75.6526
75.6526
75.6526
75.6526
75.6526
75.6526
83.0615
83.0615
83.0615
83.0615
83.0615
83.0615
83.0615
83.0615
89.8713
89.8713
89.8713
89.8713
89.8713
89.8713
89.8713
89.8713
95.5702
95.5702
95.5702
95.5702
95.5702
95.5702
95.5702
95.5702
99.6917
99.6917
99.6917
99.6917
99.6917
99.6917
99.6917
99.6917
101.9
101.9
101.9
101.9
101.9
101.9
101.9
101.9
102.065
102.065
102.065
102.065
102.065
102.065
102.065
102.065
100.324
100.324
100.324
100.324
100.324
100.324
100.324
100.324
32.9833
32.9833
32.9833
32.9833
32.9833
32.9833
32.9833
32.9833
35.5976
35.5976
35.5976
35.5976
35.5976
35.5976
35.5976
35.5976
38.9878
38.9878
38.9878
38.9878
38.9878
38.9878
38.9878
38.9878
43.2077
43.2077
43.2077
43.2077
43.2077
43.2077
43.2077
43.2077
48.2862
48.2862
48.2862
48.2862
48.2862
48.2862
48.2862
48.2862
54.2061
54.2061
54.2061
54.2061
54.2061
54.2061
54.2061
54.2061
60.8799
60.8799
60.8799
60.8799
60.8799
60.8799
60.8799
60.8799
68.1258
68.1258
68.1258
68.1258
68.1258
68.1258
68.1258
68.1258
75.6526
75.6526
75.6526
75.6526
75.6526
75.6526
75.6526
75.6526
83.0615
83.0615
83.0615
83.0615
83.0615
83.0615
83.0615
83.0615
89.8713
89.8713
89.8713
89.8713
89.8713
89.8713
89.8713
89.8713
95.5702
95.5702
95.5702
95.5702
95.5702
95.5702
95.5702
95.5702
99.6917
99.6917
99.6917
99.6917
99.6917
99.6917
99.6917
99.6917
101.9
101.9
101.9
101.9
101.9
101.9
101.9
101.9
102.065
102.065
102.065
102.065
102.065
102.065
102.065
102.065
100.324
100.324
100.324
100.324
100.324
100.324
100.324
100.324
32.3046
32.3046
32.3046
32.3046
32.3046
32.3046
32.3046
32.3046
34.6061
34.6061
34.6061
34.6061
34.6061
34.6061
34.6061
34.6061
37.6591
37.6591
37.6591
37.6591
37.6591
37.6591
37.6591
37.6591
41.5144
41.5144
41.5144
41.5144
41.5144
41.5144
41.5144
41.5144
46.2022
46.2022
46.2022
46.2022
46.2022
46.2022
46.2022
46.2022
51.7116
51.7116
51.7116
51.7116
51.7116
51.7116
51.7116
51.7116
57.9675
57.9675
57.9675
57.9675
57.9675
57.9675
57.9675
57.9675
64.8063
64.8063
64.8063
64.8063
64.8063
64.8063
64.8063
64.8063
71.9595
71.9595
71.9595
71.9595
71.9595
71.9595
71.9595
71.9595
79.053
79.053
79.053
79.053
79.053
79.053
79.053
79.053
85.6273
85.6273
85.6273
85.6273
85.6273
85.6273
85.6273
85.6273
91.1875
91.1875
91.1875
91.1875
91.1875
91.1875
91.1875
91.1875
95.2743
95.2743
95.2743
95.2743
95.2743
95.2743
95.2743
95.2743
97.5477
97.5477
97.5477
97.5477
97.5477
97.5477
97.5477
97.5477
97.8662
97.8662
97.8662
97.8662
97.8662
97.8662
97.8662
97.8662
96.3455
96.3455
96.3455
96.3455
96.3455
96.3455
96.3455
96.3455
32.3046
32.3046
32.3046
32.3046
32.3046
32.3046
32.3046
32.3046
34.6061
34.6061
34.6061
34.6061
34.6061
34.6061
34.6061
34.6061
37.6591
37.6591
37.6591
37.6591
37.6591
37.6591
37.6591
37.6591
41.5144
41.5144
41.5144
41.5144
41.5144
41.5144
41.5144
41.5144
46.2022
46.2022
46.2022
46.2022
46.2022
46.2022
46.2022
46.2022
51.7116
51.7116
51.7116
51.7116
51.7116
51.7116
51.7116
51.7116
57.9675
57.9675
57.9675
57.9675
57.9675
57.9675
57.9675
57.9675
64.8063
64.8063
64.8063
64.8063
64.8063
64.8063
64.8063
64.8063
71.9595
71.9595
71.9595
71.9595
71.9595
71.9595
71.9595
71.9595
79.053
79.053
79.053
79.053
79.053
79.053
79.053
79.053
85.6273
85.6273
85.6273
85.6273
85.6273
85.6273
85.6273
85.6273
91.1875
91.1875
91.1875
91.1875
91.1875
91.1875
91.1875
91.1875
95.2743
95.2743
95.2743
95.2743
95.2743
95.2743
95.2743
95.2743
97.5477
97.5477
97.5477
97.5477
97.5477
97.5477
97.5477
97.5477
97.8662
97.8662
97.8662
97.8662
97.8662
97.8662
97.8662
97.8662
96.3455
96.3455
96.3455
96.3455
96.3455
96.3455
96.3455
96.3455
32.3046
32.3046
32.3046
32.3046
32.3046
32.3046
32.3046
32.3046
34.6061
34.6061
34.6061
34.6061
34.6061
34.6061
34.6061
34.6061
37.6591
37.6591
37.6591
37.6591
37.6591
37.6591
37.6591
37.6591
41.5144
41.5144
41.5144
41.5144
41.5144
41.5144
41.5144
41.5144
46.2022
46.2022
46.2022
46.2022
46.2022
46.2022
46.2022
46.2022
51.7116
51.7116
51.7116
51.7116
51.7116
51.7116
51.7116
51.7116
57.9675
57.9675
57.9675
57.9675
57.9675
57.9675
57.9675
57.9675
64.8063
64.8063
64.8063
64.8063
64.8063
64.8063
64.8063
64.8063
71.9595
71.9595
71.9595
71.9595
71.9595
71.9595
71.9595
71.9595
79.053
79.053
79.053
79.053
79.053
79.053
79.053
79.053
85.6273
85.6273
85.6273
85.6273
85.6273
85.6273
85.6273
85.6273
91.1875
91.1875
91.1875
91.1875
91.1875
91.1875
91.1875
91.1875
95.2743
95.2743
95.2743
95.2743
95.2743
95.2743
95.2743
95.2743
97.5477
97.5477
97.5477
97.5477
97.5477
97.5477
97.5477
97.5477
97.8662
97.8662
97.8662
97.8662
97.8662
97.8662
97.8662
97.8662
96.3455
96.3455
96.3455
96.3455
96.3455
96.3455
96.3455
96.3455
32.3046
32.3046
32.3046
32.3046
32.3046
32.3046
32.3046
32.3046
34.6061
34.6061
34.6061
34.6061
34.6061
34.6061
34.6061
34.6061
37.6591
37.6591
37.6591
37.6591
37.6591
37.6591
37.6591
37.6591
41.5144
41.5144
41.5144
41.5144
41.5144
41.5144
41.5144
41.5144
46.2022
46.2022
46.2022
46.2022
46.2022
46.2022
46.2022
46.2022
51.7116
51.7116
51.7116
51.7116
51.7116
51.7116
51.7116
51.7116
57.9675
57.9675
57.9675
57.9675
57.9675
57.9675
57.9675
57.9675
64.8063
64.8063
64.8063
64.8063
64.8063
64.8063
64.8063
64.8063
71.9595
71.9595
71.9595
71.9595
71.9595
71.9595
71.9595
71.9595
79.053
79.053
79.053
79.053
79.053
79.053
79.053
79.053
85.6273
85.6273
85.6273
85.6273
85.6273
85.6273
85.6273
85.6273
91.1875
91.1875
91.1875
91.1875
91.1875
91.1875
91.1875
91.1875
95.2743
95.2743
95.2743
95.2743
95.2743
95.2743
95.2743
95.2743
97.5477
97.5477
97.5477
97.5477
97.5477
97.5477
97.5477
97.5477
97.8662
97.8662
97.8662
97.8662
97.8662
97.8662
97.8662
97.8662
96.3455
96.3455
96.3455
96.3455
96.3455
96.3455
96.3455
96.3455
31.2512
31.2512
31.2512
31.2512
31.2512
31.2512
31.2512
31.2512
33.1827
33.1827
33.1827
33.1827
33.1827
33.1827
33.1827
33.1827
35.8288
35.8288
35.8288
35.8288
35.8288
35.8288
35.8288
35.8288
39.235
39.235
39.235
39.235
39.235
39.235
39.235
39.235
43.4306
43.4306
43.4306
43.4306
43.4306
43.4306
43.4306
43.4306
48.4108
48.4108
48.4108
48.4108
48.4108
48.4108
48.4108
48.4108
54.1139
54.1139
54.1139
54.1139
54.1139
54.1139
54.1139
54.1139
60.3996
60.3996
60.3996
60.3996
60.3996
60.3996
60.3996
60.3996
67.0306
67.0306
67.0306
67.0306
67.0306
67.0306
67.0306
67.0306
73.6699
73.6699
73.6699
73.6699
73.6699
73.6699
73.6699
73.6699
79.8954
79.8954
79.8954
79.8954
79.8954
79.8954
79.8954
79.8954
85.2445
85.2445
85.2445
85.2445
85.2445
85.2445
85.2445
85.2445
89.2782
89.2782
89.2782
89.2782
89.2782
89.2782
89.2782
89.2782
91.66
91.66
91.66
91.66
91.66
91.66
91.66
91.66
92.2329
92.2329
92.2329
92.2329
92.2329
92.2329
92.2329
92.2329
91.0817
91.0817
91.0817
91.0817
91.0817
91.0817
91.0817
91.0817
31.2512
31.2512
31.2512
31.2512
31.2512
31.2512
31.2512
31.2512
33.1827
33.1827
33.1827
33.1827
33.1827
33.1827
33.1827
33.1827
35.8288
35.8288
35.8288
35.8288
35.8288
35.8288
35.8288
35.8288
39.235
39.235
39.235
39.235
39.235
39.235
39.235
39.235
43.4306
43.4306
43.4306
43.4306
43.4306
43.4306
43.4306
43.4306
48.4108
48.4108
48.4108
48.4108
48.4108
48.4108
48.4108
48.4108
54.1139
54.1139
54.1139
54.1139
54.1139
54.1139
54.1139
54.1139
60.3996
60.3996
60.3996
60.3996
60.3996
60.3996
60.3996
60.3996
67.0306
67.0306
67.0306
67.0306
67.0306
67.0306
67.0306
67.0306
73.6699
73.6699
73.6699
73.6699
73.6699
73.6699
73.6699
73.6699
79.8954
79.8954
79.8954
79.8954
79.8954
79.8954
79.8954
79.8954
85.2445
85.2445
85.2445
85.2445
85.2445
85.2445
85.2445
85.2445
89.2782
89.2782
89.2782
89.2782
89.2782
89.2782
89.2782
89.2782
91.66
91.66
91.66
91.66
91.66
91.66
91.66
91.66
92.2329
92.2329
92.2329
92.2329
92.2329
92.2329
92.2329
92.2329
91.0817
91.0817
91.0817
91.0817
91.0817
91.0817
91.0817
91.0817
31.2512
31.2512
31.2512
31.2512
31.2512
31.2512
31.2512
31.2512
33.1827
33.1827
33.1827
33.1827
33.1827
33.1827
33.1827
33.1827
35.8288
35.8288
35.8288
35.8288
35.8288
35.8288
35.8288
35.8288
39.235
39.235
39.235
39.235
39.235
39.235
39.235
39.235
43.4306
43.4306
43.4306
43.4306
43.4306
43.4306
43.4306
43.4306
48.4108
48.4108
48.4108
48.4108
48.4108
48.4108
48.4108
48.4108
54.1139
54.1139
54.1139
54.1139
54.1139
54.1139
54.1139
54.1139
60.3996
60.3996
60.3996
60.3996
60.3996
60.3996
60.3996
60.3996
67.0306
67.0306
67.0306
67.0306
67.0306
67.0306
67.0306
67.0306
73.6699
73.6699
73.6699
73.6699
73.6699
73.6699
73.6699
73.6699
79.8954
79.8954
79.8954
79.8954
79.8954
79.8954
79.8954
79.8954
85.2445
85.2445
85.2445
85.2445
85.2445
85.2445
85.2445
85.2445
89.2782
89.2782
89.2782
89.2782
89.2782
89.2782
89.2782
89.2782
91.66
91.66
91.66
91.66
91.66
91.66
91.66
91.66
92.2329
92.2329
92.2329
92.2329
92.2329
92.2329
92.2329
92.2329
91.0817
91.0817
91.0817
91.0817
91.0817
91.0817
91.0817
91.0817
31.2512
31.2512
31.2512
31.2512
31.2512
31.2512
31.2512
31.2512
33.1827
33.1827
33.1827
33.1827
33.1827
33.1827
33.1827
33.1827
35.8288
35.8288
35.8288
35.8288
35.8288
35.8288
35.8288
35.8288
39.235
39.235
39.235
39.235
39.235
39.235
39.235
39.235
43.4306
43.4306
43.4306
43.4306
43.4306
43.4306
43.4306
43.4306
48.4108
48.4108
48.4108
48.4108
48.4108
48.4108
48.4108
48.4108
54.1139
54.1139
54.1139
54.1139
54.1139
54.1139
54.1139
54.1139
60.3996
60.3996
60.3996
60.3996
60.3996
60.3996
60.3996
60.3996
67.0306
67.0306
67.0306
67.0306
67.0306
67.0306
67.0306
67.0306
73.6699
73.6699
73.6699
73.6699
73.6699
73.6699
73.6699
73.6699
79.8954
79.8954
79.8954
79.8954
79.8954
79.8954
79.8954
79.8954
85.2445
85.2445
85.2445
85.2445
85.2445
85.2445
85.2445
85.2445
89.2782
89.2782
89.2782
89.2782
89.2782
89.2782
89.2782
89.2782
91.66
91.66
91.66
91.66
91.66
91.66
91.66
91.66
92.2329
92.2329
92.2329
92.2329
92.2329
92.2329
92.2329
92.2329
91.0817
91.0817
91.0817
91.0817
91.0817
91.0817
91.0817
91.0817
29.8621
29.8621
29.8621
29.8621
29.8621
29.8621
29.8621
29.8621
31.3896
31.3896
31.3896
31.3896
31.3896
31.3896
31.3896
31.3896
33.5864
33.5864
33.5864
33.5864
33.5864
33.5864
33.5864
33.5864
36.4908
36.4908
36.4908
36.4908
36.4908
36.4908
36.4908
36.4908
40.1295
40.1295
40.1295
40.1295
40.1295
40.1295
40.1295
40.1295
44.5017
44.5017
44.5017
44.5017
44.5017
44.5017
44.5017
44.5017
49.5603
49.5603
49.5603
49.5603
49.5603
49.5603
49.5603
49.5603
55.1897
55.1897
55.1897
55.1897
55.1897
55.1897
55.1897
55.1897
61.1895
61.1895
61.1895
61.1895
61.1895
61.1895
61.1895
61.1895
67.268
67.268
67.268
67.268
67.268
67.268
67.268
67.268
73.0526
73.0526
73.0526
73.0526
73.0526
73.0526
73.0526
73.0526
78.1257
78.1257
78.1257
78.1257
78.1257
78.1257
78.1257
78.1257
82.0795
82.0795
82.0795
82.0795
82.0795
82.0795
82.0795
82.0795
84.5894
84.5894
84.5894
84.5894
84.5894
84.5894
84.5894
84.5894
85.4842
85.4842
85.4842
85.4842
85.4842
85.4842
85.4842
85.4842
84.8091
84.8091
84.8091
84.8091
84.8091
84.8091
84.8091
84.8091
29.8621
29.8621
29.8621
29.8621
29.8621
29.8621
29.8621
29.8621
31.3896
31.3896
31.3896
31.3896
31.3896
31.3896
31.3896
31.3896
33.5864
33.5864
33.5864
33.5864
33.5864
33.5864
33.5864
33.5864
36.4908
36.4908
36.4908
36.4908
36.4908
36.4908
36.4908
36.4908
40.1295
40.1295
40.1295
40.1295
40.1295
40.1295
40.1295
40.1295
44.5017
44.5017
44.5017
44.5017
44.5017
44.5017
44.5017
44.5017
49.5603
49.5603
49.5603
49.5603
49.5603
49.5603
49.5603
49.5603
55.1897
55.1897
55.1897
55.1897
55.1897
55.1897
55.1897
55.1897
61.1895
61.1895
61.1895
61.1895
61.1895
61.1895
61.1895
61.1895
67.268
67.268
67.268
67.268
67.268
67.268
67.268
67.268
73.0526
73.0526
73.0526
73.0526
73.0526
73.0526
73.0526
73.0526
78.1257
78.1257
78.1257
78.1257
78.1257
78.1257
78.1257
78.1257
82.0795
82.0795
82.0795
82.0795
82.0795
82.0795
82.0795
82.0795
84.5894
84.5894
84.5894
84.5894
84.5894
84.5894
84.5894
84.5894
85.4842
85.4842
85.4842
85.4842
85.4842
85.4842
85.4842
85.4842
84.8091
84.8091
84.8091
84.8091
84.8091
84.8091
84.8091
84.8091
29.8621
29.8621
29.8621
29.8621
29.8621
29.8621
29.8621
29.8621
31.3896
31.3896
31.3896
31.3896
31.3896
31.3896
31.3896
31.3896
33.5864
33.5864
33.5864
33.5864
33.5864
33.5864
33.5864
33.5864
36.4908
36.4908
36.4908
36.4908
36.4908
36.4908
36.4908
36.4908
40.1295
40.1295
40.1295
40.1295
40.1295
40.1295
40.1295
40.1295
44.5017
44.5017
44.5017
44.5017
44.5017
44.5017
44.5017
44.5017
49.5603
49.5603
49.5603
49.5603
49.5603
49.5603
49.5603
49.5603
55.1897
55.1897
55.1897
55.1897
55.1897
55.1897
55.1897
55.1897
61.1895
61.1895
61.1895
61.1895
61.1895
61.1895
61.1895
61.1895
67.268
67.268
67.268
67.268
67.268
67.268
67.268
67.268
73.0526
73.0526
73.0526
73.0526
73.0526
73.0526
73.0526
73.0526
78.1257
78.1257
78.1257
78.1257
78.1257
78.1257
78.1257
78.1257
82.0795
82.0795
82.0795
82.0795
82.0795
82.0795
82.0795
82.0795
84.5894
84.5894
84.5894
84.5894
84.5894
84.5894
84.5894
84.5894
85.4842
85.4842
85.4842
85.4842
85.4842
85.4842
85.4842
85.4842
84.8091
84.8091
84.8091
84.8091
84.8091
84.8091
84.8091
84.8091
29.8621
29.8621
29.8621
29.8621
29.8621
29.8621
29.8621
29.8621
31.3896
31.3896
31.3896
31.3896
31.3896
31.3896
31.3896
31.3896
33.5864
33.5864
33.5864
33.5864
33.5864
33.5864
33.5864
33.5864
36.4908
36.4908
36.4908
36.4908
36.4908
36.4908
36.4908
36.4908
40.1295
40.1295
40.1295
40.1295
40.1295
40.1295
40.1295
40.1295
44.5017
44.5017
44.5017
44.5017
44.5017
44.5017
44.5017
44.5017
49.5603
49.5603
49.5603
49.5603
49.5603
49.5603
49.5603
49.5603
55.1897
55.1897
55.1897
55.1897
55.1897
55.1897
55.1897
55.1897
61.1895
61.1895
61.1895
61.1895
61.1895
61.1895
61.1895
61.1895
67.268
67.268
67.268
67.268
67.268
67.268
67.268
67.268
73.0526
73.0526
73.0526
73.0526
73.0526
73.0526
73.0526
73.0526
78.1257
78.1257
78.1257
78.1257
78.1257
78.1257
78.1257
78.1257
82.0795
82.0795
82.0795
82.0795
82.0795
82.0795
82.0795
82.0795
84.5894
84.5894
84.5894
84.5894
84.5894
84.5894
84.5894
84.5894
85.4842
85.4842
85.4842
85.4842
85.4842
85.4842
85.4842
85.4842
84.8091
84.8091
84.8091
84.8091
84.8091
84.8091
84.8091
84.8091
28.2193
28.2193
28.2193
28.2193
28.2193
28.2193
28.2193
28.2193
29.3347
29.3347
29.3347
29.3347
29.3347
29.3347
29.3347
29.3347
31.0705
31.0705
31.0705
31.0705
31.0705
31.0705
31.0705
31.0705
33.456
33.456
33.456
33.456
33.456
33.456
33.456
33.456
36.5136
36.5136
36.5136
36.5136
36.5136
36.5136
36.5136
36.5136
40.2454
40.2454
40.2454
40.2454
40.2454
40.2454
40.2454
40.2454
44.6167
44.6167
44.6167
44.6167
44.6167
44.6167
44.6167
44.6167
49.5371
49.5371
49.5371
49.5371
49.5371
49.5371
49.5371
49.5371
54.8443
54.8443
54.8443
54.8443
54.8443
54.8443
54.8443
54.8443
60.2955
60.2955
60.2955
60.2955
60.2955
60.2955
60.2955
60.2955
65.5744
65.5744
65.5744
65.5744
65.5744
65.5744
65.5744
65.5744
70.316
70.316
70.316
70.316
70.316
70.316
70.316
70.316
74.1546
74.1546
74.1546
74.1546
74.1546
74.1546
74.1546
74.1546
76.7839
76.7839
76.7839
76.7839
76.7839
76.7839
76.7839
76.7839
78.0233
78.0233
78.0233
78.0233
78.0233
78.0233
78.0233
78.0233
77.8762
77.8762
77.8762
77.8762
77.8762
77.8762
77.8762
77.8762
28.2193
28.2193
28.2193
28.2193
28.2193
28.2193
28.2193
28.2193
29.3347
29.3347
29.3347
29.3347
29.3347
29.3347
29.3347
29.3347
31.0705
31.0705
31.0705
31.0705
31.0705
31.0705
31.0705
31.0705
33.456
33.456
33.456
33.456
33.456
33.456
33.456
33.456
36.5136
36.5136
36.5136
36.5136
36.5136
36.5136
36.5136
36.5136
40.2454
40.2454
40.2454
40.2454
40.2454
40.2454
40.2454
40.2454
44.6167
44.6167
44.6167
44.6167
44.6167
44.6167
44.6167
44.6167
49.5371
49.5371
49.5371
49.5371
49.5371
49.5371
49.5371
49.5371
54.8443
54.8443
54.8443
54.8443
54.8443
54.8443
54.8443
54.8443
60.2955
60.2955
60.2955
60.2955
60.2955
60.2955
60.2955
60.2955
65.5744
65.5744
65.5744
65.5744
65.5744
65.5744
65.5744
65.5744
70.316
70.316
70.316
70.316
70.316
70.316
70.316
70.316
74.1546
74.1546
74.1546
74.1546
74.1546
74.1546
74.1546
74.1546
76.7839
76.7839
76.7839
76.7839
76.7839
76.7839
76.7839
76.7839
78.0233
78.0233
78.0233
78.0233
78.0233
78.0233
78.0233
78.0233
77.8762
77.8762
77.8762
77.8762
77.8762
77.8762
77.8762
77.8762
28.2193
28.2193
28.2193
28.2193
28.2193
28.2193
28.2193
28.2193
29.3347
29.3347
29.3347
29.3347
29.3347
29.3347
29.3347
29.3347
31.0705
31.0705
31.0705
31.0705
31.0705
31.0705
31.0705
31.0705
33.456
33.456
33.456
33.456
33.456
33.456
33.456
33.456
36.5136
36.5136
36.5136
36.5136
36.5136
36.5136
36.5136
36.5136
40.2454
40.2454
40.2454
40.2454
40.2454
40.2454
40.2454
40.2454
44.6167
44.6167
44.6167
44.6167
44.6167
44.6167
44.6167
44.6167
49.5371
49.5371
49.5371
49.5371
49.5371
49.5371
49.5371
49.5371
54.8443
54.8443
54.8443
54.8443
54.8443
54.8443
54.8443
54.8443
60.2955
60.2955
60.2955
60.2955
60.2955
60.2955
60.2955
60.2955
65.5744
65.5744
65.5744
65.5744
65.5744
65.5744
65.5744
65.5744
70.316
70.316
70.316
70.316
70.316
70.316
70.316
70.316
74.1546
74.1546
74.1546
74.1546
74.1546
74.1546
74.1546
74.1546
76.7839
76.7839
76.7839
76.7839
76.7839
76.7839
76.7839
76.7839
78.0233
78.0233
78.0233
78.0233
78.0233
78.0233
78.0233
78.0233
77.8762
77.8762
77.8762
77.8762
77.8762
77.8762
77.8762
77.8762
28.2193
28.2193
28.2193
28.2193
28.2193
28.2193
28.2193
28.2193
29.3347
29.3347
29.3347
29.3347
29.3347
29.3347
29.3347
29.3347
31.0705
31.0705
31.0705
31.0705
31.0705
31.0705
31.0705
31.0705
33.456
33.456
33.456
33.456
33.456
33.456
33.456
33.456
36.5136
36.5136
36.5136
36.5136
36.5136
36.5136
36.5136
36.5136
40.2454
40.2454
40.2454
40.2454
40.2454
40.2454
40.2454
40.2454
44.6167
44.6167
44.6167
44.6167
44.6167
44.6167
44.6167
44.6167
49.5371
49.5371
49.5371
49.5371
49.5371
49.5371
49.5371
49.5371
54.8443
54.8443
54.8443
54.8443
54.8443
54.8443
54.8443
54.8443
60.2955
60.2955
60.2955
60.2955
60.2955
60.2955
60.2955
60.2955
65.5744
65.5744
65.5744
65.5744
65.5744
65.5744
65.5744
65.5744
70.316
70.316
70.316
70.316
70.316
70.316
70.316
70.316
74.1546
74.1546
74.1546
74.1546
74.1546
74.1546
74.1546
74.1546
76.7839
76.7839
76.7839
76.7839
76.7839
76.7839
76.7839
76.7839
78.0233
78.0233
78.0233
78.0233
78.0233
78.0233
78.0233
78.0233
77.8762
77.8762
77.8762
77.8762
77.8762
77.8762
77.8762
77.8762
26.4332
26.4332
26.4332
26.4332
26.4332
26.4332
26.4332
26.4332
27.1522
27.1522
27.1522
27.1522
27.1522
27.1522
27.1522
27.1522
28.4431
28.4431
28.4431
28.4431
28.4431
28.4431
28.4431
28.4431
30.3255
30.3255
30.3255
30.3255
30.3255
30.3255
30.3255
30.3255
32.816
32.816
32.816
32.816
32.816
32.816
32.816
32.816
35.9177
35.9177
35.9177
35.9177
35.9177
35.9177
35.9177
35.9177
39.6064
39.6064
39.6064
39.6064
39.6064
39.6064
39.6064
39.6064
43.8141
43.8141
43.8141
43.8141
43.8141
43.8141
43.8141
43.8141
48.4144
48.4144
48.4144
48.4144
48.4144
48.4144
48.4144
48.4144
53.2133
53.2133
53.2133
53.2133
53.2133
53.2133
53.2133
53.2133
57.951
57.951
57.951
57.951
57.951
57.951
57.951
57.951
62.3199
62.3199
62.3199
62.3199
62.3199
62.3199
62.3199
62.3199
66.0018
66.0018
66.0018
66.0018
66.0018
66.0018
66.0018
66.0018
68.7157
68.7157
68.7157
68.7157
68.7157
68.7157
68.7157
68.7157
70.2779
70.2779
70.2779
70.2779
70.2779
70.2779
70.2779
70.2779
70.6546
70.6546
70.6546
70.6546
70.6546
70.6546
70.6546
70.6546
26.4332
26.4332
26.4332
26.4332
26.4332
26.4332
26.4332
26.4332
27.1522
27.1522
27.1522
27.1522
27.1522
27.1522
27.1522
27.1522
28.4431
28.4431
28.4431
28.4431
28.4431
28.4431
28.4431
28.4431
30.3255
30.3255
30.3255
30.3255
30.3255
30.3255
30.3255
30.3255
32.816
32.816
32.816
32.816
32.816
32.816
32.816
32.816
35.9177
35.9177
35.9177
35.9177
35.9177
35.9177
35.9177
35.9177
39.6064
39.6064
39.6064
39.6064
39.6064
39.6064
39.6064
39.6064
43.8141
43.8141
43.8141
43.8141
43.8141
43.8141
43.8141
43.8141
48.4144
48.4144
48.4144
48.4144
48.4144
48.4144
48.4144
48.4144
53.2133
53.2133
53.2133
53.2133
53.2133
53.2133
53.2133
53.2133
57.951
57.951
57.951
57.951
57.951
57.951
57.951
57.951
62.3199
62.3199
62.3199
62.3199
62.3199
62.3199
62.3199
62.3199
66.0018
66.0018
66.0018
66.0018
66.0018
66.0018
66.0018
66.0018
68.7157
68.7157
68.7157
68.7157
68.7157
68.7157
68.7157
68.7157
70.2779
70.2779
70.2779
70.2779
70.2779
70.2779
70.2779
70.2779
70.6546
70.6546
70.6546
70.6546
70.6546
70.6546
70.6546
70.6546
26.4332
26.4332
26.4332
26.4332
26.4332
26.4332
26.4332
26.4332
27.1522
27.1522
27.1522
27.1522
27.1522
27.1522
27.1522
27.1522
28.4431
28.4431
28.4431
28.4431
28.4431
28.4431
28.4431
28.4431
30.3255
30.3255
30.3255
30.3255
30.3255
30.3255
30.3255
30.3255
32.816
32.816
32.816
32.816
32.816
32.816
32.816
32.816
35.9177
35.9177
35.9177
35.9177
35.9177
35.9177
35.9177
35.9177
39.6064
39.6064
39.6064
39.6064
39.6064
39.6064
39.6064
39.6064
43.8141
43.8141
43.8141
43.8141
43.8141
43.8141
43.8141
43.8141
48.4144
48.4144
48.4144
48.4144
48.4144
48.4144
48.4144
48.4144
53.2133
53.2133
53.2133
53.2133
53.2133
53.2133
53.2133
53.2133
57.951
57.951
57.951
57.951
57.951
57.951
57.951
57.951
62.3199
62.3199
62.3199
62.3199
62.3199
62.3199
62.3199
62.3199
66.0018
66.0018
66.0018
66.0018
66.0018
66.0018
66.0018
66.0018
68.7157
68.7157
68.7157
68.7157
68.7157
68.7157
68.7157
68.7157
70.2779
70.2779
70.2779
70.2779
70.2779
70.2779
70.2779
70.2779
70.6546
70.6546
70.6546
70.6546
70.6546
70.6546
70.6546
70.6546
26.4332
26.4332
26.4332
26.4332
26.4332
26.4332
26.4332
26.4332
27.1522
27.1522
27.1522
27.1522
27.1522
27.1522
27.1522
27.1522
28.4431
28.4431
28.4431
28.4431
28.4431
28.4431
28.4431
28.4431
30.3255
30.3255
30.3255
30.3255
30.3255
30.3255
30.3255
30.3255
32.816
32.816
32.816
32.816
32.816
32.816
32.816
32.816
35.9177
35.9177
35.9177
35.9177
35.9177
35.9177
35.9177
35.9177
39.6064
39.6064
39.6064
39.6064
39.6064
39.6064
39.6064
39.6064
43.8141
43.8141
43.8141
43.8141
43.8141
43.8141
43.8141
43.8141
48.4144
48.4144
48.4144
48.4144
48.4144
48.4144
48.4144
48.4144
53.2133
53.2133
53.2133
53.2133
53.2133
53.2133
53.2133
53.2133
57.951
57.951
57.951
57.951
57.951
57.951
57.951
57.951
62.3199
62.3199
62.3199
62.3199
62.3199
62.3199
62.3199
62.3199
66.0018
66.0018
66.0018
66.0018
66.0018
66.0018
66.0018
66.0018
68.7157
68.7157
68.7157
68.7157
68.7157
68.7157
68.7157
68.7157
70.2779
70.2779
70.2779
70.2779
70.2779
70.2779
70.2779
70.2779
70.6546
70.6546
70.6546
70.6546
70.6546
70.6546
70.6546
70.6546
24.6233
24.6233
24.6233
24.6233
24.6233
24.6233
24.6233
24.6233
24.9796
24.9796
24.9796
24.9796
24.9796
24.9796
24.9796
24.9796
25.8631
25.8631
25.8631
25.8631
25.8631
25.8631
25.8631
25.8631
27.2832
27.2832
27.2832
27.2832
27.2832
27.2832
27.2832
27.2832
29.2502
29.2502
29.2502
29.2502
29.2502
29.2502
29.2502
29.2502
31.7662
31.7662
31.7662
31.7662
31.7662
31.7662
31.7662
31.7662
34.8147
34.8147
34.8147
34.8147
34.8147
34.8147
34.8147
34.8147
38.3462
38.3462
38.3462
38.3462
38.3462
38.3462
38.3462
38.3462
42.2661
42.2661
42.2661
42.2661
42.2661
42.2661
42.2661
42.2661
46.4242
46.4242
46.4242
46.4242
46.4242
46.4242
46.4242
46.4242
50.6145
50.6145
50.6145
50.6145
50.6145
50.6145
50.6145
50.6145
54.5862
54.5862
54.5862
54.5862
54.5862
54.5862
54.5862
54.5862
58.0693
58.0693
58.0693
58.0693
58.0693
58.0693
58.0693
58.0693
60.8155
60.8155
60.8155
60.8155
60.8155
60.8155
60.8155
60.8155
62.6442
62.6442
62.6442
62.6442
62.6442
62.6442
62.6442
62.6442
63.4925
63.4925
63.4925
63.4925
63.4925
63.4925
63.4925
63.4925
24.6233
24.6233
24.6233
24.6233
24.6233
24.6233
24.6233
24.6233
24.9796
24.9796
24.9796
24.9796
24.9796
24.9796
24.9796
24.9796
25.8631
25.8631
25.8631
25.8631
25.8631
25.8631
25.8631
25.8631
27.2832
27.2832
27.2832
27.2832
27.2832
27.2832
27.2832
27.2832
29.2502
29.2502
29.2502
29.2502
29.2502
29.2502
29.2502
29.2502
31.7662
31.7662
31.7662
31.7662
31.7662
31.7662
31.7662
31.7662
34.8147
34.8147
34.8147
34.8147
34.8147
34.8147
34.8147
34.8147
38.3462
38.3462
38.3462
38.3462
38.3462
38.3462
38.3462
38.3462
42.2661
42.2661
42.2661
42.2661
42.2661
42.2661
42.2661
42.2661
46.4242
46.4242
46.4242
46.4242
46.4242
46.4242
46.4242
46.4242
50.6145
50.6145
50.6145
50.6145
50.6145
50.6145
50.6145
50.6145
54.5862
54.5862
54.5862
54.5862
54.5862
54.5862
54.5862
54.5862
58.0693
58.0693
58.0693
58.0693
58.0693
58.0693
58.0693
58.0693
60.8155
60.8155
60.8155
60.8155
60.8155
60.8155
60.8155
60.8155
62.6442
62.6442
62.6442
62.6442
62.6442
62.6442
62.6442
62.6442
63.4925
63.4925
63.4925
63.4925
63.4925
63.4925
63.4925
63.4925
24.6233
24.6233
24.6233
24.6233
24.6233
24.6233
24.6233
24.6233
24.9796
24.9796
24.9796
24.9796
24.9796
24.9796
24.9796
24.9796
25.8631
25.8631
25.8631
25.8631
25.8631
25.8631
25.8631
25.8631
27.2832
27.2832
27.2832
27.2832
27.2832
27.2832
27.2832
27.2832
29.2502
29.2502
29.2502
29.2502
29.2502
29.2502
29.2502
29.2502
31.7662
31.7662
31.7662
31.7662
31.7662
31.7662
31.7662
31.7662
34.8147
34.8147
34.8147
34.8147
34.8147
34.8147
34.8147
34.8147
38.3462
38.3462
38.3462
38.3462
38.3462
38.3462
38.3462
38.3462
42.2661
42.2661
42.2661
42.2661
42.2661
42.2661
42.2661
42.2661
46.4242
46.4242
46.4242
46.4242
46.4242
46.4242
46.4242
46.4242
50.6145
50.6145
50.6145
50.6145
50.6145
50.6145
50.6145
50.6145
54.5862
54.5862
54.5862
54.5862
54.5862
54.5862
54.5862
54.5862
58.0693
58.0693
58.0693
58.0693
58.0693
58.0693
58.0693
58.0693
60.8155
60.8155
60.8155
60.8155
60.8155
60.8155
60.8155
60.8155
62.6442
62.6442
62.6442
62.6442
62.6442
62.6442
62.6442
62.6442
63.4925
63.4925
63.4925
63.4925
63.4925
63.4925
63.4925
63.4925
24.6233
24.6233
24.6233
24.6233
24.6233
24.6233
24.6233
24.6233
24.9796
24.9796
24.9796
24.9796
24.9796
24.9796
24.9796
24.9796
25.8631
25.8631
25.8631
25.8631
25.8631
25.8631
25.8631
25.8631
27.2832
27.2832
27.2832
27.2832
27.2832
27.2832
27.2832
27.2832
29.2502
29.2502
29.2502
29.2502
29.2502
29.2502
29.2502
29.2502
31.7662
31.7662
31.7662
31.7662
31.7662
31.7662
31.7662
31.7662
34.8147
34.8147
34.8147
34.8147
34.8147
34.8147
34.8147
34.8147
38.3462
38.3462
38.3462
38.3462
38.3462
38.3462
38.3462
38.3462
42.2661
42.2661
42.2661
42.2661
42.2661
42.2661
42.2661
42.2661
46.4242
46.4242
46.4242
46.4242
46.4242
46.4242
46.4242
46.4242
50.6145
50.6145
50.6145
50.6145
50.6145
50.6145
50.6145
50.6145
54.5862
54.5862
54.5862
54.5862
54.5862
54.5862
54.5862
54.5862
58.0693
58.0693
58.0693
58.0693
58.0693
58.0693
58.0693
58.0693
60.8155
60.8155
60.8155
60.8155
60.8155
60.8155
60.8155
60.8155
62.6442
62.6442
62.6442
62.6442
62.6442
62.6442
62.6442
62.6442
63.4925
63.4925
63.4925
63.4925
63.4925
63.4925
63.4925
63.4925
22.9014
22.9014
22.9014
22.9014
22.9014
22.9014
22.9014
22.9014
22.9391
22.9391
22.9391
22.9391
22.9391
22.9391
22.9391
22.9391
23.465
23.465
23.465
23.465
23.465
23.465
23.465
23.465
24.4788
24.4788
24.4788
24.4788
24.4788
24.4788
24.4788
24.4788
25.9838
25.9838
25.9838
25.9838
25.9838
25.9838
25.9838
25.9838
27.98
27.98
27.98
27.98
27.98
27.98
27.98
27.98
30.4556
30.4556
30.4556
30.4556
30.4556
30.4556
30.4556
30.4556
33.3754
33.3754
33.3754
33.3754
33.3754
33.3754
33.3754
33.3754
36.6705
36.6705
36.6705
36.6705
36.6705
36.6705
36.6705
36.6705
40.2282
40.2282
40.2282
40.2282
40.2282
40.2282
40.2282
40.2282
43.89
43.89
43.89
43.89
43.89
43.89
43.89
43.89
47.4566
47.4566
47.4566
47.4566
47.4566
47.4566
47.4566
47.4566
50.7067
50.7067
50.7067
50.7067
50.7067
50.7067
50.7067
50.7067
53.4256
53.4256
53.4256
53.4256
53.4256
53.4256
53.4256
53.4256
55.4445
55.4445
55.4445
55.4445
55.4445
55.4445
55.4445
55.4445
56.6801
56.6801
56.6801
56.6801
56.6801
56.6801
56.6801
56.6801
22.9014
22.9014
22.9014
22.9014
22.9014
22.9014
22.9014
22.9014
22.9391
22.9391
22.9391
22.9391
22.9391
22.9391
22.9391
22.9391
23.465
23.465
23.465
23.465
23.465
23.465
23.465
23.465
24.4788
24.4788
24.4788
24.4788
24.4788
24.4788
24.4788
24.4788
25.9838
25.9838
25.9838
25.9838
25.9838
25.9838
25.9838
25.9838
27.98
27.98
27.98
27.98
27.98
27.98
27.98
27.98
30.4556
30.4556
30.4556
30.4556
30.4556
30.4556
30.4556
30.4556
33.3754
33.3754
33.3754
33.3754
33.3754
33.3754
33.3754
33.3754
36.6705
36.6705
36.6705
36.6705
36.6705
36.6705
36.6705
36.6705
40.2282
40.2282
40.2282
40.2282
40.2282
40.2282
40.2282
40.2282
43.89
43.89
43.89
43.89
43.89
43.89
43.89
43.89
47.4566
47.4566
47.4566
47.4566
47.4566
47.4566
47.4566
47.4566
50.7067
50.7067
50.7067
50.7067
50.7067
50.7067
50.7067
50.7067
53.4256
53.4256
53.4256
53.4256
53.4256
53.4256
53.4256
53.4256
55.4445
55.4445
55.4445
55.4445
55.4445
55.4445
55.4445
55.4445
56.6801
56.6801
56.6801
56.6801
56.6801
56.6801
56.6801
56.6801
22.9014
22.9014
22.9014
22.9014
22.9014
22.9014
22.9014
22.9014
22.9391
22.9391
22.9391
22.9391
22.9391
22.9391
22.9391
22.9391
23.465
23.465
23.465
23.465
23.465
23.465
23.465
23.465
24.4788
24.4788
24.4788
24.4788
24.4788
24.4788
24.4788
24.4788
25.9838
25.9838
25.9838
25.9838
25.9838
25.9838
25.9838
25.9838
27.98
27.98
27.98
27.98
27.98
27.98
27.98
27.98
30.4556
30.4556
30.4556
30.4556
30.4556
30.4556
30.4556
30.4556
33.3754
33.3754
33.3754
33.3754
33.3754
33.3754
33.3754
33.3754
36.6705
36.6705
36.6705
36.6705
36.6705
36.6705
36.6705
36.6705
40.2282
40.2282
40.2282
40.2282
40.2282
40.2282
40.2282
40.2282
43.89
43.89
43.89
43.89
43.89
43.89
43.89
43.89
47.4566
47.4566
47.4566
47.4566
47.4566
47.4566
47.4566
47.4566
50.7067
50.7067
50.7067
50.7067
50.7067
50.7067
50.7067
50.7067
53.4256
53.4256
53.4256
53.4256
53.4256
53.4256
53.4256
53.4256
55.4445
55.4445
55.4445
55.4445
55.4445
55.4445
55.4445
55.4445
56.6801
56.6801
56.6801
56.6801
56.6801
56.6801
56.6801
56.6801
22.9014
22.9014
22.9014
22.9014
22.9014
22.9014
22.9014
22.9014
22.9391
22.9391
22.9391
22.9391
22.9391
22.9391
22.9391
22.9391
23.465
23.465
23.465
23.465
23.465
23.465
23.465
23.465
24.4788
24.4788
24.4788
24.4788
24.4788
24.4788
24.4788
24.4788
25.9838
25.9838
25.9838
25.9838
25.9838
25.9838
25.9838
25.9838
27.98
27.98
27.98
27.98
27.98
27.98
27.98
27.98
30.4556
30.4556
30.4556
30.4556
30.4556
30.4556
30.4556
30.4556
33.3754
33.3754
33.3754
33.3754
33.3754
33.3754
33.3754
33.3754
36.6705
36.6705
36.6705
36.6705
36.6705
36.6705
36.6705
36.6705
40.2282
40.2282
40.2282
40.2282
40.2282
40.2282
40.2282
40.2282
43.89
43.89
43.89
43.89
43.89
43.89
43.89
43.89
47.4566
47.4566
47.4566
47.4566
47.4566
47.4566
47.4566
47.4566
50.7067
50.7067
50.7067
50.7067
50.7067
50.7067
50.7067
50.7067
53.4256
53.4256
53.4256
53.4256
53.4256
53.4256
53.4256
53.4256
55.4445
55.4445
55.4445
55.4445
55.4445
55.4445
55.4445
55.4445
56.6801
56.6801
56.6801
56.6801
56.6801
56.6801
56.6801
56.6801
