8192
13.2461
13.2461
13.2461
13.2461
13.2461
13.2461
13.2461
13.2461
13.3497
13.3497
13.3497
13.3497
13.3497
13.3497
13.3497
13.3497
13.5178
13.5178
13.5178
13.5178
13.5178
13.5178
13.5178
13.5178
13.7671
13.7671
13.7671
13.7671
13.7671
13.7671
13.7671
13.7671
14.1108
14.1108
14.1108
14.1108
14.1108
14.1108
14.1108
14.1108
14.558
14.558
14.558
14.558
14.558
14.558
14.558
14.558
15.1127
15.1127
15.1127
15.1127
15.1127
15.1127
15.1127
15.1127
15.7735
15.7735
15.7735
15.7735
15.7735
15.7735
15.7735
15.7735
16.5324
16.5324
16.5324
16.5324
16.5324
16.5324
16.5324
16.5324
17.3743
17.3743
17.3743
17.3743
17.3743
17.3743
17.3743
17.3743
18.2765
18.2765
18.2765
18.2765
18.2765
18.2765
18.2765
18.2765
19.2094
19.2094
19.2094
19.2094
19.2094
19.2094
19.2094
19.2094
20.1377
20.1377
20.1377
20.1377
20.1377
20.1377
20.1377
20.1377
21.0239
21.0239
21.0239
21.0239
21.0239
21.0239
21.0239
21.0239
21.8313
21.8313
21.8313
21.8313
21.8313
21.8313
21.8313
21.8313
22.5284
22.5284
22.5284
22.5284
22.5284
22.5284
22.5284
22.5284
13.2461
13.2461
13.2461
13.2461
13.2461
13.2461
13.2461
13.2461
13.3497
13.3497
13.3497
13.3497
13.3497
13.3497
13.3497
13.3497
13.5178
13.5178
13.5178
13.5178
13.5178
13.5178
13.5178
13.5178
13.7671
13.7671
13.7671
13.7671
13.7671
13.7671
13.7671
13.7671
14.1108
14.1108
14.1108
14.1108
14.1108
14.1108
14.1108
14.1108
14.558
14.558
14.558
14.558
14.558
14.558
14.558
14.558
15.1127
15.1127
15.1127
15.1127
15.1127
15.1127
15.1127
15.1127
15.7735
15.7735
15.7735
15.7735
15.7735
15.7735
15.7735
15.7735
16.5324
16.5324
16.5324
16.5324
16.5324
16.5324
16.5324
16.5324
17.3743
17.3743
17.3743
17.3743
17.3743
17.3743
17.3743
17.3743
18.2765
18.2765
18.2765
18.2765
18.2765
18.2765
18.2765
18.2765
19.2094
19.2094
19.2094
19.2094
19.2094
19.2094
19.2094
19.2094
20.1377
20.1377
20.1377
20.1377
20.1377
20.1377
20.1377
20.1377
21.0239
21.0239
21.0239
21.0239
21.0239
21.0239
21.0239
21.0239
21.8313
21.8313
21.8313
21.8313
21.8313
21.8313
21.8313
21.8313
22.5284
22.5284
22.5284
22.5284
22.5284
22.5284
22.5284
22.5284
13.2461
13.2461
13.2461
13.2461
13.2461
13.2461
13.2461
13.2461
13.3497
13.3497
13.3497
13.3497
13.3497
13.3497
13.3497
13.3497
13.5178
13.5178
13.5178
13.5178
13.5178
13.5178
13.5178
13.5178
13.7671
13.7671
13.7671
13.7671
13.7671
13.7671
13.7671
13.7671
14.1108
14.1108
14.1108
14.1108
14.1108
14.1108
14.1108
14.1108
14.558
14.558
14.558
14.558
14.558
14.558
14.558
14.558
15.1127
15.1127
15.1127
15.1127
15.1127
15.1127
15.1127
15.1127
15.7735
15.7735
15.7735
15.7735
15.7735
15.7735
15.7735
15.7735
16.5324
16.5324
16.5324
16.5324
16.5324
16.5324
16.5324
16.5324
17.3743
17.3743
17.3743
17.3743
17.3743
17.3743
17.3743
17.3743
18.2765
18.2765
18.2765
18.2765
18.2765
18.2765
18.2765
18.2765
19.2094
19.2094
19.2094
19.2094
19.2094
19.2094
19.2094
19.2094
20.1377
20.1377
20.1377
20.1377
20.1377
20.1377
20.1377
20.1377
21.0239
21.0239
21.0239
21.0239
21.0239
21.0239
21.0239
21.0239
21.8313
21.8313
21.8313
21.8313
21.8313
21.8313
21.8313
21.8313
22.5284
22.5284
22.5284
22.5284
22.5284
22.5284
22.5284
22.5284
13.2461
13.2461
13.2461
13.2461
13.2461
13.2461
13.2461
13.2461
13.3497
13.3497
13.3497
13.3497
13.3497
13.3497
13.3497
13.3497
13.5178
13.5178
13.5178
13.5178
13.5178
13.5178
13.5178
13.5178
13.7671
13.7671
13.7671
13.7671
13.7671
13.7671
13.7671
13.7671
14.1108
14.1108
14.1108
14.1108
14.1108
14.1108
14.1108
14.1108
14.558
14.558
14.558
14.558
14.558
14.558
14.558
14.558
15.1127
15.1127
15.1127
15.1127
15.1127
15.1127
15.1127
15.1127
15.7735
15.7735
15.7735
15.7735
15.7735
15.7735
15.7735
15.7735
16.5324
16.5324
16.5324
16.5324
16.5324
16.5324
16.5324
16.5324
17.3743
17.3743
17.3743
17.3743
17.3743
17.3743
17.3743
17.3743
18.2765
18.2765
18.2765
18.2765
18.2765
18.2765
18.2765
18.2765
19.2094
19.2094
19.2094
19.2094
19.2094
19.2094
19.2094
19.2094
20.1377
20.1377
20.1377
20.1377
20.1377
20.1377
20.1377
20.1377
21.0239
21.0239
21.0239
21.0239
21.0239
21.0239
21.0239
21.0239
21.8313
21.8313
21.8313
21.8313
21.8313
21.8313
21.8313
21.8313
22.5284
22.5284
22.5284
22.5284
22.5284
22.5284
22.5284
22.5284
13.5253
13.5253
13.5253
13.5253
13.5253
13.5253
13.5253
13.5253
13.5366
13.5366
13.5366
13.5366
13.5366
13.5366
13.5366
13.5366
13.6196
13.6196
13.6196
13.6196
13.6196
13.6196
13.6196
13.6196
13.7947
13.7947
13.7947
13.7947
13.7947
13.7947
13.7947
13.7947
14.0783
14.0783
14.0783
14.0783
14.0783
14.0783
14.0783
14.0783
14.4829
14.4829
14.4829
14.4829
14.4829
14.4829
14.4829
14.4829
15.016
15.016
15.016
15.016
15.016
15.016
15.016
15.016
15.6803
15.6803
15.6803
15.6803
15.6803
15.6803
15.6803
15.6803
16.4715
16.4715
16.4715
16.4715
16.4715
16.4715
16.4715
16.4715
17.3781
17.3781
17.3781
17.3781
17.3781
17.3781
17.3781
17.3781
18.3805
18.3805
18.3805
18.3805
18.3805
18.3805
18.3805
18.3805
19.4497
19.4497
19.4497
19.4497
19.4497
19.4497
19.4497
19.4497
20.5489
20.5489
20.5489
20.5489
20.5489
20.5489
20.5489
20.5489
21.6354
21.6354
21.6354
21.6354
21.6354
21.6354
21.6354
21.6354
22.6635
22.6635
22.6635
22.6635
22.6635
22.6635
22.6635
22.6635
23.5904
23.5904
23.5904
23.5904
23.5904
23.5904
23.5904
23.5904
13.5253
13.5253
13.5253
13.5253
13.5253
13.5253
13.5253
13.5253
13.5366
13.5366
13.5366
13.5366
13.5366
13.5366
13.5366
13.5366
13.6196
13.6196
13.6196
13.6196
13.6196
13.6196
13.6196
13.6196
13.7947
13.7947
13.7947
13.7947
13.7947
13.7947
13.7947
13.7947
14.0783
14.0783
14.0783
14.0783
14.0783
14.0783
14.0783
14.0783
14.4829
14.4829
14.4829
14.4829
14.4829
14.4829
14.4829
14.4829
15.016
15.016
15.016
15.016
15.016
15.016
15.016
15.016
15.6803
15.6803
15.6803
15.6803
15.6803
15.6803
15.6803
15.6803
16.4715
16.4715
16.4715
16.4715
16.4715
16.4715
16.4715
16.4715
17.3781
17.3781
17.3781
17.3781
17.3781
17.3781
17.3781
17.3781
18.3805
18.3805
18.3805
18.3805
18.3805
18.3805
18.3805
18.3805
19.4497
19.4497
19.4497
19.4497
19.4497
19.4497
19.4497
19.4497
20.5489
20.5489
20.5489
20.5489
20.5489
20.5489
20.5489
20.5489
21.6354
21.6354
21.6354
21.6354
21.6354
21.6354
21.6354
21.6354
22.6635
22.6635
22.6635
22.6635
22.6635
22.6635
22.6635
22.6635
23.5904
23.5904
23.5904
23.5904
23.5904
23.5904
23.5904
23.5904
13.5253
13.5253
13.5253
13.5253
13.5253
13.5253
13.5253
13.5253
13.5366
13.5366
13.5366
13.5366
13.5366
13.5366
13.5366
13.5366
13.6196
13.6196
13.6196
13.6196
13.6196
13.6196
13.6196
13.6196
13.7947
13.7947
13.7947
13.7947
13.7947
13.7947
13.7947
13.7947
14.0783
14.0783
14.0783
14.0783
14.0783
14.0783
14.0783
14.0783
14.4829
14.4829
14.4829
14.4829
14.4829
14.4829
14.4829
14.4829
15.016
15.016
15.016
15.016
15.016
15.016
15.016
15.016
15.6803
15.6803
15.6803
15.6803
15.6803
15.6803
15.6803
15.6803
16.4715
16.4715
16.4715
16.4715
16.4715
16.4715
16.4715
16.4715
17.3781
17.3781
17.3781
17.3781
17.3781
17.3781
17.3781
17.3781
18.3805
18.3805
18.3805
18.3805
18.3805
18.3805
18.3805
18.3805
19.4497
19.4497
19.4497
19.4497
19.4497
19.4497
19.4497
19.4497
20.5489
20.5489
20.5489
20.5489
20.5489
20.5489
20.5489
20.5489
21.6354
21.6354
21.6354
21.6354
21.6354
21.6354
21.6354
21.6354
22.6635
22.6635
22.6635
22.6635
22.6635
22.6635
22.6635
22.6635
23.5904
23.5904
23.5904
23.5904
23.5904
23.5904
23.5904
23.5904
13.5253
13.5253
13.5253
13.5253
13.5253
13.5253
13.5253
13.5253
13.5366
13.5366
13.5366
13.5366
13.5366
13.5366
13.5366
13.5366
13.6196
13.6196
13.6196
13.6196
13.6196
13.6196
13.6196
13.6196
13.7947
13.7947
13.7947
13.7947
13.7947
13.7947
13.7947
13.7947
14.0783
14.0783
14.0783
14.0783
14.0783
14.0783
14.0783
14.0783
14.4829
14.4829
14.4829
14.4829
14.4829
14.4829
14.4829
14.4829
15.016
15.016
15.016
15.016
15.016
15.016
15.016
15.016
15.6803
15.6803
15.6803
15.6803
15.6803
15.6803
15.6803
15.6803
16.4715
16.4715
16.4715
16.4715
16.4715
16.4715
16.4715
16.4715
17.3781
17.3781
17.3781
17.3781
17.3781
17.3781
17.3781
17.3781
18.3805
18.3805
18.3805
18.3805
18.3805
18.3805
18.3805
18.3805
19.4497
19.4497
19.4497
19.4497
19.4497
19.4497
19.4497
19.4497
20.5489
20.5489
20.5489
20.5489
20.5489
20.5489
20.5489
20.5489
21.6354
21.6354
21.6354
21.6354
21.6354
21.6354
21.6354
21.6354
22.6635
22.6635
22.6635
22.6635
22.6635
22.6635
22.6635
22.6635
23.5904
23.5904
23.5904
23.5904
23.5904
23.5904
23.5904
23.5904
14.0639
14.0639
14.0639
14.0639
14.0639
14.0639
14.0639
14.0639
13.9822
13.9822
13.9822
13.9822
13.9822
13.9822
13.9822
13.9822
13.9795
13.9795
13.9795
13.9795
13.9795
13.9795
13.9795
13.9795
14.0794
14.0794
14.0794
14.0794
14.0794
14.0794
14.0794
14.0794
14.3013
14.3013
14.3013
14.3013
14.3013
14.3013
14.3013
14.3013
14.6605
14.6605
14.6605
14.6605
14.6605
14.6605
14.6605
14.6605
15.1675
15.1675
15.1675
15.1675
15.1675
15.1675
15.1675
15.1675
15.8277
15.8277
15.8277
15.8277
15.8277
15.8277
15.8277
15.8277
16.6405
16.6405
16.6405
16.6405
16.6405
16.6405
16.6405
16.6405
17.5976
17.5976
17.5976
17.5976
17.5976
17.5976
17.5976
17.5976
18.6819
18.6819
18.6819
18.6819
18.6819
18.6819
18.6819
18.6819
19.8659
19.8659
19.8659
19.8659
19.8659
19.8659
19.8659
19.8659
21.1119
21.1119
21.1119
21.1119
21.1119
21.1119
21.1119
21.1119
22.3731
22.3731
22.3731
22.3731
22.3731
22.3731
22.3731
22.3731
23.5968
23.5968
23.5968
23.5968
23.5968
23.5968
23.5968
23.5968
24.7294
24.7294
24.7294
24.7294
24.7294
24.7294
24.7294
24.7294
14.0639
14.0639
14.0639
14.0639
14.0639
14.0639
14.0639
14.0639
13.9822
13.9822
13.9822
13.9822
13.9822
13.9822
13.9822
13.9822
13.9795
13.9795
13.9795
13.9795
13.9795
13.9795
13.9795
13.9795
14.0794
14.0794
14.0794
14.0794
14.0794
14.0794
14.0794
14.0794
14.3013
14.3013
14.3013
14.3013
14.3013
14.3013
14.3013
14.3013
14.6605
14.6605
14.6605
14.6605
14.6605
14.6605
14.6605
14.6605
15.1675
15.1675
15.1675
15.1675
15.1675
15.1675
15.1675
15.1675
15.8277
15.8277
15.8277
15.8277
15.8277
15.8277
15.8277
15.8277
16.6405
16.6405
16.6405
16.6405
16.6405
16.6405
16.6405
16.6405
17.5976
17.5976
17.5976
17.5976
17.5976
17.5976
17.5976
17.5976
18.6819
18.6819
18.6819
18.6819
18.6819
18.6819
18.6819
18.6819
19.8659
19.8659
19.8659
19.8659
19.8659
19.8659
19.8659
19.8659
21.1119
21.1119
21.1119
21.1119
21.1119
21.1119
21.1119
21.1119
22.3731
22.3731
22.3731
22.3731
22.3731
22.3731
22.3731
22.3731
23.5968
23.5968
23.5968
23.5968
23.5968
23.5968
23.5968
23.5968
24.7294
24.7294
24.7294
24.7294
24.7294
24.7294
24.7294
24.7294
14.0639
14.0639
14.0639
14.0639
14.0639
14.0639
14.0639
14.0639
13.9822
13.9822
13.9822
13.9822
13.9822
13.9822
13.9822
13.9822
13.9795
13.9795
13.9795
13.9795
13.9795
13.9795
13.9795
13.9795
14.0794
14.0794
14.0794
14.0794
14.0794
14.0794
14.0794
14.0794
14.3013
14.3013
14.3013
14.3013
14.3013
14.3013
14.3013
14.3013
14.6605
14.6605
14.6605
14.6605
14.6605
14.6605
14.6605
14.6605
15.1675
15.1675
15.1675
15.1675
15.1675
15.1675
15.1675
15.1675
15.8277
15.8277
15.8277
15.8277
15.8277
15.8277
15.8277
15.8277
16.6405
16.6405
16.6405
16.6405
16.6405
16.6405
16.6405
16.6405
17.5976
17.5976
17.5976
17.5976
17.5976
17.5976
17.5976
17.5976
18.6819
18.6819
18.6819
18.6819
18.6819
18.6819
18.6819
18.6819
19.8659
19.8659
19.8659
19.8659
19.8659
19.8659
19.8659
19.8659
21.1119
21.1119
21.1119
21.1119
21.1119
21.1119
21.1119
21.1119
22.3731
22.3731
22.3731
22.3731
22.3731
22.3731
22.3731
22.3731
23.5968
23.5968
23.5968
23.5968
23.5968
23.5968
23.5968
23.5968
24.7294
24.7294
24.7294
24.7294
24.7294
24.7294
24.7294
24.7294
14.0639
14.0639
14.0639
14.0639
14.0639
14.0639
14.0639
14.0639
13.9822
13.9822
13.9822
13.9822
13.9822
13.9822
13.9822
13.9822
13.9795
13.9795
13.9795
13.9795
13.9795
13.9795
13.9795
13.9795
14.0794
14.0794
14.0794
14.0794
14.0794
14.0794
14.0794
14.0794
14.3013
14.3013
14.3013
14.3013
14.3013
14.3013
14.3013
14.3013
14.6605
14.6605
14.6605
14.6605
14.6605
14.6605
14.6605
14.6605
15.1675
15.1675
15.1675
15.1675
15.1675
15.1675
15.1675
15.1675
15.8277
15.8277
15.8277
15.8277
15.8277
15.8277
15.8277
15.8277
16.6405
16.6405
16.6405
16.6405
16.6405
16.6405
16.6405
16.6405
17.5976
17.5976
17.5976
17.5976
17.5976
17.5976
17.5976
17.5976
18.6819
18.6819
18.6819
18.6819
18.6819
18.6819
18.6819
18.6819
19.8659
19.8659
19.8659
19.8659
19.8659
19.8659
19.8659
19.8659
21.1119
21.1119
21.1119
21.1119
21.1119
21.1119
21.1119
21.1119
22.3731
22.3731
22.3731
22.3731
22.3731
22.3731
22.3731
22.3731
23.5968
23.5968
23.5968
23.5968
23.5968
23.5968
23.5968
23.5968
24.7294
24.7294
24.7294
24.7294
24.7294
24.7294
24.7294
24.7294
14.9239
14.9239
14.9239
14.9239
14.9239
14.9239
14.9239
14.9239
14.745
14.745
14.745
14.745
14.745
14.745
14.745
14.745
14.6523
14.6523
14.6523
14.6523
14.6523
14.6523
14.6523
14.6523
14.6733
14.6733
14.6733
14.6733
14.6733
14.6733
14.6733
14.6733
14.8298
14.8298
14.8298
14.8298
14.8298
14.8298
14.8298
14.8298
15.1395
15.1395
15.1395
15.1395
15.1395
15.1395
15.1395
15.1395
15.6151
15.6151
15.6151
15.6151
15.6151
15.6151
15.6151
15.6151
16.2644
16.2644
16.2644
16.2644
16.2644
16.2644
16.2644
16.2644
17.0892
17.0892
17.0892
17.0892
17.0892
17.0892
17.0892
17.0892
18.0838
18.0838
18.0838
18.0838
18.0838
18.0838
18.0838
18.0838
19.2331
19.2331
19.2331
19.2331
19.2331
19.2331
19.2331
19.2331
20.5106
20.5106
20.5106
20.5106
20.5106
20.5106
20.5106
20.5106
21.8781
21.8781
21.8781
21.8781
21.8781
21.8781
21.8781
21.8781
23.2852
23.2852
23.2852
23.2852
23.2852
23.2852
23.2852
23.2852
24.6731
24.6731
24.6731
24.6731
24.6731
24.6731
24.6731
24.6731
25.9788
25.9788
25.9788
25.9788
25.9788
25.9788
25.9788
25.9788
14.9239
14.9239
14.9239
14.9239
14.9239
14.9239
14.9239
14.9239
14.745
14.745
14.745
14.745
14.745
14.745
14.745
14.745
14.6523
14.6523
14.6523
14.6523
14.6523
14.6523
14.6523
14.6523
14.6733
14.6733
14.6733
14.6733
14.6733
14.6733
14.6733
14.6733
14.8298
14.8298
14.8298
14.8298
14.8298
14.8298
14.8298
14.8298
15.1395
15.1395
15.1395
15.1395
15.1395
15.1395
15.1395
15.1395
15.6151
15.6151
15.6151
15.6151
15.6151
15.6151
15.6151
15.6151
16.2644
16.2644
16.2644
16.2644
16.2644
16.2644
16.2644
16.2644
17.0892
17.0892
17.0892
17.0892
17.0892
17.0892
17.0892
17.0892
18.0838
18.0838
18.0838
18.0838
18.0838
18.0838
18.0838
18.0838
19.2331
19.2331
19.2331
19.2331
19.2331
19.2331
19.2331
19.2331
20.5106
20.5106
20.5106
20.5106
20.5106
20.5106
20.5106
20.5106
21.8781
21.8781
21.8781
21.8781
21.8781
21.8781
21.8781
21.8781
23.2852
23.2852
23.2852
23.2852
23.2852
23.2852
23.2852
23.2852
24.6731
24.6731
24.6731
24.6731
24.6731
24.6731
24.6731
24.6731
25.9788
25.9788
25.9788
25.9788
25.9788
25.9788
25.9788
25.9788
14.9239
14.9239
14.9239
14.9239
14.9239
14.9239
14.9239
14.9239
14.745
14.745
14.745
14.745
14.745
14.745
14.745
14.745
14.6523
14.6523
14.6523
14.6523
14.6523
14.6523
14.6523
14.6523
14.6733
14.6733
14.6733
14.6733
14.6733
14.6733
14.6733
14.6733
14.8298
14.8298
14.8298
14.8298
14.8298
14.8298
14.8298
14.8298
15.1395
15.1395
15.1395
15.1395
15.1395
15.1395
15.1395
15.1395
15.6151
15.6151
15.6151
15.6151
15.6151
15.6151
15.6151
15.6151
16.2644
16.2644
16.2644
16.2644
16.2644
16.2644
16.2644
16.2644
17.0892
17.0892
17.0892
17.0892
17.0892
17.0892
17.0892
17.0892
18.0838
18.0838
18.0838
18.0838
18.0838
18.0838
18.0838
18.0838
19.2331
19.2331
19.2331
19.2331
19.2331
19.2331
19.2331
19.2331
20.5106
20.5106
20.5106
20.5106
20.5106
20.5106
20.5106
20.5106
21.8781
21.8781
21.8781
21.8781
21.8781
21.8781
21.8781
21.8781
23.2852
23.2852
23.2852
23.2852
23.2852
23.2852
23.2852
23.2852
24.6731
24.6731
24.6731
24.6731
24.6731
24.6731
24.6731
24.6731
25.9788
25.9788
25.9788
25.9788
25.9788
25.9788
25.9788
25.9788
14.9239
14.9239
14.9239
14.9239
14.9239
14.9239
14.9239
14.9239
14.745
14.745
14.745
14.745
14.745
14.745
14.745
14.745
14.6523
14.6523
14.6523
14.6523
14.6523
14.6523
14.6523
14.6523
14.6733
14.6733
14.6733
14.6733
14.6733
14.6733
14.6733
14.6733
14.8298
14.8298
14.8298
14.8298
14.8298
14.8298
14.8298
14.8298
15.1395
15.1395
15.1395
15.1395
15.1395
15.1395
15.1395
15.1395
15.6151
15.6151
15.6151
15.6151
15.6151
15.6151
15.6151
15.6151
16.2644
16.2644
16.2644
16.2644
16.2644
16.2644
16.2644
16.2644
17.0892
17.0892
17.0892
17.0892
17.0892
17.0892
17.0892
17.0892
18.0838
18.0838
18.0838
18.0838
18.0838
18.0838
18.0838
18.0838
19.2331
19.2331
19.2331
19.2331
19.2331
19.2331
19.2331
19.2331
20.5106
20.5106
20.5106
20.5106
20.5106
20.5106
20.5106
20.5106
21.8781
21.8781
21.8781
21.8781
21.8781
21.8781
21.8781
21.8781
23.2852
23.2852
23.2852
23.2852
23.2852
23.2852
23.2852
23.2852
24.6731
24.6731
24.6731
24.6731
24.6731
24.6731
24.6731
24.6731
25.9788
25.9788
25.9788
25.9788
25.9788
25.9788
25.9788
25.9788
16.1761
16.1761
16.1761
16.1761
16.1761
16.1761
16.1761
16.1761
15.8916
15.8916
15.8916
15.8916
15.8916
15.8916
15.8916
15.8916
15.7008
15.7008
15.7008
15.7008
15.7008
15.7008
15.7008
15.7008
15.635
15.635
15.635
15.635
15.635
15.635
15.635
15.635
15.7189
15.7189
15.7189
15.7189
15.7189
15.7189
15.7189
15.7189
15.9724
15.9724
15.9724
15.9724
15.9724
15.9724
15.9724
15.9724
16.4097
16.4097
16.4097
16.4097
16.4097
16.4097
16.4097
16.4097
17.0403
17.0403
17.0403
17.0403
17.0403
17.0403
17.0403
17.0403
17.8675
17.8675
17.8675
17.8675
17.8675
17.8675
17.8675
17.8675
18.887
18.887
18.887
18.887
18.887
18.887
18.887
18.887
20.0848
20.0848
20.0848
20.0848
20.0848
20.0848
20.0848
20.0848
21.4347
21.4347
21.4347
21.4347
21.4347
21.4347
21.4347
21.4347
22.8971
22.8971
22.8971
22.8971
22.8971
22.8971
22.8971
22.8971
24.4187
24.4187
24.4187
24.4187
24.4187
24.4187
24.4187
24.4187
25.9346
25.9346
25.9346
25.9346
25.9346
25.9346
25.9346
25.9346
27.3736
27.3736
27.3736
27.3736
27.3736
27.3736
27.3736
27.3736
16.1761
16.1761
16.1761
16.1761
16.1761
16.1761
16.1761
16.1761
15.8916
15.8916
15.8916
15.8916
15.8916
15.8916
15.8916
15.8916
15.7008
15.7008
15.7008
15.7008
15.7008
15.7008
15.7008
15.7008
15.635
15.635
15.635
15.635
15.635
15.635
15.635
15.635
15.7189
15.7189
15.7189
15.7189
15.7189
15.7189
15.7189
15.7189
15.9724
15.9724
15.9724
15.9724
15.9724
15.9724
15.9724
15.9724
16.4097
16.4097
16.4097
16.4097
16.4097
16.4097
16.4097
16.4097
17.0403
17.0403
17.0403
17.0403
17.0403
17.0403
17.0403
17.0403
17.8675
17.8675
17.8675
17.8675
17.8675
17.8675
17.8675
17.8675
18.887
18.887
18.887
18.887
18.887
18.887
18.887
18.887
20.0848
20.0848
20.0848
20.0848
20.0848
20.0848
20.0848
20.0848
21.4347
21.4347
21.4347
21.4347
21.4347
21.4347
21.4347
21.4347
22.8971
22.8971
22.8971
22.8971
22.8971
22.8971
22.8971
22.8971
24.4187
24.4187
24.4187
24.4187
24.4187
24.4187
24.4187
24.4187
25.9346
25.9346
25.9346
25.9346
25.9346
25.9346
25.9346
25.9346
27.3736
27.3736
27.3736
27.3736
27.3736
27.3736
27.3736
27.3736
16.1761
16.1761
16.1761
16.1761
16.1761
16.1761
16.1761
16.1761
15.8916
15.8916
15.8916
15.8916
15.8916
15.8916
15.8916
15.8916
15.7008
15.7008
15.7008
15.7008
15.7008
15.7008
15.7008
15.7008
15.635
15.635
15.635
15.635
15.635
15.635
15.635
15.635
15.7189
15.7189
15.7189
15.7189
15.7189
15.7189
15.7189
15.7189
15.9724
15.9724
15.9724
15.9724
15.9724
15.9724
15.9724
15.9724
16.4097
16.4097
16.4097
16.4097
16.4097
16.4097
16.4097
16.4097
17.0403
17.0403
17.0403
17.0403
17.0403
17.0403
17.0403
17.0403
17.8675
17.8675
17.8675
17.8675
17.8675
17.8675
17.8675
17.8675
18.887
18.887
18.887
18.887
18.887
18.887
18.887
18.887
20.0848
20.0848
20.0848
20.0848
20.0848
20.0848
20.0848
20.0848
21.4347
21.4347
21.4347
21.4347
21.4347
21.4347
21.4347
21.4347
22.8971
22.8971
22.8971
22.8971
22.8971
22.8971
22.8971
22.8971
24.4187
24.4187
24.4187
24.4187
24.4187
24.4187
24.4187
24.4187
25.9346
25.9346
25.9346
25.9346
25.9346
25.9346
25.9346
25.9346
27.3736
27.3736
27.3736
27.3736
27.3736
27.3736
27.3736
27.3736
16.1761
16.1761
16.1761
16.1761
16.1761
16.1761
16.1761
16.1761
15.8916
15.8916
15.8916
15.8916
15.8916
15.8916
15.8916
15.8916
15.7008
15.7008
15.7008
15.7008
15.7008
15.7008
15.7008
15.7008
15.635
15.635
15.635
15.635
15.635
15.635
15.635
15.635
15.7189
15.7189
15.7189
15.7189
15.7189
15.7189
15.7189
15.7189
15.9724
15.9724
15.9724
15.9724
15.9724
15.9724
15.9724
15.9724
16.4097
16.4097
16.4097
16.4097
16.4097
16.4097
16.4097
16.4097
17.0403
17.0403
17.0403
17.0403
17.0403
17.0403
17.0403
17.0403
17.8675
17.8675
17.8675
17.8675
17.8675
17.8675
17.8675
17.8675
18.887
18.887
18.887
18.887
18.887
18.887
18.887
18.887
20.0848
20.0848
20.0848
20.0848
20.0848
20.0848
20.0848
20.0848
21.4347
21.4347
21.4347
21.4347
21.4347
21.4347
21.4347
21.4347
22.8971
22.8971
22.8971
22.8971
22.8971
22.8971
22.8971
22.8971
24.4187
24.4187
24.4187
24.4187
24.4187
24.4187
24.4187
24.4187
25.9346
25.9346
25.9346
25.9346
25.9346
25.9346
25.9346
25.9346
27.3736
27.3736
27.3736
27.3736
27.3736
27.3736
27.3736
27.3736
17.901
17.901
17.901
17.901
17.901
17.901
17.901
17.901
17.4979
17.4979
17.4979
17.4979
17.4979
17.4979
17.4979
17.4979
17.1958
17.1958
17.1958
17.1958
17.1958
17.1958
17.1958
17.1958
17.0306
17.0306
17.0306
17.0306
17.0306
17.0306
17.0306
17.0306
17.0306
17.0306
17.0306
17.0306
17.0306
17.0306
17.0306
17.0306
17.2173
17.2173
17.2173
17.2173
17.2173
17.2173
17.2173
17.2173
17.6065
17.6065
17.6065
17.6065
17.6065
17.6065
17.6065
17.6065
18.2083
18.2083
18.2083
18.2083
18.2083
18.2083
18.2083
18.2083
19.0265
19.0265
19.0265
19.0265
19.0265
19.0265
19.0265
19.0265
20.0572
20.0572
20.0572
20.0572
20.0572
20.0572
20.0572
20.0572
21.2859
21.2859
21.2859
21.2859
21.2859
21.2859
21.2859
21.2859
22.6857
22.6857
22.6857
22.6857
22.6857
22.6857
22.6857
22.6857
24.2149
24.2149
24.2149
24.2149
24.2149
24.2149
24.2149
24.2149
25.8163
25.8163
25.8163
25.8163
25.8163
25.8163
25.8163
25.8163
27.4195
27.4195
27.4195
27.4195
27.4195
27.4195
27.4195
27.4195
28.9461
28.9461
28.9461
28.9461
28.9461
28.9461
28.9461
28.9461
17.901
17.901
17.901
17.901
17.901
17.901
17.901
17.901
17.4979
17.4979
17.4979
17.4979
17.4979
17.4979
17.4979
17.4979
17.1958
17.1958
17.1958
17.1958
17.1958
17.1958
17.1958
17.1958
17.0306
17.0306
17.0306
17.0306
17.0306
17.0306
17.0306
17.0306
17.0306
17.0306
17.0306
17.0306
17.0306
17.0306
17.0306
17.0306
17.2173
17.2173
17.2173
17.2173
17.2173
17.2173
17.2173
17.2173
17.6065
17.6065
17.6065
17.6065
17.6065
17.6065
17.6065
17.6065
18.2083
18.2083
18.2083
18.2083
18.2083
18.2083
18.2083
18.2083
19.0265
19.0265
19.0265
19.0265
19.0265
19.0265
19.0265
19.0265
20.0572
20.0572
20.0572
20.0572
20.0572
20.0572
20.0572
20.0572
21.2859
21.2859
21.2859
21.2859
21.2859
21.2859
21.2859
21.2859
22.6857
22.6857
22.6857
22.6857
22.6857
22.6857
22.6857
22.6857
24.2149
24.2149
24.2149
24.2149
24.2149
24.2149
24.2149
24.2149
25.8163
25.8163
25.8163
25.8163
25.8163
25.8163
25.8163
25.8163
27.4195
27.4195
27.4195
27.4195
27.4195
27.4195
27.4195
27.4195
28.9461
28.9461
28.9461
28.9461
28.9461
28.9461
28.9461
28.9461
17.901
17.901
17.901
17.901
17.901
17.901
17.901
17.901
17.4979
17.4979
17.4979
17.4979
17.4979
17.4979
17.4979
17.4979
17.1958
17.1958
17.1958
17.1958
17.1958
17.1958
17.1958
17.1958
17.0306
17.0306
17.0306
17.0306
17.0306
17.0306
17.0306
17.0306
17.0306
17.0306
17.0306
17.0306
17.0306
17.0306
17.0306
17.0306
17.2173
17.2173
17.2173
17.2173
17.2173
17.2173
17.2173
17.2173
17.6065
17.6065
17.6065
17.6065
17.6065
17.6065
17.6065
17.6065
18.2083
18.2083
18.2083
18.2083
18.2083
18.2083
18.2083
18.2083
19.0265
19.0265
19.0265
19.0265
19.0265
19.0265
19.0265
19.0265
20.0572
20.0572
20.0572
20.0572
20.0572
20.0572
20.0572
20.0572
21.2859
21.2859
21.2859
21.2859
21.2859
21.2859
21.2859
21.2859
22.6857
22.6857
22.6857
22.6857
22.6857
22.6857
22.6857
22.6857
24.2149
24.2149
24.2149
24.2149
24.2149
24.2149
24.2149
24.2149
25.8163
25.8163
25.8163
25.8163
25.8163
25.8163
25.8163
25.8163
27.4195
27.4195
27.4195
27.4195
27.4195
27.4195
27.4195
27.4195
28.9461
28.9461
28.9461
28.9461
28.9461
28.9461
28.9461
28.9461
17.901
17.901
17.901
17.901
17.901
17.901
17.901
17.901
17.4979
17.4979
17.4979
17.4979
17.4979
17.4979
17.4979
17.4979
17.1958
17.1958
17.1958
17.1958
17.1958
17.1958
17.1958
17.1958
17.0306
17.0306
17.0306
17.0306
17.0306
17.0306
17.0306
17.0306
17.0306
17.0306
17.0306
17.0306
17.0306
17.0306
17.0306
17.0306
17.2173
17.2173
17.2173
17.2173
17.2173
17.2173
17.2173
17.2173
17.6065
17.6065
17.6065
17.6065
17.6065
17.6065
17.6065
17.6065
18.2083
18.2083
18.2083
18.2083
18.2083
18.2083
18.2083
18.2083
19.0265
19.0265
19.0265
19.0265
19.0265
19.0265
19.0265
19.0265
20.0572
20.0572
20.0572
20.0572
20.0572
20.0572
20.0572
20.0572
21.2859
21.2859
21.2859
21.2859
21.2859
21.2859
21.2859
21.2859
22.6857
22.6857
22.6857
22.6857
22.6857
22.6857
22.6857
22.6857
24.2149
24.2149
24.2149
24.2149
24.2149
24.2149
24.2149
24.2149
25.8163
25.8163
25.8163
25.8163
25.8163
25.8163
25.8163
25.8163
27.4195
27.4195
27.4195
27.4195
27.4195
27.4195
27.4195
27.4195
28.9461
28.9461
28.9461
28.9461
28.9461
28.9461
28.9461
28.9461
20.1863
20.1863
20.1863
20.1863
20.1863
20.1863
20.1863
20.1863
19.6468
19.6468
19.6468
19.6468
19.6468
19.6468
19.6468
19.6468
19.2152
19.2152
19.2152
19.2152
19.2152
19.2152
19.2152
19.2152
18.9332
18.9332
18.9332
18.9332
18.9332
18.9332
18.9332
18.9332
18.8326
18.8326
18.8326
18.8326
18.8326
18.8326
18.8326
18.8326
18.9372
18.9372
18.9372
18.9372
18.9372
18.9372
18.9372
18.9372
19.2639
19.2639
19.2639
19.2639
19.2639
19.2639
19.2639
19.2639
19.8228
19.8228
19.8228
19.8228
19.8228
19.8228
19.8228
19.8228
20.6172
20.6172
20.6172
20.6172
20.6172
20.6172
20.6172
20.6172
21.642
21.642
21.642
21.642
21.642
21.642
21.642
21.642
22.8812
22.8812
22.8812
22.8812
22.8812
22.8812
22.8812
22.8812
24.3054
24.3054
24.3054
24.3054
24.3054
24.3054
24.3054
24.3054
25.8696
25.8696
25.8696
25.8696
25.8696
25.8696
25.8696
25.8696
27.5122
27.5122
27.5122
27.5122
27.5122
27.5122
27.5122
27.5122
29.1575
29.1575
29.1575
29.1575
29.1575
29.1575
29.1575
29.1575
30.7204
30.7204
30.7204
30.7204
30.7204
30.7204
30.7204
30.7204
20.1863
20.1863
20.1863
20.1863
20.1863
20.1863
20.1863
20.1863
19.6468
19.6468
19.6468
19.6468
19.6468
19.6468
19.6468
19.6468
19.2152
19.2152
19.2152
19.2152
19.2152
19.2152
19.2152
19.2152
18.9332
18.9332
18.9332
18.9332
18.9332
18.9332
18.9332
18.9332
18.8326
18.8326
18.8326
18.8326
18.8326
18.8326
18.8326
18.8326
18.9372
18.9372
18.9372
18.9372
18.9372
18.9372
18.9372
18.9372
19.2639
19.2639
19.2639
19.2639
19.2639
19.2639
19.2639
19.2639
19.8228
19.8228
19.8228
19.8228
19.8228
19.8228
19.8228
19.8228
20.6172
20.6172
20.6172
20.6172
20.6172
20.6172
20.6172
20.6172
21.642
21.642
21.642
21.642
21.642
21.642
21.642
21.642
22.8812
22.8812
22.8812
22.8812
22.8812
22.8812
22.8812
22.8812
24.3054
24.3054
24.3054
24.3054
24.3054
24.3054
24.3054
24.3054
25.8696
25.8696
25.8696
25.8696
25.8696
25.8696
25.8696
25.8696
27.5122
27.5122
27.5122
27.5122
27.5122
27.5122
27.5122
27.5122
29.1575
29.1575
29.1575
29.1575
29.1575
29.1575
29.1575
29.1575
30.7204
30.7204
30.7204
30.7204
30.7204
30.7204
30.7204
30.7204
20.1863
20.1863
20.1863
20.1863
20.1863
20.1863
20.1863
20.1863
19.6468
19.6468
19.6468
19.6468
19.6468
19.6468
19.6468
19.6468
19.2152
19.2152
19.2152
19.2152
19.2152
19.2152
19.2152
19.2152
18.9332
18.9332
18.9332
18.9332
18.9332
18.9332
18.9332
18.9332
18.8326
18.8326
18.8326
18.8326
18.8326
18.8326
18.8326
18.8326
18.9372
18.9372
18.9372
18.9372
18.9372
18.9372
18.9372
18.9372
19.2639
19.2639
19.2639
19.2639
19.2639
19.2639
19.2639
19.2639
19.8228
19.8228
19.8228
19.8228
19.8228
19.8228
19.8228
19.8228
20.6172
20.6172
20.6172
20.6172
20.6172
20.6172
20.6172
20.6172
21.642
21.642
21.642
21.642
21.642
21.642
21.642
21.642
22.8812
22.8812
22.8812
22.8812
22.8812
22.8812
22.8812
22.8812
24.3054
24.3054
24.3054
24.3054
24.3054
24.3054
24.3054
24.3054
25.8696
25.8696
25.8696
25.8696
25.8696
25.8696
25.8696
25.8696
27.5122
27.5122
27.5122
27.5122
27.5122
27.5122
27.5122
27.5122
29.1575
29.1575
29.1575
29.1575
29.1575
29.1575
29.1575
29.1575
30.7204
30.7204
30.7204
30.7204
30.7204
30.7204
30.7204
30.7204
20.1863
20.1863
20.1863
20.1863
20.1863
20.1863
20.1863
20.1863
19.6468
19.6468
19.6468
19.6468
19.6468
19.6468
19.6468
19.6468
19.2152
19.2152
19.2152
19.2152
19.2152
19.2152
19.2152
19.2152
18.9332
18.9332
18.9332
18.9332
18.9332
18.9332
18.9332
18.9332
18.8326
18.8326
18.8326
18.8326
18.8326
18.8326
18.8326
18.8326
18.9372
18.9372
18.9372
18.9372
18.9372
18.9372
18.9372
18.9372
19.2639
19.2639
19.2639
19.2639
19.2639
19.2639
19.2639
19.2639
19.8228
19.8228
19.8228
19.8228
19.8228
19.8228
19.8228
19.8228
20.6172
20.6172
20.6172
20.6172
20.6172
20.6172
20.6172
20.6172
21.642
21.642
21.642
21.642
21.642
21.642
21.642
21.642
22.8812
22.8812
22.8812
22.8812
22.8812
22.8812
22.8812
22.8812
24.3054
24.3054
24.3054
24.3054
24.3054
24.3054
24.3054
24.3054
25.8696
25.8696
25.8696
25.8696
25.8696
25.8696
25.8696
25.8696
27.5122
27.5122
27.5122
27.5122
27.5122
27.5122
27.5122
27.5122
29.1575
29.1575
29.1575
29.1575
29.1575
29.1575
29.1575
29.1575
30.7204
30.7204
30.7204
30.7204
30.7204
30.7204
30.7204
30.7204
23.118
23.118
23.118
23.118
23.118
23.118
23.118
23.118
22.4211
22.4211
22.4211
22.4211
22.4211
22.4211
22.4211
22.4211
21.8375
21.8375
21.8375
21.8375
21.8375
21.8375
21.8375
21.8375
21.4159
21.4159
21.4159
21.4159
21.4159
21.4159
21.4159
21.4159
21.1929
21.1929
21.1929
21.1929
21.1929
21.1929
21.1929
21.1929
21.1949
21.1949
21.1949
21.1949
21.1949
21.1949
21.1949
21.1949
21.4393
21.4393
21.4393
21.4393
21.4393
21.4393
21.4393
21.4393
21.9359
21.9359
21.9359
21.9359
21.9359
21.9359
21.9359
21.9359
22.6863
22.6863
22.6863
22.6863
22.6863
22.6863
22.6863
22.6863
23.6829
23.6829
23.6829
23.6829
23.6829
23.6829
23.6829
23.6829
24.9068
24.9068
24.9068
24.9068
24.9068
24.9068
24.9068
24.9068
26.3246
26.3246
26.3246
26.3246
26.3246
26.3246
26.3246
26.3246
27.8869
27.8869
27.8869
27.8869
27.8869
27.8869
27.8869
27.8869
29.5272
29.5272
29.5272
29.5272
29.5272
29.5272
29.5272
29.5272
31.1643
31.1643
31.1643
31.1643
31.1643
31.1643
31.1643
31.1643
32.7077
32.7077
32.7077
32.7077
32.7077
32.7077
32.7077
32.7077
23.118
23.118
23.118
23.118
23.118
23.118
23.118
23.118
22.4211
22.4211
22.4211
22.4211
22.4211
22.4211
22.4211
22.4211
21.8375
21.8375
21.8375
21.8375
21.8375
21.8375
21.8375
21.8375
21.4159
21.4159
21.4159
21.4159
21.4159
21.4159
21.4159
21.4159
21.1929
21.1929
21.1929
21.1929
21.1929
21.1929
21.1929
21.1929
21.1949
21.1949
21.1949
21.1949
21.1949
21.1949
21.1949
21.1949
21.4393
21.4393
21.4393
21.4393
21.4393
21.4393
21.4393
21.4393
21.9359
21.9359
21.9359
21.9359
21.9359
21.9359
21.9359
21.9359
22.6863
22.6863
22.6863
22.6863
22.6863
22.6863
22.6863
22.6863
23.6829
23.6829
23.6829
23.6829
23.6829
23.6829
23.6829
23.6829
24.9068
24.9068
24.9068
24.9068
24.9068
24.9068
24.9068
24.9068
26.3246
26.3246
26.3246
26.3246
26.3246
26.3246
26.3246
26.3246
27.8869
27.8869
27.8869
27.8869
27.8869
27.8869
27.8869
27.8869
29.5272
29.5272
29.5272
29.5272
29.5272
29.5272
29.5272
29.5272
31.1643
31.1643
31.1643
31.1643
31.1643
31.1643
31.1643
31.1643
32.7077
32.7077
32.7077
32.7077
32.7077
32.7077
32.7077
32.7077
23.118
23.118
23.118
23.118
23.118
23.118
23.118
23.118
22.4211
22.4211
22.4211
22.4211
22.4211
22.4211
22.4211
22.4211
21.8375
21.8375
21.8375
21.8375
21.8375
21.8375
21.8375
21.8375
21.4159
21.4159
21.4159
21.4159
21.4159
21.4159
21.4159
21.4159
21.1929
21.1929
21.1929
21.1929
21.1929
21.1929
21.1929
21.1929
21.1949
21.1949
21.1949
21.1949
21.1949
21.1949
21.1949
21.1949
21.4393
21.4393
21.4393
21.4393
21.4393
21.4393
21.4393
21.4393
21.9359
21.9359
21.9359
21.9359
21.9359
21.9359
21.9359
21.9359
22.6863
22.6863
22.6863
22.6863
22.6863
22.6863
22.6863
22.6863
23.6829
23.6829
23.6829
23.6829
23.6829
23.6829
23.6829
23.6829
24.9068
24.9068
24.9068
24.9068
24.9068
24.9068
24.9068
24.9068
26.3246
26.3246
26.3246
26.3246
26.3246
26.3246
26.3246
26.3246
27.8869
27.8869
27.8869
27.8869
27.8869
27.8869
27.8869
27.8869
29.5272
29.5272
29.5272
29.5272
29.5272
29.5272
29.5272
29.5272
31.1643
31.1643
31.1643
31.1643
31.1643
31.1643
31.1643
31.1643
32.7077
32.7077
32.7077
32.7077
32.7077
32.7077
32.7077
32.7077
23.118
23.118
23.118
23.118
23.118
23.118
23.118
23.118
22.4211
22.4211
22.4211
22.4211
22.4211
22.4211
22.4211
22.4211
21.8375
21.8375
21.8375
21.8375
21.8375
21.8375
21.8375
21.8375
21.4159
21.4159
21.4159
21.4159
21.4159
21.4159
21.4159
21.4159
21.1929
21.1929
21.1929
21.1929
21.1929
21.1929
21.1929
21.1929
21.1949
21.1949
21.1949
21.1949
21.1949
21.1949
21.1949
21.1949
21.4393
21.4393
21.4393
21.4393
21.4393
21.4393
21.4393
21.4393
21.9359
21.9359
21.9359
21.9359
21.9359
21.9359
21.9359
21.9359
22.6863
22.6863
22.6863
22.6863
22.6863
22.6863
22.6863
22.6863
23.6829
23.6829
23.6829
23.6829
23.6829
23.6829
23.6829
23.6829
24.9068
24.9068
24.9068
24.9068
24.9068
24.9068
24.9068
24.9068
26.3246
26.3246
26.3246
26.3246
26.3246
26.3246
26.3246
26.3246
27.8869
27.8869
27.8869
27.8869
27.8869
27.8869
27.8869
27.8869
29.5272
29.5272
29.5272
29.5272
29.5272
29.5272
29.5272
29.5272
31.1643
31.1643
31.1643
31.1643
31.1643
31.1643
31.1643
31.1643
32.7077
32.7077
32.7077
32.7077
32.7077
32.7077
32.7077
32.7077
26.7637
26.7637
26.7637
26.7637
26.7637
26.7637
26.7637
26.7637
25.8872
25.8872
25.8872
25.8872
25.8872
25.8872
25.8872
25.8872
25.1268
25.1268
25.1268
25.1268
25.1268
25.1268
25.1268
25.1268
24.5397
24.5397
24.5397
24.5397
24.5397
24.5397
24.5397
24.5397
24.1683
24.1683
24.1683
24.1683
24.1683
24.1683
24.1683
24.1683
24.0417
24.0417
24.0417
24.0417
24.0417
24.0417
24.0417
24.0417
24.1783
24.1783
24.1783
24.1783
24.1783
24.1783
24.1783
24.1783
24.5868
24.5868
24.5868
24.5868
24.5868
24.5868
24.5868
24.5868
25.2663
25.2663
25.2663
25.2663
25.2663
25.2663
25.2663
25.2663
26.2058
26.2058
26.2058
26.2058
26.2058
26.2058
26.2058
26.2058
27.3817
27.3817
27.3817
27.3817
27.3817
27.3817
27.3817
27.3817
28.7556
28.7556
28.7556
28.7556
28.7556
28.7556
28.7556
28.7556
30.2728
30.2728
30.2728
30.2728
30.2728
30.2728
30.2728
30.2728
31.8613
31.8613
31.8613
31.8613
31.8613
31.8613
31.8613
31.8613
33.4352
33.4352
33.4352
33.4352
33.4352
33.4352
33.4352
33.4352
34.9
34.9
34.9
34.9
34.9
34.9
34.9
34.9
26.7637
26.7637
26.7637
26.7637
26.7637
26.7637
26.7637
26.7637
25.8872
25.8872
25.8872
25.8872
25.8872
25.8872
25.8872
25.8872
25.1268
25.1268
25.1268
25.1268
25.1268
25.1268
25.1268
25.1268
24.5397
24.5397
24.5397
24.5397
24.5397
24.5397
24.5397
24.5397
24.1683
24.1683
24.1683
24.1683
24.1683
24.1683
24.1683
24.1683
24.0417
24.0417
24.0417
24.0417
24.0417
24.0417
24.0417
24.0417
24.1783
24.1783
24.1783
24.1783
24.1783
24.1783
24.1783
24.1783
24.5868
24.5868
24.5868
24.5868
24.5868
24.5868
24.5868
24.5868
25.2663
25.2663
25.2663
25.2663
25.2663
25.2663
25.2663
25.2663
26.2058
26.2058
26.2058
26.2058
26.2058
26.2058
26.2058
26.2058
27.3817
27.3817
27.3817
27.3817
27.3817
27.3817
27.3817
27.3817
28.7556
28.7556
28.7556
28.7556
28.7556
28.7556
28.7556
28.7556
30.2728
30.2728
30.2728
30.2728
30.2728
30.2728
30.2728
30.2728
31.8613
31.8613
31.8613
31.8613
31.8613
31.8613
31.8613
31.8613
33.4352
33.4352
33.4352
33.4352
33.4352
33.4352
33.4352
33.4352
34.9
34.9
34.9
34.9
34.9
34.9
34.9
34.9
26.7637
26.7637
26.7637
26.7637
26.7637
26.7637
26.7637
26.7637
25.8872
25.8872
25.8872
25.8872
25.8872
25.8872
25.8872
25.8872
25.1268
25.1268
25.1268
25.1268
25.1268
25.1268
25.1268
25.1268
24.5397
24.5397
24.5397
24.5397
24.5397
24.5397
24.5397
24.5397
24.1683
24.1683
24.1683
24.1683
24.1683
24.1683
24.1683
24.1683
24.0417
24.0417
24.0417
24.0417
24.0417
24.0417
24.0417
24.0417
24.1783
24.1783
24.1783
24.1783
24.1783
24.1783
24.1783
24.1783
24.5868
24.5868
24.5868
24.5868
24.5868
24.5868
24.5868
24.5868
25.2663
25.2663
25.2663
25.2663
25.2663
25.2663
25.2663
25.2663
26.2058
26.2058
26.2058
26.2058
26.2058
26.2058
26.2058
26.2058
27.3817
27.3817
27.3817
27.3817
27.3817
27.3817
27.3817
27.3817
28.7556
28.7556
28.7556
28.7556
28.7556
28.7556
28.7556
28.7556
30.2728
30.2728
30.2728
30.2728
30.2728
30.2728
30.2728
30.2728
31.8613
31.8613
31.8613
31.8613
31.8613
31.8613
31.8613
31.8613
33.4352
33.4352
33.4352
33.4352
33.4352
33.4352
33.4352
33.4352
34.9
34.9
34.9
34.9
34.9
34.9
34.9
34.9
26.7637
26.7637
26.7637
26.7637
26.7637
26.7637
26.7637
26.7637
25.8872
25.8872
25.8872
25.8872
25.8872
25.8872
25.8872
25.8872
25.1268
25.1268
25.1268
25.1268
25.1268
25.1268
25.1268
25.1268
24.5397
24.5397
24.5397
24.5397
24.5397
24.5397
24.5397
24.5397
24.1683
24.1683
24.1683
24.1683
24.1683
24.1683
24.1683
24.1683
24.0417
24.0417
24.0417
24.0417
24.0417
24.0417
24.0417
24.0417
24.1783
24.1783
24.1783
24.1783
24.1783
24.1783
24.1783
24.1783
24.5868
24.5868
24.5868
24.5868
24.5868
24.5868
24.5868
24.5868
25.2663
25.2663
25.2663
25.2663
25.2663
25.2663
25.2663
25.2663
26.2058
26.2058
26.2058
26.2058
26.2058
26.2058
26.2058
26.2058
27.3817
27.3817
27.3817
27.3817
27.3817
27.3817
27.3817
27.3817
28.7556
28.7556
28.7556
28.7556
28.7556
28.7556
28.7556
28.7556
30.2728
30.2728
30.2728
30.2728
30.2728
30.2728
30.2728
30.2728
31.8613
31.8613
31.8613
31.8613
31.8613
31.8613
31.8613
31.8613
33.4352
33.4352
33.4352
33.4352
33.4352
33.4352
33.4352
33.4352
34.9
34.9
34.9
34.9
34.9
34.9
34.9
34.9
31.1457
31.1457
31.1457
31.1457
31.1457
31.1457
31.1457
31.1457
30.0707
30.0707
30.0707
30.0707
30.0707
30.0707
30.0707
30.0707
29.1105
29.1105
29.1105
29.1105
29.1105
29.1105
29.1105
29.1105
28.332
28.332
28.332
28.332
28.332
28.332
28.332
28.332
27.7841
27.7841
27.7841
27.7841
27.7841
27.7841
27.7841
27.7841
27.4999
27.4999
27.4999
27.4999
27.4999
27.4999
27.4999
27.4999
27.4986
27.4986
27.4986
27.4986
27.4986
27.4986
27.4986
27.4986
27.7875
27.7875
27.7875
27.7875
27.7875
27.7875
27.7875
27.7875
28.3628
28.3628
28.3628
28.3628
28.3628
28.3628
28.3628
28.3628
29.2088
29.2088
29.2088
29.2088
29.2088
29.2088
29.2088
29.2088
30.2967
30.2967
30.2967
30.2967
30.2967
30.2967
30.2967
30.2967
31.5821
31.5821
31.5821
31.5821
31.5821
31.5821
31.5821
31.5821
33.0045
33.0045
33.0045
33.0045
33.0045
33.0045
33.0045
33.0045
34.4868
34.4868
34.4868
34.4868
34.4868
34.4868
34.4868
34.4868
35.9392
35.9392
35.9392
35.9392
35.9392
35.9392
35.9392
35.9392
37.2654
37.2654
37.2654
37.2654
37.2654
37.2654
37.2654
37.2654
31.1457
31.1457
31.1457
31.1457
31.1457
31.1457
31.1457
31.1457
30.0707
30.0707
30.0707
30.0707
30.0707
30.0707
30.0707
30.0707
29.1105
29.1105
29.1105
29.1105
29.1105
29.1105
29.1105
29.1105
28.332
28.332
28.332
28.332
28.332
28.332
28.332
28.332
27.7841
27.7841
27.7841
27.7841
27.7841
27.7841
27.7841
27.7841
27.4999
27.4999
27.4999
27.4999
27.4999
27.4999
27.4999
27.4999
27.4986
27.4986
27.4986
27.4986
27.4986
27.4986
27.4986
27.4986
27.7875
27.7875
27.7875
27.7875
27.7875
27.7875
27.7875
27.7875
28.3628
28.3628
28.3628
28.3628
28.3628
28.3628
28.3628
28.3628
29.2088
29.2088
29.2088
29.2088
29.2088
29.2088
29.2088
29.2088
30.2967
30.2967
30.2967
30.2967
30.2967
30.2967
30.2967
30.2967
31.5821
31.5821
31.5821
31.5821
31.5821
31.5821
31.5821
31.5821
33.0045
33.0045
33.0045
33.0045
33.0045
33.0045
33.0045
33.0045
34.4868
34.4868
34.4868
34.4868
34.4868
34.4868
34.4868
34.4868
35.9392
35.9392
35.9392
35.9392
35.9392
35.9392
35.9392
35.9392
37.2654
37.2654
37.2654
37.2654
37.2654
37.2654
37.2654
37.2654
31.1457
31.1457
31.1457
31.1457
31.1457
31.1457
31.1457
31.1457
30.0707
30.0707
30.0707
30.0707
30.0707
30.0707
30.0707
30.0707
29.1105
29.1105
29.1105
29.1105
29.1105
29.1105
29.1105
29.1105
28.332
28.332
28.332
28.332
28.332
28.332
28.332
28.332
27.7841
27.7841
27.7841
27.7841
27.7841
27.7841
27.7841
27.7841
27.4999
27.4999
27.4999
27.4999
27.4999
27.4999
27.4999
27.4999
27.4986
27.4986
27.4986
27.4986
27.4986
27.4986
27.4986
27.4986
27.7875
27.7875
27.7875
27.7875
27.7875
27.7875
27.7875
27.7875
28.3628
28.3628
28.3628
28.3628
28.3628
28.3628
28.3628
28.3628
29.2088
29.2088
29.2088
29.2088
29.2088
29.2088
29.2088
29.2088
30.2967
30.2967
30.2967
30.2967
30.2967
30.2967
30.2967
30.2967
31.5821
31.5821
31.5821
31.5821
31.5821
31.5821
31.5821
31.5821
33.0045
33.0045
33.0045
33.0045
33.0045
33.0045
33.0045
33.0045
34.4868
34.4868
34.4868
34.4868
34.4868
34.4868
34.4868
34.4868
35.9392
35.9392
35.9392
35.9392
35.9392
35.9392
35.9392
35.9392
37.2654
37.2654
37.2654
37.2654
37.2654
37.2654
37.2654
37.2654
31.1457
31.1457
31.1457
31.1457
31.1457
31.1457
31.1457
31.1457
30.0707
30.0707
30.0707
30.0707
30.0707
30.0707
30.0707
30.0707
29.1105
29.1105
29.1105
29.1105
29.1105
29.1105
29.1105
29.1105
28.332
28.332
28.332
28.332
28.332
28.332
28.332
28.332
27.7841
27.7841
27.7841
27.7841
27.7841
27.7841
27.7841
27.7841
27.4999
27.4999
27.4999
27.4999
27.4999
27.4999
27.4999
27.4999
27.4986
27.4986
27.4986
27.4986
27.4986
27.4986
27.4986
27.4986
27.7875
27.7875
27.7875
27.7875
27.7875
27.7875
27.7875
27.7875
28.3628
28.3628
28.3628
28.3628
28.3628
28.3628
28.3628
28.3628
29.2088
29.2088
29.2088
29.2088
29.2088
29.2088
29.2088
29.2088
30.2967
30.2967
30.2967
30.2967
30.2967
30.2967
30.2967
30.2967
31.5821
31.5821
31.5821
31.5821
31.5821
31.5821
31.5821
31.5821
33.0045
33.0045
33.0045
33.0045
33.0045
33.0045
33.0045
33.0045
34.4868
34.4868
34.4868
34.4868
34.4868
34.4868
34.4868
34.4868
35.9392
35.9392
35.9392
35.9392
35.9392
35.9392
35.9392
35.9392
37.2654
37.2654
37.2654
37.2654
37.2654
37.2654
37.2654
37.2654
36.2068
36.2068
36.2068
36.2068
36.2068
36.2068
36.2068
36.2068
34.9239
34.9239
34.9239
34.9239
34.9239
34.9239
34.9239
34.9239
33.7485
33.7485
33.7485
33.7485
33.7485
33.7485
33.7485
33.7485
32.7582
32.7582
32.7582
32.7582
32.7582
32.7582
32.7582
32.7582
32.0094
32.0094
32.0094
32.0094
32.0094
32.0094
32.0094
32.0094
31.5394
31.5394
31.5394
31.5394
31.5394
31.5394
31.5394
31.5394
31.3687
31.3687
31.3687
31.3687
31.3687
31.3687
31.3687
31.3687
31.5035
31.5035
31.5035
31.5035
31.5035
31.5035
31.5035
31.5035
31.9365
31.9365
31.9365
31.9365
31.9365
31.9365
31.9365
31.9365
32.6473
32.6473
32.6473
32.6473
32.6473
32.6473
32.6473
32.6473
33.6012
33.6012
33.6012
33.6012
33.6012
33.6012
33.6012
33.6012
34.748
34.748
34.748
34.748
34.748
34.748
34.748
34.748
36.0216
36.0216
36.0216
36.0216
36.0216
36.0216
36.0216
36.0216
37.3408
37.3408
37.3408
37.3408
37.3408
37.3408
37.3408
37.3408
38.6136
38.6136
38.6136
38.6136
38.6136
38.6136
38.6136
38.6136
39.7438
39.7438
39.7438
39.7438
39.7438
39.7438
39.7438
39.7438
36.2068
36.2068
36.2068
36.2068
36.2068
36.2068
36.2068
36.2068
34.9239
34.9239
34.9239
34.9239
34.9239
34.9239
34.9239
34.9239
33.7485
33.7485
33.7485
33.7485
33.7485
33.7485
33.7485
33.7485
32.7582
32.7582
32.7582
32.7582
32.7582
32.7582
32.7582
32.7582
32.0094
32.0094
32.0094
32.0094
32.0094
32.0094
32.0094
32.0094
31.5394
31.5394
31.5394
31.5394
31.5394
31.5394
31.5394
31.5394
31.3687
31.3687
31.3687
31.3687
31.3687
31.3687
31.3687
31.3687
31.5035
31.5035
31.5035
31.5035
31.5035
31.5035
31.5035
31.5035
31.9365
31.9365
31.9365
31.9365
31.9365
31.9365
31.9365
31.9365
32.6473
32.6473
32.6473
32.6473
32.6473
32.6473
32.6473
32.6473
33.6012
33.6012
33.6012
33.6012
33.6012
33.6012
33.6012
33.6012
34.748
34.748
34.748
34.748
34.748
34.748
34.748
34.748
36.0216
36.0216
36.0216
36.0216
36.0216
36.0216
36.0216
36.0216
37.3408
37.3408
37.3408
37.3408
37.3408
37.3408
37.3408
37.3408
38.6136
38.6136
38.6136
38.6136
38.6136
38.6136
38.6136
38.6136
39.7438
39.7438
39.7438
39.7438
39.7438
39.7438
39.7438
39.7438
36.2068
36.2068
36.2068
36.2068
36.2068
36.2068
36.2068
36.2068
34.9239
34.9239
34.9239
34.9239
34.9239
34.9239
34.9239
34.9239
33.7485
33.7485
33.7485
33.7485
33.7485
33.7485
33.7485
33.7485
32.7582
32.7582
32.7582
32.7582
32.7582
32.7582
32.7582
32.7582
32.0094
32.0094
32.0094
32.0094
32.0094
32.0094
32.0094
32.0094
31.5394
31.5394
31.5394
31.5394
31.5394
31.5394
31.5394
31.5394
31.3687
31.3687
31.3687
31.3687
31.3687
31.3687
31.3687
31.3687
31.5035
31.5035
31.5035
31.5035
31.5035
31.5035
31.5035
31.5035
31.9365
31.9365
31.9365
31.9365
31.9365
31.9365
31.9365
31.9365
32.6473
32.6473
32.6473
32.6473
32.6473
32.6473
32.6473
32.6473
33.6012
33.6012
33.6012
33.6012
33.6012
33.6012
33.6012
33.6012
34.748
34.748
34.748
34.748
34.748
34.748
34.748
34.748
36.0216
36.0216
36.0216
36.0216
36.0216
36.0216
36.0216
36.0216
37.3408
37.3408
37.3408
37.3408
37.3408
37.3408
37.3408
37.3408
38.6136
38.6136
38.6136
38.6136
38.6136
38.6136
38.6136
38.6136
39.7438
39.7438
39.7438
39.7438
39.7438
39.7438
39.7438
39.7438
36.2068
36.2068
36.2068
36.2068
36.2068
36.2068
36.2068
36.2068
34.9239
34.9239
34.9239
34.9239
34.9239
34.9239
34.9239
34.9239
33.7485
33.7485
33.7485
33.7485
33.7485
33.7485
33.7485
33.7485
32.7582
32.7582
32.7582
32.7582
32.7582
32.7582
32.7582
32.7582
32.0094
32.0094
32.0094
32.0094
32.0094
32.0094
32.0094
32.0094
31.5394
31.5394
31.5394
31.5394
31.5394
31.5394
31.5394
31.5394
31.3687
31.3687
31.3687
31.3687
31.3687
31.3687
31.3687
31.3687
31.5035
31.5035
31.5035
31.5035
31.5035
31.5035
31.5035
31.5035
31.9365
31.9365
31.9365
31.9365
31.9365
31.9365
31.9365
31.9365
32.6473
32.6473
32.6473
32.6473
32.6473
32.6473
32.6473
32.6473
33.6012
33.6012
33.6012
33.6012
33.6012
33.6012
33.6012
33.6012
34.748
34.748
34.748
34.748
34.748
34.748
34.748
34.748
36.0216
36.0216
36.0216
36.0216
36.0216
36.0216
36.0216
36.0216
37.3408
37.3408
37.3408
37.3408
37.3408
37.3408
37.3408
37.3408
38.6136
38.6136
38.6136
38.6136
38.6136
38.6136
38.6136
38.6136
39.7438
39.7438
39.7438
39.7438
39.7438
39.7438
39.7438
39.7438
41.7765
41.7765
41.7765
41.7765
41.7765
41.7765
41.7765
41.7765
40.2932
40.2932
40.2932
40.2932
40.2932
40.2932
40.2932
40.2932
38.9029
38.9029
38.9029
38.9029
38.9029
38.9029
38.9029
38.9029
37.6935
37.6935
37.6935
37.6935
37.6935
37.6935
37.6935
37.6935
36.7294
36.7294
36.7294
36.7294
36.7294
36.7294
36.7294
36.7294
36.0527
36.0527
36.0527
36.0527
36.0527
36.0527
36.0527
36.0527
35.6858
35.6858
35.6858
35.6858
35.6858
35.6858
35.6858
35.6858
35.6339
35.6339
35.6339
35.6339
35.6339
35.6339
35.6339
35.6339
35.8867
35.8867
35.8867
35.8867
35.8867
35.8867
35.8867
35.8867
36.4194
36.4194
36.4194
36.4194
36.4194
36.4194
36.4194
36.4194
37.1919
37.1919
37.1919
37.1919
37.1919
37.1919
37.1919
37.1919
38.1488
38.1488
38.1488
38.1488
38.1488
38.1488
38.1488
38.1488
39.2198
39.2198
39.2198
39.2198
39.2198
39.2198
39.2198
39.2198
40.3213
40.3213
40.3213
40.3213
40.3213
40.3213
40.3213
40.3213
41.3615
41.3615
41.3615
41.3615
41.3615
41.3615
41.3615
41.3615
42.2469
42.2469
42.2469
42.2469
42.2469
42.2469
42.2469
42.2469
41.7765
41.7765
41.7765
41.7765
41.7765
41.7765
41.7765
41.7765
40.2932
40.2932
40.2932
40.2932
40.2932
40.2932
40.2932
40.2932
38.9029
38.9029
38.9029
38.9029
38.9029
38.9029
38.9029
38.9029
37.6935
37.6935
37.6935
37.6935
37.6935
37.6935
37.6935
37.6935
36.7294
36.7294
36.7294
36.7294
36.7294
36.7294
36.7294
36.7294
36.0527
36.0527
36.0527
36.0527
36.0527
36.0527
36.0527
36.0527
35.6858
35.6858
35.6858
35.6858
35.6858
35.6858
35.6858
35.6858
35.6339
35.6339
35.6339
35.6339
35.6339
35.6339
35.6339
35.6339
35.8867
35.8867
35.8867
35.8867
35.8867
35.8867
35.8867
35.8867
36.4194
36.4194
36.4194
36.4194
36.4194
36.4194
36.4194
36.4194
37.1919
37.1919
37.1919
37.1919
37.1919
37.1919
37.1919
37.1919
38.1488
38.1488
38.1488
38.1488
38.1488
38.1488
38.1488
38.1488
39.2198
39.2198
39.2198
39.2198
39.2198
39.2198
39.2198
39.2198
40.3213
40.3213
40.3213
40.3213
40.3213
40.3213
40.3213
40.3213
41.3615
41.3615
41.3615
41.3615
41.3615
41.3615
41.3615
41.3615
42.2469
42.2469
42.2469
42.2469
42.2469
42.2469
42.2469
42.2469
41.7765
41.7765
41.7765
41.7765
41.7765
41.7765
41.7765
41.7765
40.2932
40.2932
40.2932
40.2932
40.2932
40.2932
40.2932
40.2932
38.9029
38.9029
38.9029
38.9029
38.9029
38.9029
38.9029
38.9029
37.6935
37.6935
37.6935
37.6935
37.6935
37.6935
37.6935
37.6935
36.7294
36.7294
36.7294
36.7294
36.7294
36.7294
36.7294
36.7294
36.0527
36.0527
36.0527
36.0527
36.0527
36.0527
36.0527
36.0527
35.6858
35.6858
35.6858
35.6858
35.6858
35.6858
35.6858
35.6858
35.6339
35.6339
35.6339
35.6339
35.6339
35.6339
35.6339
35.6339
35.8867
35.8867
35.8867
35.8867
35.8867
35.8867
35.8867
35.8867
36.4194
36.4194
36.4194
36.4194
36.4194
36.4194
36.4194
36.4194
37.1919
37.1919
37.1919
37.1919
37.1919
37.1919
37.1919
37.1919
38.1488
38.1488
38.1488
38.1488
38.1488
38.1488
38.1488
38.1488
39.2198
39.2198
39.2198
39.2198
39.2198
39.2198
39.2198
39.2198
40.3213
40.3213
40.3213
40.3213
40.3213
40.3213
40.3213
40.3213
41.3615
41.3615
41.3615
41.3615
41.3615
41.3615
41.3615
41.3615
42.2469
42.2469
42.2469
42.2469
42.2469
42.2469
42.2469
42.2469
41.7765
41.7765
41.7765
41.7765
41.7765
41.7765
41.7765
41.7765
40.2932
40.2932
40.2932
40.2932
40.2932
40.2932
40.2932
40.2932
38.9029
38.9029
38.9029
38.9029
38.9029
38.9029
38.9029
38.9029
37.6935
37.6935
37.6935
37.6935
37.6935
37.6935
37.6935
37.6935
36.7294
36.7294
36.7294
36.7294
36.7294
36.7294
36.7294
36.7294
36.0527
36.0527
36.0527
36.0527
36.0527
36.0527
36.0527
36.0527
35.6858
35.6858
35.6858
35.6858
35.6858
35.6858
35.6858
35.6858
35.6339
35.6339
35.6339
35.6339
35.6339
35.6339
35.6339
35.6339
35.8867
35.8867
35.8867
35.8867
35.8867
35.8867
35.8867
35.8867
36.4194
36.4194
36.4194
36.4194
36.4194
36.4194
36.4194
36.4194
37.1919
37.1919
37.1919
37.1919
37.1919
37.1919
37.1919
37.1919
38.1488
38.1488
38.1488
38.1488
38.1488
38.1488
38.1488
38.1488
39.2198
39.2198
39.2198
39.2198
39.2198
39.2198
39.2198
39.2198
40.3213
40.3213
40.3213
40.3213
40.3213
40.3213
40.3213
40.3213
41.3615
41.3615
41.3615
41.3615
41.3615
41.3615
41.3615
41.3615
42.2469
42.2469
42.2469
42.2469
42.2469
42.2469
42.2469
42.2469
47.553
47.553
47.553
47.553
47.553
47.553
47.553
47.553
45.9006
45.9006
45.9006
45.9006
45.9006
45.9006
45.9006
45.9006
44.3186
44.3186
44.3186
44.3186
44.3186
44.3186
44.3186
44.3186
42.9043
42.9043
42.9043
42.9043
42.9043
42.9043
42.9043
42.9043
41.7293
41.7293
41.7293
41.7293
41.7293
41.7293
41.7293
41.7293
40.8404
40.8404
40.8404
40.8404
40.8404
40.8404
40.8404
40.8404
40.2624
40.2624
40.2624
40.2624
40.2624
40.2624
40.2624
40.2624
40.0005
40.0005
40.0005
40.0005
40.0005
40.0005
40.0005
40.0005
40.0424
40.0424
40.0424
40.0424
40.0424
40.0424
40.0424
40.0424
40.3597
40.3597
40.3597
40.3597
40.3597
40.3597
40.3597
40.3597
40.9085
40.9085
40.9085
40.9085
40.9085
40.9085
40.9085
40.9085
41.6301
41.6301
41.6301
41.6301
41.6301
41.6301
41.6301
41.6301
42.4518
42.4518
42.4518
42.4518
42.4518
42.4518
42.4518
42.4518
43.2903
43.2903
43.2903
43.2903
43.2903
43.2903
43.2903
43.2903
44.0564
44.0564
44.0564
44.0564
44.0564
44.0564
44.0564
44.0564
44.6623
44.6623
44.6623
44.6623
44.6623
44.6623
44.6623
44.6623
47.553
47.553
47.553
47.553
47.553
47.553
47.553
47.553
45.9006
45.9006
45.9006
45.9006
45.9006
45.9006
45.9006
45.9006
44.3186
44.3186
44.3186
44.3186
44.3186
44.3186
44.3186
44.3186
42.9043
42.9043
42.9043
42.9043
42.9043
42.9043
42.9043
42.9043
41.7293
41.7293
41.7293
41.7293
41.7293
41.7293
41.7293
41.7293
40.8404
40.8404
40.8404
40.8404
40.8404
40.8404
40.8404
40.8404
40.2624
40.2624
40.2624
40.2624
40.2624
40.2624
40.2624
40.2624
40.0005
40.0005
40.0005
40.0005
40.0005
40.0005
40.0005
40.0005
40.0424
40.0424
40.0424
40.0424
40.0424
40.0424
40.0424
40.0424
40.3597
40.3597
40.3597
40.3597
40.3597
40.3597
40.3597
40.3597
40.9085
40.9085
40.9085
40.9085
40.9085
40.9085
40.9085
40.9085
41.6301
41.6301
41.6301
41.6301
41.6301
41.6301
41.6301
41.6301
42.4518
42.4518
42.4518
42.4518
42.4518
42.4518
42.4518
42.4518
43.2903
43.2903
43.2903
43.2903
43.2903
43.2903
43.2903
43.2903
44.0564
44.0564
44.0564
44.0564
44.0564
44.0564
44.0564
44.0564
44.6623
44.6623
44.6623
44.6623
44.6623
44.6623
44.6623
44.6623
47.553
47.553
47.553
47.553
47.553
47.553
47.553
47.553
45.9006
45.9006
45.9006
45.9006
45.9006
45.9006
45.9006
45.9006
44.3186
44.3186
44.3186
44.3186
44.3186
44.3186
44.3186
44.3186
42.9043
42.9043
42.9043
42.9043
42.9043
42.9043
42.9043
42.9043
41.7293
41.7293
41.7293
41.7293
41.7293
41.7293
41.7293
41.7293
40.8404
40.8404
40.8404
40.8404
40.8404
40.8404
40.8404
40.8404
40.2624
40.2624
40.2624
40.2624
40.2624
40.2624
40.2624
40.2624
40.0005
40.0005
40.0005
40.0005
40.0005
40.0005
40.0005
40.0005
40.0424
40.0424
40.0424
40.0424
40.0424
40.0424
40.0424
40.0424
40.3597
40.3597
40.3597
40.3597
40.3597
40.3597
40.3597
40.3597
40.9085
40.9085
40.9085
40.9085
40.9085
40.9085
40.9085
40.9085
41.6301
41.6301
41.6301
41.6301
41.6301
41.6301
41.6301
41.6301
42.4518
42.4518
42.4518
42.4518
42.4518
42.4518
42.4518
42.4518
43.2903
43.2903
43.2903
43.2903
43.2903
43.2903
43.2903
43.2903
44.0564
44.0564
44.0564
44.0564
44.0564
44.0564
44.0564
44.0564
44.6623
44.6623
44.6623
44.6623
44.6623
44.6623
44.6623
44.6623
47.553
47.553
47.553
47.553
47.553
47.553
47.553
47.553
45.9006
45.9006
45.9006
45.9006
45.9006
45.9006
45.9006
45.9006
44.3186
44.3186
44.3186
44.3186
44.3186
44.3186
44.3186
44.3186
42.9043
42.9043
42.9043
42.9043
42.9043
42.9043
42.9043
42.9043
41.7293
41.7293
41.7293
41.7293
41.7293
41.7293
41.7293
41.7293
40.8404
40.8404
40.8404
40.8404
40.8404
40.8404
40.8404
40.8404
40.2624
40.2624
40.2624
40.2624
40.2624
40.2624
40.2624
40.2624
40.0005
40.0005
40.0005
40.0005
40.0005
40.0005
40.0005
40.0005
40.0424
40.0424
40.0424
40.0424
40.0424
40.0424
40.0424
40.0424
40.3597
40.3597
40.3597
40.3597
40.3597
40.3597
40.3597
40.3597
40.9085
40.9085
40.9085
40.9085
40.9085
40.9085
40.9085
40.9085
41.6301
41.6301
41.6301
41.6301
41.6301
41.6301
41.6301
41.6301
42.4518
42.4518
42.4518
42.4518
42.4518
42.4518
42.4518
42.4518
43.2903
43.2903
43.2903
43.2903
43.2903
43.2903
43.2903
43.2903
44.0564
44.0564
44.0564
44.0564
44.0564
44.0564
44.0564
44.0564
44.6623
44.6623
44.6623
44.6623
44.6623
44.6623
44.6623
44.6623
53.1221
53.1221
53.1221
53.1221
53.1221
53.1221
53.1221
53.1221
51.358
51.358
51.358
51.358
51.358
51.358
51.358
51.358
49.6352
49.6352
49.6352
49.6352
49.6352
49.6352
49.6352
49.6352
48.0569
48.0569
48.0569
48.0569
48.0569
48.0569
48.0569
48.0569
46.7001
46.7001
46.7001
46.7001
46.7001
46.7001
46.7001
46.7001
45.6161
45.6161
45.6161
45.6161
45.6161
45.6161
45.6161
45.6161
44.8321
44.8321
44.8321
44.8321
44.8321
44.8321
44.8321
44.8321
44.3542
44.3542
44.3542
44.3542
44.3542
44.3542
44.3542
44.3542
44.1694
44.1694
44.1694
44.1694
44.1694
44.1694
44.1694
44.1694
44.2479
44.2479
44.2479
44.2479
44.2479
44.2479
44.2479
44.2479
44.5441
44.5441
44.5441
44.5441
44.5441
44.5441
44.5441
44.5441
44.9984
44.9984
44.9984
44.9984
44.9984
44.9984
44.9984
44.9984
45.539
45.539
45.539
45.539
45.539
45.539
45.539
45.539
46.0856
46.0856
46.0856
46.0856
46.0856
46.0856
46.0856
46.0856
46.5546
46.5546
46.5546
46.5546
46.5546
46.5546
46.5546
46.5546
46.8659
46.8659
46.8659
46.8659
46.8659
46.8659
46.8659
46.8659
53.1221
53.1221
53.1221
53.1221
53.1221
53.1221
53.1221
53.1221
51.358
51.358
51.358
51.358
51.358
51.358
51.358
51.358
49.6352
49.6352
49.6352
49.6352
49.6352
49.6352
49.6352
49.6352
48.0569
48.0569
48.0569
48.0569
48.0569
48.0569
48.0569
48.0569
46.7001
46.7001
46.7001
46.7001
46.7001
46.7001
46.7001
46.7001
45.6161
45.6161
45.6161
45.6161
45.6161
45.6161
45.6161
45.6161
44.8321
44.8321
44.8321
44.8321
44.8321
44.8321
44.8321
44.8321
44.3542
44.3542
44.3542
44.3542
44.3542
44.3542
44.3542
44.3542
44.1694
44.1694
44.1694
44.1694
44.1694
44.1694
44.1694
44.1694
44.2479
44.2479
44.2479
44.2479
44.2479
44.2479
44.2479
44.2479
44.5441
44.5441
44.5441
44.5441
44.5441
44.5441
44.5441
44.5441
44.9984
44.9984
44.9984
44.9984
44.9984
44.9984
44.9984
44.9984
45.539
45.539
45.539
45.539
45.539
45.539
45.539
45.539
46.0856
46.0856
46.0856
46.0856
46.0856
46.0856
46.0856
46.0856
46.5546
46.5546
46.5546
46.5546
46.5546
46.5546
46.5546
46.5546
46.8659
46.8659
46.8659
46.8659
46.8659
46.8659
46.8659
46.8659
53.1221
53.1221
53.1221
53.1221
53.1221
53.1221
53.1221
53.1221
51.358
51.358
51.358
51.358
51.358
51.358
51.358
51.358
49.6352
49.6352
49.6352
49.6352
49.6352
49.6352
49.6352
49.6352
48.0569
48.0569
48.0569
48.0569
48.0569
48.0569
48.0569
48.0569
46.7001
46.7001
46.7001
46.7001
46.7001
46.7001
46.7001
46.7001
45.6161
45.6161
45.6161
45.6161
45.6161
45.6161
45.6161
45.6161
44.8321
44.8321
44.8321
44.8321
44.8321
44.8321
44.8321
44.8321
44.3542
44.3542
44.3542
44.3542
44.3542
44.3542
44.3542
44.3542
44.1694
44.1694
44.1694
44.1694
44.1694
44.1694
44.1694
44.1694
44.2479
44.2479
44.2479
44.2479
44.2479
44.2479
44.2479
44.2479
44.5441
44.5441
44.5441
44.5441
44.5441
44.5441
44.5441
44.5441
44.9984
44.9984
44.9984
44.9984
44.9984
44.9984
44.9984
44.9984
45.539
45.539
45.539
45.539
45.539
45.539
45.539
45.539
46.0856
46.0856
46.0856
46.0856
46.0856
46.0856
46.0856
46.0856
46.5546
46.5546
46.5546
46.5546
46.5546
46.5546
46.5546
46.5546
46.8659
46.8659
46.8659
46.8659
46.8659
46.8659
46.8659
46.8659
53.1221
53.1221
53.1221
53.1221
53.1221
53.1221
53.1221
53.1221
51.358
51.358
51.358
51.358
51.358
51.358
51.358
51.358
49.6352
49.6352
49.6352
49.6352
49.6352
49.6352
49.6352
49.6352
48.0569
48.0569
48.0569
48.0569
48.0569
48.0569
48.0569
48.0569
46.7001
46.7001
46.7001
46.7001
46.7001
46.7001
46.7001
46.7001
45.6161
45.6161
45.6161
45.6161
45.6161
45.6161
45.6161
45.6161
44.8321
44.8321
44.8321
44.8321
44.8321
44.8321
44.8321
44.8321
44.3542
44.3542
44.3542
44.3542
44.3542
44.3542
44.3542
44.3542
44.1694
44.1694
44.1694
44.1694
44.1694
44.1694
44.1694
44.1694
44.2479
44.2479
44.2479
44.2479
44.2479
44.2479
44.2479
44.2479
44.5441
44.5441
44.5441
44.5441
44.5441
44.5441
44.5441
44.5441
44.9984
44.9984
44.9984
44.9984
44.9984
44.9984
44.9984
44.9984
45.539
45.539
45.539
45.539
45.539
45.539
45.539
45.539
46.0856
46.0856
46.0856
46.0856
46.0856
46.0856
46.0856
46.0856
46.5546
46.5546
46.5546
46.5546
46.5546
46.5546
46.5546
46.5546
46.8659
46.8659
46.8659
46.8659
46.8659
46.8659
46.8659
46.8659
58.0244
58.0244
58.0244
58.0244
58.0244
58.0244
58.0244
58.0244
56.2284
56.2284
56.2284
56.2284
56.2284
56.2284
56.2284
56.2284
54.4406
54.4406
54.4406
54.4406
54.4406
54.4406
54.4406
54.4406
52.7656
52.7656
52.7656
52.7656
52.7656
52.7656
52.7656
52.7656
51.2825
51.2825
51.2825
51.2825
51.2825
51.2825
51.2825
51.2825
50.0456
50.0456
50.0456
50.0456
50.0456
50.0456
50.0456
50.0456
49.0845
49.0845
49.0845
49.0845
49.0845
49.0845
49.0845
49.0845
48.407
48.407
48.407
48.407
48.407
48.407
48.407
48.407
48.0012
48.0012
48.0012
48.0012
48.0012
48.0012
48.0012
48.0012
47.838
47.838
47.838
47.838
47.838
47.838
47.838
47.838
47.873
47.873
47.873
47.873
47.873
47.873
47.873
47.873
48.0489
48.0489
48.0489
48.0489
48.0489
48.0489
48.0489
48.0489
48.2977
48.2977
48.2977
48.2977
48.2977
48.2977
48.2977
48.2977
48.5454
48.5454
48.5454
48.5454
48.5454
48.5454
48.5454
48.5454
48.7166
48.7166
48.7166
48.7166
48.7166
48.7166
48.7166
48.7166
48.7411
48.7411
48.7411
48.7411
48.7411
48.7411
48.7411
48.7411
58.0244
58.0244
58.0244
58.0244
58.0244
58.0244
58.0244
58.0244
56.2284
56.2284
56.2284
56.2284
56.2284
56.2284
56.2284
56.2284
54.4406
54.4406
54.4406
54.4406
54.4406
54.4406
54.4406
54.4406
52.7656
52.7656
52.7656
52.7656
52.7656
52.7656
52.7656
52.7656
51.2825
51.2825
51.2825
51.2825
51.2825
51.2825
51.2825
51.2825
50.0456
50.0456
50.0456
50.0456
50.0456
50.0456
50.0456
50.0456
49.0845
49.0845
49.0845
49.0845
49.0845
49.0845
49.0845
49.0845
48.407
48.407
48.407
48.407
48.407
48.407
48.407
48.407
48.0012
48.0012
48.0012
48.0012
48.0012
48.0012
48.0012
48.0012
47.838
47.838
47.838
47.838
47.838
47.838
47.838
47.838
47.873
47.873
47.873
47.873
47.873
47.873
47.873
47.873
48.0489
48.0489
48.0489
48.0489
48.0489
48.0489
48.0489
48.0489
48.2977
48.2977
48.2977
48.2977
48.2977
48.2977
48.2977
48.2977
48.5454
48.5454
48.5454
48.5454
48.5454
48.5454
48.5454
48.5454
48.7166
48.7166
48.7166
48.7166
48.7166
48.7166
48.7166
48.7166
48.7411
48.7411
48.7411
48.7411
48.7411
48.7411
48.7411
48.7411
58.0244
58.0244
58.0244
58.0244
58.0244
58.0244
58.0244
58.0244
56.2284
56.2284
56.2284
56.2284
56.2284
56.2284
56.2284
56.2284
54.4406
54.4406
54.4406
54.4406
54.4406
54.4406
54.4406
54.4406
52.7656
52.7656
52.7656
52.7656
52.7656
52.7656
52.7656
52.7656
51.2825
51.2825
51.2825
51.2825
51.2825
51.2825
51.2825
51.2825
50.0456
50.0456
50.0456
50.0456
50.0456
50.0456
50.0456
50.0456
49.0845
49.0845
49.0845
49.0845
49.0845
49.0845
49.0845
49.0845
48.407
48.407
48.407
48.407
48.407
48.407
48.407
48.407
48.0012
48.0012
48.0012
48.0012
48.0012
48.0012
48.0012
48.0012
47.838
47.838
47.838
47.838
47.838
47.838
47.838
47.838
47.873
47.873
47.873
47.873
47.873
47.873
47.873
47.873
48.0489
48.0489
48.0489
48.0489
48.0489
48.0489
48.0489
48.0489
48.2977
48.2977
48.2977
48.2977
48.2977
48.2977
48.2977
48.2977
48.5454
48.5454
48.5454
48.5454
48.5454
48.5454
48.5454
48.5454
48.7166
48.7166
48.7166
48.7166
48.7166
48.7166
48.7166
48.7166
48.7411
48.7411
48.7411
48.7411
48.7411
48.7411
48.7411
48.7411
58.0244
58.0244
58.0244
58.0244
58.0244
58.0244
58.0244
58.0244
56.2284
56.2284
56.2284
56.2284
56.2284
56.2284
56.2284
56.2284
54.4406
54.4406
54.4406
54.4406
54.4406
54.4406
54.4406
54.4406
52.7656
52.7656
52.7656
52.7656
52.7656
52.7656
52.7656
52.7656
51.2825
51.2825
51.2825
51.2825
51.2825
51.2825
51.2825
51.2825
50.0456
50.0456
50.0456
50.0456
50.0456
50.0456
50.0456
50.0456
49.0845
49.0845
49.0845
49.0845
49.0845
49.0845
49.0845
49.0845
48.407
48.407
48.407
48.407
48.407
48.407
48.407
48.407
48.0012
48.0012
48.0012
48.0012
48.0012
48.0012
48.0012
48.0012
47.838
47.838
47.838
47.838
47.838
47.838
47.838
47.838
47.873
47.873
47.873
47.873
47.873
47.873
47.873
47.873
48.0489
48.0489
48.0489
48.0489
48.0489
48.0489
48.0489
48.0489
48.2977
48.2977
48.2977
48.2977
48.2977
48.2977
48.2977
48.2977
48.5454
48.5454
48.5454
48.5454
48.5454
48.5454
48.5454
48.5454
48.7166
48.7166
48.7166
48.7166
48.7166
48.7166
48.7166
48.7166
48.7411
48.7411
48.7411
48.7411
48.7411
48.7411
48.7411
48.7411
61.8775
61.8775
61.8775
61.8775
61.8775
61.8775
61.8775
61.8775
60.1378
60.1378
60.1378
60.1378
60.1378
60.1378
60.1378
60.1378
58.374
58.374
58.374
58.374
58.374
58.374
58.374
58.374
56.6852
56.6852
56.6852
56.6852
56.6852
56.6852
56.6852
56.6852
55.1501
55.1501
55.1501
55.1501
55.1501
55.1501
55.1501
55.1501
53.8229
53.8229
53.8229
53.8229
53.8229
53.8229
53.8229
53.8229
52.7347
52.7347
52.7347
52.7347
52.7347
52.7347
52.7347
52.7347
51.8959
51.8959
51.8959
51.8959
51.8959
51.8959
51.8959
51.8959
51.2968
51.2968
51.2968
51.2968
51.2968
51.2968
51.2968
51.2968
50.9116
50.9116
50.9116
50.9116
50.9116
50.9116
50.9116
50.9116
50.6999
50.6999
50.6999
50.6999
50.6999
50.6999
50.6999
50.6999
50.6095
50.6095
50.6095
50.6095
50.6095
50.6095
50.6095
50.6095
50.5797
50.5797
50.5797
50.5797
50.5797
50.5797
50.5797
50.5797
50.5449
50.5449
50.5449
50.5449
50.5449
50.5449
50.5449
50.5449
50.4405
50.4405
50.4405
50.4405
50.4405
50.4405
50.4405
50.4405
50.207
50.207
50.207
50.207
50.207
50.207
50.207
50.207
61.8775
61.8775
61.8775
61.8775
61.8775
61.8775
61.8775
61.8775
60.1378
60.1378
60.1378
60.1378
60.1378
60.1378
60.1378
60.1378
58.374
58.374
58.374
58.374
58.374
58.374
58.374
58.374
56.6852
56.6852
56.6852
56.6852
56.6852
56.6852
56.6852
56.6852
55.1501
55.1501
55.1501
55.1501
55.1501
55.1501
55.1501
55.1501
53.8229
53.8229
53.8229
53.8229
53.8229
53.8229
53.8229
53.8229
52.7347
52.7347
52.7347
52.7347
52.7347
52.7347
52.7347
52.7347
51.8959
51.8959
51.8959
51.8959
51.8959
51.8959
51.8959
51.8959
51.2968
51.2968
51.2968
51.2968
51.2968
51.2968
51.2968
51.2968
50.9116
50.9116
50.9116
50.9116
50.9116
50.9116
50.9116
50.9116
50.6999
50.6999
50.6999
50.6999
50.6999
50.6999
50.6999
50.6999
50.6095
50.6095
50.6095
50.6095
50.6095
50.6095
50.6095
50.6095
50.5797
50.5797
50.5797
50.5797
50.5797
50.5797
50.5797
50.5797
50.5449
50.5449
50.5449
50.5449
50.5449
50.5449
50.5449
50.5449
50.4405
50.4405
50.4405
50.4405
50.4405
50.4405
50.4405
50.4405
50.207
50.207
50.207
50.207
50.207
50.207
50.207
50.207
61.8775
61.8775
61.8775
61.8775
61.8775
61.8775
61.8775
61.8775
60.1378
60.1378
60.1378
60.1378
60.1378
60.1378
60.1378
60.1378
58.374
58.374
58.374
58.374
58.374
58.374
58.374
58.374
56.6852
56.6852
56.6852
56.6852
56.6852
56.6852
56.6852
56.6852
55.1501
55.1501
55.1501
55.1501
55.1501
55.1501
55.1501
55.1501
53.8229
53.8229
53.8229
53.8229
53.8229
53.8229
53.8229
53.8229
52.7347
52.7347
52.7347
52.7347
52.7347
52.7347
52.7347
52.7347
51.8959
51.8959
51.8959
51.8959
51.8959
51.8959
51.8959
51.8959
51.2968
51.2968
51.2968
51.2968
51.2968
51.2968
51.2968
51.2968
50.9116
50.9116
50.9116
50.9116
50.9116
50.9116
50.9116
50.9116
50.6999
50.6999
50.6999
50.6999
50.6999
50.6999
50.6999
50.6999
50.6095
50.6095
50.6095
50.6095
50.6095
50.6095
50.6095
50.6095
50.5797
50.5797
50.5797
50.5797
50.5797
50.5797
50.5797
50.5797
50.5449
50.5449
50.5449
50.5449
50.5449
50.5449
50.5449
50.5449
50.4405
50.4405
50.4405
50.4405
50.4405
50.4405
50.4405
50.4405
50.207
50.207
50.207
50.207
50.207
50.207
50.207
50.207
61.8775
61.8775
61.8775
61.8775
61.8775
61.8775
61.8775
61.8775
60.1378
60.1378
60.1378
60.1378
60.1378
60.1378
60.1378
60.1378
58.374
58.374
58.374
58.374
58.374
58.374
58.374
58.374
56.6852
56.6852
56.6852
56.6852
56.6852
56.6852
56.6852
56.6852
55.1501
55.1501
55.1501
55.1501
55.1501
55.1501
55.1501
55.1501
53.8229
53.8229
53.8229
53.8229
53.8229
53.8229
53.8229
53.8229
52.7347
52.7347
52.7347
52.7347
52.7347
52.7347
52.7347
52.7347
51.8959
51.8959
51.8959
51.8959
51.8959
51.8959
51.8959
51.8959
51.2968
51.2968
51.2968
51.2968
51.2968
51.2968
51.2968
51.2968
50.9116
50.9116
50.9116
50.9116
50.9116
50.9116
50.9116
50.9116
50.6999
50.6999
50.6999
50.6999
50.6999
50.6999
50.6999
50.6999
50.6095
50.6095
50.6095
50.6095
50.6095
50.6095
50.6095
50.6095
50.5797
50.5797
50.5797
50.5797
50.5797
50.5797
50.5797
50.5797
50.5449
50.5449
50.5449
50.5449
50.5449
50.5449
50.5449
50.5449
50.4405
50.4405
50.4405
50.4405
50.4405
50.4405
50.4405
50.4405
50.207
50.207
50.207
50.207
50.207
50.207
50.207
50.207
