8192
18.587
18.587
18.587
18.587
18.587
18.587
18.587
18.587
17.67
17.67
17.67
17.67
17.67
17.67
17.67
17.67
16.5718
16.5718
16.5718
16.5718
16.5718
16.5718
16.5718
16.5718
15.3494
15.3494
15.3494
15.3494
15.3494
15.3494
15.3494
15.3494
14.0664
14.0664
14.0664
14.0664
14.0664
14.0664
14.0664
14.0664
12.7853
12.7853
12.7853
12.7853
12.7853
12.7853
12.7853
12.7853
11.5605
11.5605
11.5605
11.5605
11.5605
11.5605
11.5605
11.5605
10.4345
10.4345
10.4345
10.4345
10.4345
10.4345
10.4345
10.4345
9.43586
9.43586
9.43586
9.43586
9.43586
9.43586
9.43586
9.43586
8.58094
8.58094
8.58094
8.58094
8.58094
8.58094
8.58094
8.58094
7.87581
7.87581
7.87581
7.87581
7.87581
7.87581
7.87581
7.87581
7.31953
7.31953
7.31953
7.31953
7.31953
7.31953
7.31953
7.31953
6.90682
6.90682
6.90682
6.90682
6.90682
6.90682
6.90682
6.90682
6.63022
6.63022
6.63022
6.63022
6.63022
6.63022
6.63022
6.63022
6.48091
6.48091
6.48091
6.48091
6.48091
6.48091
6.48091
6.48091
6.44808
6.44808
6.44808
6.44808
6.44808
6.44808
6.44808
6.44808
18.587
18.587
18.587
18.587
18.587
18.587
18.587
18.587
17.67
17.67
17.67
17.67
17.67
17.67
17.67
17.67
16.5718
16.5718
16.5718
16.5718
16.5718
16.5718
16.5718
16.5718
15.3494
15.3494
15.3494
15.3494
15.3494
15.3494
15.3494
15.3494
14.0664
14.0664
14.0664
14.0664
14.0664
14.0664
14.0664
14.0664
12.7853
12.7853
12.7853
12.7853
12.7853
12.7853
12.7853
12.7853
11.5605
11.5605
11.5605
11.5605
11.5605
11.5605
11.5605
11.5605
10.4345
10.4345
10.4345
10.4345
10.4345
10.4345
10.4345
10.4345
9.43586
9.43586
9.43586
9.43586
9.43586
9.43586
9.43586
9.43586
8.58094
8.58094
8.58094
8.58094
8.58094
8.58094
8.58094
8.58094
7.87581
7.87581
7.87581
7.87581
7.87581
7.87581
7.87581
7.87581
7.31953
7.31953
7.31953
7.31953
7.31953
7.31953
7.31953
7.31953
6.90682
6.90682
6.90682
6.90682
6.90682
6.90682
6.90682
6.90682
6.63022
6.63022
6.63022
6.63022
6.63022
6.63022
6.63022
6.63022
6.48091
6.48091
6.48091
6.48091
6.48091
6.48091
6.48091
6.48091
6.44808
6.44808
6.44808
6.44808
6.44808
6.44808
6.44808
6.44808
18.587
18.587
18.587
18.587
18.587
18.587
18.587
18.587
17.67
17.67
17.67
17.67
17.67
17.67
17.67
17.67
16.5718
16.5718
16.5718
16.5718
16.5718
16.5718
16.5718
16.5718
15.3494
15.3494
15.3494
15.3494
15.3494
15.3494
15.3494
15.3494
14.0664
14.0664
14.0664
14.0664
14.0664
14.0664
14.0664
14.0664
12.7853
12.7853
12.7853
12.7853
12.7853
12.7853
12.7853
12.7853
11.5605
11.5605
11.5605
11.5605
11.5605
11.5605
11.5605
11.5605
10.4345
10.4345
10.4345
10.4345
10.4345
10.4345
10.4345
10.4345
9.43586
9.43586
9.43586
9.43586
9.43586
9.43586
9.43586
9.43586
8.58094
8.58094
8.58094
8.58094
8.58094
8.58094
8.58094
8.58094
7.87581
7.87581
7.87581
7.87581
7.87581
7.87581
7.87581
7.87581
7.31953
7.31953
7.31953
7.31953
7.31953
7.31953
7.31953
7.31953
6.90682
6.90682
6.90682
6.90682
6.90682
6.90682
6.90682
6.90682
6.63022
6.63022
6.63022
6.63022
6.63022
6.63022
6.63022
6.63022
6.48091
6.48091
6.48091
6.48091
6.48091
6.48091
6.48091
6.48091
6.44808
6.44808
6.44808
6.44808
6.44808
6.44808
6.44808
6.44808
18.587
18.587
18.587
18.587
18.587
18.587
18.587
18.587
17.67
17.67
17.67
17.67
17.67
17.67
17.67
17.67
16.5718
16.5718
16.5718
16.5718
16.5718
16.5718
16.5718
16.5718
15.3494
15.3494
15.3494
15.3494
15.3494
15.3494
15.3494
15.3494
14.0664
14.0664
14.0664
14.0664
14.0664
14.0664
14.0664
14.0664
12.7853
12.7853
12.7853
12.7853
12.7853
12.7853
12.7853
12.7853
11.5605
11.5605
11.5605
11.5605
11.5605
11.5605
11.5605
11.5605
10.4345
10.4345
10.4345
10.4345
10.4345
10.4345
10.4345
10.4345
9.43586
9.43586
9.43586
9.43586
9.43586
9.43586
9.43586
9.43586
8.58094
8.58094
8.58094
8.58094
8.58094
8.58094
8.58094
8.58094
7.87581
7.87581
7.87581
7.87581
7.87581
7.87581
7.87581
7.87581
7.31953
7.31953
7.31953
7.31953
7.31953
7.31953
7.31953
7.31953
6.90682
6.90682
6.90682
6.90682
6.90682
6.90682
6.90682
6.90682
6.63022
6.63022
6.63022
6.63022
6.63022
6.63022
6.63022
6.63022
6.48091
6.48091
6.48091
6.48091
6.48091
6.48091
6.48091
6.48091
6.44808
6.44808
6.44808
6.44808
6.44808
6.44808
6.44808
6.44808
18.637
18.637
18.637
18.637
18.637
18.637
18.637
18.637
17.7801
17.7801
17.7801
17.7801
17.7801
17.7801
17.7801
17.7801
16.7252
16.7252
16.7252
16.7252
16.7252
16.7252
16.7252
16.7252
15.5306
15.5306
15.5306
15.5306
15.5306
15.5306
15.5306
15.5306
14.2623
14.2623
14.2623
14.2623
14.2623
14.2623
14.2623
14.2623
12.9857
12.9857
12.9857
12.9857
12.9857
12.9857
12.9857
12.9857
11.7582
11.7582
11.7582
11.7582
11.7582
11.7582
11.7582
11.7582
10.6245
10.6245
10.6245
10.6245
10.6245
10.6245
10.6245
10.6245
9.61555
9.61555
9.61555
9.61555
9.61555
9.61555
9.61555
9.61555
8.74923
8.74923
8.74923
8.74923
8.74923
8.74923
8.74923
8.74923
8.03284
8.03284
8.03284
8.03284
8.03284
8.03284
8.03284
8.03284
7.46601
7.46601
7.46601
7.46601
7.46601
7.46601
7.46601
7.46601
7.04398
7.04398
7.04398
7.04398
7.04398
7.04398
7.04398
7.04398
6.75935
6.75935
6.75935
6.75935
6.75935
6.75935
6.75935
6.75935
6.60339
6.60339
6.60339
6.60339
6.60339
6.60339
6.60339
6.60339
6.565
6.565
6.565
6.565
6.565
6.565
6.565
6.565
18.637
18.637
18.637
18.637
18.637
18.637
18.637
18.637
17.7801
17.7801
17.7801
17.7801
17.7801
17.7801
17.7801
17.7801
16.7252
16.7252
16.7252
16.7252
16.7252
16.7252
16.7252
16.7252
15.5306
15.5306
15.5306
15.5306
15.5306
15.5306
15.5306
15.5306
14.2623
14.2623
14.2623
14.2623
14.2623
14.2623
14.2623
14.2623
12.9857
12.9857
12.9857
12.9857
12.9857
12.9857
12.9857
12.9857
11.7582
11.7582
11.7582
11.7582
11.7582
11.7582
11.7582
11.7582
10.6245
10.6245
10.6245
10.6245
10.6245
10.6245
10.6245
10.6245
9.61555
9.61555
9.61555
9.61555
9.61555
9.61555
9.61555
9.61555
8.74923
8.74923
8.74923
8.74923
8.74923
8.74923
8.74923
8.74923
8.03284
8.03284
8.03284
8.03284
8.03284
8.03284
8.03284
8.03284
7.46601
7.46601
7.46601
7.46601
7.46601
7.46601
7.46601
7.46601
7.04398
7.04398
7.04398
7.04398
7.04398
7.04398
7.04398
7.04398
6.75935
6.75935
6.75935
6.75935
6.75935
6.75935
6.75935
6.75935
6.60339
6.60339
6.60339
6.60339
6.60339
6.60339
6.60339
6.60339
6.565
6.565
6.565
6.565
6.565
6.565
6.565
6.565
18.637
18.637
18.637
18.637
18.637
18.637
18.637
18.637
17.7801
17.7801
17.7801
17.7801
17.7801
17.7801
17.7801
17.7801
16.7252
16.7252
16.7252
16.7252
16.7252
16.7252
16.7252
16.7252
15.5306
15.5306
15.5306
15.5306
15.5306
15.5306
15.5306
15.5306
14.2623
14.2623
14.2623
14.2623
14.2623
14.2623
14.2623
14.2623
12.9857
12.9857
12.9857
12.9857
12.9857
12.9857
12.9857
12.9857
11.7582
11.7582
11.7582
11.7582
11.7582
11.7582
11.7582
11.7582
10.6245
10.6245
10.6245
10.6245
10.6245
10.6245
10.6245
10.6245
9.61555
9.61555
9.61555
9.61555
9.61555
9.61555
9.61555
9.61555
8.74923
8.74923
8.74923
8.74923
8.74923
8.74923
8.74923
8.74923
8.03284
8.03284
8.03284
8.03284
8.03284
8.03284
8.03284
8.03284
7.46601
7.46601
7.46601
7.46601
7.46601
7.46601
7.46601
7.46601
7.04398
7.04398
7.04398
7.04398
7.04398
7.04398
7.04398
7.04398
6.75935
6.75935
6.75935
6.75935
6.75935
6.75935
6.75935
6.75935
6.60339
6.60339
6.60339
6.60339
6.60339
6.60339
6.60339
6.60339
6.565
6.565
6.565
6.565
6.565
6.565
6.565
6.565
18.637
18.637
18.637
18.637
18.637
18.637
18.637
18.637
17.7801
17.7801
17.7801
17.7801
17.7801
17.7801
17.7801
17.7801
16.7252
16.7252
16.7252
16.7252
16.7252
16.7252
16.7252
16.7252
15.5306
15.5306
15.5306
15.5306
15.5306
15.5306
15.5306
15.5306
14.2623
14.2623
14.2623
14.2623
14.2623
14.2623
14.2623
14.2623
12.9857
12.9857
12.9857
12.9857
12.9857
12.9857
12.9857
12.9857
11.7582
11.7582
11.7582
11.7582
11.7582
11.7582
11.7582
11.7582
10.6245
10.6245
10.6245
10.6245
10.6245
10.6245
10.6245
10.6245
9.61555
9.61555
9.61555
9.61555
9.61555
9.61555
9.61555
9.61555
8.74923
8.74923
8.74923
8.74923
8.74923
8.74923
8.74923
8.74923
8.03284
8.03284
8.03284
8.03284
8.03284
8.03284
8.03284
8.03284
7.46601
7.46601
7.46601
7.46601
7.46601
7.46601
7.46601
7.46601
7.04398
7.04398
7.04398
7.04398
7.04398
7.04398
7.04398
7.04398
6.75935
6.75935
6.75935
6.75935
6.75935
6.75935
6.75935
6.75935
6.60339
6.60339
6.60339
6.60339
6.60339
6.60339
6.60339
6.60339
6.565
6.565
6.565
6.565
6.565
6.565
6.565
6.565
18.6241
18.6241
18.6241
18.6241
18.6241
18.6241
18.6241
18.6241
17.844
17.844
17.844
17.844
17.844
17.844
17.844
17.844
16.8494
16.8494
16.8494
16.8494
16.8494
16.8494
16.8494
16.8494
15.6992
15.6992
15.6992
15.6992
15.6992
15.6992
15.6992
15.6992
14.4608
14.4608
14.4608
14.4608
14.4608
14.4608
14.4608
14.4608
13.2014
13.2014
13.2014
13.2014
13.2014
13.2014
13.2014
13.2014
11.9812
11.9812
11.9812
11.9812
11.9812
11.9812
11.9812
11.9812
10.8473
10.8473
10.8473
10.8473
10.8473
10.8473
10.8473
10.8473
9.83331
9.83331
9.83331
9.83331
9.83331
9.83331
9.83331
9.83331
8.95881
8.95881
8.95881
8.95881
8.95881
8.95881
8.95881
8.95881
8.23272
8.23272
8.23272
8.23272
8.23272
8.23272
8.23272
8.23272
7.65593
7.65593
7.65593
7.65593
7.65593
7.65593
7.65593
7.65593
7.22422
7.22422
7.22422
7.22422
7.22422
7.22422
7.22422
7.22422
6.93074
6.93074
6.93074
6.93074
6.93074
6.93074
6.93074
6.93074
6.76677
6.76677
6.76677
6.76677
6.76677
6.76677
6.76677
6.76677
6.7213
6.7213
6.7213
6.7213
6.7213
6.7213
6.7213
6.7213
18.6241
18.6241
18.6241
18.6241
18.6241
18.6241
18.6241
18.6241
17.844
17.844
17.844
17.844
17.844
17.844
17.844
17.844
16.8494
16.8494
16.8494
16.8494
16.8494
16.8494
16.8494
16.8494
15.6992
15.6992
15.6992
15.6992
15.6992
15.6992
15.6992
15.6992
14.4608
14.4608
14.4608
14.4608
14.4608
14.4608
14.4608
14.4608
13.2014
13.2014
13.2014
13.2014
13.2014
13.2014
13.2014
13.2014
11.9812
11.9812
11.9812
11.9812
11.9812
11.9812
11.9812
11.9812
10.8473
10.8473
10.8473
10.8473
10.8473
10.8473
10.8473
10.8473
9.83331
9.83331
9.83331
9.83331
9.83331
9.83331
9.83331
9.83331
8.95881
8.95881
8.95881
8.95881
8.95881
8.95881
8.95881
8.95881
8.23272
8.23272
8.23272
8.23272
8.23272
8.23272
8.23272
8.23272
7.65593
7.65593
7.65593
7.65593
7.65593
7.65593
7.65593
7.65593
7.22422
7.22422
7.22422
7.22422
7.22422
7.22422
7.22422
7.22422
6.93074
6.93074
6.93074
6.93074
6.93074
6.93074
6.93074
6.93074
6.76677
6.76677
6.76677
6.76677
6.76677
6.76677
6.76677
6.76677
6.7213
6.7213
6.7213
6.7213
6.7213
6.7213
6.7213
6.7213
18.6241
18.6241
18.6241
18.6241
18.6241
18.6241
18.6241
18.6241
17.844
17.844
17.844
17.844
17.844
17.844
17.844
17.844
16.8494
16.8494
16.8494
16.8494
16.8494
16.8494
16.8494
16.8494
15.6992
15.6992
15.6992
15.6992
15.6992
15.6992
15.6992
15.6992
14.4608
14.4608
14.4608
14.4608
14.4608
14.4608
14.4608
14.4608
13.2014
13.2014
13.2014
13.2014
13.2014
13.2014
13.2014
13.2014
11.9812
11.9812
11.9812
11.9812
11.9812
11.9812
11.9812
11.9812
10.8473
10.8473
10.8473
10.8473
10.8473
10.8473
10.8473
10.8473
9.83331
9.83331
9.83331
9.83331
9.83331
9.83331
9.83331
9.83331
8.95881
8.95881
8.95881
8.95881
8.95881
8.95881
8.95881
8.95881
8.23272
8.23272
8.23272
8.23272
8.23272
8.23272
8.23272
8.23272
7.65593
7.65593
7.65593
7.65593
7.65593
7.65593
7.65593
7.65593
7.22422
7.22422
7.22422
7.22422
7.22422
7.22422
7.22422
7.22422
6.93074
6.93074
6.93074
6.93074
6.93074
6.93074
6.93074
6.93074
6.76677
6.76677
6.76677
6.76677
6.76677
6.76677
6.76677
6.76677
6.7213
6.7213
6.7213
6.7213
6.7213
6.7213
6.7213
6.7213
18.6241
18.6241
18.6241
18.6241
18.6241
18.6241
18.6241
18.6241
17.844
17.844
17.844
17.844
17.844
17.844
17.844
17.844
16.8494
16.8494
16.8494
16.8494
16.8494
16.8494
16.8494
16.8494
15.6992
15.6992
15.6992
15.6992
15.6992
15.6992
15.6992
15.6992
14.4608
14.4608
14.4608
14.4608
14.4608
14.4608
14.4608
14.4608
13.2014
13.2014
13.2014
13.2014
13.2014
13.2014
13.2014
13.2014
11.9812
11.9812
11.9812
11.9812
11.9812
11.9812
11.9812
11.9812
10.8473
10.8473
10.8473
10.8473
10.8473
10.8473
10.8473
10.8473
9.83331
9.83331
9.83331
9.83331
9.83331
9.83331
9.83331
9.83331
8.95881
8.95881
8.95881
8.95881
8.95881
8.95881
8.95881
8.95881
8.23272
8.23272
8.23272
8.23272
8.23272
8.23272
8.23272
8.23272
7.65593
7.65593
7.65593
7.65593
7.65593
7.65593
7.65593
7.65593
7.22422
7.22422
7.22422
7.22422
7.22422
7.22422
7.22422
7.22422
6.93074
6.93074
6.93074
6.93074
6.93074
6.93074
6.93074
6.93074
6.76677
6.76677
6.76677
6.76677
6.76677
6.76677
6.76677
6.76677
6.7213
6.7213
6.7213
6.7213
6.7213
6.7213
6.7213
6.7213
18.553
18.553
18.553
18.553
18.553
18.553
18.553
18.553
17.8645
17.8645
17.8645
17.8645
17.8645
17.8645
17.8645
17.8645
16.9466
16.9466
16.9466
16.9466
16.9466
16.9466
16.9466
16.9466
15.8568
15.8568
15.8568
15.8568
15.8568
15.8568
15.8568
15.8568
14.6628
14.6628
14.6628
14.6628
14.6628
14.6628
14.6628
14.6628
13.4335
13.4335
13.4335
13.4335
13.4335
13.4335
13.4335
13.4335
12.2307
12.2307
12.2307
12.2307
12.2307
12.2307
12.2307
12.2307
11.1046
11.1046
11.1046
11.1046
11.1046
11.1046
11.1046
11.1046
10.0907
10.0907
10.0907
10.0907
10.0907
10.0907
10.0907
10.0907
9.21143
9.21143
9.21143
9.21143
9.21143
9.21143
9.21143
9.21143
8.47744
8.47744
8.47744
8.47744
8.47744
8.47744
8.47744
8.47744
7.8911
7.8911
7.8911
7.8911
7.8911
7.8911
7.8911
7.8911
7.44933
7.44933
7.44933
7.44933
7.44933
7.44933
7.44933
7.44933
7.1459
7.1459
7.1459
7.1459
7.1459
7.1459
7.1459
7.1459
6.97244
6.97244
6.97244
6.97244
6.97244
6.97244
6.97244
6.97244
6.91796
6.91796
6.91796
6.91796
6.91796
6.91796
6.91796
6.91796
18.553
18.553
18.553
18.553
18.553
18.553
18.553
18.553
17.8645
17.8645
17.8645
17.8645
17.8645
17.8645
17.8645
17.8645
16.9466
16.9466
16.9466
16.9466
16.9466
16.9466
16.9466
16.9466
15.8568
15.8568
15.8568
15.8568
15.8568
15.8568
15.8568
15.8568
14.6628
14.6628
14.6628
14.6628
14.6628
14.6628
14.6628
14.6628
13.4335
13.4335
13.4335
13.4335
13.4335
13.4335
13.4335
13.4335
12.2307
12.2307
12.2307
12.2307
12.2307
12.2307
12.2307
12.2307
11.1046
11.1046
11.1046
11.1046
11.1046
11.1046
11.1046
11.1046
10.0907
10.0907
10.0907
10.0907
10.0907
10.0907
10.0907
10.0907
9.21143
9.21143
9.21143
9.21143
9.21143
9.21143
9.21143
9.21143
8.47744
8.47744
8.47744
8.47744
8.47744
8.47744
8.47744
8.47744
7.8911
7.8911
7.8911
7.8911
7.8911
7.8911
7.8911
7.8911
7.44933
7.44933
7.44933
7.44933
7.44933
7.44933
7.44933
7.44933
7.1459
7.1459
7.1459
7.1459
7.1459
7.1459
7.1459
7.1459
6.97244
6.97244
6.97244
6.97244
6.97244
6.97244
6.97244
6.97244
6.91796
6.91796
6.91796
6.91796
6.91796
6.91796
6.91796
6.91796
18.553
18.553
18.553
18.553
18.553
18.553
18.553
18.553
17.8645
17.8645
17.8645
17.8645
17.8645
17.8645
17.8645
17.8645
16.9466
16.9466
16.9466
16.9466
16.9466
16.9466
16.9466
16.9466
15.8568
15.8568
15.8568
15.8568
15.8568
15.8568
15.8568
15.8568
14.6628
14.6628
14.6628
14.6628
14.6628
14.6628
14.6628
14.6628
13.4335
13.4335
13.4335
13.4335
13.4335
13.4335
13.4335
13.4335
12.2307
12.2307
12.2307
12.2307
12.2307
12.2307
12.2307
12.2307
11.1046
11.1046
11.1046
11.1046
11.1046
11.1046
11.1046
11.1046
10.0907
10.0907
10.0907
10.0907
10.0907
10.0907
10.0907
10.0907
9.21143
9.21143
9.21143
9.21143
9.21143
9.21143
9.21143
9.21143
8.47744
8.47744
8.47744
8.47744
8.47744
8.47744
8.47744
8.47744
7.8911
7.8911
7.8911
7.8911
7.8911
7.8911
7.8911
7.8911
7.44933
7.44933
7.44933
7.44933
7.44933
7.44933
7.44933
7.44933
7.1459
7.1459
7.1459
7.1459
7.1459
7.1459
7.1459
7.1459
6.97244
6.97244
6.97244
6.97244
6.97244
6.97244
6.97244
6.97244
6.91796
6.91796
6.91796
6.91796
6.91796
6.91796
6.91796
6.91796
18.553
18.553
18.553
18.553
18.553
18.553
18.553
18.553
17.8645
17.8645
17.8645
17.8645
17.8645
17.8645
17.8645
17.8645
16.9466
16.9466
16.9466
16.9466
16.9466
16.9466
16.9466
16.9466
15.8568
15.8568
15.8568
15.8568
15.8568
15.8568
15.8568
15.8568
14.6628
14.6628
14.6628
14.6628
14.6628
14.6628
14.6628
14.6628
13.4335
13.4335
13.4335
13.4335
13.4335
13.4335
13.4335
13.4335
12.2307
12.2307
12.2307
12.2307
12.2307
12.2307
12.2307
12.2307
11.1046
11.1046
11.1046
11.1046
11.1046
11.1046
11.1046
11.1046
10.0907
10.0907
10.0907
10.0907
10.0907
10.0907
10.0907
10.0907
9.21143
9.21143
9.21143
9.21143
9.21143
9.21143
9.21143
9.21143
8.47744
8.47744
8.47744
8.47744
8.47744
8.47744
8.47744
8.47744
7.8911
7.8911
7.8911
7.8911
7.8911
7.8911
7.8911
7.8911
7.44933
7.44933
7.44933
7.44933
7.44933
7.44933
7.44933
7.44933
7.1459
7.1459
7.1459
7.1459
7.1459
7.1459
7.1459
7.1459
6.97244
6.97244
6.97244
6.97244
6.97244
6.97244
6.97244
6.97244
6.91796
6.91796
6.91796
6.91796
6.91796
6.91796
6.91796
6.91796
18.4298
18.4298
18.4298
18.4298
18.4298
18.4298
18.4298
18.4298
17.8454
17.8454
17.8454
17.8454
17.8454
17.8454
17.8454
17.8454
17.0182
17.0182
17.0182
17.0182
17.0182
17.0182
17.0182
17.0182
16.0036
16.0036
16.0036
16.0036
16.0036
16.0036
16.0036
16.0036
14.8682
14.8682
14.8682
14.8682
14.8682
14.8682
14.8682
14.8682
13.6813
13.6813
13.6813
13.6813
13.6813
13.6813
13.6813
13.6813
12.5066
12.5066
12.5066
12.5066
12.5066
12.5066
12.5066
12.5066
11.396
11.396
11.396
11.396
11.396
11.396
11.396
11.396
10.3881
10.3881
10.3881
10.3881
10.3881
10.3881
10.3881
10.3881
9.50758
9.50758
9.50758
9.50758
9.50758
9.50758
9.50758
9.50758
8.76761
8.76761
8.76761
8.76761
8.76761
8.76761
8.76761
8.76761
8.17237
8.17237
8.17237
8.17237
8.17237
8.17237
8.17237
8.17237
7.72017
7.72017
7.72017
7.72017
7.72017
7.72017
7.72017
7.72017
7.40567
7.40567
7.40567
7.40567
7.40567
7.40567
7.40567
7.40567
7.22109
7.22109
7.22109
7.22109
7.22109
7.22109
7.22109
7.22109
7.15556
7.15556
7.15556
7.15556
7.15556
7.15556
7.15556
7.15556
18.4298
18.4298
18.4298
18.4298
18.4298
18.4298
18.4298
18.4298
17.8454
17.8454
17.8454
17.8454
17.8454
17.8454
17.8454
17.8454
17.0182
17.0182
17.0182
17.0182
17.0182
17.0182
17.0182
17.0182
16.0036
16.0036
16.0036
16.0036
16.0036
16.0036
16.0036
16.0036
14.8682
14.8682
14.8682
14.8682
14.8682
14.8682
14.8682
14.8682
13.6813
13.6813
13.6813
13.6813
13.6813
13.6813
13.6813
13.6813
12.5066
12.5066
12.5066
12.5066
12.5066
12.5066
12.5066
12.5066
11.396
11.396
11.396
11.396
11.396
11.396
11.396
11.396
10.3881
10.3881
10.3881
10.3881
10.3881
10.3881
10.3881
10.3881
9.50758
9.50758
9.50758
9.50758
9.50758
9.50758
9.50758
9.50758
8.76761
8.76761
8.76761
8.76761
8.76761
8.76761
8.76761
8.76761
8.17237
8.17237
8.17237
8.17237
8.17237
8.17237
8.17237
8.17237
7.72017
7.72017
7.72017
7.72017
7.72017
7.72017
7.72017
7.72017
7.40567
7.40567
7.40567
7.40567
7.40567
7.40567
7.40567
7.40567
7.22109
7.22109
7.22109
7.22109
7.22109
7.22109
7.22109
7.22109
7.15556
7.15556
7.15556
7.15556
7.15556
7.15556
7.15556
7.15556
18.4298
18.4298
18.4298
18.4298
18.4298
18.4298
18.4298
18.4298
17.8454
17.8454
17.8454
17.8454
17.8454
17.8454
17.8454
17.8454
17.0182
17.0182
17.0182
17.0182
17.0182
17.0182
17.0182
17.0182
16.0036
16.0036
16.0036
16.0036
16.0036
16.0036
16.0036
16.0036
14.8682
14.8682
14.8682
14.8682
14.8682
14.8682
14.8682
14.8682
13.6813
13.6813
13.6813
13.6813
13.6813
13.6813
13.6813
13.6813
12.5066
12.5066
12.5066
12.5066
12.5066
12.5066
12.5066
12.5066
11.396
11.396
11.396
11.396
11.396
11.396
11.396
11.396
10.3881
10.3881
10.3881
10.3881
10.3881
10.3881
10.3881
10.3881
9.50758
9.50758
9.50758
9.50758
9.50758
9.50758
9.50758
9.50758
8.76761
8.76761
8.76761
8.76761
8.76761
8.76761
8.76761
8.76761
8.17237
8.17237
8.17237
8.17237
8.17237
8.17237
8.17237
8.17237
7.72017
7.72017
7.72017
7.72017
7.72017
7.72017
7.72017
7.72017
7.40567
7.40567
7.40567
7.40567
7.40567
7.40567
7.40567
7.40567
7.22109
7.22109
7.22109
7.22109
7.22109
7.22109
7.22109
7.22109
7.15556
7.15556
7.15556
7.15556
7.15556
7.15556
7.15556
7.15556
18.4298
18.4298
18.4298
18.4298
18.4298
18.4298
18.4298
18.4298
17.8454
17.8454
17.8454
17.8454
17.8454
17.8454
17.8454
17.8454
17.0182
17.0182
17.0182
17.0182
17.0182
17.0182
17.0182
17.0182
16.0036
16.0036
16.0036
16.0036
16.0036
16.0036
16.0036
16.0036
14.8682
14.8682
14.8682
14.8682
14.8682
14.8682
14.8682
14.8682
13.6813
13.6813
13.6813
13.6813
13.6813
13.6813
13.6813
13.6813
12.5066
12.5066
12.5066
12.5066
12.5066
12.5066
12.5066
12.5066
11.396
11.396
11.396
11.396
11.396
11.396
11.396
11.396
10.3881
10.3881
10.3881
10.3881
10.3881
10.3881
10.3881
10.3881
9.50758
9.50758
9.50758
9.50758
9.50758
9.50758
9.50758
9.50758
8.76761
8.76761
8.76761
8.76761
8.76761
8.76761
8.76761
8.76761
8.17237
8.17237
8.17237
8.17237
8.17237
8.17237
8.17237
8.17237
7.72017
7.72017
7.72017
7.72017
7.72017
7.72017
7.72017
7.72017
7.40567
7.40567
7.40567
7.40567
7.40567
7.40567
7.40567
7.40567
7.22109
7.22109
7.22109
7.22109
7.22109
7.22109
7.22109
7.22109
7.15556
7.15556
7.15556
7.15556
7.15556
7.15556
7.15556
7.15556
18.2611
18.2611
18.2611
18.2611
18.2611
18.2611
18.2611
18.2611
17.7896
17.7896
17.7896
17.7896
17.7896
17.7896
17.7896
17.7896
17.0649
17.0649
17.0649
17.0649
17.0649
17.0649
17.0649
17.0649
16.1383
16.1383
16.1383
16.1383
16.1383
16.1383
16.1383
16.1383
15.0746
15.0746
15.0746
15.0746
15.0746
15.0746
15.0746
15.0746
13.9423
13.9423
13.9423
13.9423
13.9423
13.9423
13.9423
13.9423
12.8058
12.8058
12.8058
12.8058
12.8058
12.8058
12.8058
12.8058
11.7191
11.7191
11.7191
11.7191
11.7191
11.7191
11.7191
11.7191
10.7233
10.7233
10.7233
10.7233
10.7233
10.7233
10.7233
10.7233
9.84583
9.84583
9.84583
9.84583
9.84583
9.84583
9.84583
9.84583
9.10229
9.10229
9.10229
9.10229
9.10229
9.10229
9.10229
9.10229
8.49916
8.49916
8.49916
8.49916
8.49916
8.49916
8.49916
8.49916
8.03643
8.03643
8.03643
8.03643
8.03643
8.03643
8.03643
8.03643
7.70988
7.70988
7.70988
7.70988
7.70988
7.70988
7.70988
7.70988
7.51251
7.51251
7.51251
7.51251
7.51251
7.51251
7.51251
7.51251
7.43381
7.43381
7.43381
7.43381
7.43381
7.43381
7.43381
7.43381
18.2611
18.2611
18.2611
18.2611
18.2611
18.2611
18.2611
18.2611
17.7896
17.7896
17.7896
17.7896
17.7896
17.7896
17.7896
17.7896
17.0649
17.0649
17.0649
17.0649
17.0649
17.0649
17.0649
17.0649
16.1383
16.1383
16.1383
16.1383
16.1383
16.1383
16.1383
16.1383
15.0746
15.0746
15.0746
15.0746
15.0746
15.0746
15.0746
15.0746
13.9423
13.9423
13.9423
13.9423
13.9423
13.9423
13.9423
13.9423
12.8058
12.8058
12.8058
12.8058
12.8058
12.8058
12.8058
12.8058
11.7191
11.7191
11.7191
11.7191
11.7191
11.7191
11.7191
11.7191
10.7233
10.7233
10.7233
10.7233
10.7233
10.7233
10.7233
10.7233
9.84583
9.84583
9.84583
9.84583
9.84583
9.84583
9.84583
9.84583
9.10229
9.10229
9.10229
9.10229
9.10229
9.10229
9.10229
9.10229
8.49916
8.49916
8.49916
8.49916
8.49916
8.49916
8.49916
8.49916
8.03643
8.03643
8.03643
8.03643
8.03643
8.03643
8.03643
8.03643
7.70988
7.70988
7.70988
7.70988
7.70988
7.70988
7.70988
7.70988
7.51251
7.51251
7.51251
7.51251
7.51251
7.51251
7.51251
7.51251
7.43381
7.43381
7.43381
7.43381
7.43381
7.43381
7.43381
7.43381
18.2611
18.2611
18.2611
18.2611
18.2611
18.2611
18.2611
18.2611
17.7896
17.7896
17.7896
17.7896
17.7896
17.7896
17.7896
17.7896
17.0649
17.0649
17.0649
17.0649
17.0649
17.0649
17.0649
17.0649
16.1383
16.1383
16.1383
16.1383
16.1383
16.1383
16.1383
16.1383
15.0746
15.0746
15.0746
15.0746
15.0746
15.0746
15.0746
15.0746
13.9423
13.9423
13.9423
13.9423
13.9423
13.9423
13.9423
13.9423
12.8058
12.8058
12.8058
12.8058
12.8058
12.8058
12.8058
12.8058
11.7191
11.7191
11.7191
11.7191
11.7191
11.7191
11.7191
11.7191
10.7233
10.7233
10.7233
10.7233
10.7233
10.7233
10.7233
10.7233
9.84583
9.84583
9.84583
9.84583
9.84583
9.84583
9.84583
9.84583
9.10229
9.10229
9.10229
9.10229
9.10229
9.10229
9.10229
9.10229
8.49916
8.49916
8.49916
8.49916
8.49916
8.49916
8.49916
8.49916
8.03643
8.03643
8.03643
8.03643
8.03643
8.03643
8.03643
8.03643
7.70988
7.70988
7.70988
7.70988
7.70988
7.70988
7.70988
7.70988
7.51251
7.51251
7.51251
7.51251
7.51251
7.51251
7.51251
7.51251
7.43381
7.43381
7.43381
7.43381
7.43381
7.43381
7.43381
7.43381
18.2611
18.2611
18.2611
18.2611
18.2611
18.2611
18.2611
18.2611
17.7896
17.7896
17.7896
17.7896
17.7896
17.7896
17.7896
17.7896
17.0649
17.0649
17.0649
17.0649
17.0649
17.0649
17.0649
17.0649
16.1383
16.1383
16.1383
16.1383
16.1383
16.1383
16.1383
16.1383
15.0746
15.0746
15.0746
15.0746
15.0746
15.0746
15.0746
15.0746
13.9423
13.9423
13.9423
13.9423
13.9423
13.9423
13.9423
13.9423
12.8058
12.8058
12.8058
12.8058
12.8058
12.8058
12.8058
12.8058
11.7191
11.7191
11.7191
11.7191
11.7191
11.7191
11.7191
11.7191
10.7233
10.7233
10.7233
10.7233
10.7233
10.7233
10.7233
10.7233
9.84583
9.84583
9.84583
9.84583
9.84583
9.84583
9.84583
9.84583
9.10229
9.10229
9.10229
9.10229
9.10229
9.10229
9.10229
9.10229
8.49916
8.49916
8.49916
8.49916
8.49916
8.49916
8.49916
8.49916
8.03643
8.03643
8.03643
8.03643
8.03643
8.03643
8.03643
8.03643
7.70988
7.70988
7.70988
7.70988
7.70988
7.70988
7.70988
7.70988
7.51251
7.51251
7.51251
7.51251
7.51251
7.51251
7.51251
7.51251
7.43381
7.43381
7.43381
7.43381
7.43381
7.43381
7.43381
7.43381
18.0529
18.0529
18.0529
18.0529
18.0529
18.0529
18.0529
18.0529
17.6997
17.6997
17.6997
17.6997
17.6997
17.6997
17.6997
17.6997
17.0857
17.0857
17.0857
17.0857
17.0857
17.0857
17.0857
17.0857
16.2578
16.2578
16.2578
16.2578
16.2578
16.2578
16.2578
16.2578
15.2773
15.2773
15.2773
15.2773
15.2773
15.2773
15.2773
15.2773
14.211
14.211
14.211
14.211
14.211
14.211
14.211
14.211
13.123
13.123
13.123
13.123
13.123
13.123
13.123
13.123
12.069
12.069
12.069
12.069
12.069
12.069
12.069
12.069
11.0921
11.0921
11.0921
11.0921
11.0921
11.0921
11.0921
11.0921
10.2225
10.2225
10.2225
10.2225
10.2225
10.2225
10.2225
10.2225
9.47852
9.47852
9.47852
9.47852
9.47852
9.47852
9.47852
9.47852
8.86908
8.86908
8.86908
8.86908
8.86908
8.86908
8.86908
8.86908
8.39614
8.39614
8.39614
8.39614
8.39614
8.39614
8.39614
8.39614
8.05695
8.05695
8.05695
8.05695
8.05695
8.05695
8.05695
8.05695
7.84533
7.84533
7.84533
7.84533
7.84533
7.84533
7.84533
7.84533
7.7514
7.7514
7.7514
7.7514
7.7514
7.7514
7.7514
7.7514
18.0529
18.0529
18.0529
18.0529
18.0529
18.0529
18.0529
18.0529
17.6997
17.6997
17.6997
17.6997
17.6997
17.6997
17.6997
17.6997
17.0857
17.0857
17.0857
17.0857
17.0857
17.0857
17.0857
17.0857
16.2578
16.2578
16.2578
16.2578
16.2578
16.2578
16.2578
16.2578
15.2773
15.2773
15.2773
15.2773
15.2773
15.2773
15.2773
15.2773
14.211
14.211
14.211
14.211
14.211
14.211
14.211
14.211
13.123
13.123
13.123
13.123
13.123
13.123
13.123
13.123
12.069
12.069
12.069
12.069
12.069
12.069
12.069
12.069
11.0921
11.0921
11.0921
11.0921
11.0921
11.0921
11.0921
11.0921
10.2225
10.2225
10.2225
10.2225
10.2225
10.2225
10.2225
10.2225
9.47852
9.47852
9.47852
9.47852
9.47852
9.47852
9.47852
9.47852
8.86908
8.86908
8.86908
8.86908
8.86908
8.86908
8.86908
8.86908
8.39614
8.39614
8.39614
8.39614
8.39614
8.39614
8.39614
8.39614
8.05695
8.05695
8.05695
8.05695
8.05695
8.05695
8.05695
8.05695
7.84533
7.84533
7.84533
7.84533
7.84533
7.84533
7.84533
7.84533
7.7514
7.7514
7.7514
7.7514
7.7514
7.7514
7.7514
7.7514
18.0529
18.0529
18.0529
18.0529
18.0529
18.0529
18.0529
18.0529
17.6997
17.6997
17.6997
17.6997
17.6997
17.6997
17.6997
17.6997
17.0857
17.0857
17.0857
17.0857
17.0857
17.0857
17.0857
17.0857
16.2578
16.2578
16.2578
16.2578
16.2578
16.2578
16.2578
16.2578
15.2773
15.2773
15.2773
15.2773
15.2773
15.2773
15.2773
15.2773
14.211
14.211
14.211
14.211
14.211
14.211
14.211
14.211
13.123
13.123
13.123
13.123
13.123
13.123
13.123
13.123
12.069
12.069
12.069
12.069
12.069
12.069
12.069
12.069
11.0921
11.0921
11.0921
11.0921
11.0921
11.0921
11.0921
11.0921
10.2225
10.2225
10.2225
10.2225
10.2225
10.2225
10.2225
10.2225
9.47852
9.47852
9.47852
9.47852
9.47852
9.47852
9.47852
9.47852
8.86908
8.86908
8.86908
8.86908
8.86908
8.86908
8.86908
8.86908
8.39614
8.39614
8.39614
8.39614
8.39614
8.39614
8.39614
8.39614
8.05695
8.05695
8.05695
8.05695
8.05695
8.05695
8.05695
8.05695
7.84533
7.84533
7.84533
7.84533
7.84533
7.84533
7.84533
7.84533
7.7514
7.7514
7.7514
7.7514
7.7514
7.7514
7.7514
7.7514
18.0529
18.0529
18.0529
18.0529
18.0529
18.0529
18.0529
18.0529
17.6997
17.6997
17.6997
17.6997
17.6997
17.6997
17.6997
17.6997
17.0857
17.0857
17.0857
17.0857
17.0857
17.0857
17.0857
17.0857
16.2578
16.2578
16.2578
16.2578
16.2578
16.2578
16.2578
16.2578
15.2773
15.2773
15.2773
15.2773
15.2773
15.2773
15.2773
15.2773
14.211
14.211
14.211
14.211
14.211
14.211
14.211
14.211
13.123
13.123
13.123
13.123
13.123
13.123
13.123
13.123
12.069
12.069
12.069
12.069
12.069
12.069
12.069
12.069
11.0921
11.0921
11.0921
11.0921
11.0921
11.0921
11.0921
11.0921
10.2225
10.2225
10.2225
10.2225
10.2225
10.2225
10.2225
10.2225
9.47852
9.47852
9.47852
9.47852
9.47852
9.47852
9.47852
9.47852
8.86908
8.86908
8.86908
8.86908
8.86908
8.86908
8.86908
8.86908
8.39614
8.39614
8.39614
8.39614
8.39614
8.39614
8.39614
8.39614
8.05695
8.05695
8.05695
8.05695
8.05695
8.05695
8.05695
8.05695
7.84533
7.84533
7.84533
7.84533
7.84533
7.84533
7.84533
7.84533
7.7514
7.7514
7.7514
7.7514
7.7514
7.7514
7.7514
7.7514
17.8104
17.8104
17.8104
17.8104
17.8104
17.8104
17.8104
17.8104
17.5765
17.5765
17.5765
17.5765
17.5765
17.5765
17.5765
17.5765
17.0783
17.0783
17.0783
17.0783
17.0783
17.0783
17.0783
17.0783
16.3571
16.3571
16.3571
16.3571
16.3571
16.3571
16.3571
16.3571
15.4694
15.4694
15.4694
15.4694
15.4694
15.4694
15.4694
15.4694
14.4793
14.4793
14.4793
14.4793
14.4793
14.4793
14.4793
14.4793
13.4501
13.4501
13.4501
13.4501
13.4501
13.4501
13.4501
13.4501
12.4376
12.4376
12.4376
12.4376
12.4376
12.4376
12.4376
12.4376
11.4871
11.4871
11.4871
11.4871
11.4871
11.4871
11.4871
11.4871
10.6311
10.6311
10.6311
10.6311
10.6311
10.6311
10.6311
10.6311
9.89081
9.89081
9.89081
9.89081
9.89081
9.89081
9.89081
9.89081
9.27758
9.27758
9.27758
9.27758
9.27758
9.27758
9.27758
9.27758
8.79552
8.79552
8.79552
8.79552
8.79552
8.79552
8.79552
8.79552
8.44357
8.44357
8.44357
8.44357
8.44357
8.44357
8.44357
8.44357
8.21674
8.21674
8.21674
8.21674
8.21674
8.21674
8.21674
8.21674
8.10584
8.10584
8.10584
8.10584
8.10584
8.10584
8.10584
8.10584
17.8104
17.8104
17.8104
17.8104
17.8104
17.8104
17.8104
17.8104
17.5765
17.5765
17.5765
17.5765
17.5765
17.5765
17.5765
17.5765
17.0783
17.0783
17.0783
17.0783
17.0783
17.0783
17.0783
17.0783
16.3571
16.3571
16.3571
16.3571
16.3571
16.3571
16.3571
16.3571
15.4694
15.4694
15.4694
15.4694
15.4694
15.4694
15.4694
15.4694
14.4793
14.4793
14.4793
14.4793
14.4793
14.4793
14.4793
14.4793
13.4501
13.4501
13.4501
13.4501
13.4501
13.4501
13.4501
13.4501
12.4376
12.4376
12.4376
12.4376
12.4376
12.4376
12.4376
12.4376
11.4871
11.4871
11.4871
11.4871
11.4871
11.4871
11.4871
11.4871
10.6311
10.6311
10.6311
10.6311
10.6311
10.6311
10.6311
10.6311
9.89081
9.89081
9.89081
9.89081
9.89081
9.89081
9.89081
9.89081
9.27758
9.27758
9.27758
9.27758
9.27758
9.27758
9.27758
9.27758
8.79552
8.79552
8.79552
8.79552
8.79552
8.79552
8.79552
8.79552
8.44357
8.44357
8.44357
8.44357
8.44357
8.44357
8.44357
8.44357
8.21674
8.21674
8.21674
8.21674
8.21674
8.21674
8.21674
8.21674
8.10584
8.10584
8.10584
8.10584
8.10584
8.10584
8.10584
8.10584
17.8104
17.8104
17.8104
17.8104
17.8104
17.8104
17.8104
17.8104
17.5765
17.5765
17.5765
17.5765
17.5765
17.5765
17.5765
17.5765
17.0783
17.0783
17.0783
17.0783
17.0783
17.0783
17.0783
17.0783
16.3571
16.3571
16.3571
16.3571
16.3571
16.3571
16.3571
16.3571
15.4694
15.4694
15.4694
15.4694
15.4694
15.4694
15.4694
15.4694
14.4793
14.4793
14.4793
14.4793
14.4793
14.4793
14.4793
14.4793
13.4501
13.4501
13.4501
13.4501
13.4501
13.4501
13.4501
13.4501
12.4376
12.4376
12.4376
12.4376
12.4376
12.4376
12.4376
12.4376
11.4871
11.4871
11.4871
11.4871
11.4871
11.4871
11.4871
11.4871
10.6311
10.6311
10.6311
10.6311
10.6311
10.6311
10.6311
10.6311
9.89081
9.89081
9.89081
9.89081
9.89081
9.89081
9.89081
9.89081
9.27758
9.27758
9.27758
9.27758
9.27758
9.27758
9.27758
9.27758
8.79552
8.79552
8.79552
8.79552
8.79552
8.79552
8.79552
8.79552
8.44357
8.44357
8.44357
8.44357
8.44357
8.44357
8.44357
8.44357
8.21674
8.21674
8.21674
8.21674
8.21674
8.21674
8.21674
8.21674
8.10584
8.10584
8.10584
8.10584
8.10584
8.10584
8.10584
8.10584
17.8104
17.8104
17.8104
17.8104
17.8104
17.8104
17.8104
17.8104
17.5765
17.5765
17.5765
17.5765
17.5765
17.5765
17.5765
17.5765
17.0783
17.0783
17.0783
17.0783
17.0783
17.0783
17.0783
17.0783
16.3571
16.3571
16.3571
16.3571
16.3571
16.3571
16.3571
16.3571
15.4694
15.4694
15.4694
15.4694
15.4694
15.4694
15.4694
15.4694
14.4793
14.4793
14.4793
14.4793
14.4793
14.4793
14.4793
14.4793
13.4501
13.4501
13.4501
13.4501
13.4501
13.4501
13.4501
13.4501
12.4376
12.4376
12.4376
12.4376
12.4376
12.4376
12.4376
12.4376
11.4871
11.4871
11.4871
11.4871
11.4871
11.4871
11.4871
11.4871
10.6311
10.6311
10.6311
10.6311
10.6311
10.6311
10.6311
10.6311
9.89081
9.89081
9.89081
9.89081
9.89081
9.89081
9.89081
9.89081
9.27758
9.27758
9.27758
9.27758
9.27758
9.27758
9.27758
9.27758
8.79552
8.79552
8.79552
8.79552
8.79552
8.79552
8.79552
8.79552
8.44357
8.44357
8.44357
8.44357
8.44357
8.44357
8.44357
8.44357
8.21674
8.21674
8.21674
8.21674
8.21674
8.21674
8.21674
8.21674
8.10584
8.10584
8.10584
8.10584
8.10584
8.10584
8.10584
8.10584
17.5381
17.5381
17.5381
17.5381
17.5381
17.5381
17.5381
17.5381
17.4203
17.4203
17.4203
17.4203
17.4203
17.4203
17.4203
17.4203
17.0389
17.0389
17.0389
17.0389
17.0389
17.0389
17.0389
17.0389
16.4289
16.4289
16.4289
16.4289
16.4289
16.4289
16.4289
16.4289
15.6415
15.6415
15.6415
15.6415
15.6415
15.6415
15.6415
15.6415
14.7367
14.7367
14.7367
14.7367
14.7367
14.7367
14.7367
14.7367
13.7757
13.7757
13.7757
13.7757
13.7757
13.7757
13.7757
13.7757
12.8141
12.8141
12.8141
12.8141
12.8141
12.8141
12.8141
12.8141
11.8982
11.8982
11.8982
11.8982
11.8982
11.8982
11.8982
11.8982
11.0626
11.0626
11.0626
11.0626
11.0626
11.0626
11.0626
11.0626
10.331
10.331
10.331
10.331
10.331
10.331
10.331
10.331
9.71755
9.71755
9.71755
9.71755
9.71755
9.71755
9.71755
9.71755
9.22848
9.22848
9.22848
9.22848
9.22848
9.22848
9.22848
9.22848
8.86458
8.86458
8.86458
8.86458
8.86458
8.86458
8.86458
8.86458
8.62225
8.62225
8.62225
8.62225
8.62225
8.62225
8.62225
8.62225
8.49327
8.49327
8.49327
8.49327
8.49327
8.49327
8.49327
8.49327
17.5381
17.5381
17.5381
17.5381
17.5381
17.5381
17.5381
17.5381
17.4203
17.4203
17.4203
17.4203
17.4203
17.4203
17.4203
17.4203
17.0389
17.0389
17.0389
17.0389
17.0389
17.0389
17.0389
17.0389
16.4289
16.4289
16.4289
16.4289
16.4289
16.4289
16.4289
16.4289
15.6415
15.6415
15.6415
15.6415
15.6415
15.6415
15.6415
15.6415
14.7367
14.7367
14.7367
14.7367
14.7367
14.7367
14.7367
14.7367
13.7757
13.7757
13.7757
13.7757
13.7757
13.7757
13.7757
13.7757
12.8141
12.8141
12.8141
12.8141
12.8141
12.8141
12.8141
12.8141
11.8982
11.8982
11.8982
11.8982
11.8982
11.8982
11.8982
11.8982
11.0626
11.0626
11.0626
11.0626
11.0626
11.0626
11.0626
11.0626
10.331
10.331
10.331
10.331
10.331
10.331
10.331
10.331
9.71755
9.71755
9.71755
9.71755
9.71755
9.71755
9.71755
9.71755
9.22848
9.22848
9.22848
9.22848
9.22848
9.22848
9.22848
9.22848
8.86458
8.86458
8.86458
8.86458
8.86458
8.86458
8.86458
8.86458
8.62225
8.62225
8.62225
8.62225
8.62225
8.62225
8.62225
8.62225
8.49327
8.49327
8.49327
8.49327
8.49327
8.49327
8.49327
8.49327
17.5381
17.5381
17.5381
17.5381
17.5381
17.5381
17.5381
17.5381
17.4203
17.4203
17.4203
17.4203
17.4203
17.4203
17.4203
17.4203
17.0389
17.0389
17.0389
17.0389
17.0389
17.0389
17.0389
17.0389
16.4289
16.4289
16.4289
16.4289
16.4289
16.4289
16.4289
16.4289
15.6415
15.6415
15.6415
15.6415
15.6415
15.6415
15.6415
15.6415
14.7367
14.7367
14.7367
14.7367
14.7367
14.7367
14.7367
14.7367
13.7757
13.7757
13.7757
13.7757
13.7757
13.7757
13.7757
13.7757
12.8141
12.8141
12.8141
12.8141
12.8141
12.8141
12.8141
12.8141
11.8982
11.8982
11.8982
11.8982
11.8982
11.8982
11.8982
11.8982
11.0626
11.0626
11.0626
11.0626
11.0626
11.0626
11.0626
11.0626
10.331
10.331
10.331
10.331
10.331
10.331
10.331
10.331
9.71755
9.71755
9.71755
9.71755
9.71755
9.71755
9.71755
9.71755
9.22848
9.22848
9.22848
9.22848
9.22848
9.22848
9.22848
9.22848
8.86458
8.86458
8.86458
8.86458
8.86458
8.86458
8.86458
8.86458
8.62225
8.62225
8.62225
8.62225
8.62225
8.62225
8.62225
8.62225
8.49327
8.49327
8.49327
8.49327
8.49327
8.49327
8.49327
8.49327
17.5381
17.5381
17.5381
17.5381
17.5381
17.5381
17.5381
17.5381
17.4203
17.4203
17.4203
17.4203
17.4203
17.4203
17.4203
17.4203
17.0389
17.0389
17.0389
17.0389
17.0389
17.0389
17.0389
17.0389
16.4289
16.4289
16.4289
16.4289
16.4289
16.4289
16.4289
16.4289
15.6415
15.6415
15.6415
15.6415
15.6415
15.6415
15.6415
15.6415
14.7367
14.7367
14.7367
14.7367
14.7367
14.7367
14.7367
14.7367
13.7757
13.7757
13.7757
13.7757
13.7757
13.7757
13.7757
13.7757
12.8141
12.8141
12.8141
12.8141
12.8141
12.8141
12.8141
12.8141
11.8982
11.8982
11.8982
11.8982
11.8982
11.8982
11.8982
11.8982
11.0626
11.0626
11.0626
11.0626
11.0626
11.0626
11.0626
11.0626
10.331
10.331
10.331
10.331
10.331
10.331
10.331
10.331
9.71755
9.71755
9.71755
9.71755
9.71755
9.71755
9.71755
9.71755
9.22848
9.22848
9.22848
9.22848
9.22848
9.22848
9.22848
9.22848
8.86458
8.86458
8.86458
8.86458
8.86458
8.86458
8.86458
8.86458
8.62225
8.62225
8.62225
8.62225
8.62225
8.62225
8.62225
8.62225
8.49327
8.49327
8.49327
8.49327
8.49327
8.49327
8.49327
8.49327
17.2391
17.2391
17.2391
17.2391
17.2391
17.2391
17.2391
17.2391
17.2302
17.2302
17.2302
17.2302
17.2302
17.2302
17.2302
17.2302
16.9628
16.9628
16.9628
16.9628
16.9628
16.9628
16.9628
16.9628
16.4652
16.4652
16.4652
16.4652
16.4652
16.4652
16.4652
16.4652
15.7828
15.7828
15.7828
15.7828
15.7828
15.7828
15.7828
15.7828
14.9707
14.9707
14.9707
14.9707
14.9707
14.9707
14.9707
14.9707
14.0866
14.0866
14.0866
14.0866
14.0866
14.0866
14.0866
14.0866
13.185
13.185
13.185
13.185
13.185
13.185
13.185
13.185
12.3124
12.3124
12.3124
12.3124
12.3124
12.3124
12.3124
12.3124
11.5049
11.5049
11.5049
11.5049
11.5049
11.5049
11.5049
11.5049
10.7885
10.7885
10.7885
10.7885
10.7885
10.7885
10.7885
10.7885
10.1796
10.1796
10.1796
10.1796
10.1796
10.1796
10.1796
10.1796
9.68676
9.68676
9.68676
9.68676
9.68676
9.68676
9.68676
9.68676
9.31283
9.31283
9.31283
9.31283
9.31283
9.31283
9.31283
9.31283
9.05568
9.05568
9.05568
9.05568
9.05568
9.05568
9.05568
9.05568
8.9083
8.9083
8.9083
8.9083
8.9083
8.9083
8.9083
8.9083
17.2391
17.2391
17.2391
17.2391
17.2391
17.2391
17.2391
17.2391
17.2302
17.2302
17.2302
17.2302
17.2302
17.2302
17.2302
17.2302
16.9628
16.9628
16.9628
16.9628
16.9628
16.9628
16.9628
16.9628
16.4652
16.4652
16.4652
16.4652
16.4652
16.4652
16.4652
16.4652
15.7828
15.7828
15.7828
15.7828
15.7828
15.7828
15.7828
15.7828
14.9707
14.9707
14.9707
14.9707
14.9707
14.9707
14.9707
14.9707
14.0866
14.0866
14.0866
14.0866
14.0866
14.0866
14.0866
14.0866
13.185
13.185
13.185
13.185
13.185
13.185
13.185
13.185
12.3124
12.3124
12.3124
12.3124
12.3124
12.3124
12.3124
12.3124
11.5049
11.5049
11.5049
11.5049
11.5049
11.5049
11.5049
11.5049
10.7885
10.7885
10.7885
10.7885
10.7885
10.7885
10.7885
10.7885
10.1796
10.1796
10.1796
10.1796
10.1796
10.1796
10.1796
10.1796
9.68676
9.68676
9.68676
9.68676
9.68676
9.68676
9.68676
9.68676
9.31283
9.31283
9.31283
9.31283
9.31283
9.31283
9.31283
9.31283
9.05568
9.05568
9.05568
9.05568
9.05568
9.05568
9.05568
9.05568
8.9083
8.9083
8.9083
8.9083
8.9083
8.9083
8.9083
8.9083
17.2391
17.2391
17.2391
17.2391
17.2391
17.2391
17.2391
17.2391
17.2302
17.2302
17.2302
17.2302
17.2302
17.2302
17.2302
17.2302
16.9628
16.9628
16.9628
16.9628
16.9628
16.9628
16.9628
16.9628
16.4652
16.4652
16.4652
16.4652
16.4652
16.4652
16.4652
16.4652
15.7828
15.7828
15.7828
15.7828
15.7828
15.7828
15.7828
15.7828
14.9707
14.9707
14.9707
14.9707
14.9707
14.9707
14.9707
14.9707
14.0866
14.0866
14.0866
14.0866
14.0866
14.0866
14.0866
14.0866
13.185
13.185
13.185
13.185
13.185
13.185
13.185
13.185
12.3124
12.3124
12.3124
12.3124
12.3124
12.3124
12.3124
12.3124
11.5049
11.5049
11.5049
11.5049
11.5049
11.5049
11.5049
11.5049
10.7885
10.7885
10.7885
10.7885
10.7885
10.7885
10.7885
10.7885
10.1796
10.1796
10.1796
10.1796
10.1796
10.1796
10.1796
10.1796
9.68676
9.68676
9.68676
9.68676
9.68676
9.68676
9.68676
9.68676
9.31283
9.31283
9.31283
9.31283
9.31283
9.31283
9.31283
9.31283
9.05568
9.05568
9.05568
9.05568
9.05568
9.05568
9.05568
9.05568
8.9083
8.9083
8.9083
8.9083
8.9083
8.9083
8.9083
8.9083
17.2391
17.2391
17.2391
17.2391
17.2391
17.2391
17.2391
17.2391
17.2302
17.2302
17.2302
17.2302
17.2302
17.2302
17.2302
17.2302
16.9628
16.9628
16.9628
16.9628
16.9628
16.9628
16.9628
16.9628
16.4652
16.4652
16.4652
16.4652
16.4652
16.4652
16.4652
16.4652
15.7828
15.7828
15.7828
15.7828
15.7828
15.7828
15.7828
15.7828
14.9707
14.9707
14.9707
14.9707
14.9707
14.9707
14.9707
14.9707
14.0866
14.0866
14.0866
14.0866
14.0866
14.0866
14.0866
14.0866
13.185
13.185
13.185
13.185
13.185
13.185
13.185
13.185
12.3124
12.3124
12.3124
12.3124
12.3124
12.3124
12.3124
12.3124
11.5049
11.5049
11.5049
11.5049
11.5049
11.5049
11.5049
11.5049
10.7885
10.7885
10.7885
10.7885
10.7885
10.7885
10.7885
10.7885
10.1796
10.1796
10.1796
10.1796
10.1796
10.1796
10.1796
10.1796
9.68676
9.68676
9.68676
9.68676
9.68676
9.68676
9.68676
9.68676
9.31283
9.31283
9.31283
9.31283
9.31283
9.31283
9.31283
9.31283
9.05568
9.05568
9.05568
9.05568
9.05568
9.05568
9.05568
9.05568
8.9083
8.9083
8.9083
8.9083
8.9083
8.9083
8.9083
8.9083
16.9164
16.9164
16.9164
16.9164
16.9164
16.9164
16.9164
16.9164
17.0052
17.0052
17.0052
17.0052
17.0052
17.0052
17.0052
17.0052
16.8451
16.8451
16.8451
16.8451
16.8451
16.8451
16.8451
16.8451
16.4579
16.4579
16.4579
16.4579
16.4579
16.4579
16.4579
16.4579
15.8823
15.8823
15.8823
15.8823
15.8823
15.8823
15.8823
15.8823
15.1678
15.1678
15.1678
15.1678
15.1678
15.1678
15.1678
15.1678
14.3682
14.3682
14.3682
14.3682
14.3682
14.3682
14.3682
14.3682
13.5353
13.5353
13.5353
13.5353
13.5353
13.5353
13.5353
13.5353
12.7149
12.7149
12.7149
12.7149
12.7149
12.7149
12.7149
12.7149
11.944
11.944
11.944
11.944
11.944
11.944
11.944
11.944
11.2502
11.2502
11.2502
11.2502
11.2502
11.2502
11.2502
11.2502
10.6519
10.6519
10.6519
10.6519
10.6519
10.6519
10.6519
10.6519
10.1601
10.1601
10.1601
10.1601
10.1601
10.1601
10.1601
10.1601
9.77934
9.77934
9.77934
9.77934
9.77934
9.77934
9.77934
9.77934
9.50926
9.50926
9.50926
9.50926
9.50926
9.50926
9.50926
9.50926
9.34436
9.34436
9.34436
9.34436
9.34436
9.34436
9.34436
9.34436
16.9164
16.9164
16.9164
16.9164
16.9164
16.9164
16.9164
16.9164
17.0052
17.0052
17.0052
17.0052
17.0052
17.0052
17.0052
17.0052
16.8451
16.8451
16.8451
16.8451
16.8451
16.8451
16.8451
16.8451
16.4579
16.4579
16.4579
16.4579
16.4579
16.4579
16.4579
16.4579
15.8823
15.8823
15.8823
15.8823
15.8823
15.8823
15.8823
15.8823
15.1678
15.1678
15.1678
15.1678
15.1678
15.1678
15.1678
15.1678
14.3682
14.3682
14.3682
14.3682
14.3682
14.3682
14.3682
14.3682
13.5353
13.5353
13.5353
13.5353
13.5353
13.5353
13.5353
13.5353
12.7149
12.7149
12.7149
12.7149
12.7149
12.7149
12.7149
12.7149
11.944
11.944
11.944
11.944
11.944
11.944
11.944
11.944
11.2502
11.2502
11.2502
11.2502
11.2502
11.2502
11.2502
11.2502
10.6519
10.6519
10.6519
10.6519
10.6519
10.6519
10.6519
10.6519
10.1601
10.1601
10.1601
10.1601
10.1601
10.1601
10.1601
10.1601
9.77934
9.77934
9.77934
9.77934
9.77934
9.77934
9.77934
9.77934
9.50926
9.50926
9.50926
9.50926
9.50926
9.50926
9.50926
9.50926
9.34436
9.34436
9.34436
9.34436
9.34436
9.34436
9.34436
9.34436
16.9164
16.9164
16.9164
16.9164
16.9164
16.9164
16.9164
16.9164
17.0052
17.0052
17.0052
17.0052
17.0052
17.0052
17.0052
17.0052
16.8451
16.8451
16.8451
16.8451
16.8451
16.8451
16.8451
16.8451
16.4579
16.4579
16.4579
16.4579
16.4579
16.4579
16.4579
16.4579
15.8823
15.8823
15.8823
15.8823
15.8823
15.8823
15.8823
15.8823
15.1678
15.1678
15.1678
15.1678
15.1678
15.1678
15.1678
15.1678
14.3682
14.3682
14.3682
14.3682
14.3682
14.3682
14.3682
14.3682
13.5353
13.5353
13.5353
13.5353
13.5353
13.5353
13.5353
13.5353
12.7149
12.7149
12.7149
12.7149
12.7149
12.7149
12.7149
12.7149
11.944
11.944
11.944
11.944
11.944
11.944
11.944
11.944
11.2502
11.2502
11.2502
11.2502
11.2502
11.2502
11.2502
11.2502
10.6519
10.6519
10.6519
10.6519
10.6519
10.6519
10.6519
10.6519
10.1601
10.1601
10.1601
10.1601
10.1601
10.1601
10.1601
10.1601
9.77934
9.77934
9.77934
9.77934
9.77934
9.77934
9.77934
9.77934
9.50926
9.50926
9.50926
9.50926
9.50926
9.50926
9.50926
9.50926
9.34436
9.34436
9.34436
9.34436
9.34436
9.34436
9.34436
9.34436
16.9164
16.9164
16.9164
16.9164
16.9164
16.9164
16.9164
16.9164
17.0052
17.0052
17.0052
17.0052
17.0052
17.0052
17.0052
17.0052
16.8451
16.8451
16.8451
16.8451
16.8451
16.8451
16.8451
16.8451
16.4579
16.4579
16.4579
16.4579
16.4579
16.4579
16.4579
16.4579
15.8823
15.8823
15.8823
15.8823
15.8823
15.8823
15.8823
15.8823
15.1678
15.1678
15.1678
15.1678
15.1678
15.1678
15.1678
15.1678
14.3682
14.3682
14.3682
14.3682
14.3682
14.3682
14.3682
14.3682
13.5353
13.5353
13.5353
13.5353
13.5353
13.5353
13.5353
13.5353
12.7149
12.7149
12.7149
12.7149
12.7149
12.7149
12.7149
12.7149
11.944
11.944
11.944
11.944
11.944
11.944
11.944
11.944
11.2502
11.2502
11.2502
11.2502
11.2502
11.2502
11.2502
11.2502
10.6519
10.6519
10.6519
10.6519
10.6519
10.6519
10.6519
10.6519
10.1601
10.1601
10.1601
10.1601
10.1601
10.1601
10.1601
10.1601
9.77934
9.77934
9.77934
9.77934
9.77934
9.77934
9.77934
9.77934
9.50926
9.50926
9.50926
9.50926
9.50926
9.50926
9.50926
9.50926
9.34436
9.34436
9.34436
9.34436
9.34436
9.34436
9.34436
9.34436
16.5726
16.5726
16.5726
16.5726
16.5726
16.5726
16.5726
16.5726
16.7451
16.7451
16.7451
16.7451
16.7451
16.7451
16.7451
16.7451
16.6821
16.6821
16.6821
16.6821
16.6821
16.6821
16.6821
16.6821
16.3994
16.3994
16.3994
16.3994
16.3994
16.3994
16.3994
16.3994
15.9295
15.9295
15.9295
15.9295
15.9295
15.9295
15.9295
15.9295
15.3153
15.3153
15.3153
15.3153
15.3153
15.3153
15.3153
15.3153
14.6057
14.6057
14.6057
14.6057
14.6057
14.6057
14.6057
14.6057
13.8492
13.8492
13.8492
13.8492
13.8492
13.8492
13.8492
13.8492
13.0899
13.0899
13.0899
13.0899
13.0899
13.0899
13.0899
13.0899
12.3646
12.3646
12.3646
12.3646
12.3646
12.3646
12.3646
12.3646
11.7018
11.7018
11.7018
11.7018
11.7018
11.7018
11.7018
11.7018
11.1215
11.1215
11.1215
11.1215
11.1215
11.1215
11.1215
11.1215
10.6367
10.6367
10.6367
10.6367
10.6367
10.6367
10.6367
10.6367
10.2538
10.2538
10.2538
10.2538
10.2538
10.2538
10.2538
10.2538
9.97405
9.97405
9.97405
9.97405
9.97405
9.97405
9.97405
9.97405
9.79369
9.79369
9.79369
9.79369
9.79369
9.79369
9.79369
9.79369
16.5726
16.5726
16.5726
16.5726
16.5726
16.5726
16.5726
16.5726
16.7451
16.7451
16.7451
16.7451
16.7451
16.7451
16.7451
16.7451
16.6821
16.6821
16.6821
16.6821
16.6821
16.6821
16.6821
16.6821
16.3994
16.3994
16.3994
16.3994
16.3994
16.3994
16.3994
16.3994
15.9295
15.9295
15.9295
15.9295
15.9295
15.9295
15.9295
15.9295
15.3153
15.3153
15.3153
15.3153
15.3153
15.3153
15.3153
15.3153
14.6057
14.6057
14.6057
14.6057
14.6057
14.6057
14.6057
14.6057
13.8492
13.8492
13.8492
13.8492
13.8492
13.8492
13.8492
13.8492
13.0899
13.0899
13.0899
13.0899
13.0899
13.0899
13.0899
13.0899
12.3646
12.3646
12.3646
12.3646
12.3646
12.3646
12.3646
12.3646
11.7018
11.7018
11.7018
11.7018
11.7018
11.7018
11.7018
11.7018
11.1215
11.1215
11.1215
11.1215
11.1215
11.1215
11.1215
11.1215
10.6367
10.6367
10.6367
10.6367
10.6367
10.6367
10.6367
10.6367
10.2538
10.2538
10.2538
10.2538
10.2538
10.2538
10.2538
10.2538
9.97405
9.97405
9.97405
9.97405
9.97405
9.97405
9.97405
9.97405
9.79369
9.79369
9.79369
9.79369
9.79369
9.79369
9.79369
9.79369
16.5726
16.5726
16.5726
16.5726
16.5726
16.5726
16.5726
16.5726
16.7451
16.7451
16.7451
16.7451
16.7451
16.7451
16.7451
16.7451
16.6821
16.6821
16.6821
16.6821
16.6821
16.6821
16.6821
16.6821
16.3994
16.3994
16.3994
16.3994
16.3994
16.3994
16.3994
16.3994
15.9295
15.9295
15.9295
15.9295
15.9295
15.9295
15.9295
15.9295
15.3153
15.3153
15.3153
15.3153
15.3153
15.3153
15.3153
15.3153
14.6057
14.6057
14.6057
14.6057
14.6057
14.6057
14.6057
14.6057
13.8492
13.8492
13.8492
13.8492
13.8492
13.8492
13.8492
13.8492
13.0899
13.0899
13.0899
13.0899
13.0899
13.0899
13.0899
13.0899
12.3646
12.3646
12.3646
12.3646
12.3646
12.3646
12.3646
12.3646
11.7018
11.7018
11.7018
11.7018
11.7018
11.7018
11.7018
11.7018
11.1215
11.1215
11.1215
11.1215
11.1215
11.1215
11.1215
11.1215
10.6367
10.6367
10.6367
10.6367
10.6367
10.6367
10.6367
10.6367
10.2538
10.2538
10.2538
10.2538
10.2538
10.2538
10.2538
10.2538
9.97405
9.97405
9.97405
9.97405
9.97405
9.97405
9.97405
9.97405
9.79369
9.79369
9.79369
9.79369
9.79369
9.79369
9.79369
9.79369
16.5726
16.5726
16.5726
16.5726
16.5726
16.5726
16.5726
16.5726
16.7451
16.7451
16.7451
16.7451
16.7451
16.7451
16.7451
16.7451
16.6821
16.6821
16.6821
16.6821
16.6821
16.6821
16.6821
16.6821
16.3994
16.3994
16.3994
16.3994
16.3994
16.3994
16.3994
16.3994
15.9295
15.9295
15.9295
15.9295
15.9295
15.9295
15.9295
15.9295
15.3153
15.3153
15.3153
15.3153
15.3153
15.3153
15.3153
15.3153
14.6057
14.6057
14.6057
14.6057
14.6057
14.6057
14.6057
14.6057
13.8492
13.8492
13.8492
13.8492
13.8492
13.8492
13.8492
13.8492
13.0899
13.0899
13.0899
13.0899
13.0899
13.0899
13.0899
13.0899
12.3646
12.3646
12.3646
12.3646
12.3646
12.3646
12.3646
12.3646
11.7018
11.7018
11.7018
11.7018
11.7018
11.7018
11.7018
11.7018
11.1215
11.1215
11.1215
11.1215
11.1215
11.1215
11.1215
11.1215
10.6367
10.6367
10.6367
10.6367
10.6367
10.6367
10.6367
10.6367
10.2538
10.2538
10.2538
10.2538
10.2538
10.2538
10.2538
10.2538
9.97405
9.97405
9.97405
9.97405
9.97405
9.97405
9.97405
9.97405
9.79369
9.79369
9.79369
9.79369
9.79369
9.79369
9.79369
9.79369
16.2113
16.2113
16.2113
16.2113
16.2113
16.2113
16.2113
16.2113
16.4511
16.4511
16.4511
16.4511
16.4511
16.4511
16.4511
16.4511
16.4722
16.4722
16.4722
16.4722
16.4722
16.4722
16.4722
16.4722
16.2853
16.2853
16.2853
16.2853
16.2853
16.2853
16.2853
16.2853
15.9165
15.9165
15.9165
15.9165
15.9165
15.9165
15.9165
15.9165
15.4025
15.4025
15.4025
15.4025
15.4025
15.4025
15.4025
15.4025
14.7865
14.7865
14.7865
14.7865
14.7865
14.7865
14.7865
14.7865
14.1127
14.1127
14.1127
14.1127
14.1127
14.1127
14.1127
14.1127
13.4225
13.4225
13.4225
13.4225
13.4225
13.4225
13.4225
13.4225
12.7517
12.7517
12.7517
12.7517
12.7517
12.7517
12.7517
12.7517
12.1287
12.1287
12.1287
12.1287
12.1287
12.1287
12.1287
12.1287
11.5748
11.5748
11.5748
11.5748
11.5748
11.5748
11.5748
11.5748
11.1042
11.1042
11.1042
11.1042
11.1042
11.1042
11.1042
11.1042
10.7251
10.7251
10.7251
10.7251
10.7251
10.7251
10.7251
10.7251
10.4404
10.4404
10.4404
10.4404
10.4404
10.4404
10.4404
10.4404
10.2482
10.2482
10.2482
10.2482
10.2482
10.2482
10.2482
10.2482
16.2113
16.2113
16.2113
16.2113
16.2113
16.2113
16.2113
16.2113
16.4511
16.4511
16.4511
16.4511
16.4511
16.4511
16.4511
16.4511
16.4722
16.4722
16.4722
16.4722
16.4722
16.4722
16.4722
16.4722
16.2853
16.2853
16.2853
16.2853
16.2853
16.2853
16.2853
16.2853
15.9165
15.9165
15.9165
15.9165
15.9165
15.9165
15.9165
15.9165
15.4025
15.4025
15.4025
15.4025
15.4025
15.4025
15.4025
15.4025
14.7865
14.7865
14.7865
14.7865
14.7865
14.7865
14.7865
14.7865
14.1127
14.1127
14.1127
14.1127
14.1127
14.1127
14.1127
14.1127
13.4225
13.4225
13.4225
13.4225
13.4225
13.4225
13.4225
13.4225
12.7517
12.7517
12.7517
12.7517
12.7517
12.7517
12.7517
12.7517
12.1287
12.1287
12.1287
12.1287
12.1287
12.1287
12.1287
12.1287
11.5748
11.5748
11.5748
11.5748
11.5748
11.5748
11.5748
11.5748
11.1042
11.1042
11.1042
11.1042
11.1042
11.1042
11.1042
11.1042
10.7251
10.7251
10.7251
10.7251
10.7251
10.7251
10.7251
10.7251
10.4404
10.4404
10.4404
10.4404
10.4404
10.4404
10.4404
10.4404
10.2482
10.2482
10.2482
10.2482
10.2482
10.2482
10.2482
10.2482
16.2113
16.2113
16.2113
16.2113
16.2113
16.2113
16.2113
16.2113
16.4511
16.4511
16.4511
16.4511
16.4511
16.4511
16.4511
16.4511
16.4722
16.4722
16.4722
16.4722
16.4722
16.4722
16.4722
16.4722
16.2853
16.2853
16.2853
16.2853
16.2853
16.2853
16.2853
16.2853
15.9165
15.9165
15.9165
15.9165
15.9165
15.9165
15.9165
15.9165
15.4025
15.4025
15.4025
15.4025
15.4025
15.4025
15.4025
15.4025
14.7865
14.7865
14.7865
14.7865
14.7865
14.7865
14.7865
14.7865
14.1127
14.1127
14.1127
14.1127
14.1127
14.1127
14.1127
14.1127
13.4225
13.4225
13.4225
13.4225
13.4225
13.4225
13.4225
13.4225
12.7517
12.7517
12.7517
12.7517
12.7517
12.7517
12.7517
12.7517
12.1287
12.1287
12.1287
12.1287
12.1287
12.1287
12.1287
12.1287
11.5748
11.5748
11.5748
11.5748
11.5748
11.5748
11.5748
11.5748
11.1042
11.1042
11.1042
11.1042
11.1042
11.1042
11.1042
11.1042
10.7251
10.7251
10.7251
10.7251
10.7251
10.7251
10.7251
10.7251
10.4404
10.4404
10.4404
10.4404
10.4404
10.4404
10.4404
10.4404
10.2482
10.2482
10.2482
10.2482
10.2482
10.2482
10.2482
10.2482
16.2113
16.2113
16.2113
16.2113
16.2113
16.2113
16.2113
16.2113
16.4511
16.4511
16.4511
16.4511
16.4511
16.4511
16.4511
16.4511
16.4722
16.4722
16.4722
16.4722
16.4722
16.4722
16.4722
16.4722
16.2853
16.2853
16.2853
16.2853
16.2853
16.2853
16.2853
16.2853
15.9165
15.9165
15.9165
15.9165
15.9165
15.9165
15.9165
15.9165
15.4025
15.4025
15.4025
15.4025
15.4025
15.4025
15.4025
15.4025
14.7865
14.7865
14.7865
14.7865
14.7865
14.7865
14.7865
14.7865
14.1127
14.1127
14.1127
14.1127
14.1127
14.1127
14.1127
14.1127
13.4225
13.4225
13.4225
13.4225
13.4225
13.4225
13.4225
13.4225
12.7517
12.7517
12.7517
12.7517
12.7517
12.7517
12.7517
12.7517
12.1287
12.1287
12.1287
12.1287
12.1287
12.1287
12.1287
12.1287
11.5748
11.5748
11.5748
11.5748
11.5748
11.5748
11.5748
11.5748
11.1042
11.1042
11.1042
11.1042
11.1042
11.1042
11.1042
11.1042
10.7251
10.7251
10.7251
10.7251
10.7251
10.7251
10.7251
10.7251
10.4404
10.4404
10.4404
10.4404
10.4404
10.4404
10.4404
10.4404
10.2482
10.2482
10.2482
10.2482
10.2482
10.2482
10.2482
10.2482
15.8375
15.8375
15.8375
15.8375
15.8375
15.8375
15.8375
15.8375
16.1269
16.1269
16.1269
16.1269
16.1269
16.1269
16.1269
16.1269
16.2171
16.2171
16.2171
16.2171
16.2171
16.2171
16.2171
16.2171
16.1147
16.1147
16.1147
16.1147
16.1147
16.1147
16.1147
16.1147
15.8397
15.8397
15.8397
15.8397
15.8397
15.8397
15.8397
15.8397
15.423
15.423
15.423
15.423
15.423
15.423
15.423
15.423
14.9015
14.9015
14.9015
14.9015
14.9015
14.9015
14.9015
14.9015
14.3147
14.3147
14.3147
14.3147
14.3147
14.3147
14.3147
14.3147
13.7004
13.7004
13.7004
13.7004
13.7004
13.7004
13.7004
13.7004
13.0922
13.0922
13.0922
13.0922
13.0922
13.0922
13.0922
13.0922
12.5179
12.5179
12.5179
12.5179
12.5179
12.5179
12.5179
12.5179
11.999
11.999
11.999
11.999
11.999
11.999
11.999
11.999
11.5508
11.5508
11.5508
11.5508
11.5508
11.5508
11.5508
11.5508
11.1826
11.1826
11.1826
11.1826
11.1826
11.1826
11.1826
11.1826
10.8991
10.8991
10.8991
10.8991
10.8991
10.8991
10.8991
10.8991
10.6996
10.6996
10.6996
10.6996
10.6996
10.6996
10.6996
10.6996
15.8375
15.8375
15.8375
15.8375
15.8375
15.8375
15.8375
15.8375
16.1269
16.1269
16.1269
16.1269
16.1269
16.1269
16.1269
16.1269
16.2171
16.2171
16.2171
16.2171
16.2171
16.2171
16.2171
16.2171
16.1147
16.1147
16.1147
16.1147
16.1147
16.1147
16.1147
16.1147
15.8397
15.8397
15.8397
15.8397
15.8397
15.8397
15.8397
15.8397
15.423
15.423
15.423
15.423
15.423
15.423
15.423
15.423
14.9015
14.9015
14.9015
14.9015
14.9015
14.9015
14.9015
14.9015
14.3147
14.3147
14.3147
14.3147
14.3147
14.3147
14.3147
14.3147
13.7004
13.7004
13.7004
13.7004
13.7004
13.7004
13.7004
13.7004
13.0922
13.0922
13.0922
13.0922
13.0922
13.0922
13.0922
13.0922
12.5179
12.5179
12.5179
12.5179
12.5179
12.5179
12.5179
12.5179
11.999
11.999
11.999
11.999
11.999
11.999
11.999
11.999
11.5508
11.5508
11.5508
11.5508
11.5508
11.5508
11.5508
11.5508
11.1826
11.1826
11.1826
11.1826
11.1826
11.1826
11.1826
11.1826
10.8991
10.8991
10.8991
10.8991
10.8991
10.8991
10.8991
10.8991
10.6996
10.6996
10.6996
10.6996
10.6996
10.6996
10.6996
10.6996
15.8375
15.8375
15.8375
15.8375
15.8375
15.8375
15.8375
15.8375
16.1269
16.1269
16.1269
16.1269
16.1269
16.1269
16.1269
16.1269
16.2171
16.2171
16.2171
16.2171
16.2171
16.2171
16.2171
16.2171
16.1147
16.1147
16.1147
16.1147
16.1147
16.1147
16.1147
16.1147
15.8397
15.8397
15.8397
15.8397
15.8397
15.8397
15.8397
15.8397
15.423
15.423
15.423
15.423
15.423
15.423
15.423
15.423
14.9015
14.9015
14.9015
14.9015
14.9015
14.9015
14.9015
14.9015
14.3147
14.3147
14.3147
14.3147
14.3147
14.3147
14.3147
14.3147
13.7004
13.7004
13.7004
13.7004
13.7004
13.7004
13.7004
13.7004
13.0922
13.0922
13.0922
13.0922
13.0922
13.0922
13.0922
13.0922
12.5179
12.5179
12.5179
12.5179
12.5179
12.5179
12.5179
12.5179
11.999
11.999
11.999
11.999
11.999
11.999
11.999
11.999
11.5508
11.5508
11.5508
11.5508
11.5508
11.5508
11.5508
11.5508
11.1826
11.1826
11.1826
11.1826
11.1826
11.1826
11.1826
11.1826
10.8991
10.8991
10.8991
10.8991
10.8991
10.8991
10.8991
10.8991
10.6996
10.6996
10.6996
10.6996
10.6996
10.6996
10.6996
10.6996
15.8375
15.8375
15.8375
15.8375
15.8375
15.8375
15.8375
15.8375
16.1269
16.1269
16.1269
16.1269
16.1269
16.1269
16.1269
16.1269
16.2171
16.2171
16.2171
16.2171
16.2171
16.2171
16.2171
16.2171
16.1147
16.1147
16.1147
16.1147
16.1147
16.1147
16.1147
16.1147
15.8397
15.8397
15.8397
15.8397
15.8397
15.8397
15.8397
15.8397
15.423
15.423
15.423
15.423
15.423
15.423
15.423
15.423
14.9015
14.9015
14.9015
14.9015
14.9015
14.9015
14.9015
14.9015
14.3147
14.3147
14.3147
14.3147
14.3147
14.3147
14.3147
14.3147
13.7004
13.7004
13.7004
13.7004
13.7004
13.7004
13.7004
13.7004
13.0922
13.0922
13.0922
13.0922
13.0922
13.0922
13.0922
13.0922
12.5179
12.5179
12.5179
12.5179
12.5179
12.5179
12.5179
12.5179
11.999
11.999
11.999
11.999
11.999
11.999
11.999
11.999
11.5508
11.5508
11.5508
11.5508
11.5508
11.5508
11.5508
11.5508
11.1826
11.1826
11.1826
11.1826
11.1826
11.1826
11.1826
11.1826
10.8991
10.8991
10.8991
10.8991
10.8991
10.8991
10.8991
10.8991
10.6996
10.6996
10.6996
10.6996
10.6996
10.6996
10.6996
10.6996
15.4585
15.4585
15.4585
15.4585
15.4585
15.4585
15.4585
15.4585
15.7798
15.7798
15.7798
15.7798
15.7798
15.7798
15.7798
15.7798
15.9232
15.9232
15.9232
15.9232
15.9232
15.9232
15.9232
15.9232
15.8921
15.8921
15.8921
15.8921
15.8921
15.8921
15.8921
15.8921
15.7016
15.7016
15.7016
15.7016
15.7016
15.7016
15.7016
15.7016
15.3765
15.3765
15.3765
15.3765
15.3765
15.3765
15.3765
15.3765
14.9479
14.9479
14.9479
14.9479
14.9479
14.9479
14.9479
14.9479
14.4499
14.4499
14.4499
14.4499
14.4499
14.4499
14.4499
14.4499
13.9161
13.9161
13.9161
13.9161
13.9161
13.9161
13.9161
13.9161
13.3773
13.3773
13.3773
13.3773
13.3773
13.3773
13.3773
13.3773
12.8598
12.8598
12.8598
12.8598
12.8598
12.8598
12.8598
12.8598
12.3845
12.3845
12.3845
12.3845
12.3845
12.3845
12.3845
12.3845
11.9669
11.9669
11.9669
11.9669
11.9669
11.9669
11.9669
11.9669
11.6175
11.6175
11.6175
11.6175
11.6175
11.6175
11.6175
11.6175
11.3418
11.3418
11.3418
11.3418
11.3418
11.3418
11.3418
11.3418
11.1409
11.1409
11.1409
11.1409
11.1409
11.1409
11.1409
11.1409
15.4585
15.4585
15.4585
15.4585
15.4585
15.4585
15.4585
15.4585
15.7798
15.7798
15.7798
15.7798
15.7798
15.7798
15.7798
15.7798
15.9232
15.9232
15.9232
15.9232
15.9232
15.9232
15.9232
15.9232
15.8921
15.8921
15.8921
15.8921
15.8921
15.8921
15.8921
15.8921
15.7016
15.7016
15.7016
15.7016
15.7016
15.7016
15.7016
15.7016
15.3765
15.3765
15.3765
15.3765
15.3765
15.3765
15.3765
15.3765
14.9479
14.9479
14.9479
14.9479
14.9479
14.9479
14.9479
14.9479
14.4499
14.4499
14.4499
14.4499
14.4499
14.4499
14.4499
14.4499
13.9161
13.9161
13.9161
13.9161
13.9161
13.9161
13.9161
13.9161
13.3773
13.3773
13.3773
13.3773
13.3773
13.3773
13.3773
13.3773
12.8598
12.8598
12.8598
12.8598
12.8598
12.8598
12.8598
12.8598
12.3845
12.3845
12.3845
12.3845
12.3845
12.3845
12.3845
12.3845
11.9669
11.9669
11.9669
11.9669
11.9669
11.9669
11.9669
11.9669
11.6175
11.6175
11.6175
11.6175
11.6175
11.6175
11.6175
11.6175
11.3418
11.3418
11.3418
11.3418
11.3418
11.3418
11.3418
11.3418
11.1409
11.1409
11.1409
11.1409
11.1409
11.1409
11.1409
11.1409
15.4585
15.4585
15.4585
15.4585
15.4585
15.4585
15.4585
15.4585
15.7798
15.7798
15.7798
15.7798
15.7798
15.7798
15.7798
15.7798
15.9232
15.9232
15.9232
15.9232
15.9232
15.9232
15.9232
15.9232
15.8921
15.8921
15.8921
15.8921
15.8921
15.8921
15.8921
15.8921
15.7016
15.7016
15.7016
15.7016
15.7016
15.7016
15.7016
15.7016
15.3765
15.3765
15.3765
15.3765
15.3765
15.3765
15.3765
15.3765
14.9479
14.9479
14.9479
14.9479
14.9479
14.9479
14.9479
14.9479
14.4499
14.4499
14.4499
14.4499
14.4499
14.4499
14.4499
14.4499
13.9161
13.9161
13.9161
13.9161
13.9161
13.9161
13.9161
13.9161
13.3773
13.3773
13.3773
13.3773
13.3773
13.3773
13.3773
13.3773
12.8598
12.8598
12.8598
12.8598
12.8598
12.8598
12.8598
12.8598
12.3845
12.3845
12.3845
12.3845
12.3845
12.3845
12.3845
12.3845
11.9669
11.9669
11.9669
11.9669
11.9669
11.9669
11.9669
11.9669
11.6175
11.6175
11.6175
11.6175
11.6175
11.6175
11.6175
11.6175
11.3418
11.3418
11.3418
11.3418
11.3418
11.3418
11.3418
11.3418
11.1409
11.1409
11.1409
11.1409
11.1409
11.1409
11.1409
11.1409
15.4585
15.4585
15.4585
15.4585
15.4585
15.4585
15.4585
15.4585
15.7798
15.7798
15.7798
15.7798
15.7798
15.7798
15.7798
15.7798
15.9232
15.9232
15.9232
15.9232
15.9232
15.9232
15.9232
15.9232
15.8921
15.8921
15.8921
15.8921
15.8921
15.8921
15.8921
15.8921
15.7016
15.7016
15.7016
15.7016
15.7016
15.7016
15.7016
15.7016
15.3765
15.3765
15.3765
15.3765
15.3765
15.3765
15.3765
15.3765
14.9479
14.9479
14.9479
14.9479
14.9479
14.9479
14.9479
14.9479
14.4499
14.4499
14.4499
14.4499
14.4499
14.4499
14.4499
14.4499
13.9161
13.9161
13.9161
13.9161
13.9161
13.9161
13.9161
13.9161
13.3773
13.3773
13.3773
13.3773
13.3773
13.3773
13.3773
13.3773
12.8598
12.8598
12.8598
12.8598
12.8598
12.8598
12.8598
12.8598
12.3845
12.3845
12.3845
12.3845
12.3845
12.3845
12.3845
12.3845
11.9669
11.9669
11.9669
11.9669
11.9669
11.9669
11.9669
11.9669
11.6175
11.6175
11.6175
11.6175
11.6175
11.6175
11.6175
11.6175
11.3418
11.3418
11.3418
11.3418
11.3418
11.3418
11.3418
11.3418
11.1409
11.1409
11.1409
11.1409
11.1409
11.1409
11.1409
11.1409
15.0852
15.0852
15.0852
15.0852
15.0852
15.0852
15.0852
15.0852
15.422
15.422
15.422
15.422
15.422
15.422
15.422
15.422
15.6031
15.6031
15.6031
15.6031
15.6031
15.6031
15.6031
15.6031
15.6296
15.6296
15.6296
15.6296
15.6296
15.6296
15.6296
15.6296
15.5123
15.5123
15.5123
15.5123
15.5123
15.5123
15.5123
15.5123
15.271
15.271
15.271
15.271
15.271
15.271
15.271
15.271
14.9308
14.9308
14.9308
14.9308
14.9308
14.9308
14.9308
14.9308
14.5205
14.5205
14.5205
14.5205
14.5205
14.5205
14.5205
14.5205
14.0692
14.0692
14.0692
14.0692
14.0692
14.0692
14.0692
14.0692
13.6043
13.6043
13.6043
13.6043
13.6043
13.6043
13.6043
13.6043
13.1498
13.1498
13.1498
13.1498
13.1498
13.1498
13.1498
13.1498
12.7254
12.7254
12.7254
12.7254
12.7254
12.7254
12.7254
12.7254
12.3464
12.3464
12.3464
12.3464
12.3464
12.3464
12.3464
12.3464
12.0233
12.0233
12.0233
12.0233
12.0233
12.0233
12.0233
12.0233
11.7626
11.7626
11.7626
11.7626
11.7626
11.7626
11.7626
11.7626
11.5663
11.5663
11.5663
11.5663
11.5663
11.5663
11.5663
11.5663
15.0852
15.0852
15.0852
15.0852
15.0852
15.0852
15.0852
15.0852
15.422
15.422
15.422
15.422
15.422
15.422
15.422
15.422
15.6031
15.6031
15.6031
15.6031
15.6031
15.6031
15.6031
15.6031
15.6296
15.6296
15.6296
15.6296
15.6296
15.6296
15.6296
15.6296
15.5123
15.5123
15.5123
15.5123
15.5123
15.5123
15.5123
15.5123
15.271
15.271
15.271
15.271
15.271
15.271
15.271
15.271
14.9308
14.9308
14.9308
14.9308
14.9308
14.9308
14.9308
14.9308
14.5205
14.5205
14.5205
14.5205
14.5205
14.5205
14.5205
14.5205
14.0692
14.0692
14.0692
14.0692
14.0692
14.0692
14.0692
14.0692
13.6043
13.6043
13.6043
13.6043
13.6043
13.6043
13.6043
13.6043
13.1498
13.1498
13.1498
13.1498
13.1498
13.1498
13.1498
13.1498
12.7254
12.7254
12.7254
12.7254
12.7254
12.7254
12.7254
12.7254
12.3464
12.3464
12.3464
12.3464
12.3464
12.3464
12.3464
12.3464
12.0233
12.0233
12.0233
12.0233
12.0233
12.0233
12.0233
12.0233
11.7626
11.7626
11.7626
11.7626
11.7626
11.7626
11.7626
11.7626
11.5663
11.5663
11.5663
11.5663
11.5663
11.5663
11.5663
11.5663
15.0852
15.0852
15.0852
15.0852
15.0852
15.0852
15.0852
15.0852
15.422
15.422
15.422
15.422
15.422
15.422
15.422
15.422
15.6031
15.6031
15.6031
15.6031
15.6031
15.6031
15.6031
15.6031
15.6296
15.6296
15.6296
15.6296
15.6296
15.6296
15.6296
15.6296
15.5123
15.5123
15.5123
15.5123
15.5123
15.5123
15.5123
15.5123
15.271
15.271
15.271
15.271
15.271
15.271
15.271
15.271
14.9308
14.9308
14.9308
14.9308
14.9308
14.9308
14.9308
14.9308
14.5205
14.5205
14.5205
14.5205
14.5205
14.5205
14.5205
14.5205
14.0692
14.0692
14.0692
14.0692
14.0692
14.0692
14.0692
14.0692
13.6043
13.6043
13.6043
13.6043
13.6043
13.6043
13.6043
13.6043
13.1498
13.1498
13.1498
13.1498
13.1498
13.1498
13.1498
13.1498
12.7254
12.7254
12.7254
12.7254
12.7254
12.7254
12.7254
12.7254
12.3464
12.3464
12.3464
12.3464
12.3464
12.3464
12.3464
12.3464
12.0233
12.0233
12.0233
12.0233
12.0233
12.0233
12.0233
12.0233
11.7626
11.7626
11.7626
11.7626
11.7626
11.7626
11.7626
11.7626
11.5663
11.5663
11.5663
11.5663
11.5663
11.5663
11.5663
11.5663
15.0852
15.0852
15.0852
15.0852
15.0852
15.0852
15.0852
15.0852
15.422
15.422
15.422
15.422
15.422
15.422
15.422
15.422
15.6031
15.6031
15.6031
15.6031
15.6031
15.6031
15.6031
15.6031
15.6296
15.6296
15.6296
15.6296
15.6296
15.6296
15.6296
15.6296
15.5123
15.5123
15.5123
15.5123
15.5123
15.5123
15.5123
15.5123
15.271
15.271
15.271
15.271
15.271
15.271
15.271
15.271
14.9308
14.9308
14.9308
14.9308
14.9308
14.9308
14.9308
14.9308
14.5205
14.5205
14.5205
14.5205
14.5205
14.5205
14.5205
14.5205
14.0692
14.0692
14.0692
14.0692
14.0692
14.0692
14.0692
14.0692
13.6043
13.6043
13.6043
13.6043
13.6043
13.6043
13.6043
13.6043
13.1498
13.1498
13.1498
13.1498
13.1498
13.1498
13.1498
13.1498
12.7254
12.7254
12.7254
12.7254
12.7254
12.7254
12.7254
12.7254
12.3464
12.3464
12.3464
12.3464
12.3464
12.3464
12.3464
12.3464
12.0233
12.0233
12.0233
12.0233
12.0233
12.0233
12.0233
12.0233
11.7626
11.7626
11.7626
11.7626
11.7626
11.7626
11.7626
11.7626
11.5663
11.5663
11.5663
11.5663
11.5663
11.5663
11.5663
11.5663
